1.40764e-35
3.2558e-33
3.2558e-33
3.40789e-33
9.46421e-33
0.00496815
0.00981093
3.40789e-33
9.46421e-33
0.00981093
6.71028e-33
0.019119
1.53458e-32
0.0145277
0.0193748
0.0286883
0.0286883
0.0145277
0.019119
1.53458e-32
6.71028e-33
9.83435e-33
0.0279239
2.09006e-32
0.0235842
0.046572
0.0559055
0.0377553
0.0424806
9.83435e-33
0.0279239
0.0377553
0.0559055
0.046572
0.0235842
2.09006e-32
1.27801e-32
0.0321376
0.0362257
2.61285e-32
0.0551422
0.0634622
0.0816516
0.0689622
0.0907558
0.0735736
0.0907558
0.0689622
0.0321376
2.61285e-32
0.0362257
1.27801e-32
0.0634622
0.0551422
0.0816516
1.55475e-32
3.10296e-32
0.0401878
0.0440243
0.0715356
0.0793588
0.105926
0.0939726
0.0440243
3.10296e-32
0.0401878
1.55475e-32
0.132551
0.111952
0.12367
0.107456
0.107456
0.105926
0.12367
0.0715356
0.132551
0.0939726
0.0793588
1.81366e-32
0.0513198
3.56038e-32
0.0477348
0.0869354
0.0942618
0.12873
0.117512
0.152553
0.139402
0.154648
0.171959
3.56038e-32
0.0513198
0.0477348
1.81366e-32
0.0869354
0.12873
0.0942618
0.117512
0.156942
0.180623
0.152553
0.180623
0.154648
0.171959
0.139402
2.05474e-32
0.0581121
3.98512e-32
0.0547787
0.101342
0.108171
0.150062
0.13958
0.208977
0.190766
0.169412
0.18369
0.2036
0.225868
0.234322
0.207879
2.05474e-32
0.0581121
3.98512e-32
0.0547787
0.101342
0.108171
0.150062
0.13958
0.225868
0.208977
0.18369
0.234322
0.169412
0.2036
0.190766
2.27799e-32
0.0644012
4.37717e-32
0.0613194
0.114754
0.121087
0.169923
0.160177
0.210795
0.243608
0.226591
0.197486
0.24743
0.268284
0.284767
0.259951
0.0613194
2.27799e-32
0.0644012
4.37717e-32
0.264129
0.293017
0.293017
0.259951
0.121087
0.169923
0.114754
0.160177
0.226591
0.268284
0.284767
0.210795
0.197486
0.24743
0.243608
2.4834e-32
0.0701872
4.73654e-32
0.067357
0.179302
0.127173
0.133009
0.188313
0.235965
0.27585
0.260027
0.223623
0.288433
0.307872
0.331956
0.308768
0.32099
0.348044
0.356097
0.325066
4.73654e-32
0.067357
2.4834e-32
0.0701872
0.188313
0.133009
0.179302
0.127173
0.356097
0.348044
0.32099
0.308768
0.260027
0.223623
0.235965
0.27585
0.307872
0.331956
0.288433
2.67098e-32
0.0754699
5.06322e-32
0.0728913
0.138599
0.205231
0.196956
0.143938
0.0728913
0.0754699
5.06322e-32
2.67098e-32
0.259198
0.305703
0.291075
0.247824
0.326607
0.375891
0.35433
0.344633
0.386111
0.399401
0.415107
0.374182
0.422969
0.390092
0.386111
0.422969
0.143938
0.205231
0.196956
0.138599
0.305703
0.259198
0.291075
0.247824
0.415107
0.399401
0.344633
0.374182
0.375891
0.326607
0.35433
2.84073e-32
0.0802495
5.35721e-32
0.0779225
0.149031
0.153873
0.220679
0.213139
0.0779225
0.0802495
5.35721e-32
2.84073e-32
0.280494
0.333168
0.319734
0.270089
0.153873
0.213139
0.220679
0.149031
0.361953
0.378565
0.396637
0.416571
0.443085
0.44709
0.470046
0.423705
0.49306
0.458619
0.485383
0.454734
0.454734
0.49306
0.485383
0.443085
0.270089
0.333168
0.280494
0.319734
0.470046
0.396637
0.416571
0.378565
0.361953
0.423705
0.44709
2.99264e-32
0.0824505
0.084526
5.61852e-32
0.158469
0.162814
0.234654
0.22785
0.299855
0.358244
0.346004
0.290418
0.0824505
0.084526
5.61852e-32
2.99264e-32
0.234654
0.162814
0.22785
0.158469
0.394471
0.409669
0.453996
0.43569
0.299855
0.346004
0.290418
0.358244
0.46956
0.49111
0.520916
0.49599
0.514918
0.526292
0.543337
0.558316
0.565816
0.526292
0.530089
0.565816
0.514918
0.543337
0.558316
0.49599
0.409669
0.49111
0.43569
0.394471
0.520916
0.46956
0.453996
3.12672e-32
5.84714e-32
0.0864754
0.0882993
0.166913
0.170762
0.247159
0.24109
0.317279
0.380932
0.369886
0.30881
0.0864754
0.0882993
5.84714e-32
3.12672e-32
0.424161
0.437945
0.488166
0.471487
0.247159
0.170762
0.24109
0.166913
0.369886
0.380932
0.317279
0.30881
0.531461
0.511745
0.567715
0.544824
0.437945
0.424161
0.471487
0.488166
0.589131
0.570643
0.618738
0.596833
0.600245
0.633373
0.603951
0.6407
0.6407
0.589131
0.600245
0.633373
0.570643
0.544824
0.511745
0.596833
0.531461
0.567715
0.618738
3.24297e-32
0.0915694
6.04308e-32
0.0899971
0.174364
0.177716
0.258192
0.252859
0.332767
0.401231
0.325266
0.39138
0.451024
0.463393
0.519081
0.50403
0.0899971
0.0915694
6.04308e-32
3.24297e-32
0.177716
0.258192
0.252859
0.174364
0.610443
0.568143
0.550261
0.589588
0.401231
0.332767
0.39138
0.325266
0.50403
0.451024
0.463393
0.519081
0.674324
0.647135
0.621909
0.645869
0.550261
0.610443
0.568143
0.589588
0.676061
0.665203
0.710036
0.695732
0.717198
0.679686
0.676061
0.717198
0.647135
0.674324
0.645869
0.665203
0.710036
0.695732
0.621909
3.34139e-32
0.0943364
6.20634e-32
0.0930157
0.180822
0.183677
0.267754
0.263157
0.346319
0.339786
0.419142
0.410485
0.475058
0.486013
0.546742
0.533318
3.34139e-32
6.20634e-32
0.0930157
0.0943364
0.630281
0.585109
0.601156
0.649102
0.180822
0.183677
0.267754
0.263157
0.419142
0.346319
0.410485
0.339786
0.690447
0.725076
0.700304
0.668716
0.533318
0.546742
0.475058
0.486013
0.585109
0.601156
0.630281
0.649102
0.752893
0.773824
0.724964
0.742623
0.725076
0.690447
0.668716
0.700304
0.75678
0.75324
0.794811
0.787809
0.752893
0.794811
0.773824
0.787809
0.742623
0.75324
0.724964
3.42198e-32
0.0966003
6.33692e-32
0.0955312
0.186286
0.188644
0.275845
0.271983
0.352369
0.357934
0.434664
0.427201
0.496264
0.505806
0.571148
0.559352
0.0955312
0.0966003
6.33692e-32
3.42198e-32
0.666905
0.616287
0.6305
0.68369
0.186286
0.271983
0.275845
0.188644
0.770993
0.748638
0.730566
0.711065
0.357934
0.434664
0.427201
0.352369
0.559352
0.571148
0.505806
0.496264
0.804857
0.832062
0.803636
0.779526
0.68369
0.616287
0.6305
0.666905
0.770993
0.730566
0.711065
0.748638
0.831288
0.820908
0.852533
0.866212
0.803636
0.779526
0.832062
0.804857
0.873062
0.834753
0.831288
0.820908
0.866212
0.852533
0.873062
3.48474e-32
0.0983611
6.43482e-32
0.0975435
0.190756
0.192618
0.282465
0.279338
0.0975435
0.0983611
6.43482e-32
3.48474e-32
0.363017
0.367614
0.447799
0.44153
0.514642
0.52277
0.5923
0.58213
0.714209
0.699458
0.643798
0.656176
0.279338
0.190756
0.282465
0.192618
0.766226
0.792138
0.812075
0.748954
0.363017
0.447799
0.44153
0.367614
0.859101
0.851622
0.884753
0.82889
0.5923
0.52277
0.58213
0.514642
0.714209
0.656176
0.643798
0.699458
0.899584
0.911372
0.931403
0.882689
0.812075
0.766226
0.748954
0.792138
0.884753
0.859101
0.82889
0.851622
0.909741
0.913129
0.951491
0.944788
0.899584
0.882689
0.911372
0.931403
0.951491
0.909741
0.944788
3.52966e-32
0.0996188
6.50003e-32
0.0990528
0.194233
0.195598
0.287613
0.285223
0.371729
0.375358
0.458545
0.45347
0.0990528
0.0996188
6.50003e-32
3.52966e-32
0.285223
0.287613
0.194233
0.195598
0.530193
0.536907
0.610197
0.601655
0.678184
0.740658
0.727942
0.667639
0.797428
0.830803
0.848323
0.782386
0.371729
0.45347
0.458545
0.375358
0.89319
0.931895
0.909017
0.873057
0.530193
0.601655
0.536907
0.610197
0.964324
0.990382
0.938585
0.961669
0.727942
0.740658
0.678184
0.667639
0.797428
0.830803
0.782386
0.848323
0.988147
1.00999
1.0231
0.978207
0.909017
0.89319
0.931895
0.873057
0.938585
0.990382
0.961669
0.964324
0.991465
0.978207
1.02966
1.02966
0.988147
1.00999
1.0231
3.55676e-32
0.100373
6.53257e-32
0.100059
0.196717
0.197585
0.291291
0.289636
0.378504
0.381165
0.466903
0.463022
0.542916
0.617925
0.548217
0.62484
0.100059
0.100373
6.53257e-32
3.55676e-32
0.197585
0.289636
0.291291
0.196717
0.463022
0.466903
0.381165
0.378504
0.696523
0.763037
0.752356
0.687813
0.864635
0.879738
0.811359
0.824172
0.97349
0.953386
0.929561
0.912026
0.617925
0.542916
0.62484
0.548217
0.988595
1.01139
1.04315
1.01754
0.687813
0.696523
0.752356
0.763037
1.04015
1.08788
1.05634
1.06867
0.879738
0.824172
0.864635
0.811359
0.97349
0.929561
0.953386
0.912026
1.10714
1.06608
1.10072
1.06932
0.988595
1.01139
1.01754
1.04315
1.05634
1.04015
1.10714
1.10072
1.06867
1.06608
1.08788
3.56603e-32
0.100625
6.53242e-32
0.100562
0.198207
0.198579
0.293497
0.292578
0.383344
0.385037
0.472873
0.470186
0.100562
0.100625
6.53242e-32
3.56603e-32
0.552812
0.636228
0.630941
0.556699
0.711194
0.781347
0.772701
0.704318
0.292578
0.293497
0.198579
0.198207
0.470186
0.472873
0.385037
0.383344
0.552812
0.556699
0.630941
0.636228
0.893632
0.835874
0.906318
0.846459
1.00954
0.992207
0.960735
0.945799
1.03272
1.05257
1.08971
1.06721
0.772701
0.704318
0.711194
0.781347
1.12083
1.11771
1.14584
1.09557
0.835874
0.893632
0.906318
0.846459
1.14312
1.16467
1.17725
1.13358
0.992207
1.00954
0.960735
0.945799
1.08971
1.05257
1.06721
1.03272
1.18355
1.1463
1.14312
1.18355
1.12083
1.09557
1.17725
1.14584
1.11771
1.13358
1.16467
3.55746e-32
0.100373
6.4996e-32
0.100562
0.198704
0.198579
0.294233
0.294049
0.386248
0.386973
0.476455
0.474962
0.559881
0.562354
0.644363
0.640702
0.100562
0.100373
6.4996e-32
3.55746e-32
0.198579
0.294049
0.294233
0.198704
0.722197
0.795588
0.788976
0.717155
0.864287
0.928066
0.917796
0.855931
0.386973
0.386248
0.474962
0.476455
0.640702
0.559881
0.644363
0.562354
0.722197
0.717155
0.795588
0.788976
1.02548
1.04004
0.986713
0.974375
1.07096
1.08787
1.13006
1.11066
1.16647
1.14446
1.19698
1.17226
0.855931
0.917796
0.864287
0.928066
1.23997
1.2215
1.20953
1.19397
0.974375
0.986713
1.04004
1.02548
1.21888
1.2523
1.25848
1.222
1.13006
1.11066
1.07096
1.08787
1.14446
1.16647
1.17226
1.19698
1.21888
1.20953
1.25848
1.2523
1.19397
1.2215
1.23997
3.53107e-32
0.0996188
6.43409e-32
0.100059
0.198207
0.197585
0.293497
0.294049
0.47735
0.387216
0.386973
0.477649
0.100059
0.0996188
6.43409e-32
3.53107e-32
0.564122
0.565181
0.649244
0.64721
0.729533
0.80576
0.801182
0.726324
0.197585
0.294049
0.293497
0.198207
0.47735
0.477649
0.387216
0.386973
0.877659
0.94498
0.937127
0.871531
1.00749
1.05321
0.997754
1.06499
0.64721
0.649244
0.565181
0.564122
0.801182
0.726324
0.729533
0.80576
0.94498
0.877659
0.871531
0.937127
1.10331
1.1479
1.1642
1.11729
1.18684
1.20558
1.2413
1.21999
1.26856
1.2953
1.24726
1.27124
0.997754
1.05321
1.06499
1.00749
1.28382
1.29299
1.31342
1.32553
1.10331
1.1642
1.1479
1.11729
1.33159
1.33159
1.29605
1.29299
1.20558
1.2413
1.18684
1.21999
1.32553
1.31342
1.27124
1.24726
1.2953
1.28382
1.26856
3.48685e-32
0.0983611
6.33591e-32
0.0990528
0.196717
0.195598
0.291291
0.292578
0.476455
0.47735
0.386248
0.385037
0.565535
0.565181
0.650871
0.650464
0.0990528
0.0983611
6.33591e-32
3.48685e-32
0.195598
0.292578
0.291291
0.196717
0.7332
0.811863
0.80932
0.731826
0.886573
0.957061
0.951624
0.882674
0.47735
0.476455
0.385037
0.386248
0.650464
0.565535
0.650871
0.565181
1.02308
1.0844
1.01594
1.07539
1.12979
1.17894
1.19213
1.14082
0.7332
0.731826
0.811863
0.80932
0.882674
0.951624
0.957061
0.886573
1.01594
1.07539
1.0844
1.02308
1.22269
1.2609
1.23817
1.2788
1.29344
1.34326
1.31386
1.3202
1.36689
1.34111
1.38468
1.35609
1.12979
1.17894
1.14082
1.19213
1.40252
1.3651
1.3681
1.39657
1.22269
1.23817
1.2788
1.2609
1.3651
1.40252
1.39657
1.35609
1.3202
1.31386
1.29344
1.34326
1.36689
1.34111
1.38468
3.4248e-32
0.0966003
6.20504e-32
0.0975435
0.194233
0.192618
0.287613
0.289636
0.381165
0.472873
0.474962
0.383344
0.0975435
0.0966003
6.20504e-32
3.4248e-32
0.564122
0.562354
0.649244
0.650464
0.7332
0.813898
0.73366
0.813389
0.192618
0.289636
0.287613
0.194233
0.474962
0.472873
0.383344
0.381165
0.89103
0.96431
0.96129
0.889359
1.09203
1.03347
1.09827
1.02893
0.562354
0.564122
0.649244
0.650464
0.73366
0.813389
0.813898
0.7332
1.15038
1.15846
1.20377
1.21385
1.25203
1.26425
1.30947
1.29499
0.89103
0.96431
0.889359
0.96129
1.09827
1.03347
1.02893
1.09203
1.21385
1.15038
1.20377
1.15846
1.33251
1.36447
1.34938
1.38383
1.43594
1.41272
1.41129
1.39076
1.43486
1.45342
1.46511
1.42601
1.25203
1.30947
1.26425
1.29499
1.43486
1.47096
1.43781
1.47096
1.38383
1.36447
1.33251
1.34938
1.42601
1.43594
1.41272
1.45342
1.46511
1.39076
1.41129
3.34492e-32
0.0943364
6.0415e-32
0.0955312
0.190756
0.285223
0.188644
0.282465
0.375358
0.466903
0.470186
0.378504
0.0955312
0.0943364
6.0415e-32
3.34492e-32
0.559881
0.556699
0.644363
0.64721
0.188644
0.285223
0.282465
0.190756
0.729533
0.731826
0.811863
0.813389
0.89103
0.966726
0.966122
0.891588
0.378504
0.470186
0.466903
0.375358
0.556699
0.64721
0.559881
0.644363
1.10312
1.03867
1.10658
1.03672
1.17023
1.16508
1.22937
1.22239
0.731826
0.811863
0.813389
0.729533
0.966122
0.966726
0.89103
0.891588
1.27484
1.33334
1.32226
1.2838
1.41703
1.36448
1.37779
1.40135
1.10658
1.03867
1.03672
1.10312
1.16508
1.22239
1.22937
1.17023
1.27484
1.2838
1.32226
1.33334
1.45861
1.43277
1.4509
1.47931
1.50215
1.51934
1.49327
1.4788
1.53659
1.50487
1.53084
1.50197
1.40135
1.37779
1.36448
1.41703
1.53659
1.50197
1.53084
1.49327
1.51934
1.45861
1.50215
1.43277
1.4788
1.4509
1.47931
3.2472e-32
0.0915694
5.84527e-32
0.0930157
0.0930157
0.0915694
5.84527e-32
3.2472e-32
0.186286
0.275845
0.279338
0.183677
0.367614
0.458545
0.463022
0.371729
0.552812
0.548217
0.636229
0.640702
0.279338
0.275845
0.186286
0.183677
0.726324
0.722197
0.80576
0.80932
0.463022
0.458545
0.367614
0.371729
0.886573
0.96431
0.966122
0.889359
1.03867
1.10936
1.10866
1.03932
0.548217
0.640702
0.552812
0.636229
0.722197
0.80576
0.726324
0.80932
1.1739
1.17611
1.23868
1.2348
1.29114
1.29684
1.34271
1.35038
0.96431
0.886573
0.889359
0.966122
1.03867
1.03932
1.10866
1.10936
1.38934
1.3991
1.44285
1.43086
1.46714
1.51479
1.48145
1.49804
1.1739
1.2348
1.17611
1.23868
1.29114
1.35038
1.29684
1.34271
1.38934
1.44285
1.43086
1.3991
1.56523
1.54333
1.52346
1.54275
1.59347
1.58215
1.55756
1.56612
1.56612
1.56898
1.59914
1.59914
1.46714
1.49804
1.51479
1.48145
1.59347
1.54333
1.55756
1.58215
1.54275
1.56523
1.52346
3.13166e-32
0.0882993
5.61635e-32
0.0899971
0.180822
0.177716
0.267754
0.271983
0.0899971
0.0882993
5.61635e-32
3.13166e-32
0.271983
0.267754
0.180822
0.177716
0.357934
0.447799
0.45347
0.363017
0.542917
0.536907
0.62484
0.630941
0.717155
0.711194
0.795588
0.801183
0.363017
0.357934
0.45347
0.447799
0.877659
0.957061
0.96129
0.882674
0.630941
0.62484
0.542917
0.536907
1.03347
1.10658
1.10866
1.03672
1.17685
1.24178
1.24101
1.17611
0.717155
0.795588
0.711194
0.801183
0.957061
0.96129
0.877659
0.882674
1.30336
1.3606
1.30092
1.35634
1.4071
1.41331
1.46129
1.45299
1.10658
1.03672
1.10866
1.03347
1.17611
1.24101
1.17685
1.24178
1.49387
1.50436
1.54239
1.52958
1.58504
1.60277
1.56
1.57523
1.35634
1.30092
1.30336
1.3606
1.41331
1.4071
1.46129
1.45299
1.49387
1.54239
1.52958
1.50436
1.64159
1.62491
1.6046
1.61862
1.62987
1.62706
1.65274
1.65832
1.62706
1.65832
1.61862
1.65274
1.56
1.6046
1.60277
1.57523
1.62491
1.64159
1.58504
2.99828e-32
0.0864754
0.084526
5.35476e-32
0.174364
0.170762
0.258192
0.263157
0.346319
0.434664
0.44153
0.35237
0.0864754
0.084526
5.35476e-32
2.99828e-32
0.170762
0.263157
0.258192
0.174364
0.44153
0.434664
0.346319
0.35237
0.530193
0.52277
0.610197
0.617925
0.704318
0.696523
0.781347
0.788976
0.871531
0.864287
0.94498
0.951624
0.52277
0.617925
0.530193
0.610197
1.02308
1.09827
1.10312
1.02893
0.704318
0.781347
0.788976
0.696523
1.24101
1.1739
1.17023
1.23868
1.36401
1.30417
1.30336
1.36316
0.864287
0.871531
0.951624
0.94498
1.02893
1.10312
1.09827
1.02308
1.41775
1.47235
1.46774
1.42041
1.51296
1.5621
1.51964
1.55323
1.24101
1.1739
1.17023
1.23868
1.36401
1.30336
1.36316
1.30417
1.63197
1.61841
1.59959
1.58842
1.65912
1.64309
1.66237
1.68096
1.41775
1.47235
1.46774
1.42041
1.51296
1.5621
1.51964
1.55323
1.61841
1.58842
1.63197
1.59959
1.67619
1.7084
1.6845
1.6974
1.71391
1.71391
1.68727
1.6845
1.67619
1.68096
1.6974
1.7084
1.65912
1.66237
1.64309
2.84708e-32
5.06047e-32
0.0824506
0.0802495
0.166913
0.162814
0.247159
0.252859
0.332767
0.419142
0.427202
0.339786
0.0824506
0.0802495
5.06047e-32
2.84708e-32
0.514642
0.505806
0.5923
0.601655
0.162814
0.252859
0.247159
0.166913
0.339786
0.332767
0.427202
0.419142
0.505806
0.601655
0.5923
0.514642
0.687813
0.678184
0.763037
0.772701
0.846459
0.928066
0.937127
0.855931
1.00749
1.0844
1.09203
1.01594
0.687813
0.772701
0.763037
0.678184
1.16508
1.22937
1.2348
1.15846
0.928066
0.937127
0.846459
0.855931
1.29684
1.3606
1.30092
1.36316
1.47604
1.4213
1.42041
1.47512
1.0844
1.00749
1.01594
1.09203
1.2348
1.16508
1.22937
1.15846
1.569
1.52441
1.52727
1.57393
1.61583
1.64344
1.60872
1.65282
1.29684
1.3606
1.30092
1.36316
1.47604
1.42041
1.4213
1.47512
1.71158
1.69736
1.68477
1.67302
1.73313
1.71639
1.73002
1.74937
1.52441
1.57393
1.569
1.52727
1.65282
1.64344
1.60872
1.61583
1.67302
1.69736
1.68477
1.71158
1.74096
1.73822
1.76022
1.76566
1.76566
1.73822
1.73002
1.74937
1.76022
1.73313
1.71639
2.67803e-32
0.0754699
4.73351e-32
0.0779225
0.0779225
0.0754699
4.73351e-32
2.67803e-32
0.158469
0.153873
0.234654
0.24109
0.317279
0.401231
0.410485
0.325266
0.496264
0.486013
0.571148
0.58213
0.24109
0.234654
0.158469
0.153873
0.667639
0.656176
0.740658
0.752356
0.410485
0.317279
0.401231
0.325266
0.571148
0.486013
0.58213
0.496264
0.667639
0.752356
0.740658
0.656176
0.835874
0.824172
0.906318
0.917796
0.986713
1.06499
1.07539
0.997754
1.15038
1.22239
1.14082
1.21385
0.906318
0.917796
0.824172
0.835874
1.2838
1.35634
1.29114
1.35038
0.986713
0.997754
1.07539
1.06499
1.47235
1.47512
1.41775
1.41331
1.57688
1.52823
1.57787
1.52727
1.22239
1.15038
1.14082
1.21385
1.35634
1.29114
1.2838
1.35038
1.62395
1.66533
1.66012
1.6209
1.70188
1.72361
1.73345
1.6944
1.41331
1.41775
1.47512
1.47235
1.57787
1.52727
1.52823
1.57688
1.78123
1.75993
1.76644
1.74765
1.7799
1.788
1.80799
1.79727
1.6209
1.62395
1.66012
1.66533
1.6944
1.70188
1.73345
1.72361
1.75993
1.78123
1.74765
1.76644
1.79071
1.81337
1.81337
1.788
1.79727
1.80799
1.7799
2.49116e-32
0.0701872
4.37385e-32
0.0728913
2.49116e-32
0.0728913
0.0701872
4.37385e-32
0.149031
0.143938
0.220679
0.22785
0.22785
0.220679
0.149031
0.143938
0.30881
0.299855
0.380932
0.39138
0.475058
0.463393
0.546742
0.559352
0.643798
0.6305
0.714209
0.727942
0.39138
0.380932
0.299855
0.30881
0.811359
0.797428
0.879738
0.893632
0.463393
0.559352
0.546742
0.475058
0.643798
0.727942
0.714209
0.6305
0.797428
0.811359
0.893632
0.879738
0.960735
1.04004
1.05321
0.974375
1.12979
1.19213
1.11729
1.20377
1.34271
1.27484
1.26425
1.33334
0.960735
1.04004
1.05321
0.974375
1.46774
1.3991
1.4071
1.46129
1.11729
1.20377
1.19213
1.12979
1.57393
1.57688
1.51964
1.52441
1.62395
1.66846
1.6695
1.62496
1.34271
1.33334
1.26425
1.27484
1.4071
1.46774
1.3991
1.46129
1.74657
1.70722
1.71043
1.7411
1.77779
1.80399
1.79374
1.76998
1.57393
1.52441
1.51964
1.57688
1.62496
1.66846
1.62395
1.6695
1.81232
1.82563
1.84092
1.82505
1.83364
1.83631
1.85153
1.85685
1.71043
1.70722
1.7411
1.74657
1.80399
1.76998
1.79374
1.77779
1.85685
1.81232
1.85153
1.83364
1.82563
1.84092
1.82505
0.067357
0.0644012
3.98151e-32
2.28645e-32
2.28645e-32
0.0644012
3.98151e-32
0.067357
0.138599
0.133009
0.205231
0.213139
0.138599
0.133009
0.213139
0.205231
0.280494
0.358244
0.369886
0.290418
0.369886
0.358244
0.280494
0.290418
0.451024
0.437945
0.519081
0.533318
0.616288
0.601156
0.68369
0.699458
0.782386
0.766226
0.848324
0.864635
0.519081
0.437945
0.533318
0.451024
0.945799
0.929561
1.00954
1.02548
0.601156
0.616288
0.699458
0.68369
0.848324
0.782386
0.864635
0.766226
0.945799
1.02548
1.00954
0.929561
1.17894
1.10331
1.08787
1.1642
1.32226
1.25203
1.30948
1.23817
1.45299
1.37779
1.44285
1.38934
1.17894
1.1642
1.10331
1.08787
1.569
1.50436
1.5621
1.51296
1.32226
1.23817
1.25203
1.30948
1.61583
1.66533
1.6209
1.66846
1.74985
1.75094
1.7115
1.71043
1.45299
1.44285
1.37779
1.38934
1.50436
1.51296
1.569
1.5621
1.78672
1.81764
1.81195
1.78337
1.84358
1.85386
1.86444
1.83547
1.6209
1.66533
1.66846
1.61583
1.71043
1.7115
1.74985
1.75094
1.86704
1.88015
1.89066
1.87496
1.87496
1.87761
1.89592
1.89592
1.81195
1.78337
1.81764
1.78672
1.84358
1.86444
1.85386
1.89066
1.88015
1.83547
1.86704
0.0613194
0.0581121
3.55649e-32
2.06391e-32
0.196956
0.188313
0.127173
0.121087
2.06391e-32
0.0581121
3.55649e-32
0.0613194
0.127173
0.121087
0.188313
0.196956
0.259198
0.333168
0.346004
0.270089
0.333168
0.259198
0.270089
0.346004
0.424161
0.409669
0.488166
0.50403
0.409669
0.50403
0.488166
0.424161
0.585109
0.568143
0.649102
0.666905
0.748954
0.730566
0.812075
0.830803
0.89319
0.97349
0.992207
0.912026
0.568143
0.585109
0.666905
0.649102
1.07096
1.05257
1.13006
1.1479
0.730566
0.812075
0.748954
0.830803
0.97349
0.912026
0.992207
0.89319
1.05257
1.1479
1.07096
1.13006
1.20558
1.22269
1.2788
1.29499
1.43086
1.34938
1.41703
1.36448
1.54239
1.48145
1.55323
1.49387
1.29499
1.2788
1.20558
1.22269
1.59959
1.66012
1.65282
1.60872
1.34938
1.36448
1.43086
1.41703
1.74657
1.70188
1.74985
1.70722
1.78784
1.82219
1.82105
1.78672
1.55323
1.54239
1.49387
1.48145
1.66012
1.60872
1.59959
1.65282
1.87267
1.84936
1.85284
1.87855
1.89923
1.89089
1.91481
1.90394
1.74657
1.70722
1.70188
1.74985
1.78784
1.82219
1.82105
1.78672
1.91442
1.92523
1.9118
1.93045
1.9118
1.92523
1.90394
1.93045
1.87267
1.85284
1.87855
1.84936
1.91481
1.89923
1.89089
0.0547787
0.0513198
3.09877e-32
1.82354e-32
0.179302
0.169923
0.114754
0.108171
1.82354e-32
0.0513198
3.09877e-32
0.0547787
0.319734
0.305703
0.235965
0.247824
0.114754
0.108171
0.169923
0.179302
0.235965
0.305703
0.319734
0.247824
0.394471
0.378565
0.453996
0.471487
0.471487
0.453996
0.394471
0.378565
0.550261
0.531461
0.610443
0.630281
0.550261
0.630281
0.610443
0.531461
0.711065
0.690447
0.770993
0.792138
0.873057
0.851622
0.931896
0.953386
1.03272
1.01139
1.08971
1.11066
0.770993
0.711065
0.792138
0.690447
1.2609
1.18684
1.2413
1.16647
0.851622
0.931896
0.953386
0.873057
1.01139
1.11066
1.08971
1.03272
1.2609
1.16647
1.18684
1.2413
1.38383
1.31386
1.40135
1.33251
1.51479
1.52958
1.45091
1.46714
1.64344
1.57523
1.63197
1.58842
1.31386
1.40135
1.38383
1.33251
1.68477
1.73345
1.7411
1.6944
1.45091
1.51479
1.52958
1.46714
1.77779
1.81764
1.78337
1.82105
1.85399
1.85284
1.88208
1.88325
1.58842
1.57523
1.64344
1.63197
1.7411
1.6944
1.73345
1.68477
1.92326
1.9293
1.90877
1.90519
1.94401
1.93622
1.94476
1.9551
1.78337
1.81764
1.77779
1.82105
1.88325
1.85399
1.85284
1.88208
1.94661
1.94401
1.96028
1.96028
1.92326
1.90877
1.93622
1.9551
1.90519
1.9293
1.94476
0.0477348
0.0440243
2.60838e-32
1.56534e-32
0.160177
0.150062
0.101342
0.0942618
1.56534e-32
0.0440243
2.60838e-32
0.0477348
0.291075
0.27585
0.210795
0.223623
0.101342
0.0942618
0.150062
0.160177
0.43569
0.416571
0.361953
0.344633
0.210795
0.27585
0.291075
0.223623
0.361953
0.344633
0.416571
0.43569
0.511745
0.49111
0.567715
0.589588
0.511745
0.589588
0.567715
0.49111
0.668716
0.645869
0.725076
0.748638
0.645869
0.668716
0.748638
0.725076
0.804857
0.884753
0.909018
0.82889
0.988595
0.964325
1.04315
1.06721
1.14446
1.21999
1.12083
1.19698
0.804857
0.909018
0.884753
0.82889
1.27124
1.36447
1.34326
1.29344
0.964325
1.04315
1.06721
0.988595
1.19698
1.12083
1.21999
1.14446
1.34326
1.27124
1.29344
1.36447
1.49804
1.41272
1.47931
1.43277
1.54275
1.61841
1.60277
1.56001
1.65912
1.71158
1.72361
1.67302
1.47931
1.49804
1.41272
1.43277
1.80399
1.75993
1.76998
1.81195
1.61841
1.56001
1.54275
1.60277
1.84358
1.87855
1.84936
1.88208
1.93413
1.90996
1.90877
1.93292
1.72361
1.65912
1.67302
1.71158
1.80399
1.76998
1.81195
1.75993
1.95087
1.96373
1.9699
1.95453
1.98017
1.97147
1.97405
1.98532
1.88208
1.84358
1.87855
1.84936
1.90996
1.93292
1.90877
1.93413
1.95453
1.96373
1.9699
1.97147
1.98532
1.98017
1.95087
0.0401878
0.0362257
2.08529e-32
1.2893e-32
0.13958
0.12873
0.0869354
0.0793588
1.2893e-32
0.0362257
2.08529e-32
0.0401878
0.260027
0.243608
0.18369
0.197486
0.0869354
0.0793588
0.12873
0.13958
0.396637
0.375891
0.326607
0.307872
0.18369
0.243608
0.260027
0.197486
0.46956
0.544824
0.520916
0.44709
0.326607
0.307872
0.375891
0.396637
0.46956
0.44709
0.520916
0.544824
0.621909
0.596833
0.674324
0.700304
0.621909
0.700304
0.596833
0.674324
0.779526
0.752894
0.832062
0.859101
0.832062
0.752894
0.779526
0.859101
0.938585
0.911372
0.990382
1.01754
1.17226
1.09557
1.06867
1.14584
1.2953
1.3202
1.22151
1.24726
0.911372
1.01754
0.990382
0.938585
1.36689
1.43594
1.45861
1.39076
1.14584
1.06867
1.17226
1.09557
1.2953
1.22151
1.3202
1.24726
1.36689
1.43594
1.39076
1.45861
1.58504
1.56523
1.50215
1.52346
1.62491
1.68096
1.69736
1.64309
1.78123
1.74765
1.79374
1.73313
1.58504
1.56523
1.50215
1.52346
1.83547
1.82505
1.87267
1.86444
1.68096
1.64309
1.62491
1.69736
1.9293
1.89923
1.90519
1.93292
1.97483
1.9736
1.95575
1.95453
1.73313
1.78123
1.74765
1.79374
1.86444
1.87267
1.83547
1.82505
1.99408
2.00034
1.98639
1.99012
1.99665
2.00546
2.00546
1.99408
1.90519
1.9293
1.93292
1.89923
1.9736
2.00034
1.95575
1.97483
1.99012
1.98639
1.95453
0.0321376
0.0279239
1.52953e-32
9.95429e-33
9.95429e-33
0.0279239
1.52953e-32
0.0321376
0.117512
0.105926
0.0715356
0.0634622
0.226591
0.208977
0.154648
0.169412
0.0715356
0.0634622
0.105926
0.117512
0.268284
0.35433
0.331956
0.288433
0.154648
0.208977
0.226591
0.169412
0.423705
0.49599
0.470047
0.399401
0.288433
0.268284
0.331956
0.35433
0.570643
0.647135
0.618738
0.543337
0.423705
0.399401
0.470047
0.49599
0.570643
0.543337
0.618738
0.647135
0.724964
0.695732
0.773824
0.803636
0.724964
0.803636
0.773824
0.695732
0.882689
0.852533
0.931403
0.961669
0.961669
0.852533
0.931403
0.882689
1.11771
1.04015
1.08788
1.00999
1.16467
1.19397
1.26856
1.23997
1.31342
1.41129
1.38468
1.34111
1.08788
1.00999
1.11771
1.04015
1.45342
1.54333
1.51934
1.4788
1.16467
1.23997
1.19397
1.26856
1.38468
1.31342
1.41129
1.34111
1.54333
1.45342
1.51934
1.4788
1.66237
1.58215
1.64159
1.6046
1.74937
1.6974
1.76644
1.71639
1.81232
1.79727
1.84092
1.85386
1.58215
1.64159
1.66237
1.6046
1.88015
1.92326
1.89089
1.91481
1.6974
1.76644
1.71639
1.74937
1.94476
1.9699
1.95087
1.9736
2.00535
1.99012
1.99136
2.0041
1.81232
1.85386
1.84092
1.79727
1.89089
1.91481
1.88015
1.92326
2.02064
2.01431
2.01176
2.01553
2.01553
2.0041
2.01176
2.02064
1.9699
1.95087
1.94476
1.9736
1.99136
2.00535
1.99012
6.83728e-33
0.019119
9.4108e-33
0.0235842
0.0235842
0.019119
9.4108e-33
6.83728e-33
0.0939727
0.0816516
0.0551422
0.046572
0.0551422
0.046572
0.0816516
0.0939727
0.190766
0.171959
0.12367
0.139402
0.308768
0.284767
0.24743
0.225868
0.12367
0.171959
0.139402
0.190766
0.374182
0.443085
0.415107
0.348044
0.24743
0.225868
0.284767
0.308768
0.514918
0.589131
0.485383
0.558316
0.374182
0.348044
0.415107
0.443085
0.665203
0.742623
0.710036
0.633373
0.514918
0.485383
0.558316
0.589131
0.665203
0.633373
0.710036
0.742623
0.820908
0.787809
0.866213
0.899584
0.820908
0.899584
0.787809
0.866213
0.944789
1.0231
0.978207
1.05634
0.944789
1.05634
1.0231
0.978207
1.17725
1.20953
1.10072
1.13358
1.2523
1.35609
1.28382
1.32553
1.39657
1.46511
1.49327
1.42601
1.17725
1.10072
1.20953
1.13358
1.53084
1.61862
1.59347
1.55756
1.32553
1.2523
1.28382
1.35609
1.49327
1.39657
1.46511
1.42601
1.59347
1.53084
1.61862
1.55756
1.7084
1.73002
1.65274
1.67619
1.80799
1.76022
1.82563
1.7799
1.86704
1.89066
1.90394
1.85153
1.65274
1.73002
1.67619
1.7084
1.93622
1.9551
1.92523
1.96373
1.7799
1.80799
1.82563
1.76022
1.98639
2.0041
1.98017
2.00034
2.02569
2.01553
2.02443
2.01679
1.85153
1.86704
1.90394
1.89066
1.93622
1.96373
1.9551
1.92523
2.02443
2.02698
2.03078
2.03078
2.00034
2.02569
2.01679
2.0041
1.98639
1.98017
2.01553
0.0145277
0.00981093
3.19949e-33
3.54195e-33
3.54195e-33
0.00981093
3.19949e-33
0.0145277
0.0377553
0.0286883
0.0559055
0.0689622
0.0689622
0.0559055
0.0377553
0.0286883
0.152553
0.132551
0.0907558
0.107456
0.0907558
0.107456
0.132551
0.152553
0.259951
0.234322
0.2036
0.180623
0.32099
0.386111
0.356097
0.293017
0.2036
0.180623
0.234322
0.259951
0.454734
0.526292
0.49306
0.422969
0.32099
0.293017
0.356097
0.386111
0.600245
0.676062
0.6407
0.565816
0.454734
0.422969
0.49306
0.526292
0.75324
0.831288
0.794811
0.717198
0.600245
0.565816
0.6407
0.676062
0.831288
0.75324
0.717198
0.794811
0.873062
0.951491
0.988147
0.909742
0.909742
0.988147
0.873062
0.951491
1.14312
1.02966
1.06608
1.10714
1.14312
1.02966
1.10714
1.06608
1.18355
1.25848
1.29299
1.21888
1.33159
1.40252
1.43486
1.3651
1.53659
1.56612
1.47096
1.50197
1.25848
1.18355
1.29299
1.21888
1.59914
1.6845
1.65832
1.62706
1.43486
1.40252
1.33159
1.3651
1.47096
1.56612
1.50197
1.53659
1.59914
1.6845
1.65832
1.62706
1.73822
1.71391
1.76566
1.788
1.83364
1.81337
1.87496
1.85685
1.94401
1.89592
1.9118
1.93045
1.76566
1.788
1.71391
1.73822
1.99408
1.98532
1.97147
1.96028
1.81337
1.85685
1.83364
1.87496
2.00546
2.01176
2.02443
2.02064
2.0346
2.03205
2.03078
2.03587
1.93045
1.89592
1.9118
1.94401
1.96028
1.97147
1.99408
1.98532
2.03078
2.02443
2.03205
2.03587
2.00546
2.02064
2.01176
8.30429e-35
0.00496814
0.00496814
8.30429e-35
0.0424806
0.0193748
0.0193748
0.0424806
0.111952
0.0735736
0.0735736
0.111952
0.156942
0.207879
0.156942
0.207879
0.264129
0.325066
0.390092
0.458619
0.264129
0.325066
0.530089
0.603951
0.458619
0.390092
0.679686
0.75678
0.603951
0.530089
0.834753
0.913129
0.679686
0.75678
0.834753
0.913129
0.991465
1.06932
0.991465
1.06932
1.1463
1.222
1.222
1.1463
1.29605
1.3681
1.43781
1.50487
1.62987
1.56898
1.3681
1.29605
1.74096
1.68727
1.50487
1.43781
1.56898
1.62987
1.74096
1.68727
1.79071
1.83631
1.91442
1.87761
1.97405
1.94661
1.79071
1.83631
2.01431
1.99665
1.91442
1.87761
2.0346
2.02698
2.03714
2.0346
1.94661
1.97405
1.99665
2.02698
2.01431
0.873062
1.18355
1.10714
0.00981093
0.951491
1.02966
0.951491
1.02966
0.873062
0.132551
0.180623
0.794811
1.10714
0.293017
0.717198
0.6407
1.18355
0.565816
0.49306
1.25848
0.422969
0.356097
1.33159
0.234322
1.40252
1.47096
0.0907558
0.0559055
1.53659
0.0286883
1.59914
1.65832
0.00981093
1.25848
1.33159
1.71391
1.76566
1.47096
1.81337
0.0286883
1.85685
1.89592
0.0559055
1.93045
1.96028
0.0907558
1.98532
2.00546
0.132551
1.89592
2.02064
1.93045
2.03078
0.180623
2.03587
2.03587
0.234322
2.03078
2.02064
0.293017
2.00546
1.98532
0.356097
1.96028
0.422969
1.85685
0.49306
1.81337
1.76566
0.565816
1.71391
1.65832
0.6407
1.59914
1.53659
0.717198
1.40252
0.794811
3.19949e-33
3.19949e-33
3.54195e-33
0.0145277
0.0145277
3.54195e-33
0.0689622
0.0377553
0.0377553
0.0689622
0.107456
0.152553
0.107456
0.152553
0.259951
0.2036
0.2036
0.259951
0.386111
0.32099
0.526292
0.454734
0.32099
0.386111
0.600245
0.676062
0.526292
0.454734
0.831288
0.75324
0.600245
0.676062
0.909742
0.988147
0.75324
0.831288
0.909742
0.988147
1.14312
1.06608
1.14312
1.06608
1.21888
1.29299
1.29299
1.21888
1.43486
1.3651
1.56612
1.50197
1.62706
1.6845
1.3651
1.43486
1.788
1.73822
1.56612
1.50197
1.6845
1.62706
1.73822
1.788
1.83364
1.87496
1.94401
1.9118
1.97147
1.99408
1.87496
1.83364
2.02443
2.01176
1.94401
1.9118
2.0346
2.03205
2.03205
2.02443
1.99408
1.97147
2.01176
1.10072
1.0231
1.0231
0.944789
1.10072
0.866213
0.0816516
0.787809
0.710036
1.17725
0.633373
1.2523
0.558316
0.485383
0.415107
1.32553
0.348044
1.39657
0.284767
0.225868
0.171959
1.46511
0.12367
1.53084
0.046572
0.019119
1.59347
1.65274
0.019119
1.7084
1.17725
1.76022
1.80799
1.32553
0.046572
1.85153
1.89066
1.53084
1.92523
0.0816516
1.9551
0.12367
1.98017
2.00034
2.01553
1.80799
0.171959
2.02569
0.225868
1.92523
2.03078
2.03078
2.02569
0.284767
2.01553
0.348044
2.00034
1.98017
1.9551
0.415107
0.485383
1.89066
1.85153
0.558316
1.76022
0.633373
1.7084
1.65274
1.59347
0.710036
0.787809
1.46511
1.39657
0.866213
1.2523
0.944789
9.4108e-33
9.4108e-33
6.83728e-33
0.0235842
0.0235842
6.83728e-33
0.0939727
0.0551422
0.0551422
0.0939727
0.139402
0.190766
0.190766
0.139402
0.308768
0.24743
0.24743
0.308768
0.443085
0.374182
0.514918
0.589131
0.374182
0.443085
0.665203
0.742623
0.589131
0.514918
0.820908
0.899584
0.742623
0.665203
1.05634
0.978207
0.820908
0.899584
1.05634
0.978207
1.13358
1.20953
1.20953
1.13358
1.35609
1.28382
1.28382
1.35609
1.49327
1.42601
1.61862
1.55756
1.67619
1.73002
1.49327
1.42601
1.7799
1.82563
1.55756
1.61862
1.73002
1.67619
1.7799
1.82563
1.86704
1.90394
1.93622
1.96373
1.98639
2.0041
1.90394
1.86704
2.02443
2.01679
1.93622
1.96373
2.02698
2.02443
2.01679
1.98639
2.0041
1.08788
0.931403
1.16467
0.0279239
0.852533
0.773824
0.695732
1.23997
0.618738
0.208977
0.268284
1.31342
0.543337
0.470047
0.399401
1.38468
0.331956
1.45342
0.154648
1.51934
0.105926
1.58215
0.0634622
1.64159
1.6974
0.0279239
1.74937
1.08788
1.79727
0.0634622
1.84092
1.88015
1.91481
1.38468
1.45342
0.105926
1.94476
0.154648
1.9699
1.99012
2.00535
0.208977
1.74937
2.01553
0.268284
1.84092
1.88015
2.02064
2.02064
2.01553
0.331956
2.00535
0.399401
1.99012
1.9699
1.94476
0.470047
1.91481
0.543337
1.79727
0.618738
0.695732
1.6974
1.64159
1.58215
0.773824
1.51934
0.852533
1.31342
0.931403
1.23997
1.00999
1.16467
1.00999
1.52953e-32
1.52953e-32
9.95429e-33
0.0321376
0.0321376
9.95429e-33
0.0715356
0.117512
0.0715356
0.117512
0.169412
0.226591
0.226591
0.169412
0.35433
0.288433
0.288433
0.35433
0.423705
0.49599
0.570643
0.647135
0.423705
0.49599
0.724964
0.803636
0.647135
0.570643
0.961669
0.882689
0.724964
0.803636
1.11771
1.04015
0.882689
0.961669
1.11771
1.04015
1.26856
1.19397
1.26856
1.19397
1.34111
1.41129
1.41129
1.34111
1.54333
1.4788
1.66237
1.6046
1.71639
1.76644
1.4788
1.54333
1.81232
1.85386
1.6046
1.66237
1.76644
1.71639
1.81232
1.85386
1.92326
1.89089
1.95087
1.9736
1.99136
2.0041
1.89089
1.92326
2.01431
2.01176
1.9736
1.95087
2.01176
2.0041
1.99136
1.22151
0.752894
0.674324
1.2953
0.596833
0.520916
1.36689
0.44709
0.375891
1.43594
0.307872
0.243608
1.50215
0.18369
0.12873
1.56523
0.0793588
0.0362257
1.62491
1.68096
0.0362257
0.832062
0.911372
1.73313
1.78123
1.06867
1.82505
0.0793588
1.86444
1.89923
0.12873
1.9293
1.95453
0.18369
1.97483
1.99012
0.243608
1.62491
2.00034
1.68096
2.00546
0.307872
2.00546
2.00034
0.375891
1.86444
1.89923
1.99012
1.97483
0.44709
1.95453
1.9293
0.520916
0.596833
1.82505
1.78123
0.674324
1.73313
0.752894
1.56523
0.832062
1.50215
1.43594
0.911372
1.36689
1.2953
0.990382
1.22151
1.14584
1.06867
0.990382
1.14584
2.08529e-32
2.08529e-32
1.2893e-32
0.0401878
0.0401878
1.2893e-32
0.13958
0.0869354
0.0869354
0.13958
0.260027
0.197486
0.197486
0.260027
0.396637
0.326607
0.326607
0.396637
0.544824
0.46956
0.621909
0.700304
0.544824
0.46956
0.859101
0.779526
0.621909
0.700304
1.01754
0.938585
0.859101
0.779526
1.17226
1.09557
1.01754
0.938585
1.09557
1.17226
1.3202
1.24726
1.24726
1.3202
1.45861
1.39076
1.39076
1.45861
1.58504
1.52346
1.69736
1.64309
1.74765
1.79374
1.52346
1.58504
1.87267
1.83547
1.64309
1.69736
1.79374
1.74765
1.87267
1.83547
1.90519
1.93292
1.95575
1.9736
1.98639
1.99408
1.93292
1.90519
1.99408
1.99665
1.95575
1.98639
1.9736
0.645869
0.567715
1.34326
0.49111
1.41272
0.416571
0.344633
0.27585
1.47931
0.210795
1.54275
0.150062
0.0942618
0.0440243
1.60277
1.65912
0.0440243
1.71158
0.725076
1.75993
1.80399
0.884753
0.0942618
1.84358
1.87855
1.12083
1.90877
0.150062
1.93413
0.210795
1.95453
1.9699
1.98017
1.47931
0.27585
1.98532
0.344633
1.65912
1.98532
1.98017
1.9699
0.416571
1.80399
1.95453
0.49111
1.93413
1.90877
1.87855
0.567715
1.84358
0.645869
1.75993
1.71158
0.725076
0.804857
1.60277
1.54275
0.884753
1.41272
0.964325
1.34326
1.27124
1.19698
1.04315
1.12083
1.04315
0.964325
1.19698
0.804857
1.27124
2.60838e-32
2.60838e-32
1.56534e-32
0.0477348
0.0477348
1.56534e-32
0.160177
0.101342
0.101342
0.160177
0.291075
0.223623
0.291075
0.223623
0.361953
0.43569
0.361953
0.43569
0.511745
0.589588
0.668716
0.748638
0.511745
0.589588
0.909018
0.82889
0.748638
0.668716
1.06721
0.988595
0.909018
0.82889
1.21999
1.14446
1.06721
0.988595
1.14446
1.21999
1.36447
1.29344
1.36447
1.29344
1.49804
1.43277
1.49804
1.43277
1.61841
1.56001
1.67302
1.72361
1.81195
1.76998
1.56001
1.61841
1.84936
1.88208
1.72361
1.67302
1.76998
1.81195
1.88208
1.84936
1.93292
1.90996
1.96373
1.95087
1.97147
1.97405
1.90996
1.93292
1.96373
1.97147
1.95087
1.38383
0.453996
1.45091
0.378565
0.305703
0.235965
1.51479
0.169923
1.57523
0.108171
0.0513198
1.63197
1.68477
0.0513198
1.73345
0.610443
1.77779
0.108171
1.81764
1.85284
1.88325
0.931896
1.01139
0.169923
1.90877
0.235965
1.9293
1.94476
1.9551
0.305703
1.38383
1.96028
0.378565
1.51479
1.57523
1.96028
1.9551
1.94476
0.453996
1.73345
1.9293
0.531461
1.90877
1.88325
1.85284
0.610443
1.81764
0.690447
1.77779
1.68477
0.770993
1.63197
0.851622
1.45091
0.931896
1.01139
1.31386
1.2413
1.16647
1.08971
1.08971
1.16647
0.851622
1.2413
0.770993
1.31386
0.690447
0.531461
3.09877e-32
3.09877e-32
1.82354e-32
0.0547787
0.0547787
1.82354e-32
0.114754
0.179302
0.114754
0.179302
0.319734
0.247824
0.247824
0.319734
0.394471
0.471487
0.394471
0.471487
0.630281
0.550261
0.792138
0.711065
0.550261
0.630281
0.873057
0.953386
0.711065
0.792138
1.03272
1.11066
0.873057
0.953386
1.18684
1.2609
1.11066
1.03272
1.18684
1.2609
1.40135
1.33251
1.40135
1.33251
1.52958
1.46714
1.46714
1.52958
1.64344
1.58842
1.7411
1.6944
1.78337
1.82105
1.58842
1.64344
1.88208
1.85399
1.7411
1.6944
1.78337
1.82105
1.88208
1.85399
1.92326
1.90519
1.94401
1.93622
1.94661
1.94401
1.90519
1.93622
1.92326
1.48145
0.259198
0.188313
1.54239
0.121087
0.0581121
1.59959
1.65282
0.0581121
0.333168
0.409669
1.70188
1.74657
0.568143
1.78672
0.121087
1.82219
1.85284
0.188313
1.87855
1.89923
0.259198
1.91481
1.92523
0.333168
1.20558
1.93045
1.2788
1.93045
0.409669
1.92523
1.91481
0.488166
1.54239
1.59959
1.89923
1.87855
0.568143
1.85284
1.82219
0.649102
1.78672
1.74657
0.730566
1.70188
1.65282
0.812075
0.89319
1.48145
1.41703
0.97349
1.34938
1.05257
1.13006
1.13006
1.05257
0.97349
1.20558
0.89319
0.812075
1.2788
0.730566
0.649102
1.34938
0.488166
1.41703
3.55649e-32
3.55649e-32
2.06391e-32
0.0613194
0.0613194
2.06391e-32
0.196956
0.127173
0.127173
0.196956
0.270089
0.346004
0.346004
0.270089
0.50403
0.424161
0.424161
0.50403
0.585109
0.666905
0.748954
0.830803
0.585109
0.666905
0.992207
0.912026
0.830803
0.748954
1.07096
1.1479
0.912026
0.992207
1.22269
1.29499
1.07096
1.1479
1.29499
1.22269
1.43086
1.36448
1.36448
1.43086
1.49387
1.55323
1.55323
1.49387
1.66012
1.60872
1.74985
1.70722
1.82105
1.78784
1.66012
1.60872
1.84936
1.87267
1.74985
1.70722
1.78784
1.82105
1.87267
1.84936
1.89089
1.90394
1.91442
1.9118
1.9118
1.90394
1.89089
0.133009
0.0644012
1.5621
1.61583
0.0644012
1.66533
0.205231
1.71043
1.75094
0.358244
0.133009
1.78672
1.81764
0.601156
1.84358
0.205231
1.86444
0.280494
1.88015
1.89066
1.89592
1.00954
0.358244
1.89592
0.437945
1.23817
1.89066
1.88015
1.86444
0.519081
1.44285
1.84358
0.601156
1.81764
1.78672
1.75094
0.68369
1.71043
0.766226
1.66533
1.61583
1.5621
0.848324
1.50436
0.929561
1.37779
1.30948
1.00954
1.08787
1.1642
1.08787
1.1642
0.929561
1.23817
0.848324
0.766226
0.68369
1.30948
1.37779
0.519081
0.437945
1.44285
0.280494
1.50436
3.98151e-32
3.98151e-32
2.28645e-32
0.067357
0.067357
2.28645e-32
0.138599
0.213139
0.138599
0.213139
0.369886
0.290418
0.369886
0.290418
0.533318
0.451024
0.451024
0.533318
0.616288
0.699458
0.864635
0.782386
0.616288
0.699458
1.02548
0.945799
0.782386
0.864635
1.10331
1.17894
0.945799
1.02548
1.25203
1.32226
1.10331
1.17894
1.25203
1.32226
1.45299
1.38934
1.45299
1.38934
1.569
1.51296
1.569
1.51296
1.6209
1.66846
1.74985
1.7115
1.81195
1.78337
1.66846
1.6209
1.83547
1.85386
1.74985
1.7115
1.78337
1.81195
1.85386
1.83547
1.87496
1.86704
1.87496
1.87761
1.86704
1.57393
1.62395
0.0701872
0.0701872
1.6695
1.71043
0.143938
1.74657
1.77779
0.380932
0.463393
1.80399
0.220679
1.82505
0.299855
1.84092
1.85153
1.85685
0.879738
0.380932
1.85685
1.04004
1.11729
0.463393
1.85153
1.84092
1.82505
1.33334
0.546742
1.80399
0.6305
1.77779
1.74657
1.57393
1.71043
0.714209
1.6695
0.797428
1.62395
1.51964
0.879738
1.46129
0.960735
1.3991
1.26425
1.04004
1.19213
1.11729
0.960735
1.19213
1.26425
0.797428
0.714209
0.6305
1.33334
0.546742
1.3991
0.299855
1.46129
0.220679
1.51964
0.143938
4.37385e-32
4.37385e-32
2.49116e-32
0.0728913
2.49116e-32
0.0728913
0.22785
0.149031
0.149031
0.22785
0.39138
0.30881
0.39138
0.30881
0.475058
0.559352
0.475058
0.559352
0.727942
0.643798
0.893632
0.811359
0.643798
0.727942
1.05321
0.974375
0.893632
0.811359
1.20377
1.12979
0.974375
1.05321
1.34271
1.27484
1.12979
1.20377
1.34271
1.27484
1.4071
1.46774
1.4071
1.46774
1.57688
1.52441
1.57688
1.52441
1.62496
1.66846
1.7411
1.70722
1.76998
1.79374
1.62496
1.66846
1.82563
1.81232
1.70722
1.7411
1.76998
1.79374
1.82563
1.81232
1.83631
1.83364
1.83364
0.0754699
1.62395
1.66533
1.70188
0.153873
1.73345
1.75993
0.234654
1.78123
1.79727
0.317279
1.80799
1.81337
0.656176
0.401231
0.740658
1.81337
1.80799
0.486013
1.79727
1.78123
1.06499
1.14082
0.571148
1.75993
1.73345
0.656176
1.70188
1.66533
0.740658
1.62395
1.57787
0.824172
1.52727
1.47235
0.906318
1.41331
1.35038
0.986713
1.2838
1.21385
1.06499
1.14082
0.986713
0.906318
1.21385
0.824172
1.2838
0.571148
1.35038
0.486013
0.401231
1.41331
0.317279
0.234654
1.47235
0.153873
0.0754699
1.52727
1.57787
4.73351e-32
4.73351e-32
2.67803e-32
0.0779225
0.0779225
2.67803e-32
0.158469
0.24109
0.158469
0.24109
0.325266
0.410485
0.410485
0.325266
0.58213
0.496264
0.58213
0.496264
0.752356
0.667639
0.917796
0.835874
0.667639
0.752356
1.07539
0.997754
0.917796
0.835874
1.15038
1.22239
1.07539
0.997754
1.29114
1.35634
1.15038
1.22239
1.29114
1.35634
1.41775
1.47512
1.41775
1.47512
1.57688
1.52823
1.57688
1.52823
1.66012
1.6209
1.6944
1.72361
1.76644
1.74765
1.6209
1.66012
1.7799
1.788
1.6944
1.72361
1.74765
1.76644
1.7799
1.79071
1.788
1.65282
0.162814
1.68477
1.71158
1.73313
0.247159
1.74937
0.332767
1.76022
0.419142
1.76566
1.76566
0.419142
0.678184
1.76022
0.505806
1.74937
1.73313
0.928066
1.71158
0.5923
1.68477
0.678184
1.65282
1.61583
1.29684
1.57393
0.763037
1.52727
0.846459
1.47604
1.42041
1.3606
0.928066
1.00749
1.22937
1.15846
1.0844
1.0844
1.00749
1.15846
0.846459
0.763037
1.22937
1.29684
0.5923
0.505806
1.3606
0.332767
1.42041
0.247159
0.162814
0.0802495
1.47604
1.52727
0.0802495
1.57393
1.61583
5.06047e-32
5.06047e-32
2.84708e-32
0.0824506
0.0824506
2.84708e-32
0.252859
0.166913
0.166913
0.252859
0.427202
0.339786
0.339786
0.427202
0.514642
0.601655
0.514642
0.601655
0.687813
0.772701
0.937127
0.855931
0.687813
0.772701
1.09203
1.01594
0.937127
0.855931
1.2348
1.16508
1.01594
1.09203
1.36316
1.30092
1.2348
1.16508
1.36316
1.30092
1.4213
1.47512
1.4213
1.47512
1.52441
1.569
1.52441
1.569
1.60872
1.64344
1.67302
1.69736
1.73002
1.71639
1.60872
1.64344
1.74096
1.73822
1.69736
1.67302
1.73002
1.71639
1.73822
0.170762
1.63197
1.65912
1.68096
0.258192
1.6974
0.258192
0.346319
1.7084
0.434664
0.52277
1.71391
1.71391
0.434664
1.7084
0.781347
0.52277
1.6974
1.68096
1.65912
0.610197
1.09827
1.17023
1.63197
0.696523
1.59959
1.5621
1.51964
0.781347
1.47235
0.864287
1.42041
1.36401
1.30336
0.94498
1.23868
1.02308
1.02308
1.09827
0.94498
1.17023
0.864287
0.696523
1.23868
0.610197
1.30336
0.346319
1.36401
1.42041
0.170762
0.084526
1.47235
1.51964
0.084526
1.5621
1.59959
5.35476e-32
5.35476e-32
2.99828e-32
0.0864754
0.0864754
2.99828e-32
0.263157
0.174364
0.174364
0.263157
0.44153
0.35237
0.44153
0.35237
0.617925
0.530193
0.530193
0.617925
0.704318
0.788976
0.871531
0.951624
0.704318
0.788976
1.10312
1.02893
0.871531
0.951624
1.1739
1.24101
1.02893
1.10312
1.30417
1.36316
1.24101
1.1739
1.36316
1.30417
1.41775
1.46774
1.46774
1.41775
1.51296
1.55323
1.55323
1.51296
1.58842
1.61841
1.64309
1.66237
1.67619
1.6845
1.58842
1.61841
1.6845
1.68727
1.66237
1.64309
1.67619
1.62491
0.267754
1.64159
0.0882993
1.65274
0.357934
1.65832
1.65832
0.447799
0.447799
0.536907
1.65274
1.64159
0.536907
1.62491
1.60277
0.62484
1.57523
1.54239
0.711194
1.50436
1.10658
1.46129
0.795588
1.41331
1.3606
0.877659
1.30336
1.24178
0.957061
1.17611
1.03347
1.03347
0.957061
1.10658
0.877659
0.795588
1.17611
0.711194
0.62484
1.24178
1.30336
0.357934
0.267754
1.3606
0.177716
1.41331
1.46129
0.0882993
1.60277
1.50436
1.54239
1.57523
0.177716
5.61635e-32
5.61635e-32
3.13166e-32
0.0899971
0.0899971
3.13166e-32
0.180822
0.271983
0.180822
0.271983
0.45347
0.363017
0.363017
0.45347
0.630941
0.542917
0.542917
0.630941
0.801183
0.717155
0.96129
0.882674
0.717155
0.801183
1.03672
1.10866
0.96129
0.882674
1.17685
1.24101
1.10866
1.03672
1.30092
1.35634
1.24101
1.17685
1.30092
1.35634
1.45299
1.4071
1.45299
1.4071
1.49387
1.52958
1.52958
1.49387
1.58504
1.56
1.61862
1.6046
1.62987
1.62706
1.58504
1.56
1.62706
1.6046
1.61862
0.275845
1.59347
0.367614
1.59914
1.59914
1.59347
0.275845
0.458545
1.58215
0.548217
1.56523
1.54275
1.51479
0.722197
0.636229
1.48145
0.722197
1.44285
0.96431
1.3991
1.35038
1.10936
0.80576
1.29684
0.886573
1.23868
1.17611
0.96431
1.03867
1.03867
0.886573
0.80576
1.10936
1.17611
0.636229
0.548217
0.458545
1.23868
0.367614
1.29684
0.183677
0.0915694
1.35038
1.3991
0.0915694
1.58215
1.44285
1.48145
1.51479
0.183677
1.54275
1.56523
5.84527e-32
5.84527e-32
3.2472e-32
0.0930157
0.0930157
3.2472e-32
0.279338
0.186286
0.186286
0.279338
0.463022
0.371729
0.463022
0.371729
0.640702
0.552812
0.552812
0.640702
0.80932
0.726324
0.966122
0.889359
0.726324
0.80932
1.10866
1.03932
0.889359
0.966122
1.2348
1.1739
1.10866
1.03932
1.34271
1.29114
1.1739
1.2348
1.29114
1.34271
1.38934
1.43086
1.38934
1.43086
1.46714
1.49804
1.46714
1.49804
1.52346
1.54333
1.55756
1.56612
1.56898
1.56612
1.54333
1.52346
1.55756
0.375358
1.53659
1.53659
0.0943364
1.53084
0.466903
1.51934
0.556699
1.50215
0.466903
0.556699
1.47931
1.4509
0.644363
1.41703
0.729533
1.37779
1.33334
0.966726
1.2838
0.811863
1.22937
0.89103
1.17023
1.10658
1.03867
0.966726
1.03867
0.89103
0.811863
0.729533
1.10658
0.644363
1.17023
0.375358
1.22937
0.282465
1.2838
0.188644
1.33334
1.37779
0.0943364
1.53084
1.41703
1.4509
0.188644
1.47931
1.50215
1.51934
0.282465
6.0415e-32
6.0415e-32
3.34492e-32
0.0955312
0.0955312
3.34492e-32
0.190756
0.285223
0.190756
0.285223
0.470186
0.378504
0.470186
0.378504
0.64721
0.559881
0.559881
0.64721
0.731826
0.813389
0.966122
0.891588
0.813389
0.731826
1.03672
1.10312
0.891588
0.966122
1.22239
1.16508
1.10312
1.03672
1.32226
1.27484
1.22239
1.16508
1.27484
1.32226
1.36448
1.40135
1.36448
1.40135
1.45861
1.43277
1.45861
1.43277
1.4788
1.49327
1.50197
1.50487
1.50197
1.4788
1.49327
1.46511
0.472873
1.45342
1.43594
0.562354
1.41272
1.38383
0.649244
1.34938
0.472873
1.30947
0.7332
1.26425
0.7332
1.21385
0.813898
0.813898
1.15846
1.09827
0.89103
1.03347
0.96431
0.96431
0.89103
1.03347
0.649244
1.09827
0.562354
1.15846
0.381165
0.287613
1.21385
0.192618
0.0966003
1.26425
1.30947
0.0966003
1.47096
1.34938
1.47096
1.38383
1.41272
0.192618
1.43594
1.45342
0.287613
1.46511
0.381165
6.20504e-32
6.20504e-32
3.4248e-32
0.0975435
0.0975435
3.4248e-32
0.289636
0.194233
0.289636
0.194233
0.383344
0.474962
0.474962
0.383344
0.650464
0.564122
0.564122
0.650464
0.73366
0.813389
0.889359
0.96129
0.813389
0.73366
1.09203
1.02893
0.96129
0.889359
1.15038
1.20377
1.09203
1.02893
1.29499
1.25203
1.20377
1.15038
1.25203
1.29499
1.33251
1.36447
1.36447
1.33251
1.39076
1.41129
1.41129
1.39076
1.42601
1.43486
1.43781
1.43486
1.42601
0.476455
1.36689
0.565181
1.34326
1.31386
1.2788
0.291291
0.650871
1.23817
0.476455
0.7332
1.19213
1.14082
1.0844
0.811863
1.02308
0.886573
0.957061
0.886573
0.811863
0.957061
0.7332
1.02308
0.650871
0.565181
1.0844
0.385037
1.14082
0.195598
0.0983611
1.19213
1.23817
0.0983611
1.38468
1.2788
1.31386
1.34326
1.40252
0.195598
1.36689
1.38468
1.39657
0.291291
0.385037
1.40252
1.39657
6.33591e-32
6.33591e-32
3.48685e-32
0.0990528
0.0990528
3.48685e-32
0.292578
0.196717
0.196717
0.292578
0.47735
0.386248
0.386248
0.47735
0.650464
0.565535
0.565535
0.650464
0.80932
0.731826
0.951624
0.882674
0.80932
0.731826
1.07539
1.01594
0.951624
0.882674
1.17894
1.12979
1.07539
1.01594
1.22269
1.2609
1.12979
1.17894
1.22269
1.2609
1.3202
1.29344
1.3202
1.29344
1.34111
1.35609
1.35609
1.34111
1.3651
1.3681
1.3651
0.565181
1.27124
1.2413
1.20558
0.649244
1.1642
0.293497
0.729533
1.11729
0.477649
1.06499
1.00749
0.80576
0.94498
0.877659
0.877659
0.80576
0.729533
0.94498
0.649244
1.00749
0.565181
0.386973
1.06499
1.11729
0.197585
0.0996188
1.1642
1.20558
0.0996188
1.2953
1.2413
1.27124
1.32553
1.33159
0.197585
1.2953
1.31342
1.32553
0.293497
1.33159
0.386973
1.31342
0.477649
6.43409e-32
6.43409e-32
3.53107e-32
0.100059
0.100059
3.53107e-32
0.294049
0.198207
0.198207
0.294049
0.47735
0.387216
0.47735
0.387216
0.64721
0.564122
0.564122
0.64721
0.726324
0.801182
0.871531
0.937127
0.726324
0.801182
0.997754
1.05321
0.937127
0.871531
1.10331
1.1479
1.05321
0.997754
1.21999
1.18684
1.1479
1.10331
1.18684
1.21999
1.26856
1.24726
1.24726
1.26856
1.29299
1.28382
1.28382
1.29299
1.29605
1.13006
0.644363
1.08787
0.100373
1.04004
0.722197
0.986713
0.928066
0.795588
0.476455
0.562354
0.864287
0.795588
0.864287
0.722197
0.644363
0.928066
0.986713
0.386973
0.294233
1.04004
0.198579
1.08787
1.13006
0.100373
1.16647
1.16647
1.19698
1.19698
1.2215
0.198579
1.23997
1.2523
0.294233
1.25848
1.25848
0.386973
1.2523
1.23997
0.476455
1.2215
0.562354
6.4996e-32
6.4996e-32
3.55746e-32
0.100562
0.100562
3.55746e-32
0.198704
0.294049
0.198704
0.294049
0.474962
0.386248
0.386248
0.474962
0.640702
0.559881
0.559881
0.640702
0.717155
0.788976
0.917796
0.855931
0.788976
0.717155
1.02548
0.974375
0.917796
0.855931
1.11066
1.07096
1.02548
0.974375
1.17226
1.14446
1.11066
1.07096
1.14446
1.17226
1.20953
1.19397
1.20953
1.19397
1.21888
1.21888
1.222
0.636228
0.960735
0.711194
0.906318
0.846459
0.781347
0.293497
0.781347
0.711194
0.846459
0.636228
0.556699
0.472873
0.906318
0.385037
0.960735
0.198579
0.100625
1.00954
1.05257
0.100625
1.00954
1.08971
1.12083
1.14584
1.12083
0.198579
1.16467
1.17725
1.18355
0.293497
1.18355
0.385037
1.17725
1.16467
1.14584
0.472873
0.556699
1.08971
1.05257
6.53242e-32
6.53242e-32
3.56603e-32
0.100562
0.100562
3.56603e-32
0.292578
0.198207
0.198207
0.292578
0.470186
0.383344
0.383344
0.470186
0.552812
0.630941
0.630941
0.552812
0.704318
0.772701
0.835874
0.893632
0.704318
0.772701
0.945799
0.992207
0.835874
0.893632
1.06721
1.03272
0.945799
0.992207
1.09557
1.11771
1.06721
1.03272
1.09557
1.11771
1.14312
1.13358
1.14312
1.13358
1.1463
0.696523
0.824172
0.763037
0.100373
0.696523
0.763037
0.62484
0.824172
0.548217
0.466903
0.381165
0.879738
0.291291
0.929561
0.197585
0.97349
1.01139
0.100373
0.879738
1.04315
1.06867
0.97349
1.01139
0.197585
1.08788
1.10072
1.10714
1.08788
0.291291
1.10714
0.381165
1.10072
1.06867
0.466903
1.04315
0.548217
0.929561
0.62484
6.53257e-32
6.53257e-32
3.55676e-32
0.100059
0.100059
3.55676e-32
0.289636
0.196717
0.196717
0.289636
0.378504
0.463022
0.463022
0.378504
0.542916
0.617925
0.542916
0.617925
0.687813
0.752356
0.864635
0.811359
0.752356
0.687813
0.912026
0.953386
0.864635
0.811359
0.988595
1.01754
0.912026
0.953386
1.04015
1.05634
0.988595
1.01754
1.04015
1.05634
1.06932
1.06608
1.06608
0.610197
0.740658
0.536907
0.458545
0.797428
0.375358
0.287613
0.848323
0.195598
0.0996188
0.89319
0.931895
0.0996188
0.678184
0.964324
0.740658
0.990382
1.00999
0.195598
1.0231
1.02966
0.931895
0.964324
0.287613
1.02966
1.0231
0.375358
1.00999
0.990382
0.458545
0.536907
0.89319
0.848323
0.610197
0.797428
0.678184
6.50003e-32
6.50003e-32
3.52966e-32
0.0990528
0.0990528
3.52966e-32
0.194233
0.285223
0.194233
0.285223
0.45347
0.371729
0.45347
0.371729
0.530193
0.601655
0.530193
0.601655
0.667639
0.727942
0.830803
0.782386
0.727942
0.667639
0.909017
0.873057
0.830803
0.782386
0.961669
0.938585
0.909017
0.873057
0.988147
0.978207
0.938585
0.961669
0.988147
0.978207
0.991465
0.714209
0.367614
0.766226
0.282465
0.192618
0.0983611
0.812075
0.851622
0.0983611
0.447799
0.884753
0.911372
0.931403
0.656176
0.192618
0.944788
0.951491
0.951491
0.812075
0.282465
0.944788
0.367614
0.931403
0.911372
0.884753
0.447799
0.851622
0.52277
0.766226
0.714209
0.5923
0.656176
0.5923
0.52277
6.43482e-32
6.43482e-32
3.48474e-32
0.0975435
0.0975435
3.48474e-32
0.279338
0.190756
0.190756
0.279338
0.363017
0.44153
0.44153
0.363017
0.514642
0.58213
0.58213
0.514642
0.699458
0.643798
0.748954
0.792138
0.699458
0.643798
0.859101
0.82889
0.792138
0.748954
0.882689
0.899584
0.859101
0.82889
0.913129
0.909741
0.899584
0.882689
0.909741
0.730566
0.188644
0.0966003
0.770993
0.804857
0.0966003
0.275845
0.832062
0.852533
0.434664
0.505806
0.188644
0.866212
0.873062
0.873062
0.68369
0.275845
0.866212
0.357934
0.852533
0.832062
0.804857
0.434664
0.770993
0.505806
0.730566
0.6305
0.571148
0.571148
0.6305
0.357934
0.68369
6.33692e-32
6.33692e-32
3.42198e-32
0.0955312
0.0955312
3.42198e-32
0.186286
0.271983
0.186286
0.271983
0.427201
0.352369
0.427201
0.352369
0.559352
0.496264
0.559352
0.496264
0.666905
0.616287
0.711065
0.748638
0.666905
0.616287
0.779526
0.803636
0.711065
0.748638
0.820908
0.831288
0.803636
0.779526
0.834753
0.831288
0.820908
0.725076
0.0943364
0.752893
0.0943364
0.773824
0.787809
0.183677
0.794811
0.794811
0.419142
0.486013
0.267754
0.787809
0.601156
0.773824
0.346319
0.752893
0.725076
0.419142
0.690447
0.649102
0.486013
0.546742
0.546742
0.601156
0.346319
0.267754
0.649102
0.183677
0.690447
6.20634e-32
6.20634e-32
3.34139e-32
0.0930157
3.34139e-32
0.0930157
0.263157
0.180822
0.180822
0.263157
0.339786
0.410485
0.339786
0.410485
0.533318
0.475058
0.475058
0.533318
0.585109
0.630281
0.668716
0.700304
0.630281
0.585109
0.724964
0.742623
0.700304
0.668716
0.75678
0.75324
0.742623
0.724964
0.75324
0.0915694
0.674324
0.695732
0.710036
0.177716
0.717198
0.258192
0.717198
0.710036
0.258192
0.695732
0.332767
0.674324
0.645869
0.610443
0.401231
0.568143
0.463393
0.519081
0.463393
0.401231
0.519081
0.332767
0.568143
0.177716
0.0915694
0.610443
0.645869
6.04308e-32
6.04308e-32
3.24297e-32
0.0899971
0.0899971
3.24297e-32
0.252859
0.174364
0.174364
0.252859
0.39138
0.325266
0.325266
0.39138
0.50403
0.451024
0.50403
0.451024
0.589588
0.550261
0.647135
0.621909
0.550261
0.589588
0.665203
0.676061
0.647135
0.621909
0.679686
0.665203
0.676061
0.633373
0.170762
0.6407
0.0882993
0.6407
0.633373
0.247159
0.618738
0.317279
0.380932
0.437945
0.596833
0.567715
0.531461
0.380932
0.488166
0.437945
0.317279
0.488166
0.247159
0.531461
0.170762
0.567715
0.596833
0.0882993
0.618738
5.84714e-32
5.84714e-32
3.12672e-32
0.0864754
0.0864754
3.12672e-32
0.24109
0.166913
0.166913
0.24109
0.30881
0.369886
0.30881
0.369886
0.424161
0.471487
0.471487
0.424161
0.544824
0.511745
0.570643
0.589131
0.511745
0.544824
0.600245
0.603951
0.589131
0.570643
0.600245
0.162814
0.565816
0.558316
0.234654
0.543337
0.520916
0.299855
0.49111
0.453996
0.358244
0.409669
0.358244
0.409669
0.299855
0.234654
0.453996
0.162814
0.084526
0.49111
0.520916
0.084526
0.543337
0.558316
0.565816
5.61852e-32
5.61852e-32
2.99264e-32
0.0824505
0.0824505
2.99264e-32
0.22785
0.158469
0.158469
0.22785
0.290418
0.346004
0.290418
0.346004
0.394471
0.43569
0.394471
0.43569
0.46956
0.49599
0.526292
0.514918
0.49599
0.46956
0.526292
0.530089
0.514918
0.485383
0.470046
0.220679
0.44709
0.280494
0.416571
0.220679
0.378565
0.333168
0.333168
0.280494
0.378565
0.153873
0.0802495
0.416571
0.44709
0.0802495
0.470046
0.49306
0.485383
0.49306
0.153873
5.35721e-32
5.35721e-32
0.0779225
2.84073e-32
0.0779225
2.84073e-32
0.213139
0.149031
0.149031
0.213139
0.319734
0.270089
0.319734
0.270089
0.361953
0.396637
0.361953
0.396637
0.443085
0.423705
0.458619
0.454734
0.423705
0.454734
0.443085
0.205231
0.375891
0.259198
0.344633
0.305703
0.259198
0.305703
0.205231
0.344633
0.143938
0.0754699
0.375891
0.399401
0.0754699
0.415107
0.415107
0.422969
0.143938
0.422969
0.399401
5.06322e-32
5.06322e-32
2.67098e-32
0.0728913
0.0728913
2.67098e-32
0.196956
0.138599
0.138599
0.196956
0.291075
0.247824
0.247824
0.291075
0.326607
0.35433
0.35433
0.326607
0.374182
0.386111
0.390092
0.386111
0.374182
0.235965
0.235965
0.188313
0.27585
0.133009
0.0701872
0.307872
0.331956
0.0701872
0.27585
0.307872
0.348044
0.356097
0.356097
0.133009
0.348044
0.331956
0.188313
4.73654e-32
4.73654e-32
2.4834e-32
0.067357
0.067357
2.4834e-32
0.179302
0.127173
0.179302
0.127173
0.260027
0.223623
0.260027
0.223623
0.308768
0.288433
0.288433
0.308768
0.32099
0.325066
0.32099
0.121087
0.0644012
0.243608
0.268284
0.0644012
0.284767
0.169923
0.293017
0.293017
0.243608
0.121087
0.284767
0.268284
0.169923
0.210795
0.210795
4.37717e-32
4.37717e-32
2.27799e-32
0.0613194
0.0613194
2.27799e-32
0.114754
0.160177
0.114754
0.160177
0.226591
0.197486
0.226591
0.197486
0.259951
0.24743
0.24743
0.264129
0.259951
0.208977
0.225868
0.0581121
0.0581121
0.234322
0.234322
0.108171
0.225868
0.208977
0.18369
0.150062
0.150062
0.18369
0.108171
3.98512e-32
3.98512e-32
2.05474e-32
0.0547787
2.05474e-32
0.0547787
0.101342
0.13958
0.101342
0.13958
0.190766
0.169412
0.190766
0.169412
0.207879
0.2036
0.2036
0.0513198
0.180623
0.180623
0.171959
0.0942618
0.154648
0.12873
0.12873
0.0942618
0.0513198
0.154648
0.171959
3.56038e-32
3.56038e-32
1.81366e-32
0.0477348
0.0477348
1.81366e-32
0.117512
0.0869354
0.0869354
0.117512
0.139402
0.152553
0.139402
0.152553
0.156942
0.12367
0.0793588
0.105926
0.0793588
0.0440243
0.105926
0.12367
0.0440243
0.132551
0.132551
3.10296e-32
3.10296e-32
1.55475e-32
0.0401878
0.0401878
1.55475e-32
0.0939726
0.0715356
0.0715356
0.0939726
0.107456
0.107456
0.111952
0.0634622
0.0634622
0.0362257
0.0816516
0.0907558
0.0362257
0.0907558
0.0816516
2.61285e-32
2.61285e-32
1.27801e-32
0.0321376
1.27801e-32
0.0321376
0.0551422
0.0689622
0.0551422
0.0689622
0.0735736
0.0559055
0.0279239
0.0559055
0.046572
0.0279239
0.046572
2.09006e-32
2.09006e-32
0.0235842
9.83435e-33
0.0235842
9.83435e-33
0.0377553
0.0377553
0.0424806
0.019119
0.0286883
0.019119
0.0286883
1.53458e-32
1.53458e-32
6.71028e-33
0.0145277
0.0145277
6.71028e-33
0.0193748
0.00981093
0.00981093
9.46421e-33
9.46421e-33
3.40789e-33
3.40789e-33
0.00496815
1.40764e-35
3.2558e-33
3.2558e-33
