1.41043e-35
3.26225e-33
3.26225e-33
3.41474e-33
9.48285e-33
0.004978
0.00983022
3.41474e-33
9.48285e-33
0.00983022
6.7236e-33
0.0191565
1.5376e-32
0.0145563
0.019412
0.0287445
0.0287445
0.0145563
0.0191565
1.5376e-32
6.7236e-33
9.8538e-33
0.0279787
2.09417e-32
0.0236306
0.0466633
0.0560152
0.0378285
0.042564
9.8538e-33
0.0279787
0.0378285
0.0560152
0.0466633
0.0236306
2.09417e-32
1.28053e-32
0.0322007
0.0362968
2.61798e-32
0.0552495
0.0635866
0.0818117
0.0690976
0.0909339
0.0737171
0.0909339
0.0690976
0.0322007
2.61798e-32
0.0362968
1.28053e-32
0.0635866
0.0552495
0.0818117
1.55782e-32
3.10905e-32
0.0402667
0.0441107
0.0716751
0.0795144
0.106134
0.0941571
0.0441107
3.10905e-32
0.0402667
1.55782e-32
0.132811
0.112172
0.123913
0.107666
0.107666
0.106134
0.123913
0.0716751
0.132811
0.0941571
0.0795144
1.81724e-32
0.0514205
3.56737e-32
0.0478286
0.0871051
0.0944467
0.128982
0.117743
0.152853
0.139675
0.154951
0.172296
3.56737e-32
0.0514205
0.0478286
1.81724e-32
0.0871051
0.128982
0.0944467
0.117743
0.157249
0.180978
0.152853
0.180978
0.154951
0.172296
0.139675
2.05879e-32
0.0582261
3.99294e-32
0.0548862
0.10154
0.108383
0.150357
0.139854
0.209387
0.191141
0.169743
0.18405
0.203999
0.226311
0.234782
0.208287
2.05879e-32
0.0582261
3.99294e-32
0.0548862
0.10154
0.108383
0.150357
0.139854
0.226311
0.209387
0.18405
0.234782
0.169743
0.203999
0.191141
2.28247e-32
0.0645275
4.38576e-32
0.0614398
0.114978
0.121324
0.170257
0.160491
0.211209
0.244085
0.227035
0.197872
0.247915
0.26881
0.285325
0.260461
0.0614398
2.28247e-32
0.0645275
4.38576e-32
0.264647
0.293592
0.293592
0.260461
0.121324
0.170257
0.114978
0.160491
0.227035
0.26881
0.285325
0.211209
0.197872
0.247915
0.244085
2.48828e-32
0.0703248
4.74583e-32
0.0674891
0.179654
0.127422
0.13327
0.188682
0.236427
0.27639
0.260537
0.224061
0.288997
0.308476
0.332607
0.309374
0.321619
0.348726
0.356795
0.325703
4.74583e-32
0.0674891
2.48828e-32
0.0703248
0.188682
0.13327
0.179654
0.127422
0.356795
0.348726
0.321619
0.309374
0.260537
0.224061
0.236427
0.27639
0.308476
0.332607
0.288997
2.67623e-32
0.0756179
5.07314e-32
0.0730343
0.13887
0.205634
0.197342
0.14422
0.0730343
0.0756179
5.07314e-32
2.67623e-32
0.259706
0.306302
0.291645
0.248309
0.327246
0.376628
0.355025
0.345308
0.386868
0.400184
0.415921
0.374915
0.423798
0.390856
0.386868
0.423798
0.14422
0.205634
0.197342
0.13887
0.306302
0.259706
0.291645
0.248309
0.415921
0.400184
0.345308
0.374915
0.376628
0.327246
0.355025
2.84631e-32
0.0804068
5.36771e-32
0.0780753
0.149322
0.154174
0.221111
0.213556
0.0780753
0.0804068
5.36771e-32
2.84631e-32
0.281044
0.333821
0.32036
0.270618
0.154174
0.213556
0.221111
0.149322
0.362662
0.379307
0.397415
0.417387
0.443954
0.447966
0.470968
0.424535
0.494027
0.459518
0.486334
0.455625
0.455625
0.494027
0.486334
0.443954
0.270618
0.333821
0.281044
0.32036
0.470968
0.397415
0.417387
0.379307
0.362662
0.424535
0.447966
2.99852e-32
0.0826121
0.0846915
5.62953e-32
0.158778
0.163133
0.235114
0.228297
0.300442
0.358946
0.346682
0.290986
0.0826121
0.0846915
5.62953e-32
2.99852e-32
0.235114
0.163133
0.228297
0.158778
0.395243
0.410471
0.454885
0.436544
0.300442
0.346682
0.290986
0.358946
0.470479
0.492072
0.521936
0.496962
0.515926
0.527324
0.544401
0.55941
0.566924
0.527324
0.531126
0.566924
0.515926
0.544401
0.55941
0.496962
0.410471
0.492072
0.436544
0.395243
0.521936
0.470479
0.454885
3.13286e-32
5.8586e-32
0.0866448
0.0884722
0.167239
0.171096
0.247643
0.241562
0.3179
0.381678
0.370611
0.309414
0.0866448
0.0884722
5.8586e-32
3.13286e-32
0.424991
0.438803
0.489122
0.472411
0.247643
0.171096
0.241562
0.167239
0.370611
0.381678
0.3179
0.309414
0.532501
0.512746
0.568826
0.545891
0.438803
0.424991
0.472411
0.489122
0.590285
0.57176
0.619949
0.598001
0.60142
0.634613
0.605134
0.641955
0.641955
0.590285
0.60142
0.634613
0.57176
0.545891
0.512746
0.598001
0.532501
0.568826
0.619949
3.24934e-32
0.0917487
6.05492e-32
0.0901734
0.174705
0.178064
0.258697
0.253354
0.333418
0.402016
0.325902
0.392146
0.451906
0.4643
0.520097
0.505017
0.0901734
0.0917487
6.05492e-32
3.24934e-32
0.178064
0.258697
0.253354
0.174705
0.611638
0.569255
0.551338
0.590742
0.402016
0.333418
0.392146
0.325902
0.505017
0.451906
0.4643
0.520097
0.675644
0.648402
0.623126
0.647133
0.551338
0.611638
0.569255
0.590742
0.677385
0.666505
0.711426
0.697094
0.718601
0.681015
0.677385
0.718601
0.648402
0.675644
0.647133
0.666505
0.711426
0.697094
0.623126
3.34794e-32
0.0945211
6.21849e-32
0.0931978
0.181175
0.184037
0.268278
0.263672
0.346996
0.34045
0.419962
0.411288
0.475987
0.486964
0.547812
0.534362
3.34794e-32
6.21849e-32
0.0931978
0.0945211
0.631515
0.586253
0.602332
0.650372
0.181175
0.184037
0.268278
0.263672
0.419962
0.346996
0.411288
0.34045
0.691797
0.726494
0.701674
0.670024
0.534362
0.547812
0.475987
0.486964
0.586253
0.602332
0.631515
0.650372
0.754366
0.775337
0.726381
0.744076
0.726494
0.691797
0.670024
0.701674
0.758261
0.754713
0.796365
0.789349
0.754366
0.796365
0.775337
0.789349
0.744076
0.754713
0.726381
3.42869e-32
0.0967893
6.34932e-32
0.0957182
0.18665
0.189013
0.276384
0.272515
0.353058
0.358635
0.435515
0.428037
0.497234
0.506795
0.572265
0.560446
0.0957182
0.0967893
6.34932e-32
3.42869e-32
0.668209
0.617492
0.631733
0.685027
0.18665
0.272515
0.276384
0.189013
0.7725
0.750102
0.731994
0.712454
0.358635
0.435515
0.428037
0.353058
0.560446
0.572265
0.506795
0.497234
0.80643
0.833689
0.805208
0.781049
0.685027
0.617492
0.631733
0.668209
0.7725
0.731994
0.712454
0.750102
0.832913
0.822512
0.854199
0.867905
0.805208
0.781049
0.833689
0.80643
0.874768
0.836384
0.832913
0.822512
0.867905
0.854199
0.874768
3.49157e-32
0.0985536
6.44741e-32
0.0977344
0.191129
0.192995
0.283017
0.279885
0.0977344
0.0985536
6.44741e-32
3.49157e-32
0.363726
0.368333
0.448674
0.442394
0.515648
0.523793
0.593458
0.583269
0.715605
0.700826
0.645056
0.657459
0.279885
0.191129
0.283017
0.192995
0.767723
0.793686
0.813662
0.750417
0.363726
0.448674
0.442394
0.368333
0.86078
0.853286
0.886481
0.830509
0.593458
0.523793
0.583269
0.515648
0.715605
0.657459
0.645056
0.700826
0.901341
0.913152
0.933221
0.884413
0.813662
0.767723
0.750417
0.793686
0.886481
0.86078
0.830509
0.853286
0.911518
0.914913
0.953348
0.946633
0.901341
0.884413
0.913152
0.933221
0.953348
0.911518
0.946633
3.53658e-32
0.0998137
6.51275e-32
0.0992466
0.194612
0.195981
0.288176
0.28578
0.372455
0.376091
0.459441
0.454357
0.0992466
0.0998137
6.51275e-32
3.53658e-32
0.28578
0.288176
0.194612
0.195981
0.531229
0.537957
0.611389
0.602831
0.679509
0.742105
0.729364
0.668943
0.798986
0.832426
0.84998
0.783913
0.372455
0.454357
0.459441
0.376091
0.894934
0.933714
0.910792
0.874761
0.531229
0.602831
0.537957
0.611389
0.966206
0.992314
0.940416
0.963546
0.729364
0.742105
0.679509
0.668943
0.798986
0.832426
0.783913
0.84998
0.990075
1.01196
1.02509
0.980115
0.910792
0.894934
0.933714
0.874761
0.940416
0.992314
0.963546
0.966206
0.993398
0.980115
1.03167
1.03167
0.990075
1.01196
1.02509
3.56373e-32
0.10057
6.54535e-32
0.100255
0.197101
0.197972
0.29186
0.290202
0.379243
0.38191
0.467815
0.463927
0.543977
0.619132
0.549288
0.62606
0.100255
0.10057
6.54535e-32
3.56373e-32
0.197972
0.290202
0.29186
0.197101
0.463927
0.467815
0.38191
0.379243
0.697883
0.764527
0.753825
0.689156
0.866322
0.881454
0.812942
0.825781
0.975389
0.955246
0.931375
0.913805
0.619132
0.543977
0.62606
0.549288
0.990522
1.01336
1.04518
1.01953
0.689156
0.697883
0.753825
0.764527
1.04218
1.09
1.0584
1.07075
0.881454
0.825781
0.866322
0.812942
0.975389
0.931375
0.955246
0.913805
1.1093
1.06815
1.10286
1.07141
0.990522
1.01336
1.01953
1.04518
1.0584
1.04218
1.1093
1.10286
1.07075
1.06815
1.09
3.57302e-32
0.100822
6.5452e-32
0.100759
0.198594
0.198967
0.294071
0.29315
0.384093
0.38579
0.473797
0.471105
0.100759
0.100822
6.5452e-32
3.57302e-32
0.553892
0.637471
0.632173
0.557786
0.712583
0.782872
0.774209
0.705693
0.29315
0.294071
0.198967
0.198594
0.471105
0.473797
0.38579
0.384093
0.553892
0.557786
0.632173
0.637471
0.895375
0.837504
0.908086
0.84811
1.01151
0.994142
0.962608
0.947642
1.03473
1.05462
1.09183
1.06929
0.774209
0.705693
0.712583
0.782872
1.12301
1.11989
1.14807
1.0977
0.837504
0.895375
0.908086
0.84811
1.14534
1.16693
1.17954
1.13579
0.994142
1.01151
0.962608
0.947642
1.09183
1.05462
1.06929
1.03473
1.18585
1.14853
1.14534
1.18585
1.12301
1.0977
1.17954
1.14807
1.11989
1.13579
1.16693
3.56444e-32
0.10057
6.51231e-32
0.100759
0.199091
0.198967
0.294808
0.294624
0.387002
0.387729
0.477386
0.47589
0.560973
0.563452
0.645622
0.641954
0.100759
0.10057
6.51231e-32
3.56444e-32
0.198967
0.294624
0.294808
0.199091
0.723607
0.797141
0.790516
0.718554
0.865973
0.929875
0.919586
0.8576
0.387729
0.387002
0.47589
0.477386
0.641954
0.560973
0.645622
0.563452
0.723607
0.718554
0.797141
0.790516
1.02748
1.04206
0.988636
0.976273
1.07304
1.08999
1.13226
1.11282
1.16873
1.14669
1.19931
1.17454
0.8576
0.919586
0.865973
0.929875
1.24237
1.22388
1.21188
1.1963
0.976273
0.988636
1.04206
1.02748
1.22125
1.25474
1.26093
1.22438
1.13226
1.11282
1.07304
1.08999
1.14669
1.16873
1.17454
1.19931
1.22125
1.21188
1.26093
1.25474
1.1963
1.22388
1.24237
3.53799e-32
0.0998137
6.44668e-32
0.100255
0.198594
0.197972
0.294071
0.294624
0.478283
0.387972
0.387729
0.478582
0.100255
0.0998137
6.44668e-32
3.53799e-32
0.565223
0.566285
0.650512
0.648474
0.730957
0.807332
0.802746
0.727741
0.197972
0.294624
0.294071
0.198594
0.478283
0.478582
0.387972
0.387729
0.87937
0.946821
0.938953
0.87323
1.00946
1.05526
0.999697
1.06707
0.648474
0.650512
0.566285
0.565223
0.802746
0.727741
0.730957
0.807332
0.946821
0.87937
0.87323
0.938953
1.10546
1.15014
1.16646
1.11946
1.18915
1.20792
1.24371
1.22236
1.27102
1.29782
1.24968
1.2737
0.999697
1.05526
1.06707
1.00946
1.28631
1.2955
1.31597
1.3281
1.10546
1.16646
1.15014
1.11946
1.33417
1.33417
1.29857
1.2955
1.20792
1.24371
1.18915
1.22236
1.3281
1.31597
1.2737
1.24968
1.29782
1.28631
1.27102
3.49369e-32
0.0985536
6.34831e-32
0.0992466
0.197101
0.195981
0.29186
0.29315
0.477386
0.478283
0.387002
0.38579
0.566639
0.566285
0.652142
0.651734
0.0992466
0.0985536
6.34831e-32
3.49369e-32
0.195981
0.29315
0.29186
0.197101
0.734631
0.813447
0.810899
0.733253
0.888301
0.958926
0.953479
0.884394
0.478283
0.477386
0.38579
0.387002
0.651734
0.566639
0.652142
0.566285
1.02507
1.08651
1.01792
1.07748
1.13198
1.18123
1.19445
1.14303
0.734631
0.733253
0.813447
0.810899
0.884394
0.953479
0.958926
0.888301
1.01792
1.07748
1.08651
1.02507
1.22507
1.26335
1.24058
1.28128
1.29595
1.34586
1.31641
1.32276
1.36954
1.34371
1.38736
1.35872
1.13198
1.18123
1.14303
1.19445
1.40524
1.36774
1.37075
1.39927
1.22507
1.24058
1.28128
1.26335
1.36774
1.40524
1.39927
1.35872
1.32276
1.31641
1.29595
1.34586
1.36954
1.34371
1.38736
3.43152e-32
0.0967893
6.21719e-32
0.0977344
0.194612
0.192995
0.288176
0.290202
0.38191
0.473797
0.47589
0.384093
0.0977344
0.0967893
6.21719e-32
3.43152e-32
0.565223
0.563452
0.650512
0.651734
0.734631
0.815485
0.735091
0.814975
0.192995
0.290202
0.288176
0.194612
0.47589
0.473797
0.384093
0.38191
0.892766
0.966188
0.963162
0.891092
1.09415
1.03548
1.1004
1.03093
0.563452
0.565223
0.650512
0.651734
0.735091
0.814975
0.815485
0.734631
1.15261
1.16071
1.20611
1.21621
1.25446
1.2667
1.31201
1.2975
0.892766
0.966188
0.891092
0.963162
1.1004
1.03548
1.03093
1.09415
1.21621
1.15261
1.20611
1.16071
1.33509
1.36711
1.35199
1.38651
1.43872
1.41545
1.41403
1.39345
1.43763
1.45623
1.46794
1.42877
1.25446
1.31201
1.2667
1.2975
1.43763
1.4738
1.44059
1.4738
1.38651
1.36711
1.33509
1.35199
1.42877
1.43872
1.41545
1.45623
1.46794
1.39345
1.41403
3.35148e-32
0.0945211
6.05333e-32
0.0957182
0.191129
0.28578
0.189013
0.283017
0.376091
0.467815
0.471105
0.379243
0.0957182
0.0945211
6.05333e-32
3.35148e-32
0.560974
0.557787
0.645622
0.648474
0.189013
0.28578
0.283017
0.191129
0.730957
0.733253
0.813447
0.814975
0.892766
0.968609
0.968004
0.893325
0.379243
0.471105
0.467815
0.376091
0.557787
0.648474
0.560974
0.645622
1.10526
1.04069
1.10873
1.03874
1.1725
1.16734
1.23176
1.22476
0.733253
0.813447
0.814975
0.730957
0.968004
0.968609
0.892766
0.893325
1.27731
1.33592
1.32482
1.28629
1.41977
1.36712
1.38046
1.40406
1.10873
1.04069
1.03874
1.10526
1.16734
1.22476
1.23176
1.1725
1.27731
1.28629
1.32482
1.33592
1.46143
1.43554
1.45371
1.48217
1.50505
1.52227
1.49615
1.48166
1.53956
1.50778
1.53379
1.50487
1.40406
1.38046
1.36712
1.41977
1.53956
1.50487
1.53379
1.49615
1.52227
1.46143
1.50505
1.43554
1.48166
1.45371
1.48217
3.25358e-32
0.0917487
5.85672e-32
0.0931978
0.0931978
0.0917487
5.85672e-32
3.25358e-32
0.18665
0.276384
0.279885
0.184037
0.368333
0.459441
0.463927
0.372455
0.553892
0.549288
0.637471
0.641954
0.279885
0.276384
0.18665
0.184037
0.727741
0.723607
0.807332
0.810899
0.463927
0.459441
0.368333
0.372455
0.888301
0.966188
0.968004
0.891092
1.04069
1.11151
1.11082
1.04134
0.549288
0.641954
0.553892
0.637471
0.723607
0.807332
0.727741
0.810899
1.17618
1.17839
1.24108
1.2372
1.29364
1.29935
1.34531
1.35299
0.966188
0.888301
0.891092
0.968004
1.04069
1.04134
1.11082
1.11151
1.39203
1.40181
1.44564
1.43363
1.46997
1.51772
1.48431
1.50093
1.17618
1.2372
1.17839
1.24108
1.29364
1.35299
1.29935
1.34531
1.39203
1.44564
1.43363
1.40181
1.56824
1.5463
1.5264
1.54572
1.59654
1.5852
1.56057
1.56914
1.56914
1.57201
1.60221
1.60221
1.46997
1.50093
1.51772
1.48431
1.59654
1.5463
1.56057
1.5852
1.54572
1.56824
1.5264
3.13781e-32
0.0884722
5.62736e-32
0.0901734
0.181175
0.178064
0.268278
0.272515
0.0901734
0.0884722
5.62736e-32
3.13781e-32
0.272515
0.268278
0.181175
0.178064
0.358635
0.448674
0.454357
0.363726
0.543977
0.537957
0.62606
0.632173
0.718554
0.712583
0.797141
0.802746
0.363726
0.358635
0.454357
0.448674
0.87937
0.958926
0.963162
0.884394
0.632173
0.62606
0.543977
0.537957
1.03548
1.10873
1.11082
1.03874
1.17913
1.24419
1.24342
1.17839
0.718554
0.797141
0.712583
0.802746
0.958926
0.963162
0.87937
0.884394
1.30588
1.36324
1.30344
1.35897
1.40982
1.41604
1.46411
1.4558
1.10873
1.03874
1.11082
1.03548
1.17839
1.24342
1.17913
1.24419
1.49675
1.50727
1.54536
1.53253
1.58809
1.60585
1.56301
1.57826
1.35897
1.30344
1.30588
1.36324
1.41604
1.40982
1.46411
1.4558
1.49675
1.54536
1.53253
1.50727
1.64475
1.62804
1.60769
1.62174
1.633
1.63018
1.65592
1.66151
1.63018
1.66151
1.62174
1.65592
1.56301
1.60769
1.60585
1.57826
1.62804
1.64475
1.58809
3.00417e-32
0.0866448
0.0846916
5.36525e-32
0.174705
0.171096
0.258697
0.263672
0.346996
0.435515
0.442394
0.353058
0.0866448
0.0846916
5.36525e-32
3.00417e-32
0.171096
0.263672
0.258697
0.174705
0.442394
0.435515
0.346996
0.353058
0.531229
0.523793
0.611389
0.619132
0.705693
0.697883
0.782872
0.790516
0.87323
0.865973
0.946821
0.953479
0.523793
0.619132
0.531229
0.611389
1.02507
1.1004
1.10526
1.03093
0.705693
0.782872
0.790516
0.697883
1.24342
1.17618
1.1725
1.24108
1.36665
1.3067
1.30588
1.3658
0.865973
0.87323
0.953479
0.946821
1.03093
1.10526
1.1004
1.02507
1.42049
1.4752
1.47058
1.42316
1.51588
1.56511
1.52257
1.55622
1.24342
1.17618
1.1725
1.24108
1.36665
1.30588
1.3658
1.3067
1.6351
1.62152
1.60267
1.59148
1.66231
1.64625
1.66556
1.68419
1.42049
1.4752
1.47058
1.42316
1.51588
1.56511
1.52257
1.55622
1.62152
1.59148
1.6351
1.60267
1.67941
1.71168
1.68773
1.70066
1.71719
1.71719
1.69051
1.68773
1.67941
1.68419
1.70066
1.71168
1.66231
1.66556
1.64625
2.85267e-32
5.07039e-32
0.0826121
0.0804068
0.167239
0.163133
0.247643
0.253354
0.333418
0.419962
0.428037
0.34045
0.0826121
0.0804068
5.07039e-32
2.85267e-32
0.515648
0.506795
0.593458
0.602831
0.163133
0.253354
0.247643
0.167239
0.34045
0.333418
0.428037
0.419962
0.506795
0.602831
0.593458
0.515648
0.689156
0.679509
0.764527
0.774209
0.84811
0.929875
0.938953
0.8576
1.00946
1.08651
1.09415
1.01792
0.689156
0.774209
0.764527
0.679509
1.16734
1.23176
1.2372
1.16071
0.929875
0.938953
0.84811
0.8576
1.29935
1.36324
1.30344
1.3658
1.47889
1.42405
1.42316
1.47797
1.08651
1.00946
1.01792
1.09415
1.2372
1.16734
1.23176
1.16071
1.57202
1.52735
1.53022
1.57696
1.61893
1.64659
1.61182
1.656
1.29935
1.36324
1.30344
1.3658
1.47889
1.42316
1.42405
1.47797
1.71486
1.70062
1.68801
1.67623
1.73645
1.71968
1.73334
1.75272
1.52735
1.57696
1.57202
1.53022
1.656
1.64659
1.61182
1.61893
1.67623
1.70062
1.68801
1.71486
1.74429
1.74155
1.76359
1.76904
1.76904
1.74155
1.73334
1.75272
1.76359
1.73645
1.71968
2.6833e-32
0.0756179
4.74279e-32
0.0780753
0.0780753
0.0756179
4.74279e-32
2.6833e-32
0.158778
0.154174
0.235114
0.241562
0.3179
0.402016
0.411288
0.325902
0.497234
0.486964
0.572265
0.583269
0.241562
0.235114
0.158778
0.154174
0.668943
0.657459
0.742105
0.753826
0.411288
0.3179
0.402016
0.325902
0.572265
0.486964
0.583269
0.497234
0.668943
0.753826
0.742105
0.657459
0.837504
0.825781
0.908086
0.919586
0.988636
1.06707
1.07748
0.999697
1.15261
1.22476
1.14303
1.21621
0.908086
0.919586
0.825781
0.837504
1.28629
1.35897
1.29364
1.35299
0.988636
0.999697
1.07748
1.06707
1.4752
1.47797
1.42049
1.41604
1.57992
1.53118
1.58091
1.53022
1.22476
1.15261
1.14303
1.21621
1.35897
1.29364
1.28629
1.35299
1.62707
1.66853
1.66331
1.62402
1.70514
1.72691
1.73677
1.69765
1.41604
1.42049
1.47797
1.4752
1.58091
1.53022
1.53118
1.57992
1.78464
1.7633
1.76982
1.751
1.78331
1.79142
1.81145
1.8007
1.62402
1.62707
1.66331
1.66853
1.69765
1.70514
1.73677
1.72691
1.7633
1.78464
1.751
1.76982
1.79413
1.81683
1.81683
1.79142
1.8007
1.81145
1.78331
2.49606e-32
0.0703248
4.38243e-32
0.0730343
2.49606e-32
0.0730343
0.0703248
4.38243e-32
0.149322
0.14422
0.221111
0.228297
0.228297
0.221111
0.149322
0.14422
0.309414
0.300442
0.381678
0.392146
0.475987
0.4643
0.547812
0.560446
0.645056
0.631733
0.715605
0.729364
0.392146
0.381678
0.300442
0.309414
0.812942
0.798986
0.881454
0.895376
0.4643
0.560446
0.547812
0.475987
0.645056
0.729364
0.715605
0.631733
0.798986
0.812942
0.895376
0.881454
0.962608
1.04206
1.05526
0.976273
1.13198
1.19445
1.11946
1.20611
1.34531
1.27731
1.2667
1.33592
0.962608
1.04206
1.05526
0.976273
1.47058
1.40181
1.40982
1.46411
1.11946
1.20611
1.19445
1.13198
1.57696
1.57992
1.52257
1.52735
1.62707
1.67166
1.67271
1.62808
1.34531
1.33592
1.2667
1.27731
1.40982
1.47058
1.40181
1.46411
1.74991
1.71049
1.71371
1.74444
1.78119
1.80743
1.79717
1.77336
1.57696
1.52735
1.52257
1.57992
1.62808
1.67166
1.62707
1.67271
1.81578
1.82912
1.84443
1.82854
1.83714
1.83982
1.85506
1.86039
1.71371
1.71049
1.74444
1.74991
1.80743
1.77336
1.79717
1.78119
1.86039
1.81578
1.85506
1.83714
1.82912
1.84443
1.82854
0.0674891
0.0645275
3.98932e-32
2.29095e-32
2.29095e-32
0.0645275
3.98932e-32
0.0674891
0.13887
0.13327
0.205634
0.213556
0.13887
0.13327
0.213556
0.205634
0.281044
0.358946
0.370611
0.290986
0.370611
0.358946
0.281044
0.290986
0.451906
0.438803
0.520097
0.534362
0.617492
0.602332
0.685027
0.700826
0.783913
0.767724
0.84998
0.866323
0.520097
0.438803
0.534362
0.451906
0.947643
0.931375
1.01151
1.02748
0.602332
0.617492
0.700826
0.685027
0.84998
0.783913
0.866323
0.767724
0.947643
1.02748
1.01151
0.931375
1.18123
1.10546
1.08999
1.16646
1.32482
1.25446
1.31201
1.24058
1.4558
1.38046
1.44564
1.39203
1.18123
1.16646
1.10546
1.08999
1.57202
1.50727
1.56511
1.51588
1.32482
1.24058
1.25446
1.31201
1.61893
1.66853
1.62402
1.67166
1.7532
1.75429
1.71478
1.71371
1.4558
1.44564
1.38046
1.39203
1.50727
1.51588
1.57202
1.56511
1.79014
1.82111
1.81541
1.78678
1.84709
1.85739
1.86799
1.83898
1.62402
1.66853
1.67166
1.61893
1.71371
1.71478
1.7532
1.75429
1.87059
1.88373
1.89426
1.87853
1.87853
1.88118
1.89953
1.89953
1.81541
1.78678
1.82111
1.79014
1.84709
1.86799
1.85739
1.89426
1.88373
1.83898
1.87059
0.0614398
0.0582261
3.56347e-32
2.06798e-32
0.197342
0.188682
0.127422
0.121324
2.06798e-32
0.0582261
3.56347e-32
0.0614398
0.127422
0.121324
0.188682
0.197342
0.259706
0.333821
0.346682
0.270618
0.333821
0.259706
0.270618
0.346682
0.424991
0.410471
0.489122
0.505017
0.410471
0.505017
0.489122
0.424991
0.586253
0.569255
0.650372
0.668209
0.750417
0.731994
0.813662
0.832426
0.894934
0.975389
0.994142
0.913805
0.569255
0.586253
0.668209
0.650372
1.07304
1.05462
1.13226
1.15014
0.731994
0.813662
0.750417
0.832426
0.975389
0.913805
0.994142
0.894934
1.05462
1.15014
1.07304
1.13226
1.20792
1.22507
1.28128
1.2975
1.43363
1.352
1.41977
1.36712
1.54536
1.48432
1.55622
1.49675
1.2975
1.28128
1.20792
1.22507
1.60267
1.66331
1.656
1.61182
1.352
1.36712
1.43363
1.41977
1.74991
1.70514
1.7532
1.71049
1.79126
1.82567
1.82453
1.79014
1.55622
1.54536
1.49675
1.48432
1.66331
1.61182
1.60267
1.656
1.87624
1.85289
1.85637
1.88213
1.90285
1.89449
1.91845
1.90757
1.74991
1.71049
1.70514
1.7532
1.79126
1.82567
1.82453
1.79014
1.91806
1.92889
1.91543
1.93412
1.91543
1.92889
1.90757
1.93412
1.87624
1.85637
1.88213
1.85289
1.91845
1.90285
1.89449
0.0548863
0.0514205
3.10486e-32
1.82713e-32
0.179654
0.170257
0.114979
0.108383
1.82713e-32
0.0514205
3.10486e-32
0.0548863
0.320361
0.306302
0.236427
0.248309
0.114979
0.108383
0.170257
0.179654
0.236427
0.306302
0.320361
0.248309
0.395243
0.379307
0.454885
0.472411
0.472411
0.454885
0.395243
0.379307
0.551338
0.532501
0.611638
0.631515
0.551338
0.631515
0.611638
0.532501
0.712454
0.691798
0.7725
0.793686
0.874761
0.853286
0.933714
0.955246
1.03473
1.01336
1.09183
1.11282
0.7725
0.712454
0.793686
0.691798
1.26335
1.18915
1.24371
1.16873
0.853286
0.933714
0.955246
0.874761
1.01336
1.11282
1.09183
1.03473
1.26335
1.16873
1.18915
1.24371
1.38651
1.31641
1.40406
1.33509
1.51772
1.53253
1.45371
1.46997
1.64659
1.57826
1.6351
1.59148
1.31641
1.40406
1.38651
1.33509
1.68801
1.73677
1.74444
1.69765
1.45371
1.51772
1.53253
1.46997
1.78119
1.82111
1.78678
1.82453
1.85753
1.85637
1.88566
1.88684
1.59148
1.57826
1.64659
1.6351
1.74444
1.69765
1.73677
1.68801
1.92692
1.93297
1.9124
1.90882
1.9477
1.9399
1.94846
1.95882
1.78678
1.82111
1.78119
1.82453
1.88684
1.85753
1.85637
1.88566
1.95031
1.9477
1.964
1.964
1.92692
1.9124
1.9399
1.95882
1.90882
1.93297
1.94846
0.0478286
0.0441107
2.6135e-32
1.56842e-32
0.160491
0.150357
0.10154
0.0944467
1.56842e-32
0.0441107
2.6135e-32
0.0478286
0.291645
0.27639
0.211209
0.224061
0.10154
0.0944467
0.150357
0.160491
0.436544
0.417387
0.362662
0.345308
0.211209
0.27639
0.291645
0.224061
0.362662
0.345308
0.417387
0.436544
0.512746
0.492072
0.568827
0.590742
0.512746
0.590742
0.568827
0.492072
0.670024
0.647133
0.726494
0.750103
0.647133
0.670024
0.750103
0.726494
0.80643
0.886481
0.910792
0.830509
0.990522
0.966206
1.04518
1.06929
1.14669
1.22236
1.12301
1.19931
0.80643
0.910792
0.886481
0.830509
1.2737
1.36711
1.34586
1.29595
0.966206
1.04518
1.06929
0.990522
1.19931
1.12301
1.22236
1.14669
1.34586
1.2737
1.29595
1.36711
1.50093
1.41545
1.48217
1.43554
1.54572
1.62152
1.60585
1.56301
1.66231
1.71486
1.72691
1.67623
1.48217
1.50093
1.41545
1.43554
1.80743
1.7633
1.77336
1.81541
1.62152
1.56301
1.54572
1.60585
1.84709
1.88213
1.85289
1.88566
1.93781
1.9136
1.9124
1.9366
1.72691
1.66231
1.67623
1.71486
1.80743
1.77336
1.81541
1.7633
1.95457
1.96746
1.97363
1.95824
1.98393
1.97521
1.9778
1.98908
1.88566
1.84709
1.88213
1.85289
1.9136
1.9366
1.9124
1.93781
1.95824
1.96746
1.97363
1.97521
1.98908
1.98393
1.95457
0.0402667
0.0362968
2.08939e-32
1.29184e-32
0.139854
0.128982
0.0871051
0.0795144
1.29184e-32
0.0362968
2.08939e-32
0.0402667
0.260537
0.244086
0.18405
0.197872
0.0871051
0.0795144
0.128982
0.139854
0.397415
0.376628
0.327246
0.308476
0.18405
0.244086
0.260537
0.197872
0.470479
0.545891
0.521936
0.447966
0.327246
0.308476
0.376628
0.397415
0.470479
0.447966
0.521936
0.545891
0.623126
0.598001
0.675644
0.701675
0.623126
0.701675
0.598001
0.675644
0.781049
0.754366
0.833689
0.86078
0.833689
0.754366
0.781049
0.86078
0.940416
0.913152
0.992314
1.01953
1.17454
1.0977
1.07075
1.14807
1.29782
1.32276
1.22388
1.24968
0.913152
1.01953
0.992314
0.940416
1.36954
1.43872
1.46143
1.39345
1.14807
1.07075
1.17454
1.0977
1.29782
1.22388
1.32276
1.24968
1.36954
1.43872
1.39345
1.46143
1.58809
1.56824
1.50505
1.5264
1.62804
1.68419
1.70062
1.64625
1.78464
1.751
1.79717
1.73645
1.58809
1.56824
1.50505
1.5264
1.83898
1.82854
1.87624
1.86799
1.68419
1.64625
1.62804
1.70062
1.93297
1.90285
1.90882
1.9366
1.97857
1.97734
1.95946
1.95824
1.73645
1.78464
1.751
1.79717
1.86799
1.87624
1.83898
1.82854
1.99786
2.00413
1.99015
1.99389
2.00043
2.00926
2.00926
1.99786
1.90882
1.93297
1.9366
1.90285
1.97734
2.00413
1.95946
1.97857
1.99389
1.99015
1.95824
0.0322007
0.0279787
1.53254e-32
9.97398e-33
9.97398e-33
0.0279787
1.53254e-32
0.0322007
0.117743
0.106134
0.0716751
0.0635866
0.227035
0.209387
0.154951
0.169743
0.0716751
0.0635866
0.106134
0.117743
0.26881
0.355025
0.332607
0.288997
0.154951
0.209387
0.227035
0.169743
0.424535
0.496962
0.470968
0.400184
0.288997
0.26881
0.332607
0.355025
0.57176
0.648402
0.619949
0.544402
0.424535
0.400184
0.470968
0.496962
0.57176
0.544402
0.619949
0.648402
0.726381
0.697094
0.775337
0.805208
0.726381
0.805208
0.775337
0.697094
0.884413
0.8542
0.933222
0.963546
0.963546
0.8542
0.933222
0.884413
1.11989
1.04218
1.09
1.01196
1.16693
1.1963
1.27102
1.24237
1.31597
1.41403
1.38736
1.34371
1.09
1.01196
1.11989
1.04218
1.45623
1.5463
1.52227
1.48166
1.16693
1.24237
1.1963
1.27102
1.38736
1.31597
1.41403
1.34371
1.5463
1.45623
1.52227
1.48166
1.66556
1.5852
1.64475
1.60769
1.75272
1.70066
1.76982
1.71968
1.81578
1.80071
1.84443
1.85739
1.5852
1.64475
1.66556
1.60769
1.88373
1.92692
1.89449
1.91845
1.70066
1.76982
1.71968
1.75272
1.94846
1.97363
1.95457
1.97734
2.00915
1.99389
1.99514
2.00789
1.81578
1.85739
1.84443
1.80071
1.89449
1.91845
1.88373
1.92692
2.02446
2.01813
2.01557
2.01935
2.01935
2.00789
2.01557
2.02446
1.97363
1.95457
1.94846
1.97734
1.99514
2.00915
1.99389
6.85085e-33
0.0191565
9.42933e-33
0.0236306
0.0236306
0.0191565
9.42933e-33
6.85085e-33
0.0941572
0.0818117
0.0552496
0.0466633
0.0552496
0.0466633
0.0818117
0.0941572
0.191141
0.172296
0.123913
0.139675
0.309374
0.285325
0.247915
0.226311
0.123913
0.172296
0.139675
0.191141
0.374915
0.443954
0.415921
0.348726
0.247915
0.226311
0.285325
0.309374
0.515926
0.590285
0.486334
0.55941
0.374915
0.348726
0.415921
0.443954
0.666505
0.744076
0.711426
0.634613
0.515926
0.486334
0.55941
0.590285
0.666505
0.634613
0.711426
0.744076
0.822512
0.78935
0.867905
0.901341
0.822512
0.901341
0.78935
0.867905
0.946633
1.02509
0.980115
1.0584
0.946633
1.0584
1.02509
0.980115
1.17954
1.21188
1.10286
1.13579
1.25474
1.35872
1.28631
1.3281
1.39927
1.46794
1.49615
1.42877
1.17954
1.10286
1.21188
1.13579
1.53379
1.62174
1.59654
1.56057
1.3281
1.25474
1.28631
1.35872
1.49615
1.39927
1.46794
1.42877
1.59654
1.53379
1.62174
1.56057
1.71168
1.73334
1.65592
1.67941
1.81145
1.76359
1.82912
1.78331
1.87059
1.89426
1.90757
1.85506
1.65592
1.73334
1.67941
1.71168
1.9399
1.95882
1.92889
1.96746
1.78331
1.81145
1.82912
1.76359
1.99015
2.00789
1.98393
2.00413
2.02953
2.01935
2.02826
2.02061
1.85506
1.87059
1.90757
1.89426
1.9399
1.96746
1.95882
1.92889
2.02826
2.03081
2.03463
2.03463
2.00413
2.02953
2.02061
2.00789
1.99015
1.98393
2.01935
0.0145563
0.00983021
3.20585e-33
3.54906e-33
3.54906e-33
0.00983021
3.20585e-33
0.0145563
0.0378285
0.0287445
0.0560152
0.0690976
0.0690976
0.0560152
0.0378285
0.0287445
0.152853
0.132811
0.0909339
0.107666
0.0909339
0.107666
0.132811
0.152853
0.260461
0.234782
0.203999
0.180978
0.321619
0.386868
0.356796
0.293592
0.203999
0.180978
0.234782
0.260461
0.455625
0.527324
0.494027
0.423799
0.321619
0.293592
0.356796
0.386868
0.60142
0.677385
0.641955
0.566924
0.455625
0.423799
0.494027
0.527324
0.754713
0.832913
0.796365
0.718601
0.60142
0.566924
0.641955
0.677385
0.832913
0.754713
0.718601
0.796365
0.874768
0.953349
0.990075
0.911518
0.911518
0.990075
0.874768
0.953349
1.14534
1.03167
1.06815
1.1093
1.14534
1.03167
1.1093
1.06815
1.18585
1.26093
1.2955
1.22125
1.33417
1.40524
1.43763
1.36774
1.53956
1.56914
1.4738
1.50487
1.26093
1.18585
1.2955
1.22125
1.60221
1.68773
1.66151
1.63018
1.43763
1.40524
1.33417
1.36774
1.4738
1.56914
1.50487
1.53956
1.60221
1.68773
1.66151
1.63018
1.74155
1.71719
1.76904
1.79142
1.83714
1.81683
1.87853
1.86039
1.9477
1.89953
1.91543
1.93412
1.76904
1.79142
1.71719
1.74155
1.99786
1.98908
1.97521
1.964
1.81683
1.86039
1.83714
1.87853
2.00926
2.01557
2.02826
2.02446
2.03844
2.0359
2.03463
2.03972
1.93412
1.89953
1.91543
1.9477
1.964
1.97521
1.99786
1.98908
2.03463
2.02826
2.0359
2.03972
2.00926
2.02446
2.01557
8.32048e-35
0.00497802
0.00497802
8.32048e-35
0.042564
0.019412
0.019412
0.042564
0.112172
0.0737171
0.0737171
0.112172
0.157249
0.208287
0.157249
0.208287
0.264647
0.325703
0.390856
0.459518
0.264647
0.325703
0.531127
0.605134
0.459518
0.390856
0.681015
0.758261
0.605134
0.531127
0.836384
0.914913
0.681015
0.758261
0.836384
0.914913
0.993399
1.07141
0.993399
1.07141
1.14853
1.22438
1.22438
1.14853
1.29857
1.37075
1.44059
1.50778
1.633
1.57201
1.37075
1.29857
1.74429
1.69051
1.50778
1.44059
1.57201
1.633
1.74429
1.69051
1.79413
1.83982
1.91806
1.88118
1.9778
1.95031
1.79413
1.83982
2.01813
2.00043
1.91806
1.88118
2.03844
2.03081
2.04099
2.03844
1.95031
1.9778
2.00043
2.03081
2.01813
0.874768
1.18585
1.1093
0.00983021
0.953349
1.03167
0.953349
1.03167
0.874768
0.132811
0.180978
0.796365
1.1093
0.293592
0.718601
0.641955
1.18585
0.566924
0.494027
1.26093
0.423799
0.356796
1.33417
0.234782
1.40524
1.4738
0.0909339
0.0560152
1.53956
0.0287445
1.60221
1.66151
0.00983021
1.26093
1.33417
1.71719
1.76904
1.4738
1.81683
0.0287445
1.86039
1.89953
0.0560152
1.93412
1.964
0.0909339
1.98908
2.00926
0.132811
1.89953
2.02446
1.93412
2.03463
0.180978
2.03972
2.03972
0.234782
2.03463
2.02446
0.293592
2.00926
1.98908
0.356796
1.964
0.423799
1.86039
0.494027
1.81683
1.76904
0.566924
1.71719
1.66151
0.641955
1.60221
1.53956
0.718601
1.40524
0.796365
3.20585e-33
3.20585e-33
3.54906e-33
0.0145563
0.0145563
3.54906e-33
0.0690976
0.0378285
0.0378285
0.0690976
0.107666
0.152853
0.107666
0.152853
0.260461
0.203999
0.203999
0.260461
0.386868
0.321619
0.527324
0.455625
0.321619
0.386868
0.60142
0.677385
0.527324
0.455625
0.832913
0.754713
0.60142
0.677385
0.911518
0.990075
0.754713
0.832913
0.911518
0.990075
1.14534
1.06815
1.14534
1.06815
1.22125
1.2955
1.2955
1.22125
1.43763
1.36774
1.56914
1.50487
1.63018
1.68773
1.36774
1.43763
1.79142
1.74155
1.56914
1.50487
1.68773
1.63018
1.74155
1.79142
1.83714
1.87853
1.9477
1.91543
1.97521
1.99786
1.87853
1.83714
2.02826
2.01557
1.9477
1.91543
2.03844
2.0359
2.0359
2.02826
1.99786
1.97521
2.01557
1.10286
1.02509
1.02509
0.946633
1.10286
0.867905
0.0818117
0.78935
0.711426
1.17954
0.634613
1.25474
0.55941
0.486334
0.415921
1.3281
0.348726
1.39927
0.285325
0.226311
0.172296
1.46794
0.123913
1.53379
0.0466633
0.0191565
1.59654
1.65592
0.0191565
1.71168
1.17954
1.76359
1.81145
1.3281
0.0466633
1.85506
1.89426
1.53379
1.92889
0.0818117
1.95882
0.123913
1.98393
2.00413
2.01935
1.81145
0.172296
2.02953
0.226311
1.92889
2.03463
2.03463
2.02953
0.285325
2.01935
0.348726
2.00413
1.98393
1.95882
0.415921
0.486334
1.89426
1.85506
0.55941
1.76359
0.634613
1.71168
1.65592
1.59654
0.711426
0.78935
1.46794
1.39927
0.867905
1.25474
0.946633
9.42933e-33
9.42933e-33
6.85085e-33
0.0236306
0.0236306
6.85085e-33
0.0941572
0.0552496
0.0552496
0.0941572
0.139675
0.191141
0.191141
0.139675
0.309374
0.247915
0.247915
0.309374
0.443954
0.374915
0.515926
0.590285
0.374915
0.443954
0.666505
0.744076
0.590285
0.515926
0.822512
0.901341
0.744076
0.666505
1.0584
0.980115
0.822512
0.901341
1.0584
0.980115
1.13579
1.21188
1.21188
1.13579
1.35872
1.28631
1.28631
1.35872
1.49615
1.42877
1.62174
1.56057
1.67941
1.73334
1.49615
1.42877
1.78331
1.82912
1.56057
1.62174
1.73334
1.67941
1.78331
1.82912
1.87059
1.90757
1.9399
1.96746
1.99015
2.00789
1.90757
1.87059
2.02826
2.02061
1.9399
1.96746
2.03081
2.02826
2.02061
1.99015
2.00789
1.09
0.933222
1.16693
0.0279787
0.8542
0.775337
0.697094
1.24237
0.619949
0.209387
0.26881
1.31597
0.544402
0.470968
0.400184
1.38736
0.332607
1.45623
0.154951
1.52227
0.106134
1.5852
0.0635866
1.64475
1.70066
0.0279787
1.75272
1.09
1.80071
0.0635866
1.84443
1.88373
1.91845
1.38736
1.45623
0.106134
1.94846
0.154951
1.97363
1.99389
2.00915
0.209387
1.75272
2.01935
0.26881
1.84443
1.88373
2.02446
2.02446
2.01935
0.332607
2.00915
0.400184
1.99389
1.97363
1.94846
0.470968
1.91845
0.544402
1.80071
0.619949
0.697094
1.70066
1.64475
1.5852
0.775337
1.52227
0.8542
1.31597
0.933222
1.24237
1.01196
1.16693
1.01196
1.53254e-32
1.53254e-32
9.97398e-33
0.0322007
0.0322007
9.97398e-33
0.0716751
0.117743
0.0716751
0.117743
0.169743
0.227035
0.227035
0.169743
0.355025
0.288997
0.288997
0.355025
0.424535
0.496962
0.57176
0.648402
0.424535
0.496962
0.726381
0.805208
0.648402
0.57176
0.963546
0.884413
0.726381
0.805208
1.11989
1.04218
0.884413
0.963546
1.11989
1.04218
1.27102
1.1963
1.27102
1.1963
1.34371
1.41403
1.41403
1.34371
1.5463
1.48166
1.66556
1.60769
1.71968
1.76982
1.48166
1.5463
1.81578
1.85739
1.60769
1.66556
1.76982
1.71968
1.81578
1.85739
1.92692
1.89449
1.95457
1.97734
1.99514
2.00789
1.89449
1.92692
2.01813
2.01557
1.97734
1.95457
2.01557
2.00789
1.99514
1.22388
0.754366
0.675644
1.29782
0.598001
0.521936
1.36954
0.447966
0.376628
1.43872
0.308476
0.244086
1.50505
0.18405
0.128982
1.56824
0.0795144
0.0362968
1.62804
1.68419
0.0362968
0.833689
0.913152
1.73645
1.78464
1.07075
1.82854
0.0795144
1.86799
1.90285
0.128982
1.93297
1.95824
0.18405
1.97857
1.99389
0.244086
1.62804
2.00413
1.68419
2.00926
0.308476
2.00926
2.00413
0.376628
1.86799
1.90285
1.99389
1.97857
0.447966
1.95824
1.93297
0.521936
0.598001
1.82854
1.78464
0.675644
1.73645
0.754366
1.56824
0.833689
1.50505
1.43872
0.913152
1.36954
1.29782
0.992314
1.22388
1.14807
1.07075
0.992314
1.14807
2.08939e-32
2.08939e-32
1.29184e-32
0.0402667
0.0402667
1.29184e-32
0.139854
0.0871051
0.0871051
0.139854
0.260537
0.197872
0.197872
0.260537
0.397415
0.327246
0.327246
0.397415
0.545891
0.470479
0.623126
0.701675
0.545891
0.470479
0.86078
0.781049
0.623126
0.701675
1.01953
0.940416
0.86078
0.781049
1.17454
1.0977
1.01953
0.940416
1.0977
1.17454
1.32276
1.24968
1.24968
1.32276
1.46143
1.39345
1.39345
1.46143
1.58809
1.5264
1.70062
1.64625
1.751
1.79717
1.5264
1.58809
1.87624
1.83898
1.64625
1.70062
1.79717
1.751
1.87624
1.83898
1.90882
1.9366
1.95946
1.97734
1.99015
1.99786
1.9366
1.90882
1.99786
2.00043
1.95946
1.99015
1.97734
0.647133
0.568827
1.34586
0.492072
1.41545
0.417387
0.345308
0.27639
1.48217
0.211209
1.54572
0.150357
0.0944467
0.0441107
1.60585
1.66231
0.0441107
1.71486
0.726494
1.7633
1.80743
0.886481
0.0944467
1.84709
1.88213
1.12301
1.9124
0.150357
1.93781
0.211209
1.95824
1.97363
1.98393
1.48217
0.27639
1.98908
0.345308
1.66231
1.98908
1.98393
1.97363
0.417387
1.80743
1.95824
0.492072
1.93781
1.9124
1.88213
0.568827
1.84709
0.647133
1.7633
1.71486
0.726494
0.80643
1.60585
1.54572
0.886481
1.41545
0.966206
1.34586
1.2737
1.19931
1.04518
1.12301
1.04518
0.966206
1.19931
0.80643
1.2737
2.6135e-32
2.6135e-32
1.56842e-32
0.0478286
0.0478286
1.56842e-32
0.160491
0.10154
0.10154
0.160491
0.291645
0.224061
0.291645
0.224061
0.362662
0.436544
0.362662
0.436544
0.512746
0.590742
0.670024
0.750103
0.512746
0.590742
0.910792
0.830509
0.750103
0.670024
1.06929
0.990522
0.910792
0.830509
1.22236
1.14669
1.06929
0.990522
1.14669
1.22236
1.36711
1.29595
1.36711
1.29595
1.50093
1.43554
1.50093
1.43554
1.62152
1.56301
1.67623
1.72691
1.81541
1.77336
1.56301
1.62152
1.85289
1.88566
1.72691
1.67623
1.77336
1.81541
1.88566
1.85289
1.9366
1.9136
1.96746
1.95457
1.97521
1.9778
1.9136
1.9366
1.96746
1.97521
1.95457
1.38651
0.454885
1.45371
0.379307
0.306302
0.236427
1.51772
0.170257
1.57826
0.108383
0.0514205
1.6351
1.68801
0.0514205
1.73677
0.611638
1.78119
0.108383
1.82111
1.85637
1.88684
0.933714
1.01336
0.170257
1.9124
0.236427
1.93297
1.94846
1.95882
0.306302
1.38651
1.964
0.379307
1.51772
1.57826
1.964
1.95882
1.94846
0.454885
1.73677
1.93297
0.532501
1.9124
1.88684
1.85637
0.611638
1.82111
0.691798
1.78119
1.68801
0.7725
1.6351
0.853286
1.45371
0.933714
1.01336
1.31641
1.24371
1.16873
1.09183
1.09183
1.16873
0.853286
1.24371
0.7725
1.31641
0.691798
0.532501
3.10486e-32
3.10486e-32
1.82713e-32
0.0548863
0.0548863
1.82713e-32
0.114979
0.179654
0.114979
0.179654
0.320361
0.248309
0.248309
0.320361
0.395243
0.472411
0.395243
0.472411
0.631515
0.551338
0.793686
0.712454
0.551338
0.631515
0.874761
0.955246
0.712454
0.793686
1.03473
1.11282
0.874761
0.955246
1.18915
1.26335
1.11282
1.03473
1.18915
1.26335
1.40406
1.33509
1.40406
1.33509
1.53253
1.46997
1.46997
1.53253
1.64659
1.59148
1.74444
1.69765
1.78678
1.82453
1.59148
1.64659
1.88566
1.85753
1.74444
1.69765
1.78678
1.82453
1.88566
1.85753
1.92692
1.90882
1.9477
1.9399
1.95031
1.9477
1.90882
1.9399
1.92692
1.48432
0.259706
0.188682
1.54536
0.121324
0.0582261
1.60267
1.656
0.0582261
0.333821
0.410471
1.70514
1.74991
0.569255
1.79014
0.121324
1.82567
1.85637
0.188682
1.88213
1.90285
0.259706
1.91845
1.92889
0.333821
1.20792
1.93412
1.28128
1.93412
0.410471
1.92889
1.91845
0.489122
1.54536
1.60267
1.90285
1.88213
0.569255
1.85637
1.82567
0.650372
1.79014
1.74991
0.731994
1.70514
1.656
0.813662
0.894934
1.48432
1.41977
0.975389
1.352
1.05462
1.13226
1.13226
1.05462
0.975389
1.20792
0.894934
0.813662
1.28128
0.731994
0.650372
1.352
0.489122
1.41977
3.56347e-32
3.56347e-32
2.06798e-32
0.0614398
0.0614398
2.06798e-32
0.197342
0.127422
0.127422
0.197342
0.270618
0.346682
0.346682
0.270618
0.505017
0.424991
0.424991
0.505017
0.586253
0.668209
0.750417
0.832426
0.586253
0.668209
0.994142
0.913805
0.832426
0.750417
1.07304
1.15014
0.913805
0.994142
1.22507
1.2975
1.07304
1.15014
1.2975
1.22507
1.43363
1.36712
1.36712
1.43363
1.49675
1.55622
1.55622
1.49675
1.66331
1.61182
1.7532
1.71049
1.82453
1.79126
1.66331
1.61182
1.85289
1.87624
1.7532
1.71049
1.79126
1.82453
1.87624
1.85289
1.89449
1.90757
1.91806
1.91543
1.91543
1.90757
1.89449
0.13327
0.0645275
1.56511
1.61893
0.0645275
1.66853
0.205634
1.71371
1.75429
0.358946
0.13327
1.79014
1.82111
0.602332
1.84709
0.205634
1.86799
0.281044
1.88373
1.89426
1.89953
1.01151
0.358946
1.89953
0.438803
1.24058
1.89426
1.88373
1.86799
0.520097
1.44564
1.84709
0.602332
1.82111
1.79014
1.75429
0.685027
1.71371
0.767724
1.66853
1.61893
1.56511
0.84998
1.50727
0.931375
1.38046
1.31201
1.01151
1.08999
1.16646
1.08999
1.16646
0.931375
1.24058
0.84998
0.767724
0.685027
1.31201
1.38046
0.520097
0.438803
1.44564
0.281044
1.50727
3.98932e-32
3.98932e-32
2.29095e-32
0.0674891
0.0674891
2.29095e-32
0.13887
0.213556
0.13887
0.213556
0.370611
0.290986
0.370611
0.290986
0.534362
0.451906
0.451906
0.534362
0.617492
0.700826
0.866323
0.783913
0.617492
0.700826
1.02748
0.947643
0.783913
0.866323
1.10546
1.18123
0.947643
1.02748
1.25446
1.32482
1.10546
1.18123
1.25446
1.32482
1.4558
1.39203
1.4558
1.39203
1.57202
1.51588
1.57202
1.51588
1.62402
1.67166
1.7532
1.71478
1.81541
1.78678
1.67166
1.62402
1.83898
1.85739
1.7532
1.71478
1.78678
1.81541
1.85739
1.83898
1.87853
1.87059
1.87853
1.88118
1.87059
1.57696
1.62707
0.0703248
0.0703248
1.67271
1.71371
0.14422
1.74991
1.78119
0.381678
0.4643
1.80743
0.221111
1.82854
0.300442
1.84443
1.85506
1.86039
0.881454
0.381678
1.86039
1.04206
1.11946
0.4643
1.85506
1.84443
1.82854
1.33592
0.547812
1.80743
0.631733
1.78119
1.74991
1.57696
1.71371
0.715605
1.67271
0.798986
1.62707
1.52257
0.881454
1.46411
0.962608
1.40181
1.2667
1.04206
1.19445
1.11946
0.962608
1.19445
1.2667
0.798986
0.715605
0.631733
1.33592
0.547812
1.40181
0.300442
1.46411
0.221111
1.52257
0.14422
4.38243e-32
4.38243e-32
2.49606e-32
0.0730343
2.49606e-32
0.0730343
0.228297
0.149322
0.149322
0.228297
0.392146
0.309414
0.392146
0.309414
0.475987
0.560446
0.475987
0.560446
0.729364
0.645056
0.895376
0.812942
0.645056
0.729364
1.05526
0.976273
0.895376
0.812942
1.20611
1.13198
0.976273
1.05526
1.34531
1.27731
1.13198
1.20611
1.34531
1.27731
1.40982
1.47058
1.40982
1.47058
1.57992
1.52735
1.57992
1.52735
1.62808
1.67166
1.74444
1.71049
1.77336
1.79717
1.62808
1.67166
1.82912
1.81578
1.71049
1.74444
1.77336
1.79717
1.82912
1.81578
1.83982
1.83714
1.83714
0.0756179
1.62707
1.66853
1.70514
0.154174
1.73677
1.7633
0.235114
1.78464
1.8007
0.3179
1.81145
1.81683
0.657459
0.402016
0.742105
1.81683
1.81145
0.486964
1.8007
1.78464
1.06707
1.14303
0.572265
1.7633
1.73677
0.657459
1.70514
1.66853
0.742105
1.62707
1.58091
0.825781
1.53022
1.4752
0.908086
1.41604
1.35299
0.988636
1.28629
1.21621
1.06707
1.14303
0.988636
0.908086
1.21621
0.825781
1.28629
0.572265
1.35299
0.486964
0.402016
1.41604
0.3179
0.235114
1.4752
0.154174
0.0756179
1.53022
1.58091
4.74279e-32
4.74279e-32
2.6833e-32
0.0780753
0.0780753
2.6833e-32
0.158778
0.241562
0.158778
0.241562
0.325902
0.411288
0.411288
0.325902
0.583269
0.497234
0.583269
0.497234
0.753826
0.668943
0.919586
0.837504
0.668943
0.753826
1.07748
0.999697
0.919586
0.837504
1.15261
1.22476
1.07748
0.999697
1.29364
1.35897
1.15261
1.22476
1.29364
1.35897
1.42049
1.47797
1.42049
1.47797
1.57992
1.53118
1.57992
1.53118
1.66331
1.62402
1.69765
1.72691
1.76982
1.751
1.62402
1.66331
1.78331
1.79142
1.69765
1.72691
1.751
1.76982
1.78331
1.79413
1.79142
1.656
0.163133
1.68801
1.71486
1.73645
0.247643
1.75272
0.333418
1.76359
0.419962
1.76904
1.76904
0.419962
0.679509
1.76359
0.506795
1.75272
1.73645
0.929875
1.71486
0.593458
1.68801
0.679509
1.656
1.61893
1.29935
1.57696
0.764527
1.53022
0.84811
1.47889
1.42316
1.36324
0.929875
1.00946
1.23176
1.16071
1.08651
1.08651
1.00946
1.16071
0.84811
0.764527
1.23176
1.29935
0.593458
0.506795
1.36324
0.333418
1.42316
0.247643
0.163133
0.0804068
1.47889
1.53022
0.0804068
1.57696
1.61893
5.07039e-32
5.07039e-32
2.85267e-32
0.0826121
0.0826121
2.85267e-32
0.253354
0.167239
0.167239
0.253354
0.428037
0.34045
0.34045
0.428037
0.515648
0.602831
0.515648
0.602831
0.689156
0.774209
0.938953
0.8576
0.689156
0.774209
1.09415
1.01792
0.938953
0.8576
1.2372
1.16734
1.01792
1.09415
1.3658
1.30344
1.2372
1.16734
1.3658
1.30344
1.42405
1.47797
1.42405
1.47797
1.52735
1.57202
1.52735
1.57202
1.61182
1.64659
1.67623
1.70062
1.73334
1.71968
1.61182
1.64659
1.74429
1.74155
1.70062
1.67623
1.73334
1.71968
1.74155
0.171096
1.6351
1.66231
1.68419
0.258697
1.70066
0.258697
0.346996
1.71168
0.435515
0.523793
1.71719
1.71719
0.435515
1.71168
0.782872
0.523793
1.70066
1.68419
1.66231
0.611389
1.1004
1.1725
1.6351
0.697883
1.60267
1.56511
1.52257
0.782872
1.4752
0.865973
1.42316
1.36665
1.30588
0.946821
1.24108
1.02507
1.02507
1.1004
0.946821
1.1725
0.865973
0.697883
1.24108
0.611389
1.30588
0.346996
1.36665
1.42316
0.171096
0.0846916
1.4752
1.52257
0.0846916
1.56511
1.60267
5.36525e-32
5.36525e-32
3.00417e-32
0.0866448
0.0866448
3.00417e-32
0.263672
0.174705
0.174705
0.263672
0.442394
0.353058
0.442394
0.353058
0.619132
0.531229
0.531229
0.619132
0.705693
0.790516
0.87323
0.953479
0.705693
0.790516
1.10526
1.03093
0.87323
0.953479
1.17618
1.24342
1.03093
1.10526
1.3067
1.3658
1.24342
1.17618
1.3658
1.3067
1.42049
1.47058
1.47058
1.42049
1.51588
1.55622
1.55622
1.51588
1.59148
1.62152
1.64625
1.66556
1.67941
1.68773
1.59148
1.62152
1.68773
1.69051
1.66556
1.64625
1.67941
1.62804
0.268278
1.64475
0.0884722
1.65592
0.358635
1.66151
1.66151
0.448674
0.448674
0.537957
1.65592
1.64475
0.537957
1.62804
1.60585
0.62606
1.57826
1.54536
0.712583
1.50727
1.10873
1.46411
0.797141
1.41604
1.36324
0.87937
1.30588
1.24419
0.958926
1.17839
1.03548
1.03548
0.958926
1.10873
0.87937
0.797141
1.17839
0.712583
0.62606
1.24419
1.30588
0.358635
0.268278
1.36324
0.178064
1.41604
1.46411
0.0884722
1.60585
1.50727
1.54536
1.57826
0.178064
5.62736e-32
5.62736e-32
3.13781e-32
0.0901734
0.0901734
3.13781e-32
0.181175
0.272515
0.181175
0.272515
0.454357
0.363726
0.363726
0.454357
0.632173
0.543977
0.543977
0.632173
0.802746
0.718554
0.963162
0.884394
0.718554
0.802746
1.03874
1.11082
0.963162
0.884394
1.17913
1.24342
1.11082
1.03874
1.30344
1.35897
1.24342
1.17913
1.30344
1.35897
1.4558
1.40982
1.4558
1.40982
1.49675
1.53253
1.53253
1.49675
1.58809
1.56301
1.62174
1.60769
1.633
1.63018
1.58809
1.56301
1.63018
1.60769
1.62174
0.276384
1.59654
0.368333
1.60221
1.60221
1.59654
0.276384
0.459441
1.5852
0.549288
1.56824
1.54572
1.51772
0.723607
0.637471
1.48431
0.723607
1.44564
0.966188
1.40181
1.35299
1.11151
0.807332
1.29935
0.888301
1.24108
1.17839
0.966188
1.04069
1.04069
0.888301
0.807332
1.11151
1.17839
0.637471
0.549288
0.459441
1.24108
0.368333
1.29935
0.184037
0.0917487
1.35299
1.40181
0.0917487
1.5852
1.44564
1.48431
1.51772
0.184037
1.54572
1.56824
5.85672e-32
5.85672e-32
3.25358e-32
0.0931978
0.0931978
3.25358e-32
0.279885
0.18665
0.18665
0.279885
0.463927
0.372455
0.463927
0.372455
0.641954
0.553892
0.553892
0.641954
0.810899
0.727741
0.968004
0.891092
0.727741
0.810899
1.11082
1.04134
0.891092
0.968004
1.2372
1.17618
1.11082
1.04134
1.34531
1.29364
1.17618
1.2372
1.29364
1.34531
1.39203
1.43363
1.39203
1.43363
1.46997
1.50093
1.46997
1.50093
1.5264
1.5463
1.56057
1.56914
1.57201
1.56914
1.5463
1.5264
1.56057
0.376091
1.53956
1.53956
0.0945211
1.53379
0.467815
1.52227
0.557787
1.50505
0.467815
0.557787
1.48217
1.45371
0.645622
1.41977
0.730957
1.38046
1.33592
0.968609
1.28629
0.813447
1.23176
0.892766
1.1725
1.10873
1.04069
0.968609
1.04069
0.892766
0.813447
0.730957
1.10873
0.645622
1.1725
0.376091
1.23176
0.283017
1.28629
0.189013
1.33592
1.38046
0.0945211
1.53379
1.41977
1.45371
0.189013
1.48217
1.50505
1.52227
0.283017
6.05333e-32
6.05333e-32
3.35148e-32
0.0957182
0.0957182
3.35148e-32
0.191129
0.28578
0.191129
0.28578
0.471105
0.379243
0.471105
0.379243
0.648474
0.560974
0.560974
0.648474
0.733253
0.814975
0.968004
0.893325
0.814975
0.733253
1.03874
1.10526
0.893325
0.968004
1.22476
1.16734
1.10526
1.03874
1.32482
1.27731
1.22476
1.16734
1.27731
1.32482
1.36712
1.40406
1.36712
1.40406
1.46143
1.43554
1.46143
1.43554
1.48166
1.49615
1.50487
1.50778
1.50487
1.48166
1.49615
1.46794
0.473797
1.45623
1.43872
0.563452
1.41545
1.38651
0.650512
1.35199
0.473797
1.31201
0.734631
1.2667
0.734631
1.21621
0.815485
0.815485
1.16071
1.1004
0.892766
1.03548
0.966188
0.966188
0.892766
1.03548
0.650512
1.1004
0.563452
1.16071
0.38191
0.288176
1.21621
0.192995
0.0967893
1.2667
1.31201
0.0967893
1.4738
1.35199
1.4738
1.38651
1.41545
0.192995
1.43872
1.45623
0.288176
1.46794
0.38191
6.21719e-32
6.21719e-32
3.43152e-32
0.0977344
0.0977344
3.43152e-32
0.290202
0.194612
0.290202
0.194612
0.384093
0.47589
0.47589
0.384093
0.651734
0.565223
0.565223
0.651734
0.735091
0.814975
0.891092
0.963162
0.814975
0.735091
1.09415
1.03093
0.963162
0.891092
1.15261
1.20611
1.09415
1.03093
1.2975
1.25446
1.20611
1.15261
1.25446
1.2975
1.33509
1.36711
1.36711
1.33509
1.39345
1.41403
1.41403
1.39345
1.42877
1.43763
1.44059
1.43763
1.42877
0.477386
1.36954
0.566285
1.34586
1.31641
1.28128
0.29186
0.652142
1.24058
0.477386
0.734631
1.19445
1.14303
1.08651
0.813447
1.02507
0.888301
0.958926
0.888301
0.813447
0.958926
0.734631
1.02507
0.652142
0.566285
1.08651
0.38579
1.14303
0.195981
0.0985536
1.19445
1.24058
0.0985536
1.38736
1.28128
1.31641
1.34586
1.40524
0.195981
1.36954
1.38736
1.39927
0.29186
0.38579
1.40524
1.39927
6.34831e-32
6.34831e-32
3.49369e-32
0.0992466
0.0992466
3.49369e-32
0.29315
0.197101
0.197101
0.29315
0.478283
0.387002
0.387002
0.478283
0.651734
0.566639
0.566639
0.651734
0.810899
0.733253
0.953479
0.884394
0.810899
0.733253
1.07748
1.01792
0.953479
0.884394
1.18123
1.13198
1.07748
1.01792
1.22507
1.26335
1.13198
1.18123
1.22507
1.26335
1.32276
1.29595
1.32276
1.29595
1.34371
1.35872
1.35872
1.34371
1.36774
1.37075
1.36774
0.566285
1.2737
1.24371
1.20792
0.650512
1.16646
0.294071
0.730957
1.11946
0.478582
1.06707
1.00946
0.807332
0.946821
0.87937
0.87937
0.807332
0.730957
0.946821
0.650512
1.00946
0.566285
0.387729
1.06707
1.11946
0.197972
0.0998137
1.16646
1.20792
0.0998137
1.29782
1.24371
1.2737
1.3281
1.33417
0.197972
1.29782
1.31597
1.3281
0.294071
1.33417
0.387729
1.31597
0.478582
6.44668e-32
6.44668e-32
3.53799e-32
0.100255
0.100255
3.53799e-32
0.294624
0.198594
0.198594
0.294624
0.478283
0.387972
0.478283
0.387972
0.648474
0.565223
0.565223
0.648474
0.727741
0.802746
0.87323
0.938953
0.727741
0.802746
0.999697
1.05526
0.938953
0.87323
1.10546
1.15014
1.05526
0.999697
1.22236
1.18915
1.15014
1.10546
1.18915
1.22236
1.27102
1.24968
1.24968
1.27102
1.2955
1.28631
1.28631
1.2955
1.29857
1.13226
0.645622
1.08999
0.10057
1.04206
0.723607
0.988636
0.929875
0.797141
0.477386
0.563452
0.865973
0.797141
0.865973
0.723607
0.645622
0.929875
0.988636
0.387729
0.294808
1.04206
0.198967
1.08999
1.13226
0.10057
1.16873
1.16873
1.19931
1.19931
1.22388
0.198967
1.24237
1.25474
0.294808
1.26093
1.26093
0.387729
1.25474
1.24237
0.477386
1.22388
0.563452
6.51231e-32
6.51231e-32
3.56444e-32
0.100759
0.100759
3.56444e-32
0.199091
0.294624
0.199091
0.294624
0.47589
0.387002
0.387002
0.47589
0.641954
0.560973
0.560973
0.641954
0.718554
0.790516
0.919586
0.8576
0.790516
0.718554
1.02748
0.976273
0.919586
0.8576
1.11282
1.07304
1.02748
0.976273
1.17454
1.14669
1.11282
1.07304
1.14669
1.17454
1.21188
1.1963
1.21188
1.1963
1.22125
1.22125
1.22438
0.637471
0.962608
0.712583
0.908086
0.84811
0.782872
0.294071
0.782872
0.712583
0.84811
0.637471
0.557786
0.473797
0.908086
0.38579
0.962608
0.198967
0.100822
1.01151
1.05462
0.100822
1.01151
1.09183
1.12301
1.14807
1.12301
0.198967
1.16693
1.17954
1.18585
0.294071
1.18585
0.38579
1.17954
1.16693
1.14807
0.473797
0.557786
1.09183
1.05462
6.5452e-32
6.5452e-32
3.57302e-32
0.100759
0.100759
3.57302e-32
0.29315
0.198594
0.198594
0.29315
0.471105
0.384093
0.384093
0.471105
0.553892
0.632173
0.632173
0.553892
0.705693
0.774209
0.837504
0.895375
0.705693
0.774209
0.947642
0.994142
0.837504
0.895375
1.06929
1.03473
0.947642
0.994142
1.0977
1.11989
1.06929
1.03473
1.0977
1.11989
1.14534
1.13579
1.14534
1.13579
1.14853
0.697883
0.825781
0.764527
0.10057
0.697883
0.764527
0.62606
0.825781
0.549288
0.467815
0.38191
0.881454
0.29186
0.931375
0.197972
0.975389
1.01336
0.10057
0.881454
1.04518
1.07075
0.975389
1.01336
0.197972
1.09
1.10286
1.1093
1.09
0.29186
1.1093
0.38191
1.10286
1.07075
0.467815
1.04518
0.549288
0.931375
0.62606
6.54535e-32
6.54535e-32
3.56373e-32
0.100255
0.100255
3.56373e-32
0.290202
0.197101
0.197101
0.290202
0.379243
0.463927
0.463927
0.379243
0.543977
0.619132
0.543977
0.619132
0.689156
0.753825
0.866322
0.812942
0.753825
0.689156
0.913805
0.955246
0.866322
0.812942
0.990522
1.01953
0.913805
0.955246
1.04218
1.0584
0.990522
1.01953
1.04218
1.0584
1.07141
1.06815
1.06815
0.611389
0.742105
0.537957
0.459441
0.798986
0.376091
0.288176
0.84998
0.195981
0.0998137
0.894934
0.933714
0.0998137
0.679509
0.966206
0.742105
0.992314
1.01196
0.195981
1.02509
1.03167
0.933714
0.966206
0.288176
1.03167
1.02509
0.376091
1.01196
0.992314
0.459441
0.537957
0.894934
0.84998
0.611389
0.798986
0.679509
6.51275e-32
6.51275e-32
3.53658e-32
0.0992466
0.0992466
3.53658e-32
0.194612
0.28578
0.194612
0.28578
0.454357
0.372455
0.454357
0.372455
0.531229
0.602831
0.531229
0.602831
0.668943
0.729364
0.832426
0.783913
0.729364
0.668943
0.910792
0.874761
0.832426
0.783913
0.963546
0.940416
0.910792
0.874761
0.990075
0.980115
0.940416
0.963546
0.990075
0.980115
0.993398
0.715605
0.368333
0.767723
0.283017
0.192995
0.0985536
0.813662
0.853286
0.0985536
0.448674
0.886481
0.913152
0.933221
0.657459
0.192995
0.946633
0.953348
0.953348
0.813662
0.283017
0.946633
0.368333
0.933221
0.913152
0.886481
0.448674
0.853286
0.523793
0.767723
0.715605
0.593458
0.657459
0.593458
0.523793
6.44741e-32
6.44741e-32
3.49157e-32
0.0977344
0.0977344
3.49157e-32
0.279885
0.191129
0.191129
0.279885
0.363726
0.442394
0.442394
0.363726
0.515648
0.583269
0.583269
0.515648
0.700826
0.645056
0.750417
0.793686
0.700826
0.645056
0.86078
0.830509
0.793686
0.750417
0.884413
0.901341
0.86078
0.830509
0.914913
0.911518
0.901341
0.884413
0.911518
0.731994
0.189013
0.0967893
0.7725
0.80643
0.0967893
0.276384
0.833689
0.854199
0.435515
0.506795
0.189013
0.867905
0.874768
0.874768
0.685027
0.276384
0.867905
0.358635
0.854199
0.833689
0.80643
0.435515
0.7725
0.506795
0.731994
0.631733
0.572265
0.572265
0.631733
0.358635
0.685027
6.34932e-32
6.34932e-32
3.42869e-32
0.0957182
0.0957182
3.42869e-32
0.18665
0.272515
0.18665
0.272515
0.428037
0.353058
0.428037
0.353058
0.560446
0.497234
0.560446
0.497234
0.668209
0.617492
0.712454
0.750102
0.668209
0.617492
0.781049
0.805208
0.712454
0.750102
0.822512
0.832913
0.805208
0.781049
0.836384
0.832913
0.822512
0.726494
0.0945211
0.754366
0.0945211
0.775337
0.789349
0.184037
0.796365
0.796365
0.419962
0.486964
0.268278
0.789349
0.602332
0.775337
0.346996
0.754366
0.726494
0.419962
0.691797
0.650372
0.486964
0.547812
0.547812
0.602332
0.346996
0.268278
0.650372
0.184037
0.691797
6.21849e-32
6.21849e-32
3.34794e-32
0.0931978
3.34794e-32
0.0931978
0.263672
0.181175
0.181175
0.263672
0.34045
0.411288
0.34045
0.411288
0.534362
0.475987
0.475987
0.534362
0.586253
0.631515
0.670024
0.701674
0.631515
0.586253
0.726381
0.744076
0.701674
0.670024
0.758261
0.754713
0.744076
0.726381
0.754713
0.0917487
0.675644
0.697094
0.711426
0.178064
0.718601
0.258697
0.718601
0.711426
0.258697
0.697094
0.333418
0.675644
0.647133
0.611638
0.402016
0.569255
0.4643
0.520097
0.4643
0.402016
0.520097
0.333418
0.569255
0.178064
0.0917487
0.611638
0.647133
6.05492e-32
6.05492e-32
3.24934e-32
0.0901734
0.0901734
3.24934e-32
0.253354
0.174705
0.174705
0.253354
0.392146
0.325902
0.325902
0.392146
0.505017
0.451906
0.505017
0.451906
0.590742
0.551338
0.648402
0.623126
0.551338
0.590742
0.666505
0.677385
0.648402
0.623126
0.681015
0.666505
0.677385
0.634613
0.171096
0.641955
0.0884722
0.641955
0.634613
0.247643
0.619949
0.3179
0.381678
0.438803
0.598001
0.568826
0.532501
0.381678
0.489122
0.438803
0.3179
0.489122
0.247643
0.532501
0.171096
0.568826
0.598001
0.0884722
0.619949
5.8586e-32
5.8586e-32
3.13286e-32
0.0866448
0.0866448
3.13286e-32
0.241562
0.167239
0.167239
0.241562
0.309414
0.370611
0.309414
0.370611
0.424991
0.472411
0.472411
0.424991
0.545891
0.512746
0.57176
0.590285
0.512746
0.545891
0.60142
0.605134
0.590285
0.57176
0.60142
0.163133
0.566924
0.55941
0.235114
0.544401
0.521936
0.300442
0.492072
0.454885
0.358946
0.410471
0.358946
0.410471
0.300442
0.235114
0.454885
0.163133
0.0846915
0.492072
0.521936
0.0846915
0.544401
0.55941
0.566924
5.62953e-32
5.62953e-32
2.99852e-32
0.0826121
0.0826121
2.99852e-32
0.228297
0.158778
0.158778
0.228297
0.290986
0.346682
0.290986
0.346682
0.395243
0.436544
0.395243
0.436544
0.470479
0.496962
0.527324
0.515926
0.496962
0.470479
0.527324
0.531126
0.515926
0.486334
0.470968
0.221111
0.447966
0.281044
0.417387
0.221111
0.379307
0.333821
0.333821
0.281044
0.379307
0.154174
0.0804068
0.417387
0.447966
0.0804068
0.470968
0.494027
0.486334
0.494027
0.154174
5.36771e-32
5.36771e-32
0.0780753
2.84631e-32
0.0780753
2.84631e-32
0.213556
0.149322
0.149322
0.213556
0.32036
0.270618
0.32036
0.270618
0.362662
0.397415
0.362662
0.397415
0.443954
0.424535
0.459518
0.455625
0.424535
0.455625
0.443954
0.205634
0.376628
0.259706
0.345308
0.306302
0.259706
0.306302
0.205634
0.345308
0.14422
0.0756179
0.376628
0.400184
0.0756179
0.415921
0.415921
0.423798
0.14422
0.423798
0.400184
5.07314e-32
5.07314e-32
2.67623e-32
0.0730343
0.0730343
2.67623e-32
0.197342
0.13887
0.13887
0.197342
0.291645
0.248309
0.248309
0.291645
0.327246
0.355025
0.355025
0.327246
0.374915
0.386868
0.390856
0.386868
0.374915
0.236427
0.236427
0.188682
0.27639
0.13327
0.0703248
0.308476
0.332607
0.0703248
0.27639
0.308476
0.348726
0.356795
0.356795
0.13327
0.348726
0.332607
0.188682
4.74583e-32
4.74583e-32
2.48828e-32
0.0674891
0.0674891
2.48828e-32
0.179654
0.127422
0.179654
0.127422
0.260537
0.224061
0.260537
0.224061
0.309374
0.288997
0.288997
0.309374
0.321619
0.325703
0.321619
0.121324
0.0645275
0.244085
0.26881
0.0645275
0.285325
0.170257
0.293592
0.293592
0.244085
0.121324
0.285325
0.26881
0.170257
0.211209
0.211209
4.38576e-32
4.38576e-32
2.28247e-32
0.0614398
0.0614398
2.28247e-32
0.114978
0.160491
0.114978
0.160491
0.227035
0.197872
0.227035
0.197872
0.260461
0.247915
0.247915
0.264647
0.260461
0.209387
0.226311
0.0582261
0.0582261
0.234782
0.234782
0.108383
0.226311
0.209387
0.18405
0.150357
0.150357
0.18405
0.108383
3.99294e-32
3.99294e-32
2.05879e-32
0.0548862
2.05879e-32
0.0548862
0.10154
0.139854
0.10154
0.139854
0.191141
0.169743
0.191141
0.169743
0.208287
0.203999
0.203999
0.0514205
0.180978
0.180978
0.172296
0.0944467
0.154951
0.128982
0.128982
0.0944467
0.0514205
0.154951
0.172296
3.56737e-32
3.56737e-32
1.81724e-32
0.0478286
0.0478286
1.81724e-32
0.117743
0.0871051
0.0871051
0.117743
0.139675
0.152853
0.139675
0.152853
0.157249
0.123913
0.0795144
0.106134
0.0795144
0.0441107
0.106134
0.123913
0.0441107
0.132811
0.132811
3.10905e-32
3.10905e-32
1.55782e-32
0.0402667
0.0402667
1.55782e-32
0.0941571
0.0716751
0.0716751
0.0941571
0.107666
0.107666
0.112172
0.0635866
0.0635866
0.0362968
0.0818117
0.0909339
0.0362968
0.0909339
0.0818117
2.61798e-32
2.61798e-32
1.28053e-32
0.0322007
1.28053e-32
0.0322007
0.0552495
0.0690976
0.0552495
0.0690976
0.0737171
0.0560152
0.0279787
0.0560152
0.0466633
0.0279787
0.0466633
2.09417e-32
2.09417e-32
0.0236306
9.8538e-33
0.0236306
9.8538e-33
0.0378285
0.0378285
0.042564
0.0191565
0.0287445
0.0191565
0.0287445
1.5376e-32
1.5376e-32
6.7236e-33
0.0145563
0.0145563
6.7236e-33
0.019412
0.00983022
0.00983022
9.48285e-33
9.48285e-33
3.41474e-33
3.41474e-33
0.004978
1.41043e-35
3.26225e-33
3.26225e-33
