1.41331e-35
3.2689e-33
3.2689e-33
3.42161e-33
9.50228e-33
0.00498814
0.00985039
3.42161e-33
9.50228e-33
0.00985039
6.73727e-33
0.0191959
1.54075e-32
0.0145862
0.0194527
0.0288037
0.0288037
0.0145862
0.0191959
1.54075e-32
6.73727e-33
9.8739e-33
0.0280362
2.09846e-32
0.0236791
0.0467593
0.0561304
0.0379071
0.0426514
9.8739e-33
0.0280362
0.0379071
0.0561304
0.0467593
0.0236791
2.09846e-32
1.28315e-32
0.0322668
0.0363714
2.62336e-32
0.0553639
0.0637174
0.0819799
0.0692396
0.0911208
0.0738695
0.0911208
0.0692396
0.0322668
2.62336e-32
0.0363714
1.28315e-32
0.0637174
0.0553639
0.0819799
1.56101e-32
3.11544e-32
0.0403494
0.0442013
0.0718232
0.0796779
0.106352
0.0943506
0.0442013
3.11544e-32
0.0403494
1.56101e-32
0.133084
0.112402
0.124167
0.107888
0.107888
0.106352
0.124167
0.0718232
0.133084
0.0943506
0.0796779
1.82096e-32
0.0515261
3.5747e-32
0.0479267
0.0872849
0.0946408
0.129248
0.117984
0.153167
0.139963
0.15527
0.17265
3.5747e-32
0.0515261
0.0479267
1.82096e-32
0.0872849
0.129248
0.0946408
0.117984
0.157573
0.18135
0.153167
0.18135
0.15527
0.17265
0.139963
2.063e-32
0.0583456
4.00114e-32
0.0549989
0.101749
0.108606
0.150666
0.140141
0.209818
0.191533
0.170093
0.184428
0.204419
0.226776
0.235264
0.208715
2.063e-32
0.0583456
4.00114e-32
0.0549989
0.101749
0.108606
0.150666
0.140141
0.226776
0.209818
0.184428
0.235264
0.170093
0.204419
0.191533
2.28714e-32
0.06466
4.39476e-32
0.0615659
0.115216
0.121574
0.170606
0.16082
0.211643
0.244587
0.227502
0.198279
0.248425
0.269362
0.285911
0.260996
0.0615659
2.28714e-32
0.06466
4.39476e-32
0.265191
0.294195
0.294195
0.260996
0.121574
0.170606
0.115216
0.16082
0.227502
0.269362
0.285911
0.211643
0.198279
0.248425
0.244587
2.49338e-32
0.0704691
4.75556e-32
0.0676276
0.180022
0.127684
0.133544
0.18907
0.236913
0.276958
0.261072
0.224522
0.289592
0.30911
0.33329
0.310009
0.32228
0.349443
0.357528
0.326372
4.75556e-32
0.0676276
2.49338e-32
0.0704691
0.18907
0.133544
0.180022
0.127684
0.357528
0.349443
0.32228
0.310009
0.261072
0.224522
0.236913
0.276958
0.30911
0.33329
0.289592
2.68171e-32
0.075773
5.08355e-32
0.0731841
0.139156
0.206056
0.197747
0.144516
0.0731841
0.075773
5.08355e-32
2.68171e-32
0.260239
0.306931
0.292244
0.24882
0.327919
0.377401
0.355754
0.346017
0.387662
0.401006
0.416775
0.375686
0.424669
0.391659
0.387662
0.424669
0.144516
0.206056
0.197747
0.139156
0.306931
0.260239
0.292244
0.24882
0.416775
0.401006
0.346017
0.375686
0.377401
0.327919
0.355754
2.85213e-32
0.0805717
5.37871e-32
0.0782354
0.149629
0.154491
0.221565
0.213995
0.0782354
0.0805717
5.37871e-32
2.85213e-32
0.281621
0.334506
0.321018
0.271174
0.154491
0.213995
0.221565
0.149629
0.363407
0.380085
0.398231
0.418244
0.444865
0.448886
0.471935
0.425407
0.495041
0.460461
0.487332
0.456561
0.456561
0.495041
0.487332
0.444865
0.271174
0.334506
0.281621
0.321018
0.471935
0.398231
0.418244
0.380085
0.363407
0.425407
0.448886
3.00465e-32
0.0827815
0.0848652
5.64107e-32
0.159105
0.163468
0.235596
0.228765
0.301059
0.359682
0.347394
0.291584
0.0827815
0.0848652
5.64107e-32
3.00465e-32
0.235596
0.163468
0.228765
0.159105
0.396055
0.411314
0.455819
0.43744
0.301059
0.347394
0.291584
0.359682
0.471445
0.493082
0.523007
0.497982
0.516986
0.528406
0.545519
0.560558
0.568088
0.528406
0.532217
0.568088
0.516986
0.545519
0.560558
0.497982
0.411314
0.493082
0.43744
0.396055
0.523007
0.471445
0.455819
3.13927e-32
5.8706e-32
0.0868224
0.0886536
0.167583
0.171447
0.248151
0.242058
0.318552
0.382461
0.371371
0.310049
0.0868224
0.0886536
5.8706e-32
3.13927e-32
0.425864
0.439703
0.490125
0.47338
0.248151
0.171447
0.242058
0.167583
0.371371
0.382461
0.318552
0.310049
0.533594
0.513799
0.569993
0.547011
0.439703
0.425864
0.47338
0.490125
0.591496
0.572934
0.621221
0.599228
0.602655
0.635915
0.606376
0.643271
0.643271
0.591496
0.602655
0.635915
0.572934
0.547011
0.513799
0.599228
0.533594
0.569993
0.621221
3.25598e-32
0.0919367
6.06732e-32
0.0903582
0.175064
0.178429
0.259228
0.253874
0.334102
0.402841
0.326571
0.39295
0.452833
0.465252
0.521164
0.506053
0.0903582
0.0919367
6.06732e-32
3.25598e-32
0.178429
0.259228
0.253874
0.175064
0.612892
0.570422
0.552469
0.591953
0.402841
0.334102
0.39295
0.326571
0.506053
0.452833
0.465252
0.521164
0.677029
0.649732
0.624404
0.64846
0.552469
0.612892
0.570422
0.591953
0.678774
0.667872
0.712884
0.698523
0.720074
0.682413
0.678774
0.720074
0.649732
0.677029
0.64846
0.667872
0.712884
0.698523
0.624404
3.35479e-32
0.0947147
6.23123e-32
0.0933888
0.181547
0.184414
0.268828
0.264212
0.347708
0.341149
0.420823
0.412131
0.476963
0.487962
0.548934
0.535457
3.35479e-32
6.23123e-32
0.0933888
0.0947147
0.632809
0.587455
0.603566
0.651704
0.181547
0.184414
0.268828
0.264212
0.420823
0.347708
0.412131
0.341149
0.693215
0.727982
0.703112
0.671398
0.535457
0.548934
0.476963
0.487962
0.587455
0.603566
0.632809
0.651704
0.755911
0.776925
0.727871
0.745601
0.727982
0.693215
0.671398
0.703112
0.759815
0.75626
0.797996
0.790966
0.755911
0.797996
0.776925
0.790966
0.745601
0.75626
0.727871
3.4357e-32
0.0969876
6.36232e-32
0.0959142
0.187033
0.189401
0.276951
0.273074
0.353782
0.359369
0.436407
0.428914
0.498254
0.507833
0.573437
0.561594
0.0959142
0.0969876
6.36232e-32
3.4357e-32
0.669578
0.618758
0.633027
0.68643
0.187033
0.273074
0.276951
0.189401
0.774082
0.751639
0.733493
0.713914
0.359369
0.436407
0.428914
0.353782
0.561594
0.573437
0.507833
0.498254
0.808081
0.835395
0.806856
0.782649
0.68643
0.618758
0.633027
0.669578
0.774082
0.733493
0.713914
0.751639
0.834618
0.824197
0.855948
0.869681
0.806856
0.782649
0.835395
0.808081
0.876558
0.838097
0.834618
0.824197
0.869681
0.855948
0.876558
3.4987e-32
0.0987554
6.46061e-32
0.0979345
0.191521
0.19339
0.283597
0.280458
0.0979345
0.0987554
6.46061e-32
3.4987e-32
0.364472
0.369087
0.449593
0.4433
0.516705
0.524865
0.594673
0.584463
0.71707
0.70226
0.646377
0.658805
0.280458
0.191521
0.283597
0.19339
0.769295
0.795311
0.815327
0.751954
0.364472
0.449593
0.4433
0.369087
0.862541
0.855031
0.888294
0.832209
0.594673
0.524865
0.584463
0.516705
0.71707
0.658805
0.646377
0.70226
0.903185
0.915019
0.93513
0.886223
0.815327
0.769295
0.751954
0.795311
0.888294
0.862541
0.832209
0.855031
0.913383
0.916784
0.955298
0.948569
0.903185
0.886223
0.915019
0.93513
0.955298
0.913383
0.948569
3.54381e-32
0.100018
6.52608e-32
0.0994498
0.195012
0.196382
0.288766
0.286366
0.373218
0.376862
0.460382
0.455287
0.0994498
0.100018
6.52608e-32
3.54381e-32
0.286366
0.288766
0.195012
0.196382
0.532317
0.539058
0.612641
0.604065
0.680899
0.743623
0.730857
0.670313
0.80062
0.834129
0.851718
0.785518
0.373218
0.455287
0.460382
0.376862
0.896763
0.935622
0.912654
0.876551
0.532317
0.604065
0.539058
0.612641
0.96818
0.994341
0.942339
0.965515
0.730857
0.743623
0.680899
0.670313
0.80062
0.834129
0.785518
0.851718
0.992098
1.01403
1.02719
0.982118
0.912654
0.896763
0.935622
0.876551
0.942339
0.994341
0.965515
0.96818
0.995429
0.982118
1.03377
1.03377
0.992098
1.01403
1.02719
3.57101e-32
0.100776
6.55874e-32
0.10046
0.197505
0.198377
0.292458
0.290796
0.380021
0.382692
0.468773
0.464877
0.545091
0.620399
0.550412
0.627341
0.10046
0.100776
6.55874e-32
3.57101e-32
0.198377
0.290796
0.292458
0.197505
0.464877
0.468773
0.382692
0.380021
0.699311
0.76609
0.755367
0.690566
0.868093
0.883256
0.814605
0.827469
0.977381
0.957198
0.933277
0.915673
0.620399
0.545091
0.627341
0.550412
0.992546
1.01543
1.04732
1.02161
0.690566
0.699311
0.755367
0.76609
1.0443
1.09222
1.06056
1.07294
0.883256
0.827469
0.868093
0.814605
0.977381
0.933277
0.957198
0.915673
1.11156
1.07034
1.10511
1.0736
0.992546
1.01543
1.02161
1.04732
1.06056
1.0443
1.11156
1.10511
1.07294
1.07034
1.09222
3.58032e-32
0.101028
6.5586e-32
0.100965
0.199001
0.199374
0.294673
0.29375
0.38488
0.386579
0.474767
0.472069
0.100965
0.101028
6.5586e-32
3.58032e-32
0.555026
0.638775
0.633466
0.558928
0.71404
0.784472
0.775792
0.707137
0.29375
0.294673
0.199374
0.199001
0.472069
0.474767
0.386579
0.38488
0.555026
0.558928
0.633466
0.638775
0.897204
0.839216
0.909941
0.849843
1.01357
0.996171
0.964574
0.949578
1.03684
1.05678
1.09406
1.07147
0.775792
0.707137
0.71404
0.784472
1.1253
1.12217
1.15041
1.09994
0.839216
0.897204
0.909941
0.849843
1.14768
1.16931
1.18194
1.1381
0.996171
1.01357
0.964574
0.949578
1.09406
1.05678
1.07147
1.03684
1.18826
1.15087
1.14768
1.18826
1.1253
1.09994
1.18194
1.15041
1.12217
1.1381
1.16931
3.57172e-32
0.100776
6.52564e-32
0.100965
0.1995
0.199374
0.295412
0.295227
0.387795
0.388523
0.478363
0.476864
0.562122
0.564605
0.646942
0.643267
0.100965
0.100776
6.52564e-32
3.57172e-32
0.199374
0.295227
0.295412
0.1995
0.725086
0.798769
0.792131
0.720024
0.867742
0.931773
0.921463
0.859353
0.388523
0.387795
0.476864
0.478363
0.643267
0.562122
0.646942
0.564605
0.725086
0.720024
0.798769
0.792131
1.02958
1.04419
0.990653
0.978266
1.07523
1.09221
1.13456
1.11509
1.17111
1.14903
1.20175
1.17693
0.859353
0.921463
0.867742
0.931773
1.2449
1.22637
1.21435
1.19873
0.978266
0.990653
1.04419
1.02958
1.22374
1.25729
1.26349
1.22687
1.13456
1.11509
1.07523
1.09221
1.14903
1.17111
1.17693
1.20175
1.22374
1.21435
1.26349
1.25729
1.19873
1.22637
1.2449
3.54523e-32
0.100018
6.45988e-32
0.10046
0.199001
0.198377
0.294673
0.295227
0.479261
0.388767
0.388523
0.479561
0.10046
0.100018
6.45988e-32
3.54523e-32
0.56638
0.567443
0.651842
0.6498
0.732451
0.808981
0.804386
0.72923
0.198377
0.295227
0.294673
0.199001
0.479261
0.479561
0.388767
0.388523
0.881165
0.948753
0.940869
0.875014
1.01152
1.05741
1.00174
1.06924
0.6498
0.651842
0.567443
0.56638
0.804386
0.72923
0.732451
0.808981
0.948753
0.881165
0.875014
0.940869
1.10771
1.15248
1.16884
1.12174
1.19157
1.21038
1.24624
1.22485
1.2736
1.30045
1.25222
1.27629
1.00174
1.05741
1.06924
1.01152
1.28892
1.29813
1.31864
1.33079
1.10771
1.16884
1.15248
1.12174
1.33688
1.33688
1.30121
1.29813
1.21038
1.24624
1.19157
1.22485
1.33079
1.31864
1.27629
1.25222
1.30045
1.28892
1.2736
3.50083e-32
0.0987554
6.36131e-32
0.0994498
0.197505
0.196382
0.292458
0.29375
0.478363
0.479261
0.387795
0.386579
0.567799
0.567443
0.653475
0.653067
0.0994498
0.0987554
6.36131e-32
3.50083e-32
0.196382
0.29375
0.292458
0.197505
0.736133
0.815108
0.812555
0.734753
0.890114
0.960882
0.955424
0.8862
0.479261
0.478363
0.386579
0.387795
0.653067
0.567799
0.653475
0.567443
1.02716
1.08873
1.01999
1.07968
1.13429
1.18363
1.19688
1.14536
0.736133
0.734753
0.815108
0.812555
0.8862
0.955424
0.960882
0.890114
1.01999
1.07968
1.08873
1.02716
1.22756
1.26591
1.2431
1.28388
1.29858
1.34859
1.31908
1.32545
1.37231
1.34644
1.39017
1.36147
1.13429
1.18363
1.14536
1.19688
1.40809
1.37052
1.37353
1.40211
1.22756
1.2431
1.28388
1.26591
1.37052
1.40809
1.40211
1.36147
1.32545
1.31908
1.29858
1.34859
1.37231
1.34644
1.39017
3.43853e-32
0.0969876
6.22992e-32
0.0979345
0.195012
0.19339
0.288766
0.290796
0.382692
0.474767
0.476864
0.38488
0.0979345
0.0969876
6.22992e-32
3.43853e-32
0.56638
0.564605
0.651842
0.653067
0.736133
0.817151
0.736594
0.81664
0.19339
0.290796
0.288766
0.195012
0.476864
0.474767
0.38488
0.382692
0.894589
0.968159
0.965127
0.892912
1.09638
1.03759
1.10264
1.03303
0.564605
0.56638
0.651842
0.653067
0.736594
0.81664
0.817151
0.736133
1.15496
1.16308
1.20856
1.21868
1.25701
1.26927
1.31468
1.30013
0.894589
0.968159
0.892912
0.965127
1.10264
1.03759
1.03303
1.09638
1.21868
1.15496
1.20856
1.16308
1.3378
1.36988
1.35474
1.38932
1.44163
1.41832
1.41689
1.39628
1.44055
1.45918
1.47091
1.43166
1.25701
1.31468
1.26927
1.30013
1.44055
1.47678
1.44351
1.47678
1.38932
1.36988
1.3378
1.35474
1.43166
1.44163
1.41832
1.45918
1.47091
1.39628
1.41689
3.35833e-32
0.0947147
6.06573e-32
0.0959142
0.191521
0.286366
0.189401
0.283597
0.376862
0.468773
0.472069
0.380021
0.0959142
0.0947147
6.06573e-32
3.35833e-32
0.562122
0.558928
0.646942
0.6498
0.189401
0.286366
0.283597
0.191521
0.732451
0.734753
0.815108
0.81664
0.894589
0.970585
0.969978
0.895149
0.380021
0.472069
0.468773
0.376862
0.558928
0.6498
0.562122
0.646942
1.10751
1.04281
1.11099
1.04085
1.17489
1.16972
1.23426
1.22725
0.734753
0.815108
0.81664
0.732451
0.969978
0.970585
0.894589
0.895149
1.27991
1.33863
1.32751
1.2889
1.42264
1.36989
1.38326
1.40691
1.11099
1.04281
1.04085
1.10751
1.16972
1.22725
1.23426
1.17489
1.27991
1.2889
1.32751
1.33863
1.46439
1.43844
1.45665
1.48516
1.50809
1.52535
1.49918
1.48465
1.54266
1.51082
1.53689
1.50791
1.40691
1.38326
1.36989
1.42264
1.54266
1.50791
1.53689
1.49918
1.52535
1.46439
1.50809
1.43844
1.48465
1.45665
1.48516
3.26023e-32
0.0919367
5.86872e-32
0.0933888
0.0933888
0.0919367
5.86872e-32
3.26023e-32
0.187033
0.276951
0.280458
0.184414
0.369087
0.460382
0.464877
0.373218
0.555026
0.550412
0.638775
0.643267
0.280458
0.276951
0.187033
0.184414
0.72923
0.725086
0.808981
0.812555
0.464877
0.460382
0.369087
0.373218
0.890114
0.968159
0.969978
0.892912
1.04281
1.11378
1.11308
1.04346
0.550412
0.643267
0.555026
0.638775
0.725086
0.808981
0.72923
0.812555
1.17858
1.18079
1.24361
1.23971
1.29627
1.30199
1.34804
1.35574
0.968159
0.890114
0.892912
0.969978
1.04281
1.04346
1.11308
1.11378
1.39485
1.40465
1.44856
1.43653
1.47294
1.52078
1.48732
1.50396
1.17858
1.23971
1.18079
1.24361
1.29627
1.35574
1.30199
1.34804
1.39485
1.44856
1.43653
1.40465
1.57141
1.54942
1.52949
1.54884
1.59975
1.5884
1.56372
1.57231
1.57231
1.57518
1.60544
1.60544
1.47294
1.50396
1.52078
1.48732
1.59975
1.54942
1.56372
1.5884
1.54884
1.57141
1.52949
3.14423e-32
0.0886536
5.63889e-32
0.0903582
0.181547
0.178429
0.268828
0.273074
0.0903582
0.0886536
5.63889e-32
3.14423e-32
0.273074
0.268828
0.181547
0.178429
0.359369
0.449593
0.455287
0.364472
0.545091
0.539058
0.627341
0.633466
0.720024
0.71404
0.798769
0.804386
0.364472
0.359369
0.455287
0.449593
0.881165
0.960882
0.965127
0.8862
0.633466
0.627341
0.545091
0.539058
1.03759
1.11099
1.11308
1.04085
1.18153
1.24672
1.24594
1.18079
0.720024
0.798769
0.71404
0.804386
0.960882
0.965127
0.881165
0.8862
1.30853
1.366
1.30608
1.36172
1.41267
1.41891
1.46707
1.45874
1.11099
1.04085
1.11308
1.03759
1.18079
1.24594
1.18153
1.24672
1.49977
1.51031
1.54848
1.53562
1.59129
1.60909
1.56616
1.58144
1.36172
1.30608
1.30853
1.366
1.41891
1.41267
1.46707
1.45874
1.49977
1.54848
1.53562
1.51031
1.64806
1.63132
1.61093
1.625
1.63629
1.63347
1.65925
1.66485
1.63347
1.66485
1.625
1.65925
1.56616
1.61093
1.60909
1.58144
1.63132
1.64806
1.59129
3.01032e-32
0.0868224
0.0848652
5.37625e-32
0.175064
0.171447
0.259228
0.264212
0.347708
0.436407
0.4433
0.353782
0.0868224
0.0848652
5.37625e-32
3.01032e-32
0.171447
0.264212
0.259228
0.175064
0.4433
0.436407
0.347708
0.353782
0.532317
0.524865
0.612641
0.620399
0.707137
0.699311
0.784473
0.792131
0.875014
0.867742
0.948753
0.955424
0.524865
0.620399
0.532317
0.612641
1.02716
1.10264
1.10751
1.03303
0.707137
0.784473
0.792131
0.699311
1.24594
1.17858
1.17489
1.24361
1.36942
1.30935
1.30853
1.36857
0.867742
0.875014
0.955424
0.948753
1.03303
1.10751
1.10264
1.02716
1.42337
1.47818
1.47355
1.42604
1.51894
1.56827
1.52564
1.55936
1.24594
1.17858
1.17489
1.24361
1.36942
1.30853
1.36857
1.30935
1.63839
1.62479
1.60589
1.59469
1.66565
1.64956
1.66891
1.68757
1.42337
1.47818
1.47355
1.42604
1.51894
1.56827
1.52564
1.55936
1.62479
1.59469
1.63839
1.60589
1.68278
1.71511
1.69112
1.70408
1.72064
1.72064
1.69391
1.69112
1.68278
1.68757
1.70408
1.71511
1.66565
1.66891
1.64956
2.85851e-32
5.08079e-32
0.0827815
0.0805717
0.167583
0.163468
0.248151
0.253874
0.334102
0.420823
0.428914
0.341149
0.0827815
0.0805717
5.08079e-32
2.85851e-32
0.516705
0.507833
0.594673
0.604065
0.163468
0.253874
0.248151
0.167583
0.341149
0.334102
0.428914
0.420823
0.507833
0.604065
0.594673
0.516705
0.690566
0.680899
0.76609
0.775792
0.849843
0.931773
0.94087
0.859353
1.01152
1.08873
1.09638
1.01999
0.690566
0.775792
0.76609
0.680899
1.16972
1.23426
1.23971
1.16308
0.931773
0.94087
0.849843
0.859353
1.30199
1.366
1.30608
1.36857
1.48188
1.42693
1.42604
1.48095
1.08873
1.01152
1.01999
1.09638
1.23971
1.16972
1.23426
1.16308
1.57519
1.53043
1.53331
1.58014
1.62219
1.64991
1.61506
1.65932
1.30199
1.366
1.30608
1.36857
1.48188
1.42604
1.42693
1.48095
1.7183
1.70403
1.6914
1.6796
1.73994
1.72313
1.73681
1.75623
1.53043
1.58014
1.57519
1.53331
1.65932
1.64991
1.61506
1.62219
1.6796
1.70403
1.6914
1.7183
1.74779
1.74505
1.76712
1.77258
1.77258
1.74505
1.73681
1.75623
1.76712
1.73994
1.72313
2.68879e-32
0.075773
4.75252e-32
0.0782354
0.0782354
0.075773
4.75252e-32
2.68879e-32
0.159105
0.154491
0.235596
0.242058
0.318552
0.402841
0.412131
0.326571
0.498254
0.487962
0.573437
0.584463
0.242058
0.235596
0.159105
0.154491
0.670313
0.658805
0.743623
0.755367
0.412131
0.318552
0.402841
0.326571
0.573437
0.487962
0.584463
0.498254
0.670313
0.755367
0.743623
0.658805
0.839217
0.827469
0.909941
0.921463
0.990653
1.06924
1.07968
1.00174
1.15496
1.22725
1.14536
1.21868
0.909941
0.921463
0.827469
0.839217
1.2889
1.36172
1.29627
1.35574
0.990653
1.00174
1.07968
1.06924
1.47818
1.48095
1.42337
1.41891
1.5831
1.53427
1.58409
1.53331
1.22725
1.15496
1.14536
1.21868
1.36172
1.29627
1.2889
1.35574
1.63034
1.67188
1.66665
1.62729
1.70856
1.73037
1.74025
1.70105
1.41891
1.42337
1.48095
1.47818
1.58409
1.53331
1.53427
1.5831
1.78821
1.76683
1.77336
1.75451
1.78688
1.79501
1.81507
1.80431
1.62729
1.63034
1.66665
1.67188
1.70105
1.70856
1.74025
1.73037
1.76683
1.78821
1.75451
1.77336
1.79772
1.82046
1.82046
1.79501
1.80431
1.81507
1.78688
2.50117e-32
0.0704691
4.39143e-32
0.0731841
2.50117e-32
0.0731841
0.0704691
4.39143e-32
0.149629
0.144516
0.221565
0.228765
0.228765
0.221565
0.149629
0.144516
0.310049
0.301059
0.382461
0.39295
0.476963
0.465252
0.548934
0.561594
0.646377
0.633027
0.71707
0.730857
0.39295
0.382461
0.301059
0.310049
0.814605
0.80062
0.883256
0.897205
0.465252
0.561594
0.548934
0.476963
0.646377
0.730857
0.71707
0.633027
0.80062
0.814605
0.897205
0.883256
0.964574
1.04419
1.05741
0.978266
1.13429
1.19688
1.12174
1.20856
1.34804
1.27991
1.26927
1.33863
0.964574
1.04419
1.05741
0.978266
1.47355
1.40465
1.41267
1.46707
1.12174
1.20856
1.19688
1.13429
1.58014
1.5831
1.52564
1.53043
1.63034
1.67502
1.67607
1.63136
1.34804
1.33863
1.26927
1.27991
1.41267
1.47355
1.40465
1.46707
1.75342
1.71393
1.71715
1.74793
1.78476
1.81105
1.80077
1.77692
1.58014
1.53043
1.52564
1.5831
1.63136
1.67502
1.63034
1.67607
1.81941
1.83277
1.84812
1.83219
1.84081
1.84349
1.85877
1.8641
1.71715
1.71393
1.74793
1.75342
1.81105
1.77692
1.80077
1.78476
1.8641
1.81941
1.85877
1.84081
1.83277
1.84812
1.83219
0.0676276
0.06466
3.99751e-32
2.29564e-32
2.29564e-32
0.06466
3.99751e-32
0.0676276
0.139156
0.133544
0.206056
0.213995
0.139156
0.133544
0.213995
0.206056
0.281621
0.359682
0.371371
0.291584
0.371371
0.359682
0.281621
0.291584
0.452833
0.439703
0.521164
0.535457
0.618758
0.603566
0.68643
0.70226
0.785518
0.769295
0.851718
0.868093
0.521164
0.439703
0.535457
0.452833
0.949579
0.933277
1.01357
1.02958
0.603566
0.618758
0.70226
0.68643
0.851718
0.785518
0.868093
0.769295
0.949579
1.02958
1.01357
0.933277
1.18363
1.10771
1.09221
1.16884
1.32751
1.25701
1.31468
1.2431
1.45874
1.38326
1.44856
1.39485
1.18363
1.16884
1.10771
1.09221
1.57519
1.51031
1.56827
1.51894
1.32751
1.2431
1.25701
1.31468
1.62219
1.67188
1.62729
1.67502
1.75671
1.75781
1.71822
1.71715
1.45874
1.44856
1.38326
1.39485
1.51031
1.51894
1.57519
1.56827
1.79372
1.82475
1.81904
1.79036
1.85078
1.8611
1.87172
1.84265
1.62729
1.67188
1.67502
1.62219
1.71715
1.71822
1.75671
1.75781
1.87432
1.88749
1.89803
1.88228
1.88228
1.88493
1.90332
1.90332
1.81904
1.79036
1.82475
1.79372
1.85078
1.87172
1.8611
1.89803
1.88749
1.84265
1.87432
0.0615659
0.0583457
3.57078e-32
2.07221e-32
0.197747
0.18907
0.127684
0.121574
2.07221e-32
0.0583457
3.57078e-32
0.0615659
0.127684
0.121574
0.18907
0.197747
0.260239
0.334506
0.347394
0.271174
0.334506
0.260239
0.271174
0.347394
0.425864
0.411314
0.490125
0.506053
0.411314
0.506053
0.490125
0.425864
0.587455
0.570422
0.651705
0.669578
0.751954
0.733493
0.815327
0.834129
0.896763
0.977381
0.996171
0.915673
0.570422
0.587455
0.669578
0.651705
1.07523
1.05678
1.13456
1.15248
0.733493
0.815327
0.751954
0.834129
0.977381
0.915673
0.996171
0.896763
1.05678
1.15248
1.07523
1.13456
1.21038
1.22756
1.28388
1.30013
1.43653
1.35474
1.42264
1.36989
1.54848
1.48732
1.55936
1.49977
1.30013
1.28388
1.21038
1.22756
1.60589
1.66665
1.65932
1.61506
1.35474
1.36989
1.43653
1.42264
1.75342
1.70856
1.75671
1.71393
1.79484
1.82932
1.82818
1.79372
1.55936
1.54848
1.49977
1.48732
1.66665
1.61506
1.60589
1.65932
1.87998
1.85659
1.86007
1.88588
1.90664
1.89826
1.92227
1.91136
1.75342
1.71393
1.70856
1.75671
1.79484
1.82932
1.82818
1.79372
1.92188
1.93272
1.91925
1.93796
1.91925
1.93272
1.91136
1.93796
1.87998
1.86007
1.88588
1.85659
1.92227
1.90664
1.89826
0.0549989
0.0515261
3.11123e-32
1.83087e-32
0.180022
0.170606
0.115216
0.108606
1.83087e-32
0.0515261
3.11123e-32
0.0549989
0.321018
0.306931
0.236913
0.24882
0.115216
0.108606
0.170606
0.180022
0.236913
0.306931
0.321018
0.24882
0.396055
0.380085
0.455819
0.47338
0.47338
0.455819
0.396055
0.380085
0.552469
0.533594
0.612892
0.632809
0.552469
0.632809
0.612892
0.533594
0.713915
0.693215
0.774082
0.795311
0.876551
0.855031
0.935622
0.957198
1.03684
1.01543
1.09406
1.11509
0.774082
0.713915
0.795311
0.693215
1.26591
1.19157
1.24624
1.17111
0.855031
0.935622
0.957198
0.876551
1.01543
1.11509
1.09406
1.03684
1.26591
1.17111
1.19157
1.24624
1.38932
1.31908
1.40691
1.3378
1.52078
1.53562
1.45665
1.47294
1.64991
1.58144
1.63839
1.59469
1.31908
1.40691
1.38932
1.3378
1.6914
1.74025
1.74793
1.70106
1.45665
1.52078
1.53562
1.47294
1.78476
1.82475
1.79036
1.82818
1.86124
1.86007
1.88942
1.8906
1.59469
1.58144
1.64991
1.63839
1.74793
1.70106
1.74025
1.6914
1.93075
1.93681
1.91621
1.91262
1.95157
1.94375
1.95233
1.96271
1.79036
1.82475
1.78476
1.82818
1.8906
1.86124
1.86007
1.88942
1.95418
1.95157
1.9679
1.9679
1.93075
1.91621
1.94375
1.96271
1.91262
1.93681
1.95233
0.0479268
0.0442013
2.61887e-32
1.57163e-32
0.16082
0.150666
0.101749
0.0946408
1.57163e-32
0.0442013
2.61887e-32
0.0479268
0.292244
0.276958
0.211643
0.224522
0.101749
0.0946408
0.150666
0.16082
0.43744
0.418244
0.363407
0.346017
0.211643
0.276958
0.292244
0.224522
0.363407
0.346017
0.418244
0.43744
0.513799
0.493082
0.569993
0.591953
0.513799
0.591953
0.569993
0.493082
0.671398
0.64846
0.727983
0.751639
0.64846
0.671398
0.751639
0.727983
0.808081
0.888294
0.912654
0.832209
0.992546
0.96818
1.04732
1.07147
1.14903
1.22485
1.1253
1.20175
0.808081
0.912654
0.888294
0.832209
1.27629
1.36988
1.34859
1.29858
0.96818
1.04732
1.07147
0.992546
1.20175
1.1253
1.22485
1.14903
1.34859
1.27629
1.29858
1.36988
1.50396
1.41832
1.48516
1.43844
1.54884
1.62479
1.60909
1.56616
1.66565
1.7183
1.73037
1.6796
1.48516
1.50396
1.41832
1.43844
1.81105
1.76683
1.77692
1.81904
1.62479
1.56616
1.54884
1.60909
1.85078
1.88588
1.85659
1.88942
1.94166
1.91741
1.91621
1.94045
1.73037
1.66565
1.6796
1.7183
1.81105
1.77692
1.81904
1.76683
1.95846
1.97137
1.97755
1.96213
1.98786
1.97913
1.98172
1.99303
1.88942
1.85078
1.88588
1.85659
1.91741
1.94045
1.91621
1.94166
1.96213
1.97137
1.97755
1.97913
1.99303
1.98786
1.95846
0.0403494
0.0363714
2.09368e-32
1.29448e-32
0.140141
0.129248
0.0872849
0.0796779
1.29448e-32
0.0363714
2.09368e-32
0.0403494
0.261072
0.244587
0.184428
0.198279
0.0872849
0.0796779
0.129248
0.140141
0.398231
0.377401
0.327919
0.30911
0.184428
0.244587
0.261072
0.198279
0.471445
0.547011
0.523007
0.448886
0.327919
0.30911
0.377401
0.398231
0.471445
0.448886
0.523007
0.547011
0.624404
0.599228
0.677029
0.703112
0.624404
0.703112
0.599228
0.677029
0.78265
0.755912
0.835395
0.862541
0.835395
0.755912
0.78265
0.862541
0.942339
0.915019
0.994341
1.02161
1.17693
1.09994
1.07294
1.15041
1.30045
1.32545
1.22637
1.25222
0.915019
1.02161
0.994341
0.942339
1.37231
1.44163
1.46439
1.39628
1.15041
1.07294
1.17693
1.09994
1.30045
1.22637
1.32545
1.25222
1.37231
1.44163
1.39628
1.46439
1.59129
1.57141
1.50809
1.52949
1.63132
1.68757
1.70403
1.64956
1.78821
1.75451
1.80077
1.73994
1.59129
1.57141
1.50809
1.52949
1.84265
1.83219
1.87998
1.87172
1.68757
1.64956
1.63132
1.70403
1.93681
1.90664
1.91262
1.94045
1.9825
1.98126
1.96336
1.96213
1.73994
1.78821
1.75451
1.80077
1.87172
1.87998
1.84265
1.83219
2.00182
2.0081
1.9941
1.99784
2.0044
2.01324
2.01324
2.00182
1.91262
1.93681
1.94045
1.90664
1.98126
2.0081
1.96336
1.9825
1.99784
1.9941
1.96213
0.0322668
0.0280362
1.53568e-32
9.99433e-33
9.99433e-33
0.0280362
1.53568e-32
0.0322668
0.117984
0.106352
0.0718232
0.0637174
0.227502
0.209818
0.15527
0.170093
0.0718232
0.0637174
0.106352
0.117984
0.269362
0.355754
0.33329
0.289592
0.15527
0.209818
0.227502
0.170093
0.425408
0.497982
0.471935
0.401006
0.289592
0.269362
0.33329
0.355754
0.572934
0.649732
0.621221
0.545519
0.425408
0.401006
0.471935
0.497982
0.572934
0.545519
0.621221
0.649732
0.727871
0.698523
0.776925
0.806856
0.727871
0.806856
0.776925
0.698523
0.886223
0.855948
0.93513
0.965515
0.965515
0.855948
0.93513
0.886223
1.12217
1.0443
1.09222
1.01403
1.16931
1.19873
1.2736
1.2449
1.31864
1.41689
1.39017
1.34644
1.09222
1.01403
1.12217
1.0443
1.45918
1.54942
1.52535
1.48465
1.16931
1.2449
1.19873
1.2736
1.39017
1.31864
1.41689
1.34644
1.54942
1.45918
1.52535
1.48465
1.66891
1.5884
1.64806
1.61093
1.75623
1.70408
1.77336
1.72313
1.81941
1.80431
1.84812
1.8611
1.5884
1.64806
1.66891
1.61093
1.88749
1.93075
1.89826
1.92227
1.70408
1.77336
1.72313
1.75623
1.95233
1.97755
1.95846
1.98126
2.01313
1.99784
1.99909
2.01187
1.81941
1.8611
1.84812
1.80431
1.89826
1.92227
1.88749
1.93075
2.02847
2.02212
2.01956
2.02335
2.02335
2.01187
2.01956
2.02847
1.97755
1.95846
1.95233
1.98126
1.99909
2.01313
1.99784
6.86478e-33
0.0191959
9.44865e-33
0.0236791
0.0236791
0.0191959
9.44865e-33
6.86478e-33
0.0943506
0.08198
0.0553639
0.0467593
0.0553639
0.0467593
0.08198
0.0943506
0.191533
0.17265
0.124167
0.139963
0.310009
0.285911
0.248425
0.226776
0.124167
0.17265
0.139963
0.191533
0.375686
0.444865
0.416775
0.349443
0.248425
0.226776
0.285911
0.310009
0.516986
0.591496
0.487332
0.560558
0.375686
0.349443
0.416775
0.444865
0.667872
0.745601
0.712884
0.635915
0.516986
0.487332
0.560558
0.591496
0.667872
0.635915
0.712884
0.745601
0.824197
0.790966
0.869682
0.903185
0.824197
0.903185
0.790966
0.869682
0.948569
1.02719
0.982119
1.06056
0.948569
1.06056
1.02719
0.982119
1.18194
1.21435
1.10511
1.1381
1.25729
1.36147
1.28892
1.33079
1.40211
1.47091
1.49918
1.43166
1.18194
1.10511
1.21435
1.1381
1.53689
1.625
1.59975
1.56372
1.33079
1.25729
1.28892
1.36147
1.49918
1.40211
1.47091
1.43166
1.59975
1.53689
1.625
1.56372
1.71511
1.73681
1.65925
1.68278
1.81507
1.76712
1.83277
1.78688
1.87432
1.89803
1.91136
1.85877
1.65925
1.73681
1.68278
1.71511
1.94375
1.96271
1.93272
1.97137
1.78688
1.81507
1.83277
1.76712
1.9941
2.01187
1.98786
2.0081
2.03354
2.02335
2.03228
2.02461
1.85877
1.87432
1.91136
1.89803
1.94375
1.97137
1.96271
1.93272
2.03228
2.03483
2.03865
2.03865
2.0081
2.03354
2.02461
2.01187
1.9941
1.98786
2.02335
0.0145862
0.0098504
3.21237e-33
3.5562e-33
3.5562e-33
0.0098504
3.21237e-33
0.0145862
0.0379071
0.0288037
0.0561304
0.0692396
0.0692396
0.0561304
0.0379071
0.0288037
0.153167
0.133084
0.0911208
0.107888
0.0911208
0.107888
0.133084
0.153167
0.260996
0.235264
0.204419
0.18135
0.32228
0.387662
0.357528
0.294195
0.204419
0.18135
0.235264
0.260996
0.456561
0.528406
0.495041
0.424669
0.32228
0.294195
0.357528
0.387662
0.602655
0.678774
0.643272
0.568088
0.456561
0.424669
0.495041
0.528406
0.75626
0.834618
0.797997
0.720074
0.602655
0.568088
0.643272
0.678774
0.834618
0.75626
0.720074
0.797997
0.876558
0.955298
0.992098
0.913383
0.913383
0.992098
0.876558
0.955298
1.14768
1.03377
1.07034
1.11156
1.14768
1.03377
1.11156
1.07034
1.18826
1.26349
1.29813
1.22374
1.33688
1.40809
1.44055
1.37052
1.54267
1.57231
1.47678
1.50791
1.26349
1.18826
1.29813
1.22374
1.60544
1.69112
1.66485
1.63347
1.44055
1.40809
1.33688
1.37052
1.47678
1.57231
1.50791
1.54267
1.60544
1.69112
1.66485
1.63347
1.74505
1.72064
1.77258
1.79501
1.84081
1.82046
1.88228
1.8641
1.95157
1.90332
1.91925
1.93796
1.77258
1.79501
1.72064
1.74505
2.00182
1.99303
1.97913
1.9679
1.82046
1.8641
1.84081
1.88228
2.01324
2.01956
2.03228
2.02847
2.04248
2.03993
2.03865
2.04375
1.93796
1.90332
1.91925
1.95157
1.9679
1.97913
2.00182
1.99303
2.03865
2.03228
2.03993
2.04375
2.01324
2.02847
2.01956
8.33769e-35
0.00498813
0.00498813
8.33769e-35
0.0426514
0.0194527
0.0194527
0.0426514
0.112402
0.0738695
0.0738695
0.112402
0.157573
0.208715
0.157573
0.208715
0.265191
0.326372
0.391659
0.460461
0.265191
0.326372
0.532218
0.606376
0.460461
0.391659
0.682413
0.759815
0.606376
0.532218
0.838097
0.916784
0.682413
0.759815
0.838097
0.916784
0.995429
1.0736
0.995429
1.0736
1.15088
1.22687
1.22687
1.15088
1.30121
1.37353
1.44351
1.51082
1.63629
1.57518
1.37353
1.30121
1.74779
1.69391
1.51082
1.44351
1.57518
1.63629
1.74779
1.69391
1.79772
1.84349
1.92188
1.88493
1.98172
1.95418
1.79772
1.84349
2.02212
2.0044
1.92188
1.88493
2.04248
2.03483
2.04503
2.04248
1.95418
1.98172
2.0044
2.03483
2.02212
0.876558
1.18826
1.11156
0.0098504
0.955298
1.03377
0.955298
1.03377
0.876558
0.133084
0.18135
0.797997
1.11156
0.294195
0.720074
0.643272
1.18826
0.568088
0.495041
1.26349
0.424669
0.357528
1.33688
0.235264
1.40809
1.47678
0.0911208
0.0561304
1.54267
0.0288037
1.60544
1.66485
0.0098504
1.26349
1.33688
1.72064
1.77258
1.47678
1.82046
0.0288037
1.8641
1.90332
0.0561304
1.93796
1.9679
0.0911208
1.99303
2.01324
0.133084
1.90332
2.02847
1.93796
2.03865
0.18135
2.04375
2.04375
0.235264
2.03865
2.02847
0.294195
2.01324
1.99303
0.357528
1.9679
0.424669
1.8641
0.495041
1.82046
1.77258
0.568088
1.72064
1.66485
0.643272
1.60544
1.54267
0.720074
1.40809
0.797997
3.21237e-33
3.21237e-33
3.5562e-33
0.0145862
0.0145862
3.5562e-33
0.0692396
0.0379071
0.0379071
0.0692396
0.107888
0.153167
0.107888
0.153167
0.260996
0.204419
0.204419
0.260996
0.387662
0.32228
0.528406
0.456561
0.32228
0.387662
0.602655
0.678774
0.528406
0.456561
0.834618
0.75626
0.602655
0.678774
0.913383
0.992098
0.75626
0.834618
0.913383
0.992098
1.14768
1.07034
1.14768
1.07034
1.22374
1.29813
1.29813
1.22374
1.44055
1.37052
1.57231
1.50791
1.63347
1.69112
1.37052
1.44055
1.79501
1.74505
1.57231
1.50791
1.69112
1.63347
1.74505
1.79501
1.84081
1.88228
1.95157
1.91925
1.97913
2.00182
1.88228
1.84081
2.03228
2.01956
1.95157
1.91925
2.04248
2.03993
2.03993
2.03228
2.00182
1.97913
2.01956
1.10511
1.02719
1.02719
0.948569
1.10511
0.869682
0.08198
0.790966
0.712884
1.18194
0.635915
1.25729
0.560558
0.487332
0.416775
1.33079
0.349443
1.40211
0.285911
0.226776
0.17265
1.47091
0.124167
1.53689
0.0467593
0.0191959
1.59975
1.65925
0.0191959
1.71511
1.18194
1.76712
1.81507
1.33079
0.0467593
1.85877
1.89803
1.53689
1.93272
0.08198
1.96271
0.124167
1.98786
2.0081
2.02335
1.81507
0.17265
2.03354
0.226776
1.93272
2.03865
2.03865
2.03354
0.285911
2.02335
0.349443
2.0081
1.98786
1.96271
0.416775
0.487332
1.89803
1.85877
0.560558
1.76712
0.635915
1.71511
1.65925
1.59975
0.712884
0.790966
1.47091
1.40211
0.869682
1.25729
0.948569
9.44865e-33
9.44865e-33
6.86478e-33
0.0236791
0.0236791
6.86478e-33
0.0943506
0.0553639
0.0553639
0.0943506
0.139963
0.191533
0.191533
0.139963
0.310009
0.248425
0.248425
0.310009
0.444865
0.375686
0.516986
0.591496
0.375686
0.444865
0.667872
0.745601
0.591496
0.516986
0.824197
0.903185
0.745601
0.667872
1.06056
0.982119
0.824197
0.903185
1.06056
0.982119
1.1381
1.21435
1.21435
1.1381
1.36147
1.28892
1.28892
1.36147
1.49918
1.43166
1.625
1.56372
1.68278
1.73681
1.49918
1.43166
1.78688
1.83277
1.56372
1.625
1.73681
1.68278
1.78688
1.83277
1.87432
1.91136
1.94375
1.97137
1.9941
2.01187
1.91136
1.87432
2.03228
2.02461
1.94375
1.97137
2.03483
2.03228
2.02461
1.9941
2.01187
1.09222
0.93513
1.16931
0.0280362
0.855948
0.776925
0.698523
1.2449
0.621221
0.209818
0.269362
1.31864
0.545519
0.471935
0.401006
1.39017
0.33329
1.45918
0.15527
1.52535
0.106352
1.5884
0.0637174
1.64806
1.70408
0.0280362
1.75623
1.09222
1.80431
0.0637174
1.84812
1.88749
1.92227
1.39017
1.45918
0.106352
1.95233
0.15527
1.97755
1.99784
2.01313
0.209818
1.75623
2.02335
0.269362
1.84812
1.88749
2.02847
2.02847
2.02335
0.33329
2.01313
0.401006
1.99784
1.97755
1.95233
0.471935
1.92227
0.545519
1.80431
0.621221
0.698523
1.70408
1.64806
1.5884
0.776925
1.52535
0.855948
1.31864
0.93513
1.2449
1.01403
1.16931
1.01403
1.53568e-32
1.53568e-32
9.99433e-33
0.0322668
0.0322668
9.99433e-33
0.0718232
0.117984
0.0718232
0.117984
0.170093
0.227502
0.227502
0.170093
0.355754
0.289592
0.289592
0.355754
0.425408
0.497982
0.572934
0.649732
0.425408
0.497982
0.727871
0.806856
0.649732
0.572934
0.965515
0.886223
0.727871
0.806856
1.12217
1.0443
0.886223
0.965515
1.12217
1.0443
1.2736
1.19873
1.2736
1.19873
1.34644
1.41689
1.41689
1.34644
1.54942
1.48465
1.66891
1.61093
1.72313
1.77336
1.48465
1.54942
1.81941
1.8611
1.61093
1.66891
1.77336
1.72313
1.81941
1.8611
1.93075
1.89826
1.95846
1.98126
1.99909
2.01187
1.89826
1.93075
2.02212
2.01956
1.98126
1.95846
2.01956
2.01187
1.99909
1.22637
0.755912
0.677029
1.30045
0.599228
0.523007
1.37231
0.448886
0.377401
1.44163
0.30911
0.244587
1.50809
0.184428
0.129248
1.57141
0.0796779
0.0363714
1.63132
1.68757
0.0363714
0.835395
0.915019
1.73994
1.78821
1.07294
1.83219
0.0796779
1.87172
1.90664
0.129248
1.93681
1.96213
0.184428
1.9825
1.99784
0.244587
1.63132
2.0081
1.68757
2.01324
0.30911
2.01324
2.0081
0.377401
1.87172
1.90664
1.99784
1.9825
0.448886
1.96213
1.93681
0.523007
0.599228
1.83219
1.78821
0.677029
1.73994
0.755912
1.57141
0.835395
1.50809
1.44163
0.915019
1.37231
1.30045
0.994341
1.22637
1.15041
1.07294
0.994341
1.15041
2.09368e-32
2.09368e-32
1.29448e-32
0.0403494
0.0403494
1.29448e-32
0.140141
0.0872849
0.0872849
0.140141
0.261072
0.198279
0.198279
0.261072
0.398231
0.327919
0.327919
0.398231
0.547011
0.471445
0.624404
0.703112
0.547011
0.471445
0.862541
0.78265
0.624404
0.703112
1.02161
0.942339
0.862541
0.78265
1.17693
1.09994
1.02161
0.942339
1.09994
1.17693
1.32545
1.25222
1.25222
1.32545
1.46439
1.39628
1.39628
1.46439
1.59129
1.52949
1.70403
1.64956
1.75451
1.80077
1.52949
1.59129
1.87998
1.84265
1.64956
1.70403
1.80077
1.75451
1.87998
1.84265
1.91262
1.94045
1.96336
1.98126
1.9941
2.00182
1.94045
1.91262
2.00182
2.0044
1.96336
1.9941
1.98126
0.64846
0.569993
1.34859
0.493082
1.41832
0.418244
0.346017
0.276958
1.48516
0.211643
1.54884
0.150666
0.0946408
0.0442013
1.60909
1.66565
0.0442013
1.7183
0.727983
1.76683
1.81105
0.888294
0.0946408
1.85078
1.88588
1.1253
1.91621
0.150666
1.94166
0.211643
1.96213
1.97755
1.98786
1.48516
0.276958
1.99303
0.346017
1.66565
1.99303
1.98786
1.97755
0.418244
1.81105
1.96213
0.493082
1.94166
1.91621
1.88588
0.569993
1.85078
0.64846
1.76683
1.7183
0.727983
0.808081
1.60909
1.54884
0.888294
1.41832
0.96818
1.34859
1.27629
1.20175
1.04732
1.1253
1.04732
0.96818
1.20175
0.808081
1.27629
2.61887e-32
2.61887e-32
1.57163e-32
0.0479268
0.0479268
1.57163e-32
0.16082
0.101749
0.101749
0.16082
0.292244
0.224522
0.292244
0.224522
0.363407
0.43744
0.363407
0.43744
0.513799
0.591953
0.671398
0.751639
0.513799
0.591953
0.912654
0.832209
0.751639
0.671398
1.07147
0.992546
0.912654
0.832209
1.22485
1.14903
1.07147
0.992546
1.14903
1.22485
1.36988
1.29858
1.36988
1.29858
1.50396
1.43844
1.50396
1.43844
1.62479
1.56616
1.6796
1.73037
1.81904
1.77692
1.56616
1.62479
1.85659
1.88942
1.73037
1.6796
1.77692
1.81904
1.88942
1.85659
1.94045
1.91741
1.97137
1.95846
1.97913
1.98172
1.91741
1.94045
1.97137
1.97913
1.95846
1.38932
0.455819
1.45665
0.380085
0.306931
0.236913
1.52078
0.170606
1.58144
0.108606
0.0515261
1.63839
1.6914
0.0515261
1.74025
0.612892
1.78476
0.108606
1.82475
1.86007
1.8906
0.935622
1.01543
0.170606
1.91621
0.236913
1.93681
1.95233
1.96271
0.306931
1.38932
1.9679
0.380085
1.52078
1.58144
1.9679
1.96271
1.95233
0.455819
1.74025
1.93681
0.533594
1.91621
1.8906
1.86007
0.612892
1.82475
0.693215
1.78476
1.6914
0.774082
1.63839
0.855031
1.45665
0.935622
1.01543
1.31908
1.24624
1.17111
1.09406
1.09406
1.17111
0.855031
1.24624
0.774082
1.31908
0.693215
0.533594
3.11123e-32
3.11123e-32
1.83087e-32
0.0549989
0.0549989
1.83087e-32
0.115216
0.180022
0.115216
0.180022
0.321018
0.24882
0.24882
0.321018
0.396055
0.47338
0.396055
0.47338
0.632809
0.552469
0.795311
0.713915
0.552469
0.632809
0.876551
0.957198
0.713915
0.795311
1.03684
1.11509
0.876551
0.957198
1.19157
1.26591
1.11509
1.03684
1.19157
1.26591
1.40691
1.3378
1.40691
1.3378
1.53562
1.47294
1.47294
1.53562
1.64991
1.59469
1.74793
1.70106
1.79036
1.82818
1.59469
1.64991
1.88942
1.86124
1.74793
1.70106
1.79036
1.82818
1.88942
1.86124
1.93075
1.91262
1.95157
1.94375
1.95418
1.95157
1.91262
1.94375
1.93075
1.48732
0.260239
0.18907
1.54848
0.121574
0.0583457
1.60589
1.65932
0.0583457
0.334506
0.411314
1.70856
1.75342
0.570422
1.79372
0.121574
1.82932
1.86007
0.18907
1.88588
1.90664
0.260239
1.92227
1.93272
0.334506
1.21038
1.93796
1.28388
1.93796
0.411314
1.93272
1.92227
0.490125
1.54848
1.60589
1.90664
1.88588
0.570422
1.86007
1.82932
0.651705
1.79372
1.75342
0.733493
1.70856
1.65932
0.815327
0.896763
1.48732
1.42264
0.977381
1.35474
1.05678
1.13456
1.13456
1.05678
0.977381
1.21038
0.896763
0.815327
1.28388
0.733493
0.651705
1.35474
0.490125
1.42264
3.57078e-32
3.57078e-32
2.07221e-32
0.0615659
0.0615659
2.07221e-32
0.197747
0.127684
0.127684
0.197747
0.271174
0.347394
0.347394
0.271174
0.506053
0.425864
0.425864
0.506053
0.587455
0.669578
0.751954
0.834129
0.587455
0.669578
0.996171
0.915673
0.834129
0.751954
1.07523
1.15248
0.915673
0.996171
1.22756
1.30013
1.07523
1.15248
1.30013
1.22756
1.43653
1.36989
1.36989
1.43653
1.49977
1.55936
1.55936
1.49977
1.66665
1.61506
1.75671
1.71393
1.82818
1.79484
1.66665
1.61506
1.85659
1.87998
1.75671
1.71393
1.79484
1.82818
1.87998
1.85659
1.89826
1.91136
1.92188
1.91925
1.91925
1.91136
1.89826
0.133544
0.06466
1.56827
1.62219
0.06466
1.67188
0.206056
1.71715
1.75781
0.359682
0.133544
1.79372
1.82475
0.603566
1.85078
0.206056
1.87172
0.281621
1.88749
1.89803
1.90332
1.01357
0.359682
1.90332
0.439703
1.2431
1.89803
1.88749
1.87172
0.521164
1.44856
1.85078
0.603566
1.82475
1.79372
1.75781
0.68643
1.71715
0.769295
1.67188
1.62219
1.56827
0.851718
1.51031
0.933277
1.38326
1.31468
1.01357
1.09221
1.16884
1.09221
1.16884
0.933277
1.2431
0.851718
0.769295
0.68643
1.31468
1.38326
0.521164
0.439703
1.44856
0.281621
1.51031
3.99751e-32
3.99751e-32
2.29564e-32
0.0676276
0.0676276
2.29564e-32
0.139156
0.213995
0.139156
0.213995
0.371371
0.291584
0.371371
0.291584
0.535457
0.452833
0.452833
0.535457
0.618758
0.70226
0.868093
0.785518
0.618758
0.70226
1.02958
0.949579
0.785518
0.868093
1.10771
1.18363
0.949579
1.02958
1.25701
1.32751
1.10771
1.18363
1.25701
1.32751
1.45874
1.39485
1.45874
1.39485
1.57519
1.51894
1.57519
1.51894
1.62729
1.67502
1.75671
1.71822
1.81904
1.79036
1.67502
1.62729
1.84265
1.8611
1.75671
1.71822
1.79036
1.81904
1.8611
1.84265
1.88228
1.87432
1.88228
1.88493
1.87432
1.58014
1.63034
0.0704691
0.0704691
1.67607
1.71715
0.144516
1.75342
1.78476
0.382461
0.465252
1.81105
0.221565
1.83219
0.301059
1.84812
1.85877
1.8641
0.883256
0.382461
1.8641
1.04419
1.12174
0.465252
1.85877
1.84812
1.83219
1.33863
0.548934
1.81105
0.633027
1.78476
1.75342
1.58014
1.71715
0.71707
1.67607
0.80062
1.63034
1.52564
0.883256
1.46707
0.964574
1.40465
1.26927
1.04419
1.19688
1.12174
0.964574
1.19688
1.26927
0.80062
0.71707
0.633027
1.33863
0.548934
1.40465
0.301059
1.46707
0.221565
1.52564
0.144516
4.39143e-32
4.39143e-32
2.50117e-32
0.0731841
2.50117e-32
0.0731841
0.228765
0.149629
0.149629
0.228765
0.39295
0.310049
0.39295
0.310049
0.476963
0.561594
0.476963
0.561594
0.730857
0.646377
0.897205
0.814605
0.646377
0.730857
1.05741
0.978266
0.897205
0.814605
1.20856
1.13429
0.978266
1.05741
1.34804
1.27991
1.13429
1.20856
1.34804
1.27991
1.41267
1.47355
1.41267
1.47355
1.5831
1.53043
1.5831
1.53043
1.63136
1.67502
1.74793
1.71393
1.77692
1.80077
1.63136
1.67502
1.83277
1.81941
1.71393
1.74793
1.77692
1.80077
1.83277
1.81941
1.84349
1.84081
1.84081
0.075773
1.63034
1.67188
1.70856
0.154491
1.74025
1.76683
0.235596
1.78821
1.80431
0.318552
1.81507
1.82046
0.658805
0.402841
0.743623
1.82046
1.81507
0.487962
1.80431
1.78821
1.06924
1.14536
0.573437
1.76683
1.74025
0.658805
1.70856
1.67188
0.743623
1.63034
1.58409
0.827469
1.53331
1.47818
0.909941
1.41891
1.35574
0.990653
1.2889
1.21868
1.06924
1.14536
0.990653
0.909941
1.21868
0.827469
1.2889
0.573437
1.35574
0.487962
0.402841
1.41891
0.318552
0.235596
1.47818
0.154491
0.075773
1.53331
1.58409
4.75252e-32
4.75252e-32
2.68879e-32
0.0782354
0.0782354
2.68879e-32
0.159105
0.242058
0.159105
0.242058
0.326571
0.412131
0.412131
0.326571
0.584463
0.498254
0.584463
0.498254
0.755367
0.670313
0.921463
0.839217
0.670313
0.755367
1.07968
1.00174
0.921463
0.839217
1.15496
1.22725
1.07968
1.00174
1.29627
1.36172
1.15496
1.22725
1.29627
1.36172
1.42337
1.48095
1.42337
1.48095
1.5831
1.53427
1.5831
1.53427
1.66665
1.62729
1.70105
1.73037
1.77336
1.75451
1.62729
1.66665
1.78688
1.79501
1.70105
1.73037
1.75451
1.77336
1.78688
1.79772
1.79501
1.65932
0.163468
1.6914
1.7183
1.73994
0.248151
1.75623
0.334102
1.76712
0.420823
1.77258
1.77258
0.420823
0.680899
1.76712
0.507833
1.75623
1.73994
0.931773
1.7183
0.594673
1.6914
0.680899
1.65932
1.62219
1.30199
1.58014
0.76609
1.53331
0.849843
1.48188
1.42604
1.366
0.931773
1.01152
1.23426
1.16308
1.08873
1.08873
1.01152
1.16308
0.849843
0.76609
1.23426
1.30199
0.594673
0.507833
1.366
0.334102
1.42604
0.248151
0.163468
0.0805717
1.48188
1.53331
0.0805717
1.58014
1.62219
5.08079e-32
5.08079e-32
2.85851e-32
0.0827815
0.0827815
2.85851e-32
0.253874
0.167583
0.167583
0.253874
0.428914
0.341149
0.341149
0.428914
0.516705
0.604065
0.516705
0.604065
0.690566
0.775792
0.94087
0.859353
0.690566
0.775792
1.09638
1.01999
0.94087
0.859353
1.23971
1.16972
1.01999
1.09638
1.36857
1.30608
1.23971
1.16972
1.36857
1.30608
1.42693
1.48095
1.42693
1.48095
1.53043
1.57519
1.53043
1.57519
1.61506
1.64991
1.6796
1.70403
1.73681
1.72313
1.61506
1.64991
1.74779
1.74505
1.70403
1.6796
1.73681
1.72313
1.74505
0.171447
1.63839
1.66565
1.68757
0.259228
1.70408
0.259228
0.347708
1.71511
0.436407
0.524865
1.72064
1.72064
0.436407
1.71511
0.784473
0.524865
1.70408
1.68757
1.66565
0.612641
1.10264
1.17489
1.63839
0.699311
1.60589
1.56827
1.52564
0.784473
1.47818
0.867742
1.42604
1.36942
1.30853
0.948753
1.24361
1.02716
1.02716
1.10264
0.948753
1.17489
0.867742
0.699311
1.24361
0.612641
1.30853
0.347708
1.36942
1.42604
0.171447
0.0848652
1.47818
1.52564
0.0848652
1.56827
1.60589
5.37625e-32
5.37625e-32
3.01032e-32
0.0868224
0.0868224
3.01032e-32
0.264212
0.175064
0.175064
0.264212
0.4433
0.353782
0.4433
0.353782
0.620399
0.532317
0.532317
0.620399
0.707137
0.792131
0.875014
0.955424
0.707137
0.792131
1.10751
1.03303
0.875014
0.955424
1.17858
1.24594
1.03303
1.10751
1.30935
1.36857
1.24594
1.17858
1.36857
1.30935
1.42337
1.47355
1.47355
1.42337
1.51894
1.55936
1.55936
1.51894
1.59469
1.62479
1.64956
1.66891
1.68278
1.69112
1.59469
1.62479
1.69112
1.69391
1.66891
1.64956
1.68278
1.63132
0.268828
1.64806
0.0886536
1.65925
0.359369
1.66485
1.66485
0.449593
0.449593
0.539058
1.65925
1.64806
0.539058
1.63132
1.60909
0.627341
1.58144
1.54848
0.71404
1.51031
1.11099
1.46707
0.798769
1.41891
1.366
0.881165
1.30853
1.24672
0.960882
1.18079
1.03759
1.03759
0.960882
1.11099
0.881165
0.798769
1.18079
0.71404
0.627341
1.24672
1.30853
0.359369
0.268828
1.366
0.178429
1.41891
1.46707
0.0886536
1.60909
1.51031
1.54848
1.58144
0.178429
5.63889e-32
5.63889e-32
3.14423e-32
0.0903582
0.0903582
3.14423e-32
0.181547
0.273074
0.181547
0.273074
0.455287
0.364472
0.364472
0.455287
0.633466
0.545091
0.545091
0.633466
0.804386
0.720024
0.965127
0.8862
0.720024
0.804386
1.04085
1.11308
0.965127
0.8862
1.18153
1.24594
1.11308
1.04085
1.30608
1.36172
1.24594
1.18153
1.30608
1.36172
1.45874
1.41267
1.45874
1.41267
1.49977
1.53562
1.53562
1.49977
1.59129
1.56616
1.625
1.61093
1.63629
1.63347
1.59129
1.56616
1.63347
1.61093
1.625
0.276951
1.59975
0.369087
1.60544
1.60544
1.59975
0.276951
0.460382
1.5884
0.550412
1.57141
1.54884
1.52078
0.725086
0.638775
1.48732
0.725086
1.44856
0.968159
1.40465
1.35574
1.11378
0.808981
1.30199
0.890114
1.24361
1.18079
0.968159
1.04281
1.04281
0.890114
0.808981
1.11378
1.18079
0.638775
0.550412
0.460382
1.24361
0.369087
1.30199
0.184414
0.0919367
1.35574
1.40465
0.0919367
1.5884
1.44856
1.48732
1.52078
0.184414
1.54884
1.57141
5.86872e-32
5.86872e-32
3.26023e-32
0.0933888
0.0933888
3.26023e-32
0.280458
0.187033
0.187033
0.280458
0.464877
0.373218
0.464877
0.373218
0.643267
0.555026
0.555026
0.643267
0.812555
0.72923
0.969978
0.892912
0.72923
0.812555
1.11308
1.04346
0.892912
0.969978
1.23971
1.17858
1.11308
1.04346
1.34804
1.29627
1.17858
1.23971
1.29627
1.34804
1.39485
1.43653
1.39485
1.43653
1.47294
1.50396
1.47294
1.50396
1.52949
1.54942
1.56372
1.57231
1.57518
1.57231
1.54942
1.52949
1.56372
0.376862
1.54266
1.54266
0.0947147
1.53689
0.468773
1.52535
0.558928
1.50809
0.468773
0.558928
1.48516
1.45665
0.646942
1.42264
0.732451
1.38326
1.33863
0.970585
1.2889
0.815108
1.23426
0.894589
1.17489
1.11099
1.04281
0.970585
1.04281
0.894589
0.815108
0.732451
1.11099
0.646942
1.17489
0.376862
1.23426
0.283597
1.2889
0.189401
1.33863
1.38326
0.0947147
1.53689
1.42264
1.45665
0.189401
1.48516
1.50809
1.52535
0.283597
6.06573e-32
6.06573e-32
3.35833e-32
0.0959142
0.0959142
3.35833e-32
0.191521
0.286366
0.191521
0.286366
0.472069
0.380021
0.472069
0.380021
0.6498
0.562122
0.562122
0.6498
0.734753
0.81664
0.969978
0.895149
0.81664
0.734753
1.04085
1.10751
0.895149
0.969978
1.22725
1.16972
1.10751
1.04085
1.32751
1.27991
1.22725
1.16972
1.27991
1.32751
1.36989
1.40691
1.36989
1.40691
1.46439
1.43844
1.46439
1.43844
1.48465
1.49918
1.50791
1.51082
1.50791
1.48465
1.49918
1.47091
0.474767
1.45918
1.44163
0.564605
1.41832
1.38932
0.651842
1.35474
0.474767
1.31468
0.736133
1.26927
0.736133
1.21868
0.817151
0.817151
1.16308
1.10264
0.894589
1.03759
0.968159
0.968159
0.894589
1.03759
0.651842
1.10264
0.564605
1.16308
0.382692
0.288766
1.21868
0.19339
0.0969876
1.26927
1.31468
0.0969876
1.47678
1.35474
1.47678
1.38932
1.41832
0.19339
1.44163
1.45918
0.288766
1.47091
0.382692
6.22992e-32
6.22992e-32
3.43853e-32
0.0979345
0.0979345
3.43853e-32
0.290796
0.195012
0.290796
0.195012
0.38488
0.476864
0.476864
0.38488
0.653067
0.56638
0.56638
0.653067
0.736594
0.81664
0.892912
0.965127
0.81664
0.736594
1.09638
1.03303
0.965127
0.892912
1.15496
1.20856
1.09638
1.03303
1.30013
1.25701
1.20856
1.15496
1.25701
1.30013
1.3378
1.36988
1.36988
1.3378
1.39628
1.41689
1.41689
1.39628
1.43166
1.44055
1.44351
1.44055
1.43166
0.478363
1.37231
0.567443
1.34859
1.31908
1.28388
0.292458
0.653475
1.2431
0.478363
0.736133
1.19688
1.14536
1.08873
0.815108
1.02716
0.890114
0.960882
0.890114
0.815108
0.960882
0.736133
1.02716
0.653475
0.567443
1.08873
0.386579
1.14536
0.196382
0.0987554
1.19688
1.2431
0.0987554
1.39017
1.28388
1.31908
1.34859
1.40809
0.196382
1.37231
1.39017
1.40211
0.292458
0.386579
1.40809
1.40211
6.36131e-32
6.36131e-32
3.50083e-32
0.0994498
0.0994498
3.50083e-32
0.29375
0.197505
0.197505
0.29375
0.479261
0.387795
0.387795
0.479261
0.653067
0.567799
0.567799
0.653067
0.812555
0.734753
0.955424
0.8862
0.812555
0.734753
1.07968
1.01999
0.955424
0.8862
1.18363
1.13429
1.07968
1.01999
1.22756
1.26591
1.13429
1.18363
1.22756
1.26591
1.32545
1.29858
1.32545
1.29858
1.34644
1.36147
1.36147
1.34644
1.37052
1.37353
1.37052
0.567443
1.27629
1.24624
1.21038
0.651842
1.16884
0.294673
0.732451
1.12174
0.479561
1.06924
1.01152
0.808981
0.948753
0.881165
0.881165
0.808981
0.732451
0.948753
0.651842
1.01152
0.567443
0.388523
1.06924
1.12174
0.198377
0.100018
1.16884
1.21038
0.100018
1.30045
1.24624
1.27629
1.33079
1.33688
0.198377
1.30045
1.31864
1.33079
0.294673
1.33688
0.388523
1.31864
0.479561
6.45988e-32
6.45988e-32
3.54523e-32
0.10046
0.10046
3.54523e-32
0.295227
0.199001
0.199001
0.295227
0.479261
0.388767
0.479261
0.388767
0.6498
0.56638
0.56638
0.6498
0.72923
0.804386
0.875014
0.940869
0.72923
0.804386
1.00174
1.05741
0.940869
0.875014
1.10771
1.15248
1.05741
1.00174
1.22485
1.19157
1.15248
1.10771
1.19157
1.22485
1.2736
1.25222
1.25222
1.2736
1.29813
1.28892
1.28892
1.29813
1.30121
1.13456
0.646942
1.09221
0.100776
1.04419
0.725086
0.990653
0.931773
0.798769
0.478363
0.564605
0.867742
0.798769
0.867742
0.725086
0.646942
0.931773
0.990653
0.388523
0.295412
1.04419
0.199374
1.09221
1.13456
0.100776
1.17111
1.17111
1.20175
1.20175
1.22637
0.199374
1.2449
1.25729
0.295412
1.26349
1.26349
0.388523
1.25729
1.2449
0.478363
1.22637
0.564605
6.52564e-32
6.52564e-32
3.57172e-32
0.100965
0.100965
3.57172e-32
0.1995
0.295227
0.1995
0.295227
0.476864
0.387795
0.387795
0.476864
0.643267
0.562122
0.562122
0.643267
0.720024
0.792131
0.921463
0.859353
0.792131
0.720024
1.02958
0.978266
0.921463
0.859353
1.11509
1.07523
1.02958
0.978266
1.17693
1.14903
1.11509
1.07523
1.14903
1.17693
1.21435
1.19873
1.21435
1.19873
1.22374
1.22374
1.22687
0.638775
0.964574
0.71404
0.909941
0.849843
0.784472
0.294673
0.784472
0.71404
0.849843
0.638775
0.558928
0.474767
0.909941
0.386579
0.964574
0.199374
0.101028
1.01357
1.05678
0.101028
1.01357
1.09406
1.1253
1.15041
1.1253
0.199374
1.16931
1.18194
1.18826
0.294673
1.18826
0.386579
1.18194
1.16931
1.15041
0.474767
0.558928
1.09406
1.05678
6.5586e-32
6.5586e-32
3.58032e-32
0.100965
0.100965
3.58032e-32
0.29375
0.199001
0.199001
0.29375
0.472069
0.38488
0.38488
0.472069
0.555026
0.633466
0.633466
0.555026
0.707137
0.775792
0.839216
0.897204
0.707137
0.775792
0.949578
0.996171
0.839216
0.897204
1.07147
1.03684
0.949578
0.996171
1.09994
1.12217
1.07147
1.03684
1.09994
1.12217
1.14768
1.1381
1.14768
1.1381
1.15087
0.699311
0.827469
0.76609
0.100776
0.699311
0.76609
0.627341
0.827469
0.550412
0.468773
0.382692
0.883256
0.292458
0.933277
0.198377
0.977381
1.01543
0.100776
0.883256
1.04732
1.07294
0.977381
1.01543
0.198377
1.09222
1.10511
1.11156
1.09222
0.292458
1.11156
0.382692
1.10511
1.07294
0.468773
1.04732
0.550412
0.933277
0.627341
6.55874e-32
6.55874e-32
3.57101e-32
0.10046
0.10046
3.57101e-32
0.290796
0.197505
0.197505
0.290796
0.380021
0.464877
0.464877
0.380021
0.545091
0.620399
0.545091
0.620399
0.690566
0.755367
0.868093
0.814605
0.755367
0.690566
0.915673
0.957198
0.868093
0.814605
0.992546
1.02161
0.915673
0.957198
1.0443
1.06056
0.992546
1.02161
1.0443
1.06056
1.0736
1.07034
1.07034
0.612641
0.743623
0.539058
0.460382
0.80062
0.376862
0.288766
0.851718
0.196382
0.100018
0.896763
0.935622
0.100018
0.680899
0.96818
0.743623
0.994341
1.01403
0.196382
1.02719
1.03377
0.935622
0.96818
0.288766
1.03377
1.02719
0.376862
1.01403
0.994341
0.460382
0.539058
0.896763
0.851718
0.612641
0.80062
0.680899
6.52608e-32
6.52608e-32
3.54381e-32
0.0994498
0.0994498
3.54381e-32
0.195012
0.286366
0.195012
0.286366
0.455287
0.373218
0.455287
0.373218
0.532317
0.604065
0.532317
0.604065
0.670313
0.730857
0.834129
0.785518
0.730857
0.670313
0.912654
0.876551
0.834129
0.785518
0.965515
0.942339
0.912654
0.876551
0.992098
0.982118
0.942339
0.965515
0.992098
0.982118
0.995429
0.71707
0.369087
0.769295
0.283597
0.19339
0.0987554
0.815327
0.855031
0.0987554
0.449593
0.888294
0.915019
0.93513
0.658805
0.19339
0.948569
0.955298
0.955298
0.815327
0.283597
0.948569
0.369087
0.93513
0.915019
0.888294
0.449593
0.855031
0.524865
0.769295
0.71707
0.594673
0.658805
0.594673
0.524865
6.46061e-32
6.46061e-32
3.4987e-32
0.0979345
0.0979345
3.4987e-32
0.280458
0.191521
0.191521
0.280458
0.364472
0.4433
0.4433
0.364472
0.516705
0.584463
0.584463
0.516705
0.70226
0.646377
0.751954
0.795311
0.70226
0.646377
0.862541
0.832209
0.795311
0.751954
0.886223
0.903185
0.862541
0.832209
0.916784
0.913383
0.903185
0.886223
0.913383
0.733493
0.189401
0.0969876
0.774082
0.808081
0.0969876
0.276951
0.835395
0.855948
0.436407
0.507833
0.189401
0.869681
0.876558
0.876558
0.68643
0.276951
0.869681
0.359369
0.855948
0.835395
0.808081
0.436407
0.774082
0.507833
0.733493
0.633027
0.573437
0.573437
0.633027
0.359369
0.68643
6.36232e-32
6.36232e-32
3.4357e-32
0.0959142
0.0959142
3.4357e-32
0.187033
0.273074
0.187033
0.273074
0.428914
0.353782
0.428914
0.353782
0.561594
0.498254
0.561594
0.498254
0.669578
0.618758
0.713914
0.751639
0.669578
0.618758
0.782649
0.806856
0.713914
0.751639
0.824197
0.834618
0.806856
0.782649
0.838097
0.834618
0.824197
0.727982
0.0947147
0.755911
0.0947147
0.776925
0.790966
0.184414
0.797996
0.797996
0.420823
0.487962
0.268828
0.790966
0.603566
0.776925
0.347708
0.755911
0.727982
0.420823
0.693215
0.651704
0.487962
0.548934
0.548934
0.603566
0.347708
0.268828
0.651704
0.184414
0.693215
6.23123e-32
6.23123e-32
3.35479e-32
0.0933888
3.35479e-32
0.0933888
0.264212
0.181547
0.181547
0.264212
0.341149
0.412131
0.341149
0.412131
0.535457
0.476963
0.476963
0.535457
0.587455
0.632809
0.671398
0.703112
0.632809
0.587455
0.727871
0.745601
0.703112
0.671398
0.759815
0.75626
0.745601
0.727871
0.75626
0.0919367
0.677029
0.698523
0.712884
0.178429
0.720074
0.259228
0.720074
0.712884
0.259228
0.698523
0.334102
0.677029
0.64846
0.612892
0.402841
0.570422
0.465252
0.521164
0.465252
0.402841
0.521164
0.334102
0.570422
0.178429
0.0919367
0.612892
0.64846
6.06732e-32
6.06732e-32
3.25598e-32
0.0903582
0.0903582
3.25598e-32
0.253874
0.175064
0.175064
0.253874
0.39295
0.326571
0.326571
0.39295
0.506053
0.452833
0.506053
0.452833
0.591953
0.552469
0.649732
0.624404
0.552469
0.591953
0.667872
0.678774
0.649732
0.624404
0.682413
0.667872
0.678774
0.635915
0.171447
0.643271
0.0886536
0.643271
0.635915
0.248151
0.621221
0.318552
0.382461
0.439703
0.599228
0.569993
0.533594
0.382461
0.490125
0.439703
0.318552
0.490125
0.248151
0.533594
0.171447
0.569993
0.599228
0.0886536
0.621221
5.8706e-32
5.8706e-32
3.13927e-32
0.0868224
0.0868224
3.13927e-32
0.242058
0.167583
0.167583
0.242058
0.310049
0.371371
0.310049
0.371371
0.425864
0.47338
0.47338
0.425864
0.547011
0.513799
0.572934
0.591496
0.513799
0.547011
0.602655
0.606376
0.591496
0.572934
0.602655
0.163468
0.568088
0.560558
0.235596
0.545519
0.523007
0.301059
0.493082
0.455819
0.359682
0.411314
0.359682
0.411314
0.301059
0.235596
0.455819
0.163468
0.0848652
0.493082
0.523007
0.0848652
0.545519
0.560558
0.568088
5.64107e-32
5.64107e-32
3.00465e-32
0.0827815
0.0827815
3.00465e-32
0.228765
0.159105
0.159105
0.228765
0.291584
0.347394
0.291584
0.347394
0.396055
0.43744
0.396055
0.43744
0.471445
0.497982
0.528406
0.516986
0.497982
0.471445
0.528406
0.532217
0.516986
0.487332
0.471935
0.221565
0.448886
0.281621
0.418244
0.221565
0.380085
0.334506
0.334506
0.281621
0.380085
0.154491
0.0805717
0.418244
0.448886
0.0805717
0.471935
0.495041
0.487332
0.495041
0.154491
5.37871e-32
5.37871e-32
0.0782354
2.85213e-32
0.0782354
2.85213e-32
0.213995
0.149629
0.149629
0.213995
0.321018
0.271174
0.321018
0.271174
0.363407
0.398231
0.363407
0.398231
0.444865
0.425407
0.460461
0.456561
0.425407
0.456561
0.444865
0.206056
0.377401
0.260239
0.346017
0.306931
0.260239
0.306931
0.206056
0.346017
0.144516
0.075773
0.377401
0.401006
0.075773
0.416775
0.416775
0.424669
0.144516
0.424669
0.401006
5.08355e-32
5.08355e-32
2.68171e-32
0.0731841
0.0731841
2.68171e-32
0.197747
0.139156
0.139156
0.197747
0.292244
0.24882
0.24882
0.292244
0.327919
0.355754
0.355754
0.327919
0.375686
0.387662
0.391659
0.387662
0.375686
0.236913
0.236913
0.18907
0.276958
0.133544
0.0704691
0.30911
0.33329
0.0704691
0.276958
0.30911
0.349443
0.357528
0.357528
0.133544
0.349443
0.33329
0.18907
4.75556e-32
4.75556e-32
2.49338e-32
0.0676276
0.0676276
2.49338e-32
0.180022
0.127684
0.180022
0.127684
0.261072
0.224522
0.261072
0.224522
0.310009
0.289592
0.289592
0.310009
0.32228
0.326372
0.32228
0.121574
0.06466
0.244587
0.269362
0.06466
0.285911
0.170606
0.294195
0.294195
0.244587
0.121574
0.285911
0.269362
0.170606
0.211643
0.211643
4.39476e-32
4.39476e-32
2.28714e-32
0.0615659
0.0615659
2.28714e-32
0.115216
0.16082
0.115216
0.16082
0.227502
0.198279
0.227502
0.198279
0.260996
0.248425
0.248425
0.265191
0.260996
0.209818
0.226776
0.0583456
0.0583456
0.235264
0.235264
0.108606
0.226776
0.209818
0.184428
0.150666
0.150666
0.184428
0.108606
4.00114e-32
4.00114e-32
2.063e-32
0.0549989
2.063e-32
0.0549989
0.101749
0.140141
0.101749
0.140141
0.191533
0.170093
0.191533
0.170093
0.208715
0.204419
0.204419
0.0515261
0.18135
0.18135
0.17265
0.0946408
0.15527
0.129248
0.129248
0.0946408
0.0515261
0.15527
0.17265
3.5747e-32
3.5747e-32
1.82096e-32
0.0479267
0.0479267
1.82096e-32
0.117984
0.0872849
0.0872849
0.117984
0.139963
0.153167
0.139963
0.153167
0.157573
0.124167
0.0796779
0.106352
0.0796779
0.0442013
0.106352
0.124167
0.0442013
0.133084
0.133084
3.11544e-32
3.11544e-32
1.56101e-32
0.0403494
0.0403494
1.56101e-32
0.0943506
0.0718232
0.0718232
0.0943506
0.107888
0.107888
0.112402
0.0637174
0.0637174
0.0363714
0.0819799
0.0911208
0.0363714
0.0911208
0.0819799
2.62336e-32
2.62336e-32
1.28315e-32
0.0322668
1.28315e-32
0.0322668
0.0553639
0.0692396
0.0553639
0.0692396
0.0738695
0.0561304
0.0280362
0.0561304
0.0467593
0.0280362
0.0467593
2.09846e-32
2.09846e-32
0.0236791
9.8739e-33
0.0236791
9.8739e-33
0.0379071
0.0379071
0.0426514
0.0191959
0.0288037
0.0191959
0.0288037
1.54075e-32
1.54075e-32
6.73727e-33
0.0145862
0.0145862
6.73727e-33
0.0194527
0.00985039
0.00985039
9.50228e-33
9.50228e-33
3.42161e-33
3.42161e-33
0.00498814
1.41331e-35
3.2689e-33
3.2689e-33
