1.42628e-35
3.2989e-33
3.2989e-33
3.45301e-33
9.58947e-33
0.00503392
0.00994077
3.45301e-33
9.58947e-33
0.00994077
6.79909e-33
0.019372
1.55489e-32
0.01472
0.0196311
0.0290679
0.0290679
0.01472
0.019372
1.55489e-32
6.79909e-33
9.96449e-33
0.0282934
2.11771e-32
0.0238963
0.0471883
0.0566453
0.0382548
0.0430427
9.96449e-33
0.0282934
0.0382548
0.0566453
0.0471883
0.0238963
2.11771e-32
1.29492e-32
0.0325628
0.036705
2.64742e-32
0.0558718
0.0643018
0.082732
0.0698747
0.0919567
0.0745471
0.0919567
0.0698747
0.0325628
2.64742e-32
0.036705
1.29492e-32
0.0643018
0.0558718
0.082732
1.57532e-32
3.144e-32
0.0407195
0.0446067
0.072482
0.0804086
0.107328
0.095216
0.0446067
3.144e-32
0.0407195
1.57532e-32
0.134305
0.113433
0.125306
0.108878
0.108878
0.107328
0.125306
0.072482
0.134305
0.095216
0.0804086
1.83765e-32
0.0519985
3.60747e-32
0.0483662
0.0880853
0.0955086
0.130433
0.119066
0.154572
0.141246
0.156694
0.174233
3.60747e-32
0.0519985
0.0483662
1.83765e-32
0.0880853
0.130433
0.0955086
0.119066
0.159018
0.183013
0.154572
0.183013
0.156694
0.174233
0.141246
2.08191e-32
0.0588805
4.03781e-32
0.0555031
0.102682
0.109602
0.152047
0.141426
0.211741
0.19329
0.171653
0.186119
0.206293
0.228855
0.237422
0.210629
2.08191e-32
0.0588805
4.03781e-32
0.0555031
0.102682
0.109602
0.152047
0.141426
0.228855
0.211741
0.186119
0.237422
0.171653
0.206293
0.19329
2.3081e-32
0.0652525
4.43502e-32
0.0621301
0.116272
0.122688
0.17217
0.162295
0.213583
0.246829
0.229588
0.200097
0.250702
0.271832
0.288532
0.263389
0.0621301
2.3081e-32
0.0652525
4.43502e-32
0.267623
0.296892
0.296892
0.263389
0.122688
0.17217
0.116272
0.162295
0.229588
0.271832
0.288532
0.213583
0.200097
0.250702
0.246829
2.51622e-32
0.0711146
4.79912e-32
0.0682472
0.181672
0.128854
0.134767
0.190802
0.239084
0.279496
0.263465
0.226579
0.292246
0.311942
0.336345
0.312851
0.325234
0.352645
0.360805
0.329364
4.79912e-32
0.0682472
2.51622e-32
0.0711146
0.190802
0.134767
0.181672
0.128854
0.360805
0.352645
0.325234
0.312851
0.263465
0.226579
0.239084
0.279496
0.311942
0.336345
0.292246
2.70626e-32
0.0764668
5.13009e-32
0.0738544
0.14043
0.207943
0.199559
0.145839
0.0738544
0.0764668
5.13009e-32
2.70626e-32
0.262623
0.309743
0.294922
0.251099
0.330924
0.380859
0.359014
0.349187
0.391215
0.40468
0.420593
0.379128
0.42856
0.395248
0.391215
0.42856
0.145839
0.207943
0.199559
0.14043
0.309743
0.262623
0.294922
0.251099
0.420593
0.40468
0.349187
0.379128
0.380859
0.330924
0.359014
2.87824e-32
0.0813092
5.42794e-32
0.0789517
0.150999
0.155905
0.223593
0.215954
0.0789517
0.0813092
5.42794e-32
2.87824e-32
0.284199
0.337569
0.323958
0.273657
0.155905
0.215954
0.223593
0.150999
0.366735
0.383566
0.401878
0.422074
0.44894
0.452997
0.476256
0.429304
0.499574
0.464679
0.491795
0.460743
0.460743
0.499574
0.491795
0.44894
0.273657
0.337569
0.284199
0.323958
0.476256
0.401878
0.422074
0.383566
0.366735
0.429304
0.452997
3.03215e-32
0.0835391
0.0856417
5.69267e-32
0.160561
0.164964
0.237752
0.230859
0.303814
0.362974
0.350574
0.294253
0.0835391
0.0856417
5.69267e-32
3.03215e-32
0.237752
0.164964
0.230859
0.160561
0.399681
0.415078
0.459991
0.441444
0.303814
0.350574
0.294253
0.362974
0.475762
0.497595
0.527795
0.502541
0.521719
0.533244
0.550512
0.565689
0.573287
0.533244
0.53709
0.573287
0.521719
0.550512
0.565689
0.502541
0.415078
0.497595
0.441444
0.399681
0.527795
0.475762
0.459991
3.16798e-32
5.92428e-32
0.0876166
0.0894643
0.169116
0.173015
0.25042
0.244272
0.321466
0.385959
0.374769
0.312886
0.0876166
0.0894643
5.92428e-32
3.16798e-32
0.429761
0.443725
0.494609
0.477712
0.25042
0.173015
0.244272
0.169116
0.374769
0.385959
0.321466
0.312886
0.538475
0.518501
0.575208
0.552017
0.443725
0.429761
0.477712
0.494609
0.596909
0.578177
0.626904
0.60471
0.608169
0.641732
0.611924
0.649156
0.649156
0.596909
0.608169
0.641732
0.578177
0.552017
0.518501
0.60471
0.538475
0.575208
0.626904
3.28575e-32
0.0927772
6.12278e-32
0.0911844
0.176665
0.180061
0.261598
0.256195
0.337157
0.406524
0.329558
0.396544
0.456975
0.469506
0.525929
0.510681
0.0911844
0.0927772
6.12278e-32
3.28575e-32
0.180061
0.261598
0.256195
0.176665
0.618496
0.575637
0.557522
0.597367
0.406524
0.337157
0.396544
0.329558
0.510681
0.456975
0.469506
0.525929
0.683218
0.655673
0.630115
0.654388
0.557522
0.618496
0.575637
0.597367
0.684981
0.67398
0.719401
0.704909
0.726657
0.688653
0.684981
0.726657
0.655673
0.683218
0.654388
0.67398
0.719401
0.704909
0.630115
3.38545e-32
0.0955803
6.28817e-32
0.0942424
0.183207
0.186099
0.271285
0.266627
0.350886
0.344267
0.424669
0.415899
0.481323
0.492422
0.553951
0.540352
3.38545e-32
6.28817e-32
0.0942424
0.0955803
0.638593
0.592825
0.609082
0.657659
0.183207
0.186099
0.271285
0.266627
0.424669
0.350886
0.415899
0.344267
0.699548
0.734633
0.709538
0.677534
0.540352
0.553951
0.481323
0.492422
0.592825
0.609082
0.638593
0.657659
0.762817
0.784022
0.734522
0.752414
0.734633
0.699548
0.677534
0.709538
0.766758
0.76317
0.805285
0.798191
0.762817
0.805285
0.784022
0.798191
0.752414
0.76317
0.734522
3.46709e-32
0.0978737
6.42044e-32
0.0967906
0.188742
0.191131
0.279481
0.275569
0.357015
0.362653
0.440394
0.432834
0.502806
0.512472
0.578675
0.566725
0.0967906
0.0978737
6.42044e-32
3.46709e-32
0.675694
0.624411
0.638808
0.692698
0.188742
0.275569
0.279481
0.191131
0.781148
0.758503
0.74019
0.720435
0.362653
0.440394
0.432834
0.357015
0.566725
0.578675
0.512472
0.502806
0.815457
0.843019
0.814223
0.789796
0.692698
0.624411
0.638808
0.675694
0.781148
0.74019
0.720435
0.758503
0.842238
0.831722
0.863759
0.877617
0.814223
0.789796
0.843019
0.815457
0.884556
0.845748
0.842238
0.831722
0.877617
0.863759
0.884556
3.53067e-32
0.0996574
6.51961e-32
0.0988292
0.193271
0.195157
0.286187
0.28302
0.0988292
0.0996574
6.51961e-32
3.53067e-32
0.367801
0.372458
0.453699
0.447349
0.521424
0.529658
0.600102
0.5898
0.723613
0.708671
0.652279
0.664818
0.28302
0.193271
0.286187
0.195157
0.776313
0.802568
0.822764
0.758817
0.367801
0.453699
0.447349
0.372458
0.870409
0.862829
0.896394
0.839802
0.600102
0.529658
0.5898
0.521424
0.723613
0.664818
0.652279
0.708671
0.911422
0.923361
0.943654
0.894307
0.822764
0.776313
0.758817
0.802568
0.896394
0.870409
0.839802
0.862829
0.921713
0.925145
0.964005
0.957215
0.911422
0.894307
0.923361
0.943654
0.964005
0.921713
0.957215
3.57618e-32
0.100931
6.58567e-32
0.100358
0.196793
0.198176
0.291402
0.288981
0.376626
0.380302
0.464585
0.459444
0.100358
0.100931
6.58567e-32
3.57618e-32
0.288981
0.291402
0.196793
0.198176
0.537177
0.543978
0.618231
0.609578
0.687111
0.750405
0.737524
0.67643
0.80792
0.841735
0.859481
0.792682
0.376626
0.459444
0.464585
0.380302
0.904935
0.944146
0.920973
0.884541
0.537177
0.609578
0.543978
0.618231
0.976999
1.0034
0.950926
0.974312
0.737524
0.750405
0.687111
0.67643
0.80792
0.841735
0.792682
0.859481
1.00114
1.02326
1.03654
0.991066
0.920973
0.904935
0.944146
0.884541
0.950926
1.0034
0.974312
0.976999
1.0045
0.991066
1.04318
1.04318
1.00114
1.02326
1.03654
3.60363e-32
0.101696
6.61863e-32
0.101377
0.199309
0.200188
0.295128
0.293451
0.38349
0.386185
0.473051
0.46912
0.550065
0.626059
0.555434
0.633064
0.101377
0.101696
6.61863e-32
3.60363e-32
0.200188
0.293451
0.295128
0.199309
0.46912
0.473051
0.386185
0.38349
0.705687
0.773074
0.762254
0.696865
0.876003
0.891301
0.82203
0.835009
0.986277
0.965914
0.941775
0.924014
0.626059
0.550065
0.633064
0.555434
1.00158
1.02467
1.05684
1.03091
0.696865
0.705687
0.762254
0.773074
1.05381
1.10215
1.07021
1.0827
0.891301
0.835009
0.876003
0.82203
0.986277
0.941775
0.965914
0.924014
1.12167
1.08007
1.11516
1.08336
1.00158
1.02467
1.03091
1.05684
1.07021
1.05381
1.12167
1.11516
1.0827
1.08007
1.10215
3.61301e-32
0.101951
6.61849e-32
0.101887
0.200818
0.201195
0.297363
0.296431
0.388392
0.390107
0.479098
0.476377
0.101887
0.101951
6.61849e-32
3.61301e-32
0.560089
0.6446
0.639243
0.564026
0.720548
0.79162
0.782862
0.713583
0.296431
0.297363
0.201195
0.200818
0.476377
0.479098
0.390107
0.388392
0.560089
0.564026
0.639243
0.6446
0.905374
0.846861
0.918224
0.857583
1.02279
1.00523
0.97335
0.958221
1.04627
1.06638
1.104
1.08121
0.782862
0.713583
0.720548
0.79162
1.13552
1.13237
1.16086
1.10994
0.846861
0.905374
0.918224
0.857583
1.1581
1.17992
1.19267
1.14844
1.00523
1.02279
0.97335
0.958221
1.104
1.06638
1.08121
1.04627
1.19905
1.16133
1.1581
1.19905
1.13552
1.10994
1.19267
1.16086
1.13237
1.14844
1.17992
3.60434e-32
0.101696
6.58524e-32
0.101887
0.201321
0.201195
0.298108
0.297921
0.391334
0.392068
0.482727
0.481215
0.567249
0.569754
0.652839
0.649131
0.101887
0.101696
6.58524e-32
3.60434e-32
0.201195
0.297921
0.298108
0.201321
0.731693
0.806044
0.799347
0.726586
0.875641
0.94025
0.929849
0.867177
0.392068
0.391334
0.481215
0.482727
0.649131
0.567249
0.652839
0.569754
0.731693
0.726586
0.806044
0.799347
1.03894
1.05368
0.999661
0.987164
1.085
1.10213
1.14486
1.12522
1.18174
1.15946
1.21265
1.18762
0.867177
0.929849
0.875641
0.94025
1.25619
1.23749
1.22536
1.20961
0.987164
0.999661
1.05368
1.03894
1.23484
1.26868
1.27494
1.238
1.14486
1.12522
1.085
1.10213
1.15946
1.18174
1.18762
1.21265
1.23484
1.22536
1.27494
1.26868
1.20961
1.23749
1.25619
3.57761e-32
0.100931
6.51888e-32
0.101377
0.200818
0.200188
0.297363
0.297921
0.483634
0.392314
0.392068
0.483936
0.101377
0.100931
6.51888e-32
3.57761e-32
0.571545
0.572618
0.657783
0.655723
0.739123
0.816347
0.811711
0.735874
0.200188
0.297921
0.297363
0.200818
0.483634
0.483936
0.392314
0.392068
0.889183
0.957381
0.949427
0.882977
1.02071
1.06702
1.01084
1.07895
0.655723
0.657783
0.572618
0.571545
0.811711
0.735874
0.739123
0.816347
0.957381
0.889183
0.882977
0.949427
1.11777
1.16294
1.17944
1.13192
1.20237
1.22135
1.25753
1.23595
1.28514
1.31222
1.26357
1.28785
1.01084
1.06702
1.07895
1.02071
1.3006
1.30989
1.33057
1.34283
1.11777
1.17944
1.16294
1.13192
1.34897
1.34897
1.31299
1.30989
1.22135
1.25753
1.20237
1.23595
1.34283
1.33057
1.28785
1.26357
1.31222
1.3006
1.28514
3.53281e-32
0.0996574
6.41942e-32
0.100358
0.199309
0.198176
0.295128
0.296431
0.482727
0.483634
0.391334
0.390107
0.572976
0.572618
0.659431
0.659019
0.100358
0.0996574
6.41942e-32
3.53281e-32
0.198176
0.296431
0.295128
0.199309
0.742838
0.822529
0.819953
0.741446
0.898212
0.969617
0.964111
0.894263
0.483634
0.482727
0.390107
0.391334
0.659019
0.572976
0.659431
0.572618
1.03649
1.09861
1.02926
1.08948
1.14458
1.19437
1.20772
1.15575
0.742838
0.741446
0.822529
0.819953
0.894263
0.964111
0.969617
0.898212
1.02926
1.08948
1.09861
1.03649
1.23868
1.27738
1.25436
1.2955
1.31033
1.36078
1.33101
1.33744
1.38471
1.35861
1.40273
1.37378
1.14458
1.19437
1.15575
1.20772
1.4208
1.3829
1.38594
1.41477
1.23868
1.25436
1.2955
1.27738
1.3829
1.4208
1.41477
1.37378
1.33744
1.33101
1.31033
1.36078
1.38471
1.35861
1.40273
3.46995e-32
0.0978737
6.28685e-32
0.0988292
0.196793
0.195157
0.291402
0.293451
0.386185
0.479098
0.481215
0.388392
0.0988292
0.0978737
6.28685e-32
3.46995e-32
0.571545
0.569754
0.657783
0.659019
0.742838
0.824589
0.743304
0.824074
0.195157
0.293451
0.291402
0.196793
0.481215
0.479098
0.388392
0.386185
0.902726
0.976958
0.973899
0.901034
1.10633
1.04702
1.11265
1.04241
0.569754
0.571545
0.657783
0.659019
0.743304
0.824074
0.824589
0.742838
1.16543
1.17362
1.21951
1.22972
1.26838
1.28076
1.32656
1.31189
0.902726
0.976958
0.901034
0.973899
1.11265
1.04702
1.04241
1.10633
1.22972
1.16543
1.21951
1.17362
1.34989
1.38226
1.36698
1.40186
1.45463
1.43111
1.42968
1.40888
1.45354
1.47233
1.48416
1.44458
1.26838
1.32656
1.28076
1.31189
1.45354
1.49009
1.45653
1.49009
1.40186
1.38226
1.34989
1.36698
1.44458
1.45463
1.43111
1.47233
1.48416
1.40888
1.42968
3.38903e-32
0.0955803
6.12117e-32
0.0967906
0.193271
0.288981
0.191131
0.286187
0.380302
0.473051
0.476377
0.38349
0.0967906
0.0955803
6.12117e-32
3.38903e-32
0.567249
0.564026
0.65284
0.655723
0.191131
0.288981
0.286187
0.193271
0.739123
0.741446
0.822529
0.824074
0.902726
0.979405
0.978793
0.903291
0.38349
0.476377
0.473051
0.380302
0.564026
0.655723
0.567249
0.65284
1.11756
1.05228
1.12107
1.0503
1.18553
1.18032
1.24543
1.23836
0.741446
0.822529
0.824074
0.739123
0.978793
0.979405
0.902726
0.903291
1.29149
1.35072
1.3395
1.30056
1.43547
1.38226
1.39574
1.4196
1.12107
1.05228
1.0503
1.11756
1.18032
1.23836
1.24543
1.18553
1.29149
1.30056
1.3395
1.35072
1.47758
1.45141
1.46978
1.49854
1.52166
1.53907
1.51267
1.49802
1.55653
1.52442
1.55071
1.52148
1.4196
1.39574
1.38226
1.43547
1.55653
1.52148
1.55071
1.51267
1.53907
1.47758
1.52166
1.45141
1.49802
1.46978
1.49854
3.29004e-32
0.0927772
5.92238e-32
0.0942424
0.0942424
0.0927772
5.92238e-32
3.29004e-32
0.188742
0.279481
0.28302
0.186099
0.372458
0.464585
0.46912
0.376626
0.560089
0.555434
0.6446
0.649131
0.28302
0.279481
0.188742
0.186099
0.735874
0.731693
0.816347
0.819953
0.46912
0.464585
0.372458
0.376626
0.898212
0.976958
0.978793
0.901034
1.05228
1.12388
1.12318
1.05294
0.555434
0.649131
0.560089
0.6446
0.731693
0.816347
0.735874
0.819953
1.18926
1.19149
1.25486
1.25093
1.30799
1.31376
1.36021
1.36798
0.976958
0.898212
0.901034
0.978793
1.05228
1.05294
1.12318
1.12388
1.40743
1.41732
1.46161
1.44948
1.48621
1.53446
1.5007
1.51749
1.18926
1.25093
1.19149
1.25486
1.30799
1.36798
1.31376
1.36021
1.40743
1.46161
1.44948
1.41732
1.58552
1.56335
1.54324
1.56276
1.61411
1.60265
1.57776
1.58643
1.58643
1.58932
1.61985
1.61985
1.48621
1.51749
1.53446
1.5007
1.61411
1.56335
1.57776
1.60265
1.56276
1.58552
1.54324
3.17298e-32
0.0894643
5.69047e-32
0.0911844
0.183207
0.180061
0.271285
0.275569
0.0911844
0.0894643
5.69047e-32
3.17298e-32
0.275569
0.271285
0.183207
0.180061
0.362653
0.453699
0.459444
0.367801
0.550065
0.543978
0.633064
0.639243
0.726586
0.720548
0.806044
0.811711
0.367801
0.362653
0.459444
0.453699
0.889183
0.969617
0.973899
0.894263
0.639243
0.633064
0.550065
0.543978
1.04702
1.12107
1.12318
1.0503
1.19223
1.258
1.25722
1.19149
0.726586
0.806044
0.720548
0.811711
0.969617
0.973899
0.889183
0.894263
1.32036
1.37833
1.31789
1.37402
1.42541
1.4317
1.48028
1.47188
1.12107
1.0503
1.12318
1.04702
1.19149
1.25722
1.19223
1.258
1.51327
1.52389
1.56239
1.54942
1.60557
1.62352
1.58023
1.59564
1.37402
1.31789
1.32036
1.37833
1.4317
1.42541
1.48028
1.47188
1.51327
1.56239
1.54942
1.52389
1.66282
1.64594
1.62538
1.63957
1.65095
1.64811
1.6741
1.67975
1.64811
1.67975
1.63957
1.6741
1.58023
1.62538
1.62352
1.59564
1.64594
1.66282
1.60557
3.03786e-32
0.0876166
0.0856417
5.42545e-32
0.176665
0.173015
0.261598
0.266627
0.350886
0.440394
0.447349
0.357015
0.0876166
0.0856417
5.42545e-32
3.03786e-32
0.173015
0.266627
0.261598
0.176665
0.447349
0.440394
0.350886
0.357015
0.537177
0.529658
0.618231
0.626059
0.713583
0.705687
0.79162
0.799347
0.882977
0.875641
0.957381
0.964111
0.529658
0.626059
0.537177
0.618231
1.03649
1.11265
1.11756
1.04241
0.713583
0.79162
0.799347
0.705687
1.25722
1.18926
1.18553
1.25486
1.38178
1.32119
1.32036
1.38092
0.875641
0.882977
0.964111
0.957381
1.04241
1.11756
1.11265
1.03649
1.4362
1.49148
1.48681
1.43889
1.53259
1.58234
1.53936
1.57337
1.25722
1.18926
1.18553
1.25486
1.38178
1.32036
1.38092
1.32119
1.65307
1.63935
1.62029
1.60899
1.68056
1.66433
1.68385
1.70266
1.4362
1.49148
1.48681
1.43889
1.53259
1.58234
1.53936
1.57337
1.63935
1.60899
1.65307
1.62029
1.69783
1.73043
1.70625
1.7193
1.73601
1.73601
1.70905
1.70625
1.69783
1.70266
1.7193
1.73043
1.68056
1.68385
1.66433
2.88467e-32
5.12731e-32
0.0835391
0.0813092
0.169116
0.164964
0.25042
0.256195
0.337157
0.424669
0.432834
0.344267
0.0835391
0.0813092
5.12731e-32
2.88467e-32
0.521424
0.512472
0.600102
0.609578
0.164964
0.256195
0.25042
0.169116
0.344267
0.337157
0.432834
0.424669
0.512472
0.609578
0.600102
0.521424
0.696865
0.687111
0.773074
0.782862
0.857583
0.94025
0.949427
0.867177
1.02071
1.09861
1.10633
1.02926
0.696865
0.782862
0.773074
0.687111
1.18032
1.24543
1.25093
1.17362
0.94025
0.949427
0.857583
0.867177
1.31376
1.37833
1.31789
1.38092
1.49521
1.43979
1.43889
1.49428
1.09861
1.02071
1.02926
1.10633
1.25093
1.18032
1.24543
1.17362
1.58933
1.54419
1.54709
1.59431
1.63673
1.66468
1.62954
1.67417
1.31376
1.37833
1.31789
1.38092
1.49521
1.43889
1.43979
1.49428
1.73365
1.71926
1.70652
1.69462
1.75546
1.73852
1.75231
1.77189
1.54419
1.59431
1.58933
1.54709
1.67417
1.66468
1.62954
1.63673
1.69462
1.71926
1.70652
1.73365
1.76338
1.76061
1.78288
1.78838
1.78838
1.76061
1.75231
1.77189
1.78288
1.75546
1.73852
2.71341e-32
0.0764669
4.79604e-32
0.0789517
0.0789517
0.0764669
4.79604e-32
2.71341e-32
0.160561
0.155905
0.237752
0.244272
0.321466
0.406524
0.415899
0.329558
0.502806
0.492422
0.578675
0.5898
0.244272
0.237752
0.160561
0.155905
0.67643
0.664818
0.750405
0.762254
0.415899
0.321466
0.406524
0.329558
0.578675
0.492422
0.5898
0.502806
0.67643
0.762254
0.750405
0.664818
0.846861
0.835009
0.918224
0.929849
0.999661
1.07895
1.08948
1.01084
1.16543
1.23836
1.15575
1.22972
0.918224
0.929849
0.835009
0.846861
1.30056
1.37402
1.30799
1.36798
0.999661
1.01084
1.08948
1.07895
1.49148
1.49428
1.4362
1.4317
1.59731
1.54805
1.5983
1.54709
1.23836
1.16543
1.15575
1.22972
1.37402
1.30799
1.30056
1.36798
1.64495
1.68684
1.68156
1.64187
1.72382
1.74582
1.75578
1.71625
1.4317
1.4362
1.49428
1.49148
1.5983
1.54709
1.54805
1.59731
1.80413
1.78258
1.78916
1.77015
1.80279
1.81099
1.83122
1.82036
1.64187
1.64495
1.68156
1.68684
1.71625
1.72382
1.75578
1.74582
1.78258
1.80413
1.77015
1.78916
1.81372
1.83665
1.83665
1.81099
1.82036
1.83122
1.80279
2.52408e-32
0.0711146
4.43166e-32
0.0738544
2.52408e-32
0.0738544
0.0711146
4.43166e-32
0.150999
0.145839
0.223593
0.230859
0.230859
0.223593
0.150999
0.145839
0.312886
0.303814
0.385959
0.396544
0.481323
0.469506
0.553951
0.566725
0.652279
0.638808
0.723613
0.737524
0.396544
0.385959
0.303814
0.312886
0.82203
0.80792
0.891301
0.905374
0.469506
0.566725
0.553951
0.481323
0.652279
0.737524
0.723613
0.638808
0.80792
0.82203
0.905374
0.891301
0.97335
1.05368
1.06702
0.987164
1.14458
1.20772
1.13192
1.21951
1.36021
1.29149
1.28076
1.35072
0.97335
1.05368
1.06702
0.987164
1.48681
1.41732
1.42541
1.48028
1.13192
1.21951
1.20772
1.14458
1.59431
1.59731
1.53936
1.54419
1.64495
1.69
1.69106
1.64597
1.36021
1.35072
1.28076
1.29149
1.42541
1.48681
1.41732
1.48028
1.76905
1.72923
1.73248
1.76352
1.80065
1.82716
1.8168
1.79274
1.59431
1.54419
1.53936
1.59731
1.64597
1.69
1.64495
1.69106
1.83559
1.84906
1.86453
1.84848
1.85717
1.85987
1.87527
1.88064
1.73248
1.72923
1.76352
1.76905
1.82716
1.79274
1.8168
1.80065
1.88064
1.83559
1.87527
1.85717
1.84906
1.86453
1.84848
0.0682472
0.0652525
4.03415e-32
2.31668e-32
2.31668e-32
0.0652525
4.03415e-32
0.0682472
0.14043
0.134767
0.207943
0.215954
0.14043
0.134767
0.215954
0.207943
0.284199
0.362974
0.374769
0.294253
0.374769
0.362974
0.284199
0.294253
0.456975
0.443725
0.525929
0.540352
0.624411
0.609082
0.692698
0.708671
0.792682
0.776314
0.859481
0.876003
0.525929
0.443725
0.540352
0.456975
0.958222
0.941775
1.02279
1.03894
0.609082
0.624411
0.708671
0.692698
0.859481
0.792682
0.876003
0.776314
0.958222
1.03894
1.02279
0.941775
1.19437
1.11777
1.10213
1.17944
1.3395
1.26838
1.32656
1.25436
1.47188
1.39574
1.46161
1.40743
1.19437
1.17944
1.11777
1.10213
1.58933
1.52389
1.58234
1.53259
1.3395
1.25436
1.26838
1.32656
1.63673
1.68684
1.64187
1.69
1.77237
1.77348
1.73356
1.73248
1.47188
1.46161
1.39574
1.40743
1.52389
1.53259
1.58933
1.58234
1.80969
1.84097
1.83522
1.8063
1.86721
1.87762
1.88832
1.85902
1.64187
1.68684
1.69
1.63673
1.73248
1.73356
1.77237
1.77348
1.89095
1.90422
1.91485
1.89897
1.89897
1.90165
1.92017
1.92017
1.83522
1.8063
1.84097
1.80969
1.86721
1.88832
1.87762
1.91485
1.90422
1.85902
1.89095
0.0621301
0.0588805
3.60352e-32
2.09121e-32
0.199559
0.190802
0.128854
0.122688
2.09121e-32
0.0588805
3.60352e-32
0.0621301
0.128854
0.122688
0.190802
0.199559
0.262623
0.337569
0.350574
0.273657
0.337569
0.262623
0.273657
0.350574
0.429761
0.415078
0.494609
0.510681
0.415078
0.510681
0.494609
0.429761
0.592825
0.575637
0.657659
0.675694
0.758817
0.74019
0.822764
0.841735
0.904935
0.986277
1.00523
0.924014
0.575637
0.592825
0.675694
0.657659
1.085
1.06638
1.14486
1.16294
0.74019
0.822764
0.758817
0.841735
0.986277
0.924014
1.00523
0.904935
1.06638
1.16294
1.085
1.14486
1.22135
1.23868
1.2955
1.31189
1.44948
1.36698
1.43547
1.38226
1.56239
1.5007
1.57337
1.51327
1.31189
1.2955
1.22135
1.23868
1.62029
1.68156
1.67417
1.62954
1.36698
1.38226
1.44948
1.43547
1.76905
1.72382
1.77237
1.72923
1.81082
1.84558
1.84442
1.80969
1.57337
1.56239
1.51327
1.5007
1.68156
1.62954
1.62029
1.67417
1.89665
1.87307
1.87658
1.9026
1.92352
1.91508
1.93928
1.92829
1.76905
1.72923
1.72382
1.77237
1.81082
1.84558
1.84442
1.80969
1.93888
1.94982
1.93623
1.9551
1.93623
1.94982
1.92829
1.9551
1.89665
1.87658
1.9026
1.87307
1.93928
1.92352
1.91508
0.0555031
0.0519985
3.13976e-32
1.84766e-32
0.181672
0.17217
0.116272
0.109602
1.84766e-32
0.0519985
3.13976e-32
0.0555031
0.323958
0.309743
0.239084
0.251099
0.116272
0.109602
0.17217
0.181672
0.239084
0.309743
0.323958
0.251099
0.399681
0.383566
0.459991
0.477712
0.477712
0.459991
0.399681
0.383566
0.557522
0.538475
0.618496
0.638593
0.557522
0.638593
0.618496
0.538475
0.720435
0.699548
0.781148
0.802568
0.884542
0.862829
0.944146
0.965914
1.04627
1.02467
1.104
1.12522
0.781148
0.720435
0.802568
0.699548
1.27738
1.20237
1.25753
1.18174
0.862829
0.944146
0.965914
0.884542
1.02467
1.12522
1.104
1.04627
1.27738
1.18174
1.20237
1.25753
1.40186
1.33101
1.4196
1.34989
1.53446
1.54942
1.46978
1.48621
1.66468
1.59564
1.65307
1.60899
1.33101
1.4196
1.40186
1.34989
1.70652
1.75578
1.76352
1.71625
1.46978
1.53446
1.54942
1.48621
1.80065
1.84097
1.8063
1.84442
1.87776
1.87658
1.90617
1.90735
1.60899
1.59564
1.66468
1.65307
1.76352
1.71625
1.75578
1.70652
1.94783
1.95394
1.93317
1.92955
1.96882
1.96094
1.96958
1.98004
1.8063
1.84097
1.80065
1.84442
1.90735
1.87776
1.87658
1.90617
1.97145
1.96882
1.98528
1.98528
1.94783
1.93317
1.96094
1.98004
1.92955
1.95394
1.96958
0.0483662
0.0446067
2.64289e-32
1.58605e-32
0.162295
0.152047
0.102682
0.0955086
1.58605e-32
0.0446067
2.64289e-32
0.0483662
0.294922
0.279496
0.213583
0.226579
0.102682
0.0955086
0.152047
0.162295
0.441444
0.422074
0.366735
0.349187
0.213583
0.279496
0.294922
0.226579
0.366735
0.349187
0.422074
0.441444
0.518501
0.497595
0.575208
0.597367
0.518501
0.597367
0.575208
0.497595
0.677534
0.654388
0.734633
0.758503
0.654388
0.677534
0.758503
0.734633
0.815457
0.896394
0.920973
0.839802
1.00158
0.976999
1.05684
1.08121
1.15946
1.23595
1.13552
1.21265
0.815457
0.920973
0.896394
0.839802
1.28785
1.38226
1.36078
1.31033
0.976999
1.05684
1.08121
1.00158
1.21265
1.13552
1.23595
1.15946
1.36078
1.28785
1.31033
1.38226
1.51749
1.43111
1.49854
1.45141
1.56276
1.63935
1.62352
1.58023
1.68056
1.73365
1.74582
1.69462
1.49854
1.51749
1.43111
1.45141
1.82716
1.78258
1.79274
1.83522
1.63935
1.58023
1.56276
1.62352
1.86721
1.9026
1.87307
1.90617
1.95882
1.93438
1.93317
1.9576
1.74582
1.68056
1.69462
1.73365
1.82716
1.79274
1.83522
1.78258
1.97576
1.98877
1.995
1.97946
2.0054
1.99659
1.99921
2.0106
1.90617
1.86721
1.9026
1.87307
1.93438
1.9576
1.93317
1.95882
1.97946
1.98877
1.995
1.99659
2.0106
2.0054
1.97576
0.0407195
0.036705
2.11289e-32
1.30636e-32
0.141426
0.130433
0.0880854
0.0804086
1.30636e-32
0.036705
2.11289e-32
0.0407195
0.263465
0.246829
0.186119
0.200097
0.0880854
0.0804086
0.130433
0.141426
0.401878
0.380859
0.330924
0.311942
0.186119
0.246829
0.263465
0.200097
0.475762
0.552017
0.527795
0.452997
0.330924
0.311942
0.380859
0.401878
0.475762
0.452997
0.527795
0.552017
0.630115
0.60471
0.683218
0.709538
0.630115
0.709538
0.60471
0.683218
0.789796
0.762817
0.843019
0.870409
0.843019
0.762817
0.789796
0.870409
0.950926
0.923361
1.0034
1.03091
1.18762
1.10994
1.0827
1.16086
1.31222
1.33744
1.23749
1.26357
0.923361
1.03091
1.0034
0.950926
1.38471
1.45463
1.47758
1.40888
1.16086
1.0827
1.18762
1.10994
1.31222
1.23749
1.33744
1.26357
1.38471
1.45463
1.40888
1.47758
1.60557
1.58552
1.52166
1.54324
1.64594
1.70266
1.71926
1.66433
1.80413
1.77015
1.8168
1.75546
1.60557
1.58552
1.52166
1.54324
1.85902
1.84848
1.89665
1.88832
1.70266
1.66433
1.64594
1.71926
1.95394
1.92352
1.92955
1.9576
1.99999
1.99874
1.98069
1.97946
1.75546
1.80413
1.77015
1.8168
1.88832
1.89665
1.85902
1.84848
2.01946
2.02579
2.01168
2.01545
2.02206
2.03097
2.03097
2.01946
1.92955
1.95394
1.9576
1.92352
1.99874
2.02579
1.98069
1.99999
2.01545
2.01168
1.97946
0.0325628
0.0282934
1.54977e-32
1.0086e-32
1.0086e-32
0.0282934
1.54977e-32
0.0325628
0.119066
0.107328
0.072482
0.0643018
0.229588
0.211741
0.156694
0.171653
0.072482
0.0643018
0.107328
0.119066
0.271832
0.359014
0.336345
0.292246
0.156694
0.211741
0.229588
0.171653
0.429304
0.502541
0.476257
0.40468
0.292246
0.271832
0.336345
0.359014
0.578177
0.655673
0.626904
0.550512
0.429304
0.40468
0.476257
0.502541
0.578177
0.550512
0.626904
0.655673
0.734522
0.704909
0.784022
0.814223
0.734522
0.814223
0.784022
0.704909
0.894307
0.863759
0.943654
0.974312
0.974312
0.863759
0.943654
0.894307
1.13237
1.05381
1.10215
1.02326
1.17992
1.20961
1.28514
1.25619
1.33057
1.42968
1.40273
1.35861
1.10215
1.02326
1.13237
1.05381
1.47233
1.56335
1.53907
1.49802
1.17992
1.25619
1.20961
1.28514
1.40273
1.33057
1.42968
1.35861
1.56335
1.47233
1.53907
1.49802
1.68385
1.60265
1.66282
1.62538
1.77189
1.7193
1.78916
1.73852
1.83559
1.82036
1.86453
1.87762
1.60265
1.66282
1.68385
1.62538
1.90422
1.94783
1.91508
1.93928
1.7193
1.78916
1.73852
1.77189
1.96958
1.995
1.97576
1.99874
2.03086
2.01545
2.01671
2.02959
1.83559
1.87762
1.86453
1.82036
1.91508
1.93928
1.90422
1.94783
2.04632
2.03992
2.03734
2.04116
2.04116
2.02959
2.03734
2.04632
1.995
1.97576
1.96958
1.99874
2.01671
2.03086
2.01545
6.92777e-33
0.019372
9.53535e-33
0.0238963
0.0238963
0.019372
9.53535e-33
6.92777e-33
0.095216
0.082732
0.0558718
0.0471883
0.0558718
0.0471883
0.082732
0.095216
0.19329
0.174233
0.125306
0.141246
0.312851
0.288532
0.250702
0.228855
0.125306
0.174233
0.141246
0.19329
0.379128
0.44894
0.420593
0.352645
0.250702
0.228855
0.288532
0.312851
0.521719
0.596909
0.491795
0.565689
0.379128
0.352645
0.420593
0.44894
0.67398
0.752414
0.719401
0.641732
0.521719
0.491795
0.565689
0.596909
0.67398
0.641732
0.719401
0.752414
0.831722
0.798191
0.877618
0.911423
0.831722
0.911423
0.798191
0.877618
0.957215
1.03654
0.991066
1.07021
0.957215
1.07021
1.03654
0.991066
1.19267
1.22536
1.11516
1.14844
1.26868
1.37378
1.3006
1.34283
1.41477
1.48416
1.51267
1.44458
1.19267
1.11516
1.22536
1.14844
1.55071
1.63957
1.61411
1.57776
1.34283
1.26868
1.3006
1.37378
1.51267
1.41477
1.48416
1.44458
1.61411
1.55071
1.63957
1.57776
1.73043
1.75231
1.6741
1.69783
1.83122
1.78288
1.84906
1.80279
1.89095
1.91485
1.92829
1.87527
1.6741
1.75231
1.69783
1.73043
1.96094
1.98004
1.94982
1.98877
1.80279
1.83122
1.84906
1.78288
2.01168
2.02959
2.0054
2.02579
2.05143
2.04116
2.05015
2.04243
1.87527
1.89095
1.92829
1.91485
1.96094
1.98877
1.98004
1.94982
2.05015
2.05273
2.05658
2.05658
2.02579
2.05143
2.04243
2.02959
2.01168
2.0054
2.04116
0.01472
0.00994078
3.24185e-33
3.58884e-33
3.58884e-33
0.00994078
3.24185e-33
0.01472
0.0382548
0.0290679
0.0566453
0.0698747
0.0698747
0.0566453
0.0382548
0.0290679
0.154572
0.134305
0.0919567
0.108878
0.0919567
0.108878
0.134305
0.154572
0.263389
0.237422
0.206293
0.183013
0.325234
0.391215
0.360805
0.296892
0.206293
0.183013
0.237422
0.263389
0.460743
0.533244
0.499574
0.42856
0.325234
0.296892
0.360805
0.391215
0.608169
0.684981
0.649156
0.573287
0.460743
0.42856
0.499574
0.533244
0.763171
0.842238
0.805285
0.726657
0.608169
0.573287
0.649156
0.684981
0.842238
0.763171
0.726657
0.805285
0.884556
0.964005
1.00114
0.921713
0.921713
1.00114
0.884556
0.964005
1.1581
1.04318
1.08007
1.12167
1.1581
1.04318
1.12167
1.08007
1.19905
1.27494
1.30989
1.23484
1.34897
1.4208
1.45354
1.3829
1.55653
1.58643
1.49009
1.52148
1.27494
1.19905
1.30989
1.23484
1.61985
1.70625
1.67975
1.64811
1.45354
1.4208
1.34897
1.3829
1.49009
1.58643
1.52148
1.55653
1.61985
1.70625
1.67975
1.64811
1.76061
1.73601
1.78838
1.81099
1.85717
1.83665
1.89897
1.88064
1.96882
1.92017
1.93623
1.9551
1.78838
1.81099
1.73601
1.76061
2.01946
2.0106
1.9966
1.98528
1.83665
1.88064
1.85717
1.89897
2.03097
2.03734
2.05015
2.04632
2.06044
2.05786
2.05658
2.06172
1.9551
1.92017
1.93623
1.96882
1.98528
1.9966
2.01946
2.0106
2.05658
2.05015
2.05786
2.06172
2.03097
2.04632
2.03734
8.41419e-35
0.00503391
0.00503391
8.41419e-35
0.0430427
0.0196312
0.0196312
0.0430427
0.113433
0.0745472
0.0745472
0.113433
0.159018
0.210629
0.159018
0.210629
0.267623
0.329364
0.395248
0.464679
0.267623
0.329364
0.53709
0.611925
0.464679
0.395248
0.688653
0.766758
0.611925
0.53709
0.845748
0.925145
0.688653
0.766758
0.845748
0.925145
1.0045
1.08336
1.0045
1.08336
1.16133
1.238
1.238
1.16133
1.31299
1.38594
1.45653
1.52442
1.65095
1.58932
1.38594
1.31299
1.76338
1.70905
1.52442
1.45653
1.58932
1.65095
1.76338
1.70905
1.81372
1.85987
1.93888
1.90165
1.99921
1.97145
1.81372
1.85987
2.03992
2.02206
1.93888
1.90165
2.06044
2.05273
2.06301
2.06044
1.97145
1.99921
2.02206
2.05273
2.03992
0.884556
1.19905
1.12167
0.00994078
0.964005
1.04318
0.964005
1.04318
0.884556
0.134305
0.183013
0.805285
1.12167
0.296892
0.726657
0.649156
1.19905
0.573287
0.499574
1.27494
0.42856
0.360805
1.34897
0.237422
1.4208
1.49009
0.0919567
0.0566453
1.55653
0.0290679
1.61985
1.67975
0.00994078
1.27494
1.34897
1.73601
1.78838
1.49009
1.83665
0.0290679
1.88064
1.92017
0.0566453
1.9551
1.98528
0.0919567
2.0106
2.03097
0.134305
1.92017
2.04632
1.9551
2.05658
0.183013
2.06172
2.06172
0.237422
2.05658
2.04632
0.296892
2.03097
2.0106
0.360805
1.98528
0.42856
1.88064
0.499574
1.83665
1.78838
0.573287
1.73601
1.67975
0.649156
1.61985
1.55653
0.726657
1.4208
0.805285
3.24185e-33
3.24185e-33
3.58884e-33
0.01472
0.01472
3.58884e-33
0.0698747
0.0382548
0.0382548
0.0698747
0.108878
0.154572
0.108878
0.154572
0.263389
0.206293
0.206293
0.263389
0.391215
0.325234
0.533244
0.460743
0.325234
0.391215
0.608169
0.684981
0.533244
0.460743
0.842238
0.763171
0.608169
0.684981
0.921713
1.00114
0.763171
0.842238
0.921713
1.00114
1.1581
1.08007
1.1581
1.08007
1.23484
1.30989
1.30989
1.23484
1.45354
1.3829
1.58643
1.52148
1.64811
1.70625
1.3829
1.45354
1.81099
1.76061
1.58643
1.52148
1.70625
1.64811
1.76061
1.81099
1.85717
1.89897
1.96882
1.93623
1.9966
2.01946
1.89897
1.85717
2.05015
2.03734
1.96882
1.93623
2.06044
2.05786
2.05786
2.05015
2.01946
1.9966
2.03734
1.11516
1.03654
1.03654
0.957215
1.11516
0.877618
0.082732
0.798191
0.719401
1.19267
0.641732
1.26868
0.565689
0.491795
0.420593
1.34283
0.352645
1.41477
0.288532
0.228855
0.174233
1.48416
0.125306
1.55071
0.0471883
0.019372
1.61411
1.6741
0.019372
1.73043
1.19267
1.78288
1.83122
1.34283
0.0471883
1.87527
1.91485
1.55071
1.94982
0.082732
1.98004
0.125306
2.0054
2.02579
2.04116
1.83122
0.174233
2.05143
0.228855
1.94982
2.05658
2.05658
2.05143
0.288532
2.04116
0.352645
2.02579
2.0054
1.98004
0.420593
0.491795
1.91485
1.87527
0.565689
1.78288
0.641732
1.73043
1.6741
1.61411
0.719401
0.798191
1.48416
1.41477
0.877618
1.26868
0.957215
9.53535e-33
9.53535e-33
6.92777e-33
0.0238963
0.0238963
6.92777e-33
0.095216
0.0558718
0.0558718
0.095216
0.141246
0.19329
0.19329
0.141246
0.312851
0.250702
0.250702
0.312851
0.44894
0.379128
0.521719
0.596909
0.379128
0.44894
0.67398
0.752414
0.596909
0.521719
0.831722
0.911423
0.752414
0.67398
1.07021
0.991066
0.831722
0.911423
1.07021
0.991066
1.14844
1.22536
1.22536
1.14844
1.37378
1.3006
1.3006
1.37378
1.51267
1.44458
1.63957
1.57776
1.69783
1.75231
1.51267
1.44458
1.80279
1.84906
1.57776
1.63957
1.75231
1.69783
1.80279
1.84906
1.89095
1.92829
1.96094
1.98877
2.01168
2.02959
1.92829
1.89095
2.05015
2.04243
1.96094
1.98877
2.05273
2.05015
2.04243
2.01168
2.02959
1.10215
0.943654
1.17992
0.0282934
0.863759
0.784022
0.704909
1.25619
0.626904
0.211741
0.271832
1.33057
0.550512
0.476257
0.40468
1.40273
0.336345
1.47233
0.156694
1.53907
0.107328
1.60265
0.0643018
1.66282
1.7193
0.0282934
1.77189
1.10215
1.82036
0.0643018
1.86453
1.90422
1.93928
1.40273
1.47233
0.107328
1.96958
0.156694
1.995
2.01545
2.03086
0.211741
1.77189
2.04116
0.271832
1.86453
1.90422
2.04632
2.04632
2.04116
0.336345
2.03086
0.40468
2.01545
1.995
1.96958
0.476257
1.93928
0.550512
1.82036
0.626904
0.704909
1.7193
1.66282
1.60265
0.784022
1.53907
0.863759
1.33057
0.943654
1.25619
1.02326
1.17992
1.02326
1.54977e-32
1.54977e-32
1.0086e-32
0.0325628
0.0325628
1.0086e-32
0.072482
0.119066
0.072482
0.119066
0.171653
0.229588
0.229588
0.171653
0.359014
0.292246
0.292246
0.359014
0.429304
0.502541
0.578177
0.655673
0.429304
0.502541
0.734522
0.814223
0.655673
0.578177
0.974312
0.894307
0.734522
0.814223
1.13237
1.05381
0.894307
0.974312
1.13237
1.05381
1.28514
1.20961
1.28514
1.20961
1.35861
1.42968
1.42968
1.35861
1.56335
1.49802
1.68385
1.62538
1.73852
1.78916
1.49802
1.56335
1.83559
1.87762
1.62538
1.68385
1.78916
1.73852
1.83559
1.87762
1.94783
1.91508
1.97576
1.99874
2.01671
2.02959
1.91508
1.94783
2.03992
2.03734
1.99874
1.97576
2.03734
2.02959
2.01671
1.23749
0.762817
0.683218
1.31222
0.60471
0.527795
1.38471
0.452997
0.380859
1.45463
0.311942
0.246829
1.52166
0.186119
0.130433
1.58552
0.0804086
0.036705
1.64594
1.70266
0.036705
0.843019
0.923361
1.75546
1.80413
1.0827
1.84848
0.0804086
1.88832
1.92352
0.130433
1.95394
1.97946
0.186119
1.99999
2.01545
0.246829
1.64594
2.02579
1.70266
2.03097
0.311942
2.03097
2.02579
0.380859
1.88832
1.92352
2.01545
1.99999
0.452997
1.97946
1.95394
0.527795
0.60471
1.84848
1.80413
0.683218
1.75546
0.762817
1.58552
0.843019
1.52166
1.45463
0.923361
1.38471
1.31222
1.0034
1.23749
1.16086
1.0827
1.0034
1.16086
2.11289e-32
2.11289e-32
1.30636e-32
0.0407195
0.0407195
1.30636e-32
0.141426
0.0880854
0.0880854
0.141426
0.263465
0.200097
0.200097
0.263465
0.401878
0.330924
0.330924
0.401878
0.552017
0.475762
0.630115
0.709538
0.552017
0.475762
0.870409
0.789796
0.630115
0.709538
1.03091
0.950926
0.870409
0.789796
1.18762
1.10994
1.03091
0.950926
1.10994
1.18762
1.33744
1.26357
1.26357
1.33744
1.47758
1.40888
1.40888
1.47758
1.60557
1.54324
1.71926
1.66433
1.77015
1.8168
1.54324
1.60557
1.89665
1.85902
1.66433
1.71926
1.8168
1.77015
1.89665
1.85902
1.92955
1.9576
1.98069
1.99874
2.01168
2.01946
1.9576
1.92955
2.01946
2.02206
1.98069
2.01168
1.99874
0.654388
0.575208
1.36078
0.497595
1.43111
0.422074
0.349187
0.279496
1.49854
0.213583
1.56276
0.152047
0.0955086
0.0446067
1.62352
1.68056
0.0446067
1.73365
0.734633
1.78258
1.82716
0.896394
0.0955086
1.86721
1.9026
1.13552
1.93317
0.152047
1.95882
0.213583
1.97946
1.995
2.0054
1.49854
0.279496
2.0106
0.349187
1.68056
2.0106
2.0054
1.995
0.422074
1.82716
1.97946
0.497595
1.95882
1.93317
1.9026
0.575208
1.86721
0.654388
1.78258
1.73365
0.734633
0.815457
1.62352
1.56276
0.896394
1.43111
0.976999
1.36078
1.28785
1.21265
1.05684
1.13552
1.05684
0.976999
1.21265
0.815457
1.28785
2.64289e-32
2.64289e-32
1.58605e-32
0.0483662
0.0483662
1.58605e-32
0.162295
0.102682
0.102682
0.162295
0.294922
0.226579
0.294922
0.226579
0.366735
0.441444
0.366735
0.441444
0.518501
0.597367
0.677534
0.758503
0.518501
0.597367
0.920973
0.839802
0.758503
0.677534
1.08121
1.00158
0.920973
0.839802
1.23595
1.15946
1.08121
1.00158
1.15946
1.23595
1.38226
1.31033
1.38226
1.31033
1.51749
1.45141
1.51749
1.45141
1.63935
1.58023
1.69462
1.74582
1.83522
1.79274
1.58023
1.63935
1.87307
1.90617
1.74582
1.69462
1.79274
1.83522
1.90617
1.87307
1.9576
1.93438
1.98877
1.97576
1.99659
1.99921
1.93438
1.9576
1.98877
1.99659
1.97576
1.40186
0.459991
1.46978
0.383566
0.309743
0.239084
1.53446
0.17217
1.59564
0.109602
0.0519985
1.65307
1.70652
0.0519985
1.75578
0.618496
1.80065
0.109602
1.84097
1.87658
1.90735
0.944146
1.02467
0.17217
1.93317
0.239084
1.95394
1.96958
1.98004
0.309743
1.40186
1.98528
0.383566
1.53446
1.59564
1.98528
1.98004
1.96958
0.459991
1.75578
1.95394
0.538475
1.93317
1.90735
1.87658
0.618496
1.84097
0.699548
1.80065
1.70652
0.781148
1.65307
0.862829
1.46978
0.944146
1.02467
1.33101
1.25753
1.18174
1.104
1.104
1.18174
0.862829
1.25753
0.781148
1.33101
0.699548
0.538475
3.13976e-32
3.13976e-32
1.84766e-32
0.0555031
0.0555031
1.84766e-32
0.116272
0.181672
0.116272
0.181672
0.323958
0.251099
0.251099
0.323958
0.399681
0.477712
0.399681
0.477712
0.638593
0.557522
0.802568
0.720435
0.557522
0.638593
0.884542
0.965914
0.720435
0.802568
1.04627
1.12522
0.884542
0.965914
1.20237
1.27738
1.12522
1.04627
1.20237
1.27738
1.4196
1.34989
1.4196
1.34989
1.54942
1.48621
1.48621
1.54942
1.66468
1.60899
1.76352
1.71625
1.8063
1.84442
1.60899
1.66468
1.90617
1.87776
1.76352
1.71625
1.8063
1.84442
1.90617
1.87776
1.94783
1.92955
1.96882
1.96094
1.97145
1.96882
1.92955
1.96094
1.94783
1.5007
0.262623
0.190802
1.56239
0.122688
0.0588805
1.62029
1.67417
0.0588805
0.337569
0.415078
1.72382
1.76905
0.575637
1.80969
0.122688
1.84558
1.87658
0.190802
1.9026
1.92352
0.262623
1.93928
1.94982
0.337569
1.22135
1.9551
1.2955
1.9551
0.415078
1.94982
1.93928
0.494609
1.56239
1.62029
1.92352
1.9026
0.575637
1.87658
1.84558
0.657659
1.80969
1.76905
0.74019
1.72382
1.67417
0.822764
0.904935
1.5007
1.43547
0.986277
1.36698
1.06638
1.14486
1.14486
1.06638
0.986277
1.22135
0.904935
0.822764
1.2955
0.74019
0.657659
1.36698
0.494609
1.43547
3.60352e-32
3.60352e-32
2.09121e-32
0.0621301
0.0621301
2.09121e-32
0.199559
0.128854
0.128854
0.199559
0.273657
0.350574
0.350574
0.273657
0.510681
0.429761
0.429761
0.510681
0.592825
0.675694
0.758817
0.841735
0.592825
0.675694
1.00523
0.924014
0.841735
0.758817
1.085
1.16294
0.924014
1.00523
1.23868
1.31189
1.085
1.16294
1.31189
1.23868
1.44948
1.38226
1.38226
1.44948
1.51327
1.57337
1.57337
1.51327
1.68156
1.62954
1.77237
1.72923
1.84442
1.81082
1.68156
1.62954
1.87307
1.89665
1.77237
1.72923
1.81082
1.84442
1.89665
1.87307
1.91508
1.92829
1.93888
1.93623
1.93623
1.92829
1.91508
0.134767
0.0652525
1.58234
1.63673
0.0652525
1.68684
0.207943
1.73248
1.77348
0.362974
0.134767
1.80969
1.84097
0.609082
1.86721
0.207943
1.88832
0.284199
1.90422
1.91485
1.92017
1.02279
0.362974
1.92017
0.443725
1.25436
1.91485
1.90422
1.88832
0.525929
1.46161
1.86721
0.609082
1.84097
1.80969
1.77348
0.692698
1.73248
0.776314
1.68684
1.63673
1.58234
0.859481
1.52389
0.941775
1.39574
1.32656
1.02279
1.10213
1.17944
1.10213
1.17944
0.941775
1.25436
0.859481
0.776314
0.692698
1.32656
1.39574
0.525929
0.443725
1.46161
0.284199
1.52389
4.03415e-32
4.03415e-32
2.31668e-32
0.0682472
0.0682472
2.31668e-32
0.14043
0.215954
0.14043
0.215954
0.374769
0.294253
0.374769
0.294253
0.540352
0.456975
0.456975
0.540352
0.624411
0.708671
0.876003
0.792682
0.624411
0.708671
1.03894
0.958222
0.792682
0.876003
1.11777
1.19437
0.958222
1.03894
1.26838
1.3395
1.11777
1.19437
1.26838
1.3395
1.47188
1.40743
1.47188
1.40743
1.58933
1.53259
1.58933
1.53259
1.64187
1.69
1.77237
1.73356
1.83522
1.8063
1.69
1.64187
1.85902
1.87762
1.77237
1.73356
1.8063
1.83522
1.87762
1.85902
1.89897
1.89095
1.89897
1.90165
1.89095
1.59431
1.64495
0.0711146
0.0711146
1.69106
1.73248
0.145839
1.76905
1.80065
0.385959
0.469506
1.82716
0.223593
1.84848
0.303814
1.86453
1.87527
1.88064
0.891301
0.385959
1.88064
1.05368
1.13192
0.469506
1.87527
1.86453
1.84848
1.35072
0.553951
1.82716
0.638808
1.80065
1.76905
1.59431
1.73248
0.723613
1.69106
0.80792
1.64495
1.53936
0.891301
1.48028
0.97335
1.41732
1.28076
1.05368
1.20772
1.13192
0.97335
1.20772
1.28076
0.80792
0.723613
0.638808
1.35072
0.553951
1.41732
0.303814
1.48028
0.223593
1.53936
0.145839
4.43166e-32
4.43166e-32
2.52408e-32
0.0738544
2.52408e-32
0.0738544
0.230859
0.150999
0.150999
0.230859
0.396544
0.312886
0.396544
0.312886
0.481323
0.566725
0.481323
0.566725
0.737524
0.652279
0.905374
0.82203
0.652279
0.737524
1.06702
0.987164
0.905374
0.82203
1.21951
1.14458
0.987164
1.06702
1.36021
1.29149
1.14458
1.21951
1.36021
1.29149
1.42541
1.48681
1.42541
1.48681
1.59731
1.54419
1.59731
1.54419
1.64597
1.69
1.76352
1.72923
1.79274
1.8168
1.64597
1.69
1.84906
1.83559
1.72923
1.76352
1.79274
1.8168
1.84906
1.83559
1.85987
1.85717
1.85717
0.0764669
1.64495
1.68684
1.72382
0.155905
1.75578
1.78258
0.237752
1.80413
1.82036
0.321466
1.83122
1.83665
0.664818
0.406524
0.750405
1.83665
1.83122
0.492422
1.82036
1.80413
1.07895
1.15575
0.578675
1.78258
1.75578
0.664818
1.72382
1.68684
0.750405
1.64495
1.5983
0.835009
1.54709
1.49148
0.918224
1.4317
1.36798
0.999661
1.30056
1.22972
1.07895
1.15575
0.999661
0.918224
1.22972
0.835009
1.30056
0.578675
1.36798
0.492422
0.406524
1.4317
0.321466
0.237752
1.49148
0.155905
0.0764669
1.54709
1.5983
4.79604e-32
4.79604e-32
2.71341e-32
0.0789517
0.0789517
2.71341e-32
0.160561
0.244272
0.160561
0.244272
0.329558
0.415899
0.415899
0.329558
0.5898
0.502806
0.5898
0.502806
0.762254
0.67643
0.929849
0.846861
0.67643
0.762254
1.08948
1.01084
0.929849
0.846861
1.16543
1.23836
1.08948
1.01084
1.30799
1.37402
1.16543
1.23836
1.30799
1.37402
1.4362
1.49428
1.4362
1.49428
1.59731
1.54805
1.59731
1.54805
1.68156
1.64187
1.71625
1.74582
1.78916
1.77015
1.64187
1.68156
1.80279
1.81099
1.71625
1.74582
1.77015
1.78916
1.80279
1.81372
1.81099
1.67417
0.164964
1.70652
1.73365
1.75546
0.25042
1.77189
0.337157
1.78288
0.424669
1.78838
1.78838
0.424669
0.687111
1.78288
0.512472
1.77189
1.75546
0.94025
1.73365
0.600102
1.70652
0.687111
1.67417
1.63673
1.31376
1.59431
0.773074
1.54709
0.857583
1.49521
1.43889
1.37833
0.94025
1.02071
1.24543
1.17362
1.09861
1.09861
1.02071
1.17362
0.857583
0.773074
1.24543
1.31376
0.600102
0.512472
1.37833
0.337157
1.43889
0.25042
0.164964
0.0813092
1.49521
1.54709
0.0813092
1.59431
1.63673
5.12731e-32
5.12731e-32
2.88467e-32
0.0835391
0.0835391
2.88467e-32
0.256195
0.169116
0.169116
0.256195
0.432834
0.344267
0.344267
0.432834
0.521424
0.609578
0.521424
0.609578
0.696865
0.782862
0.949427
0.867177
0.696865
0.782862
1.10633
1.02926
0.949427
0.867177
1.25093
1.18032
1.02926
1.10633
1.38092
1.31789
1.25093
1.18032
1.38092
1.31789
1.43979
1.49428
1.43979
1.49428
1.54419
1.58933
1.54419
1.58933
1.62954
1.66468
1.69462
1.71926
1.75231
1.73852
1.62954
1.66468
1.76338
1.76061
1.71926
1.69462
1.75231
1.73852
1.76061
0.173015
1.65307
1.68056
1.70266
0.261598
1.7193
0.261598
0.350886
1.73043
0.440394
0.529658
1.73601
1.73601
0.440394
1.73043
0.79162
0.529658
1.7193
1.70266
1.68056
0.618231
1.11265
1.18553
1.65307
0.705687
1.62029
1.58234
1.53936
0.79162
1.49148
0.875641
1.43889
1.38178
1.32036
0.957381
1.25486
1.03649
1.03649
1.11265
0.957381
1.18553
0.875641
0.705687
1.25486
0.618231
1.32036
0.350886
1.38178
1.43889
0.173015
0.0856417
1.49148
1.53936
0.0856417
1.58234
1.62029
5.42545e-32
5.42545e-32
3.03786e-32
0.0876166
0.0876166
3.03786e-32
0.266627
0.176665
0.176665
0.266627
0.447349
0.357015
0.447349
0.357015
0.626059
0.537177
0.537177
0.626059
0.713583
0.799347
0.882977
0.964111
0.713583
0.799347
1.11756
1.04241
0.882977
0.964111
1.18926
1.25722
1.04241
1.11756
1.32119
1.38092
1.25722
1.18926
1.38092
1.32119
1.4362
1.48681
1.48681
1.4362
1.53259
1.57337
1.57337
1.53259
1.60899
1.63935
1.66433
1.68385
1.69783
1.70625
1.60899
1.63935
1.70625
1.70905
1.68385
1.66433
1.69783
1.64594
0.271285
1.66282
0.0894643
1.6741
0.362653
1.67975
1.67975
0.453699
0.453699
0.543978
1.6741
1.66282
0.543978
1.64594
1.62352
0.633064
1.59564
1.56239
0.720548
1.52389
1.12107
1.48028
0.806044
1.4317
1.37833
0.889183
1.32036
1.258
0.969617
1.19149
1.04702
1.04702
0.969617
1.12107
0.889183
0.806044
1.19149
0.720548
0.633064
1.258
1.32036
0.362653
0.271285
1.37833
0.180061
1.4317
1.48028
0.0894643
1.62352
1.52389
1.56239
1.59564
0.180061
5.69047e-32
5.69047e-32
3.17298e-32
0.0911844
0.0911844
3.17298e-32
0.183207
0.275569
0.183207
0.275569
0.459444
0.367801
0.367801
0.459444
0.639243
0.550065
0.550065
0.639243
0.811711
0.726586
0.973899
0.894263
0.726586
0.811711
1.0503
1.12318
0.973899
0.894263
1.19223
1.25722
1.12318
1.0503
1.31789
1.37402
1.25722
1.19223
1.31789
1.37402
1.47188
1.42541
1.47188
1.42541
1.51327
1.54942
1.54942
1.51327
1.60557
1.58023
1.63957
1.62538
1.65095
1.64811
1.60557
1.58023
1.64811
1.62538
1.63957
0.279481
1.61411
0.372458
1.61985
1.61985
1.61411
0.279481
0.464585
1.60265
0.555434
1.58552
1.56276
1.53446
0.731693
0.6446
1.5007
0.731693
1.46161
0.976958
1.41732
1.36798
1.12388
0.816347
1.31376
0.898212
1.25486
1.19149
0.976958
1.05228
1.05228
0.898212
0.816347
1.12388
1.19149
0.6446
0.555434
0.464585
1.25486
0.372458
1.31376
0.186099
0.0927772
1.36798
1.41732
0.0927772
1.60265
1.46161
1.5007
1.53446
0.186099
1.56276
1.58552
5.92238e-32
5.92238e-32
3.29004e-32
0.0942424
0.0942424
3.29004e-32
0.28302
0.188742
0.188742
0.28302
0.46912
0.376626
0.46912
0.376626
0.649131
0.560089
0.560089
0.649131
0.819953
0.735874
0.978793
0.901034
0.735874
0.819953
1.12318
1.05294
0.901034
0.978793
1.25093
1.18926
1.12318
1.05294
1.36021
1.30799
1.18926
1.25093
1.30799
1.36021
1.40743
1.44948
1.40743
1.44948
1.48621
1.51749
1.48621
1.51749
1.54324
1.56335
1.57776
1.58643
1.58932
1.58643
1.56335
1.54324
1.57776
0.380302
1.55653
1.55653
0.0955803
1.55071
0.473051
1.53907
0.564026
1.52166
0.473051
0.564026
1.49854
1.46978
0.65284
1.43547
0.739123
1.39574
1.35072
0.979405
1.30056
0.822529
1.24543
0.902726
1.18553
1.12107
1.05228
0.979405
1.05228
0.902726
0.822529
0.739123
1.12107
0.65284
1.18553
0.380302
1.24543
0.286187
1.30056
0.191131
1.35072
1.39574
0.0955803
1.55071
1.43547
1.46978
0.191131
1.49854
1.52166
1.53907
0.286187
6.12117e-32
6.12117e-32
3.38903e-32
0.0967906
0.0967906
3.38903e-32
0.193271
0.288981
0.193271
0.288981
0.476377
0.38349
0.476377
0.38349
0.655723
0.567249
0.567249
0.655723
0.741446
0.824074
0.978793
0.903291
0.824074
0.741446
1.0503
1.11756
0.903291
0.978793
1.23836
1.18032
1.11756
1.0503
1.3395
1.29149
1.23836
1.18032
1.29149
1.3395
1.38226
1.4196
1.38226
1.4196
1.47758
1.45141
1.47758
1.45141
1.49802
1.51267
1.52148
1.52442
1.52148
1.49802
1.51267
1.48416
0.479098
1.47233
1.45463
0.569754
1.43111
1.40186
0.657783
1.36698
0.479098
1.32656
0.742838
1.28076
0.742838
1.22972
0.824589
0.824589
1.17362
1.11265
0.902726
1.04702
0.976958
0.976958
0.902726
1.04702
0.657783
1.11265
0.569754
1.17362
0.386185
0.291402
1.22972
0.195157
0.0978737
1.28076
1.32656
0.0978737
1.49009
1.36698
1.49009
1.40186
1.43111
0.195157
1.45463
1.47233
0.291402
1.48416
0.386185
6.28685e-32
6.28685e-32
3.46995e-32
0.0988292
0.0988292
3.46995e-32
0.293451
0.196793
0.293451
0.196793
0.388392
0.481215
0.481215
0.388392
0.659019
0.571545
0.571545
0.659019
0.743304
0.824074
0.901034
0.973899
0.824074
0.743304
1.10633
1.04241
0.973899
0.901034
1.16543
1.21951
1.10633
1.04241
1.31189
1.26838
1.21951
1.16543
1.26838
1.31189
1.34989
1.38226
1.38226
1.34989
1.40888
1.42968
1.42968
1.40888
1.44458
1.45354
1.45653
1.45354
1.44458
0.482727
1.38471
0.572618
1.36078
1.33101
1.2955
0.295128
0.659431
1.25436
0.482727
0.742838
1.20772
1.15575
1.09861
0.822529
1.03649
0.898212
0.969617
0.898212
0.822529
0.969617
0.742838
1.03649
0.659431
0.572618
1.09861
0.390107
1.15575
0.198176
0.0996574
1.20772
1.25436
0.0996574
1.40273
1.2955
1.33101
1.36078
1.4208
0.198176
1.38471
1.40273
1.41477
0.295128
0.390107
1.4208
1.41477
6.41942e-32
6.41942e-32
3.53281e-32
0.100358
0.100358
3.53281e-32
0.296431
0.199309
0.199309
0.296431
0.483634
0.391334
0.391334
0.483634
0.659019
0.572976
0.572976
0.659019
0.819953
0.741446
0.964111
0.894263
0.819953
0.741446
1.08948
1.02926
0.964111
0.894263
1.19437
1.14458
1.08948
1.02926
1.23868
1.27738
1.14458
1.19437
1.23868
1.27738
1.33744
1.31033
1.33744
1.31033
1.35861
1.37378
1.37378
1.35861
1.3829
1.38594
1.3829
0.572618
1.28785
1.25753
1.22135
0.657783
1.17944
0.297363
0.739123
1.13192
0.483936
1.07895
1.02071
0.816347
0.957381
0.889183
0.889183
0.816347
0.739123
0.957381
0.657783
1.02071
0.572618
0.392068
1.07895
1.13192
0.200188
0.100931
1.17944
1.22135
0.100931
1.31222
1.25753
1.28785
1.34283
1.34897
0.200188
1.31222
1.33057
1.34283
0.297363
1.34897
0.392068
1.33057
0.483936
6.51888e-32
6.51888e-32
3.57761e-32
0.101377
0.101377
3.57761e-32
0.297921
0.200818
0.200818
0.297921
0.483634
0.392314
0.483634
0.392314
0.655723
0.571545
0.571545
0.655723
0.735874
0.811711
0.882977
0.949427
0.735874
0.811711
1.01084
1.06702
0.949427
0.882977
1.11777
1.16294
1.06702
1.01084
1.23595
1.20237
1.16294
1.11777
1.20237
1.23595
1.28514
1.26357
1.26357
1.28514
1.30989
1.3006
1.3006
1.30989
1.31299
1.14486
0.652839
1.10213
0.101696
1.05368
0.731693
0.999661
0.94025
0.806044
0.482727
0.569754
0.875641
0.806044
0.875641
0.731693
0.652839
0.94025
0.999661
0.392068
0.298108
1.05368
0.201195
1.10213
1.14486
0.101696
1.18174
1.18174
1.21265
1.21265
1.23749
0.201195
1.25619
1.26868
0.298108
1.27494
1.27494
0.392068
1.26868
1.25619
0.482727
1.23749
0.569754
6.58524e-32
6.58524e-32
3.60434e-32
0.101887
0.101887
3.60434e-32
0.201321
0.297921
0.201321
0.297921
0.481215
0.391334
0.391334
0.481215
0.649131
0.567249
0.567249
0.649131
0.726586
0.799347
0.929849
0.867177
0.799347
0.726586
1.03894
0.987164
0.929849
0.867177
1.12522
1.085
1.03894
0.987164
1.18762
1.15946
1.12522
1.085
1.15946
1.18762
1.22536
1.20961
1.22536
1.20961
1.23484
1.23484
1.238
0.6446
0.97335
0.720548
0.918224
0.857583
0.79162
0.297363
0.79162
0.720548
0.857583
0.6446
0.564026
0.479098
0.918224
0.390107
0.97335
0.201195
0.101951
1.02279
1.06638
0.101951
1.02279
1.104
1.13552
1.16086
1.13552
0.201195
1.17992
1.19267
1.19905
0.297363
1.19905
0.390107
1.19267
1.17992
1.16086
0.479098
0.564026
1.104
1.06638
6.61849e-32
6.61849e-32
3.61301e-32
0.101887
0.101887
3.61301e-32
0.296431
0.200818
0.200818
0.296431
0.476377
0.388392
0.388392
0.476377
0.560089
0.639243
0.639243
0.560089
0.713583
0.782862
0.846861
0.905374
0.713583
0.782862
0.958221
1.00523
0.846861
0.905374
1.08121
1.04627
0.958221
1.00523
1.10994
1.13237
1.08121
1.04627
1.10994
1.13237
1.1581
1.14844
1.1581
1.14844
1.16133
0.705687
0.835009
0.773074
0.101696
0.705687
0.773074
0.633064
0.835009
0.555434
0.473051
0.386185
0.891301
0.295128
0.941775
0.200188
0.986277
1.02467
0.101696
0.891301
1.05684
1.0827
0.986277
1.02467
0.200188
1.10215
1.11516
1.12167
1.10215
0.295128
1.12167
0.386185
1.11516
1.0827
0.473051
1.05684
0.555434
0.941775
0.633064
6.61863e-32
6.61863e-32
3.60363e-32
0.101377
0.101377
3.60363e-32
0.293451
0.199309
0.199309
0.293451
0.38349
0.46912
0.46912
0.38349
0.550065
0.626059
0.550065
0.626059
0.696865
0.762254
0.876003
0.82203
0.762254
0.696865
0.924014
0.965914
0.876003
0.82203
1.00158
1.03091
0.924014
0.965914
1.05381
1.07021
1.00158
1.03091
1.05381
1.07021
1.08336
1.08007
1.08007
0.618231
0.750405
0.543978
0.464585
0.80792
0.380302
0.291402
0.859481
0.198176
0.100931
0.904935
0.944146
0.100931
0.687111
0.976999
0.750405
1.0034
1.02326
0.198176
1.03654
1.04318
0.944146
0.976999
0.291402
1.04318
1.03654
0.380302
1.02326
1.0034
0.464585
0.543978
0.904935
0.859481
0.618231
0.80792
0.687111
6.58567e-32
6.58567e-32
3.57618e-32
0.100358
0.100358
3.57618e-32
0.196793
0.288981
0.196793
0.288981
0.459444
0.376626
0.459444
0.376626
0.537177
0.609578
0.537177
0.609578
0.67643
0.737524
0.841735
0.792682
0.737524
0.67643
0.920973
0.884541
0.841735
0.792682
0.974312
0.950926
0.920973
0.884541
1.00114
0.991066
0.950926
0.974312
1.00114
0.991066
1.0045
0.723613
0.372458
0.776313
0.286187
0.195157
0.0996574
0.822764
0.862829
0.0996574
0.453699
0.896394
0.923361
0.943654
0.664818
0.195157
0.957215
0.964005
0.964005
0.822764
0.286187
0.957215
0.372458
0.943654
0.923361
0.896394
0.453699
0.862829
0.529658
0.776313
0.723613
0.600102
0.664818
0.600102
0.529658
6.51961e-32
6.51961e-32
3.53067e-32
0.0988292
0.0988292
3.53067e-32
0.28302
0.193271
0.193271
0.28302
0.367801
0.447349
0.447349
0.367801
0.521424
0.5898
0.5898
0.521424
0.708671
0.652279
0.758817
0.802568
0.708671
0.652279
0.870409
0.839802
0.802568
0.758817
0.894307
0.911422
0.870409
0.839802
0.925145
0.921713
0.911422
0.894307
0.921713
0.74019
0.191131
0.0978737
0.781148
0.815457
0.0978737
0.279481
0.843019
0.863759
0.440394
0.512472
0.191131
0.877617
0.884556
0.884556
0.692698
0.279481
0.877617
0.362653
0.863759
0.843019
0.815457
0.440394
0.781148
0.512472
0.74019
0.638808
0.578675
0.578675
0.638808
0.362653
0.692698
6.42044e-32
6.42044e-32
3.46709e-32
0.0967906
0.0967906
3.46709e-32
0.188742
0.275569
0.188742
0.275569
0.432834
0.357015
0.432834
0.357015
0.566725
0.502806
0.566725
0.502806
0.675694
0.624411
0.720435
0.758503
0.675694
0.624411
0.789796
0.814223
0.720435
0.758503
0.831722
0.842238
0.814223
0.789796
0.845748
0.842238
0.831722
0.734633
0.0955803
0.762817
0.0955803
0.784022
0.798191
0.186099
0.805285
0.805285
0.424669
0.492422
0.271285
0.798191
0.609082
0.784022
0.350886
0.762817
0.734633
0.424669
0.699548
0.657659
0.492422
0.553951
0.553951
0.609082
0.350886
0.271285
0.657659
0.186099
0.699548
6.28817e-32
6.28817e-32
3.38545e-32
0.0942424
3.38545e-32
0.0942424
0.266627
0.183207
0.183207
0.266627
0.344267
0.415899
0.344267
0.415899
0.540352
0.481323
0.481323
0.540352
0.592825
0.638593
0.677534
0.709538
0.638593
0.592825
0.734522
0.752414
0.709538
0.677534
0.766758
0.76317
0.752414
0.734522
0.76317
0.0927772
0.683218
0.704909
0.719401
0.180061
0.726657
0.261598
0.726657
0.719401
0.261598
0.704909
0.337157
0.683218
0.654388
0.618496
0.406524
0.575637
0.469506
0.525929
0.469506
0.406524
0.525929
0.337157
0.575637
0.180061
0.0927772
0.618496
0.654388
6.12278e-32
6.12278e-32
3.28575e-32
0.0911844
0.0911844
3.28575e-32
0.256195
0.176665
0.176665
0.256195
0.396544
0.329558
0.329558
0.396544
0.510681
0.456975
0.510681
0.456975
0.597367
0.557522
0.655673
0.630115
0.557522
0.597367
0.67398
0.684981
0.655673
0.630115
0.688653
0.67398
0.684981
0.641732
0.173015
0.649156
0.0894643
0.649156
0.641732
0.25042
0.626904
0.321466
0.385959
0.443725
0.60471
0.575208
0.538475
0.385959
0.494609
0.443725
0.321466
0.494609
0.25042
0.538475
0.173015
0.575208
0.60471
0.0894643
0.626904
5.92428e-32
5.92428e-32
3.16798e-32
0.0876166
0.0876166
3.16798e-32
0.244272
0.169116
0.169116
0.244272
0.312886
0.374769
0.312886
0.374769
0.429761
0.477712
0.477712
0.429761
0.552017
0.518501
0.578177
0.596909
0.518501
0.552017
0.608169
0.611924
0.596909
0.578177
0.608169
0.164964
0.573287
0.565689
0.237752
0.550512
0.527795
0.303814
0.497595
0.459991
0.362974
0.415078
0.362974
0.415078
0.303814
0.237752
0.459991
0.164964
0.0856417
0.497595
0.527795
0.0856417
0.550512
0.565689
0.573287
5.69267e-32
5.69267e-32
3.03215e-32
0.0835391
0.0835391
3.03215e-32
0.230859
0.160561
0.160561
0.230859
0.294253
0.350574
0.294253
0.350574
0.399681
0.441444
0.399681
0.441444
0.475762
0.502541
0.533244
0.521719
0.502541
0.475762
0.533244
0.53709
0.521719
0.491795
0.476256
0.223593
0.452997
0.284199
0.422074
0.223593
0.383566
0.337569
0.337569
0.284199
0.383566
0.155905
0.0813092
0.422074
0.452997
0.0813092
0.476256
0.499574
0.491795
0.499574
0.155905
5.42794e-32
5.42794e-32
0.0789517
2.87824e-32
0.0789517
2.87824e-32
0.215954
0.150999
0.150999
0.215954
0.323958
0.273657
0.323958
0.273657
0.366735
0.401878
0.366735
0.401878
0.44894
0.429304
0.464679
0.460743
0.429304
0.460743
0.44894
0.207943
0.380859
0.262623
0.349187
0.309743
0.262623
0.309743
0.207943
0.349187
0.145839
0.0764668
0.380859
0.40468
0.0764668
0.420593
0.420593
0.42856
0.145839
0.42856
0.40468
5.13009e-32
5.13009e-32
2.70626e-32
0.0738544
0.0738544
2.70626e-32
0.199559
0.14043
0.14043
0.199559
0.294922
0.251099
0.251099
0.294922
0.330924
0.359014
0.359014
0.330924
0.379128
0.391215
0.395248
0.391215
0.379128
0.239084
0.239084
0.190802
0.279496
0.134767
0.0711146
0.311942
0.336345
0.0711146
0.279496
0.311942
0.352645
0.360805
0.360805
0.134767
0.352645
0.336345
0.190802
4.79912e-32
4.79912e-32
2.51622e-32
0.0682472
0.0682472
2.51622e-32
0.181672
0.128854
0.181672
0.128854
0.263465
0.226579
0.263465
0.226579
0.312851
0.292246
0.292246
0.312851
0.325234
0.329364
0.325234
0.122688
0.0652525
0.246829
0.271832
0.0652525
0.288532
0.17217
0.296892
0.296892
0.246829
0.122688
0.288532
0.271832
0.17217
0.213583
0.213583
4.43502e-32
4.43502e-32
2.3081e-32
0.0621301
0.0621301
2.3081e-32
0.116272
0.162295
0.116272
0.162295
0.229588
0.200097
0.229588
0.200097
0.263389
0.250702
0.250702
0.267623
0.263389
0.211741
0.228855
0.0588805
0.0588805
0.237422
0.237422
0.109602
0.228855
0.211741
0.186119
0.152047
0.152047
0.186119
0.109602
4.03781e-32
4.03781e-32
2.08191e-32
0.0555031
2.08191e-32
0.0555031
0.102682
0.141426
0.102682
0.141426
0.19329
0.171653
0.19329
0.171653
0.210629
0.206293
0.206293
0.0519985
0.183013
0.183013
0.174233
0.0955086
0.156694
0.130433
0.130433
0.0955086
0.0519985
0.156694
0.174233
3.60747e-32
3.60747e-32
1.83765e-32
0.0483662
0.0483662
1.83765e-32
0.119066
0.0880853
0.0880853
0.119066
0.141246
0.154572
0.141246
0.154572
0.159018
0.125306
0.0804086
0.107328
0.0804086
0.0446067
0.107328
0.125306
0.0446067
0.134305
0.134305
3.144e-32
3.144e-32
1.57532e-32
0.0407195
0.0407195
1.57532e-32
0.095216
0.072482
0.072482
0.095216
0.108878
0.108878
0.113433
0.0643018
0.0643018
0.036705
0.082732
0.0919567
0.036705
0.0919567
0.082732
2.64742e-32
2.64742e-32
1.29492e-32
0.0325628
1.29492e-32
0.0325628
0.0558718
0.0698747
0.0558718
0.0698747
0.0745471
0.0566453
0.0282934
0.0566453
0.0471883
0.0282934
0.0471883
2.11771e-32
2.11771e-32
0.0238963
9.96449e-33
0.0238963
9.96449e-33
0.0382548
0.0382548
0.0430427
0.019372
0.0290679
0.019372
0.0290679
1.55489e-32
1.55489e-32
6.79909e-33
0.01472
0.01472
6.79909e-33
0.0196311
0.00994077
0.00994077
9.58947e-33
9.58947e-33
3.45301e-33
3.45301e-33
0.00503392
1.42628e-35
3.2989e-33
3.2989e-33
