1.43746e-35
3.32475e-33
3.32475e-33
3.48016e-33
9.66454e-33
0.00507337
0.0100186
3.48016e-33
9.66454e-33
0.0100186
6.85242e-33
0.0195236
1.56706e-32
0.0148352
0.019784
0.0292953
0.0292953
0.0148352
0.0195236
1.56706e-32
6.85242e-33
1.00426e-32
0.0285147
2.13428e-32
0.0240833
0.0475573
0.0570884
0.0385534
0.0433795
1.00426e-32
0.0285147
0.0385534
0.0570884
0.0475573
0.0240833
2.13428e-32
1.30506e-32
0.0328176
0.036992
2.66813e-32
0.0563081
0.0648047
0.083379
0.0704214
0.0926759
0.0751295
0.0926759
0.0704214
0.0328176
2.66813e-32
0.036992
1.30506e-32
0.0648047
0.0563081
0.083379
1.58765e-32
3.16859e-32
0.0410379
0.0449555
0.073048
0.0810373
0.108167
0.0959607
0.0449555
3.16859e-32
0.0410379
1.58765e-32
0.135355
0.11432
0.126286
0.109728
0.109728
0.108167
0.126286
0.073048
0.135355
0.0959607
0.0810373
1.85203e-32
0.052405
3.63566e-32
0.0487444
0.0887733
0.0962551
0.131452
0.119997
0.15578
0.14235
0.157919
0.175596
3.63566e-32
0.052405
0.0487444
1.85203e-32
0.0887733
0.131452
0.0962551
0.119997
0.160261
0.184444
0.15578
0.184444
0.157919
0.175596
0.14235
2.09819e-32
0.0593405
4.06935e-32
0.0559369
0.103484
0.110458
0.153235
0.142531
0.213396
0.194801
0.172994
0.187574
0.207905
0.230644
0.239277
0.212276
2.09819e-32
0.0593405
4.06935e-32
0.0559369
0.103484
0.110458
0.153235
0.142531
0.230644
0.213396
0.187574
0.239277
0.172994
0.207905
0.194801
2.32614e-32
0.0657621
4.46966e-32
0.0626155
0.117179
0.123646
0.173515
0.163563
0.215251
0.248758
0.231382
0.20166
0.252661
0.273956
0.290787
0.265448
0.0626155
2.32614e-32
0.0657621
4.46966e-32
0.269713
0.299212
0.299212
0.265448
0.123646
0.173515
0.117179
0.163563
0.231382
0.273956
0.290787
0.215251
0.20166
0.252661
0.248758
2.53588e-32
0.0716698
4.83658e-32
0.0687802
0.183091
0.12986
0.135819
0.192292
0.240951
0.281679
0.265523
0.228348
0.294528
0.314379
0.338972
0.315295
0.327775
0.3554
0.363624
0.331937
4.83658e-32
0.0687802
2.53588e-32
0.0716698
0.192292
0.135819
0.183091
0.12986
0.363624
0.3554
0.327775
0.315295
0.265523
0.228348
0.240951
0.281679
0.314379
0.338972
0.294528
2.7274e-32
0.0770635
5.17011e-32
0.0744309
0.141526
0.209566
0.201117
0.146978
0.0744309
0.0770635
5.17011e-32
2.7274e-32
0.264673
0.312161
0.297225
0.253059
0.333507
0.383832
0.361817
0.351913
0.39427
0.40784
0.423877
0.382088
0.431906
0.398334
0.39427
0.431906
0.146978
0.209566
0.201117
0.141526
0.312161
0.264673
0.297225
0.253059
0.423877
0.40784
0.351913
0.382088
0.383832
0.333507
0.361817
2.9007e-32
0.0819434
5.47026e-32
0.0795676
0.152176
0.157121
0.225337
0.217639
0.0795676
0.0819434
5.47026e-32
2.9007e-32
0.286417
0.340203
0.326487
0.275792
0.157121
0.217639
0.225337
0.152176
0.369597
0.386559
0.405015
0.425368
0.452445
0.456532
0.479973
0.432654
0.503473
0.468307
0.495633
0.464339
0.464339
0.503473
0.495633
0.452445
0.275792
0.340203
0.286417
0.326487
0.479973
0.405015
0.425368
0.386559
0.369597
0.432654
0.456532
3.0558e-32
0.0841905
0.0863093
5.73704e-32
0.161812
0.16625
0.239606
0.232659
0.306183
0.365805
0.353309
0.296547
0.0841905
0.0863093
5.73704e-32
3.0558e-32
0.239606
0.16625
0.232659
0.161812
0.402798
0.418316
0.463578
0.444888
0.306183
0.353309
0.296547
0.365805
0.479472
0.501476
0.531911
0.506462
0.525789
0.537404
0.554806
0.570101
0.577759
0.537404
0.54128
0.577759
0.525789
0.554806
0.570101
0.506462
0.418316
0.501476
0.444888
0.402798
0.531911
0.479472
0.463578
3.19268e-32
5.97043e-32
0.0882996
0.0901614
0.170434
0.174364
0.252372
0.246177
0.323972
0.388968
0.377691
0.315325
0.0882996
0.0901614
5.97043e-32
3.19268e-32
0.433111
0.447184
0.498464
0.481437
0.252372
0.174364
0.246177
0.170434
0.377691
0.388968
0.323972
0.315325
0.542672
0.522543
0.579691
0.556321
0.447184
0.433111
0.481437
0.498464
0.601563
0.582684
0.63179
0.609423
0.61291
0.646734
0.616696
0.654215
0.654215
0.601563
0.61291
0.646734
0.582684
0.556321
0.522543
0.609423
0.542672
0.579691
0.63179
3.31136e-32
0.0934998
6.17046e-32
0.0918948
0.17804
0.181463
0.263636
0.258192
0.339783
0.409691
0.332125
0.399634
0.460535
0.473164
0.530026
0.51466
0.0918948
0.0934998
6.17046e-32
3.31136e-32
0.181463
0.263636
0.258192
0.17804
0.623313
0.580121
0.561865
0.602022
0.409691
0.339783
0.399634
0.332125
0.51466
0.460535
0.473164
0.530026
0.688539
0.660782
0.635023
0.659485
0.561865
0.623313
0.580121
0.602022
0.690318
0.67923
0.725003
0.710398
0.732315
0.694017
0.690318
0.732315
0.660782
0.688539
0.659485
0.67923
0.725003
0.710398
0.635023
3.41183e-32
0.0963244
6.33711e-32
0.0949763
0.184633
0.187548
0.273397
0.268704
0.353617
0.346948
0.427975
0.419138
0.485071
0.496255
0.558263
0.54456
3.41183e-32
6.33711e-32
0.0949763
0.0963244
0.643565
0.59744
0.613822
0.662778
0.184633
0.187548
0.273397
0.268704
0.427975
0.353617
0.419138
0.346948
0.704992
0.740349
0.715062
0.682808
0.54456
0.558263
0.485071
0.496255
0.59744
0.613822
0.643565
0.662778
0.768752
0.790122
0.740239
0.758271
0.740349
0.704992
0.682808
0.715062
0.772726
0.76911
0.81155
0.804401
0.768752
0.81155
0.790122
0.804401
0.758271
0.76911
0.740239
3.49409e-32
0.0986354
6.4704e-32
0.0975441
0.19021
0.192618
0.281656
0.277714
0.359793
0.365475
0.443821
0.436203
0.506719
0.51646
0.583177
0.571135
0.0975441
0.0986354
6.4704e-32
3.49409e-32
0.680951
0.629268
0.643777
0.698085
0.19021
0.277714
0.281656
0.192618
0.787221
0.764403
0.745946
0.726038
0.365475
0.443821
0.436203
0.359793
0.571135
0.583177
0.51646
0.506719
0.821796
0.849572
0.820555
0.795938
0.698085
0.629268
0.643777
0.680951
0.787221
0.745946
0.726038
0.764403
0.848787
0.838188
0.870472
0.884438
0.820555
0.795938
0.849572
0.821796
0.89143
0.852323
0.848787
0.838188
0.884438
0.870472
0.89143
3.55815e-32
0.100433
6.57033e-32
0.0995982
0.194774
0.196675
0.288413
0.285222
0.0995982
0.100433
6.57033e-32
3.55815e-32
0.370662
0.375355
0.457228
0.450829
0.525479
0.533776
0.604767
0.594387
0.729237
0.714181
0.65735
0.669986
0.285222
0.194774
0.288413
0.196675
0.782345
0.808805
0.829155
0.764715
0.370662
0.457228
0.450829
0.375355
0.877171
0.86953
0.903354
0.846327
0.604767
0.533776
0.594387
0.525479
0.729237
0.669986
0.65735
0.714181
0.918501
0.93053
0.950979
0.901253
0.829155
0.782345
0.764715
0.808805
0.903354
0.877171
0.846327
0.86953
0.928871
0.93233
0.971487
0.964644
0.918501
0.901253
0.93053
0.950979
0.971487
0.928871
0.964644
3.60401e-32
0.101717
6.6369e-32
0.101139
0.198323
0.199717
0.293669
0.291229
0.379555
0.383259
0.468196
0.463017
0.101139
0.101717
6.6369e-32
3.60401e-32
0.291229
0.293669
0.198323
0.199717
0.541352
0.548206
0.623035
0.614316
0.692449
0.756233
0.743254
0.681686
0.814192
0.84827
0.866152
0.798838
0.379555
0.463017
0.468196
0.383259
0.911956
0.95147
0.92812
0.891407
0.541352
0.614316
0.548206
0.623035
0.984575
1.01118
0.958304
0.98187
0.743254
0.756233
0.692449
0.681686
0.814192
0.84827
0.798838
0.866152
1.0089
1.03119
1.04457
0.998752
0.92812
0.911956
0.95147
0.891407
0.958304
1.01118
0.98187
0.984575
1.01229
0.998752
1.05127
1.05127
1.0089
1.03119
1.04457
3.63167e-32
0.102487
6.67011e-32
0.102166
0.200858
0.201745
0.297422
0.295733
0.386471
0.389187
0.476727
0.472767
0.554339
0.630923
0.55975
0.637981
0.102166
0.102487
6.67011e-32
3.63167e-32
0.201745
0.295733
0.297422
0.200858
0.472767
0.476727
0.389187
0.386471
0.711167
0.779074
0.768172
0.702276
0.882799
0.898213
0.828409
0.841487
0.993919
0.973403
0.949076
0.93118
0.630923
0.554339
0.637981
0.55975
1.00934
1.03261
1.06503
1.03889
0.702276
0.711167
0.768172
0.779074
1.06197
1.11068
1.0785
1.09108
0.898213
0.841487
0.882799
0.828409
0.993919
0.949076
0.973403
0.93118
1.13035
1.08844
1.12379
1.09175
1.00934
1.03261
1.03889
1.06503
1.0785
1.06197
1.13035
1.12379
1.09108
1.08844
1.11068
3.64113e-32
0.102744
6.66996e-32
0.102679
0.202379
0.202759
0.299675
0.298736
0.39141
0.393139
0.482821
0.480079
0.102679
0.102744
6.66996e-32
3.64113e-32
0.564439
0.649604
0.644208
0.568407
0.72614
0.797761
0.788936
0.719122
0.298736
0.299675
0.202759
0.202379
0.480079
0.482821
0.393139
0.39141
0.564439
0.568407
0.644208
0.649604
0.912393
0.853429
0.925339
0.864232
1.03071
1.01302
0.980889
0.965646
1.05437
1.07463
1.11254
1.08958
0.788936
0.719122
0.72614
0.797761
1.1443
1.14113
1.16983
1.11852
0.853429
0.912393
0.925339
0.864232
1.16706
1.18904
1.20188
1.15732
1.01302
1.03071
0.980889
0.965646
1.11254
1.07463
1.08958
1.05437
1.20831
1.17031
1.16706
1.20831
1.1443
1.11852
1.20188
1.16983
1.14113
1.15732
1.18904
3.63239e-32
0.102487
6.63646e-32
0.102679
0.202886
0.202759
0.300425
0.300238
0.394374
0.395115
0.486477
0.484953
0.571653
0.574178
0.657907
0.654171
0.102679
0.102487
6.63646e-32
3.63239e-32
0.202759
0.300238
0.300425
0.202886
0.73737
0.812294
0.805546
0.732223
0.882426
0.947532
0.937052
0.873898
0.395115
0.394374
0.484953
0.486477
0.654171
0.571653
0.657907
0.574178
0.73737
0.732223
0.812294
0.805546
1.04697
1.06183
1.0074
0.994806
1.09339
1.11065
1.15371
1.13391
1.19087
1.16842
1.22201
1.19679
0.873898
0.937052
0.882426
0.947532
1.26587
1.24704
1.23482
1.21895
0.994806
1.0074
1.06183
1.04697
1.24437
1.27847
1.28477
1.24755
1.15371
1.13391
1.09339
1.11065
1.16842
1.19087
1.19679
1.22201
1.24437
1.23482
1.28477
1.27847
1.21895
1.24704
1.26587
3.60545e-32
0.101717
6.5696e-32
0.102166
0.202379
0.201745
0.299675
0.300238
0.487391
0.395362
0.395115
0.487695
0.102166
0.101717
6.5696e-32
3.60545e-32
0.575982
0.577064
0.662888
0.660812
0.744856
0.822675
0.818003
0.741581
0.201745
0.300238
0.299675
0.202379
0.487391
0.487695
0.395362
0.395115
0.896071
0.964791
0.956778
0.889817
1.0286
1.07527
1.01866
1.08729
0.660812
0.662888
0.577064
0.575982
0.818003
0.741581
0.744856
0.822675
0.964791
0.896071
0.889817
0.956778
1.12641
1.17192
1.18854
1.14066
1.21165
1.23077
1.26722
1.24548
1.29504
1.32233
1.27331
1.29777
1.01866
1.07527
1.08729
1.0286
1.31061
1.31998
1.34081
1.35317
1.12641
1.18854
1.17192
1.14066
1.35935
1.35935
1.3231
1.31998
1.23077
1.26722
1.21165
1.24548
1.35317
1.34081
1.29777
1.27331
1.32233
1.31061
1.29504
3.56031e-32
0.100433
6.46937e-32
0.101139
0.200858
0.199717
0.297422
0.298736
0.486477
0.487391
0.394374
0.393139
0.577425
0.577064
0.664548
0.664133
0.101139
0.100433
6.46937e-32
3.56031e-32
0.199717
0.298736
0.297422
0.200858
0.748599
0.828903
0.826308
0.747195
0.905167
0.977119
0.971572
0.901188
0.487391
0.486477
0.393139
0.394374
0.664133
0.577425
0.664548
0.577064
1.04451
1.10709
1.03722
1.0979
1.15341
1.20358
1.21703
1.16467
0.748599
0.747195
0.828903
0.826308
0.901188
0.971572
0.977119
0.905167
1.03722
1.0979
1.10709
1.04451
1.24823
1.28722
1.26402
1.30547
1.32042
1.37124
1.34125
1.34773
1.39535
1.36906
1.4135
1.38434
1.15341
1.20358
1.16467
1.21703
1.43171
1.39353
1.3966
1.42563
1.24823
1.26402
1.30547
1.28722
1.39353
1.43171
1.42563
1.38434
1.34773
1.34125
1.32042
1.37124
1.39535
1.36906
1.4135
3.49697e-32
0.0986354
6.33579e-32
0.0995982
0.198323
0.196675
0.293669
0.295733
0.389187
0.482821
0.484953
0.39141
0.0995982
0.0986354
6.33579e-32
3.49697e-32
0.575982
0.574178
0.662888
0.664133
0.748599
0.830979
0.749067
0.83046
0.196675
0.295733
0.293669
0.198323
0.484953
0.482821
0.39141
0.389187
0.909715
0.984516
0.981434
0.90801
1.11487
1.05511
1.12124
1.05047
0.574178
0.575982
0.662888
0.664133
0.749067
0.83046
0.830979
0.748599
1.17442
1.18267
1.22891
1.2392
1.27815
1.29062
1.33676
1.32199
0.909715
0.984516
0.90801
0.981434
1.12124
1.05511
1.05047
1.11487
1.2392
1.17442
1.22891
1.18267
1.36027
1.39288
1.37748
1.41263
1.46578
1.44209
1.44065
1.4197
1.46469
1.48361
1.49553
1.45566
1.27815
1.33676
1.29062
1.32199
1.46469
1.5015
1.4677
1.5015
1.41263
1.39288
1.36027
1.37748
1.45566
1.46578
1.44209
1.48361
1.49553
1.4197
1.44065
3.41543e-32
0.0963244
6.16884e-32
0.0975441
0.194774
0.291229
0.192619
0.288413
0.383259
0.476727
0.480079
0.386471
0.0975441
0.0963244
6.16884e-32
3.41543e-32
0.571653
0.568407
0.657907
0.660812
0.192619
0.291229
0.288413
0.194774
0.744856
0.747196
0.828903
0.83046
0.909715
0.986981
0.986365
0.910284
0.386471
0.480079
0.476727
0.383259
0.568407
0.660812
0.571653
0.657907
1.12619
1.06041
1.12972
1.05842
1.19467
1.18942
1.25502
1.2479
0.747196
0.828903
0.83046
0.744856
0.986365
0.986981
0.909715
0.910284
1.30142
1.3611
1.3498
1.31056
1.44648
1.39287
1.40646
1.43049
1.12972
1.06041
1.05842
1.12619
1.18942
1.2479
1.25502
1.19467
1.30142
1.31056
1.3498
1.3611
1.4889
1.46254
1.48104
1.51001
1.5333
1.55084
1.52425
1.50949
1.56843
1.53609
1.56256
1.53312
1.43049
1.40646
1.39287
1.44648
1.56843
1.53312
1.56256
1.52425
1.55084
1.4889
1.5333
1.46254
1.50949
1.48104
1.51001
3.31568e-32
0.0934998
5.96852e-32
0.0949763
0.0949763
0.0934998
5.96852e-32
3.31568e-32
0.19021
0.281656
0.285222
0.187548
0.375355
0.468196
0.472767
0.379555
0.564439
0.55975
0.649604
0.654171
0.285222
0.281656
0.19021
0.187548
0.741581
0.73737
0.822675
0.826308
0.472767
0.468196
0.375355
0.379555
0.905167
0.984516
0.986365
0.90801
1.06041
1.13255
1.13184
1.06107
0.55975
0.654171
0.564439
0.649604
0.73737
0.822675
0.741581
0.826308
1.19842
1.20067
1.26452
1.26056
1.31804
1.32386
1.37066
1.37848
0.984516
0.905167
0.90801
0.986365
1.06041
1.06107
1.13184
1.13255
1.41823
1.42819
1.47281
1.46059
1.49759
1.54619
1.51219
1.5291
1.19842
1.26056
1.20067
1.26452
1.31804
1.37848
1.32386
1.37066
1.41823
1.47281
1.46059
1.42819
1.59762
1.57529
1.55504
1.5747
1.62642
1.61488
1.58981
1.59854
1.59854
1.60145
1.6322
1.6322
1.49759
1.5291
1.54619
1.51219
1.62642
1.57529
1.58981
1.61488
1.5747
1.59762
1.55504
3.19772e-32
0.0901615
5.73483e-32
0.0918948
0.184633
0.181463
0.273397
0.277714
0.0918948
0.0901615
5.73483e-32
3.19772e-32
0.277714
0.273397
0.184633
0.181463
0.365475
0.457228
0.463017
0.370662
0.554339
0.548206
0.637981
0.644208
0.732223
0.72614
0.812294
0.818003
0.370662
0.365475
0.463017
0.457228
0.896071
0.977119
0.981434
0.901188
0.644208
0.637981
0.554339
0.548206
1.05511
1.12972
1.13184
1.05842
1.20142
1.26769
1.26689
1.20067
0.732223
0.812294
0.72614
0.818003
0.977119
0.981434
0.896071
0.901188
1.33051
1.38891
1.32802
1.38456
1.43634
1.44268
1.49161
1.48315
1.12972
1.05842
1.13184
1.05511
1.20067
1.26689
1.20142
1.26769
1.52484
1.53555
1.57432
1.56126
1.61782
1.63589
1.59229
1.60781
1.38456
1.32802
1.33051
1.38891
1.44268
1.43634
1.49161
1.48315
1.52484
1.57432
1.56126
1.53555
1.67547
1.65847
1.63777
1.65206
1.66353
1.66066
1.68684
1.69253
1.66066
1.69253
1.65206
1.68684
1.59229
1.63777
1.63589
1.60781
1.65847
1.67547
1.61782
3.06156e-32
0.0882996
0.0863093
5.46776e-32
0.17804
0.174364
0.263636
0.268704
0.353617
0.443821
0.450829
0.359793
0.0882996
0.0863093
5.46776e-32
3.06156e-32
0.174364
0.268704
0.263636
0.17804
0.450829
0.443821
0.353617
0.359793
0.541352
0.533776
0.623035
0.630923
0.719122
0.711167
0.797761
0.805546
0.889817
0.882426
0.964792
0.971572
0.533776
0.630923
0.541352
0.623035
1.04451
1.12124
1.12619
1.05047
0.719122
0.797761
0.805546
0.711167
1.26689
1.19842
1.19467
1.26452
1.39239
1.33134
1.33051
1.39152
0.882426
0.889817
0.971572
0.964792
1.05047
1.12619
1.12124
1.04451
1.4472
1.50289
1.49819
1.44992
1.5443
1.59442
1.55112
1.58538
1.26689
1.19842
1.19467
1.26452
1.39239
1.33051
1.39152
1.33134
1.66565
1.65183
1.63264
1.62126
1.69334
1.67699
1.69665
1.7156
1.4472
1.50289
1.49819
1.44992
1.5443
1.59442
1.55112
1.58538
1.65183
1.62126
1.66565
1.63264
1.71074
1.74357
1.71921
1.73236
1.74918
1.74918
1.72204
1.71921
1.71074
1.7156
1.73236
1.74357
1.69334
1.69665
1.67699
2.90719e-32
5.16731e-32
0.0841905
0.0819434
0.170434
0.16625
0.252372
0.258192
0.339783
0.427975
0.436203
0.346948
0.0841905
0.0819434
5.16731e-32
2.90719e-32
0.525479
0.51646
0.604767
0.614316
0.16625
0.258192
0.252372
0.170434
0.346948
0.339783
0.436203
0.427975
0.51646
0.614316
0.604767
0.525479
0.702276
0.692449
0.779074
0.788936
0.864232
0.947532
0.956778
0.873898
1.0286
1.10709
1.11487
1.03722
0.702276
0.788936
0.779074
0.692449
1.18942
1.25502
1.26056
1.18267
0.947532
0.956778
0.864232
0.873898
1.32386
1.38891
1.32802
1.39152
1.50665
1.45082
1.44992
1.50571
1.10709
1.0286
1.03722
1.11487
1.26056
1.18942
1.25502
1.18267
1.60145
1.55598
1.5589
1.60647
1.64919
1.67734
1.64195
1.68691
1.32386
1.38891
1.32802
1.39152
1.50665
1.44992
1.45082
1.50571
1.7468
1.73231
1.71948
1.7075
1.76877
1.7517
1.7656
1.78531
1.55598
1.60647
1.60145
1.5589
1.68691
1.67734
1.64195
1.64919
1.7075
1.73231
1.71948
1.7468
1.77675
1.77396
1.79637
1.80192
1.80192
1.77396
1.7656
1.78531
1.79637
1.76877
1.7517
2.7346e-32
0.0770636
4.83348e-32
0.0795677
0.0795677
0.0770636
4.83348e-32
2.7346e-32
0.161812
0.157121
0.239606
0.246177
0.323972
0.409691
0.419138
0.332125
0.506719
0.496255
0.583177
0.594387
0.246177
0.239606
0.161812
0.157121
0.681686
0.669986
0.756233
0.768172
0.419138
0.323972
0.409691
0.332125
0.583177
0.496255
0.594387
0.506719
0.681686
0.768172
0.756233
0.669986
0.853429
0.841487
0.925339
0.937052
1.0074
1.08729
1.0979
1.01866
1.17442
1.2479
1.16467
1.2392
0.925339
0.937052
0.841487
0.853429
1.31056
1.38456
1.31804
1.37848
1.0074
1.01866
1.0979
1.08729
1.50289
1.50571
1.4472
1.44268
1.60949
1.55988
1.61049
1.5589
1.2479
1.17442
1.16467
1.2392
1.38456
1.31804
1.31056
1.37848
1.65747
1.69966
1.69434
1.65436
1.73691
1.75906
1.76908
1.72928
1.44268
1.4472
1.50571
1.50289
1.61049
1.5589
1.55988
1.60949
1.81778
1.79607
1.80271
1.78356
1.81643
1.82468
1.84505
1.83412
1.65436
1.65747
1.69434
1.69966
1.72928
1.73691
1.76908
1.75906
1.79607
1.81778
1.78356
1.80271
1.82744
1.85052
1.85052
1.82468
1.83412
1.84505
1.81643
2.5438e-32
0.0716698
4.46627e-32
0.0744309
2.5438e-32
0.0744309
0.0716698
4.46627e-32
0.152176
0.146978
0.225337
0.232659
0.232659
0.225337
0.152176
0.146978
0.315325
0.306183
0.388968
0.399634
0.485071
0.473164
0.558263
0.571135
0.65735
0.643777
0.729237
0.743254
0.399634
0.388968
0.306183
0.315325
0.828409
0.814192
0.898213
0.912393
0.473164
0.571135
0.558263
0.485071
0.65735
0.743254
0.729237
0.643777
0.814192
0.828409
0.912393
0.898213
0.980889
1.06183
1.07527
0.994806
1.15341
1.21704
1.14066
1.22891
1.37066
1.30142
1.29062
1.3611
0.980889
1.06183
1.07527
0.994806
1.49819
1.42819
1.43634
1.49161
1.14066
1.22891
1.21704
1.15341
1.60647
1.60949
1.55112
1.55598
1.65747
1.70284
1.70391
1.6585
1.37066
1.3611
1.29062
1.30142
1.43634
1.49819
1.42819
1.49161
1.78245
1.74235
1.74562
1.77688
1.81427
1.84096
1.83053
1.80631
1.60647
1.55598
1.55112
1.60949
1.6585
1.70284
1.65747
1.70391
1.84945
1.86302
1.87859
1.86243
1.87118
1.8739
1.8894
1.89481
1.74562
1.74235
1.77688
1.78245
1.84096
1.80631
1.83053
1.81427
1.89481
1.84945
1.8894
1.87118
1.86302
1.87859
1.86243
0.0687802
0.0657621
4.06567e-32
2.33479e-32
2.33479e-32
0.0657621
4.06567e-32
0.0687802
0.141526
0.135819
0.209566
0.217639
0.141526
0.135819
0.217639
0.209566
0.286417
0.365805
0.377691
0.296547
0.377691
0.365805
0.286417
0.296547
0.460535
0.447184
0.530026
0.54456
0.629268
0.613823
0.698085
0.714181
0.798838
0.782345
0.866152
0.882799
0.530026
0.447184
0.54456
0.460535
0.965646
0.949076
1.03071
1.04697
0.613823
0.629268
0.714181
0.698085
0.866152
0.798838
0.882799
0.782345
0.965646
1.04697
1.03071
0.949076
1.20358
1.12641
1.11065
1.18854
1.3498
1.27815
1.33676
1.26402
1.48315
1.40646
1.47281
1.41823
1.20358
1.18854
1.12641
1.11065
1.60145
1.53555
1.59442
1.5443
1.3498
1.26402
1.27815
1.33676
1.64919
1.69966
1.65436
1.70284
1.78579
1.78691
1.74671
1.74562
1.48315
1.47281
1.40646
1.41823
1.53555
1.5443
1.60145
1.59442
1.82337
1.85487
1.84907
1.81996
1.88129
1.89177
1.90255
1.87304
1.65436
1.69966
1.70284
1.64919
1.74562
1.74671
1.78579
1.78691
1.90519
1.91855
1.92925
1.91327
1.91327
1.91596
1.93461
1.93461
1.84907
1.81996
1.85487
1.82337
1.88129
1.90255
1.89177
1.92925
1.91855
1.87304
1.90519
0.0626155
0.0593405
3.63168e-32
2.10756e-32
0.201117
0.192292
0.12986
0.123646
2.10756e-32
0.0593405
3.63168e-32
0.0626155
0.12986
0.123646
0.192292
0.201117
0.264673
0.340203
0.353309
0.275792
0.340203
0.264673
0.275792
0.353309
0.433111
0.418316
0.498464
0.51466
0.418316
0.51466
0.498464
0.433111
0.59744
0.580121
0.662778
0.680951
0.764715
0.745946
0.829155
0.848271
0.911957
0.99392
1.01302
0.93118
0.580121
0.59744
0.680951
0.662778
1.09339
1.07463
1.15371
1.17192
0.745946
0.829155
0.764715
0.848271
0.99392
0.93118
1.01302
0.911957
1.07463
1.17192
1.09339
1.15371
1.23077
1.24823
1.30547
1.32199
1.46059
1.37748
1.44648
1.39287
1.57432
1.51219
1.58538
1.52484
1.32199
1.30547
1.23077
1.24823
1.63264
1.69434
1.68691
1.64195
1.37748
1.39287
1.46059
1.44648
1.78245
1.73691
1.78579
1.74235
1.82451
1.85951
1.85835
1.82337
1.58538
1.57432
1.52484
1.51219
1.69434
1.64195
1.63264
1.68691
1.91093
1.88719
1.89073
1.91692
1.93798
1.92948
1.95385
1.94278
1.78245
1.74235
1.73691
1.78579
1.82451
1.85951
1.85835
1.82337
1.95345
1.96446
1.95078
1.96977
1.95078
1.96446
1.94278
1.96977
1.91093
1.89073
1.91692
1.88719
1.95385
1.93798
1.92948
0.0559369
0.052405
3.16431e-32
1.86212e-32
0.183091
0.173515
0.117179
0.110458
1.86212e-32
0.052405
3.16431e-32
0.0559369
0.326487
0.312161
0.240951
0.253059
0.117179
0.110458
0.173515
0.183091
0.240951
0.312161
0.326487
0.253059
0.402798
0.386559
0.463578
0.481437
0.481437
0.463578
0.402798
0.386559
0.561865
0.542672
0.623313
0.643565
0.561865
0.643565
0.623313
0.542672
0.726038
0.704992
0.787221
0.808805
0.891407
0.86953
0.95147
0.973403
1.05437
1.03261
1.11254
1.13392
0.787221
0.726038
0.808805
0.704992
1.28722
1.21165
1.26722
1.19087
0.86953
0.95147
0.973403
0.891407
1.03261
1.13392
1.11254
1.05437
1.28722
1.19087
1.21165
1.26722
1.41263
1.34125
1.43049
1.36027
1.54619
1.56126
1.48104
1.49759
1.67734
1.60781
1.66565
1.62126
1.34125
1.43049
1.41263
1.36027
1.71948
1.76908
1.77688
1.72928
1.48104
1.54619
1.56126
1.49759
1.81427
1.85487
1.81996
1.85835
1.89191
1.89073
1.92051
1.92171
1.62126
1.60781
1.67734
1.66565
1.77688
1.72928
1.76908
1.71948
1.96246
1.9686
1.9477
1.94406
1.98358
1.97565
1.98435
1.99488
1.81996
1.85487
1.81427
1.85835
1.92171
1.89191
1.89073
1.92051
1.98623
1.98358
2.00015
2.00015
1.96246
1.9477
1.97565
1.99488
1.94406
1.9686
1.98435
0.0487444
0.0449555
2.66356e-32
1.59846e-32
0.163563
0.153235
0.103484
0.0962551
1.59846e-32
0.0449555
2.66356e-32
0.0487444
0.297225
0.281679
0.215251
0.228348
0.103484
0.0962551
0.153235
0.163563
0.444888
0.425368
0.369597
0.351913
0.215251
0.281679
0.297225
0.228348
0.369597
0.351913
0.425368
0.444888
0.522543
0.501476
0.579691
0.602022
0.522543
0.602022
0.579691
0.501476
0.682808
0.659485
0.74035
0.764403
0.659485
0.682808
0.764403
0.74035
0.821796
0.903354
0.92812
0.846327
1.00934
0.984575
1.06503
1.08958
1.16842
1.24548
1.1443
1.22201
0.821796
0.92812
0.903354
0.846327
1.29777
1.39288
1.37124
1.32042
0.984575
1.06503
1.08958
1.00934
1.22201
1.1443
1.24548
1.16842
1.37124
1.29777
1.32042
1.39288
1.5291
1.44209
1.51001
1.46254
1.5747
1.65183
1.63589
1.59229
1.69334
1.7468
1.75906
1.7075
1.51001
1.5291
1.44209
1.46254
1.84096
1.79607
1.80631
1.84907
1.65183
1.59229
1.5747
1.63589
1.88129
1.91692
1.88719
1.92051
1.97352
1.94891
1.9477
1.97229
1.75906
1.69334
1.7075
1.7468
1.84096
1.80631
1.84907
1.79607
1.99057
2.00367
2.00994
1.9943
2.0204
2.01155
2.01417
2.02564
1.92051
1.88129
1.91692
1.88719
1.94891
1.97229
1.9477
1.97352
1.9943
2.00367
2.00994
2.01155
2.02564
2.0204
1.99057
0.0410379
0.036992
2.12942e-32
1.31659e-32
0.142531
0.131452
0.0887733
0.0810373
1.31659e-32
0.036992
2.12942e-32
0.0410379
0.265523
0.248758
0.187574
0.20166
0.0887733
0.0810373
0.131452
0.142531
0.405015
0.383832
0.333507
0.314379
0.187574
0.248758
0.265523
0.20166
0.479473
0.556321
0.531911
0.456532
0.333507
0.314379
0.383832
0.405015
0.479473
0.456532
0.531911
0.556321
0.635023
0.609423
0.688539
0.715062
0.635023
0.715062
0.609423
0.688539
0.795938
0.768752
0.849572
0.877171
0.849572
0.768752
0.795938
0.877171
0.958304
0.93053
1.01118
1.03889
1.19679
1.11852
1.09108
1.16983
1.32233
1.34773
1.24704
1.27331
0.93053
1.03889
1.01118
0.958304
1.39535
1.46578
1.4889
1.4197
1.16983
1.09108
1.19679
1.11852
1.32233
1.24704
1.34773
1.27331
1.39535
1.46578
1.4197
1.4889
1.61782
1.59762
1.5333
1.55504
1.65847
1.7156
1.73231
1.67699
1.81778
1.78356
1.83053
1.76877
1.61782
1.59762
1.5333
1.55504
1.87304
1.86243
1.91093
1.90255
1.7156
1.67699
1.65847
1.73231
1.9686
1.93798
1.94406
1.97229
2.01496
2.01371
1.99554
1.9943
1.76877
1.81778
1.78356
1.83053
1.90255
1.91093
1.87304
1.86243
2.03457
2.04094
2.02673
2.03053
2.03718
2.04615
2.04615
2.03457
1.94406
1.9686
1.97229
1.93798
2.01371
2.04094
1.99554
2.01496
2.03053
2.02673
1.9943
0.0328176
0.0285147
1.5619e-32
1.01651e-32
1.01651e-32
0.0285147
1.5619e-32
0.0328176
0.119997
0.108167
0.073048
0.0648047
0.231382
0.213396
0.157919
0.172994
0.073048
0.0648047
0.108167
0.119997
0.273956
0.361818
0.338972
0.294528
0.157919
0.213396
0.231382
0.172994
0.432654
0.506462
0.479973
0.40784
0.294528
0.273956
0.338972
0.361818
0.582684
0.660782
0.63179
0.554806
0.432654
0.40784
0.479973
0.506462
0.582684
0.554806
0.63179
0.660782
0.740239
0.710398
0.790122
0.820555
0.740239
0.820555
0.790122
0.710398
0.901253
0.870472
0.950979
0.98187
0.98187
0.870472
0.950979
0.901253
1.14113
1.06197
1.11068
1.03119
1.18904
1.21895
1.29504
1.26587
1.34081
1.44065
1.4135
1.36906
1.11068
1.03119
1.14113
1.06197
1.48361
1.57529
1.55084
1.50949
1.18904
1.26587
1.21895
1.29504
1.4135
1.34081
1.44065
1.36906
1.57529
1.48361
1.55084
1.50949
1.69665
1.61488
1.67547
1.63777
1.78531
1.73236
1.80271
1.7517
1.84945
1.83412
1.87859
1.89177
1.61488
1.67547
1.69665
1.63777
1.91855
1.96246
1.92948
1.95385
1.73236
1.80271
1.7517
1.78531
1.98435
2.00994
1.99057
2.01371
2.04603
2.03053
2.03179
2.04476
1.84945
1.89177
1.87859
1.83412
1.92948
1.95385
1.91855
1.96246
2.0616
2.05516
2.05256
2.0564
2.0564
2.04476
2.05256
2.0616
2.00994
1.99057
1.98435
2.01371
2.03179
2.04603
2.03053
6.9821e-33
0.0195236
9.61e-33
0.0240833
0.0240833
0.0195236
9.61e-33
6.9821e-33
0.0959607
0.083379
0.0563081
0.0475573
0.0563081
0.0475573
0.083379
0.0959607
0.194801
0.175596
0.126286
0.14235
0.315295
0.290787
0.252661
0.230644
0.126286
0.175596
0.14235
0.194801
0.382088
0.452445
0.423877
0.3554
0.252661
0.230644
0.290787
0.315295
0.525789
0.601563
0.495633
0.570101
0.382088
0.3554
0.423877
0.452445
0.67923
0.758271
0.725003
0.646734
0.525789
0.495633
0.570101
0.601563
0.67923
0.646734
0.725003
0.758271
0.838188
0.804401
0.884438
0.918502
0.838188
0.918502
0.804401
0.884438
0.964644
1.04457
0.998752
1.0785
0.964644
1.0785
1.04457
0.998752
1.20188
1.23482
1.12379
1.15732
1.27847
1.38434
1.31061
1.35317
1.42563
1.49553
1.52425
1.45566
1.20188
1.12379
1.23482
1.15732
1.56256
1.65206
1.62642
1.58981
1.35317
1.27847
1.31061
1.38434
1.52425
1.42563
1.49553
1.45566
1.62642
1.56256
1.65206
1.58981
1.74357
1.7656
1.68684
1.71074
1.84505
1.79638
1.86302
1.81643
1.90519
1.92925
1.94278
1.8894
1.68684
1.7656
1.71074
1.74357
1.97565
1.99488
1.96446
2.00367
1.81643
1.84505
1.86302
1.79638
2.02673
2.04476
2.0204
2.04094
2.06675
2.0564
2.06546
2.05768
1.8894
1.90519
1.94278
1.92925
1.97565
2.00367
1.99488
1.96446
2.06546
2.06805
2.07193
2.07193
2.04094
2.06675
2.05768
2.04476
2.02673
2.0204
2.0564
0.0148352
0.0100186
3.26727e-33
3.61705e-33
3.61705e-33
0.0100186
3.26727e-33
0.0148352
0.0385534
0.0292953
0.0570884
0.0704214
0.0704214
0.0570884
0.0385534
0.0292953
0.15578
0.135355
0.0926759
0.109728
0.0926759
0.109728
0.135355
0.15578
0.265448
0.239277
0.207905
0.184444
0.327775
0.39427
0.363624
0.299212
0.207905
0.184444
0.239277
0.265448
0.464339
0.537404
0.503473
0.431906
0.327775
0.299212
0.363624
0.39427
0.61291
0.690318
0.654215
0.577759
0.464339
0.431906
0.503473
0.537404
0.76911
0.848787
0.81155
0.732315
0.61291
0.577759
0.654215
0.690318
0.848787
0.76911
0.732315
0.81155
0.89143
0.971487
1.0089
0.928871
0.928871
1.0089
0.89143
0.971487
1.16706
1.05127
1.08844
1.13035
1.16706
1.05127
1.13035
1.08844
1.20831
1.28477
1.31998
1.24437
1.35935
1.43171
1.46469
1.39353
1.56843
1.59854
1.5015
1.53312
1.28477
1.20831
1.31998
1.24437
1.6322
1.71921
1.69253
1.66066
1.46469
1.43171
1.35935
1.39353
1.5015
1.59854
1.53312
1.56843
1.6322
1.71921
1.69253
1.66066
1.77396
1.74918
1.80192
1.82468
1.87118
1.85052
1.91327
1.89481
1.98358
1.93462
1.95078
1.96977
1.80192
1.82468
1.74918
1.77396
2.03457
2.02564
2.01155
2.00015
1.85052
1.89481
1.87118
1.91327
2.04615
2.05256
2.06546
2.0616
2.07581
2.07322
2.07193
2.0771
1.96977
1.93462
1.95078
1.98358
2.00015
2.01155
2.03457
2.02564
2.07193
2.06546
2.07322
2.0771
2.04615
2.0616
2.05256
8.47992e-35
0.00507339
0.00507339
8.47992e-35
0.0433796
0.019784
0.019784
0.0433796
0.11432
0.0751295
0.0751295
0.11432
0.160261
0.212276
0.160261
0.212276
0.269713
0.331938
0.398334
0.468307
0.269713
0.331938
0.54128
0.616696
0.468307
0.398334
0.694017
0.772726
0.616696
0.54128
0.852324
0.93233
0.694017
0.772726
0.852324
0.93233
1.01229
1.09175
1.01229
1.09175
1.17031
1.24755
1.24755
1.17031
1.3231
1.3966
1.4677
1.53609
1.66353
1.60146
1.3966
1.3231
1.77675
1.72204
1.53609
1.4677
1.60146
1.66353
1.77675
1.72204
1.82744
1.8739
1.95345
1.91596
2.01417
1.98623
1.82744
1.8739
2.05516
2.03718
1.95345
1.91596
2.07581
2.06805
2.07839
2.07581
1.98623
2.01417
2.03718
2.06805
2.05516
0.89143
1.20831
1.13035
0.0100186
0.971487
1.05127
0.971487
1.05127
0.89143
0.135355
0.184444
0.81155
1.13035
0.299212
0.732315
0.654215
1.20831
0.577759
0.503473
1.28477
0.431906
0.363624
1.35935
0.239277
1.43171
1.5015
0.0926759
0.0570884
1.56843
0.0292953
1.6322
1.69253
0.0100186
1.28477
1.35935
1.74918
1.80192
1.5015
1.85052
0.0292953
1.89481
1.93462
0.0570884
1.96977
2.00015
0.0926759
2.02564
2.04615
0.135355
1.93462
2.0616
1.96977
2.07193
0.184444
2.0771
2.0771
0.239277
2.07193
2.0616
0.299212
2.04615
2.02564
0.363624
2.00015
0.431906
1.89481
0.503473
1.85052
1.80192
0.577759
1.74918
1.69253
0.654215
1.6322
1.56843
0.732315
1.43171
0.81155
3.26727e-33
3.26727e-33
3.61705e-33
0.0148352
0.0148352
3.61705e-33
0.0704214
0.0385534
0.0385534
0.0704214
0.109728
0.15578
0.109728
0.15578
0.265448
0.207905
0.207905
0.265448
0.39427
0.327775
0.537404
0.464339
0.327775
0.39427
0.61291
0.690318
0.537404
0.464339
0.848787
0.76911
0.61291
0.690318
0.928871
1.0089
0.76911
0.848787
0.928871
1.0089
1.16706
1.08844
1.16706
1.08844
1.24437
1.31998
1.31998
1.24437
1.46469
1.39353
1.59854
1.53312
1.66066
1.71921
1.39353
1.46469
1.82468
1.77396
1.59854
1.53312
1.71921
1.66066
1.77396
1.82468
1.87118
1.91327
1.98358
1.95078
2.01155
2.03457
1.91327
1.87118
2.06546
2.05256
1.98358
1.95078
2.07581
2.07322
2.07322
2.06546
2.03457
2.01155
2.05256
1.12379
1.04457
1.04457
0.964644
1.12379
0.884438
0.083379
0.804401
0.725003
1.20188
0.646734
1.27847
0.570101
0.495633
0.423877
1.35317
0.3554
1.42563
0.290787
0.230644
0.175596
1.49553
0.126286
1.56256
0.0475573
0.0195236
1.62642
1.68684
0.0195236
1.74357
1.20188
1.79638
1.84505
1.35317
0.0475573
1.8894
1.92925
1.56256
1.96446
0.083379
1.99488
0.126286
2.0204
2.04094
2.0564
1.84505
0.175596
2.06675
0.230644
1.96446
2.07193
2.07193
2.06675
0.290787
2.0564
0.3554
2.04094
2.0204
1.99488
0.423877
0.495633
1.92925
1.8894
0.570101
1.79638
0.646734
1.74357
1.68684
1.62642
0.725003
0.804401
1.49553
1.42563
0.884438
1.27847
0.964644
9.61e-33
9.61e-33
6.9821e-33
0.0240833
0.0240833
6.9821e-33
0.0959607
0.0563081
0.0563081
0.0959607
0.14235
0.194801
0.194801
0.14235
0.315295
0.252661
0.252661
0.315295
0.452445
0.382088
0.525789
0.601563
0.382088
0.452445
0.67923
0.758271
0.601563
0.525789
0.838188
0.918502
0.758271
0.67923
1.0785
0.998752
0.838188
0.918502
1.0785
0.998752
1.15732
1.23482
1.23482
1.15732
1.38434
1.31061
1.31061
1.38434
1.52425
1.45566
1.65206
1.58981
1.71074
1.7656
1.52425
1.45566
1.81643
1.86302
1.58981
1.65206
1.7656
1.71074
1.81643
1.86302
1.90519
1.94278
1.97565
2.00367
2.02673
2.04476
1.94278
1.90519
2.06546
2.05768
1.97565
2.00367
2.06805
2.06546
2.05768
2.02673
2.04476
1.11068
0.950979
1.18904
0.0285147
0.870472
0.790122
0.710398
1.26587
0.63179
0.213396
0.273956
1.34081
0.554806
0.479973
0.40784
1.4135
0.338972
1.48361
0.157919
1.55084
0.108167
1.61488
0.0648047
1.67547
1.73236
0.0285147
1.78531
1.11068
1.83412
0.0648047
1.87859
1.91855
1.95385
1.4135
1.48361
0.108167
1.98435
0.157919
2.00994
2.03053
2.04603
0.213396
1.78531
2.0564
0.273956
1.87859
1.91855
2.0616
2.0616
2.0564
0.338972
2.04603
0.40784
2.03053
2.00994
1.98435
0.479973
1.95385
0.554806
1.83412
0.63179
0.710398
1.73236
1.67547
1.61488
0.790122
1.55084
0.870472
1.34081
0.950979
1.26587
1.03119
1.18904
1.03119
1.5619e-32
1.5619e-32
1.01651e-32
0.0328176
0.0328176
1.01651e-32
0.073048
0.119997
0.073048
0.119997
0.172994
0.231382
0.231382
0.172994
0.361818
0.294528
0.294528
0.361818
0.432654
0.506462
0.582684
0.660782
0.432654
0.506462
0.740239
0.820555
0.660782
0.582684
0.98187
0.901253
0.740239
0.820555
1.14113
1.06197
0.901253
0.98187
1.14113
1.06197
1.29504
1.21895
1.29504
1.21895
1.36906
1.44065
1.44065
1.36906
1.57529
1.50949
1.69665
1.63777
1.7517
1.80271
1.50949
1.57529
1.84945
1.89177
1.63777
1.69665
1.80271
1.7517
1.84945
1.89177
1.96246
1.92948
1.99057
2.01371
2.03179
2.04476
1.92948
1.96246
2.05516
2.05256
2.01371
1.99057
2.05256
2.04476
2.03179
1.24704
0.768752
0.688539
1.32233
0.609423
0.531911
1.39535
0.456532
0.383832
1.46578
0.314379
0.248758
1.5333
0.187574
0.131452
1.59762
0.0810373
0.036992
1.65847
1.7156
0.036992
0.849572
0.93053
1.76877
1.81778
1.09108
1.86243
0.0810373
1.90255
1.93798
0.131452
1.9686
1.9943
0.187574
2.01496
2.03053
0.248758
1.65847
2.04094
1.7156
2.04615
0.314379
2.04615
2.04094
0.383832
1.90255
1.93798
2.03053
2.01496
0.456532
1.9943
1.9686
0.531911
0.609423
1.86243
1.81778
0.688539
1.76877
0.768752
1.59762
0.849572
1.5333
1.46578
0.93053
1.39535
1.32233
1.01118
1.24704
1.16983
1.09108
1.01118
1.16983
2.12942e-32
2.12942e-32
1.31659e-32
0.0410379
0.0410379
1.31659e-32
0.142531
0.0887733
0.0887733
0.142531
0.265523
0.20166
0.20166
0.265523
0.405015
0.333507
0.333507
0.405015
0.556321
0.479473
0.635023
0.715062
0.556321
0.479473
0.877171
0.795938
0.635023
0.715062
1.03889
0.958304
0.877171
0.795938
1.19679
1.11852
1.03889
0.958304
1.11852
1.19679
1.34773
1.27331
1.27331
1.34773
1.4889
1.4197
1.4197
1.4889
1.61782
1.55504
1.73231
1.67699
1.78356
1.83053
1.55504
1.61782
1.91093
1.87304
1.67699
1.73231
1.83053
1.78356
1.91093
1.87304
1.94406
1.97229
1.99554
2.01371
2.02673
2.03457
1.97229
1.94406
2.03457
2.03718
1.99554
2.02673
2.01371
0.659485
0.579691
1.37124
0.501476
1.44209
0.425368
0.351913
0.281679
1.51001
0.215251
1.5747
0.153235
0.0962551
0.0449555
1.63589
1.69334
0.0449555
1.7468
0.74035
1.79607
1.84096
0.903354
0.0962551
1.88129
1.91692
1.1443
1.9477
0.153235
1.97352
0.215251
1.9943
2.00994
2.0204
1.51001
0.281679
2.02564
0.351913
1.69334
2.02564
2.0204
2.00994
0.425368
1.84096
1.9943
0.501476
1.97352
1.9477
1.91692
0.579691
1.88129
0.659485
1.79607
1.7468
0.74035
0.821796
1.63589
1.5747
0.903354
1.44209
0.984575
1.37124
1.29777
1.22201
1.06503
1.1443
1.06503
0.984575
1.22201
0.821796
1.29777
2.66356e-32
2.66356e-32
1.59846e-32
0.0487444
0.0487444
1.59846e-32
0.163563
0.103484
0.103484
0.163563
0.297225
0.228348
0.297225
0.228348
0.369597
0.444888
0.369597
0.444888
0.522543
0.602022
0.682808
0.764403
0.522543
0.602022
0.92812
0.846327
0.764403
0.682808
1.08958
1.00934
0.92812
0.846327
1.24548
1.16842
1.08958
1.00934
1.16842
1.24548
1.39288
1.32042
1.39288
1.32042
1.5291
1.46254
1.5291
1.46254
1.65183
1.59229
1.7075
1.75906
1.84907
1.80631
1.59229
1.65183
1.88719
1.92051
1.75906
1.7075
1.80631
1.84907
1.92051
1.88719
1.97229
1.94891
2.00367
1.99057
2.01155
2.01417
1.94891
1.97229
2.00367
2.01155
1.99057
1.41263
0.463578
1.48104
0.386559
0.312161
0.240951
1.54619
0.173515
1.60781
0.110458
0.052405
1.66565
1.71948
0.052405
1.76908
0.623313
1.81427
0.110458
1.85487
1.89073
1.92171
0.95147
1.03261
0.173515
1.9477
0.240951
1.9686
1.98435
1.99488
0.312161
1.41263
2.00015
0.386559
1.54619
1.60781
2.00015
1.99488
1.98435
0.463578
1.76908
1.9686
0.542672
1.9477
1.92171
1.89073
0.623313
1.85487
0.704992
1.81427
1.71948
0.787221
1.66565
0.86953
1.48104
0.95147
1.03261
1.34125
1.26722
1.19087
1.11254
1.11254
1.19087
0.86953
1.26722
0.787221
1.34125
0.704992
0.542672
3.16431e-32
3.16431e-32
1.86212e-32
0.0559369
0.0559369
1.86212e-32
0.117179
0.183091
0.117179
0.183091
0.326487
0.253059
0.253059
0.326487
0.402798
0.481437
0.402798
0.481437
0.643565
0.561865
0.808805
0.726038
0.561865
0.643565
0.891407
0.973403
0.726038
0.808805
1.05437
1.13392
0.891407
0.973403
1.21165
1.28722
1.13392
1.05437
1.21165
1.28722
1.43049
1.36027
1.43049
1.36027
1.56126
1.49759
1.49759
1.56126
1.67734
1.62126
1.77688
1.72928
1.81996
1.85835
1.62126
1.67734
1.92051
1.89191
1.77688
1.72928
1.81996
1.85835
1.92051
1.89191
1.96246
1.94406
1.98358
1.97565
1.98623
1.98358
1.94406
1.97565
1.96246
1.51219
0.264673
0.192292
1.57432
0.123646
0.0593405
1.63264
1.68691
0.0593405
0.340203
0.418316
1.73691
1.78245
0.580121
1.82337
0.123646
1.85951
1.89073
0.192292
1.91692
1.93798
0.264673
1.95385
1.96446
0.340203
1.23077
1.96977
1.30547
1.96977
0.418316
1.96446
1.95385
0.498464
1.57432
1.63264
1.93798
1.91692
0.580121
1.89073
1.85951
0.662778
1.82337
1.78245
0.745946
1.73691
1.68691
0.829155
0.911957
1.51219
1.44648
0.99392
1.37748
1.07463
1.15371
1.15371
1.07463
0.99392
1.23077
0.911957
0.829155
1.30547
0.745946
0.662778
1.37748
0.498464
1.44648
3.63168e-32
3.63168e-32
2.10756e-32
0.0626155
0.0626155
2.10756e-32
0.201117
0.12986
0.12986
0.201117
0.275792
0.353309
0.353309
0.275792
0.51466
0.433111
0.433111
0.51466
0.59744
0.680951
0.764715
0.848271
0.59744
0.680951
1.01302
0.93118
0.848271
0.764715
1.09339
1.17192
0.93118
1.01302
1.24823
1.32199
1.09339
1.17192
1.32199
1.24823
1.46059
1.39287
1.39287
1.46059
1.52484
1.58538
1.58538
1.52484
1.69434
1.64195
1.78579
1.74235
1.85835
1.82451
1.69434
1.64195
1.88719
1.91093
1.78579
1.74235
1.82451
1.85835
1.91093
1.88719
1.92948
1.94278
1.95345
1.95078
1.95078
1.94278
1.92948
0.135819
0.0657621
1.59442
1.64919
0.0657621
1.69966
0.209566
1.74562
1.78691
0.365805
0.135819
1.82337
1.85487
0.613823
1.88129
0.209566
1.90255
0.286417
1.91855
1.92925
1.93461
1.03071
0.365805
1.93461
0.447184
1.26402
1.92925
1.91855
1.90255
0.530026
1.47281
1.88129
0.613823
1.85487
1.82337
1.78691
0.698085
1.74562
0.782345
1.69966
1.64919
1.59442
0.866152
1.53555
0.949076
1.40646
1.33676
1.03071
1.11065
1.18854
1.11065
1.18854
0.949076
1.26402
0.866152
0.782345
0.698085
1.33676
1.40646
0.530026
0.447184
1.47281
0.286417
1.53555
4.06567e-32
4.06567e-32
2.33479e-32
0.0687802
0.0687802
2.33479e-32
0.141526
0.217639
0.141526
0.217639
0.377691
0.296547
0.377691
0.296547
0.54456
0.460535
0.460535
0.54456
0.629268
0.714181
0.882799
0.798838
0.629268
0.714181
1.04697
0.965646
0.798838
0.882799
1.12641
1.20358
0.965646
1.04697
1.27815
1.3498
1.12641
1.20358
1.27815
1.3498
1.48315
1.41823
1.48315
1.41823
1.60145
1.5443
1.60145
1.5443
1.65436
1.70284
1.78579
1.74671
1.84907
1.81996
1.70284
1.65436
1.87304
1.89177
1.78579
1.74671
1.81996
1.84907
1.89177
1.87304
1.91327
1.90519
1.91327
1.91596
1.90519
1.60647
1.65747
0.0716698
0.0716698
1.70391
1.74562
0.146978
1.78245
1.81427
0.388968
0.473164
1.84096
0.225337
1.86243
0.306183
1.87859
1.8894
1.89481
0.898213
0.388968
1.89481
1.06183
1.14066
0.473164
1.8894
1.87859
1.86243
1.3611
0.558263
1.84096
0.643777
1.81427
1.78245
1.60647
1.74562
0.729237
1.70391
0.814192
1.65747
1.55112
0.898213
1.49161
0.980889
1.42819
1.29062
1.06183
1.21704
1.14066
0.980889
1.21704
1.29062
0.814192
0.729237
0.643777
1.3611
0.558263
1.42819
0.306183
1.49161
0.225337
1.55112
0.146978
4.46627e-32
4.46627e-32
2.5438e-32
0.0744309
2.5438e-32
0.0744309
0.232659
0.152176
0.152176
0.232659
0.399634
0.315325
0.399634
0.315325
0.485071
0.571135
0.485071
0.571135
0.743254
0.65735
0.912393
0.828409
0.65735
0.743254
1.07527
0.994806
0.912393
0.828409
1.22891
1.15341
0.994806
1.07527
1.37066
1.30142
1.15341
1.22891
1.37066
1.30142
1.43634
1.49819
1.43634
1.49819
1.60949
1.55598
1.60949
1.55598
1.6585
1.70284
1.77688
1.74235
1.80631
1.83053
1.6585
1.70284
1.86302
1.84945
1.74235
1.77688
1.80631
1.83053
1.86302
1.84945
1.8739
1.87118
1.87118
0.0770636
1.65747
1.69966
1.73691
0.157121
1.76908
1.79607
0.239606
1.81778
1.83412
0.323972
1.84505
1.85052
0.669986
0.409691
0.756233
1.85052
1.84505
0.496255
1.83412
1.81778
1.08729
1.16467
0.583177
1.79607
1.76908
0.669986
1.73691
1.69966
0.756233
1.65747
1.61049
0.841487
1.5589
1.50289
0.925339
1.44268
1.37848
1.0074
1.31056
1.2392
1.08729
1.16467
1.0074
0.925339
1.2392
0.841487
1.31056
0.583177
1.37848
0.496255
0.409691
1.44268
0.323972
0.239606
1.50289
0.157121
0.0770636
1.5589
1.61049
4.83348e-32
4.83348e-32
2.7346e-32
0.0795677
0.0795677
2.7346e-32
0.161812
0.246177
0.161812
0.246177
0.332125
0.419138
0.419138
0.332125
0.594387
0.506719
0.594387
0.506719
0.768172
0.681686
0.937052
0.853429
0.681686
0.768172
1.0979
1.01866
0.937052
0.853429
1.17442
1.2479
1.0979
1.01866
1.31804
1.38456
1.17442
1.2479
1.31804
1.38456
1.4472
1.50571
1.4472
1.50571
1.60949
1.55988
1.60949
1.55988
1.69434
1.65436
1.72928
1.75906
1.80271
1.78356
1.65436
1.69434
1.81643
1.82468
1.72928
1.75906
1.78356
1.80271
1.81643
1.82744
1.82468
1.68691
0.16625
1.71948
1.7468
1.76877
0.252372
1.78531
0.339783
1.79637
0.427975
1.80192
1.80192
0.427975
0.692449
1.79637
0.51646
1.78531
1.76877
0.947532
1.7468
0.604767
1.71948
0.692449
1.68691
1.64919
1.32386
1.60647
0.779074
1.5589
0.864232
1.50665
1.44992
1.38891
0.947532
1.0286
1.25502
1.18267
1.10709
1.10709
1.0286
1.18267
0.864232
0.779074
1.25502
1.32386
0.604767
0.51646
1.38891
0.339783
1.44992
0.252372
0.16625
0.0819434
1.50665
1.5589
0.0819434
1.60647
1.64919
5.16731e-32
5.16731e-32
2.90719e-32
0.0841905
0.0841905
2.90719e-32
0.258192
0.170434
0.170434
0.258192
0.436203
0.346948
0.346948
0.436203
0.525479
0.614316
0.525479
0.614316
0.702276
0.788936
0.956778
0.873898
0.702276
0.788936
1.11487
1.03722
0.956778
0.873898
1.26056
1.18942
1.03722
1.11487
1.39152
1.32802
1.26056
1.18942
1.39152
1.32802
1.45082
1.50571
1.45082
1.50571
1.55598
1.60145
1.55598
1.60145
1.64195
1.67734
1.7075
1.73231
1.7656
1.7517
1.64195
1.67734
1.77675
1.77396
1.73231
1.7075
1.7656
1.7517
1.77396
0.174364
1.66565
1.69334
1.7156
0.263636
1.73236
0.263636
0.353617
1.74357
0.443821
0.533776
1.74918
1.74918
0.443821
1.74357
0.797761
0.533776
1.73236
1.7156
1.69334
0.623035
1.12124
1.19467
1.66565
0.711167
1.63264
1.59442
1.55112
0.797761
1.50289
0.882426
1.44992
1.39239
1.33051
0.964792
1.26452
1.04451
1.04451
1.12124
0.964792
1.19467
0.882426
0.711167
1.26452
0.623035
1.33051
0.353617
1.39239
1.44992
0.174364
0.0863093
1.50289
1.55112
0.0863093
1.59442
1.63264
5.46776e-32
5.46776e-32
3.06156e-32
0.0882996
0.0882996
3.06156e-32
0.268704
0.17804
0.17804
0.268704
0.450829
0.359793
0.450829
0.359793
0.630923
0.541352
0.541352
0.630923
0.719122
0.805546
0.889817
0.971572
0.719122
0.805546
1.12619
1.05047
0.889817
0.971572
1.19842
1.26689
1.05047
1.12619
1.33134
1.39152
1.26689
1.19842
1.39152
1.33134
1.4472
1.49819
1.49819
1.4472
1.5443
1.58538
1.58538
1.5443
1.62126
1.65183
1.67699
1.69665
1.71074
1.71921
1.62126
1.65183
1.71921
1.72204
1.69665
1.67699
1.71074
1.65847
0.273397
1.67547
0.0901615
1.68684
0.365475
1.69253
1.69253
0.457228
0.457228
0.548206
1.68684
1.67547
0.548206
1.65847
1.63589
0.637981
1.60781
1.57432
0.72614
1.53555
1.12972
1.49161
0.812294
1.44268
1.38891
0.896071
1.33051
1.26769
0.977119
1.20067
1.05511
1.05511
0.977119
1.12972
0.896071
0.812294
1.20067
0.72614
0.637981
1.26769
1.33051
0.365475
0.273397
1.38891
0.181463
1.44268
1.49161
0.0901615
1.63589
1.53555
1.57432
1.60781
0.181463
5.73483e-32
5.73483e-32
3.19772e-32
0.0918948
0.0918948
3.19772e-32
0.184633
0.277714
0.184633
0.277714
0.463017
0.370662
0.370662
0.463017
0.644208
0.554339
0.554339
0.644208
0.818003
0.732223
0.981434
0.901188
0.732223
0.818003
1.05842
1.13184
0.981434
0.901188
1.20142
1.26689
1.13184
1.05842
1.32802
1.38456
1.26689
1.20142
1.32802
1.38456
1.48315
1.43634
1.48315
1.43634
1.52484
1.56126
1.56126
1.52484
1.61782
1.59229
1.65206
1.63777
1.66353
1.66066
1.61782
1.59229
1.66066
1.63777
1.65206
0.281656
1.62642
0.375355
1.6322
1.6322
1.62642
0.281656
0.468196
1.61488
0.55975
1.59762
1.5747
1.54619
0.73737
0.649604
1.51219
0.73737
1.47281
0.984516
1.42819
1.37848
1.13255
0.822675
1.32386
0.905167
1.26452
1.20067
0.984516
1.06041
1.06041
0.905167
0.822675
1.13255
1.20067
0.649604
0.55975
0.468196
1.26452
0.375355
1.32386
0.187548
0.0934998
1.37848
1.42819
0.0934998
1.61488
1.47281
1.51219
1.54619
0.187548
1.5747
1.59762
5.96852e-32
5.96852e-32
3.31568e-32
0.0949763
0.0949763
3.31568e-32
0.285222
0.19021
0.19021
0.285222
0.472767
0.379555
0.472767
0.379555
0.654171
0.564439
0.564439
0.654171
0.826308
0.741581
0.986365
0.90801
0.741581
0.826308
1.13184
1.06107
0.90801
0.986365
1.26056
1.19842
1.13184
1.06107
1.37066
1.31804
1.19842
1.26056
1.31804
1.37066
1.41823
1.46059
1.41823
1.46059
1.49759
1.5291
1.49759
1.5291
1.55504
1.57529
1.58981
1.59854
1.60145
1.59854
1.57529
1.55504
1.58981
0.383259
1.56843
1.56843
0.0963244
1.56256
0.476727
1.55084
0.568407
1.5333
0.476727
0.568407
1.51001
1.48104
0.657907
1.44648
0.744856
1.40646
1.3611
0.986981
1.31056
0.828903
1.25502
0.909715
1.19467
1.12972
1.06041
0.986981
1.06041
0.909715
0.828903
0.744856
1.12972
0.657907
1.19467
0.383259
1.25502
0.288413
1.31056
0.192619
1.3611
1.40646
0.0963244
1.56256
1.44648
1.48104
0.192619
1.51001
1.5333
1.55084
0.288413
6.16884e-32
6.16884e-32
3.41543e-32
0.0975441
0.0975441
3.41543e-32
0.194774
0.291229
0.194774
0.291229
0.480079
0.386471
0.480079
0.386471
0.660812
0.571653
0.571653
0.660812
0.747196
0.83046
0.986365
0.910284
0.83046
0.747196
1.05842
1.12619
0.910284
0.986365
1.2479
1.18942
1.12619
1.05842
1.3498
1.30142
1.2479
1.18942
1.30142
1.3498
1.39287
1.43049
1.39287
1.43049
1.4889
1.46254
1.4889
1.46254
1.50949
1.52425
1.53312
1.53609
1.53312
1.50949
1.52425
1.49553
0.482821
1.48361
1.46578
0.574178
1.44209
1.41263
0.662888
1.37748
0.482821
1.33676
0.748599
1.29062
0.748599
1.2392
0.830979
0.830979
1.18267
1.12124
0.909715
1.05511
0.984516
0.984516
0.909715
1.05511
0.662888
1.12124
0.574178
1.18267
0.389187
0.293669
1.2392
0.196675
0.0986354
1.29062
1.33676
0.0986354
1.5015
1.37748
1.5015
1.41263
1.44209
0.196675
1.46578
1.48361
0.293669
1.49553
0.389187
6.33579e-32
6.33579e-32
3.49697e-32
0.0995982
0.0995982
3.49697e-32
0.295733
0.198323
0.295733
0.198323
0.39141
0.484953
0.484953
0.39141
0.664133
0.575982
0.575982
0.664133
0.749067
0.83046
0.90801
0.981434
0.83046
0.749067
1.11487
1.05047
0.981434
0.90801
1.17442
1.22891
1.11487
1.05047
1.32199
1.27815
1.22891
1.17442
1.27815
1.32199
1.36027
1.39288
1.39288
1.36027
1.4197
1.44065
1.44065
1.4197
1.45566
1.46469
1.4677
1.46469
1.45566
0.486477
1.39535
0.577064
1.37124
1.34125
1.30547
0.297422
0.664548
1.26402
0.486477
0.748599
1.21703
1.16467
1.10709
0.828903
1.04451
0.905167
0.977119
0.905167
0.828903
0.977119
0.748599
1.04451
0.664548
0.577064
1.10709
0.393139
1.16467
0.199717
0.100433
1.21703
1.26402
0.100433
1.4135
1.30547
1.34125
1.37124
1.43171
0.199717
1.39535
1.4135
1.42563
0.297422
0.393139
1.43171
1.42563
6.46937e-32
6.46937e-32
3.56031e-32
0.101139
0.101139
3.56031e-32
0.298736
0.200858
0.200858
0.298736
0.487391
0.394374
0.394374
0.487391
0.664133
0.577425
0.577425
0.664133
0.826308
0.747195
0.971572
0.901188
0.826308
0.747195
1.0979
1.03722
0.971572
0.901188
1.20358
1.15341
1.0979
1.03722
1.24823
1.28722
1.15341
1.20358
1.24823
1.28722
1.34773
1.32042
1.34773
1.32042
1.36906
1.38434
1.38434
1.36906
1.39353
1.3966
1.39353
0.577064
1.29777
1.26722
1.23077
0.662888
1.18854
0.299675
0.744856
1.14066
0.487695
1.08729
1.0286
0.822675
0.964791
0.896071
0.896071
0.822675
0.744856
0.964791
0.662888
1.0286
0.577064
0.395115
1.08729
1.14066
0.201745
0.101717
1.18854
1.23077
0.101717
1.32233
1.26722
1.29777
1.35317
1.35935
0.201745
1.32233
1.34081
1.35317
0.299675
1.35935
0.395115
1.34081
0.487695
6.5696e-32
6.5696e-32
3.60545e-32
0.102166
0.102166
3.60545e-32
0.300238
0.202379
0.202379
0.300238
0.487391
0.395362
0.487391
0.395362
0.660812
0.575982
0.575982
0.660812
0.741581
0.818003
0.889817
0.956778
0.741581
0.818003
1.01866
1.07527
0.956778
0.889817
1.12641
1.17192
1.07527
1.01866
1.24548
1.21165
1.17192
1.12641
1.21165
1.24548
1.29504
1.27331
1.27331
1.29504
1.31998
1.31061
1.31061
1.31998
1.3231
1.15371
0.657907
1.11065
0.102487
1.06183
0.73737
1.0074
0.947532
0.812294
0.486477
0.574178
0.882426
0.812294
0.882426
0.73737
0.657907
0.947532
1.0074
0.395115
0.300425
1.06183
0.202759
1.11065
1.15371
0.102487
1.19087
1.19087
1.22201
1.22201
1.24704
0.202759
1.26587
1.27847
0.300425
1.28477
1.28477
0.395115
1.27847
1.26587
0.486477
1.24704
0.574178
6.63646e-32
6.63646e-32
3.63239e-32
0.102679
0.102679
3.63239e-32
0.202886
0.300238
0.202886
0.300238
0.484953
0.394374
0.394374
0.484953
0.654171
0.571653
0.571653
0.654171
0.732223
0.805546
0.937052
0.873898
0.805546
0.732223
1.04697
0.994806
0.937052
0.873898
1.13391
1.09339
1.04697
0.994806
1.19679
1.16842
1.13391
1.09339
1.16842
1.19679
1.23482
1.21895
1.23482
1.21895
1.24437
1.24437
1.24755
0.649604
0.980889
0.72614
0.925339
0.864232
0.797761
0.299675
0.797761
0.72614
0.864232
0.649604
0.568407
0.482821
0.925339
0.393139
0.980889
0.202759
0.102744
1.03071
1.07463
0.102744
1.03071
1.11254
1.1443
1.16983
1.1443
0.202759
1.18904
1.20188
1.20831
0.299675
1.20831
0.393139
1.20188
1.18904
1.16983
0.482821
0.568407
1.11254
1.07463
6.66996e-32
6.66996e-32
3.64113e-32
0.102679
0.102679
3.64113e-32
0.298736
0.202379
0.202379
0.298736
0.480079
0.39141
0.39141
0.480079
0.564439
0.644208
0.644208
0.564439
0.719122
0.788936
0.853429
0.912393
0.719122
0.788936
0.965646
1.01302
0.853429
0.912393
1.08958
1.05437
0.965646
1.01302
1.11852
1.14113
1.08958
1.05437
1.11852
1.14113
1.16706
1.15732
1.16706
1.15732
1.17031
0.711167
0.841487
0.779074
0.102487
0.711167
0.779074
0.637981
0.841487
0.55975
0.476727
0.389187
0.898213
0.297422
0.949076
0.201745
0.993919
1.03261
0.102487
0.898213
1.06503
1.09108
0.993919
1.03261
0.201745
1.11068
1.12379
1.13035
1.11068
0.297422
1.13035
0.389187
1.12379
1.09108
0.476727
1.06503
0.55975
0.949076
0.637981
6.67011e-32
6.67011e-32
3.63167e-32
0.102166
0.102166
3.63167e-32
0.295733
0.200858
0.200858
0.295733
0.386471
0.472767
0.472767
0.386471
0.554339
0.630923
0.554339
0.630923
0.702276
0.768172
0.882799
0.828409
0.768172
0.702276
0.93118
0.973403
0.882799
0.828409
1.00934
1.03889
0.93118
0.973403
1.06197
1.0785
1.00934
1.03889
1.06197
1.0785
1.09175
1.08844
1.08844
0.623035
0.756233
0.548206
0.468196
0.814192
0.383259
0.293669
0.866152
0.199717
0.101717
0.911956
0.95147
0.101717
0.692449
0.984575
0.756233
1.01118
1.03119
0.199717
1.04457
1.05127
0.95147
0.984575
0.293669
1.05127
1.04457
0.383259
1.03119
1.01118
0.468196
0.548206
0.911956
0.866152
0.623035
0.814192
0.692449
6.6369e-32
6.6369e-32
3.60401e-32
0.101139
0.101139
3.60401e-32
0.198323
0.291229
0.198323
0.291229
0.463017
0.379555
0.463017
0.379555
0.541352
0.614316
0.541352
0.614316
0.681686
0.743254
0.84827
0.798838
0.743254
0.681686
0.92812
0.891407
0.84827
0.798838
0.98187
0.958304
0.92812
0.891407
1.0089
0.998752
0.958304
0.98187
1.0089
0.998752
1.01229
0.729237
0.375355
0.782345
0.288413
0.196675
0.100433
0.829155
0.86953
0.100433
0.457228
0.903354
0.93053
0.950979
0.669986
0.196675
0.964644
0.971487
0.971487
0.829155
0.288413
0.964644
0.375355
0.950979
0.93053
0.903354
0.457228
0.86953
0.533776
0.782345
0.729237
0.604767
0.669986
0.604767
0.533776
6.57033e-32
6.57033e-32
3.55815e-32
0.0995982
0.0995982
3.55815e-32
0.285222
0.194774
0.194774
0.285222
0.370662
0.450829
0.450829
0.370662
0.525479
0.594387
0.594387
0.525479
0.714181
0.65735
0.764715
0.808805
0.714181
0.65735
0.877171
0.846327
0.808805
0.764715
0.901253
0.918501
0.877171
0.846327
0.93233
0.928871
0.918501
0.901253
0.928871
0.745946
0.192618
0.0986354
0.787221
0.821796
0.0986354
0.281656
0.849572
0.870472
0.443821
0.51646
0.192618
0.884438
0.89143
0.89143
0.698085
0.281656
0.884438
0.365475
0.870472
0.849572
0.821796
0.443821
0.787221
0.51646
0.745946
0.643777
0.583177
0.583177
0.643777
0.365475
0.698085
6.4704e-32
6.4704e-32
3.49409e-32
0.0975441
0.0975441
3.49409e-32
0.19021
0.277714
0.19021
0.277714
0.436203
0.359793
0.436203
0.359793
0.571135
0.506719
0.571135
0.506719
0.680951
0.629268
0.726038
0.764403
0.680951
0.629268
0.795938
0.820555
0.726038
0.764403
0.838188
0.848787
0.820555
0.795938
0.852323
0.848787
0.838188
0.740349
0.0963244
0.768752
0.0963244
0.790122
0.804401
0.187548
0.81155
0.81155
0.427975
0.496255
0.273397
0.804401
0.613822
0.790122
0.353617
0.768752
0.740349
0.427975
0.704992
0.662778
0.496255
0.558263
0.558263
0.613822
0.353617
0.273397
0.662778
0.187548
0.704992
6.33711e-32
6.33711e-32
3.41183e-32
0.0949763
3.41183e-32
0.0949763
0.268704
0.184633
0.184633
0.268704
0.346948
0.419138
0.346948
0.419138
0.54456
0.485071
0.485071
0.54456
0.59744
0.643565
0.682808
0.715062
0.643565
0.59744
0.740239
0.758271
0.715062
0.682808
0.772726
0.76911
0.758271
0.740239
0.76911
0.0934998
0.688539
0.710398
0.725003
0.181463
0.732315
0.263636
0.732315
0.725003
0.263636
0.710398
0.339783
0.688539
0.659485
0.623313
0.409691
0.580121
0.473164
0.530026
0.473164
0.409691
0.530026
0.339783
0.580121
0.181463
0.0934998
0.623313
0.659485
6.17046e-32
6.17046e-32
3.31136e-32
0.0918948
0.0918948
3.31136e-32
0.258192
0.17804
0.17804
0.258192
0.399634
0.332125
0.332125
0.399634
0.51466
0.460535
0.51466
0.460535
0.602022
0.561865
0.660782
0.635023
0.561865
0.602022
0.67923
0.690318
0.660782
0.635023
0.694017
0.67923
0.690318
0.646734
0.174364
0.654215
0.0901614
0.654215
0.646734
0.252372
0.63179
0.323972
0.388968
0.447184
0.609423
0.579691
0.542672
0.388968
0.498464
0.447184
0.323972
0.498464
0.252372
0.542672
0.174364
0.579691
0.609423
0.0901614
0.63179
5.97043e-32
5.97043e-32
3.19268e-32
0.0882996
0.0882996
3.19268e-32
0.246177
0.170434
0.170434
0.246177
0.315325
0.377691
0.315325
0.377691
0.433111
0.481437
0.481437
0.433111
0.556321
0.522543
0.582684
0.601563
0.522543
0.556321
0.61291
0.616696
0.601563
0.582684
0.61291
0.16625
0.577759
0.570101
0.239606
0.554806
0.531911
0.306183
0.501476
0.463578
0.365805
0.418316
0.365805
0.418316
0.306183
0.239606
0.463578
0.16625
0.0863093
0.501476
0.531911
0.0863093
0.554806
0.570101
0.577759
5.73704e-32
5.73704e-32
3.0558e-32
0.0841905
0.0841905
3.0558e-32
0.232659
0.161812
0.161812
0.232659
0.296547
0.353309
0.296547
0.353309
0.402798
0.444888
0.402798
0.444888
0.479472
0.506462
0.537404
0.525789
0.506462
0.479472
0.537404
0.54128
0.525789
0.495633
0.479973
0.225337
0.456532
0.286417
0.425368
0.225337
0.386559
0.340203
0.340203
0.286417
0.386559
0.157121
0.0819434
0.425368
0.456532
0.0819434
0.479973
0.503473
0.495633
0.503473
0.157121
5.47026e-32
5.47026e-32
0.0795676
2.9007e-32
0.0795676
2.9007e-32
0.217639
0.152176
0.152176
0.217639
0.326487
0.275792
0.326487
0.275792
0.369597
0.405015
0.369597
0.405015
0.452445
0.432654
0.468307
0.464339
0.432654
0.464339
0.452445
0.209566
0.383832
0.264673
0.351913
0.312161
0.264673
0.312161
0.209566
0.351913
0.146978
0.0770635
0.383832
0.40784
0.0770635
0.423877
0.423877
0.431906
0.146978
0.431906
0.40784
5.17011e-32
5.17011e-32
2.7274e-32
0.0744309
0.0744309
2.7274e-32
0.201117
0.141526
0.141526
0.201117
0.297225
0.253059
0.253059
0.297225
0.333507
0.361817
0.361817
0.333507
0.382088
0.39427
0.398334
0.39427
0.382088
0.240951
0.240951
0.192292
0.281679
0.135819
0.0716698
0.314379
0.338972
0.0716698
0.281679
0.314379
0.3554
0.363624
0.363624
0.135819
0.3554
0.338972
0.192292
4.83658e-32
4.83658e-32
2.53588e-32
0.0687802
0.0687802
2.53588e-32
0.183091
0.12986
0.183091
0.12986
0.265523
0.228348
0.265523
0.228348
0.315295
0.294528
0.294528
0.315295
0.327775
0.331937
0.327775
0.123646
0.0657621
0.248758
0.273956
0.0657621
0.290787
0.173515
0.299212
0.299212
0.248758
0.123646
0.290787
0.273956
0.173515
0.215251
0.215251
4.46966e-32
4.46966e-32
2.32614e-32
0.0626155
0.0626155
2.32614e-32
0.117179
0.163563
0.117179
0.163563
0.231382
0.20166
0.231382
0.20166
0.265448
0.252661
0.252661
0.269713
0.265448
0.213396
0.230644
0.0593405
0.0593405
0.239277
0.239277
0.110458
0.230644
0.213396
0.187574
0.153235
0.153235
0.187574
0.110458
4.06935e-32
4.06935e-32
2.09819e-32
0.0559369
2.09819e-32
0.0559369
0.103484
0.142531
0.103484
0.142531
0.194801
0.172994
0.194801
0.172994
0.212276
0.207905
0.207905
0.052405
0.184444
0.184444
0.175596
0.0962551
0.157919
0.131452
0.131452
0.0962551
0.052405
0.157919
0.175596
3.63566e-32
3.63566e-32
1.85203e-32
0.0487444
0.0487444
1.85203e-32
0.119997
0.0887733
0.0887733
0.119997
0.14235
0.15578
0.14235
0.15578
0.160261
0.126286
0.0810373
0.108167
0.0810373
0.0449555
0.108167
0.126286
0.0449555
0.135355
0.135355
3.16859e-32
3.16859e-32
1.58765e-32
0.0410379
0.0410379
1.58765e-32
0.0959607
0.073048
0.073048
0.0959607
0.109728
0.109728
0.11432
0.0648047
0.0648047
0.036992
0.083379
0.0926759
0.036992
0.0926759
0.083379
2.66813e-32
2.66813e-32
1.30506e-32
0.0328176
1.30506e-32
0.0328176
0.0563081
0.0704214
0.0563081
0.0704214
0.0751295
0.0570884
0.0285147
0.0570884
0.0475573
0.0285147
0.0475573
2.13428e-32
2.13428e-32
0.0240833
1.00426e-32
0.0240833
1.00426e-32
0.0385534
0.0385534
0.0433795
0.0195236
0.0292953
0.0195236
0.0292953
1.56706e-32
1.56706e-32
6.85242e-33
0.0148352
0.0148352
6.85242e-33
0.019784
0.0100186
0.0100186
9.66454e-33
9.66454e-33
3.48016e-33
3.48016e-33
0.00507337
1.43746e-35
3.32475e-33
3.32475e-33
