1.44143e-35
3.33395e-33
3.33395e-33
3.4897e-33
9.69134e-33
0.00508741
0.0100464
3.4897e-33
9.69134e-33
0.0100464
6.87132e-33
0.0195778
1.5714e-32
0.0148764
0.0198396
0.0293767
0.0293767
0.0148764
0.0195778
1.5714e-32
6.87132e-33
1.00703e-32
0.0285939
2.1402e-32
0.0241501
0.0476894
0.0572469
0.0386611
0.0434999
1.00703e-32
0.0285939
0.0386611
0.0572469
0.0476894
0.0241501
2.1402e-32
1.30867e-32
0.0329086
0.0370947
2.67553e-32
0.0564651
0.0649846
0.0836105
0.0706168
0.0929332
0.0753388
0.0929332
0.0706168
0.0329086
2.67553e-32
0.0370947
1.30867e-32
0.0649846
0.0564651
0.0836105
1.59205e-32
3.17737e-32
0.0411518
0.0450802
0.0732515
0.0812622
0.108467
0.096227
0.0450802
3.17737e-32
0.0411518
1.59205e-32
0.135731
0.114638
0.126637
0.110034
0.110034
0.108467
0.126637
0.0732515
0.135731
0.096227
0.0812622
1.85716e-32
0.0525503
3.64574e-32
0.0488796
0.0890203
0.0965222
0.131817
0.12033
0.156212
0.142746
0.158357
0.176083
3.64574e-32
0.0525503
0.0488796
1.85716e-32
0.0890203
0.131817
0.0965222
0.12033
0.160706
0.184956
0.156212
0.184956
0.158357
0.176083
0.142746
2.104e-32
0.0595051
4.08063e-32
0.056092
0.103771
0.110764
0.15366
0.142927
0.213988
0.195341
0.173474
0.188094
0.208483
0.231284
0.239941
0.212865
2.104e-32
0.0595051
4.08063e-32
0.056092
0.103771
0.110764
0.15366
0.142927
0.231284
0.213988
0.188094
0.239941
0.173474
0.208483
0.195341
2.33258e-32
0.0659444
4.48204e-32
0.0627891
0.117505
0.123989
0.173996
0.164016
0.215848
0.249447
0.232023
0.20222
0.253363
0.274715
0.291593
0.266184
0.0627891
2.33258e-32
0.0659444
4.48204e-32
0.270462
0.300042
0.300042
0.266184
0.123989
0.173996
0.117505
0.164016
0.232023
0.274715
0.291593
0.215848
0.20222
0.253363
0.249447
2.54289e-32
0.0718683
4.84997e-32
0.0689707
0.183599
0.13022
0.136196
0.192825
0.241619
0.28246
0.266259
0.228982
0.295346
0.31525
0.339911
0.316169
0.328684
0.356385
0.364632
0.332858
4.84997e-32
0.0689707
2.54289e-32
0.0718683
0.192825
0.136196
0.183599
0.13022
0.364632
0.356385
0.328684
0.316169
0.266259
0.228982
0.241619
0.28246
0.31525
0.339911
0.295346
2.73494e-32
0.0772769
5.18442e-32
0.0746369
0.141918
0.210147
0.201674
0.147385
0.0746369
0.0772769
5.18442e-32
2.73494e-32
0.265406
0.313026
0.298048
0.253761
0.334432
0.384896
0.36282
0.352888
0.395363
0.40897
0.425052
0.383148
0.433103
0.399439
0.395363
0.433103
0.147385
0.210147
0.201674
0.141918
0.313026
0.265406
0.298048
0.253761
0.425052
0.40897
0.352888
0.383148
0.384896
0.334432
0.36282
2.90872e-32
0.0821701
5.48539e-32
0.0797878
0.152598
0.157556
0.225961
0.218242
0.0797878
0.0821701
5.48539e-32
2.90872e-32
0.28721
0.341145
0.327391
0.276557
0.157556
0.218242
0.225961
0.152598
0.370622
0.387629
0.406137
0.426545
0.453698
0.457796
0.481302
0.433854
0.504867
0.469604
0.497006
0.465626
0.465626
0.504867
0.497006
0.453698
0.276557
0.341145
0.28721
0.327391
0.481302
0.406137
0.426545
0.387629
0.370622
0.433854
0.457796
3.06424e-32
0.0844234
0.086548
5.7529e-32
0.162261
0.16671
0.240269
0.233303
0.30703
0.366817
0.354286
0.297369
0.0844234
0.086548
5.7529e-32
3.06424e-32
0.240269
0.16671
0.233303
0.162261
0.403914
0.419473
0.464861
0.44612
0.30703
0.354286
0.297369
0.366817
0.4808
0.502864
0.533383
0.507864
0.527245
0.538892
0.556341
0.571679
0.579358
0.538892
0.542779
0.579358
0.527245
0.556341
0.571679
0.507864
0.419473
0.502864
0.44612
0.403914
0.533383
0.4808
0.464861
3.2015e-32
5.98693e-32
0.0885437
0.0904107
0.170906
0.174846
0.25307
0.246858
0.324868
0.390043
0.378736
0.316198
0.0885437
0.0904107
5.98693e-32
3.2015e-32
0.43431
0.44842
0.499843
0.482768
0.25307
0.174846
0.246858
0.170906
0.378736
0.390043
0.324868
0.316198
0.544173
0.523989
0.581294
0.557859
0.44842
0.43431
0.482768
0.499843
0.603227
0.584296
0.633537
0.611108
0.614606
0.648522
0.618401
0.656024
0.656024
0.603227
0.614606
0.648522
0.584296
0.557859
0.523989
0.611108
0.544173
0.581294
0.633537
3.3205e-32
0.0937581
6.1875e-32
0.0921487
0.178533
0.181965
0.264364
0.258905
0.340722
0.410823
0.333044
0.400739
0.461809
0.474471
0.53149
0.516083
0.0921487
0.0937581
6.1875e-32
3.3205e-32
0.181965
0.264364
0.258905
0.178533
0.625035
0.581724
0.563419
0.603686
0.410823
0.340722
0.400739
0.333044
0.516083
0.461809
0.474471
0.53149
0.690442
0.662608
0.636779
0.661307
0.563419
0.625035
0.581724
0.603686
0.692226
0.681108
0.727006
0.712361
0.734338
0.695936
0.692226
0.734338
0.662608
0.690442
0.661307
0.681108
0.727006
0.712361
0.636779
3.42124e-32
0.0965904
6.35461e-32
0.0952386
0.185143
0.188066
0.274152
0.269446
0.354594
0.347907
0.429157
0.420296
0.486412
0.497626
0.559805
0.546064
3.42124e-32
6.35461e-32
0.0952386
0.0965904
0.645342
0.599091
0.615517
0.664608
0.185143
0.188066
0.274152
0.269446
0.429157
0.354594
0.420296
0.347907
0.706939
0.742393
0.717036
0.684695
0.546064
0.559805
0.486412
0.497626
0.599091
0.615517
0.645342
0.664608
0.770874
0.792302
0.742284
0.760365
0.742393
0.706939
0.684695
0.717036
0.774859
0.771234
0.81379
0.806621
0.770874
0.81379
0.792302
0.806621
0.760365
0.771234
0.742284
3.50373e-32
0.0989077
6.48826e-32
0.0978134
0.190736
0.19315
0.282434
0.278481
0.360788
0.366484
0.445046
0.437407
0.508118
0.517885
0.584786
0.572712
0.0978134
0.0989077
6.48826e-32
3.50373e-32
0.68283
0.631006
0.645554
0.700011
0.190736
0.278481
0.282434
0.19315
0.789392
0.766512
0.748003
0.728043
0.366484
0.445046
0.437407
0.360788
0.572712
0.584786
0.517885
0.508118
0.824062
0.851914
0.822819
0.798134
0.700011
0.631006
0.645554
0.68283
0.789392
0.748003
0.728043
0.766512
0.851128
0.840501
0.872872
0.886876
0.822819
0.798134
0.851914
0.824062
0.893887
0.854675
0.851128
0.840501
0.886876
0.872872
0.893887
3.56796e-32
0.10071
6.58846e-32
0.0998731
0.195312
0.197218
0.289209
0.286009
0.0998731
0.10071
6.58846e-32
3.56796e-32
0.371686
0.376391
0.458489
0.452073
0.52693
0.535249
0.606435
0.596027
0.731247
0.71615
0.659164
0.671833
0.286009
0.195312
0.289209
0.197218
0.784501
0.811035
0.83144
0.766824
0.371686
0.458489
0.452073
0.376391
0.879588
0.871925
0.905842
0.84866
0.606435
0.535249
0.596027
0.52693
0.731247
0.671833
0.659164
0.71615
0.921032
0.933092
0.953597
0.903736
0.83144
0.784501
0.766824
0.811035
0.905842
0.879588
0.84866
0.871925
0.93143
0.934898
0.974161
0.9673
0.921032
0.903736
0.933092
0.953597
0.974161
0.93143
0.9673
3.61394e-32
0.101997
6.65521e-32
0.101418
0.198871
0.200268
0.294479
0.292032
0.380602
0.384317
0.469488
0.464294
0.101418
0.101997
6.65521e-32
3.61394e-32
0.292032
0.294479
0.198871
0.200268
0.542846
0.549718
0.624752
0.61601
0.694357
0.758316
0.745302
0.683565
0.816434
0.850607
0.868536
0.801039
0.380602
0.464294
0.469488
0.384317
0.914466
0.954087
0.930675
0.893862
0.542846
0.61601
0.549718
0.624752
0.987283
1.01396
0.960942
0.984572
0.745302
0.758316
0.694357
0.683565
0.816434
0.850607
0.801039
0.868536
1.01168
1.03403
1.04744
1.0015
0.930675
0.914466
0.954087
0.893862
0.960942
1.01396
0.984572
0.987283
1.01507
1.0015
1.05416
1.05416
1.01168
1.03403
1.04744
3.64168e-32
0.10277
6.68851e-32
0.102448
0.201413
0.202301
0.298243
0.296549
0.387537
0.390261
0.478042
0.47407
0.555868
0.632661
0.561292
0.639738
0.102448
0.10277
6.68851e-32
3.64168e-32
0.202301
0.296549
0.298243
0.201413
0.47407
0.478042
0.390261
0.387537
0.713125
0.781218
0.770288
0.704211
0.885228
0.900684
0.83069
0.843803
0.996651
0.976079
0.951685
0.933741
0.632661
0.555868
0.639738
0.561292
1.01212
1.03545
1.06795
1.04175
0.704211
0.713125
0.770288
0.781218
1.06489
1.11373
1.08146
1.09407
0.900684
0.843803
0.885228
0.83069
0.996651
0.951685
0.976079
0.933741
1.13345
1.09143
1.12687
1.09475
1.01212
1.03545
1.04175
1.06795
1.08146
1.06489
1.13345
1.12687
1.09407
1.09143
1.11373
3.65116e-32
0.103027
6.68836e-32
0.102963
0.202938
0.203318
0.300501
0.29956
0.39249
0.394223
0.484151
0.481402
0.102963
0.103027
6.68836e-32
3.65116e-32
0.565995
0.651393
0.645982
0.569973
0.728139
0.799955
0.791107
0.721102
0.29956
0.300501
0.203318
0.202938
0.481402
0.484151
0.394223
0.39249
0.565995
0.569973
0.645982
0.651393
0.914901
0.855777
0.927882
0.866608
1.03353
1.0158
0.983583
0.9683
1.05727
1.07758
1.11559
1.09257
0.791107
0.721102
0.728139
0.799955
1.14744
1.14426
1.17303
1.12159
0.855777
0.914901
0.927882
0.866608
1.17026
1.1923
1.20517
1.1605
1.0158
1.03353
0.983583
0.9683
1.11559
1.07758
1.09257
1.05727
1.21162
1.17352
1.17026
1.21162
1.14744
1.12159
1.20517
1.17303
1.14426
1.1605
1.1923
3.6424e-32
0.10277
6.65476e-32
0.102963
0.203446
0.203318
0.301254
0.301065
0.395462
0.396204
0.487817
0.48629
0.573229
0.57576
0.659718
0.655972
0.102963
0.10277
6.65476e-32
3.6424e-32
0.203318
0.301065
0.301254
0.203446
0.739399
0.814528
0.807762
0.734239
0.884851
0.950134
0.939626
0.876301
0.396204
0.395462
0.48629
0.487817
0.655972
0.573229
0.659718
0.57576
0.739399
0.734239
0.814528
0.807762
1.04985
1.06474
1.01016
0.997538
1.09639
1.11369
1.15687
1.13702
1.19413
1.17162
1.22535
1.20007
0.876301
0.939626
0.884851
0.950134
1.26934
1.25045
1.2382
1.22228
0.997538
1.01016
1.06474
1.04985
1.24777
1.28196
1.28828
1.25096
1.15687
1.13702
1.09639
1.11369
1.17162
1.19413
1.20007
1.22535
1.24777
1.2382
1.28828
1.28196
1.22228
1.25045
1.26934
3.61539e-32
0.101997
6.58772e-32
0.102448
0.202938
0.202301
0.300501
0.301065
0.488733
0.396453
0.396204
0.489039
0.102448
0.101997
6.58772e-32
3.61539e-32
0.577569
0.578653
0.664713
0.662631
0.746905
0.824936
0.820252
0.743622
0.202301
0.301065
0.300501
0.202938
0.488733
0.489039
0.396453
0.396204
0.898532
0.96744
0.959405
0.892263
1.03142
1.07821
1.02146
1.09027
0.662631
0.664713
0.578653
0.577569
0.820252
0.743622
0.746905
0.824936
0.96744
0.898532
0.892263
0.959405
1.12949
1.17512
1.19179
1.14378
1.21497
1.23414
1.27068
1.24889
1.29858
1.32594
1.27679
1.30132
1.02146
1.07821
1.09027
1.03142
1.3142
1.32358
1.34447
1.35686
1.12949
1.19179
1.17512
1.14378
1.36306
1.36306
1.32671
1.32358
1.23414
1.27068
1.21497
1.24889
1.35686
1.34447
1.30132
1.27679
1.32594
1.3142
1.29858
3.57013e-32
0.10071
6.48723e-32
0.101418
0.201413
0.200268
0.298243
0.29956
0.487817
0.488733
0.395462
0.394223
0.579015
0.578653
0.666377
0.665961
0.101418
0.10071
6.48723e-32
3.57013e-32
0.200268
0.29956
0.298243
0.201413
0.750658
0.831181
0.828579
0.749251
0.907653
0.9798
0.974238
0.903664
0.488733
0.487817
0.394223
0.395462
0.665961
0.579015
0.666377
0.578653
1.04737
1.11012
1.04006
1.10091
1.15657
1.20687
1.22036
1.16785
0.750658
0.749251
0.831181
0.828579
0.903664
0.974238
0.9798
0.907653
1.04006
1.10091
1.11012
1.04737
1.25164
1.29073
1.26747
1.30903
1.32402
1.37498
1.34491
1.3514
1.39915
1.37279
1.41735
1.38811
1.15657
1.20687
1.16785
1.22036
1.43561
1.39733
1.4004
1.42951
1.25164
1.26747
1.30903
1.29073
1.39733
1.43561
1.42951
1.38811
1.3514
1.34491
1.32402
1.37498
1.39915
1.37279
1.41735
3.50661e-32
0.0989077
6.35328e-32
0.0998731
0.198871
0.197218
0.294479
0.296549
0.390261
0.484151
0.48629
0.39249
0.0998731
0.0989077
6.35328e-32
3.50661e-32
0.577569
0.57576
0.664713
0.665961
0.750658
0.833262
0.751128
0.832742
0.197218
0.296549
0.294479
0.198871
0.48629
0.484151
0.39249
0.390261
0.912213
0.987216
0.984126
0.910504
1.11792
1.058
1.12431
1.05335
0.57576
0.577569
0.664713
0.665961
0.751128
0.832742
0.833262
0.750658
1.17763
1.1859
1.23227
1.24258
1.28164
1.29414
1.34041
1.32559
0.912213
0.987216
0.910504
0.984126
1.12431
1.058
1.05335
1.11792
1.24258
1.17763
1.23227
1.1859
1.36398
1.39667
1.38123
1.41647
1.46976
1.44601
1.44457
1.42356
1.46867
1.48764
1.4996
1.45962
1.28164
1.34041
1.29414
1.32559
1.46867
1.50558
1.47169
1.50558
1.41647
1.39667
1.36398
1.38123
1.45962
1.46976
1.44601
1.48764
1.4996
1.42356
1.44457
3.42485e-32
0.0965905
6.18588e-32
0.0978134
0.195312
0.292032
0.19315
0.289209
0.384317
0.478042
0.481402
0.387537
0.0978134
0.0965905
6.18588e-32
3.42485e-32
0.573229
0.569973
0.659718
0.662631
0.19315
0.292032
0.289209
0.195312
0.746905
0.749251
0.831181
0.832742
0.912213
0.989688
0.98907
0.912784
0.387537
0.481402
0.478042
0.384317
0.569973
0.662631
0.573229
0.659718
1.12927
1.06331
1.13281
1.06132
1.19794
1.19267
1.25845
1.25131
0.749251
0.831181
0.832742
0.746905
0.98907
0.989688
0.912213
0.912784
1.30497
1.36481
1.35348
1.31414
1.45041
1.39667
1.41028
1.43439
1.13281
1.06331
1.06132
1.12927
1.19267
1.25131
1.25845
1.19794
1.30497
1.31414
1.35348
1.36481
1.49294
1.46651
1.48506
1.51411
1.53746
1.55504
1.52839
1.51359
1.57268
1.54025
1.56679
1.53728
1.43439
1.41028
1.39667
1.45041
1.57268
1.53728
1.56679
1.52839
1.55504
1.49294
1.53746
1.46651
1.51359
1.48506
1.51411
3.32483e-32
0.0937581
5.98501e-32
0.0952386
0.0952386
0.0937581
5.98501e-32
3.32483e-32
0.190736
0.282434
0.286009
0.188066
0.376391
0.469488
0.47407
0.380602
0.565995
0.561292
0.651393
0.655972
0.286009
0.282434
0.190736
0.188066
0.743622
0.739399
0.824936
0.828579
0.47407
0.469488
0.376391
0.380602
0.907653
0.987216
0.98907
0.910504
1.06331
1.13565
1.13494
1.06398
0.561292
0.655972
0.565995
0.651393
0.739399
0.824936
0.743622
0.828579
1.2017
1.20395
1.26797
1.264
1.32164
1.32747
1.37439
1.38223
0.987216
0.907653
0.910504
0.98907
1.06331
1.06398
1.13494
1.13565
1.42209
1.43207
1.47681
1.46455
1.50165
1.55038
1.51629
1.53325
1.2017
1.264
1.20395
1.26797
1.32164
1.38223
1.32747
1.37439
1.42209
1.47681
1.46455
1.43207
1.60194
1.57956
1.55925
1.57896
1.63081
1.61925
1.59412
1.60287
1.60287
1.60579
1.63661
1.63661
1.50165
1.53325
1.55038
1.51629
1.63081
1.57956
1.59412
1.61925
1.57896
1.60194
1.55925
3.20655e-32
0.0904107
5.75068e-32
0.0921487
0.185143
0.181965
0.274152
0.278481
0.0921487
0.0904107
5.75068e-32
3.20655e-32
0.278481
0.274152
0.185143
0.181965
0.366484
0.458489
0.464294
0.371686
0.555868
0.549718
0.639738
0.645982
0.734239
0.728139
0.814528
0.820252
0.371686
0.366484
0.464294
0.458489
0.898532
0.9798
0.984126
0.903664
0.645982
0.639738
0.555868
0.549718
1.058
1.13281
1.13494
1.06132
1.20471
1.27115
1.27035
1.20395
0.734239
0.814528
0.728139
0.820252
0.9798
0.984126
0.898532
0.903664
1.33413
1.39269
1.33164
1.38833
1.44024
1.44659
1.49566
1.48718
1.13281
1.06132
1.13494
1.058
1.20395
1.27035
1.20471
1.27115
1.52897
1.53971
1.57858
1.56549
1.62219
1.64031
1.5966
1.61216
1.38833
1.33164
1.33413
1.39269
1.44659
1.44024
1.49566
1.48718
1.52897
1.57858
1.56549
1.53971
1.67999
1.66295
1.64219
1.65652
1.66801
1.66514
1.69138
1.69709
1.66514
1.69709
1.65652
1.69138
1.5966
1.64219
1.64031
1.61216
1.66295
1.67999
1.62219
3.07002e-32
0.0885437
0.086548
5.48288e-32
0.178533
0.174846
0.264364
0.269446
0.354594
0.445046
0.452073
0.360788
0.0885437
0.086548
5.48288e-32
3.07002e-32
0.174846
0.269446
0.264364
0.178533
0.452073
0.445046
0.354594
0.360788
0.542846
0.535249
0.624752
0.632661
0.721102
0.713125
0.799955
0.807762
0.892263
0.884851
0.96744
0.974238
0.535249
0.632661
0.542846
0.624752
1.04737
1.12431
1.12927
1.05335
0.721102
0.799955
0.807762
0.713125
1.27035
1.2017
1.19794
1.26797
1.39617
1.33497
1.33413
1.3953
0.884851
0.892263
0.974238
0.96744
1.05335
1.12927
1.12431
1.04737
1.45113
1.50697
1.50226
1.45386
1.54849
1.59873
1.55532
1.58966
1.27035
1.2017
1.19794
1.26797
1.39617
1.33413
1.3953
1.33497
1.67014
1.65629
1.63705
1.62564
1.6979
1.68152
1.70122
1.72022
1.45113
1.50697
1.50226
1.45386
1.54849
1.59873
1.55532
1.58966
1.65629
1.62564
1.67014
1.63705
1.71535
1.74826
1.72384
1.73702
1.75388
1.75388
1.72667
1.72384
1.71535
1.72022
1.73702
1.74826
1.6979
1.70122
1.68152
2.91522e-32
5.18161e-32
0.0844234
0.0821701
0.170906
0.16671
0.25307
0.258905
0.340722
0.429157
0.437407
0.347907
0.0844234
0.0821701
5.18161e-32
2.91522e-32
0.52693
0.517885
0.606435
0.61601
0.16671
0.258905
0.25307
0.170906
0.347907
0.340722
0.437407
0.429157
0.517885
0.61601
0.606435
0.52693
0.704211
0.694357
0.781218
0.791107
0.866608
0.950134
0.959405
0.876301
1.03142
1.11013
1.11792
1.04006
0.704211
0.791107
0.781218
0.694357
1.19267
1.25845
1.264
1.1859
0.950134
0.959405
0.866608
0.876301
1.32747
1.39269
1.33164
1.3953
1.51074
1.45476
1.45386
1.5098
1.11013
1.03142
1.04006
1.11792
1.264
1.19267
1.25845
1.1859
1.60578
1.5602
1.56312
1.61081
1.65364
1.68186
1.64638
1.69145
1.32747
1.39269
1.33164
1.3953
1.51074
1.45386
1.45476
1.5098
1.75149
1.73697
1.72411
1.7121
1.77352
1.75641
1.77034
1.7901
1.5602
1.61081
1.60578
1.56312
1.69145
1.68186
1.64638
1.65364
1.7121
1.73697
1.72411
1.75149
1.78152
1.77872
1.80119
1.80675
1.80675
1.77872
1.77034
1.7901
1.80119
1.77352
1.75641
2.74216e-32
0.0772769
4.84686e-32
0.0797878
0.0797878
0.0772769
4.84686e-32
2.74216e-32
0.162261
0.157556
0.240269
0.246858
0.324868
0.410823
0.420296
0.333044
0.508118
0.497626
0.584786
0.596027
0.246858
0.240269
0.162261
0.157556
0.683565
0.671833
0.758316
0.770288
0.420296
0.324868
0.410823
0.333044
0.584786
0.497626
0.596027
0.508118
0.683565
0.770288
0.758316
0.671833
0.855777
0.843803
0.927882
0.939626
1.01016
1.09027
1.10091
1.02146
1.17763
1.25131
1.16785
1.24258
0.927882
0.939626
0.843803
0.855777
1.31414
1.38833
1.32164
1.38223
1.01016
1.02146
1.10091
1.09027
1.50697
1.5098
1.45113
1.44659
1.61384
1.5641
1.61484
1.56312
1.25131
1.17763
1.16785
1.24258
1.38833
1.32164
1.31414
1.38223
1.66194
1.70423
1.69891
1.65883
1.74158
1.76378
1.77383
1.73393
1.44659
1.45113
1.5098
1.50697
1.61484
1.56312
1.5641
1.61384
1.82265
1.80089
1.80754
1.78835
1.8213
1.82957
1.84999
1.83903
1.65883
1.66194
1.69891
1.70423
1.73393
1.74158
1.77383
1.76378
1.80089
1.82265
1.78835
1.80754
1.83233
1.85547
1.85547
1.82957
1.83903
1.84999
1.8213
2.55084e-32
0.0718683
4.47864e-32
0.074637
2.55084e-32
0.074637
0.0718683
4.47864e-32
0.152598
0.147385
0.225961
0.233303
0.233303
0.225961
0.152598
0.147385
0.316198
0.30703
0.390043
0.400739
0.486412
0.474471
0.559805
0.572712
0.659164
0.645554
0.731247
0.745302
0.400739
0.390043
0.30703
0.316198
0.83069
0.816434
0.900684
0.914901
0.474471
0.572712
0.559805
0.486412
0.659164
0.745302
0.731247
0.645554
0.816434
0.83069
0.914901
0.900684
0.983583
1.06474
1.07821
0.997538
1.15657
1.22036
1.14378
1.23227
1.37439
1.30497
1.29414
1.36481
0.983583
1.06474
1.07821
0.997538
1.50226
1.43207
1.44024
1.49566
1.14378
1.23227
1.22036
1.15657
1.61081
1.61384
1.55532
1.5602
1.66194
1.70743
1.70849
1.66298
1.37439
1.36481
1.29414
1.30497
1.44024
1.50226
1.43207
1.49566
1.78724
1.74704
1.75031
1.78165
1.81913
1.84589
1.83543
1.81115
1.61081
1.5602
1.55532
1.61384
1.66298
1.70743
1.66194
1.70849
1.8544
1.868
1.88361
1.86741
1.87618
1.87891
1.89445
1.89987
1.75031
1.74704
1.78165
1.78724
1.84589
1.81115
1.83543
1.81913
1.89987
1.8544
1.89445
1.87618
1.868
1.88361
1.86741
0.0689707
0.0659444
4.07694e-32
2.34125e-32
2.34125e-32
0.0659444
4.07694e-32
0.0689707
0.141918
0.136196
0.210147
0.218242
0.141918
0.136196
0.218242
0.210147
0.28721
0.366817
0.378736
0.297369
0.378736
0.366817
0.28721
0.297369
0.461809
0.44842
0.53149
0.546064
0.631006
0.615518
0.700011
0.71615
0.801039
0.784501
0.868536
0.885228
0.53149
0.44842
0.546064
0.461809
0.9683
0.951685
1.03354
1.04985
0.615518
0.631006
0.71615
0.700011
0.868536
0.801039
0.885228
0.784501
0.9683
1.04985
1.03354
0.951685
1.20687
1.12949
1.11369
1.19179
1.35348
1.28164
1.34041
1.26747
1.48718
1.41028
1.47681
1.42209
1.20687
1.19179
1.12949
1.11369
1.60578
1.53971
1.59873
1.54849
1.35348
1.26747
1.28164
1.34041
1.65364
1.70423
1.65883
1.70743
1.79059
1.7917
1.7514
1.75031
1.48718
1.47681
1.41028
1.42209
1.53971
1.54849
1.60578
1.59873
1.82825
1.85983
1.85402
1.82483
1.88632
1.89682
1.90762
1.87804
1.65883
1.70423
1.70743
1.65364
1.75031
1.7514
1.79059
1.7917
1.91027
1.92367
1.93439
1.91837
1.91837
1.92107
1.93977
1.93977
1.85402
1.82483
1.85983
1.82825
1.88632
1.90762
1.89682
1.93439
1.92367
1.87804
1.91027
0.0627891
0.0595051
3.64175e-32
2.11339e-32
0.201674
0.192825
0.13022
0.123989
2.11339e-32
0.0595051
3.64175e-32
0.0627891
0.13022
0.123989
0.192825
0.201674
0.265406
0.341145
0.354286
0.276557
0.341145
0.265406
0.276557
0.354286
0.43431
0.419473
0.499843
0.516083
0.419473
0.516083
0.499843
0.43431
0.599091
0.581724
0.664608
0.68283
0.766824
0.748003
0.83144
0.850607
0.914466
0.996651
1.0158
0.933742
0.581724
0.599091
0.68283
0.664608
1.09639
1.07758
1.15687
1.17512
0.748003
0.83144
0.766824
0.850607
0.996651
0.933742
1.0158
0.914466
1.07758
1.17512
1.09639
1.15687
1.23414
1.25164
1.30903
1.32559
1.46455
1.38123
1.45041
1.39667
1.57858
1.51629
1.58966
1.52897
1.32559
1.30903
1.23414
1.25164
1.63705
1.69891
1.69145
1.64638
1.38123
1.39667
1.46455
1.45041
1.78724
1.74158
1.79059
1.74704
1.82939
1.86448
1.86331
1.82825
1.58966
1.57858
1.52897
1.51629
1.69891
1.64638
1.63705
1.69145
1.91602
1.89223
1.89577
1.92203
1.94314
1.93462
1.95905
1.94795
1.78724
1.74704
1.74158
1.79059
1.82939
1.86448
1.86331
1.82825
1.95865
1.96968
1.95597
1.97501
1.95597
1.96968
1.94795
1.97501
1.91602
1.89577
1.92203
1.89223
1.95905
1.94314
1.93462
0.056092
0.0525503
3.17309e-32
1.86727e-32
0.183599
0.173996
0.117505
0.110764
1.86727e-32
0.0525503
3.17309e-32
0.056092
0.327391
0.313026
0.241619
0.253761
0.117505
0.110764
0.173996
0.183599
0.241619
0.313026
0.327391
0.253761
0.403914
0.387629
0.464861
0.482768
0.482768
0.464861
0.403914
0.387629
0.563419
0.544173
0.625035
0.645342
0.563419
0.645342
0.625035
0.544173
0.728043
0.706939
0.789392
0.811035
0.893862
0.871926
0.954087
0.976079
1.05727
1.03545
1.11559
1.13702
0.789392
0.728043
0.811035
0.706939
1.29073
1.21497
1.27068
1.19413
0.871926
0.954087
0.976079
0.893862
1.03545
1.13702
1.11559
1.05727
1.29073
1.19413
1.21497
1.27068
1.41647
1.34491
1.43439
1.36398
1.55038
1.56549
1.48506
1.50165
1.68186
1.61216
1.67014
1.62564
1.34491
1.43439
1.41647
1.36398
1.72411
1.77383
1.78165
1.73394
1.48506
1.55038
1.56549
1.50165
1.81913
1.85983
1.82483
1.86331
1.89696
1.89577
1.92563
1.92683
1.62564
1.61216
1.68186
1.67014
1.78165
1.73394
1.77383
1.72411
1.96767
1.97384
1.95288
1.94923
1.98885
1.9809
1.98962
2.00017
1.82483
1.85983
1.81913
1.86331
1.92683
1.89696
1.89577
1.92563
1.9915
1.98885
2.00546
2.00546
1.96767
1.95288
1.9809
2.00017
1.94923
1.97384
1.98962
0.0488796
0.0450802
2.67094e-32
1.60288e-32
0.164016
0.15366
0.103771
0.0965222
1.60288e-32
0.0450802
2.67094e-32
0.0488796
0.298048
0.28246
0.215848
0.228982
0.103771
0.0965222
0.15366
0.164016
0.44612
0.426545
0.370622
0.352888
0.215848
0.28246
0.298048
0.228982
0.370622
0.352888
0.426545
0.44612
0.523989
0.502864
0.581294
0.603686
0.523989
0.603686
0.581294
0.502864
0.684695
0.661307
0.742393
0.766512
0.661307
0.684695
0.766512
0.742393
0.824062
0.905842
0.930675
0.84866
1.01212
0.987283
1.06795
1.09257
1.17162
1.24889
1.14744
1.22535
0.824062
0.930675
0.905842
0.84866
1.30132
1.39667
1.37498
1.32402
0.987283
1.06795
1.09257
1.01212
1.22535
1.14744
1.24889
1.17162
1.37498
1.30132
1.32402
1.39667
1.53325
1.44601
1.51411
1.46651
1.57896
1.65629
1.64031
1.5966
1.6979
1.75149
1.76378
1.7121
1.51411
1.53325
1.44601
1.46651
1.84589
1.80089
1.81115
1.85402
1.65629
1.5966
1.57896
1.64031
1.88632
1.92203
1.89223
1.92563
1.97877
1.9541
1.95288
1.97753
1.76378
1.6979
1.7121
1.75149
1.84589
1.81115
1.85402
1.80089
1.99585
2.00898
2.01527
1.99959
2.02576
2.01688
2.01951
2.03101
1.92563
1.88632
1.92203
1.89223
1.9541
1.97753
1.95288
1.97877
1.99959
2.00898
2.01527
2.01688
2.03101
2.02576
1.99585
0.0411518
0.0370947
2.13532e-32
1.32023e-32
0.142927
0.131817
0.0890203
0.0812622
1.32023e-32
0.0370947
2.13532e-32
0.0411518
0.266259
0.249447
0.188094
0.20222
0.0890203
0.0812622
0.131817
0.142927
0.406137
0.384896
0.334432
0.31525
0.188094
0.249447
0.266259
0.20222
0.480801
0.55786
0.533383
0.457796
0.334432
0.31525
0.384896
0.406137
0.480801
0.457796
0.533383
0.55786
0.63678
0.611108
0.690442
0.717036
0.63678
0.717036
0.611108
0.690442
0.798134
0.770874
0.851914
0.879588
0.851914
0.770874
0.798134
0.879588
0.960942
0.933092
1.01396
1.04175
1.20007
1.12159
1.09407
1.17303
1.32594
1.3514
1.25045
1.27679
0.933092
1.04175
1.01396
0.960942
1.39915
1.46976
1.49294
1.42356
1.17303
1.09407
1.20007
1.12159
1.32594
1.25045
1.3514
1.27679
1.39915
1.46976
1.42356
1.49294
1.62219
1.60194
1.53746
1.55925
1.66295
1.72022
1.73697
1.68152
1.82265
1.78835
1.83543
1.77352
1.62219
1.60194
1.53746
1.55925
1.87804
1.86741
1.91602
1.90762
1.72022
1.68152
1.66295
1.73697
1.97384
1.94314
1.94923
1.97753
2.0203
2.01905
2.00084
1.99959
1.77352
1.82265
1.78835
1.83543
1.90762
1.91602
1.87804
1.86741
2.03995
2.04634
2.0321
2.03591
2.04257
2.05156
2.05156
2.03995
1.94923
1.97384
1.97753
1.94314
2.01905
2.04634
2.00084
2.0203
2.03591
2.0321
1.99959
0.0329086
0.0285939
1.56623e-32
1.01932e-32
1.01932e-32
0.0285939
1.56623e-32
0.0329086
0.12033
0.108467
0.0732515
0.0649846
0.232023
0.213988
0.158357
0.173474
0.0732515
0.0649846
0.108467
0.12033
0.274715
0.36282
0.339912
0.295346
0.158357
0.213988
0.232023
0.173474
0.433854
0.507864
0.481302
0.40897
0.295346
0.274715
0.339912
0.36282
0.584296
0.662608
0.633537
0.556341
0.433854
0.40897
0.481302
0.507864
0.584296
0.556341
0.633537
0.662608
0.742284
0.712361
0.792303
0.822819
0.742284
0.822819
0.792303
0.712361
0.903737
0.872872
0.953597
0.984572
0.984572
0.872872
0.953597
0.903737
1.14426
1.06489
1.11373
1.03403
1.1923
1.22228
1.29858
1.26934
1.34447
1.44457
1.41735
1.37279
1.11373
1.03403
1.14426
1.06489
1.48764
1.57956
1.55504
1.51359
1.1923
1.26934
1.22228
1.29858
1.41735
1.34447
1.44457
1.37279
1.57956
1.48764
1.55504
1.51359
1.70122
1.61925
1.67999
1.64219
1.79011
1.73702
1.80754
1.75641
1.8544
1.83903
1.88361
1.89682
1.61925
1.67999
1.70122
1.64219
1.92367
1.96767
1.93462
1.95905
1.73702
1.80754
1.75641
1.79011
1.98962
2.01527
1.99585
2.01905
2.05145
2.03591
2.03718
2.05017
1.8544
1.89682
1.88361
1.83903
1.93462
1.95905
1.92367
1.96767
2.06705
2.0606
2.05799
2.06184
2.06184
2.05017
2.05799
2.06705
2.01527
1.99585
1.98962
2.01905
2.03718
2.05145
2.03591
7.00137e-33
0.0195778
9.63664e-33
0.0241501
0.0241501
0.0195778
9.63664e-33
7.00137e-33
0.096227
0.0836105
0.0564651
0.0476894
0.0564651
0.0476894
0.0836105
0.096227
0.195341
0.176083
0.126637
0.142746
0.316169
0.291593
0.253363
0.231284
0.126637
0.176083
0.142746
0.195341
0.383148
0.453698
0.425052
0.356385
0.253363
0.231284
0.291593
0.316169
0.527245
0.603227
0.497006
0.571679
0.383148
0.356385
0.425052
0.453698
0.681108
0.760365
0.727006
0.648522
0.527245
0.497006
0.571679
0.603227
0.681108
0.648522
0.727006
0.760365
0.840501
0.806621
0.886876
0.921032
0.840501
0.921032
0.806621
0.886876
0.9673
1.04744
1.0015
1.08146
0.9673
1.08146
1.04744
1.0015
1.20517
1.2382
1.12687
1.1605
1.28196
1.38811
1.3142
1.35686
1.42951
1.4996
1.52839
1.45962
1.20517
1.12687
1.2382
1.1605
1.56679
1.65652
1.63081
1.59412
1.35686
1.28196
1.3142
1.38811
1.52839
1.42951
1.4996
1.45962
1.63081
1.56679
1.65652
1.59412
1.74826
1.77034
1.69138
1.71535
1.84999
1.80119
1.868
1.8213
1.91027
1.93439
1.94795
1.89445
1.69138
1.77034
1.71535
1.74826
1.9809
2.00017
1.96968
2.00898
1.8213
1.84999
1.868
1.80119
2.0321
2.05017
2.02576
2.04634
2.07221
2.06184
2.07092
2.06313
1.89445
1.91027
1.94795
1.93439
1.9809
2.00898
2.00017
1.96968
2.07092
2.07352
2.0774
2.0774
2.04634
2.07221
2.06313
2.05017
2.0321
2.02576
2.06184
0.0148764
0.0100464
3.27629e-33
3.62697e-33
3.62697e-33
0.0100464
3.27629e-33
0.0148764
0.0386611
0.0293767
0.0572469
0.0706168
0.0706168
0.0572469
0.0386611
0.0293767
0.156213
0.135731
0.0929332
0.110034
0.0929332
0.110034
0.135731
0.156213
0.266184
0.239941
0.208483
0.184956
0.328684
0.395363
0.364632
0.300042
0.208483
0.184956
0.239941
0.266184
0.465626
0.538892
0.504867
0.433103
0.328684
0.300042
0.364632
0.395363
0.614606
0.692226
0.656024
0.579358
0.465626
0.433103
0.504867
0.538892
0.771234
0.851128
0.81379
0.734338
0.614606
0.579358
0.656024
0.692226
0.851128
0.771234
0.734338
0.81379
0.893887
0.974161
1.01168
0.93143
0.93143
1.01168
0.893887
0.974161
1.17026
1.05416
1.09143
1.13345
1.17026
1.05416
1.13345
1.09143
1.21162
1.28828
1.32358
1.24777
1.36306
1.43561
1.46867
1.39733
1.57268
1.60287
1.50558
1.53728
1.28828
1.21162
1.32358
1.24777
1.63661
1.72384
1.69709
1.66514
1.46867
1.43561
1.36306
1.39733
1.50558
1.60287
1.53728
1.57268
1.63661
1.72384
1.69709
1.66514
1.77872
1.75388
1.80675
1.82957
1.87618
1.85547
1.91837
1.89987
1.98885
1.93977
1.95597
1.97501
1.80675
1.82957
1.75388
1.77872
2.03995
2.03101
2.01688
2.00546
1.85547
1.89987
1.87618
1.91837
2.05156
2.05799
2.07092
2.06705
2.08129
2.07869
2.0774
2.08258
1.97501
1.93977
1.95597
1.98885
2.00546
2.01688
2.03995
2.03101
2.0774
2.07092
2.07869
2.08258
2.05156
2.06705
2.05799
8.50356e-35
0.00508739
0.00508739
8.50356e-35
0.0434999
0.0198397
0.0198397
0.0434999
0.114638
0.0753388
0.0753388
0.114638
0.160706
0.212865
0.160706
0.212865
0.270462
0.332858
0.399439
0.469604
0.270462
0.332858
0.542779
0.618401
0.469604
0.399439
0.695936
0.774859
0.618401
0.542779
0.854675
0.934898
0.695936
0.774859
0.854675
0.934898
1.01507
1.09475
1.01507
1.09475
1.17352
1.25096
1.25096
1.17352
1.32671
1.4004
1.47169
1.54025
1.66801
1.60579
1.4004
1.32671
1.78152
1.72667
1.54025
1.47169
1.60579
1.66801
1.78152
1.72667
1.83233
1.87891
1.95865
1.92107
2.01951
1.9915
1.83233
1.87891
2.0606
2.04257
1.95865
1.92107
2.08129
2.07352
2.08388
2.08129
1.9915
2.01951
2.04257
2.07352
2.0606
0.893887
1.21162
1.13345
0.0100464
0.974161
1.05416
0.974161
1.05416
0.893887
0.135731
0.184956
0.81379
1.13345
0.300042
0.734338
0.656024
1.21162
0.579358
0.504867
1.28828
0.433103
0.364632
1.36306
0.239941
1.43561
1.50558
0.0929332
0.0572469
1.57268
0.0293767
1.63661
1.69709
0.0100464
1.28828
1.36306
1.75388
1.80675
1.50558
1.85547
0.0293767
1.89987
1.93977
0.0572469
1.97501
2.00546
0.0929332
2.03101
2.05156
0.135731
1.93977
2.06705
1.97501
2.0774
0.184956
2.08258
2.08258
0.239941
2.0774
2.06705
0.300042
2.05156
2.03101
0.364632
2.00546
0.433103
1.89987
0.504867
1.85547
1.80675
0.579358
1.75388
1.69709
0.656024
1.63661
1.57268
0.734338
1.43561
0.81379
3.27629e-33
3.27629e-33
3.62697e-33
0.0148764
0.0148764
3.62697e-33
0.0706168
0.0386611
0.0386611
0.0706168
0.110034
0.156213
0.110034
0.156213
0.266184
0.208483
0.208483
0.266184
0.395363
0.328684
0.538892
0.465626
0.328684
0.395363
0.614606
0.692226
0.538892
0.465626
0.851128
0.771234
0.614606
0.692226
0.93143
1.01168
0.771234
0.851128
0.93143
1.01168
1.17026
1.09143
1.17026
1.09143
1.24777
1.32358
1.32358
1.24777
1.46867
1.39733
1.60287
1.53728
1.66514
1.72384
1.39733
1.46867
1.82957
1.77872
1.60287
1.53728
1.72384
1.66514
1.77872
1.82957
1.87618
1.91837
1.98885
1.95597
2.01688
2.03995
1.91837
1.87618
2.07092
2.05799
1.98885
1.95597
2.08129
2.07869
2.07869
2.07092
2.03995
2.01688
2.05799
1.12687
1.04744
1.04744
0.9673
1.12687
0.886876
0.0836105
0.806621
0.727006
1.20517
0.648522
1.28196
0.571679
0.497006
0.425052
1.35686
0.356385
1.42951
0.291593
0.231284
0.176083
1.4996
0.126637
1.56679
0.0476894
0.0195778
1.63081
1.69138
0.0195778
1.74826
1.20517
1.80119
1.84999
1.35686
0.0476894
1.89445
1.93439
1.56679
1.96968
0.0836105
2.00017
0.126637
2.02576
2.04634
2.06184
1.84999
0.176083
2.07221
0.231284
1.96968
2.0774
2.0774
2.07221
0.291593
2.06184
0.356385
2.04634
2.02576
2.00017
0.425052
0.497006
1.93439
1.89445
0.571679
1.80119
0.648522
1.74826
1.69138
1.63081
0.727006
0.806621
1.4996
1.42951
0.886876
1.28196
0.9673
9.63664e-33
9.63664e-33
7.00137e-33
0.0241501
0.0241501
7.00137e-33
0.096227
0.0564651
0.0564651
0.096227
0.142746
0.195341
0.195341
0.142746
0.316169
0.253363
0.253363
0.316169
0.453698
0.383148
0.527245
0.603227
0.383148
0.453698
0.681108
0.760365
0.603227
0.527245
0.840501
0.921032
0.760365
0.681108
1.08146
1.0015
0.840501
0.921032
1.08146
1.0015
1.1605
1.2382
1.2382
1.1605
1.38811
1.3142
1.3142
1.38811
1.52839
1.45962
1.65652
1.59412
1.71535
1.77034
1.52839
1.45962
1.8213
1.868
1.59412
1.65652
1.77034
1.71535
1.8213
1.868
1.91027
1.94795
1.9809
2.00898
2.0321
2.05017
1.94795
1.91027
2.07092
2.06313
1.9809
2.00898
2.07352
2.07092
2.06313
2.0321
2.05017
1.11373
0.953597
1.1923
0.0285939
0.872872
0.792303
0.712361
1.26934
0.633537
0.213988
0.274715
1.34447
0.556341
0.481302
0.40897
1.41735
0.339912
1.48764
0.158357
1.55504
0.108467
1.61925
0.0649846
1.67999
1.73702
0.0285939
1.79011
1.11373
1.83903
0.0649846
1.88361
1.92367
1.95905
1.41735
1.48764
0.108467
1.98962
0.158357
2.01527
2.03591
2.05145
0.213988
1.79011
2.06184
0.274715
1.88361
1.92367
2.06705
2.06705
2.06184
0.339912
2.05145
0.40897
2.03591
2.01527
1.98962
0.481302
1.95905
0.556341
1.83903
0.633537
0.712361
1.73702
1.67999
1.61925
0.792303
1.55504
0.872872
1.34447
0.953597
1.26934
1.03403
1.1923
1.03403
1.56623e-32
1.56623e-32
1.01932e-32
0.0329086
0.0329086
1.01932e-32
0.0732515
0.12033
0.0732515
0.12033
0.173474
0.232023
0.232023
0.173474
0.36282
0.295346
0.295346
0.36282
0.433854
0.507864
0.584296
0.662608
0.433854
0.507864
0.742284
0.822819
0.662608
0.584296
0.984572
0.903737
0.742284
0.822819
1.14426
1.06489
0.903737
0.984572
1.14426
1.06489
1.29858
1.22228
1.29858
1.22228
1.37279
1.44457
1.44457
1.37279
1.57956
1.51359
1.70122
1.64219
1.75641
1.80754
1.51359
1.57956
1.8544
1.89682
1.64219
1.70122
1.80754
1.75641
1.8544
1.89682
1.96767
1.93462
1.99585
2.01905
2.03718
2.05017
1.93462
1.96767
2.0606
2.05799
2.01905
1.99585
2.05799
2.05017
2.03718
1.25045
0.770874
0.690442
1.32594
0.611108
0.533383
1.39915
0.457796
0.384896
1.46976
0.31525
0.249447
1.53746
0.188094
0.131817
1.60194
0.0812622
0.0370947
1.66295
1.72022
0.0370947
0.851914
0.933092
1.77352
1.82265
1.09407
1.86741
0.0812622
1.90762
1.94314
0.131817
1.97384
1.99959
0.188094
2.0203
2.03591
0.249447
1.66295
2.04634
1.72022
2.05156
0.31525
2.05156
2.04634
0.384896
1.90762
1.94314
2.03591
2.0203
0.457796
1.99959
1.97384
0.533383
0.611108
1.86741
1.82265
0.690442
1.77352
0.770874
1.60194
0.851914
1.53746
1.46976
0.933092
1.39915
1.32594
1.01396
1.25045
1.17303
1.09407
1.01396
1.17303
2.13532e-32
2.13532e-32
1.32023e-32
0.0411518
0.0411518
1.32023e-32
0.142927
0.0890203
0.0890203
0.142927
0.266259
0.20222
0.20222
0.266259
0.406137
0.334432
0.334432
0.406137
0.55786
0.480801
0.63678
0.717036
0.55786
0.480801
0.879588
0.798134
0.63678
0.717036
1.04175
0.960942
0.879588
0.798134
1.20007
1.12159
1.04175
0.960942
1.12159
1.20007
1.3514
1.27679
1.27679
1.3514
1.49294
1.42356
1.42356
1.49294
1.62219
1.55925
1.73697
1.68152
1.78835
1.83543
1.55925
1.62219
1.91602
1.87804
1.68152
1.73697
1.83543
1.78835
1.91602
1.87804
1.94923
1.97753
2.00084
2.01905
2.0321
2.03995
1.97753
1.94923
2.03995
2.04257
2.00084
2.0321
2.01905
0.661307
0.581294
1.37498
0.502864
1.44601
0.426545
0.352888
0.28246
1.51411
0.215848
1.57896
0.15366
0.0965222
0.0450802
1.64031
1.6979
0.0450802
1.75149
0.742393
1.80089
1.84589
0.905842
0.0965222
1.88632
1.92203
1.14744
1.95288
0.15366
1.97877
0.215848
1.99959
2.01527
2.02576
1.51411
0.28246
2.03101
0.352888
1.6979
2.03101
2.02576
2.01527
0.426545
1.84589
1.99959
0.502864
1.97877
1.95288
1.92203
0.581294
1.88632
0.661307
1.80089
1.75149
0.742393
0.824062
1.64031
1.57896
0.905842
1.44601
0.987283
1.37498
1.30132
1.22535
1.06795
1.14744
1.06795
0.987283
1.22535
0.824062
1.30132
2.67094e-32
2.67094e-32
1.60288e-32
0.0488796
0.0488796
1.60288e-32
0.164016
0.103771
0.103771
0.164016
0.298048
0.228982
0.298048
0.228982
0.370622
0.44612
0.370622
0.44612
0.523989
0.603686
0.684695
0.766512
0.523989
0.603686
0.930675
0.84866
0.766512
0.684695
1.09257
1.01212
0.930675
0.84866
1.24889
1.17162
1.09257
1.01212
1.17162
1.24889
1.39667
1.32402
1.39667
1.32402
1.53325
1.46651
1.53325
1.46651
1.65629
1.5966
1.7121
1.76378
1.85402
1.81115
1.5966
1.65629
1.89223
1.92563
1.76378
1.7121
1.81115
1.85402
1.92563
1.89223
1.97753
1.9541
2.00898
1.99585
2.01688
2.01951
1.9541
1.97753
2.00898
2.01688
1.99585
1.41647
0.464861
1.48506
0.387629
0.313026
0.241619
1.55038
0.173996
1.61216
0.110764
0.0525503
1.67014
1.72411
0.0525503
1.77383
0.625035
1.81913
0.110764
1.85983
1.89577
1.92683
0.954087
1.03545
0.173996
1.95288
0.241619
1.97384
1.98962
2.00017
0.313026
1.41647
2.00546
0.387629
1.55038
1.61216
2.00546
2.00017
1.98962
0.464861
1.77383
1.97384
0.544173
1.95288
1.92683
1.89577
0.625035
1.85983
0.706939
1.81913
1.72411
0.789392
1.67014
0.871926
1.48506
0.954087
1.03545
1.34491
1.27068
1.19413
1.11559
1.11559
1.19413
0.871926
1.27068
0.789392
1.34491
0.706939
0.544173
3.17309e-32
3.17309e-32
1.86727e-32
0.056092
0.056092
1.86727e-32
0.117505
0.183599
0.117505
0.183599
0.327391
0.253761
0.253761
0.327391
0.403914
0.482768
0.403914
0.482768
0.645342
0.563419
0.811035
0.728043
0.563419
0.645342
0.893862
0.976079
0.728043
0.811035
1.05727
1.13702
0.893862
0.976079
1.21497
1.29073
1.13702
1.05727
1.21497
1.29073
1.43439
1.36398
1.43439
1.36398
1.56549
1.50165
1.50165
1.56549
1.68186
1.62564
1.78165
1.73394
1.82483
1.86331
1.62564
1.68186
1.92563
1.89696
1.78165
1.73394
1.82483
1.86331
1.92563
1.89696
1.96767
1.94923
1.98885
1.9809
1.9915
1.98885
1.94923
1.9809
1.96767
1.51629
0.265406
0.192825
1.57858
0.123989
0.0595051
1.63705
1.69145
0.0595051
0.341145
0.419473
1.74158
1.78724
0.581724
1.82825
0.123989
1.86448
1.89577
0.192825
1.92203
1.94314
0.265406
1.95905
1.96968
0.341145
1.23414
1.97501
1.30903
1.97501
0.419473
1.96968
1.95905
0.499843
1.57858
1.63705
1.94314
1.92203
0.581724
1.89577
1.86448
0.664608
1.82825
1.78724
0.748003
1.74158
1.69145
0.83144
0.914466
1.51629
1.45041
0.996651
1.38123
1.07758
1.15687
1.15687
1.07758
0.996651
1.23414
0.914466
0.83144
1.30903
0.748003
0.664608
1.38123
0.499843
1.45041
3.64175e-32
3.64175e-32
2.11339e-32
0.0627891
0.0627891
2.11339e-32
0.201674
0.13022
0.13022
0.201674
0.276557
0.354286
0.354286
0.276557
0.516083
0.43431
0.43431
0.516083
0.599091
0.68283
0.766824
0.850607
0.599091
0.68283
1.0158
0.933742
0.850607
0.766824
1.09639
1.17512
0.933742
1.0158
1.25164
1.32559
1.09639
1.17512
1.32559
1.25164
1.46455
1.39667
1.39667
1.46455
1.52897
1.58966
1.58966
1.52897
1.69891
1.64638
1.79059
1.74704
1.86331
1.82939
1.69891
1.64638
1.89223
1.91602
1.79059
1.74704
1.82939
1.86331
1.91602
1.89223
1.93462
1.94795
1.95865
1.95597
1.95597
1.94795
1.93462
0.136196
0.0659444
1.59873
1.65364
0.0659444
1.70423
0.210147
1.75031
1.7917
0.366817
0.136196
1.82825
1.85983
0.615518
1.88632
0.210147
1.90762
0.28721
1.92367
1.93439
1.93977
1.03354
0.366817
1.93977
0.44842
1.26747
1.93439
1.92367
1.90762
0.53149
1.47681
1.88632
0.615518
1.85983
1.82825
1.7917
0.700011
1.75031
0.784501
1.70423
1.65364
1.59873
0.868536
1.53971
0.951685
1.41028
1.34041
1.03354
1.11369
1.19179
1.11369
1.19179
0.951685
1.26747
0.868536
0.784501
0.700011
1.34041
1.41028
0.53149
0.44842
1.47681
0.28721
1.53971
4.07694e-32
4.07694e-32
2.34125e-32
0.0689707
0.0689707
2.34125e-32
0.141918
0.218242
0.141918
0.218242
0.378736
0.297369
0.378736
0.297369
0.546064
0.461809
0.461809
0.546064
0.631006
0.71615
0.885228
0.801039
0.631006
0.71615
1.04985
0.9683
0.801039
0.885228
1.12949
1.20687
0.9683
1.04985
1.28164
1.35348
1.12949
1.20687
1.28164
1.35348
1.48718
1.42209
1.48718
1.42209
1.60578
1.54849
1.60578
1.54849
1.65883
1.70743
1.79059
1.7514
1.85402
1.82483
1.70743
1.65883
1.87804
1.89682
1.79059
1.7514
1.82483
1.85402
1.89682
1.87804
1.91837
1.91027
1.91837
1.92107
1.91027
1.61081
1.66194
0.0718683
0.0718683
1.70849
1.75031
0.147385
1.78724
1.81913
0.390043
0.474471
1.84589
0.225961
1.86741
0.30703
1.88361
1.89445
1.89987
0.900684
0.390043
1.89987
1.06474
1.14378
0.474471
1.89445
1.88361
1.86741
1.36481
0.559805
1.84589
0.645554
1.81913
1.78724
1.61081
1.75031
0.731247
1.70849
0.816434
1.66194
1.55532
0.900684
1.49566
0.983583
1.43207
1.29414
1.06474
1.22036
1.14378
0.983583
1.22036
1.29414
0.816434
0.731247
0.645554
1.36481
0.559805
1.43207
0.30703
1.49566
0.225961
1.55532
0.147385
4.47864e-32
4.47864e-32
2.55084e-32
0.074637
2.55084e-32
0.074637
0.233303
0.152598
0.152598
0.233303
0.400739
0.316198
0.400739
0.316198
0.486412
0.572712
0.486412
0.572712
0.745302
0.659164
0.914901
0.83069
0.659164
0.745302
1.07821
0.997538
0.914901
0.83069
1.23227
1.15657
0.997538
1.07821
1.37439
1.30497
1.15657
1.23227
1.37439
1.30497
1.44024
1.50226
1.44024
1.50226
1.61384
1.5602
1.61384
1.5602
1.66298
1.70743
1.78165
1.74704
1.81115
1.83543
1.66298
1.70743
1.868
1.8544
1.74704
1.78165
1.81115
1.83543
1.868
1.8544
1.87891
1.87618
1.87618
0.0772769
1.66194
1.70423
1.74158
0.157556
1.77383
1.80089
0.240269
1.82265
1.83903
0.324868
1.84999
1.85547
0.671833
0.410823
0.758316
1.85547
1.84999
0.497626
1.83903
1.82265
1.09027
1.16785
0.584786
1.80089
1.77383
0.671833
1.74158
1.70423
0.758316
1.66194
1.61484
0.843803
1.56312
1.50697
0.927882
1.44659
1.38223
1.01016
1.31414
1.24258
1.09027
1.16785
1.01016
0.927882
1.24258
0.843803
1.31414
0.584786
1.38223
0.497626
0.410823
1.44659
0.324868
0.240269
1.50697
0.157556
0.0772769
1.56312
1.61484
4.84686e-32
4.84686e-32
2.74216e-32
0.0797878
0.0797878
2.74216e-32
0.162261
0.246858
0.162261
0.246858
0.333044
0.420296
0.420296
0.333044
0.596027
0.508118
0.596027
0.508118
0.770288
0.683565
0.939626
0.855777
0.683565
0.770288
1.10091
1.02146
0.939626
0.855777
1.17763
1.25131
1.10091
1.02146
1.32164
1.38833
1.17763
1.25131
1.32164
1.38833
1.45113
1.5098
1.45113
1.5098
1.61384
1.5641
1.61384
1.5641
1.69891
1.65883
1.73393
1.76378
1.80754
1.78835
1.65883
1.69891
1.8213
1.82957
1.73393
1.76378
1.78835
1.80754
1.8213
1.83233
1.82957
1.69145
0.16671
1.72411
1.75149
1.77352
0.25307
1.7901
0.340722
1.80119
0.429157
1.80675
1.80675
0.429157
0.694357
1.80119
0.517885
1.7901
1.77352
0.950134
1.75149
0.606435
1.72411
0.694357
1.69145
1.65364
1.32747
1.61081
0.781218
1.56312
0.866608
1.51074
1.45386
1.39269
0.950134
1.03142
1.25845
1.1859
1.11013
1.11013
1.03142
1.1859
0.866608
0.781218
1.25845
1.32747
0.606435
0.517885
1.39269
0.340722
1.45386
0.25307
0.16671
0.0821701
1.51074
1.56312
0.0821701
1.61081
1.65364
5.18161e-32
5.18161e-32
2.91522e-32
0.0844234
0.0844234
2.91522e-32
0.258905
0.170906
0.170906
0.258905
0.437407
0.347907
0.347907
0.437407
0.52693
0.61601
0.52693
0.61601
0.704211
0.791107
0.959405
0.876301
0.704211
0.791107
1.11792
1.04006
0.959405
0.876301
1.264
1.19267
1.04006
1.11792
1.3953
1.33164
1.264
1.19267
1.3953
1.33164
1.45476
1.5098
1.45476
1.5098
1.5602
1.60578
1.5602
1.60578
1.64638
1.68186
1.7121
1.73697
1.77034
1.75641
1.64638
1.68186
1.78152
1.77872
1.73697
1.7121
1.77034
1.75641
1.77872
0.174846
1.67014
1.6979
1.72022
0.264364
1.73702
0.264364
0.354594
1.74826
0.445046
0.535249
1.75388
1.75388
0.445046
1.74826
0.799955
0.535249
1.73702
1.72022
1.6979
0.624752
1.12431
1.19794
1.67014
0.713125
1.63705
1.59873
1.55532
0.799955
1.50697
0.884851
1.45386
1.39617
1.33413
0.96744
1.26797
1.04737
1.04737
1.12431
0.96744
1.19794
0.884851
0.713125
1.26797
0.624752
1.33413
0.354594
1.39617
1.45386
0.174846
0.086548
1.50697
1.55532
0.086548
1.59873
1.63705
5.48288e-32
5.48288e-32
3.07002e-32
0.0885437
0.0885437
3.07002e-32
0.269446
0.178533
0.178533
0.269446
0.452073
0.360788
0.452073
0.360788
0.632661
0.542846
0.542846
0.632661
0.721102
0.807762
0.892263
0.974238
0.721102
0.807762
1.12927
1.05335
0.892263
0.974238
1.2017
1.27035
1.05335
1.12927
1.33497
1.3953
1.27035
1.2017
1.3953
1.33497
1.45113
1.50226
1.50226
1.45113
1.54849
1.58966
1.58966
1.54849
1.62564
1.65629
1.68152
1.70122
1.71535
1.72384
1.62564
1.65629
1.72384
1.72667
1.70122
1.68152
1.71535
1.66295
0.274152
1.67999
0.0904107
1.69138
0.366484
1.69709
1.69709
0.458489
0.458489
0.549718
1.69138
1.67999
0.549718
1.66295
1.64031
0.639738
1.61216
1.57858
0.728139
1.53971
1.13281
1.49566
0.814528
1.44659
1.39269
0.898532
1.33413
1.27115
0.9798
1.20395
1.058
1.058
0.9798
1.13281
0.898532
0.814528
1.20395
0.728139
0.639738
1.27115
1.33413
0.366484
0.274152
1.39269
0.181965
1.44659
1.49566
0.0904107
1.64031
1.53971
1.57858
1.61216
0.181965
5.75068e-32
5.75068e-32
3.20655e-32
0.0921487
0.0921487
3.20655e-32
0.185143
0.278481
0.185143
0.278481
0.464294
0.371686
0.371686
0.464294
0.645982
0.555868
0.555868
0.645982
0.820252
0.734239
0.984126
0.903664
0.734239
0.820252
1.06132
1.13494
0.984126
0.903664
1.20471
1.27035
1.13494
1.06132
1.33164
1.38833
1.27035
1.20471
1.33164
1.38833
1.48718
1.44024
1.48718
1.44024
1.52897
1.56549
1.56549
1.52897
1.62219
1.5966
1.65652
1.64219
1.66801
1.66514
1.62219
1.5966
1.66514
1.64219
1.65652
0.282434
1.63081
0.376391
1.63661
1.63661
1.63081
0.282434
0.469488
1.61925
0.561292
1.60194
1.57896
1.55038
0.739399
0.651393
1.51629
0.739399
1.47681
0.987216
1.43207
1.38223
1.13565
0.824936
1.32747
0.907653
1.26797
1.20395
0.987216
1.06331
1.06331
0.907653
0.824936
1.13565
1.20395
0.651393
0.561292
0.469488
1.26797
0.376391
1.32747
0.188066
0.0937581
1.38223
1.43207
0.0937581
1.61925
1.47681
1.51629
1.55038
0.188066
1.57896
1.60194
5.98501e-32
5.98501e-32
3.32483e-32
0.0952386
0.0952386
3.32483e-32
0.286009
0.190736
0.190736
0.286009
0.47407
0.380602
0.47407
0.380602
0.655972
0.565995
0.565995
0.655972
0.828579
0.743622
0.98907
0.910504
0.743622
0.828579
1.13494
1.06398
0.910504
0.98907
1.264
1.2017
1.13494
1.06398
1.37439
1.32164
1.2017
1.264
1.32164
1.37439
1.42209
1.46455
1.42209
1.46455
1.50165
1.53325
1.50165
1.53325
1.55925
1.57956
1.59412
1.60287
1.60579
1.60287
1.57956
1.55925
1.59412
0.384317
1.57268
1.57268
0.0965905
1.56679
0.478042
1.55504
0.569973
1.53746
0.478042
0.569973
1.51411
1.48506
0.659718
1.45041
0.746905
1.41028
1.36481
0.989688
1.31414
0.831181
1.25845
0.912213
1.19794
1.13281
1.06331
0.989688
1.06331
0.912213
0.831181
0.746905
1.13281
0.659718
1.19794
0.384317
1.25845
0.289209
1.31414
0.19315
1.36481
1.41028
0.0965905
1.56679
1.45041
1.48506
0.19315
1.51411
1.53746
1.55504
0.289209
6.18588e-32
6.18588e-32
3.42485e-32
0.0978134
0.0978134
3.42485e-32
0.195312
0.292032
0.195312
0.292032
0.481402
0.387537
0.481402
0.387537
0.662631
0.573229
0.573229
0.662631
0.749251
0.832742
0.98907
0.912784
0.832742
0.749251
1.06132
1.12927
0.912784
0.98907
1.25131
1.19267
1.12927
1.06132
1.35348
1.30497
1.25131
1.19267
1.30497
1.35348
1.39667
1.43439
1.39667
1.43439
1.49294
1.46651
1.49294
1.46651
1.51359
1.52839
1.53728
1.54025
1.53728
1.51359
1.52839
1.4996
0.484151
1.48764
1.46976
0.57576
1.44601
1.41647
0.664713
1.38123
0.484151
1.34041
0.750658
1.29414
0.750658
1.24258
0.833262
0.833262
1.1859
1.12431
0.912213
1.058
0.987216
0.987216
0.912213
1.058
0.664713
1.12431
0.57576
1.1859
0.390261
0.294479
1.24258
0.197218
0.0989077
1.29414
1.34041
0.0989077
1.50558
1.38123
1.50558
1.41647
1.44601
0.197218
1.46976
1.48764
0.294479
1.4996
0.390261
6.35328e-32
6.35328e-32
3.50661e-32
0.0998731
0.0998731
3.50661e-32
0.296549
0.198871
0.296549
0.198871
0.39249
0.48629
0.48629
0.39249
0.665961
0.577569
0.577569
0.665961
0.751128
0.832742
0.910504
0.984126
0.832742
0.751128
1.11792
1.05335
0.984126
0.910504
1.17763
1.23227
1.11792
1.05335
1.32559
1.28164
1.23227
1.17763
1.28164
1.32559
1.36398
1.39667
1.39667
1.36398
1.42356
1.44457
1.44457
1.42356
1.45962
1.46867
1.47169
1.46867
1.45962
0.487817
1.39915
0.578653
1.37498
1.34491
1.30903
0.298243
0.666377
1.26747
0.487817
0.750658
1.22036
1.16785
1.11012
0.831181
1.04737
0.907653
0.9798
0.907653
0.831181
0.9798
0.750658
1.04737
0.666377
0.578653
1.11012
0.394223
1.16785
0.200268
0.10071
1.22036
1.26747
0.10071
1.41735
1.30903
1.34491
1.37498
1.43561
0.200268
1.39915
1.41735
1.42951
0.298243
0.394223
1.43561
1.42951
6.48723e-32
6.48723e-32
3.57013e-32
0.101418
0.101418
3.57013e-32
0.29956
0.201413
0.201413
0.29956
0.488733
0.395462
0.395462
0.488733
0.665961
0.579015
0.579015
0.665961
0.828579
0.749251
0.974238
0.903664
0.828579
0.749251
1.10091
1.04006
0.974238
0.903664
1.20687
1.15657
1.10091
1.04006
1.25164
1.29073
1.15657
1.20687
1.25164
1.29073
1.3514
1.32402
1.3514
1.32402
1.37279
1.38811
1.38811
1.37279
1.39733
1.4004
1.39733
0.578653
1.30132
1.27068
1.23414
0.664713
1.19179
0.300501
0.746905
1.14378
0.489039
1.09027
1.03142
0.824936
0.96744
0.898532
0.898532
0.824936
0.746905
0.96744
0.664713
1.03142
0.578653
0.396204
1.09027
1.14378
0.202301
0.101997
1.19179
1.23414
0.101997
1.32594
1.27068
1.30132
1.35686
1.36306
0.202301
1.32594
1.34447
1.35686
0.300501
1.36306
0.396204
1.34447
0.489039
6.58772e-32
6.58772e-32
3.61539e-32
0.102448
0.102448
3.61539e-32
0.301065
0.202938
0.202938
0.301065
0.488733
0.396453
0.488733
0.396453
0.662631
0.577569
0.577569
0.662631
0.743622
0.820252
0.892263
0.959405
0.743622
0.820252
1.02146
1.07821
0.959405
0.892263
1.12949
1.17512
1.07821
1.02146
1.24889
1.21497
1.17512
1.12949
1.21497
1.24889
1.29858
1.27679
1.27679
1.29858
1.32358
1.3142
1.3142
1.32358
1.32671
1.15687
0.659718
1.11369
0.10277
1.06474
0.739399
1.01016
0.950134
0.814528
0.487817
0.57576
0.884851
0.814528
0.884851
0.739399
0.659718
0.950134
1.01016
0.396204
0.301254
1.06474
0.203318
1.11369
1.15687
0.10277
1.19413
1.19413
1.22535
1.22535
1.25045
0.203318
1.26934
1.28196
0.301254
1.28828
1.28828
0.396204
1.28196
1.26934
0.487817
1.25045
0.57576
6.65476e-32
6.65476e-32
3.6424e-32
0.102963
0.102963
3.6424e-32
0.203446
0.301065
0.203446
0.301065
0.48629
0.395462
0.395462
0.48629
0.655972
0.573229
0.573229
0.655972
0.734239
0.807762
0.939626
0.876301
0.807762
0.734239
1.04985
0.997538
0.939626
0.876301
1.13702
1.09639
1.04985
0.997538
1.20007
1.17162
1.13702
1.09639
1.17162
1.20007
1.2382
1.22228
1.2382
1.22228
1.24777
1.24777
1.25096
0.651393
0.983583
0.728139
0.927882
0.866608
0.799955
0.300501
0.799955
0.728139
0.866608
0.651393
0.569973
0.484151
0.927882
0.394223
0.983583
0.203318
0.103027
1.03353
1.07758
0.103027
1.03353
1.11559
1.14744
1.17303
1.14744
0.203318
1.1923
1.20517
1.21162
0.300501
1.21162
0.394223
1.20517
1.1923
1.17303
0.484151
0.569973
1.11559
1.07758
6.68836e-32
6.68836e-32
3.65116e-32
0.102963
0.102963
3.65116e-32
0.29956
0.202938
0.202938
0.29956
0.481402
0.39249
0.39249
0.481402
0.565995
0.645982
0.645982
0.565995
0.721102
0.791107
0.855777
0.914901
0.721102
0.791107
0.9683
1.0158
0.855777
0.914901
1.09257
1.05727
0.9683
1.0158
1.12159
1.14426
1.09257
1.05727
1.12159
1.14426
1.17026
1.1605
1.17026
1.1605
1.17352
0.713125
0.843803
0.781218
0.10277
0.713125
0.781218
0.639738
0.843803
0.561292
0.478042
0.390261
0.900684
0.298243
0.951685
0.202301
0.996651
1.03545
0.10277
0.900684
1.06795
1.09407
0.996651
1.03545
0.202301
1.11373
1.12687
1.13345
1.11373
0.298243
1.13345
0.390261
1.12687
1.09407
0.478042
1.06795
0.561292
0.951685
0.639738
6.68851e-32
6.68851e-32
3.64168e-32
0.102448
0.102448
3.64168e-32
0.296549
0.201413
0.201413
0.296549
0.387537
0.47407
0.47407
0.387537
0.555868
0.632661
0.555868
0.632661
0.704211
0.770288
0.885228
0.83069
0.770288
0.704211
0.933741
0.976079
0.885228
0.83069
1.01212
1.04175
0.933741
0.976079
1.06489
1.08146
1.01212
1.04175
1.06489
1.08146
1.09475
1.09143
1.09143
0.624752
0.758316
0.549718
0.469488
0.816434
0.384317
0.294479
0.868536
0.200268
0.101997
0.914466
0.954087
0.101997
0.694357
0.987283
0.758316
1.01396
1.03403
0.200268
1.04744
1.05416
0.954087
0.987283
0.294479
1.05416
1.04744
0.384317
1.03403
1.01396
0.469488
0.549718
0.914466
0.868536
0.624752
0.816434
0.694357
6.65521e-32
6.65521e-32
3.61394e-32
0.101418
0.101418
3.61394e-32
0.198871
0.292032
0.198871
0.292032
0.464294
0.380602
0.464294
0.380602
0.542846
0.61601
0.542846
0.61601
0.683565
0.745302
0.850607
0.801039
0.745302
0.683565
0.930675
0.893862
0.850607
0.801039
0.984572
0.960942
0.930675
0.893862
1.01168
1.0015
0.960942
0.984572
1.01168
1.0015
1.01507
0.731247
0.376391
0.784501
0.289209
0.197218
0.10071
0.83144
0.871925
0.10071
0.458489
0.905842
0.933092
0.953597
0.671833
0.197218
0.9673
0.974161
0.974161
0.83144
0.289209
0.9673
0.376391
0.953597
0.933092
0.905842
0.458489
0.871925
0.535249
0.784501
0.731247
0.606435
0.671833
0.606435
0.535249
6.58846e-32
6.58846e-32
3.56796e-32
0.0998731
0.0998731
3.56796e-32
0.286009
0.195312
0.195312
0.286009
0.371686
0.452073
0.452073
0.371686
0.52693
0.596027
0.596027
0.52693
0.71615
0.659164
0.766824
0.811035
0.71615
0.659164
0.879588
0.84866
0.811035
0.766824
0.903736
0.921032
0.879588
0.84866
0.934898
0.93143
0.921032
0.903736
0.93143
0.748003
0.19315
0.0989077
0.789392
0.824062
0.0989077
0.282434
0.851914
0.872872
0.445046
0.517885
0.19315
0.886876
0.893887
0.893887
0.700011
0.282434
0.886876
0.366484
0.872872
0.851914
0.824062
0.445046
0.789392
0.517885
0.748003
0.645554
0.584786
0.584786
0.645554
0.366484
0.700011
6.48826e-32
6.48826e-32
3.50373e-32
0.0978134
0.0978134
3.50373e-32
0.190736
0.278481
0.190736
0.278481
0.437407
0.360788
0.437407
0.360788
0.572712
0.508118
0.572712
0.508118
0.68283
0.631006
0.728043
0.766512
0.68283
0.631006
0.798134
0.822819
0.728043
0.766512
0.840501
0.851128
0.822819
0.798134
0.854675
0.851128
0.840501
0.742393
0.0965904
0.770874
0.0965904
0.792302
0.806621
0.188066
0.81379
0.81379
0.429157
0.497626
0.274152
0.806621
0.615517
0.792302
0.354594
0.770874
0.742393
0.429157
0.706939
0.664608
0.497626
0.559805
0.559805
0.615517
0.354594
0.274152
0.664608
0.188066
0.706939
6.35461e-32
6.35461e-32
3.42124e-32
0.0952386
3.42124e-32
0.0952386
0.269446
0.185143
0.185143
0.269446
0.347907
0.420296
0.347907
0.420296
0.546064
0.486412
0.486412
0.546064
0.599091
0.645342
0.684695
0.717036
0.645342
0.599091
0.742284
0.760365
0.717036
0.684695
0.774859
0.771234
0.760365
0.742284
0.771234
0.0937581
0.690442
0.712361
0.727006
0.181965
0.734338
0.264364
0.734338
0.727006
0.264364
0.712361
0.340722
0.690442
0.661307
0.625035
0.410823
0.581724
0.474471
0.53149
0.474471
0.410823
0.53149
0.340722
0.581724
0.181965
0.0937581
0.625035
0.661307
6.1875e-32
6.1875e-32
3.3205e-32
0.0921487
0.0921487
3.3205e-32
0.258905
0.178533
0.178533
0.258905
0.400739
0.333044
0.333044
0.400739
0.516083
0.461809
0.516083
0.461809
0.603686
0.563419
0.662608
0.636779
0.563419
0.603686
0.681108
0.692226
0.662608
0.636779
0.695936
0.681108
0.692226
0.648522
0.174846
0.656024
0.0904107
0.656024
0.648522
0.25307
0.633537
0.324868
0.390043
0.44842
0.611108
0.581294
0.544173
0.390043
0.499843
0.44842
0.324868
0.499843
0.25307
0.544173
0.174846
0.581294
0.611108
0.0904107
0.633537
5.98693e-32
5.98693e-32
3.2015e-32
0.0885437
0.0885437
3.2015e-32
0.246858
0.170906
0.170906
0.246858
0.316198
0.378736
0.316198
0.378736
0.43431
0.482768
0.482768
0.43431
0.557859
0.523989
0.584296
0.603227
0.523989
0.557859
0.614606
0.618401
0.603227
0.584296
0.614606
0.16671
0.579358
0.571679
0.240269
0.556341
0.533383
0.30703
0.502864
0.464861
0.366817
0.419473
0.366817
0.419473
0.30703
0.240269
0.464861
0.16671
0.086548
0.502864
0.533383
0.086548
0.556341
0.571679
0.579358
5.7529e-32
5.7529e-32
3.06424e-32
0.0844234
0.0844234
3.06424e-32
0.233303
0.162261
0.162261
0.233303
0.297369
0.354286
0.297369
0.354286
0.403914
0.44612
0.403914
0.44612
0.4808
0.507864
0.538892
0.527245
0.507864
0.4808
0.538892
0.542779
0.527245
0.497006
0.481302
0.225961
0.457796
0.28721
0.426545
0.225961
0.387629
0.341145
0.341145
0.28721
0.387629
0.157556
0.0821701
0.426545
0.457796
0.0821701
0.481302
0.504867
0.497006
0.504867
0.157556
5.48539e-32
5.48539e-32
0.0797878
2.90872e-32
0.0797878
2.90872e-32
0.218242
0.152598
0.152598
0.218242
0.327391
0.276557
0.327391
0.276557
0.370622
0.406137
0.370622
0.406137
0.453698
0.433854
0.469604
0.465626
0.433854
0.465626
0.453698
0.210147
0.384896
0.265406
0.352888
0.313026
0.265406
0.313026
0.210147
0.352888
0.147385
0.0772769
0.384896
0.40897
0.0772769
0.425052
0.425052
0.433103
0.147385
0.433103
0.40897
5.18442e-32
5.18442e-32
2.73494e-32
0.0746369
0.0746369
2.73494e-32
0.201674
0.141918
0.141918
0.201674
0.298048
0.253761
0.253761
0.298048
0.334432
0.36282
0.36282
0.334432
0.383148
0.395363
0.399439
0.395363
0.383148
0.241619
0.241619
0.192825
0.28246
0.136196
0.0718683
0.31525
0.339911
0.0718683
0.28246
0.31525
0.356385
0.364632
0.364632
0.136196
0.356385
0.339911
0.192825
4.84997e-32
4.84997e-32
2.54289e-32
0.0689707
0.0689707
2.54289e-32
0.183599
0.13022
0.183599
0.13022
0.266259
0.228982
0.266259
0.228982
0.316169
0.295346
0.295346
0.316169
0.328684
0.332858
0.328684
0.123989
0.0659444
0.249447
0.274715
0.0659444
0.291593
0.173996
0.300042
0.300042
0.249447
0.123989
0.291593
0.274715
0.173996
0.215848
0.215848
4.48204e-32
4.48204e-32
2.33258e-32
0.0627891
0.0627891
2.33258e-32
0.117505
0.164016
0.117505
0.164016
0.232023
0.20222
0.232023
0.20222
0.266184
0.253363
0.253363
0.270462
0.266184
0.213988
0.231284
0.0595051
0.0595051
0.239941
0.239941
0.110764
0.231284
0.213988
0.188094
0.15366
0.15366
0.188094
0.110764
4.08063e-32
4.08063e-32
2.104e-32
0.056092
2.104e-32
0.056092
0.103771
0.142927
0.103771
0.142927
0.195341
0.173474
0.195341
0.173474
0.212865
0.208483
0.208483
0.0525503
0.184956
0.184956
0.176083
0.0965222
0.158357
0.131817
0.131817
0.0965222
0.0525503
0.158357
0.176083
3.64574e-32
3.64574e-32
1.85716e-32
0.0488796
0.0488796
1.85716e-32
0.12033
0.0890203
0.0890203
0.12033
0.142746
0.156212
0.142746
0.156212
0.160706
0.126637
0.0812622
0.108467
0.0812622
0.0450802
0.108467
0.126637
0.0450802
0.135731
0.135731
3.17737e-32
3.17737e-32
1.59205e-32
0.0411518
0.0411518
1.59205e-32
0.096227
0.0732515
0.0732515
0.096227
0.110034
0.110034
0.114638
0.0649846
0.0649846
0.0370947
0.0836105
0.0929332
0.0370947
0.0929332
0.0836105
2.67553e-32
2.67553e-32
1.30867e-32
0.0329086
1.30867e-32
0.0329086
0.0564651
0.0706168
0.0564651
0.0706168
0.0753388
0.0572469
0.0285939
0.0572469
0.0476894
0.0285939
0.0476894
2.1402e-32
2.1402e-32
0.0241501
1.00703e-32
0.0241501
1.00703e-32
0.0386611
0.0386611
0.0434999
0.0195778
0.0293767
0.0195778
0.0293767
1.5714e-32
1.5714e-32
6.87132e-33
0.0148764
0.0148764
6.87132e-33
0.0198396
0.0100464
0.0100464
9.69134e-33
9.69134e-33
3.4897e-33
3.4897e-33
0.00508741
1.44143e-35
3.33395e-33
3.33395e-33
