1.44558e-35
3.34353e-33
3.34353e-33
3.49982e-33
9.71913e-33
0.00510203
0.0100752
3.49982e-33
9.71913e-33
0.0100752
6.89112e-33
0.0196338
1.57591e-32
0.014919
0.0198958
0.0294608
0.0294608
0.014919
0.0196338
1.57591e-32
6.89112e-33
1.00993e-32
0.0286757
2.14633e-32
0.0242193
0.0478259
0.0574108
0.0387711
0.0436245
1.00993e-32
0.0286757
0.0387711
0.0574108
0.0478259
0.0242193
2.14633e-32
1.31243e-32
0.0330029
0.0372009
2.68319e-32
0.056626
0.0651706
0.0838498
0.0708191
0.0931992
0.0755537
0.0931992
0.0708191
0.0330029
2.68319e-32
0.0372009
1.31243e-32
0.0651706
0.056626
0.0838498
1.59661e-32
3.18647e-32
0.0412696
0.0452092
0.0734604
0.0814947
0.108778
0.0965025
0.0452092
3.18647e-32
0.0412696
1.59661e-32
0.136119
0.114966
0.126999
0.110348
0.110348
0.108778
0.126999
0.0734604
0.136119
0.0965025
0.0814947
1.86248e-32
0.0527006
3.65617e-32
0.0490195
0.0892743
0.0967983
0.132194
0.120675
0.15666
0.143153
0.15881
0.176587
3.65617e-32
0.0527006
0.0490195
1.86248e-32
0.0892743
0.132194
0.0967983
0.120675
0.161165
0.185485
0.15666
0.185485
0.15881
0.176587
0.143153
2.11003e-32
0.0596752
4.0923e-32
0.0562525
0.104067
0.111081
0.154099
0.143336
0.2146
0.1959
0.17397
0.188632
0.209078
0.231945
0.240627
0.213474
2.11003e-32
0.0596752
4.0923e-32
0.0562525
0.104067
0.111081
0.154099
0.143336
0.231945
0.2146
0.188632
0.240627
0.17397
0.209078
0.1959
2.33926e-32
0.0661329
4.49485e-32
0.0629686
0.11784
0.124343
0.174493
0.164485
0.216465
0.25016
0.232687
0.202797
0.254086
0.275501
0.292427
0.266945
0.0629686
2.33926e-32
0.0661329
4.49485e-32
0.271235
0.3009
0.3009
0.266945
0.124343
0.174493
0.11784
0.164485
0.232687
0.275501
0.292427
0.216465
0.202797
0.254086
0.25016
2.55017e-32
0.0720736
4.86382e-32
0.0691678
0.184123
0.130592
0.136585
0.193376
0.242309
0.283267
0.26702
0.229636
0.296189
0.316151
0.340883
0.317073
0.329623
0.357404
0.365674
0.333809
4.86382e-32
0.0691678
2.55017e-32
0.0720736
0.193376
0.136585
0.184123
0.130592
0.365674
0.357404
0.329623
0.317073
0.26702
0.229636
0.242309
0.283267
0.316151
0.340883
0.296189
2.74276e-32
0.0774975
5.19922e-32
0.0748501
0.142323
0.210747
0.20225
0.147805
0.0748501
0.0774975
5.19922e-32
2.74276e-32
0.266164
0.313919
0.2989
0.254485
0.335387
0.385995
0.363857
0.353896
0.396492
0.410138
0.426266
0.384242
0.43434
0.400579
0.396492
0.43434
0.147805
0.210747
0.20225
0.142323
0.313919
0.266164
0.2989
0.254485
0.426266
0.410138
0.353896
0.384242
0.385995
0.335387
0.363857
2.91703e-32
0.0824046
5.50104e-32
0.0800156
0.153033
0.158006
0.226606
0.218865
0.0800156
0.0824046
5.50104e-32
2.91703e-32
0.288029
0.342118
0.328326
0.277345
0.158006
0.218865
0.226606
0.153033
0.371679
0.388735
0.407297
0.427763
0.454994
0.459103
0.482676
0.435092
0.506309
0.470945
0.498425
0.466955
0.466955
0.506309
0.498425
0.454994
0.277345
0.342118
0.288029
0.328326
0.482676
0.407297
0.427763
0.388735
0.371679
0.435092
0.459103
3.07299e-32
0.0846642
0.0867948
5.7693e-32
0.162723
0.167185
0.240954
0.233969
0.307906
0.367863
0.355297
0.298216
0.0846642
0.0867948
5.7693e-32
3.07299e-32
0.240954
0.167185
0.233969
0.162723
0.405066
0.42067
0.466187
0.447393
0.307906
0.355297
0.298216
0.367863
0.482172
0.504298
0.534905
0.509313
0.528749
0.54043
0.557928
0.57331
0.58101
0.54043
0.544327
0.58101
0.528749
0.557928
0.57331
0.509313
0.42067
0.504298
0.447393
0.405066
0.534905
0.482172
0.466187
3.21063e-32
6.00399e-32
0.0887961
0.0906684
0.171392
0.175344
0.253791
0.247561
0.325794
0.391155
0.379816
0.317099
0.0887961
0.0906684
6.00399e-32
3.21063e-32
0.435548
0.449699
0.501268
0.484145
0.253791
0.175344
0.247561
0.171392
0.379816
0.391155
0.325794
0.317099
0.545724
0.525483
0.582951
0.559451
0.449699
0.435548
0.484145
0.501268
0.604947
0.585962
0.635343
0.61285
0.616358
0.650371
0.620165
0.657894
0.657894
0.604947
0.616358
0.650371
0.585962
0.559451
0.525483
0.61285
0.545724
0.582951
0.635343
3.32997e-32
0.0940252
6.20513e-32
0.0924113
0.179041
0.182483
0.265117
0.259643
0.341693
0.411994
0.333992
0.401881
0.463124
0.475823
0.533004
0.517554
0.0924113
0.0940252
6.20513e-32
3.32997e-32
0.182483
0.265117
0.259643
0.179041
0.626816
0.583381
0.565024
0.605406
0.411994
0.341693
0.401881
0.333992
0.517554
0.463124
0.475823
0.533004
0.692408
0.664496
0.638593
0.663191
0.565024
0.626816
0.583381
0.605406
0.694198
0.683048
0.729076
0.71439
0.73643
0.697918
0.694198
0.73643
0.664496
0.692408
0.663191
0.683048
0.729076
0.71439
0.638593
3.43099e-32
0.0968655
6.3727e-32
0.0955099
0.18567
0.188601
0.274933
0.270214
0.355604
0.348897
0.430379
0.421493
0.487796
0.499043
0.561398
0.547619
3.43099e-32
6.3727e-32
0.0955099
0.0968655
0.64718
0.600797
0.617269
0.666499
0.18567
0.188601
0.274933
0.270214
0.430379
0.355604
0.421493
0.348897
0.70895
0.744506
0.719078
0.686643
0.547619
0.561398
0.487796
0.499043
0.600797
0.617269
0.64718
0.666499
0.773067
0.794557
0.744396
0.762529
0.744506
0.70895
0.686643
0.719078
0.777065
0.773429
0.816105
0.808915
0.773067
0.816105
0.794557
0.808915
0.762529
0.773429
0.744396
3.51371e-32
0.0991892
6.50673e-32
0.0980918
0.191278
0.1937
0.283237
0.279274
0.361814
0.367526
0.446312
0.438652
0.509564
0.519358
0.58645
0.574342
0.0980918
0.0991892
6.50673e-32
3.51371e-32
0.684773
0.632801
0.64739
0.702002
0.191278
0.279274
0.283237
0.1937
0.791636
0.768692
0.75013
0.730113
0.367526
0.446312
0.438652
0.361814
0.574342
0.58645
0.519358
0.509564
0.826404
0.854335
0.825158
0.800403
0.702002
0.632801
0.64739
0.684773
0.791636
0.75013
0.730113
0.768692
0.853548
0.84289
0.875352
0.889396
0.825158
0.800403
0.854335
0.826404
0.896427
0.857104
0.853548
0.84289
0.889396
0.875352
0.896427
3.57813e-32
0.100996
6.60721e-32
0.100157
0.195867
0.197779
0.290032
0.286823
0.100157
0.100996
6.60721e-32
3.57813e-32
0.372743
0.377462
0.459793
0.453359
0.528428
0.536771
0.608159
0.597722
0.733325
0.718186
0.661037
0.673743
0.286823
0.195867
0.290032
0.197779
0.78673
0.813339
0.833801
0.769002
0.372743
0.459793
0.453359
0.377462
0.882087
0.874401
0.908413
0.85107
0.608159
0.536771
0.597722
0.528428
0.733325
0.673743
0.661037
0.718186
0.923647
0.93574
0.956303
0.906302
0.833801
0.78673
0.769002
0.813339
0.908413
0.882087
0.85107
0.874401
0.934074
0.937553
0.976925
0.970045
0.923647
0.906302
0.93574
0.956303
0.976925
0.934074
0.970045
3.62424e-32
0.102287
6.67414e-32
0.101706
0.199436
0.200837
0.295316
0.292863
0.381684
0.385409
0.470822
0.465614
0.101706
0.102287
6.67414e-32
3.62424e-32
0.292863
0.295316
0.199436
0.200837
0.544388
0.55128
0.626527
0.617761
0.696329
0.760469
0.747419
0.685507
0.818752
0.853021
0.871001
0.803313
0.381684
0.465614
0.470822
0.385409
0.91706
0.956792
0.933315
0.896398
0.544388
0.617761
0.55128
0.626527
0.990081
1.01683
0.963667
0.987364
0.747419
0.760469
0.696329
0.685507
0.818752
0.853021
0.803313
0.871001
1.01454
1.03696
1.05041
1.00434
0.933315
0.91706
0.956792
0.896398
0.963667
1.01683
0.987364
0.990081
1.01795
1.00434
1.05715
1.05715
1.01454
1.03696
1.05041
3.65205e-32
0.103062
6.70753e-32
0.102739
0.201985
0.202877
0.299091
0.297392
0.388638
0.39137
0.4794
0.475417
0.557446
0.634458
0.562887
0.641555
0.102739
0.103062
6.70753e-32
3.65205e-32
0.202877
0.297392
0.299091
0.201985
0.475417
0.4794
0.39137
0.388638
0.715149
0.783435
0.772474
0.70621
0.887739
0.903237
0.833046
0.846196
0.999474
0.978845
0.954381
0.936388
0.634458
0.557446
0.641555
0.562887
1.01499
1.03838
1.07097
1.0447
0.70621
0.715149
0.772474
0.783435
1.0679
1.11688
1.08452
1.09717
0.903237
0.846196
0.887739
0.833046
0.999474
0.954381
0.978845
0.936388
1.13666
1.09452
1.13006
1.09785
1.01499
1.03838
1.0447
1.07097
1.08452
1.0679
1.13666
1.13006
1.09717
1.09452
1.11688
3.66156e-32
0.10332
6.70738e-32
0.103255
0.203514
0.203896
0.301355
0.300411
0.393605
0.395343
0.485527
0.48277
0.103255
0.10332
6.70738e-32
3.66156e-32
0.567602
0.653242
0.647816
0.571591
0.730205
0.802224
0.793351
0.723148
0.300411
0.301355
0.203896
0.203514
0.48277
0.485527
0.395343
0.393605
0.567602
0.571591
0.647816
0.653242
0.917494
0.858202
0.930511
0.869064
1.03646
1.01868
0.986368
0.971042
1.06026
1.08063
1.11874
1.09566
0.793351
0.723148
0.730205
0.802224
1.15068
1.14749
1.17635
1.12476
0.858202
0.917494
0.930511
0.869064
1.17356
1.19567
1.20858
1.16378
1.01868
1.03646
0.986368
0.971042
1.11874
1.08063
1.09566
1.06026
1.21504
1.17683
1.17356
1.21504
1.15068
1.12476
1.20858
1.17635
1.14749
1.16378
1.19567
3.65277e-32
0.103062
6.6737e-32
0.103255
0.204024
0.203896
0.30211
0.301921
0.396585
0.39733
0.489203
0.487671
0.574856
0.577394
0.66159
0.657833
0.103255
0.103062
6.6737e-32
3.65277e-32
0.203896
0.301921
0.30211
0.204024
0.741495
0.816836
0.810052
0.736321
0.887357
0.952823
0.942287
0.878783
0.39733
0.396585
0.487671
0.489203
0.657833
0.574856
0.66159
0.577394
0.741495
0.736321
0.816836
0.810052
1.05282
1.06775
1.01302
1.00036
1.09949
1.11684
1.16013
1.14023
1.19749
1.17493
1.22881
1.20345
0.878783
0.942287
0.887357
0.952823
1.27291
1.25397
1.24169
1.22573
1.00036
1.01302
1.06775
1.05282
1.25129
1.28557
1.29191
1.25449
1.16013
1.14023
1.09949
1.11684
1.17493
1.19749
1.20345
1.22881
1.25129
1.24169
1.29191
1.28557
1.22573
1.25397
1.27291
3.62569e-32
0.102287
6.60646e-32
0.102739
0.203514
0.202877
0.301355
0.301921
0.490122
0.397579
0.39733
0.490428
0.102739
0.102287
6.60646e-32
3.62569e-32
0.579208
0.580295
0.666598
0.664511
0.749022
0.827273
0.822576
0.74573
0.202877
0.301921
0.301355
0.203514
0.490122
0.490428
0.397579
0.39733
0.901076
0.970176
0.96212
0.894789
1.03434
1.08126
1.02435
1.09335
0.664511
0.666598
0.580295
0.579208
0.822576
0.74573
0.749022
0.827273
0.970176
0.901076
0.894789
0.96212
1.13268
1.17844
1.19515
1.14701
1.21839
1.23761
1.27426
1.25241
1.30224
1.32967
1.28039
1.30498
1.02435
1.08126
1.09335
1.03434
1.31789
1.32731
1.34825
1.36067
1.13268
1.19515
1.17844
1.14701
1.36689
1.36689
1.33045
1.32731
1.23761
1.27426
1.21839
1.25241
1.36067
1.34825
1.30498
1.28039
1.32967
1.31789
1.30224
3.5803e-32
0.100996
6.50569e-32
0.101706
0.201985
0.200837
0.299091
0.300411
0.489203
0.490122
0.396585
0.395343
0.580658
0.580295
0.668268
0.66785
0.101706
0.100996
6.50569e-32
3.5803e-32
0.200837
0.300411
0.299091
0.201985
0.752786
0.833535
0.830926
0.751375
0.910222
0.982571
0.976993
0.906221
0.490122
0.489203
0.395343
0.396585
0.66785
0.580658
0.668268
0.580295
1.05033
1.11326
1.043
1.10402
1.15983
1.21027
1.2238
1.17115
0.752786
0.751375
0.833535
0.830926
0.906221
0.976993
0.982571
0.910222
1.043
1.10402
1.11326
1.05033
1.25516
1.29436
1.27104
1.31272
1.32774
1.37884
1.34869
1.3552
1.40308
1.37665
1.42133
1.39201
1.15983
1.21027
1.17115
1.2238
1.43963
1.40125
1.40433
1.43352
1.25516
1.27104
1.31272
1.29436
1.40125
1.43963
1.43352
1.39201
1.3552
1.34869
1.32774
1.37884
1.40308
1.37665
1.42133
3.51661e-32
0.0991892
6.37137e-32
0.100157
0.199436
0.197779
0.295316
0.297392
0.39137
0.485527
0.487671
0.393605
0.100157
0.0991892
6.37137e-32
3.51661e-32
0.579208
0.577394
0.666598
0.66785
0.752786
0.835622
0.753256
0.835101
0.197779
0.297392
0.295316
0.199436
0.487671
0.485527
0.393605
0.39137
0.914794
0.990007
0.986908
0.91308
1.12108
1.06099
1.12748
1.05632
0.577394
0.579208
0.666598
0.66785
0.753256
0.835101
0.835622
0.752786
1.18095
1.18925
1.23574
1.24608
1.28525
1.29778
1.34417
1.32932
0.914794
0.990007
0.91308
0.986908
1.12748
1.06099
1.05632
1.12108
1.24608
1.18095
1.23574
1.18925
1.36781
1.40059
1.38511
1.42044
1.47388
1.45007
1.44862
1.42755
1.47278
1.49181
1.50379
1.46371
1.28525
1.34417
1.29778
1.32932
1.47278
1.50979
1.47581
1.50979
1.42044
1.40059
1.36781
1.38511
1.46371
1.47388
1.45007
1.49181
1.50379
1.42755
1.44862
3.43461e-32
0.0968655
6.2035e-32
0.0980919
0.195867
0.292863
0.1937
0.290032
0.385409
0.4794
0.48277
0.388638
0.0980919
0.0968655
6.2035e-32
3.43461e-32
0.574856
0.571591
0.66159
0.664511
0.1937
0.292863
0.290032
0.195867
0.749022
0.751375
0.833535
0.835101
0.914794
0.992486
0.991866
0.915366
0.388638
0.48277
0.4794
0.385409
0.571591
0.664511
0.574856
0.66159
1.13245
1.06632
1.13601
1.06432
1.20131
1.19603
1.26199
1.25483
0.751375
0.833535
0.835101
0.749022
0.991866
0.992486
0.914794
0.915366
1.30864
1.36864
1.35728
1.31783
1.45447
1.40058
1.41424
1.4384
1.13601
1.06632
1.06432
1.13245
1.19603
1.25483
1.26199
1.20131
1.30864
1.31783
1.35728
1.36864
1.49712
1.47062
1.48921
1.51834
1.54175
1.55938
1.53266
1.51782
1.57707
1.54456
1.57117
1.54158
1.4384
1.41424
1.40058
1.45447
1.57707
1.54158
1.57117
1.53266
1.55938
1.49712
1.54175
1.47062
1.51782
1.48921
1.51834
3.33431e-32
0.0940252
6.00207e-32
0.0955099
0.0955099
0.0940252
6.00207e-32
3.33431e-32
0.191278
0.283237
0.286823
0.188601
0.377462
0.470822
0.475417
0.381684
0.567602
0.562887
0.653242
0.657833
0.286823
0.283237
0.191278
0.188601
0.74573
0.741495
0.827273
0.830926
0.475417
0.470822
0.377462
0.381684
0.910222
0.990007
0.991866
0.91308
1.06632
1.13885
1.13814
1.06698
0.562887
0.657833
0.567602
0.653242
0.741495
0.827273
0.74573
0.830926
1.20508
1.20734
1.27154
1.26756
1.32535
1.3312
1.37825
1.38611
0.990007
0.910222
0.91308
0.991866
1.06632
1.06698
1.13814
1.13885
1.42607
1.43608
1.48094
1.46865
1.50585
1.55471
1.52052
1.53753
1.20508
1.26756
1.20734
1.27154
1.32535
1.38611
1.3312
1.37825
1.42607
1.48094
1.46865
1.43608
1.60641
1.58397
1.5636
1.58336
1.63535
1.62376
1.59856
1.60733
1.60733
1.61026
1.64116
1.64116
1.50585
1.53753
1.55471
1.52052
1.63535
1.58397
1.59856
1.62376
1.58336
1.60641
1.5636
3.2157e-32
0.0906684
5.76708e-32
0.0924113
0.18567
0.182483
0.274933
0.279274
0.0924113
0.0906684
5.76708e-32
3.2157e-32
0.279274
0.274933
0.18567
0.182483
0.367526
0.459793
0.465614
0.372743
0.557446
0.55128
0.641555
0.647816
0.736321
0.730205
0.816836
0.822577
0.372743
0.367526
0.465614
0.459793
0.901076
0.982571
0.986908
0.906221
0.647816
0.641555
0.557446
0.55128
1.06099
1.13601
1.13814
1.06432
1.2081
1.27472
1.27392
1.20734
0.736321
0.816836
0.730205
0.822577
0.982571
0.986908
0.901076
0.906221
1.33788
1.39659
1.33537
1.39223
1.44427
1.45064
1.49984
1.49133
1.13601
1.06432
1.13814
1.06099
1.20734
1.27392
1.2081
1.27472
1.53324
1.544
1.58299
1.56986
1.62671
1.64487
1.60105
1.61665
1.39223
1.33537
1.33788
1.39659
1.45064
1.44427
1.49984
1.49133
1.53324
1.58299
1.56986
1.544
1.68466
1.66757
1.64676
1.66113
1.67265
1.66977
1.69608
1.7018
1.66977
1.7018
1.66113
1.69608
1.60105
1.64676
1.64487
1.61665
1.66757
1.68466
1.62671
3.07878e-32
0.0887961
0.0867948
5.49853e-32
0.179041
0.175344
0.265117
0.270214
0.355604
0.446312
0.453359
0.361814
0.0887961
0.0867948
5.49853e-32
3.07878e-32
0.175344
0.270214
0.265117
0.179041
0.453359
0.446312
0.355604
0.361814
0.544388
0.536771
0.626527
0.634458
0.723148
0.715149
0.802224
0.810052
0.894789
0.887357
0.970176
0.976993
0.536771
0.634458
0.544388
0.626527
1.05033
1.12748
1.13245
1.05632
0.723148
0.802224
0.810052
0.715149
1.27392
1.20508
1.20131
1.27154
1.40009
1.33872
1.33788
1.39921
0.887357
0.894789
0.976993
0.970176
1.05632
1.13245
1.12748
1.05033
1.4552
1.51118
1.50645
1.45793
1.55281
1.60318
1.55966
1.59409
1.27392
1.20508
1.20131
1.27154
1.40009
1.33788
1.39921
1.33872
1.67478
1.6609
1.6416
1.63017
1.70261
1.68619
1.70594
1.72499
1.4552
1.51118
1.50645
1.45793
1.55281
1.60318
1.55966
1.59409
1.6609
1.63017
1.67478
1.6416
1.7201
1.7531
1.72862
1.74183
1.75874
1.75874
1.73146
1.72862
1.7201
1.72499
1.74183
1.7531
1.70261
1.70594
1.68619
2.92355e-32
5.1964e-32
0.0846643
0.0824046
0.171392
0.167185
0.253791
0.259643
0.341693
0.430379
0.438652
0.348897
0.0846643
0.0824046
5.1964e-32
2.92355e-32
0.528428
0.519358
0.608159
0.617761
0.167185
0.259643
0.253791
0.171392
0.348897
0.341693
0.438652
0.430379
0.519358
0.617761
0.608159
0.528428
0.70621
0.696329
0.783435
0.793351
0.869064
0.952823
0.96212
0.878783
1.03434
1.11326
1.12108
1.043
0.70621
0.793351
0.783435
0.696329
1.19603
1.26199
1.26756
1.18925
0.952823
0.96212
0.869064
0.878783
1.3312
1.39659
1.33538
1.39921
1.51496
1.45884
1.45793
1.51401
1.11326
1.03434
1.043
1.12108
1.26756
1.19603
1.26199
1.18925
1.61025
1.56455
1.56748
1.6153
1.65824
1.68653
1.65096
1.69615
1.3312
1.39659
1.33538
1.39921
1.51496
1.45793
1.45884
1.51401
1.75634
1.74179
1.72889
1.71684
1.77843
1.76127
1.77524
1.79505
1.56455
1.6153
1.61025
1.56748
1.69615
1.68653
1.65096
1.65824
1.71684
1.74179
1.72889
1.75634
1.78645
1.78364
1.80617
1.81174
1.81174
1.78364
1.77524
1.79505
1.80617
1.77843
1.76127
2.75e-32
0.0774975
4.86071e-32
0.0800156
0.0800156
0.0774975
4.86071e-32
2.75e-32
0.162723
0.158006
0.240954
0.247562
0.325794
0.411994
0.421493
0.333992
0.509564
0.499043
0.58645
0.597722
0.247562
0.240954
0.162723
0.158006
0.685507
0.673743
0.760469
0.772474
0.421493
0.325794
0.411994
0.333992
0.58645
0.499043
0.597722
0.509564
0.685507
0.772474
0.760469
0.673743
0.858202
0.846196
0.930511
0.942287
1.01302
1.09335
1.10402
1.02435
1.18095
1.25483
1.17115
1.24608
0.930511
0.942287
0.846196
0.858202
1.31783
1.39223
1.32535
1.38611
1.01302
1.02435
1.10402
1.09335
1.51118
1.51401
1.4552
1.45064
1.61833
1.56846
1.61934
1.56748
1.25483
1.18095
1.17115
1.24608
1.39223
1.32535
1.31783
1.38611
1.66656
1.70896
1.70362
1.66344
1.7464
1.76866
1.77874
1.73874
1.45064
1.4552
1.51401
1.51118
1.61934
1.56748
1.56846
1.61833
1.82768
1.80586
1.81253
1.79329
1.82632
1.83462
1.85509
1.8441
1.66344
1.66656
1.70362
1.70896
1.73874
1.7464
1.77874
1.76866
1.80586
1.82768
1.79329
1.81253
1.83739
1.86059
1.86059
1.83462
1.8441
1.85509
1.82632
2.55813e-32
0.0720736
4.49144e-32
0.0748501
2.55813e-32
0.0748501
0.0720736
4.49144e-32
0.153033
0.147805
0.226606
0.233969
0.233969
0.226606
0.153033
0.147805
0.317099
0.307906
0.391155
0.401881
0.487796
0.475823
0.561398
0.574342
0.661037
0.64739
0.733325
0.747419
0.401881
0.391155
0.307906
0.317099
0.833046
0.818752
0.903237
0.917494
0.475823
0.574342
0.561398
0.487796
0.661037
0.747419
0.733325
0.64739
0.818752
0.833046
0.917494
0.903237
0.986368
1.06775
1.08126
1.00036
1.15983
1.2238
1.14701
1.23574
1.37825
1.30864
1.29778
1.36864
0.986368
1.06775
1.08126
1.00036
1.50645
1.43608
1.44427
1.49984
1.14701
1.23574
1.2238
1.15983
1.6153
1.61833
1.55966
1.56455
1.66656
1.71217
1.71323
1.6676
1.37825
1.36864
1.29778
1.30864
1.44427
1.50645
1.43608
1.49984
1.79218
1.75187
1.75516
1.78658
1.82415
1.85098
1.84049
1.81615
1.6153
1.56455
1.55966
1.61833
1.6676
1.71217
1.66656
1.71323
1.85951
1.87314
1.88879
1.87255
1.88134
1.88408
1.89965
1.90509
1.75516
1.75187
1.78658
1.79218
1.85098
1.81615
1.84049
1.82415
1.90509
1.85951
1.89965
1.88134
1.87314
1.88879
1.87255
0.0691678
0.0661329
4.08859e-32
2.34795e-32
2.34795e-32
0.0661329
4.08859e-32
0.0691678
0.142323
0.136585
0.210747
0.218865
0.142323
0.136585
0.218865
0.210747
0.288029
0.367863
0.379816
0.298216
0.379816
0.367863
0.288029
0.298216
0.463124
0.449699
0.533005
0.547619
0.632801
0.61727
0.702002
0.718186
0.803313
0.78673
0.871001
0.887739
0.533005
0.449699
0.547619
0.463124
0.971042
0.954382
1.03646
1.05282
0.61727
0.632801
0.718186
0.702002
0.871001
0.803313
0.887739
0.78673
0.971042
1.05282
1.03646
0.954382
1.21027
1.13268
1.11684
1.19515
1.35728
1.28525
1.34417
1.27104
1.49133
1.41424
1.48094
1.42607
1.21027
1.19515
1.13268
1.11684
1.61025
1.544
1.60318
1.55281
1.35728
1.27104
1.28525
1.34417
1.65824
1.70896
1.66344
1.71217
1.79553
1.79665
1.75625
1.75516
1.49133
1.48094
1.41424
1.42607
1.544
1.55281
1.61025
1.60318
1.8333
1.86495
1.85913
1.82987
1.89151
1.90203
1.91286
1.88321
1.66344
1.70896
1.71217
1.65824
1.75516
1.75625
1.79553
1.79665
1.91552
1.92895
1.9397
1.92364
1.92364
1.92634
1.94509
1.94509
1.85913
1.82987
1.86495
1.8333
1.89151
1.91286
1.90203
1.9397
1.92895
1.88321
1.91552
0.0629686
0.0596752
3.65217e-32
2.11945e-32
0.20225
0.193376
0.130592
0.124343
2.11945e-32
0.0596752
3.65217e-32
0.0629686
0.130592
0.124343
0.193376
0.20225
0.266164
0.342118
0.355298
0.277345
0.342118
0.266164
0.277345
0.355298
0.435548
0.42067
0.501268
0.517554
0.42067
0.517554
0.501268
0.435548
0.600797
0.583381
0.666499
0.684773
0.769003
0.75013
0.833801
0.853021
0.91706
0.999474
1.01868
0.936388
0.583381
0.600797
0.684773
0.666499
1.09949
1.08063
1.16013
1.17844
0.75013
0.833801
0.769003
0.853021
0.999474
0.936388
1.01868
0.91706
1.08063
1.17844
1.09949
1.16013
1.23761
1.25516
1.31272
1.32932
1.46865
1.38511
1.45447
1.40058
1.58299
1.52052
1.59409
1.53324
1.32932
1.31272
1.23761
1.25516
1.6416
1.70362
1.69615
1.65096
1.38511
1.40058
1.46865
1.45447
1.79218
1.7464
1.79553
1.75187
1.83444
1.86961
1.86845
1.8333
1.59409
1.58299
1.53324
1.52052
1.70362
1.65096
1.6416
1.69615
1.92129
1.89743
1.90098
1.9273
1.94847
1.93993
1.96441
1.95329
1.79218
1.75187
1.7464
1.79553
1.83444
1.86961
1.86845
1.8333
1.96401
1.97508
1.96133
1.98041
1.96133
1.97508
1.95329
1.98041
1.92129
1.90098
1.9273
1.89743
1.96441
1.94847
1.93993
0.0562525
0.0527006
3.18217e-32
1.87262e-32
0.184123
0.174493
0.11784
0.111081
1.87262e-32
0.0527006
3.18217e-32
0.0562525
0.328326
0.31392
0.242309
0.254485
0.11784
0.111081
0.174493
0.184123
0.242309
0.31392
0.328326
0.254485
0.405066
0.388736
0.466187
0.484145
0.484145
0.466187
0.405066
0.388736
0.565024
0.545724
0.626816
0.64718
0.565024
0.64718
0.626816
0.545724
0.730113
0.708951
0.791636
0.813339
0.896398
0.874401
0.956793
0.978845
1.06026
1.03838
1.11874
1.14024
0.791636
0.730113
0.813339
0.708951
1.29436
1.21839
1.27426
1.19749
0.874401
0.956793
0.978845
0.896398
1.03838
1.14024
1.11874
1.06026
1.29436
1.19749
1.21839
1.27426
1.42044
1.34869
1.43841
1.36781
1.55471
1.56986
1.48921
1.50585
1.68653
1.61665
1.67478
1.63017
1.34869
1.43841
1.42044
1.36781
1.72889
1.77874
1.78658
1.73874
1.48921
1.55471
1.56986
1.50585
1.82415
1.86495
1.82987
1.86845
1.90217
1.90098
1.93091
1.93212
1.63017
1.61665
1.68653
1.67478
1.78658
1.73874
1.77874
1.72889
1.97306
1.97924
1.95823
1.95457
1.99429
1.98632
1.99506
2.00564
1.82987
1.86495
1.82415
1.86845
1.93212
1.90217
1.90098
1.93091
1.99695
1.99429
2.01094
2.01094
1.97306
1.95823
1.98632
2.00564
1.95457
1.97924
1.99506
0.0490195
0.0452092
2.67859e-32
1.60748e-32
0.164485
0.154099
0.104067
0.0967983
1.60748e-32
0.0452092
2.67859e-32
0.0490195
0.2989
0.283267
0.216465
0.229636
0.104067
0.0967983
0.154099
0.164485
0.447393
0.427763
0.371679
0.353896
0.216465
0.283267
0.2989
0.229636
0.371679
0.353896
0.427763
0.447393
0.525483
0.504298
0.582951
0.605406
0.525483
0.605406
0.582951
0.504298
0.686643
0.663191
0.744506
0.768692
0.663191
0.686643
0.768692
0.744506
0.826404
0.908414
0.933315
0.85107
1.01499
0.990081
1.07097
1.09566
1.17493
1.25241
1.15068
1.22881
0.826404
0.933315
0.908414
0.85107
1.30498
1.40059
1.37884
1.32775
0.990081
1.07097
1.09566
1.01499
1.22881
1.15068
1.25241
1.17493
1.37884
1.30498
1.32775
1.40059
1.53753
1.45007
1.51834
1.47062
1.58336
1.6609
1.64487
1.60105
1.70261
1.75634
1.76866
1.71684
1.51834
1.53753
1.45007
1.47062
1.85098
1.80586
1.81615
1.85913
1.6609
1.60105
1.58336
1.64487
1.89151
1.9273
1.89743
1.93091
1.98418
1.95945
1.95823
1.98295
1.76866
1.70261
1.71684
1.75634
1.85098
1.81615
1.85913
1.80586
2.00131
2.01447
2.02078
2.00505
2.03129
2.02239
2.02503
2.03655
1.93091
1.89151
1.9273
1.89743
1.95945
1.98295
1.95823
1.98418
2.00505
2.01447
2.02078
2.02239
2.03655
2.03129
2.00131
0.0412696
0.0372009
2.14144e-32
1.32402e-32
0.143336
0.132194
0.0892743
0.0814947
1.32402e-32
0.0372009
2.14144e-32
0.0412696
0.26702
0.25016
0.188632
0.202797
0.0892743
0.0814947
0.132194
0.143336
0.407297
0.385995
0.335387
0.316151
0.188632
0.25016
0.26702
0.202797
0.482172
0.559451
0.534905
0.459103
0.335387
0.316151
0.385995
0.407297
0.482172
0.459103
0.534905
0.559451
0.638593
0.61285
0.692408
0.719078
0.638593
0.719078
0.61285
0.692408
0.800403
0.773067
0.854335
0.882087
0.854335
0.773067
0.800403
0.882087
0.963667
0.93574
1.01683
1.0447
1.20345
1.12476
1.09717
1.17635
1.32967
1.3552
1.25397
1.28039
0.93574
1.0447
1.01683
0.963667
1.40308
1.47388
1.49712
1.42755
1.17635
1.09717
1.20345
1.12476
1.32967
1.25397
1.3552
1.28039
1.40308
1.47388
1.42755
1.49712
1.62671
1.60641
1.54175
1.5636
1.66757
1.72499
1.74179
1.68619
1.82768
1.79329
1.84049
1.77843
1.62671
1.60641
1.54175
1.5636
1.88321
1.87255
1.92129
1.91286
1.72499
1.68619
1.66757
1.74179
1.97924
1.94847
1.95457
1.98295
2.02582
2.02456
2.0063
2.00505
1.77843
1.82768
1.79329
1.84049
1.91286
1.92129
1.88321
1.87255
2.04551
2.05192
2.03764
2.04146
2.04814
2.05715
2.05715
2.04551
1.95457
1.97924
1.98295
1.94847
2.02456
2.05192
2.0063
2.02582
2.04146
2.03764
2.00505
0.0330029
0.0286757
1.57072e-32
1.02225e-32
1.02225e-32
0.0286757
1.57072e-32
0.0330029
0.120675
0.108778
0.0734604
0.0651706
0.232687
0.2146
0.15881
0.17397
0.0734604
0.0651706
0.108778
0.120675
0.275501
0.363857
0.340883
0.296189
0.15881
0.2146
0.232687
0.17397
0.435092
0.509313
0.482676
0.410138
0.296189
0.275501
0.340883
0.363857
0.585962
0.664496
0.635343
0.557928
0.435092
0.410138
0.482676
0.509313
0.585962
0.557928
0.635343
0.664496
0.744396
0.71439
0.794557
0.825159
0.744396
0.825159
0.794557
0.71439
0.906302
0.875352
0.956304
0.987364
0.987364
0.875352
0.956304
0.906302
1.14749
1.0679
1.11688
1.03696
1.19567
1.22573
1.30224
1.27291
1.34825
1.44862
1.42133
1.37665
1.11688
1.03696
1.14749
1.0679
1.49181
1.58397
1.55938
1.51782
1.19567
1.27291
1.22573
1.30224
1.42133
1.34825
1.44862
1.37665
1.58397
1.49181
1.55938
1.51782
1.70594
1.62376
1.68466
1.64676
1.79505
1.74183
1.81253
1.76128
1.85951
1.8441
1.88879
1.90203
1.62376
1.68466
1.70594
1.64676
1.92895
1.97306
1.93993
1.96441
1.74183
1.81253
1.76128
1.79505
1.99506
2.02078
2.00131
2.02456
2.05704
2.04146
2.04273
2.05576
1.85951
1.90203
1.88879
1.8441
1.93993
1.96441
1.92895
1.97306
2.07267
2.06621
2.06359
2.06745
2.06745
2.05576
2.06359
2.07267
2.02078
2.00131
1.99506
2.02456
2.04273
2.05704
2.04146
7.02154e-33
0.0196338
9.66428e-33
0.0242193
0.0242193
0.0196338
9.66428e-33
7.02154e-33
0.0965025
0.0838498
0.056626
0.0478259
0.056626
0.0478259
0.0838498
0.0965025
0.1959
0.176587
0.126999
0.143153
0.317073
0.292427
0.254086
0.231945
0.126999
0.176587
0.143153
0.1959
0.384242
0.454994
0.426266
0.357404
0.254086
0.231945
0.292427
0.317073
0.528749
0.604947
0.498425
0.57331
0.384242
0.357404
0.426266
0.454994
0.683048
0.762529
0.729077
0.650371
0.528749
0.498425
0.57331
0.604947
0.683048
0.650371
0.729077
0.762529
0.84289
0.808916
0.889396
0.923647
0.84289
0.923647
0.808916
0.889396
0.970045
1.05041
1.00434
1.08452
0.970045
1.08452
1.05041
1.00434
1.20858
1.24169
1.13006
1.16378
1.28557
1.39201
1.31789
1.36067
1.43352
1.50379
1.53266
1.46371
1.20858
1.13006
1.24169
1.16378
1.57117
1.66113
1.63535
1.59856
1.36067
1.28557
1.31789
1.39201
1.53266
1.43352
1.50379
1.46371
1.63535
1.57117
1.66113
1.59856
1.7531
1.77524
1.69608
1.7201
1.85509
1.80617
1.87314
1.82632
1.91552
1.9397
1.95329
1.89965
1.69608
1.77524
1.7201
1.7531
1.98632
2.00564
1.97508
2.01447
1.82632
1.85509
1.87314
1.80617
2.03764
2.05576
2.03129
2.05192
2.07785
2.06745
2.07655
2.06874
1.89965
1.91552
1.95329
1.9397
1.98632
2.01447
2.00564
1.97508
2.07655
2.07916
2.08305
2.08305
2.05192
2.07785
2.06874
2.05576
2.03764
2.03129
2.06745
0.014919
0.0100752
3.28573e-33
3.63748e-33
3.63748e-33
0.0100752
3.28573e-33
0.014919
0.0387711
0.0294608
0.0574108
0.0708191
0.0708191
0.0574108
0.0387711
0.0294608
0.15666
0.136119
0.0931992
0.110348
0.0931992
0.110348
0.136119
0.15666
0.266945
0.240628
0.209078
0.185485
0.329623
0.396492
0.365674
0.3009
0.209078
0.185485
0.240628
0.266945
0.466955
0.54043
0.506309
0.43434
0.329623
0.3009
0.365674
0.396492
0.616359
0.694198
0.657895
0.58101
0.466955
0.43434
0.506309
0.54043
0.773429
0.853548
0.816105
0.73643
0.616359
0.58101
0.657895
0.694198
0.853548
0.773429
0.73643
0.816105
0.896427
0.976925
1.01454
0.934074
0.934074
1.01454
0.896427
0.976925
1.17356
1.05715
1.09452
1.13666
1.17356
1.05715
1.13666
1.09452
1.21504
1.29191
1.32731
1.25129
1.36689
1.43963
1.47278
1.40125
1.57707
1.60733
1.50979
1.54158
1.29191
1.21504
1.32731
1.25129
1.64116
1.72862
1.7018
1.66977
1.47278
1.43963
1.36689
1.40125
1.50979
1.60733
1.54158
1.57707
1.64116
1.72862
1.7018
1.66977
1.78364
1.75874
1.81174
1.83462
1.88134
1.86059
1.92364
1.90509
1.99429
1.94509
1.96133
1.98041
1.81174
1.83462
1.75874
1.78364
2.04551
2.03655
2.02239
2.01094
1.86059
1.90509
1.88134
1.92364
2.05715
2.06359
2.07655
2.07267
2.08695
2.08435
2.08305
2.08825
1.98041
1.94509
1.96133
1.99429
2.01094
2.02239
2.04551
2.03655
2.08305
2.07655
2.08435
2.08825
2.05715
2.07267
2.06359
8.52782e-35
0.00510205
0.00510205
8.52782e-35
0.0436246
0.0198958
0.0198958
0.0436246
0.114966
0.0755537
0.0755537
0.114966
0.161165
0.213474
0.161165
0.213474
0.271235
0.333809
0.40058
0.470945
0.271235
0.333809
0.544327
0.620165
0.470945
0.40058
0.697919
0.777065
0.620165
0.544327
0.857104
0.937553
0.697919
0.777065
0.857104
0.937553
1.01795
1.09785
1.01795
1.09785
1.17683
1.25449
1.25449
1.17683
1.33045
1.40433
1.47581
1.54456
1.67265
1.61026
1.40433
1.33045
1.78645
1.73146
1.54456
1.47581
1.61026
1.67265
1.78645
1.73146
1.83739
1.88408
1.96401
1.92634
2.02503
1.99695
1.83739
1.88408
2.06621
2.04814
1.96401
1.92634
2.08695
2.07916
2.08955
2.08695
1.99695
2.02503
2.04814
2.07916
2.06621
0.896427
1.21504
1.13666
0.0100752
0.976925
1.05715
0.976925
1.05715
0.896427
0.136119
0.185485
0.816105
1.13666
0.3009
0.73643
0.657895
1.21504
0.58101
0.506309
1.29191
0.43434
0.365674
1.36689
0.240628
1.43963
1.50979
0.0931992
0.0574108
1.57707
0.0294608
1.64116
1.7018
0.0100752
1.29191
1.36689
1.75874
1.81174
1.50979
1.86059
0.0294608
1.90509
1.94509
0.0574108
1.98041
2.01094
0.0931992
2.03655
2.05715
0.136119
1.94509
2.07267
1.98041
2.08305
0.185485
2.08825
2.08825
0.240628
2.08305
2.07267
0.3009
2.05715
2.03655
0.365674
2.01094
0.43434
1.90509
0.506309
1.86059
1.81174
0.58101
1.75874
1.7018
0.657895
1.64116
1.57707
0.73643
1.43963
0.816105
3.28573e-33
3.28573e-33
3.63748e-33
0.014919
0.014919
3.63748e-33
0.0708191
0.0387711
0.0387711
0.0708191
0.110348
0.15666
0.110348
0.15666
0.266945
0.209078
0.209078
0.266945
0.396492
0.329623
0.54043
0.466955
0.329623
0.396492
0.616359
0.694198
0.54043
0.466955
0.853548
0.773429
0.616359
0.694198
0.934074
1.01454
0.773429
0.853548
0.934074
1.01454
1.17356
1.09452
1.17356
1.09452
1.25129
1.32731
1.32731
1.25129
1.47278
1.40125
1.60733
1.54158
1.66977
1.72862
1.40125
1.47278
1.83462
1.78364
1.60733
1.54158
1.72862
1.66977
1.78364
1.83462
1.88134
1.92364
1.99429
1.96133
2.02239
2.04551
1.92364
1.88134
2.07655
2.06359
1.99429
1.96133
2.08695
2.08435
2.08435
2.07655
2.04551
2.02239
2.06359
1.13006
1.05041
1.05041
0.970045
1.13006
0.889396
0.0838498
0.808916
0.729077
1.20858
0.650371
1.28557
0.57331
0.498425
0.426266
1.36067
0.357404
1.43352
0.292427
0.231945
0.176587
1.50379
0.126999
1.57117
0.0478259
0.0196338
1.63535
1.69608
0.0196338
1.7531
1.20858
1.80617
1.85509
1.36067
0.0478259
1.89965
1.9397
1.57117
1.97508
0.0838498
2.00564
0.126999
2.03129
2.05192
2.06745
1.85509
0.176587
2.07785
0.231945
1.97508
2.08305
2.08305
2.07785
0.292427
2.06745
0.357404
2.05192
2.03129
2.00564
0.426266
0.498425
1.9397
1.89965
0.57331
1.80617
0.650371
1.7531
1.69608
1.63535
0.729077
0.808916
1.50379
1.43352
0.889396
1.28557
0.970045
9.66428e-33
9.66428e-33
7.02154e-33
0.0242193
0.0242193
7.02154e-33
0.0965025
0.056626
0.056626
0.0965025
0.143153
0.1959
0.1959
0.143153
0.317073
0.254086
0.254086
0.317073
0.454994
0.384242
0.528749
0.604947
0.384242
0.454994
0.683048
0.762529
0.604947
0.528749
0.84289
0.923647
0.762529
0.683048
1.08452
1.00434
0.84289
0.923647
1.08452
1.00434
1.16378
1.24169
1.24169
1.16378
1.39201
1.31789
1.31789
1.39201
1.53266
1.46371
1.66113
1.59856
1.7201
1.77524
1.53266
1.46371
1.82632
1.87314
1.59856
1.66113
1.77524
1.7201
1.82632
1.87314
1.91552
1.95329
1.98632
2.01447
2.03764
2.05576
1.95329
1.91552
2.07655
2.06874
1.98632
2.01447
2.07916
2.07655
2.06874
2.03764
2.05576
1.11688
0.956304
1.19567
0.0286757
0.875352
0.794557
0.71439
1.27291
0.635343
0.2146
0.275501
1.34825
0.557928
0.482676
0.410138
1.42133
0.340883
1.49181
0.15881
1.55938
0.108778
1.62376
0.0651706
1.68466
1.74183
0.0286757
1.79505
1.11688
1.8441
0.0651706
1.88879
1.92895
1.96441
1.42133
1.49181
0.108778
1.99506
0.15881
2.02078
2.04146
2.05704
0.2146
1.79505
2.06745
0.275501
1.88879
1.92895
2.07267
2.07267
2.06745
0.340883
2.05704
0.410138
2.04146
2.02078
1.99506
0.482676
1.96441
0.557928
1.8441
0.635343
0.71439
1.74183
1.68466
1.62376
0.794557
1.55938
0.875352
1.34825
0.956304
1.27291
1.03696
1.19567
1.03696
1.57072e-32
1.57072e-32
1.02225e-32
0.0330029
0.0330029
1.02225e-32
0.0734604
0.120675
0.0734604
0.120675
0.17397
0.232687
0.232687
0.17397
0.363857
0.296189
0.296189
0.363857
0.435092
0.509313
0.585962
0.664496
0.435092
0.509313
0.744396
0.825159
0.664496
0.585962
0.987364
0.906302
0.744396
0.825159
1.14749
1.0679
0.906302
0.987364
1.14749
1.0679
1.30224
1.22573
1.30224
1.22573
1.37665
1.44862
1.44862
1.37665
1.58397
1.51782
1.70594
1.64676
1.76128
1.81253
1.51782
1.58397
1.85951
1.90203
1.64676
1.70594
1.81253
1.76128
1.85951
1.90203
1.97306
1.93993
2.00131
2.02456
2.04273
2.05576
1.93993
1.97306
2.06621
2.06359
2.02456
2.00131
2.06359
2.05576
2.04273
1.25397
0.773067
0.692408
1.32967
0.61285
0.534905
1.40308
0.459103
0.385995
1.47388
0.316151
0.25016
1.54175
0.188632
0.132194
1.60641
0.0814947
0.0372009
1.66757
1.72499
0.0372009
0.854335
0.93574
1.77843
1.82768
1.09717
1.87255
0.0814947
1.91286
1.94847
0.132194
1.97924
2.00505
0.188632
2.02582
2.04146
0.25016
1.66757
2.05192
1.72499
2.05715
0.316151
2.05715
2.05192
0.385995
1.91286
1.94847
2.04146
2.02582
0.459103
2.00505
1.97924
0.534905
0.61285
1.87255
1.82768
0.692408
1.77843
0.773067
1.60641
0.854335
1.54175
1.47388
0.93574
1.40308
1.32967
1.01683
1.25397
1.17635
1.09717
1.01683
1.17635
2.14144e-32
2.14144e-32
1.32402e-32
0.0412696
0.0412696
1.32402e-32
0.143336
0.0892743
0.0892743
0.143336
0.26702
0.202797
0.202797
0.26702
0.407297
0.335387
0.335387
0.407297
0.559451
0.482172
0.638593
0.719078
0.559451
0.482172
0.882087
0.800403
0.638593
0.719078
1.0447
0.963667
0.882087
0.800403
1.20345
1.12476
1.0447
0.963667
1.12476
1.20345
1.3552
1.28039
1.28039
1.3552
1.49712
1.42755
1.42755
1.49712
1.62671
1.5636
1.74179
1.68619
1.79329
1.84049
1.5636
1.62671
1.92129
1.88321
1.68619
1.74179
1.84049
1.79329
1.92129
1.88321
1.95457
1.98295
2.0063
2.02456
2.03764
2.04551
1.98295
1.95457
2.04551
2.04814
2.0063
2.03764
2.02456
0.663191
0.582951
1.37884
0.504298
1.45007
0.427763
0.353896
0.283267
1.51834
0.216465
1.58336
0.154099
0.0967983
0.0452092
1.64487
1.70261
0.0452092
1.75634
0.744506
1.80586
1.85098
0.908414
0.0967983
1.89151
1.9273
1.15068
1.95823
0.154099
1.98418
0.216465
2.00505
2.02078
2.03129
1.51834
0.283267
2.03655
0.353896
1.70261
2.03655
2.03129
2.02078
0.427763
1.85098
2.00505
0.504298
1.98418
1.95823
1.9273
0.582951
1.89151
0.663191
1.80586
1.75634
0.744506
0.826404
1.64487
1.58336
0.908414
1.45007
0.990081
1.37884
1.30498
1.22881
1.07097
1.15068
1.07097
0.990081
1.22881
0.826404
1.30498
2.67859e-32
2.67859e-32
1.60748e-32
0.0490195
0.0490195
1.60748e-32
0.164485
0.104067
0.104067
0.164485
0.2989
0.229636
0.2989
0.229636
0.371679
0.447393
0.371679
0.447393
0.525483
0.605406
0.686643
0.768692
0.525483
0.605406
0.933315
0.85107
0.768692
0.686643
1.09566
1.01499
0.933315
0.85107
1.25241
1.17493
1.09566
1.01499
1.17493
1.25241
1.40059
1.32775
1.40059
1.32775
1.53753
1.47062
1.53753
1.47062
1.6609
1.60105
1.71684
1.76866
1.85913
1.81615
1.60105
1.6609
1.89743
1.93091
1.76866
1.71684
1.81615
1.85913
1.93091
1.89743
1.98295
1.95945
2.01447
2.00131
2.02239
2.02503
1.95945
1.98295
2.01447
2.02239
2.00131
1.42044
0.466187
1.48921
0.388736
0.31392
0.242309
1.55471
0.174493
1.61665
0.111081
0.0527006
1.67478
1.72889
0.0527006
1.77874
0.626816
1.82415
0.111081
1.86495
1.90098
1.93212
0.956793
1.03838
0.174493
1.95823
0.242309
1.97924
1.99506
2.00564
0.31392
1.42044
2.01094
0.388736
1.55471
1.61665
2.01094
2.00564
1.99506
0.466187
1.77874
1.97924
0.545724
1.95823
1.93212
1.90098
0.626816
1.86495
0.708951
1.82415
1.72889
0.791636
1.67478
0.874401
1.48921
0.956793
1.03838
1.34869
1.27426
1.19749
1.11874
1.11874
1.19749
0.874401
1.27426
0.791636
1.34869
0.708951
0.545724
3.18217e-32
3.18217e-32
1.87262e-32
0.0562525
0.0562525
1.87262e-32
0.11784
0.184123
0.11784
0.184123
0.328326
0.254485
0.254485
0.328326
0.405066
0.484145
0.405066
0.484145
0.64718
0.565024
0.813339
0.730113
0.565024
0.64718
0.896398
0.978845
0.730113
0.813339
1.06026
1.14024
0.896398
0.978845
1.21839
1.29436
1.14024
1.06026
1.21839
1.29436
1.43841
1.36781
1.43841
1.36781
1.56986
1.50585
1.50585
1.56986
1.68653
1.63017
1.78658
1.73874
1.82987
1.86845
1.63017
1.68653
1.93091
1.90217
1.78658
1.73874
1.82987
1.86845
1.93091
1.90217
1.97306
1.95457
1.99429
1.98632
1.99695
1.99429
1.95457
1.98632
1.97306
1.52052
0.266164
0.193376
1.58299
0.124343
0.0596752
1.6416
1.69615
0.0596752
0.342118
0.42067
1.7464
1.79218
0.583381
1.8333
0.124343
1.86961
1.90098
0.193376
1.9273
1.94847
0.266164
1.96441
1.97508
0.342118
1.23761
1.98041
1.31272
1.98041
0.42067
1.97508
1.96441
0.501268
1.58299
1.6416
1.94847
1.9273
0.583381
1.90098
1.86961
0.666499
1.8333
1.79218
0.75013
1.7464
1.69615
0.833801
0.91706
1.52052
1.45447
0.999474
1.38511
1.08063
1.16013
1.16013
1.08063
0.999474
1.23761
0.91706
0.833801
1.31272
0.75013
0.666499
1.38511
0.501268
1.45447
3.65217e-32
3.65217e-32
2.11945e-32
0.0629686
0.0629686
2.11945e-32
0.20225
0.130592
0.130592
0.20225
0.277345
0.355298
0.355298
0.277345
0.517554
0.435548
0.435548
0.517554
0.600797
0.684773
0.769003
0.853021
0.600797
0.684773
1.01868
0.936388
0.853021
0.769003
1.09949
1.17844
0.936388
1.01868
1.25516
1.32932
1.09949
1.17844
1.32932
1.25516
1.46865
1.40058
1.40058
1.46865
1.53324
1.59409
1.59409
1.53324
1.70362
1.65096
1.79553
1.75187
1.86845
1.83444
1.70362
1.65096
1.89743
1.92129
1.79553
1.75187
1.83444
1.86845
1.92129
1.89743
1.93993
1.95329
1.96401
1.96133
1.96133
1.95329
1.93993
0.136585
0.0661329
1.60318
1.65824
0.0661329
1.70896
0.210747
1.75516
1.79665
0.367863
0.136585
1.8333
1.86495
0.61727
1.89151
0.210747
1.91286
0.288029
1.92895
1.9397
1.94509
1.03646
0.367863
1.94509
0.449699
1.27104
1.9397
1.92895
1.91286
0.533005
1.48094
1.89151
0.61727
1.86495
1.8333
1.79665
0.702002
1.75516
0.78673
1.70896
1.65824
1.60318
0.871001
1.544
0.954382
1.41424
1.34417
1.03646
1.11684
1.19515
1.11684
1.19515
0.954382
1.27104
0.871001
0.78673
0.702002
1.34417
1.41424
0.533005
0.449699
1.48094
0.288029
1.544
4.08859e-32
4.08859e-32
2.34795e-32
0.0691678
0.0691678
2.34795e-32
0.142323
0.218865
0.142323
0.218865
0.379816
0.298216
0.379816
0.298216
0.547619
0.463124
0.463124
0.547619
0.632801
0.718186
0.887739
0.803313
0.632801
0.718186
1.05282
0.971042
0.803313
0.887739
1.13268
1.21027
0.971042
1.05282
1.28525
1.35728
1.13268
1.21027
1.28525
1.35728
1.49133
1.42607
1.49133
1.42607
1.61025
1.55281
1.61025
1.55281
1.66344
1.71217
1.79553
1.75625
1.85913
1.82987
1.71217
1.66344
1.88321
1.90203
1.79553
1.75625
1.82987
1.85913
1.90203
1.88321
1.92364
1.91552
1.92364
1.92634
1.91552
1.6153
1.66656
0.0720736
0.0720736
1.71323
1.75516
0.147805
1.79218
1.82415
0.391155
0.475823
1.85098
0.226606
1.87255
0.307906
1.88879
1.89965
1.90509
0.903237
0.391155
1.90509
1.06775
1.14701
0.475823
1.89965
1.88879
1.87255
1.36864
0.561398
1.85098
0.64739
1.82415
1.79218
1.6153
1.75516
0.733325
1.71323
0.818752
1.66656
1.55966
0.903237
1.49984
0.986368
1.43608
1.29778
1.06775
1.2238
1.14701
0.986368
1.2238
1.29778
0.818752
0.733325
0.64739
1.36864
0.561398
1.43608
0.307906
1.49984
0.226606
1.55966
0.147805
4.49144e-32
4.49144e-32
2.55813e-32
0.0748501
2.55813e-32
0.0748501
0.233969
0.153033
0.153033
0.233969
0.401881
0.317099
0.401881
0.317099
0.487796
0.574342
0.487796
0.574342
0.747419
0.661037
0.917494
0.833046
0.661037
0.747419
1.08126
1.00036
0.917494
0.833046
1.23574
1.15983
1.00036
1.08126
1.37825
1.30864
1.15983
1.23574
1.37825
1.30864
1.44427
1.50645
1.44427
1.50645
1.61833
1.56455
1.61833
1.56455
1.6676
1.71217
1.78658
1.75187
1.81615
1.84049
1.6676
1.71217
1.87314
1.85951
1.75187
1.78658
1.81615
1.84049
1.87314
1.85951
1.88408
1.88134
1.88134
0.0774975
1.66656
1.70896
1.7464
0.158006
1.77874
1.80586
0.240954
1.82768
1.8441
0.325794
1.85509
1.86059
0.673743
0.411994
0.760469
1.86059
1.85509
0.499043
1.8441
1.82768
1.09335
1.17115
0.58645
1.80586
1.77874
0.673743
1.7464
1.70896
0.760469
1.66656
1.61934
0.846196
1.56748
1.51118
0.930511
1.45064
1.38611
1.01302
1.31783
1.24608
1.09335
1.17115
1.01302
0.930511
1.24608
0.846196
1.31783
0.58645
1.38611
0.499043
0.411994
1.45064
0.325794
0.240954
1.51118
0.158006
0.0774975
1.56748
1.61934
4.86071e-32
4.86071e-32
2.75e-32
0.0800156
0.0800156
2.75e-32
0.162723
0.247562
0.162723
0.247562
0.333992
0.421493
0.421493
0.333992
0.597722
0.509564
0.597722
0.509564
0.772474
0.685507
0.942287
0.858202
0.685507
0.772474
1.10402
1.02435
0.942287
0.858202
1.18095
1.25483
1.10402
1.02435
1.32535
1.39223
1.18095
1.25483
1.32535
1.39223
1.4552
1.51401
1.4552
1.51401
1.61833
1.56846
1.61833
1.56846
1.70362
1.66344
1.73874
1.76866
1.81253
1.79329
1.66344
1.70362
1.82632
1.83462
1.73874
1.76866
1.79329
1.81253
1.82632
1.83739
1.83462
1.69615
0.167185
1.72889
1.75634
1.77843
0.253791
1.79505
0.341693
1.80617
0.430379
1.81174
1.81174
0.430379
0.696329
1.80617
0.519358
1.79505
1.77843
0.952823
1.75634
0.608159
1.72889
0.696329
1.69615
1.65824
1.3312
1.6153
0.783435
1.56748
0.869064
1.51496
1.45793
1.39659
0.952823
1.03434
1.26199
1.18925
1.11326
1.11326
1.03434
1.18925
0.869064
0.783435
1.26199
1.3312
0.608159
0.519358
1.39659
0.341693
1.45793
0.253791
0.167185
0.0824046
1.51496
1.56748
0.0824046
1.6153
1.65824
5.1964e-32
5.1964e-32
2.92355e-32
0.0846643
0.0846643
2.92355e-32
0.259643
0.171392
0.171392
0.259643
0.438652
0.348897
0.348897
0.438652
0.528428
0.617761
0.528428
0.617761
0.70621
0.793351
0.96212
0.878783
0.70621
0.793351
1.12108
1.043
0.96212
0.878783
1.26756
1.19603
1.043
1.12108
1.39921
1.33538
1.26756
1.19603
1.39921
1.33538
1.45884
1.51401
1.45884
1.51401
1.56455
1.61025
1.56455
1.61025
1.65096
1.68653
1.71684
1.74179
1.77524
1.76127
1.65096
1.68653
1.78645
1.78364
1.74179
1.71684
1.77524
1.76127
1.78364
0.175344
1.67478
1.70261
1.72499
0.265117
1.74183
0.265117
0.355604
1.7531
0.446312
0.536771
1.75874
1.75874
0.446312
1.7531
0.802224
0.536771
1.74183
1.72499
1.70261
0.626527
1.12748
1.20131
1.67478
0.715149
1.6416
1.60318
1.55966
0.802224
1.51118
0.887357
1.45793
1.40009
1.33788
0.970176
1.27154
1.05033
1.05033
1.12748
0.970176
1.20131
0.887357
0.715149
1.27154
0.626527
1.33788
0.355604
1.40009
1.45793
0.175344
0.0867948
1.51118
1.55966
0.0867948
1.60318
1.6416
5.49853e-32
5.49853e-32
3.07878e-32
0.0887961
0.0887961
3.07878e-32
0.270214
0.179041
0.179041
0.270214
0.453359
0.361814
0.453359
0.361814
0.634458
0.544388
0.544388
0.634458
0.723148
0.810052
0.894789
0.976993
0.723148
0.810052
1.13245
1.05632
0.894789
0.976993
1.20508
1.27392
1.05632
1.13245
1.33872
1.39921
1.27392
1.20508
1.39921
1.33872
1.4552
1.50645
1.50645
1.4552
1.55281
1.59409
1.59409
1.55281
1.63017
1.6609
1.68619
1.70594
1.7201
1.72862
1.63017
1.6609
1.72862
1.73146
1.70594
1.68619
1.7201
1.66757
0.274933
1.68466
0.0906684
1.69608
0.367526
1.7018
1.7018
0.459793
0.459793
0.55128
1.69608
1.68466
0.55128
1.66757
1.64487
0.641555
1.61665
1.58299
0.730205
1.544
1.13601
1.49984
0.816836
1.45064
1.39659
0.901076
1.33788
1.27472
0.982571
1.20734
1.06099
1.06099
0.982571
1.13601
0.901076
0.816836
1.20734
0.730205
0.641555
1.27472
1.33788
0.367526
0.274933
1.39659
0.182483
1.45064
1.49984
0.0906684
1.64487
1.544
1.58299
1.61665
0.182483
5.76708e-32
5.76708e-32
3.2157e-32
0.0924113
0.0924113
3.2157e-32
0.18567
0.279274
0.18567
0.279274
0.465614
0.372743
0.372743
0.465614
0.647816
0.557446
0.557446
0.647816
0.822577
0.736321
0.986908
0.906221
0.736321
0.822577
1.06432
1.13814
0.986908
0.906221
1.2081
1.27392
1.13814
1.06432
1.33537
1.39223
1.27392
1.2081
1.33537
1.39223
1.49133
1.44427
1.49133
1.44427
1.53324
1.56986
1.56986
1.53324
1.62671
1.60105
1.66113
1.64676
1.67265
1.66977
1.62671
1.60105
1.66977
1.64676
1.66113
0.283237
1.63535
0.377462
1.64116
1.64116
1.63535
0.283237
0.470822
1.62376
0.562887
1.60641
1.58336
1.55471
0.741495
0.653242
1.52052
0.741495
1.48094
0.990007
1.43608
1.38611
1.13885
0.827273
1.3312
0.910222
1.27154
1.20734
0.990007
1.06632
1.06632
0.910222
0.827273
1.13885
1.20734
0.653242
0.562887
0.470822
1.27154
0.377462
1.3312
0.188601
0.0940252
1.38611
1.43608
0.0940252
1.62376
1.48094
1.52052
1.55471
0.188601
1.58336
1.60641
6.00207e-32
6.00207e-32
3.33431e-32
0.0955099
0.0955099
3.33431e-32
0.286823
0.191278
0.191278
0.286823
0.475417
0.381684
0.475417
0.381684
0.657833
0.567602
0.567602
0.657833
0.830926
0.74573
0.991866
0.91308
0.74573
0.830926
1.13814
1.06698
0.91308
0.991866
1.26756
1.20508
1.13814
1.06698
1.37825
1.32535
1.20508
1.26756
1.32535
1.37825
1.42607
1.46865
1.42607
1.46865
1.50585
1.53753
1.50585
1.53753
1.5636
1.58397
1.59856
1.60733
1.61026
1.60733
1.58397
1.5636
1.59856
0.385409
1.57707
1.57707
0.0968655
1.57117
0.4794
1.55938
0.571591
1.54175
0.4794
0.571591
1.51834
1.48921
0.66159
1.45447
0.749022
1.41424
1.36864
0.992486
1.31783
0.833535
1.26199
0.914794
1.20131
1.13601
1.06632
0.992486
1.06632
0.914794
0.833535
0.749022
1.13601
0.66159
1.20131
0.385409
1.26199
0.290032
1.31783
0.1937
1.36864
1.41424
0.0968655
1.57117
1.45447
1.48921
0.1937
1.51834
1.54175
1.55938
0.290032
6.2035e-32
6.2035e-32
3.43461e-32
0.0980919
0.0980919
3.43461e-32
0.195867
0.292863
0.195867
0.292863
0.48277
0.388638
0.48277
0.388638
0.664511
0.574856
0.574856
0.664511
0.751375
0.835101
0.991866
0.915366
0.835101
0.751375
1.06432
1.13245
0.915366
0.991866
1.25483
1.19603
1.13245
1.06432
1.35728
1.30864
1.25483
1.19603
1.30864
1.35728
1.40058
1.4384
1.40058
1.4384
1.49712
1.47062
1.49712
1.47062
1.51782
1.53266
1.54158
1.54456
1.54158
1.51782
1.53266
1.50379
0.485527
1.49181
1.47388
0.577394
1.45007
1.42044
0.666598
1.38511
0.485527
1.34417
0.752786
1.29778
0.752786
1.24608
0.835622
0.835622
1.18925
1.12748
0.914794
1.06099
0.990007
0.990007
0.914794
1.06099
0.666598
1.12748
0.577394
1.18925
0.39137
0.295316
1.24608
0.197779
0.0991892
1.29778
1.34417
0.0991892
1.50979
1.38511
1.50979
1.42044
1.45007
0.197779
1.47388
1.49181
0.295316
1.50379
0.39137
6.37137e-32
6.37137e-32
3.51661e-32
0.100157
0.100157
3.51661e-32
0.297392
0.199436
0.297392
0.199436
0.393605
0.487671
0.487671
0.393605
0.66785
0.579208
0.579208
0.66785
0.753256
0.835101
0.91308
0.986908
0.835101
0.753256
1.12108
1.05632
0.986908
0.91308
1.18095
1.23574
1.12108
1.05632
1.32932
1.28525
1.23574
1.18095
1.28525
1.32932
1.36781
1.40059
1.40059
1.36781
1.42755
1.44862
1.44862
1.42755
1.46371
1.47278
1.47581
1.47278
1.46371
0.489203
1.40308
0.580295
1.37884
1.34869
1.31272
0.299091
0.668268
1.27104
0.489203
0.752786
1.2238
1.17115
1.11326
0.833535
1.05033
0.910222
0.982571
0.910222
0.833535
0.982571
0.752786
1.05033
0.668268
0.580295
1.11326
0.395343
1.17115
0.200837
0.100996
1.2238
1.27104
0.100996
1.42133
1.31272
1.34869
1.37884
1.43963
0.200837
1.40308
1.42133
1.43352
0.299091
0.395343
1.43963
1.43352
6.50569e-32
6.50569e-32
3.5803e-32
0.101706
0.101706
3.5803e-32
0.300411
0.201985
0.201985
0.300411
0.490122
0.396585
0.396585
0.490122
0.66785
0.580658
0.580658
0.66785
0.830926
0.751375
0.976993
0.906221
0.830926
0.751375
1.10402
1.043
0.976993
0.906221
1.21027
1.15983
1.10402
1.043
1.25516
1.29436
1.15983
1.21027
1.25516
1.29436
1.3552
1.32774
1.3552
1.32774
1.37665
1.39201
1.39201
1.37665
1.40125
1.40433
1.40125
0.580295
1.30498
1.27426
1.23761
0.666598
1.19515
0.301355
0.749022
1.14701
0.490428
1.09335
1.03434
0.827273
0.970176
0.901076
0.901076
0.827273
0.749022
0.970176
0.666598
1.03434
0.580295
0.39733
1.09335
1.14701
0.202877
0.102287
1.19515
1.23761
0.102287
1.32967
1.27426
1.30498
1.36067
1.36689
0.202877
1.32967
1.34825
1.36067
0.301355
1.36689
0.39733
1.34825
0.490428
6.60646e-32
6.60646e-32
3.62569e-32
0.102739
0.102739
3.62569e-32
0.301921
0.203514
0.203514
0.301921
0.490122
0.397579
0.490122
0.397579
0.664511
0.579208
0.579208
0.664511
0.74573
0.822576
0.894789
0.96212
0.74573
0.822576
1.02435
1.08126
0.96212
0.894789
1.13268
1.17844
1.08126
1.02435
1.25241
1.21839
1.17844
1.13268
1.21839
1.25241
1.30224
1.28039
1.28039
1.30224
1.32731
1.31789
1.31789
1.32731
1.33045
1.16013
0.66159
1.11684
0.103062
1.06775
0.741495
1.01302
0.952823
0.816836
0.489203
0.577394
0.887357
0.816836
0.887357
0.741495
0.66159
0.952823
1.01302
0.39733
0.30211
1.06775
0.203896
1.11684
1.16013
0.103062
1.19749
1.19749
1.22881
1.22881
1.25397
0.203896
1.27291
1.28557
0.30211
1.29191
1.29191
0.39733
1.28557
1.27291
0.489203
1.25397
0.577394
6.6737e-32
6.6737e-32
3.65277e-32
0.103255
0.103255
3.65277e-32
0.204024
0.301921
0.204024
0.301921
0.487671
0.396585
0.396585
0.487671
0.657833
0.574856
0.574856
0.657833
0.736321
0.810052
0.942287
0.878783
0.810052
0.736321
1.05282
1.00036
0.942287
0.878783
1.14023
1.09949
1.05282
1.00036
1.20345
1.17493
1.14023
1.09949
1.17493
1.20345
1.24169
1.22573
1.24169
1.22573
1.25129
1.25129
1.25449
0.653242
0.986368
0.730205
0.930511
0.869064
0.802224
0.301355
0.802224
0.730205
0.869064
0.653242
0.571591
0.485527
0.930511
0.395343
0.986368
0.203896
0.10332
1.03646
1.08063
0.10332
1.03646
1.11874
1.15068
1.17635
1.15068
0.203896
1.19567
1.20858
1.21504
0.301355
1.21504
0.395343
1.20858
1.19567
1.17635
0.485527
0.571591
1.11874
1.08063
6.70738e-32
6.70738e-32
3.66156e-32
0.103255
0.103255
3.66156e-32
0.300411
0.203514
0.203514
0.300411
0.48277
0.393605
0.393605
0.48277
0.567602
0.647816
0.647816
0.567602
0.723148
0.793351
0.858202
0.917494
0.723148
0.793351
0.971042
1.01868
0.858202
0.917494
1.09566
1.06026
0.971042
1.01868
1.12476
1.14749
1.09566
1.06026
1.12476
1.14749
1.17356
1.16378
1.17356
1.16378
1.17683
0.715149
0.846196
0.783435
0.103062
0.715149
0.783435
0.641555
0.846196
0.562887
0.4794
0.39137
0.903237
0.299091
0.954381
0.202877
0.999474
1.03838
0.103062
0.903237
1.07097
1.09717
0.999474
1.03838
0.202877
1.11688
1.13006
1.13666
1.11688
0.299091
1.13666
0.39137
1.13006
1.09717
0.4794
1.07097
0.562887
0.954381
0.641555
6.70753e-32
6.70753e-32
3.65205e-32
0.102739
0.102739
3.65205e-32
0.297392
0.201985
0.201985
0.297392
0.388638
0.475417
0.475417
0.388638
0.557446
0.634458
0.557446
0.634458
0.70621
0.772474
0.887739
0.833046
0.772474
0.70621
0.936388
0.978845
0.887739
0.833046
1.01499
1.0447
0.936388
0.978845
1.0679
1.08452
1.01499
1.0447
1.0679
1.08452
1.09785
1.09452
1.09452
0.626527
0.760469
0.55128
0.470822
0.818752
0.385409
0.295316
0.871001
0.200837
0.102287
0.91706
0.956792
0.102287
0.696329
0.990081
0.760469
1.01683
1.03696
0.200837
1.05041
1.05715
0.956792
0.990081
0.295316
1.05715
1.05041
0.385409
1.03696
1.01683
0.470822
0.55128
0.91706
0.871001
0.626527
0.818752
0.696329
6.67414e-32
6.67414e-32
3.62424e-32
0.101706
0.101706
3.62424e-32
0.199436
0.292863
0.199436
0.292863
0.465614
0.381684
0.465614
0.381684
0.544388
0.617761
0.544388
0.617761
0.685507
0.747419
0.853021
0.803313
0.747419
0.685507
0.933315
0.896398
0.853021
0.803313
0.987364
0.963667
0.933315
0.896398
1.01454
1.00434
0.963667
0.987364
1.01454
1.00434
1.01795
0.733325
0.377462
0.78673
0.290032
0.197779
0.100996
0.833801
0.874401
0.100996
0.459793
0.908413
0.93574
0.956303
0.673743
0.197779
0.970045
0.976925
0.976925
0.833801
0.290032
0.970045
0.377462
0.956303
0.93574
0.908413
0.459793
0.874401
0.536771
0.78673
0.733325
0.608159
0.673743
0.608159
0.536771
6.60721e-32
6.60721e-32
3.57813e-32
0.100157
0.100157
3.57813e-32
0.286823
0.195867
0.195867
0.286823
0.372743
0.453359
0.453359
0.372743
0.528428
0.597722
0.597722
0.528428
0.718186
0.661037
0.769002
0.813339
0.718186
0.661037
0.882087
0.85107
0.813339
0.769002
0.906302
0.923647
0.882087
0.85107
0.937553
0.934074
0.923647
0.906302
0.934074
0.75013
0.1937
0.0991892
0.791636
0.826404
0.0991892
0.283237
0.854335
0.875352
0.446312
0.519358
0.1937
0.889396
0.896427
0.896427
0.702002
0.283237
0.889396
0.367526
0.875352
0.854335
0.826404
0.446312
0.791636
0.519358
0.75013
0.64739
0.58645
0.58645
0.64739
0.367526
0.702002
6.50673e-32
6.50673e-32
3.51371e-32
0.0980918
0.0980918
3.51371e-32
0.191278
0.279274
0.191278
0.279274
0.438652
0.361814
0.438652
0.361814
0.574342
0.509564
0.574342
0.509564
0.684773
0.632801
0.730113
0.768692
0.684773
0.632801
0.800403
0.825158
0.730113
0.768692
0.84289
0.853548
0.825158
0.800403
0.857104
0.853548
0.84289
0.744506
0.0968655
0.773067
0.0968655
0.794557
0.808915
0.188601
0.816105
0.816105
0.430379
0.499043
0.274933
0.808915
0.617269
0.794557
0.355604
0.773067
0.744506
0.430379
0.70895
0.666499
0.499043
0.561398
0.561398
0.617269
0.355604
0.274933
0.666499
0.188601
0.70895
6.3727e-32
6.3727e-32
3.43099e-32
0.0955099
3.43099e-32
0.0955099
0.270214
0.18567
0.18567
0.270214
0.348897
0.421493
0.348897
0.421493
0.547619
0.487796
0.487796
0.547619
0.600797
0.64718
0.686643
0.719078
0.64718
0.600797
0.744396
0.762529
0.719078
0.686643
0.777065
0.773429
0.762529
0.744396
0.773429
0.0940252
0.692408
0.71439
0.729076
0.182483
0.73643
0.265117
0.73643
0.729076
0.265117
0.71439
0.341693
0.692408
0.663191
0.626816
0.411994
0.583381
0.475823
0.533004
0.475823
0.411994
0.533004
0.341693
0.583381
0.182483
0.0940252
0.626816
0.663191
6.20513e-32
6.20513e-32
3.32997e-32
0.0924113
0.0924113
3.32997e-32
0.259643
0.179041
0.179041
0.259643
0.401881
0.333992
0.333992
0.401881
0.517554
0.463124
0.517554
0.463124
0.605406
0.565024
0.664496
0.638593
0.565024
0.605406
0.683048
0.694198
0.664496
0.638593
0.697918
0.683048
0.694198
0.650371
0.175344
0.657894
0.0906684
0.657894
0.650371
0.253791
0.635343
0.325794
0.391155
0.449699
0.61285
0.582951
0.545724
0.391155
0.501268
0.449699
0.325794
0.501268
0.253791
0.545724
0.175344
0.582951
0.61285
0.0906684
0.635343
6.00399e-32
6.00399e-32
3.21063e-32
0.0887961
0.0887961
3.21063e-32
0.247561
0.171392
0.171392
0.247561
0.317099
0.379816
0.317099
0.379816
0.435548
0.484145
0.484145
0.435548
0.559451
0.525483
0.585962
0.604947
0.525483
0.559451
0.616358
0.620165
0.604947
0.585962
0.616358
0.167185
0.58101
0.57331
0.240954
0.557928
0.534905
0.307906
0.504298
0.466187
0.367863
0.42067
0.367863
0.42067
0.307906
0.240954
0.466187
0.167185
0.0867948
0.504298
0.534905
0.0867948
0.557928
0.57331
0.58101
5.7693e-32
5.7693e-32
3.07299e-32
0.0846642
0.0846642
3.07299e-32
0.233969
0.162723
0.162723
0.233969
0.298216
0.355297
0.298216
0.355297
0.405066
0.447393
0.405066
0.447393
0.482172
0.509313
0.54043
0.528749
0.509313
0.482172
0.54043
0.544327
0.528749
0.498425
0.482676
0.226606
0.459103
0.288029
0.427763
0.226606
0.388735
0.342118
0.342118
0.288029
0.388735
0.158006
0.0824046
0.427763
0.459103
0.0824046
0.482676
0.506309
0.498425
0.506309
0.158006
5.50104e-32
5.50104e-32
0.0800156
2.91703e-32
0.0800156
2.91703e-32
0.218865
0.153033
0.153033
0.218865
0.328326
0.277345
0.328326
0.277345
0.371679
0.407297
0.371679
0.407297
0.454994
0.435092
0.470945
0.466955
0.435092
0.466955
0.454994
0.210747
0.385995
0.266164
0.353896
0.313919
0.266164
0.313919
0.210747
0.353896
0.147805
0.0774975
0.385995
0.410138
0.0774975
0.426266
0.426266
0.43434
0.147805
0.43434
0.410138
5.19922e-32
5.19922e-32
2.74276e-32
0.0748501
0.0748501
2.74276e-32
0.20225
0.142323
0.142323
0.20225
0.2989
0.254485
0.254485
0.2989
0.335387
0.363857
0.363857
0.335387
0.384242
0.396492
0.400579
0.396492
0.384242
0.242309
0.242309
0.193376
0.283267
0.136585
0.0720736
0.316151
0.340883
0.0720736
0.283267
0.316151
0.357404
0.365674
0.365674
0.136585
0.357404
0.340883
0.193376
4.86382e-32
4.86382e-32
2.55017e-32
0.0691678
0.0691678
2.55017e-32
0.184123
0.130592
0.184123
0.130592
0.26702
0.229636
0.26702
0.229636
0.317073
0.296189
0.296189
0.317073
0.329623
0.333809
0.329623
0.124343
0.0661329
0.25016
0.275501
0.0661329
0.292427
0.174493
0.3009
0.3009
0.25016
0.124343
0.292427
0.275501
0.174493
0.216465
0.216465
4.49485e-32
4.49485e-32
2.33926e-32
0.0629686
0.0629686
2.33926e-32
0.11784
0.164485
0.11784
0.164485
0.232687
0.202797
0.232687
0.202797
0.266945
0.254086
0.254086
0.271235
0.266945
0.2146
0.231945
0.0596752
0.0596752
0.240627
0.240627
0.111081
0.231945
0.2146
0.188632
0.154099
0.154099
0.188632
0.111081
4.0923e-32
4.0923e-32
2.11003e-32
0.0562525
2.11003e-32
0.0562525
0.104067
0.143336
0.104067
0.143336
0.1959
0.17397
0.1959
0.17397
0.213474
0.209078
0.209078
0.0527006
0.185485
0.185485
0.176587
0.0967983
0.15881
0.132194
0.132194
0.0967983
0.0527006
0.15881
0.176587
3.65617e-32
3.65617e-32
1.86248e-32
0.0490195
0.0490195
1.86248e-32
0.120675
0.0892743
0.0892743
0.120675
0.143153
0.15666
0.143153
0.15666
0.161165
0.126999
0.0814947
0.108778
0.0814947
0.0452092
0.108778
0.126999
0.0452092
0.136119
0.136119
3.18647e-32
3.18647e-32
1.59661e-32
0.0412696
0.0412696
1.59661e-32
0.0965025
0.0734604
0.0734604
0.0965025
0.110348
0.110348
0.114966
0.0651706
0.0651706
0.0372009
0.0838498
0.0931992
0.0372009
0.0931992
0.0838498
2.68319e-32
2.68319e-32
1.31243e-32
0.0330029
1.31243e-32
0.0330029
0.056626
0.0708191
0.056626
0.0708191
0.0755537
0.0574108
0.0286757
0.0574108
0.0478259
0.0286757
0.0478259
2.14633e-32
2.14633e-32
0.0242193
1.00993e-32
0.0242193
1.00993e-32
0.0387711
0.0387711
0.0436245
0.0196338
0.0294608
0.0196338
0.0294608
1.57591e-32
1.57591e-32
6.89112e-33
0.014919
0.014919
6.89112e-33
0.0198958
0.0100752
0.0100752
9.71913e-33
9.71913e-33
3.49982e-33
3.49982e-33
0.00510203
1.44558e-35
3.34353e-33
3.34353e-33
