1.45424e-35
3.36357e-33
3.36357e-33
3.52079e-33
9.77737e-33
0.00513261
0.0101356
3.52079e-33
9.77737e-33
0.0101356
6.93241e-33
0.0197515
1.58535e-32
0.0150084
0.020015
0.0296373
0.0296373
0.0150084
0.0197515
1.58535e-32
6.93241e-33
1.01598e-32
0.0288475
2.15919e-32
0.0243644
0.0481124
0.0577547
0.0390034
0.0438859
1.01598e-32
0.0288475
0.0390034
0.0577547
0.0481124
0.0243644
2.15919e-32
1.32029e-32
0.0332005
0.0374237
2.69925e-32
0.0569652
0.0655609
0.084352
0.0712433
0.0937574
0.0760063
0.0937574
0.0712433
0.0332005
2.69925e-32
0.0374237
1.32029e-32
0.0655609
0.0569652
0.084352
1.60617e-32
3.20554e-32
0.0415167
0.0454798
0.0739004
0.0819827
0.109429
0.0970804
0.0454798
3.20554e-32
0.0415167
1.60617e-32
0.136935
0.115654
0.127759
0.111009
0.111009
0.109429
0.127759
0.0739004
0.136935
0.0970804
0.0819827
1.87363e-32
0.053016
3.67805e-32
0.0493129
0.0898087
0.0973776
0.132986
0.121397
0.157598
0.14401
0.159761
0.177644
3.67805e-32
0.053016
0.0493129
1.87363e-32
0.0898087
0.132986
0.0973776
0.121397
0.16213
0.186595
0.157598
0.186595
0.159761
0.177644
0.14401
2.12265e-32
0.0600322
4.11677e-32
0.056589
0.10469
0.111746
0.155022
0.144193
0.215885
0.197073
0.175011
0.189761
0.21033
0.233333
0.242068
0.214752
2.12265e-32
0.0600322
4.11677e-32
0.056589
0.10469
0.111746
0.155022
0.144193
0.233333
0.215885
0.189761
0.242068
0.175011
0.21033
0.197073
2.35324e-32
0.0665283
4.52171e-32
0.0633452
0.118545
0.125087
0.175537
0.165469
0.21776
0.251657
0.234079
0.204011
0.255607
0.277149
0.294176
0.268542
0.0633452
2.35324e-32
0.0665283
4.52171e-32
0.272858
0.3027
0.3027
0.268542
0.125087
0.175537
0.118545
0.165469
0.234079
0.277149
0.294176
0.21776
0.204011
0.255607
0.251657
2.56541e-32
0.0725043
4.89288e-32
0.0695812
0.185224
0.131373
0.137401
0.194532
0.243758
0.28496
0.268617
0.231009
0.297961
0.318041
0.342921
0.318969
0.331595
0.359541
0.36786
0.335806
4.89288e-32
0.0695812
2.56541e-32
0.0725043
0.194532
0.137401
0.185224
0.131373
0.36786
0.359541
0.331595
0.318969
0.268617
0.231009
0.243758
0.28496
0.318041
0.342921
0.297961
2.75914e-32
0.0779604
5.23026e-32
0.0752973
0.143173
0.212006
0.203459
0.148688
0.0752973
0.0779604
5.23026e-32
2.75914e-32
0.267754
0.315795
0.300686
0.256006
0.337392
0.388302
0.366032
0.356011
0.398863
0.412589
0.428813
0.386539
0.436935
0.402974
0.398863
0.436935
0.148688
0.212006
0.203459
0.143173
0.315795
0.267754
0.300686
0.256006
0.428813
0.412589
0.356011
0.386539
0.388302
0.337392
0.366032
2.93444e-32
0.0828964
5.53387e-32
0.0804933
0.153947
0.158949
0.227959
0.220172
0.0804933
0.0828964
5.53387e-32
2.93444e-32
0.289749
0.344161
0.330287
0.279002
0.158949
0.220172
0.227959
0.153947
0.373899
0.391057
0.40973
0.430318
0.457712
0.461845
0.485559
0.437691
0.509333
0.473759
0.501402
0.469745
0.469745
0.509333
0.501402
0.457712
0.279002
0.344161
0.289749
0.330287
0.485559
0.40973
0.430318
0.391057
0.373899
0.437691
0.461845
3.09132e-32
0.0851694
0.0873126
5.80371e-32
0.163694
0.168182
0.242392
0.235365
0.309743
0.370059
0.357418
0.299997
0.0851694
0.0873126
5.80371e-32
3.09132e-32
0.242392
0.168182
0.235365
0.163694
0.407484
0.42318
0.468969
0.450064
0.309743
0.357418
0.299997
0.370059
0.485051
0.507308
0.538097
0.512354
0.531906
0.543657
0.561258
0.576731
0.584478
0.543657
0.547577
0.584478
0.531906
0.561258
0.576731
0.512354
0.42318
0.507308
0.450064
0.407484
0.538097
0.485051
0.468969
3.22978e-32
6.03978e-32
0.0893257
0.0912089
0.172415
0.17639
0.255305
0.249038
0.327736
0.393488
0.382082
0.31899
0.0893257
0.0912089
6.03978e-32
3.22978e-32
0.438146
0.452381
0.504257
0.487034
0.255305
0.17639
0.249038
0.172415
0.382082
0.393488
0.327736
0.31899
0.548979
0.528618
0.586428
0.562788
0.452381
0.438146
0.487034
0.504257
0.608556
0.589458
0.639132
0.616505
0.620035
0.654249
0.623865
0.661818
0.661818
0.608556
0.620035
0.654249
0.589458
0.562788
0.528618
0.616505
0.548979
0.586428
0.639132
3.34981e-32
0.0945855
6.24209e-32
0.0929621
0.180108
0.18357
0.266697
0.261191
0.343729
0.414449
0.335983
0.404277
0.465885
0.478659
0.536181
0.520639
0.0929621
0.0945855
6.24209e-32
3.34981e-32
0.18357
0.266697
0.261191
0.180108
0.630551
0.586857
0.568392
0.609015
0.414449
0.343729
0.404277
0.335983
0.520639
0.465885
0.478659
0.536181
0.696533
0.668457
0.6424
0.667142
0.568392
0.630551
0.586857
0.609015
0.698336
0.687119
0.73342
0.718646
0.740817
0.702078
0.698336
0.740817
0.668457
0.696533
0.667142
0.687119
0.73342
0.718646
0.6424
3.45143e-32
0.0974424
6.41065e-32
0.0960788
0.186776
0.189725
0.27657
0.271823
0.357722
0.350976
0.432942
0.424004
0.490702
0.502015
0.564741
0.550881
3.45143e-32
6.41065e-32
0.0960788
0.0974424
0.651035
0.604375
0.620945
0.670467
0.186776
0.189725
0.27657
0.271823
0.432942
0.357722
0.424004
0.350976
0.713171
0.748937
0.72336
0.690733
0.550881
0.564741
0.490702
0.502015
0.604375
0.620945
0.651035
0.670467
0.777668
0.799285
0.748829
0.767069
0.748937
0.713171
0.690733
0.72336
0.781692
0.778034
0.820961
0.813729
0.777668
0.820961
0.799285
0.813729
0.767069
0.778034
0.748829
3.53463e-32
0.0997797
6.54545e-32
0.0986759
0.192417
0.194853
0.284923
0.280937
0.363968
0.369714
0.448968
0.441264
0.512597
0.522449
0.589939
0.57776
0.0986759
0.0997797
6.54545e-32
3.53463e-32
0.688848
0.636567
0.651241
0.706178
0.192417
0.280937
0.284923
0.194853
0.796343
0.773265
0.754591
0.734457
0.369714
0.448968
0.441264
0.363968
0.57776
0.589939
0.522449
0.512597
0.831317
0.859414
0.830066
0.805164
0.706178
0.636567
0.651241
0.688848
0.796343
0.754591
0.734457
0.773265
0.858624
0.847903
0.880555
0.894681
0.830066
0.805164
0.859414
0.831317
0.901754
0.862201
0.858624
0.847903
0.894681
0.880555
0.901754
3.59942e-32
0.101597
6.64652e-32
0.100753
0.197033
0.198956
0.291758
0.28853
0.100753
0.101597
6.64652e-32
3.59942e-32
0.374961
0.379707
0.462528
0.456056
0.531571
0.539963
0.611775
0.601277
0.737683
0.722456
0.664968
0.677748
0.28853
0.197033
0.291758
0.198956
0.791404
0.818173
0.838754
0.773574
0.374961
0.462528
0.456056
0.379707
0.887327
0.879594
0.913807
0.856127
0.611775
0.539963
0.601277
0.531571
0.737683
0.677748
0.664968
0.722456
0.929133
0.941295
0.961979
0.911685
0.838754
0.791404
0.773574
0.818173
0.913807
0.887327
0.856127
0.879594
0.939621
0.94312
0.982722
0.975801
0.929133
0.911685
0.941295
0.961979
0.982722
0.939621
0.975801
3.6458e-32
0.102896
6.71384e-32
0.102312
0.200622
0.202032
0.297073
0.294605
0.383954
0.387701
0.473621
0.468383
0.102312
0.102896
6.71384e-32
3.6458e-32
0.294605
0.297073
0.200622
0.202032
0.547625
0.554557
0.63025
0.621433
0.700465
0.764985
0.751859
0.68958
0.823612
0.858086
0.876169
0.808084
0.383954
0.468383
0.473621
0.387701
0.9225
0.962466
0.938853
0.901718
0.547625
0.621433
0.554557
0.63025
0.995951
1.02286
0.969383
0.99322
0.751859
0.764985
0.700465
0.68958
0.823612
0.858086
0.808084
0.876169
1.02056
1.0431
1.05663
1.0103
0.938853
0.9225
0.962466
0.901718
0.969383
1.02286
0.99322
0.995951
1.02398
1.0103
1.06341
1.06341
1.02056
1.0431
1.05663
3.67378e-32
0.103675
6.74743e-32
0.10335
0.203186
0.204083
0.300869
0.299161
0.390949
0.393696
0.482249
0.478243
0.560759
0.638227
0.566231
0.645365
0.10335
0.103675
6.74743e-32
3.67378e-32
0.204083
0.299161
0.300869
0.203186
0.478243
0.482249
0.393696
0.390949
0.719395
0.788084
0.777059
0.710404
0.893004
0.908592
0.837989
0.851215
1.00539
0.984646
0.960037
0.94194
0.638227
0.560759
0.645365
0.566231
1.021
1.04453
1.07731
1.05089
0.710404
0.719395
0.777059
0.788084
1.07423
1.12349
1.09094
1.10366
0.908592
0.851215
0.893004
0.837989
1.00539
0.960037
0.984646
0.94194
1.14338
1.10099
1.13674
1.10435
1.021
1.04453
1.05089
1.07731
1.09094
1.07423
1.14338
1.13674
1.10366
1.10099
1.12349
3.68334e-32
0.103935
6.74728e-32
0.10387
0.204724
0.205109
0.303147
0.302198
0.395945
0.397693
0.488411
0.485638
0.10387
0.103935
6.74728e-32
3.68334e-32
0.570973
0.65712
0.651662
0.574986
0.734537
0.806981
0.798057
0.727439
0.302198
0.303147
0.205109
0.204724
0.485638
0.488411
0.397693
0.395945
0.570973
0.574986
0.651662
0.65712
0.922931
0.86329
0.936022
0.874215
1.04259
1.02471
0.992207
0.976793
1.06653
1.08702
1.12535
1.10214
0.798057
0.727439
0.734537
0.806981
1.15748
1.15427
1.1833
1.13141
0.86329
0.922931
0.936022
0.874215
1.1805
1.20273
1.21571
1.17065
1.02471
1.04259
0.992207
0.976793
1.12535
1.08702
1.10214
1.06653
1.22221
1.18378
1.1805
1.22221
1.15748
1.13141
1.21571
1.1833
1.15427
1.17065
1.20273
3.6745e-32
0.103675
6.7134e-32
0.10387
0.205237
0.205109
0.303906
0.303716
0.398942
0.399691
0.492109
0.490568
0.578269
0.580822
0.665516
0.661738
0.10387
0.103675
6.7134e-32
3.6745e-32
0.205109
0.303716
0.303906
0.205237
0.745893
0.821678
0.814854
0.740689
0.892613
0.958463
0.947866
0.883989
0.399691
0.398942
0.490568
0.492109
0.661738
0.578269
0.665516
0.580822
0.745893
0.740689
0.821678
0.814854
1.05904
1.07406
1.01901
1.00628
1.10599
1.12344
1.16698
1.14697
1.20456
1.18186
1.23605
1.21055
0.883989
0.947866
0.892613
0.958463
1.28041
1.26136
1.24902
1.23296
1.00628
1.01901
1.07406
1.05904
1.25867
1.29315
1.29952
1.26189
1.16698
1.14697
1.10599
1.12344
1.18186
1.20456
1.21055
1.23605
1.25867
1.24902
1.29952
1.29315
1.23296
1.26136
1.28041
3.64726e-32
0.102896
6.64577e-32
0.10335
0.204724
0.204083
0.303147
0.303716
0.493033
0.399941
0.399691
0.493341
0.10335
0.102896
6.64577e-32
3.64726e-32
0.582646
0.58374
0.670553
0.668454
0.753463
0.832175
0.827451
0.750152
0.204083
0.303716
0.303147
0.204724
0.493033
0.493341
0.399941
0.399691
0.906411
0.975915
0.967813
0.900087
1.04045
1.08765
1.0304
1.09981
0.668454
0.670553
0.58374
0.582646
0.827451
0.750152
0.753463
0.832175
0.975915
0.906411
0.900087
0.967813
1.13937
1.18539
1.2022
1.15378
1.22557
1.24491
1.28176
1.25979
1.3099
1.33749
1.28793
1.31266
1.0304
1.08765
1.09981
1.04045
1.32565
1.33512
1.35618
1.36867
1.13937
1.2022
1.18539
1.15378
1.37493
1.37493
1.33827
1.33512
1.24491
1.28176
1.22557
1.25979
1.36867
1.35618
1.31266
1.28793
1.33749
1.32565
1.3099
3.60161e-32
0.101597
6.54441e-32
0.102312
0.203186
0.202032
0.300869
0.302198
0.492109
0.493033
0.398942
0.397693
0.584105
0.58374
0.672232
0.671812
0.102312
0.101597
6.54441e-32
3.60161e-32
0.202032
0.302198
0.300869
0.203186
0.757248
0.838472
0.835848
0.755829
0.915609
0.98838
0.982771
0.911585
0.493033
0.492109
0.397693
0.398942
0.671812
0.584105
0.672232
0.58374
1.05653
1.11983
1.04916
1.11053
1.16668
1.2174
1.23101
1.17805
0.757248
0.755829
0.838472
0.835848
0.911585
0.982771
0.98838
0.915609
1.04916
1.11053
1.11983
1.05653
1.26255
1.30198
1.27852
1.32043
1.33555
1.38694
1.35661
1.36317
1.41131
1.38473
1.42966
1.40019
1.16668
1.2174
1.17805
1.23101
1.44807
1.40948
1.41258
1.44193
1.26255
1.27852
1.32043
1.30198
1.40948
1.44807
1.44193
1.40019
1.36317
1.35661
1.33555
1.38694
1.41131
1.38473
1.42966
3.53754e-32
0.0997797
6.4093e-32
0.100753
0.200622
0.198956
0.297073
0.299161
0.393696
0.488411
0.490568
0.395945
0.100753
0.0997797
6.4093e-32
3.53754e-32
0.582646
0.580822
0.670553
0.671812
0.757248
0.840572
0.757722
0.840047
0.198956
0.299161
0.297073
0.200622
0.490568
0.488411
0.395945
0.393696
0.920207
0.995859
0.992743
0.918483
1.12769
1.06725
1.13413
1.06256
0.580822
0.582646
0.670553
0.671812
0.757722
0.840047
0.840572
0.757248
1.18791
1.19625
1.24301
1.25341
1.29281
1.30541
1.35207
1.33713
0.920207
0.995859
0.918483
0.992743
1.13413
1.06725
1.06256
1.12769
1.25341
1.18791
1.24301
1.19625
1.37584
1.40881
1.39323
1.42877
1.48251
1.45856
1.4571
1.43592
1.48141
1.50054
1.51259
1.47228
1.29281
1.35207
1.30541
1.33713
1.48141
1.51862
1.48445
1.51862
1.42877
1.40881
1.37584
1.39323
1.47228
1.48251
1.45856
1.50054
1.51259
1.43592
1.4571
3.45507e-32
0.0974424
6.24045e-32
0.0986759
0.197033
0.294605
0.194853
0.291758
0.387701
0.482249
0.485638
0.390949
0.0986759
0.0974424
6.24045e-32
3.45507e-32
0.578269
0.574986
0.665516
0.668454
0.194853
0.294605
0.291758
0.197033
0.753463
0.755829
0.838472
0.840047
0.920207
0.998352
0.997729
0.920782
0.390949
0.485638
0.482249
0.387701
0.574986
0.668454
0.578269
0.665516
1.13913
1.07261
1.14271
1.0706
1.20839
1.20308
1.26941
1.26221
0.755829
0.838472
0.840047
0.753463
0.997729
0.998352
0.920207
0.920782
1.31633
1.37667
1.36525
1.32557
1.46299
1.4088
1.42253
1.44683
1.14271
1.07261
1.0706
1.13913
1.20308
1.26221
1.26941
1.20839
1.31633
1.32557
1.36525
1.37667
1.50588
1.47923
1.49792
1.52721
1.55076
1.56848
1.54161
1.5267
1.58627
1.55358
1.58033
1.55058
1.44683
1.42253
1.4088
1.46299
1.58627
1.55058
1.58033
1.54161
1.56848
1.50588
1.55076
1.47923
1.5267
1.49792
1.52721
3.35418e-32
0.0945855
6.03784e-32
0.0960788
0.0960788
0.0945855
6.03784e-32
3.35418e-32
0.192417
0.284923
0.28853
0.189725
0.379707
0.473621
0.478243
0.383954
0.570973
0.566231
0.65712
0.661738
0.28853
0.284923
0.192417
0.189725
0.750152
0.745893
0.832175
0.835848
0.478243
0.473621
0.379707
0.383954
0.915609
0.995859
0.997729
0.918483
1.07261
1.14557
1.14485
1.07328
0.566231
0.661738
0.570973
0.65712
0.745893
0.832175
0.750152
0.835848
1.21218
1.21445
1.27901
1.27501
1.33313
1.33901
1.38633
1.39424
0.995859
0.915609
0.918483
0.997729
1.07261
1.07328
1.14485
1.14557
1.43442
1.44449
1.4896
1.47725
1.51465
1.56378
1.52941
1.54651
1.21218
1.27501
1.21445
1.27901
1.33313
1.39424
1.33901
1.38633
1.43442
1.4896
1.47725
1.44449
1.61576
1.5932
1.57272
1.59259
1.64487
1.63321
1.60788
1.6167
1.6167
1.61964
1.65071
1.65071
1.51465
1.54651
1.56378
1.52941
1.64487
1.5932
1.60788
1.63321
1.59259
1.61576
1.57272
3.23488e-32
0.0912089
5.80147e-32
0.0929621
0.186776
0.18357
0.27657
0.280937
0.0929621
0.0912089
5.80147e-32
3.23488e-32
0.280937
0.27657
0.186776
0.18357
0.369714
0.462528
0.468383
0.374961
0.560759
0.554557
0.645365
0.651662
0.740689
0.734537
0.821678
0.827451
0.374961
0.369714
0.468383
0.462528
0.906411
0.98838
0.992743
0.911585
0.651662
0.645365
0.560759
0.554557
1.06725
1.14271
1.14485
1.0706
1.21521
1.28221
1.28141
1.21445
0.740689
0.821678
0.734537
0.827451
0.98838
0.992743
0.906411
0.911585
1.34573
1.40478
1.34321
1.40039
1.45273
1.45913
1.5086
1.50005
1.14271
1.0706
1.14485
1.06725
1.21445
1.28141
1.21521
1.28221
1.54219
1.55301
1.59221
1.57901
1.63618
1.65444
1.61037
1.62606
1.40039
1.34321
1.34573
1.40478
1.45913
1.45273
1.5086
1.50005
1.54219
1.59221
1.57901
1.55301
1.69444
1.67726
1.65634
1.67078
1.68237
1.67947
1.70593
1.71168
1.67947
1.71168
1.67078
1.70593
1.61037
1.65634
1.65444
1.62606
1.67726
1.69444
1.63618
3.09715e-32
0.0893257
0.0873126
5.53133e-32
0.180108
0.17639
0.266697
0.271823
0.357722
0.448968
0.456056
0.363968
0.0893257
0.0873126
5.53133e-32
3.09715e-32
0.17639
0.271823
0.266697
0.180108
0.456056
0.448968
0.357722
0.363968
0.547625
0.539963
0.63025
0.638227
0.727439
0.719395
0.806981
0.814854
0.900087
0.892613
0.975916
0.982771
0.539963
0.638227
0.547625
0.63025
1.05653
1.13413
1.13913
1.06256
0.727439
0.806981
0.814854
0.719395
1.28141
1.21218
1.20839
1.27901
1.40829
1.34657
1.34573
1.40741
0.892613
0.900087
0.982771
0.975916
1.06256
1.13913
1.13413
1.05653
1.46371
1.52
1.51525
1.46645
1.56187
1.61252
1.56875
1.60338
1.28141
1.21218
1.20839
1.27901
1.40829
1.34573
1.40741
1.34657
1.68451
1.67055
1.65115
1.63965
1.71249
1.69597
1.71584
1.73498
1.46371
1.52
1.51525
1.46645
1.56187
1.61252
1.56875
1.60338
1.67055
1.63965
1.68451
1.65115
1.73008
1.76325
1.73864
1.75192
1.76892
1.76892
1.74149
1.73864
1.73008
1.73498
1.75192
1.76325
1.71249
1.71584
1.69597
2.941e-32
5.22743e-32
0.0851694
0.0828964
0.172415
0.168182
0.255305
0.261191
0.343729
0.432942
0.441264
0.350976
0.0851694
0.0828964
5.22743e-32
2.941e-32
0.531571
0.522449
0.611775
0.621433
0.168182
0.261191
0.255305
0.172415
0.350976
0.343729
0.441264
0.432942
0.522449
0.621433
0.611775
0.531571
0.710404
0.700465
0.788084
0.798057
0.874215
0.958463
0.967813
0.883989
1.04045
1.11983
1.12769
1.04916
0.710404
0.798057
0.788084
0.700465
1.20308
1.26941
1.27501
1.19625
0.958463
0.967813
0.874215
0.883989
1.33901
1.40478
1.34321
1.40741
1.52381
1.46737
1.46645
1.52285
1.11983
1.04045
1.04916
1.12769
1.27501
1.20308
1.26941
1.19625
1.61962
1.57367
1.57662
1.6247
1.66787
1.69632
1.66056
1.70598
1.33901
1.40478
1.34321
1.40741
1.52381
1.46645
1.46737
1.52285
1.76651
1.75187
1.7389
1.72679
1.78871
1.77146
1.78551
1.80542
1.57367
1.6247
1.61962
1.57662
1.70598
1.69632
1.66056
1.66787
1.72679
1.75187
1.7389
1.76651
1.79677
1.79395
1.8166
1.8222
1.8222
1.79395
1.78551
1.80542
1.8166
1.78871
1.77146
2.76643e-32
0.0779604
4.88975e-32
0.0804933
0.0804933
0.0779604
4.88975e-32
2.76643e-32
0.163694
0.158949
0.242392
0.249038
0.327736
0.414449
0.424004
0.335983
0.512597
0.502015
0.589939
0.601277
0.249038
0.242392
0.163694
0.158949
0.68958
0.677748
0.764985
0.777059
0.424004
0.327736
0.414449
0.335983
0.589939
0.502015
0.601277
0.512597
0.68958
0.777059
0.764985
0.677748
0.86329
0.851215
0.936022
0.947866
1.01901
1.09981
1.11053
1.0304
1.18791
1.26221
1.17805
1.25341
0.936022
0.947866
0.851215
0.86329
1.32557
1.40039
1.33313
1.39424
1.01901
1.0304
1.11053
1.09981
1.52
1.52285
1.46371
1.45913
1.62774
1.5776
1.62876
1.57662
1.26221
1.18791
1.17805
1.25341
1.40039
1.33313
1.32557
1.39424
1.67623
1.71887
1.7135
1.6731
1.75651
1.77889
1.78902
1.74881
1.45913
1.46371
1.52285
1.52
1.62876
1.57662
1.5776
1.62774
1.83822
1.81629
1.82299
1.80365
1.83686
1.84519
1.86577
1.85473
1.6731
1.67623
1.7135
1.71887
1.74881
1.75651
1.78902
1.77889
1.81629
1.83822
1.80365
1.82299
1.84798
1.8713
1.8713
1.84519
1.85473
1.86577
1.83686
2.57342e-32
0.0725043
4.51829e-32
0.0752973
2.57342e-32
0.0752973
0.0725043
4.51829e-32
0.153947
0.148688
0.227959
0.235365
0.235365
0.227959
0.153947
0.148688
0.31899
0.309743
0.393488
0.404277
0.490702
0.478659
0.564741
0.57776
0.664968
0.651241
0.737683
0.751859
0.404277
0.393488
0.309743
0.31899
0.837989
0.823612
0.908592
0.922931
0.478659
0.57776
0.564741
0.490702
0.664968
0.751859
0.737683
0.651241
0.823612
0.837989
0.922931
0.908592
0.992207
1.07406
1.08765
1.00628
1.16668
1.23101
1.15378
1.24301
1.38633
1.31633
1.30541
1.37667
0.992207
1.07406
1.08765
1.00628
1.51525
1.44449
1.45273
1.5086
1.15378
1.24301
1.23101
1.16668
1.6247
1.62774
1.56875
1.57367
1.67623
1.72209
1.72316
1.67728
1.38633
1.37667
1.30541
1.31633
1.45273
1.51525
1.44449
1.5086
1.80253
1.76201
1.76531
1.7969
1.83467
1.86163
1.8511
1.82663
1.6247
1.57367
1.56875
1.62774
1.67728
1.72209
1.67623
1.72316
1.87022
1.88392
1.89965
1.88332
1.89216
1.89491
1.91057
1.91604
1.76531
1.76201
1.7969
1.80253
1.86163
1.82663
1.8511
1.83467
1.91604
1.87022
1.91057
1.89216
1.88392
1.89965
1.88332
0.0695812
0.0665283
4.11304e-32
2.36199e-32
2.36199e-32
0.0665283
4.11304e-32
0.0695812
0.143173
0.137401
0.212006
0.220172
0.143173
0.137401
0.220172
0.212006
0.289749
0.370059
0.382082
0.299997
0.382082
0.370059
0.289749
0.299997
0.465885
0.452381
0.536181
0.550881
0.636567
0.620945
0.706178
0.722456
0.808084
0.791404
0.876169
0.893004
0.536181
0.452381
0.550881
0.465885
0.976793
0.960037
1.04259
1.05904
0.620945
0.636567
0.722456
0.706178
0.876169
0.808084
0.893004
0.791404
0.976793
1.05904
1.04259
0.960037
1.2174
1.13937
1.12344
1.2022
1.36525
1.29281
1.35207
1.27852
1.50005
1.42253
1.4896
1.43442
1.2174
1.2022
1.13937
1.12344
1.61962
1.55301
1.61252
1.56187
1.36525
1.27852
1.29281
1.35207
1.66787
1.71887
1.6731
1.72209
1.8059
1.80703
1.76641
1.76531
1.50005
1.4896
1.42253
1.43442
1.55301
1.56187
1.61962
1.61252
1.84386
1.87568
1.86983
1.84042
1.90238
1.91296
1.92384
1.89404
1.6731
1.71887
1.72209
1.66787
1.76531
1.76641
1.8059
1.80703
1.92652
1.94001
1.95082
1.93467
1.93467
1.93739
1.95623
1.95623
1.86983
1.84042
1.87568
1.84386
1.90238
1.92384
1.91296
1.95082
1.94001
1.89404
1.92652
0.0633452
0.0600322
3.67402e-32
2.13213e-32
0.203459
0.194532
0.131373
0.125087
2.13213e-32
0.0600322
3.67402e-32
0.0633452
0.131373
0.125087
0.194532
0.203459
0.267754
0.344161
0.357418
0.279002
0.344161
0.267754
0.279002
0.357418
0.438146
0.42318
0.504257
0.520639
0.42318
0.520639
0.504257
0.438146
0.604375
0.586857
0.670467
0.688848
0.773574
0.754591
0.838754
0.858086
0.9225
1.00539
1.02471
0.94194
0.586857
0.604375
0.688848
0.670467
1.10599
1.08702
1.16698
1.18539
0.754591
0.838754
0.773574
0.858086
1.00539
0.94194
1.02471
0.9225
1.08702
1.18539
1.10599
1.16698
1.24491
1.26256
1.32043
1.33713
1.47725
1.39323
1.46299
1.4088
1.59221
1.52941
1.60338
1.54219
1.33713
1.32043
1.24491
1.26256
1.65115
1.7135
1.70598
1.66056
1.39323
1.4088
1.47725
1.46299
1.80253
1.75651
1.8059
1.76201
1.84501
1.88037
1.8792
1.84386
1.60338
1.59221
1.54219
1.52941
1.7135
1.66056
1.65115
1.70598
1.93231
1.90833
1.9119
1.93836
1.95963
1.95105
1.97566
1.96448
1.80253
1.76201
1.75651
1.8059
1.84501
1.88037
1.8792
1.84386
1.97526
1.98637
1.97256
1.99174
1.97256
1.98637
1.96448
1.99174
1.93231
1.9119
1.93836
1.90833
1.97566
1.95963
1.95105
0.056589
0.053016
3.20122e-32
1.88383e-32
0.185224
0.175537
0.118545
0.111746
1.88383e-32
0.053016
3.20122e-32
0.056589
0.330287
0.315795
0.243758
0.256006
0.118545
0.111746
0.175537
0.185224
0.243758
0.315795
0.330287
0.256006
0.407484
0.391057
0.468969
0.487034
0.487034
0.468969
0.407484
0.391057
0.568392
0.548979
0.630551
0.651035
0.568392
0.651035
0.630551
0.548979
0.734457
0.713171
0.796343
0.818173
0.901718
0.879594
0.962466
0.984646
1.06653
1.04453
1.12535
1.14697
0.796343
0.734457
0.818173
0.713171
1.30198
1.22557
1.28176
1.20456
0.879594
0.962466
0.984646
0.901718
1.04453
1.14697
1.12535
1.06653
1.30198
1.20456
1.22557
1.28176
1.42877
1.35661
1.44683
1.37584
1.56378
1.57901
1.49792
1.51465
1.69632
1.62606
1.68451
1.63965
1.35661
1.44683
1.42877
1.37584
1.7389
1.78902
1.7969
1.74881
1.49792
1.56378
1.57901
1.51465
1.83467
1.87568
1.84042
1.8792
1.91309
1.9119
1.94198
1.94319
1.63965
1.62606
1.69632
1.68451
1.7969
1.74881
1.78902
1.7389
1.98435
1.99056
1.96944
1.96577
2.00568
1.99767
2.00646
2.01709
1.84042
1.87568
1.83467
1.8792
1.94319
1.91309
1.9119
1.94198
2.00836
2.00568
2.02242
2.02242
1.98435
1.96944
1.99767
2.01709
1.96577
1.99056
2.00646
0.0493129
0.0454798
2.69463e-32
1.61711e-32
0.165469
0.155022
0.10469
0.0973776
1.61711e-32
0.0454798
2.69463e-32
0.0493129
0.300686
0.28496
0.21776
0.231009
0.10469
0.0973776
0.155022
0.165469
0.450064
0.430318
0.373899
0.356011
0.21776
0.28496
0.300686
0.231009
0.373899
0.356011
0.430318
0.450064
0.528618
0.507308
0.586428
0.609015
0.528618
0.609015
0.586428
0.507308
0.690733
0.667142
0.748937
0.773265
0.667142
0.690733
0.773265
0.748937
0.831317
0.913807
0.938853
0.856127
1.021
0.995951
1.07731
1.10214
1.18186
1.25979
1.15748
1.23605
0.831317
0.938853
0.913807
0.856127
1.31266
1.40881
1.38694
1.33555
0.995951
1.07731
1.10214
1.021
1.23605
1.15748
1.25979
1.18186
1.38694
1.31266
1.33555
1.40881
1.54651
1.45856
1.52721
1.47923
1.59259
1.67055
1.65444
1.61037
1.71249
1.76651
1.77889
1.7268
1.52721
1.54651
1.45856
1.47923
1.86163
1.81629
1.82663
1.86983
1.67055
1.61037
1.59259
1.65444
1.90238
1.93836
1.90833
1.94198
1.99552
1.97067
1.96944
1.99428
1.77889
1.71249
1.7268
1.76651
1.86163
1.82663
1.86983
1.81629
2.01274
2.02596
2.0323
2.0165
2.04287
2.03392
2.03657
2.04816
1.94198
1.90238
1.93836
1.90833
1.97067
1.99428
1.96944
1.99552
2.0165
2.02596
2.0323
2.03392
2.04816
2.04287
2.01274
0.0415167
0.0374237
2.15427e-32
1.33195e-32
0.144193
0.132986
0.0898087
0.0819827
1.33195e-32
0.0374237
2.15427e-32
0.0415167
0.268617
0.251657
0.189761
0.204011
0.0898087
0.0819827
0.132986
0.144193
0.40973
0.388302
0.337392
0.318041
0.189761
0.251657
0.268617
0.204011
0.485051
0.562788
0.538097
0.461845
0.337392
0.318041
0.388302
0.40973
0.485051
0.461845
0.538097
0.562788
0.6424
0.616505
0.696533
0.72336
0.6424
0.72336
0.616505
0.696533
0.805164
0.777668
0.859414
0.887327
0.859414
0.777668
0.805164
0.887327
0.969383
0.941295
1.02286
1.05089
1.21055
1.13141
1.10366
1.1833
1.33749
1.36317
1.26136
1.28793
0.941295
1.05089
1.02286
0.969383
1.41131
1.48251
1.50588
1.43592
1.1833
1.10366
1.21055
1.13141
1.33749
1.26136
1.36317
1.28793
1.41131
1.48251
1.43592
1.50588
1.63618
1.61576
1.55076
1.57272
1.67726
1.73498
1.75187
1.69597
1.83822
1.80365
1.8511
1.78871
1.63618
1.61576
1.55076
1.57272
1.89404
1.88332
1.93231
1.92384
1.73498
1.69597
1.67726
1.75187
1.99056
1.95963
1.96577
1.99428
2.03737
2.0361
2.01776
2.0165
1.78871
1.83822
1.80365
1.8511
1.92384
1.93231
1.89404
1.88332
2.05716
2.0636
2.04925
2.05309
2.0598
2.06886
2.06886
2.05716
1.96577
1.99056
1.99428
1.95963
2.0361
2.0636
2.01776
2.03737
2.05309
2.04925
2.0165
0.0332005
0.0288475
1.58013e-32
1.02837e-32
1.02837e-32
0.0288475
1.58013e-32
0.0332005
0.121397
0.109429
0.0739004
0.0655609
0.234079
0.215885
0.159761
0.175011
0.0739004
0.0655609
0.109429
0.121397
0.277149
0.366032
0.342921
0.297961
0.159761
0.215885
0.234079
0.175011
0.437691
0.512354
0.485559
0.412589
0.297961
0.277149
0.342921
0.366032
0.589458
0.668457
0.639132
0.561258
0.437691
0.412589
0.485559
0.512354
0.589458
0.561258
0.639132
0.668457
0.748829
0.718646
0.799285
0.830066
0.748829
0.830066
0.799285
0.718646
0.911686
0.880555
0.961979
0.99322
0.99322
0.880555
0.961979
0.911686
1.15427
1.07423
1.12349
1.0431
1.20273
1.23296
1.3099
1.28041
1.35618
1.4571
1.42966
1.38473
1.12349
1.0431
1.15427
1.07423
1.50054
1.5932
1.56848
1.5267
1.20273
1.28041
1.23296
1.3099
1.42966
1.35618
1.4571
1.38473
1.5932
1.50054
1.56848
1.5267
1.71584
1.63321
1.69444
1.65634
1.80542
1.75192
1.82299
1.77146
1.87022
1.85473
1.89965
1.91296
1.63321
1.69444
1.71584
1.65634
1.94001
1.98435
1.95105
1.97566
1.75192
1.82299
1.77146
1.80542
2.00646
2.0323
2.01274
2.0361
2.06874
2.05309
2.05437
2.06746
1.87022
1.91296
1.89965
1.85473
1.95105
1.97566
1.94001
1.98435
2.08446
2.07796
2.07533
2.07921
2.07921
2.06746
2.07533
2.08446
2.0323
2.01274
2.00646
2.0361
2.05437
2.06874
2.05309
7.06361e-33
0.0197515
9.72219e-33
0.0243644
0.0243644
0.0197515
9.72219e-33
7.06361e-33
0.0970804
0.084352
0.0569652
0.0481124
0.0569652
0.0481124
0.084352
0.0970804
0.197073
0.177644
0.127759
0.14401
0.318969
0.294176
0.255607
0.233333
0.127759
0.177644
0.14401
0.197073
0.386539
0.457712
0.428813
0.359541
0.255607
0.233333
0.294176
0.318969
0.531906
0.608556
0.501402
0.576731
0.386539
0.359541
0.428813
0.457712
0.687119
0.767069
0.73342
0.654249
0.531906
0.501402
0.576731
0.608556
0.687119
0.654249
0.73342
0.767069
0.847903
0.813729
0.894681
0.929133
0.847903
0.929133
0.813729
0.894681
0.975801
1.05663
1.0103
1.09094
0.975801
1.09094
1.05663
1.0103
1.21571
1.24902
1.13674
1.17065
1.29315
1.40019
1.32565
1.36867
1.44193
1.51259
1.54161
1.47228
1.21571
1.13674
1.24902
1.17065
1.58033
1.67078
1.64487
1.60788
1.36867
1.29315
1.32565
1.40019
1.54161
1.44193
1.51259
1.47228
1.64487
1.58033
1.67078
1.60788
1.76325
1.78551
1.70593
1.73008
1.86577
1.8166
1.88392
1.83686
1.92652
1.95082
1.96448
1.91057
1.70593
1.78551
1.73008
1.76325
1.99767
2.01709
1.98637
2.02596
1.83686
1.86577
1.88392
1.8166
2.04925
2.06746
2.04287
2.0636
2.08965
2.07921
2.08835
2.08051
1.91057
1.92652
1.96448
1.95082
1.99767
2.02596
2.01709
1.98637
2.08835
2.09097
2.09488
2.09488
2.0636
2.08965
2.08051
2.06746
2.04925
2.04287
2.07921
0.0150084
0.0101355
3.30542e-33
3.65928e-33
3.65928e-33
0.0101355
3.30542e-33
0.0150084
0.0390034
0.0296373
0.0577547
0.0712433
0.0712433
0.0577547
0.0390034
0.0296373
0.157598
0.136935
0.0937574
0.111009
0.0937574
0.111009
0.136935
0.157598
0.268542
0.242068
0.21033
0.186595
0.331595
0.398863
0.36786
0.3027
0.21033
0.186595
0.242068
0.268542
0.469745
0.543657
0.509333
0.436936
0.331595
0.3027
0.36786
0.398863
0.620036
0.698336
0.661818
0.584478
0.469745
0.436936
0.509333
0.543657
0.778034
0.858624
0.820961
0.740817
0.620036
0.584478
0.661818
0.698336
0.858624
0.778034
0.740817
0.820961
0.901755
0.982722
1.02056
0.939621
0.939621
1.02056
0.901755
0.982722
1.1805
1.06341
1.10099
1.14338
1.1805
1.06341
1.14338
1.10099
1.22221
1.29952
1.33512
1.25867
1.37493
1.44807
1.48141
1.40948
1.58627
1.6167
1.51862
1.55058
1.29952
1.22221
1.33512
1.25867
1.65071
1.73864
1.71168
1.67947
1.48141
1.44807
1.37493
1.40948
1.51862
1.6167
1.55058
1.58627
1.65071
1.73864
1.71168
1.67947
1.79395
1.76892
1.8222
1.84519
1.89216
1.8713
1.93467
1.91604
2.00568
1.95623
1.97256
1.99174
1.8222
1.84519
1.76892
1.79395
2.05716
2.04816
2.03392
2.02242
1.8713
1.91604
1.89216
1.93467
2.06886
2.07533
2.08835
2.08446
2.0988
2.09619
2.09488
2.10011
1.99174
1.95623
1.97256
2.00568
2.02242
2.03392
2.05716
2.04816
2.09488
2.08835
2.09619
2.10011
2.06886
2.08446
2.07533
8.57893e-35
0.00513262
0.00513262
8.57893e-35
0.0438859
0.020015
0.020015
0.0438859
0.115654
0.0760064
0.0760064
0.115654
0.16213
0.214752
0.16213
0.214752
0.272858
0.335806
0.402974
0.473759
0.272858
0.335806
0.547577
0.623865
0.473759
0.402974
0.702078
0.781692
0.623865
0.547577
0.862201
0.94312
0.702078
0.781692
0.862201
0.94312
1.02398
1.10435
1.02398
1.10435
1.18378
1.26189
1.26189
1.18378
1.33828
1.41258
1.48445
1.55358
1.68237
1.61964
1.41258
1.33828
1.79677
1.74149
1.55358
1.48445
1.61964
1.68237
1.79677
1.74149
1.84798
1.89491
1.97526
1.93739
2.03657
2.00836
1.84798
1.89491
2.07796
2.0598
1.97526
1.93739
2.0988
2.09097
2.10141
2.0988
2.00836
2.03657
2.0598
2.09097
2.07796
0.901755
1.22221
1.14338
0.0101355
0.982722
1.06341
0.982722
1.06341
0.901755
0.136935
0.186595
0.820961
1.14338
0.3027
0.740817
0.661818
1.22221
0.584478
0.509333
1.29952
0.436936
0.36786
1.37493
0.242068
1.44807
1.51862
0.0937574
0.0577547
1.58627
0.0296373
1.65071
1.71168
0.0101355
1.29952
1.37493
1.76892
1.8222
1.51862
1.8713
0.0296373
1.91604
1.95623
0.0577547
1.99174
2.02242
0.0937574
2.04816
2.06886
0.136935
1.95623
2.08446
1.99174
2.09488
0.186595
2.10011
2.10011
0.242068
2.09488
2.08446
0.3027
2.06886
2.04816
0.36786
2.02242
0.436936
1.91604
0.509333
1.8713
1.8222
0.584478
1.76892
1.71168
0.661818
1.65071
1.58627
0.740817
1.44807
0.820961
3.30542e-33
3.30542e-33
3.65928e-33
0.0150084
0.0150084
3.65928e-33
0.0712433
0.0390034
0.0390034
0.0712433
0.111009
0.157598
0.111009
0.157598
0.268542
0.21033
0.21033
0.268542
0.398863
0.331595
0.543657
0.469745
0.331595
0.398863
0.620036
0.698336
0.543657
0.469745
0.858624
0.778034
0.620036
0.698336
0.939621
1.02056
0.778034
0.858624
0.939621
1.02056
1.1805
1.10099
1.1805
1.10099
1.25867
1.33512
1.33512
1.25867
1.48141
1.40948
1.6167
1.55058
1.67947
1.73864
1.40948
1.48141
1.84519
1.79395
1.6167
1.55058
1.73864
1.67947
1.79395
1.84519
1.89216
1.93467
2.00568
1.97256
2.03392
2.05716
1.93467
1.89216
2.08835
2.07533
2.00568
1.97256
2.0988
2.09619
2.09619
2.08835
2.05716
2.03392
2.07533
1.13674
1.05663
1.05663
0.975801
1.13674
0.894681
0.084352
0.813729
0.73342
1.21571
0.654249
1.29315
0.576731
0.501402
0.428813
1.36867
0.359541
1.44193
0.294176
0.233333
0.177644
1.51259
0.127759
1.58033
0.0481124
0.0197515
1.64487
1.70593
0.0197515
1.76325
1.21571
1.8166
1.86577
1.36867
0.0481124
1.91057
1.95082
1.58033
1.98637
0.084352
2.01709
0.127759
2.04287
2.0636
2.07921
1.86577
0.177644
2.08965
0.233333
1.98637
2.09488
2.09488
2.08965
0.294176
2.07921
0.359541
2.0636
2.04287
2.01709
0.428813
0.501402
1.95082
1.91057
0.576731
1.8166
0.654249
1.76325
1.70593
1.64487
0.73342
0.813729
1.51259
1.44193
0.894681
1.29315
0.975801
9.72219e-33
9.72219e-33
7.06361e-33
0.0243644
0.0243644
7.06361e-33
0.0970804
0.0569652
0.0569652
0.0970804
0.14401
0.197073
0.197073
0.14401
0.318969
0.255607
0.255607
0.318969
0.457712
0.386539
0.531906
0.608556
0.386539
0.457712
0.687119
0.767069
0.608556
0.531906
0.847903
0.929133
0.767069
0.687119
1.09094
1.0103
0.847903
0.929133
1.09094
1.0103
1.17065
1.24902
1.24902
1.17065
1.40019
1.32565
1.32565
1.40019
1.54161
1.47228
1.67078
1.60788
1.73008
1.78551
1.54161
1.47228
1.83686
1.88392
1.60788
1.67078
1.78551
1.73008
1.83686
1.88392
1.92652
1.96448
1.99767
2.02596
2.04925
2.06746
1.96448
1.92652
2.08835
2.08051
1.99767
2.02596
2.09097
2.08835
2.08051
2.04925
2.06746
1.12349
0.961979
1.20273
0.0288475
0.880555
0.799285
0.718646
1.28041
0.639132
0.215885
0.277149
1.35618
0.561258
0.485559
0.412589
1.42966
0.342921
1.50054
0.159761
1.56848
0.109429
1.63321
0.0655609
1.69444
1.75192
0.0288475
1.80542
1.12349
1.85473
0.0655609
1.89965
1.94001
1.97566
1.42966
1.50054
0.109429
2.00646
0.159761
2.0323
2.05309
2.06874
0.215885
1.80542
2.07921
0.277149
1.89965
1.94001
2.08446
2.08446
2.07921
0.342921
2.06874
0.412589
2.05309
2.0323
2.00646
0.485559
1.97566
0.561258
1.85473
0.639132
0.718646
1.75192
1.69444
1.63321
0.799285
1.56848
0.880555
1.35618
0.961979
1.28041
1.0431
1.20273
1.0431
1.58013e-32
1.58013e-32
1.02837e-32
0.0332005
0.0332005
1.02837e-32
0.0739004
0.121397
0.0739004
0.121397
0.175011
0.234079
0.234079
0.175011
0.366032
0.297961
0.297961
0.366032
0.437691
0.512354
0.589458
0.668457
0.437691
0.512354
0.748829
0.830066
0.668457
0.589458
0.99322
0.911686
0.748829
0.830066
1.15427
1.07423
0.911686
0.99322
1.15427
1.07423
1.3099
1.23296
1.3099
1.23296
1.38473
1.4571
1.4571
1.38473
1.5932
1.5267
1.71584
1.65634
1.77146
1.82299
1.5267
1.5932
1.87022
1.91296
1.65634
1.71584
1.82299
1.77146
1.87022
1.91296
1.98435
1.95105
2.01274
2.0361
2.05437
2.06746
1.95105
1.98435
2.07796
2.07533
2.0361
2.01274
2.07533
2.06746
2.05437
1.26136
0.777668
0.696533
1.33749
0.616505
0.538097
1.41131
0.461845
0.388302
1.48251
0.318041
0.251657
1.55076
0.189761
0.132986
1.61576
0.0819827
0.0374237
1.67726
1.73498
0.0374237
0.859414
0.941295
1.78871
1.83822
1.10366
1.88332
0.0819827
1.92384
1.95963
0.132986
1.99056
2.0165
0.189761
2.03737
2.05309
0.251657
1.67726
2.0636
1.73498
2.06886
0.318041
2.06886
2.0636
0.388302
1.92384
1.95963
2.05309
2.03737
0.461845
2.0165
1.99056
0.538097
0.616505
1.88332
1.83822
0.696533
1.78871
0.777668
1.61576
0.859414
1.55076
1.48251
0.941295
1.41131
1.33749
1.02286
1.26136
1.1833
1.10366
1.02286
1.1833
2.15427e-32
2.15427e-32
1.33195e-32
0.0415167
0.0415167
1.33195e-32
0.144193
0.0898087
0.0898087
0.144193
0.268617
0.204011
0.204011
0.268617
0.40973
0.337392
0.337392
0.40973
0.562788
0.485051
0.6424
0.72336
0.562788
0.485051
0.887327
0.805164
0.6424
0.72336
1.05089
0.969383
0.887327
0.805164
1.21055
1.13141
1.05089
0.969383
1.13141
1.21055
1.36317
1.28793
1.28793
1.36317
1.50588
1.43592
1.43592
1.50588
1.63618
1.57272
1.75187
1.69597
1.80365
1.8511
1.57272
1.63618
1.93231
1.89404
1.69597
1.75187
1.8511
1.80365
1.93231
1.89404
1.96577
1.99428
2.01776
2.0361
2.04925
2.05716
1.99428
1.96577
2.05716
2.0598
2.01776
2.04925
2.0361
0.667142
0.586428
1.38694
0.507308
1.45856
0.430318
0.356011
0.28496
1.52721
0.21776
1.59259
0.155022
0.0973776
0.0454798
1.65444
1.71249
0.0454798
1.76651
0.748937
1.81629
1.86163
0.913807
0.0973776
1.90238
1.93836
1.15748
1.96944
0.155022
1.99552
0.21776
2.0165
2.0323
2.04287
1.52721
0.28496
2.04816
0.356011
1.71249
2.04816
2.04287
2.0323
0.430318
1.86163
2.0165
0.507308
1.99552
1.96944
1.93836
0.586428
1.90238
0.667142
1.81629
1.76651
0.748937
0.831317
1.65444
1.59259
0.913807
1.45856
0.995951
1.38694
1.31266
1.23605
1.07731
1.15748
1.07731
0.995951
1.23605
0.831317
1.31266
2.69463e-32
2.69463e-32
1.61711e-32
0.0493129
0.0493129
1.61711e-32
0.165469
0.10469
0.10469
0.165469
0.300686
0.231009
0.300686
0.231009
0.373899
0.450064
0.373899
0.450064
0.528618
0.609015
0.690733
0.773265
0.528618
0.609015
0.938853
0.856127
0.773265
0.690733
1.10214
1.021
0.938853
0.856127
1.25979
1.18186
1.10214
1.021
1.18186
1.25979
1.40881
1.33555
1.40881
1.33555
1.54651
1.47923
1.54651
1.47923
1.67055
1.61037
1.7268
1.77889
1.86983
1.82663
1.61037
1.67055
1.90833
1.94198
1.77889
1.7268
1.82663
1.86983
1.94198
1.90833
1.99428
1.97067
2.02596
2.01274
2.03392
2.03657
1.97067
1.99428
2.02596
2.03392
2.01274
1.42877
0.468969
1.49792
0.391057
0.315795
0.243758
1.56378
0.175537
1.62606
0.111746
0.053016
1.68451
1.7389
0.053016
1.78902
0.630551
1.83467
0.111746
1.87568
1.9119
1.94319
0.962466
1.04453
0.175537
1.96944
0.243758
1.99056
2.00646
2.01709
0.315795
1.42877
2.02242
0.391057
1.56378
1.62606
2.02242
2.01709
2.00646
0.468969
1.78902
1.99056
0.548979
1.96944
1.94319
1.9119
0.630551
1.87568
0.713171
1.83467
1.7389
0.796343
1.68451
0.879594
1.49792
0.962466
1.04453
1.35661
1.28176
1.20456
1.12535
1.12535
1.20456
0.879594
1.28176
0.796343
1.35661
0.713171
0.548979
3.20122e-32
3.20122e-32
1.88383e-32
0.056589
0.056589
1.88383e-32
0.118545
0.185224
0.118545
0.185224
0.330287
0.256006
0.256006
0.330287
0.407484
0.487034
0.407484
0.487034
0.651035
0.568392
0.818173
0.734457
0.568392
0.651035
0.901718
0.984646
0.734457
0.818173
1.06653
1.14697
0.901718
0.984646
1.22557
1.30198
1.14697
1.06653
1.22557
1.30198
1.44683
1.37584
1.44683
1.37584
1.57901
1.51465
1.51465
1.57901
1.69632
1.63965
1.7969
1.74881
1.84042
1.8792
1.63965
1.69632
1.94198
1.91309
1.7969
1.74881
1.84042
1.8792
1.94198
1.91309
1.98435
1.96577
2.00568
1.99767
2.00836
2.00568
1.96577
1.99767
1.98435
1.52941
0.267754
0.194532
1.59221
0.125087
0.0600322
1.65115
1.70598
0.0600322
0.344161
0.42318
1.75651
1.80253
0.586857
1.84386
0.125087
1.88037
1.9119
0.194532
1.93836
1.95963
0.267754
1.97566
1.98637
0.344161
1.24491
1.99174
1.32043
1.99174
0.42318
1.98637
1.97566
0.504257
1.59221
1.65115
1.95963
1.93836
0.586857
1.9119
1.88037
0.670467
1.84386
1.80253
0.754591
1.75651
1.70598
0.838754
0.9225
1.52941
1.46299
1.00539
1.39323
1.08702
1.16698
1.16698
1.08702
1.00539
1.24491
0.9225
0.838754
1.32043
0.754591
0.670467
1.39323
0.504257
1.46299
3.67402e-32
3.67402e-32
2.13213e-32
0.0633452
0.0633452
2.13213e-32
0.203459
0.131373
0.131373
0.203459
0.279002
0.357418
0.357418
0.279002
0.520639
0.438146
0.438146
0.520639
0.604375
0.688848
0.773574
0.858086
0.604375
0.688848
1.02471
0.94194
0.858086
0.773574
1.10599
1.18539
0.94194
1.02471
1.26256
1.33713
1.10599
1.18539
1.33713
1.26256
1.47725
1.4088
1.4088
1.47725
1.54219
1.60338
1.60338
1.54219
1.7135
1.66056
1.8059
1.76201
1.8792
1.84501
1.7135
1.66056
1.90833
1.93231
1.8059
1.76201
1.84501
1.8792
1.93231
1.90833
1.95105
1.96448
1.97526
1.97256
1.97256
1.96448
1.95105
0.137401
0.0665283
1.61252
1.66787
0.0665283
1.71887
0.212006
1.76531
1.80703
0.370059
0.137401
1.84386
1.87568
0.620945
1.90238
0.212006
1.92384
0.289749
1.94001
1.95082
1.95623
1.04259
0.370059
1.95623
0.452381
1.27852
1.95082
1.94001
1.92384
0.536181
1.4896
1.90238
0.620945
1.87568
1.84386
1.80703
0.706178
1.76531
0.791404
1.71887
1.66787
1.61252
0.876169
1.55301
0.960037
1.42253
1.35207
1.04259
1.12344
1.2022
1.12344
1.2022
0.960037
1.27852
0.876169
0.791404
0.706178
1.35207
1.42253
0.536181
0.452381
1.4896
0.289749
1.55301
4.11304e-32
4.11304e-32
2.36199e-32
0.0695812
0.0695812
2.36199e-32
0.143173
0.220172
0.143173
0.220172
0.382082
0.299997
0.382082
0.299997
0.550881
0.465885
0.465885
0.550881
0.636567
0.722456
0.893004
0.808084
0.636567
0.722456
1.05904
0.976793
0.808084
0.893004
1.13937
1.2174
0.976793
1.05904
1.29281
1.36525
1.13937
1.2174
1.29281
1.36525
1.50005
1.43442
1.50005
1.43442
1.61962
1.56187
1.61962
1.56187
1.6731
1.72209
1.8059
1.76641
1.86983
1.84042
1.72209
1.6731
1.89404
1.91296
1.8059
1.76641
1.84042
1.86983
1.91296
1.89404
1.93467
1.92652
1.93467
1.93739
1.92652
1.6247
1.67623
0.0725043
0.0725043
1.72316
1.76531
0.148688
1.80253
1.83467
0.393488
0.478659
1.86163
0.227959
1.88332
0.309743
1.89965
1.91057
1.91604
0.908592
0.393488
1.91604
1.07406
1.15378
0.478659
1.91057
1.89965
1.88332
1.37667
0.564741
1.86163
0.651241
1.83467
1.80253
1.6247
1.76531
0.737683
1.72316
0.823612
1.67623
1.56875
0.908592
1.5086
0.992207
1.44449
1.30541
1.07406
1.23101
1.15378
0.992207
1.23101
1.30541
0.823612
0.737683
0.651241
1.37667
0.564741
1.44449
0.309743
1.5086
0.227959
1.56875
0.148688
4.51829e-32
4.51829e-32
2.57342e-32
0.0752973
2.57342e-32
0.0752973
0.235365
0.153947
0.153947
0.235365
0.404277
0.31899
0.404277
0.31899
0.490702
0.57776
0.490702
0.57776
0.751859
0.664968
0.922931
0.837989
0.664968
0.751859
1.08765
1.00628
0.922931
0.837989
1.24301
1.16668
1.00628
1.08765
1.38633
1.31633
1.16668
1.24301
1.38633
1.31633
1.45273
1.51525
1.45273
1.51525
1.62774
1.57367
1.62774
1.57367
1.67728
1.72209
1.7969
1.76201
1.82663
1.8511
1.67728
1.72209
1.88392
1.87022
1.76201
1.7969
1.82663
1.8511
1.88392
1.87022
1.89491
1.89216
1.89216
0.0779604
1.67623
1.71887
1.75651
0.158949
1.78902
1.81629
0.242392
1.83822
1.85473
0.327736
1.86577
1.8713
0.677748
0.414449
0.764985
1.8713
1.86577
0.502015
1.85473
1.83822
1.09981
1.17805
0.589939
1.81629
1.78902
0.677748
1.75651
1.71887
0.764985
1.67623
1.62876
0.851215
1.57662
1.52
0.936022
1.45913
1.39424
1.01901
1.32557
1.25341
1.09981
1.17805
1.01901
0.936022
1.25341
0.851215
1.32557
0.589939
1.39424
0.502015
0.414449
1.45913
0.327736
0.242392
1.52
0.158949
0.0779604
1.57662
1.62876
4.88975e-32
4.88975e-32
2.76643e-32
0.0804933
0.0804933
2.76643e-32
0.163694
0.249038
0.163694
0.249038
0.335983
0.424004
0.424004
0.335983
0.601277
0.512597
0.601277
0.512597
0.777059
0.68958
0.947866
0.86329
0.68958
0.777059
1.11053
1.0304
0.947866
0.86329
1.18791
1.26221
1.11053
1.0304
1.33313
1.40039
1.18791
1.26221
1.33313
1.40039
1.46371
1.52285
1.46371
1.52285
1.62774
1.5776
1.62774
1.5776
1.7135
1.6731
1.74881
1.77889
1.82299
1.80365
1.6731
1.7135
1.83686
1.84519
1.74881
1.77889
1.80365
1.82299
1.83686
1.84798
1.84519
1.70598
0.168182
1.7389
1.76651
1.78871
0.255305
1.80542
0.343729
1.8166
0.432942
1.8222
1.8222
0.432942
0.700465
1.8166
0.522449
1.80542
1.78871
0.958463
1.76651
0.611775
1.7389
0.700465
1.70598
1.66787
1.33901
1.6247
0.788084
1.57662
0.874215
1.52381
1.46645
1.40478
0.958463
1.04045
1.26941
1.19625
1.11983
1.11983
1.04045
1.19625
0.874215
0.788084
1.26941
1.33901
0.611775
0.522449
1.40478
0.343729
1.46645
0.255305
0.168182
0.0828964
1.52381
1.57662
0.0828964
1.6247
1.66787
5.22743e-32
5.22743e-32
2.941e-32
0.0851694
0.0851694
2.941e-32
0.261191
0.172415
0.172415
0.261191
0.441264
0.350976
0.350976
0.441264
0.531571
0.621433
0.531571
0.621433
0.710404
0.798057
0.967813
0.883989
0.710404
0.798057
1.12769
1.04916
0.967813
0.883989
1.27501
1.20308
1.04916
1.12769
1.40741
1.34321
1.27501
1.20308
1.40741
1.34321
1.46737
1.52285
1.46737
1.52285
1.57367
1.61962
1.57367
1.61962
1.66056
1.69632
1.72679
1.75187
1.78551
1.77146
1.66056
1.69632
1.79677
1.79395
1.75187
1.72679
1.78551
1.77146
1.79395
0.17639
1.68451
1.71249
1.73498
0.266697
1.75192
0.266697
0.357722
1.76325
0.448968
0.539963
1.76892
1.76892
0.448968
1.76325
0.806981
0.539963
1.75192
1.73498
1.71249
0.63025
1.13413
1.20839
1.68451
0.719395
1.65115
1.61252
1.56875
0.806981
1.52
0.892613
1.46645
1.40829
1.34573
0.975916
1.27901
1.05653
1.05653
1.13413
0.975916
1.20839
0.892613
0.719395
1.27901
0.63025
1.34573
0.357722
1.40829
1.46645
0.17639
0.0873126
1.52
1.56875
0.0873126
1.61252
1.65115
5.53133e-32
5.53133e-32
3.09715e-32
0.0893257
0.0893257
3.09715e-32
0.271823
0.180108
0.180108
0.271823
0.456056
0.363968
0.456056
0.363968
0.638227
0.547625
0.547625
0.638227
0.727439
0.814854
0.900087
0.982771
0.727439
0.814854
1.13913
1.06256
0.900087
0.982771
1.21218
1.28141
1.06256
1.13913
1.34657
1.40741
1.28141
1.21218
1.40741
1.34657
1.46371
1.51525
1.51525
1.46371
1.56187
1.60338
1.60338
1.56187
1.63965
1.67055
1.69597
1.71584
1.73008
1.73864
1.63965
1.67055
1.73864
1.74149
1.71584
1.69597
1.73008
1.67726
0.27657
1.69444
0.0912089
1.70593
0.369714
1.71168
1.71168
0.462528
0.462528
0.554557
1.70593
1.69444
0.554557
1.67726
1.65444
0.645365
1.62606
1.59221
0.734537
1.55301
1.14271
1.5086
0.821678
1.45913
1.40478
0.906411
1.34573
1.28221
0.98838
1.21445
1.06725
1.06725
0.98838
1.14271
0.906411
0.821678
1.21445
0.734537
0.645365
1.28221
1.34573
0.369714
0.27657
1.40478
0.18357
1.45913
1.5086
0.0912089
1.65444
1.55301
1.59221
1.62606
0.18357
5.80147e-32
5.80147e-32
3.23488e-32
0.0929621
0.0929621
3.23488e-32
0.186776
0.280937
0.186776
0.280937
0.468383
0.374961
0.374961
0.468383
0.651662
0.560759
0.560759
0.651662
0.827451
0.740689
0.992743
0.911585
0.740689
0.827451
1.0706
1.14485
0.992743
0.911585
1.21521
1.28141
1.14485
1.0706
1.34321
1.40039
1.28141
1.21521
1.34321
1.40039
1.50005
1.45273
1.50005
1.45273
1.54219
1.57901
1.57901
1.54219
1.63618
1.61037
1.67078
1.65634
1.68237
1.67947
1.63618
1.61037
1.67947
1.65634
1.67078
0.284923
1.64487
0.379707
1.65071
1.65071
1.64487
0.284923
0.473621
1.63321
0.566231
1.61576
1.59259
1.56378
0.745893
0.65712
1.52941
0.745893
1.4896
0.995859
1.44449
1.39424
1.14557
0.832175
1.33901
0.915609
1.27901
1.21445
0.995859
1.07261
1.07261
0.915609
0.832175
1.14557
1.21445
0.65712
0.566231
0.473621
1.27901
0.379707
1.33901
0.189725
0.0945855
1.39424
1.44449
0.0945855
1.63321
1.4896
1.52941
1.56378
0.189725
1.59259
1.61576
6.03784e-32
6.03784e-32
3.35418e-32
0.0960788
0.0960788
3.35418e-32
0.28853
0.192417
0.192417
0.28853
0.478243
0.383954
0.478243
0.383954
0.661738
0.570973
0.570973
0.661738
0.835848
0.750152
0.997729
0.918483
0.750152
0.835848
1.14485
1.07328
0.918483
0.997729
1.27501
1.21218
1.14485
1.07328
1.38633
1.33313
1.21218
1.27501
1.33313
1.38633
1.43442
1.47725
1.43442
1.47725
1.51465
1.54651
1.51465
1.54651
1.57272
1.5932
1.60788
1.6167
1.61964
1.6167
1.5932
1.57272
1.60788
0.387701
1.58627
1.58627
0.0974424
1.58033
0.482249
1.56848
0.574986
1.55076
0.482249
0.574986
1.52721
1.49792
0.665516
1.46299
0.753463
1.42253
1.37667
0.998352
1.32557
0.838472
1.26941
0.920207
1.20839
1.14271
1.07261
0.998352
1.07261
0.920207
0.838472
0.753463
1.14271
0.665516
1.20839
0.387701
1.26941
0.291758
1.32557
0.194853
1.37667
1.42253
0.0974424
1.58033
1.46299
1.49792
0.194853
1.52721
1.55076
1.56848
0.291758
6.24045e-32
6.24045e-32
3.45507e-32
0.0986759
0.0986759
3.45507e-32
0.197033
0.294605
0.197033
0.294605
0.485638
0.390949
0.485638
0.390949
0.668454
0.578269
0.578269
0.668454
0.755829
0.840047
0.997729
0.920782
0.840047
0.755829
1.0706
1.13913
0.920782
0.997729
1.26221
1.20308
1.13913
1.0706
1.36525
1.31633
1.26221
1.20308
1.31633
1.36525
1.4088
1.44683
1.4088
1.44683
1.50588
1.47923
1.50588
1.47923
1.5267
1.54161
1.55058
1.55358
1.55058
1.5267
1.54161
1.51259
0.488411
1.50054
1.48251
0.580822
1.45856
1.42877
0.670553
1.39323
0.488411
1.35207
0.757248
1.30541
0.757248
1.25341
0.840572
0.840572
1.19625
1.13413
0.920207
1.06725
0.995859
0.995859
0.920207
1.06725
0.670553
1.13413
0.580822
1.19625
0.393696
0.297073
1.25341
0.198956
0.0997797
1.30541
1.35207
0.0997797
1.51862
1.39323
1.51862
1.42877
1.45856
0.198956
1.48251
1.50054
0.297073
1.51259
0.393696
6.4093e-32
6.4093e-32
3.53754e-32
0.100753
0.100753
3.53754e-32
0.299161
0.200622
0.299161
0.200622
0.395945
0.490568
0.490568
0.395945
0.671812
0.582646
0.582646
0.671812
0.757722
0.840047
0.918483
0.992743
0.840047
0.757722
1.12769
1.06256
0.992743
0.918483
1.18791
1.24301
1.12769
1.06256
1.33713
1.29281
1.24301
1.18791
1.29281
1.33713
1.37584
1.40881
1.40881
1.37584
1.43592
1.4571
1.4571
1.43592
1.47228
1.48141
1.48445
1.48141
1.47228
0.492109
1.41131
0.58374
1.38694
1.35661
1.32043
0.300869
0.672232
1.27852
0.492109
0.757248
1.23101
1.17805
1.11983
0.838472
1.05653
0.915609
0.98838
0.915609
0.838472
0.98838
0.757248
1.05653
0.672232
0.58374
1.11983
0.397693
1.17805
0.202032
0.101597
1.23101
1.27852
0.101597
1.42966
1.32043
1.35661
1.38694
1.44807
0.202032
1.41131
1.42966
1.44193
0.300869
0.397693
1.44807
1.44193
6.54441e-32
6.54441e-32
3.60161e-32
0.102312
0.102312
3.60161e-32
0.302198
0.203186
0.203186
0.302198
0.493033
0.398942
0.398942
0.493033
0.671812
0.584105
0.584105
0.671812
0.835848
0.755829
0.982771
0.911585
0.835848
0.755829
1.11053
1.04916
0.982771
0.911585
1.2174
1.16668
1.11053
1.04916
1.26255
1.30198
1.16668
1.2174
1.26255
1.30198
1.36317
1.33555
1.36317
1.33555
1.38473
1.40019
1.40019
1.38473
1.40948
1.41258
1.40948
0.58374
1.31266
1.28176
1.24491
0.670553
1.2022
0.303147
0.753463
1.15378
0.493341
1.09981
1.04045
0.832175
0.975915
0.906411
0.906411
0.832175
0.753463
0.975915
0.670553
1.04045
0.58374
0.399691
1.09981
1.15378
0.204083
0.102896
1.2022
1.24491
0.102896
1.33749
1.28176
1.31266
1.36867
1.37493
0.204083
1.33749
1.35618
1.36867
0.303147
1.37493
0.399691
1.35618
0.493341
6.64577e-32
6.64577e-32
3.64726e-32
0.10335
0.10335
3.64726e-32
0.303716
0.204724
0.204724
0.303716
0.493033
0.399941
0.493033
0.399941
0.668454
0.582646
0.582646
0.668454
0.750152
0.827451
0.900087
0.967813
0.750152
0.827451
1.0304
1.08765
0.967813
0.900087
1.13937
1.18539
1.08765
1.0304
1.25979
1.22557
1.18539
1.13937
1.22557
1.25979
1.3099
1.28793
1.28793
1.3099
1.33512
1.32565
1.32565
1.33512
1.33827
1.16698
0.665516
1.12344
0.103675
1.07406
0.745893
1.01901
0.958463
0.821678
0.492109
0.580822
0.892613
0.821678
0.892613
0.745893
0.665516
0.958463
1.01901
0.399691
0.303906
1.07406
0.205109
1.12344
1.16698
0.103675
1.20456
1.20456
1.23605
1.23605
1.26136
0.205109
1.28041
1.29315
0.303906
1.29952
1.29952
0.399691
1.29315
1.28041
0.492109
1.26136
0.580822
6.7134e-32
6.7134e-32
3.6745e-32
0.10387
0.10387
3.6745e-32
0.205237
0.303716
0.205237
0.303716
0.490568
0.398942
0.398942
0.490568
0.661738
0.578269
0.578269
0.661738
0.740689
0.814854
0.947866
0.883989
0.814854
0.740689
1.05904
1.00628
0.947866
0.883989
1.14697
1.10599
1.05904
1.00628
1.21055
1.18186
1.14697
1.10599
1.18186
1.21055
1.24902
1.23296
1.24902
1.23296
1.25867
1.25867
1.26189
0.65712
0.992207
0.734537
0.936022
0.874215
0.806981
0.303147
0.806981
0.734537
0.874215
0.65712
0.574986
0.488411
0.936022
0.397693
0.992207
0.205109
0.103935
1.04259
1.08702
0.103935
1.04259
1.12535
1.15748
1.1833
1.15748
0.205109
1.20273
1.21571
1.22221
0.303147
1.22221
0.397693
1.21571
1.20273
1.1833
0.488411
0.574986
1.12535
1.08702
6.74728e-32
6.74728e-32
3.68334e-32
0.10387
0.10387
3.68334e-32
0.302198
0.204724
0.204724
0.302198
0.485638
0.395945
0.395945
0.485638
0.570973
0.651662
0.651662
0.570973
0.727439
0.798057
0.86329
0.922931
0.727439
0.798057
0.976793
1.02471
0.86329
0.922931
1.10214
1.06653
0.976793
1.02471
1.13141
1.15427
1.10214
1.06653
1.13141
1.15427
1.1805
1.17065
1.1805
1.17065
1.18378
0.719395
0.851215
0.788084
0.103675
0.719395
0.788084
0.645365
0.851215
0.566231
0.482249
0.393696
0.908592
0.300869
0.960037
0.204083
1.00539
1.04453
0.103675
0.908592
1.07731
1.10366
1.00539
1.04453
0.204083
1.12349
1.13674
1.14338
1.12349
0.300869
1.14338
0.393696
1.13674
1.10366
0.482249
1.07731
0.566231
0.960037
0.645365
6.74743e-32
6.74743e-32
3.67378e-32
0.10335
0.10335
3.67378e-32
0.299161
0.203186
0.203186
0.299161
0.390949
0.478243
0.478243
0.390949
0.560759
0.638227
0.560759
0.638227
0.710404
0.777059
0.893004
0.837989
0.777059
0.710404
0.94194
0.984646
0.893004
0.837989
1.021
1.05089
0.94194
0.984646
1.07423
1.09094
1.021
1.05089
1.07423
1.09094
1.10435
1.10099
1.10099
0.63025
0.764985
0.554557
0.473621
0.823612
0.387701
0.297073
0.876169
0.202032
0.102896
0.9225
0.962466
0.102896
0.700465
0.995951
0.764985
1.02286
1.0431
0.202032
1.05663
1.06341
0.962466
0.995951
0.297073
1.06341
1.05663
0.387701
1.0431
1.02286
0.473621
0.554557
0.9225
0.876169
0.63025
0.823612
0.700465
6.71384e-32
6.71384e-32
3.6458e-32
0.102312
0.102312
3.6458e-32
0.200622
0.294605
0.200622
0.294605
0.468383
0.383954
0.468383
0.383954
0.547625
0.621433
0.547625
0.621433
0.68958
0.751859
0.858086
0.808084
0.751859
0.68958
0.938853
0.901718
0.858086
0.808084
0.99322
0.969383
0.938853
0.901718
1.02056
1.0103
0.969383
0.99322
1.02056
1.0103
1.02398
0.737683
0.379707
0.791404
0.291758
0.198956
0.101597
0.838754
0.879594
0.101597
0.462528
0.913807
0.941295
0.961979
0.677748
0.198956
0.975801
0.982722
0.982722
0.838754
0.291758
0.975801
0.379707
0.961979
0.941295
0.913807
0.462528
0.879594
0.539963
0.791404
0.737683
0.611775
0.677748
0.611775
0.539963
6.64652e-32
6.64652e-32
3.59942e-32
0.100753
0.100753
3.59942e-32
0.28853
0.197033
0.197033
0.28853
0.374961
0.456056
0.456056
0.374961
0.531571
0.601277
0.601277
0.531571
0.722456
0.664968
0.773574
0.818173
0.722456
0.664968
0.887327
0.856127
0.818173
0.773574
0.911685
0.929133
0.887327
0.856127
0.94312
0.939621
0.929133
0.911685
0.939621
0.754591
0.194853
0.0997797
0.796343
0.831317
0.0997797
0.284923
0.859414
0.880555
0.448968
0.522449
0.194853
0.894681
0.901754
0.901754
0.706178
0.284923
0.894681
0.369714
0.880555
0.859414
0.831317
0.448968
0.796343
0.522449
0.754591
0.651241
0.589939
0.589939
0.651241
0.369714
0.706178
6.54545e-32
6.54545e-32
3.53463e-32
0.0986759
0.0986759
3.53463e-32
0.192417
0.280937
0.192417
0.280937
0.441264
0.363968
0.441264
0.363968
0.57776
0.512597
0.57776
0.512597
0.688848
0.636567
0.734457
0.773265
0.688848
0.636567
0.805164
0.830066
0.734457
0.773265
0.847903
0.858624
0.830066
0.805164
0.862201
0.858624
0.847903
0.748937
0.0974424
0.777668
0.0974424
0.799285
0.813729
0.189725
0.820961
0.820961
0.432942
0.502015
0.27657
0.813729
0.620945
0.799285
0.357722
0.777668
0.748937
0.432942
0.713171
0.670467
0.502015
0.564741
0.564741
0.620945
0.357722
0.27657
0.670467
0.189725
0.713171
6.41065e-32
6.41065e-32
3.45143e-32
0.0960788
3.45143e-32
0.0960788
0.271823
0.186776
0.186776
0.271823
0.350976
0.424004
0.350976
0.424004
0.550881
0.490702
0.490702
0.550881
0.604375
0.651035
0.690733
0.72336
0.651035
0.604375
0.748829
0.767069
0.72336
0.690733
0.781692
0.778034
0.767069
0.748829
0.778034
0.0945855
0.696533
0.718646
0.73342
0.18357
0.740817
0.266697
0.740817
0.73342
0.266697
0.718646
0.343729
0.696533
0.667142
0.630551
0.414449
0.586857
0.478659
0.536181
0.478659
0.414449
0.536181
0.343729
0.586857
0.18357
0.0945855
0.630551
0.667142
6.24209e-32
6.24209e-32
3.34981e-32
0.0929621
0.0929621
3.34981e-32
0.261191
0.180108
0.180108
0.261191
0.404277
0.335983
0.335983
0.404277
0.520639
0.465885
0.520639
0.465885
0.609015
0.568392
0.668457
0.6424
0.568392
0.609015
0.687119
0.698336
0.668457
0.6424
0.702078
0.687119
0.698336
0.654249
0.17639
0.661818
0.0912089
0.661818
0.654249
0.255305
0.639132
0.327736
0.393488
0.452381
0.616505
0.586428
0.548979
0.393488
0.504257
0.452381
0.327736
0.504257
0.255305
0.548979
0.17639
0.586428
0.616505
0.0912089
0.639132
6.03978e-32
6.03978e-32
3.22978e-32
0.0893257
0.0893257
3.22978e-32
0.249038
0.172415
0.172415
0.249038
0.31899
0.382082
0.31899
0.382082
0.438146
0.487034
0.487034
0.438146
0.562788
0.528618
0.589458
0.608556
0.528618
0.562788
0.620035
0.623865
0.608556
0.589458
0.620035
0.168182
0.584478
0.576731
0.242392
0.561258
0.538097
0.309743
0.507308
0.468969
0.370059
0.42318
0.370059
0.42318
0.309743
0.242392
0.468969
0.168182
0.0873126
0.507308
0.538097
0.0873126
0.561258
0.576731
0.584478
5.80371e-32
5.80371e-32
3.09132e-32
0.0851694
0.0851694
3.09132e-32
0.235365
0.163694
0.163694
0.235365
0.299997
0.357418
0.299997
0.357418
0.407484
0.450064
0.407484
0.450064
0.485051
0.512354
0.543657
0.531906
0.512354
0.485051
0.543657
0.547577
0.531906
0.501402
0.485559
0.227959
0.461845
0.289749
0.430318
0.227959
0.391057
0.344161
0.344161
0.289749
0.391057
0.158949
0.0828964
0.430318
0.461845
0.0828964
0.485559
0.509333
0.501402
0.509333
0.158949
5.53387e-32
5.53387e-32
0.0804933
2.93444e-32
0.0804933
2.93444e-32
0.220172
0.153947
0.153947
0.220172
0.330287
0.279002
0.330287
0.279002
0.373899
0.40973
0.373899
0.40973
0.457712
0.437691
0.473759
0.469745
0.437691
0.469745
0.457712
0.212006
0.388302
0.267754
0.356011
0.315795
0.267754
0.315795
0.212006
0.356011
0.148688
0.0779604
0.388302
0.412589
0.0779604
0.428813
0.428813
0.436935
0.148688
0.436935
0.412589
5.23026e-32
5.23026e-32
2.75914e-32
0.0752973
0.0752973
2.75914e-32
0.203459
0.143173
0.143173
0.203459
0.300686
0.256006
0.256006
0.300686
0.337392
0.366032
0.366032
0.337392
0.386539
0.398863
0.402974
0.398863
0.386539
0.243758
0.243758
0.194532
0.28496
0.137401
0.0725043
0.318041
0.342921
0.0725043
0.28496
0.318041
0.359541
0.36786
0.36786
0.137401
0.359541
0.342921
0.194532
4.89288e-32
4.89288e-32
2.56541e-32
0.0695812
0.0695812
2.56541e-32
0.185224
0.131373
0.185224
0.131373
0.268617
0.231009
0.268617
0.231009
0.318969
0.297961
0.297961
0.318969
0.331595
0.335806
0.331595
0.125087
0.0665283
0.251657
0.277149
0.0665283
0.294176
0.175537
0.3027
0.3027
0.251657
0.125087
0.294176
0.277149
0.175537
0.21776
0.21776
4.52171e-32
4.52171e-32
2.35324e-32
0.0633452
0.0633452
2.35324e-32
0.118545
0.165469
0.118545
0.165469
0.234079
0.204011
0.234079
0.204011
0.268542
0.255607
0.255607
0.272858
0.268542
0.215885
0.233333
0.0600322
0.0600322
0.242068
0.242068
0.111746
0.233333
0.215885
0.189761
0.155022
0.155022
0.189761
0.111746
4.11677e-32
4.11677e-32
2.12265e-32
0.056589
2.12265e-32
0.056589
0.10469
0.144193
0.10469
0.144193
0.197073
0.175011
0.197073
0.175011
0.214752
0.21033
0.21033
0.053016
0.186595
0.186595
0.177644
0.0973776
0.159761
0.132986
0.132986
0.0973776
0.053016
0.159761
0.177644
3.67805e-32
3.67805e-32
1.87363e-32
0.0493129
0.0493129
1.87363e-32
0.121397
0.0898087
0.0898087
0.121397
0.14401
0.157598
0.14401
0.157598
0.16213
0.127759
0.0819827
0.109429
0.0819827
0.0454798
0.109429
0.127759
0.0454798
0.136935
0.136935
3.20554e-32
3.20554e-32
1.60617e-32
0.0415167
0.0415167
1.60617e-32
0.0970804
0.0739004
0.0739004
0.0970804
0.111009
0.111009
0.115654
0.0655609
0.0655609
0.0374237
0.084352
0.0937574
0.0374237
0.0937574
0.084352
2.69925e-32
2.69925e-32
1.32029e-32
0.0332005
1.32029e-32
0.0332005
0.0569652
0.0712433
0.0569652
0.0712433
0.0760063
0.0577547
0.0288475
0.0577547
0.0481124
0.0288475
0.0481124
2.15919e-32
2.15919e-32
0.0243644
1.01598e-32
0.0243644
1.01598e-32
0.0390034
0.0390034
0.0438859
0.0197515
0.0296373
0.0197515
0.0296373
1.58535e-32
1.58535e-32
6.93241e-33
0.0150084
0.0150084
6.93241e-33
0.020015
0.0101356
0.0101356
9.77737e-33
9.77737e-33
3.52079e-33
3.52079e-33
0.00513261
1.45424e-35
3.36357e-33
3.36357e-33
