1.46344e-35
3.38486e-33
3.38486e-33
3.54308e-33
9.83925e-33
0.00516509
0.0101997
3.54308e-33
9.83925e-33
0.0101997
6.97628e-33
0.0198765
1.59538e-32
0.0151034
0.0201417
0.0298249
0.0298249
0.0151034
0.0198765
1.59538e-32
6.97628e-33
1.02241e-32
0.02903
2.17285e-32
0.0245186
0.0484169
0.0581202
0.0392503
0.0441636
1.02241e-32
0.02903
0.0392503
0.0581202
0.0484169
0.0245186
2.17285e-32
1.32864e-32
0.0334106
0.0376604
2.71632e-32
0.0573256
0.0659756
0.0848856
0.071694
0.0943505
0.0764872
0.0943505
0.071694
0.0334106
2.71632e-32
0.0376604
1.32864e-32
0.0659756
0.0573256
0.0848856
1.61633e-32
3.2258e-32
0.0417793
0.0457674
0.0743678
0.0825011
0.110121
0.0976944
0.0457674
3.2258e-32
0.0417793
1.61633e-32
0.137801
0.116386
0.128567
0.111711
0.111711
0.110121
0.128567
0.0743678
0.137801
0.0976944
0.0825011
1.88547e-32
0.0533511
3.70129e-32
0.0496246
0.0903765
0.0979931
0.133826
0.122165
0.158594
0.144921
0.160771
0.178767
3.70129e-32
0.0533511
0.0496246
1.88547e-32
0.0903765
0.133826
0.0979931
0.122165
0.163156
0.187775
0.158594
0.187775
0.160771
0.178767
0.144921
2.13606e-32
0.0604114
4.14277e-32
0.0569466
0.105352
0.112452
0.156001
0.145105
0.217249
0.198318
0.176117
0.19096
0.211659
0.234808
0.243597
0.216109
2.13606e-32
0.0604114
4.14277e-32
0.0569466
0.105352
0.112452
0.156001
0.145105
0.234808
0.217249
0.19096
0.243597
0.176117
0.211659
0.198318
2.3681e-32
0.0669483
4.55025e-32
0.0637452
0.119294
0.125877
0.176645
0.166514
0.219135
0.253246
0.235558
0.2053
0.257222
0.278899
0.296035
0.270239
0.0637452
2.3681e-32
0.0669483
4.55025e-32
0.274582
0.304612
0.304612
0.270239
0.125877
0.176645
0.119294
0.166514
0.235558
0.278899
0.296035
0.219135
0.2053
0.257222
0.253246
2.5816e-32
0.0729618
4.92374e-32
0.0700204
0.186394
0.132202
0.138268
0.195759
0.245296
0.286759
0.270313
0.232468
0.299842
0.320049
0.345086
0.320984
0.333689
0.361811
0.370183
0.337927
4.92374e-32
0.0700204
2.5816e-32
0.0729618
0.195759
0.138268
0.186394
0.132202
0.370183
0.361811
0.333689
0.320984
0.270313
0.232468
0.245296
0.286759
0.320049
0.345086
0.299842
2.77654e-32
0.078452
5.26323e-32
0.0757722
0.144077
0.213343
0.204742
0.149626
0.0757722
0.078452
5.26323e-32
2.77654e-32
0.269443
0.317788
0.302584
0.257622
0.339521
0.390752
0.368342
0.358257
0.40138
0.415192
0.431519
0.388979
0.439693
0.405518
0.40138
0.439693
0.149626
0.213343
0.204742
0.144077
0.317788
0.269443
0.302584
0.257622
0.431519
0.415192
0.358257
0.388979
0.390752
0.339521
0.368342
2.95294e-32
0.0834188
5.56873e-32
0.0810007
0.154918
0.159951
0.229396
0.221561
0.0810007
0.0834188
5.56873e-32
2.95294e-32
0.291576
0.346331
0.33237
0.280761
0.159951
0.221561
0.229396
0.154918
0.376258
0.393523
0.412315
0.433031
0.460599
0.464757
0.488621
0.440452
0.512545
0.476747
0.504563
0.472708
0.472708
0.512545
0.504563
0.460599
0.280761
0.346331
0.291576
0.33237
0.488621
0.412315
0.433031
0.393523
0.376258
0.440452
0.464757
3.11079e-32
0.085706
0.0878625
5.84024e-32
0.164726
0.169242
0.243919
0.236849
0.311695
0.37239
0.359671
0.301887
0.085706
0.0878625
5.84024e-32
3.11079e-32
0.243919
0.169242
0.236849
0.164726
0.410053
0.425847
0.471924
0.452901
0.311695
0.359671
0.301887
0.37239
0.488108
0.510504
0.541488
0.515584
0.535259
0.547084
0.564794
0.580365
0.588161
0.547084
0.551029
0.588161
0.535259
0.564794
0.580365
0.515584
0.425847
0.510504
0.452901
0.410053
0.541488
0.488108
0.471924
3.25011e-32
6.07778e-32
0.089888
0.091783
0.1735
0.1775
0.256912
0.250606
0.3298
0.395965
0.384488
0.320999
0.089888
0.091783
6.07778e-32
3.25011e-32
0.440906
0.455229
0.507432
0.490101
0.256912
0.1775
0.250606
0.1735
0.384488
0.395965
0.3298
0.320999
0.552435
0.531947
0.590119
0.566333
0.455229
0.440906
0.490101
0.507432
0.612389
0.59317
0.643155
0.620386
0.623941
0.658368
0.627794
0.665984
0.665984
0.612389
0.623941
0.658368
0.59317
0.566333
0.531947
0.620386
0.552435
0.590119
0.643155
3.37089e-32
0.0951804
6.28134e-32
0.093547
0.181242
0.184725
0.268375
0.262834
0.345892
0.417056
0.338098
0.406821
0.468817
0.48167
0.539554
0.523916
0.093547
0.0951804
6.28134e-32
3.37089e-32
0.184725
0.268375
0.262834
0.181242
0.634517
0.590549
0.571969
0.612847
0.417056
0.345892
0.406821
0.338098
0.523916
0.468817
0.48167
0.539554
0.700914
0.672663
0.646442
0.671338
0.571969
0.634517
0.590549
0.612847
0.70273
0.691443
0.738032
0.723165
0.745475
0.706496
0.70273
0.745475
0.672663
0.700914
0.671338
0.691443
0.738032
0.723165
0.646442
3.47313e-32
0.098055
6.45094e-32
0.096683
0.187951
0.190918
0.278309
0.273533
0.359971
0.353183
0.435664
0.42667
0.493788
0.50517
0.568291
0.554345
3.47313e-32
6.45094e-32
0.096683
0.098055
0.655128
0.608175
0.624847
0.67468
0.187951
0.190918
0.278309
0.273533
0.435664
0.359971
0.42667
0.353183
0.717652
0.753642
0.727907
0.695075
0.554345
0.568291
0.493788
0.50517
0.608175
0.624847
0.655128
0.67468
0.782553
0.804306
0.753535
0.771891
0.753642
0.717652
0.695075
0.727907
0.786604
0.782924
0.826117
0.81884
0.782553
0.826117
0.804306
0.81884
0.771891
0.782924
0.753535
3.55685e-32
0.100407
6.58658e-32
0.0992961
0.193627
0.196078
0.286714
0.282702
0.366256
0.372037
0.451789
0.444037
0.515818
0.525731
0.593644
0.58139
0.0992961
0.100407
6.58658e-32
3.55685e-32
0.693175
0.640566
0.655331
0.710611
0.193627
0.282702
0.286714
0.196078
0.801341
0.77812
0.759328
0.739069
0.372037
0.451789
0.444037
0.366256
0.58139
0.593644
0.525731
0.515818
0.836533
0.864805
0.835277
0.81022
0.710611
0.640566
0.655331
0.693175
0.801341
0.759328
0.739069
0.77812
0.864013
0.853225
0.886078
0.900293
0.835277
0.81022
0.864805
0.836533
0.907411
0.867613
0.864013
0.853225
0.900293
0.886078
0.907411
3.62204e-32
0.102236
6.68826e-32
0.101386
0.198271
0.200205
0.29359
0.290343
0.101386
0.102236
6.68826e-32
3.62204e-32
0.377316
0.382092
0.465432
0.458921
0.534909
0.543353
0.615615
0.605052
0.74231
0.72699
0.669142
0.682
0.290343
0.198271
0.29359
0.200205
0.796367
0.823305
0.844012
0.778427
0.377316
0.465432
0.458921
0.382092
0.89289
0.885107
0.919533
0.861496
0.615615
0.543353
0.605052
0.534909
0.74231
0.682
0.669142
0.72699
0.934957
0.947192
0.968005
0.917401
0.844012
0.796367
0.778427
0.823305
0.919533
0.89289
0.861496
0.885107
0.945511
0.949032
0.988877
0.981913
0.934957
0.917401
0.947192
0.968005
0.988877
0.945511
0.981913
3.6687e-32
0.103542
6.756e-32
0.102954
0.201882
0.203301
0.298938
0.296455
0.386365
0.390135
0.476594
0.471323
0.102954
0.103542
6.756e-32
3.6687e-32
0.296455
0.298938
0.201882
0.203301
0.551062
0.558036
0.634203
0.625331
0.704857
0.769779
0.756573
0.693905
0.828772
0.863462
0.881656
0.813149
0.386365
0.471323
0.476594
0.390135
0.928275
0.96849
0.944732
0.907367
0.551062
0.625331
0.558036
0.634203
1.00218
1.02925
0.975452
0.999437
0.756573
0.769779
0.704857
0.693905
0.828772
0.863462
0.813149
0.881656
1.02695
1.04963
1.06324
1.01662
0.944732
0.928275
0.96849
0.907367
0.975452
1.02925
0.999437
1.00218
1.03039
1.01662
1.07006
1.07006
1.02695
1.04963
1.06324
3.69685e-32
0.104326
6.78979e-32
0.103999
0.204462
0.205364
0.302757
0.301038
0.393402
0.396167
0.485274
0.481244
0.564276
0.642229
0.569781
0.64941
0.103999
0.104326
6.78979e-32
3.69685e-32
0.205364
0.301038
0.302757
0.204462
0.481244
0.485274
0.396167
0.393402
0.723902
0.793019
0.781927
0.714856
0.898594
0.914276
0.843237
0.856543
1.01168
0.990805
0.96604
0.947833
0.642229
0.564276
0.64941
0.569781
1.02738
1.05105
1.08404
1.05746
0.714856
0.723902
0.781927
0.793019
1.08094
1.1305
1.09776
1.11055
0.914276
0.856543
0.898594
0.843237
1.01168
0.96604
0.990805
0.947833
1.15051
1.10787
1.14384
1.11125
1.02738
1.05105
1.05746
1.08404
1.09776
1.08094
1.15051
1.14384
1.11055
1.10787
1.1305
3.70647e-32
0.104587
6.78964e-32
0.104522
0.20601
0.206396
0.305049
0.304094
0.398429
0.400188
0.491474
0.488684
0.104522
0.104587
6.78964e-32
3.70647e-32
0.574553
0.661237
0.655746
0.57859
0.739137
0.812031
0.803053
0.731996
0.304094
0.305049
0.206396
0.20601
0.488684
0.491474
0.400188
0.398429
0.574553
0.57859
0.655746
0.661237
0.928702
0.868692
0.941873
0.879683
1.0491
1.03111
0.998405
0.982898
1.07319
1.0938
1.13237
1.10901
0.803053
0.731996
0.739137
0.812031
1.16469
1.16147
1.19067
1.13847
0.868692
0.928702
0.941873
0.879683
1.18786
1.21022
1.22328
1.17795
1.03111
1.0491
0.998405
0.982898
1.13237
1.0938
1.10901
1.07319
1.22983
1.19116
1.18786
1.22983
1.16469
1.13847
1.22328
1.19067
1.16147
1.17795
1.21022
3.69758e-32
0.104326
6.75555e-32
0.104522
0.206525
0.206396
0.305813
0.305622
0.401445
0.402198
0.495194
0.493644
0.581893
0.584462
0.669684
0.665883
0.104522
0.104326
6.75555e-32
3.69758e-32
0.206396
0.305622
0.305813
0.206525
0.750562
0.826817
0.819952
0.745325
0.898192
0.96445
0.953789
0.889516
0.402198
0.401445
0.493644
0.495194
0.665883
0.581893
0.669684
0.584462
0.750562
0.745325
0.826817
0.819952
1.06565
1.08076
1.02537
1.01256
1.11289
1.13044
1.17425
1.15412
1.21206
1.18922
1.24374
1.21809
0.889516
0.953789
0.898192
0.96445
1.28837
1.26921
1.25679
1.24064
1.01256
1.02537
1.08076
1.06565
1.2665
1.30118
1.3076
1.26974
1.17425
1.15412
1.11289
1.13044
1.18922
1.21206
1.21809
1.24374
1.2665
1.25679
1.3076
1.30118
1.24064
1.26921
1.28837
3.67017e-32
0.103542
6.68751e-32
0.103999
0.20601
0.205364
0.305049
0.305622
0.496124
0.40245
0.402198
0.496434
0.103999
0.103542
6.68751e-32
3.67017e-32
0.586297
0.587398
0.674752
0.67264
0.758178
0.837378
0.832625
0.754846
0.205364
0.305622
0.305049
0.20601
0.496124
0.496434
0.40245
0.402198
0.912073
0.982007
0.973856
0.905712
1.04694
1.09443
1.03683
1.10666
0.67264
0.674752
0.587398
0.586297
0.832625
0.754846
0.758178
0.837378
0.982007
0.912073
0.905712
0.973856
1.14647
1.19277
1.20968
1.16096
1.2332
1.25264
1.28973
1.26762
1.31804
1.34579
1.29593
1.32081
1.03683
1.09443
1.10666
1.04694
1.33388
1.3434
1.36459
1.37716
1.14647
1.20968
1.19277
1.16096
1.38345
1.38345
1.34658
1.3434
1.25264
1.28973
1.2332
1.26762
1.37716
1.36459
1.32081
1.29593
1.34579
1.33388
1.31804
3.62424e-32
0.102236
6.58553e-32
0.102954
0.204462
0.203301
0.302757
0.304094
0.495194
0.496124
0.401445
0.400188
0.587765
0.587398
0.676441
0.676019
0.102954
0.102236
6.58553e-32
3.62424e-32
0.203301
0.304094
0.302757
0.204462
0.761986
0.843714
0.841073
0.760558
0.921327
0.994547
0.988904
0.917279
0.496124
0.495194
0.400188
0.401445
0.676019
0.587765
0.676441
0.587398
1.06312
1.1268
1.0557
1.11745
1.17394
1.22497
1.23866
1.18538
0.761986
0.760558
0.843714
0.841073
0.917279
0.988904
0.994547
0.921327
1.0557
1.11745
1.1268
1.06312
1.2704
1.31006
1.28646
1.32863
1.34384
1.39553
1.36502
1.37162
1.42005
1.39331
1.43851
1.40886
1.17394
1.22497
1.18538
1.23866
1.45703
1.41821
1.42132
1.45085
1.2704
1.28646
1.32863
1.31006
1.41821
1.45703
1.45085
1.40886
1.37162
1.36502
1.34384
1.39553
1.42005
1.39331
1.43851
3.55978e-32
0.100407
6.44959e-32
0.101386
0.201882
0.200205
0.298938
0.301038
0.396167
0.491474
0.493644
0.398429
0.101386
0.100407
6.44959e-32
3.55978e-32
0.586297
0.584462
0.674752
0.676019
0.761986
0.845825
0.762462
0.845297
0.200205
0.301038
0.298938
0.201882
0.493644
0.491474
0.398429
0.396167
0.925953
1.00207
0.998936
0.924218
1.13471
1.0739
1.14119
1.06918
0.584462
0.586297
0.674752
0.676019
0.762462
0.845297
0.845825
0.761986
1.1953
1.20369
1.25073
1.26119
1.30083
1.31351
1.36044
1.34542
0.925953
1.00207
0.924218
0.998936
1.14119
1.0739
1.06918
1.13471
1.26119
1.1953
1.25073
1.20369
1.38436
1.41752
1.40186
1.43761
1.49166
1.46757
1.46611
1.4448
1.49056
1.5098
1.52192
1.48138
1.30083
1.36044
1.31351
1.34542
1.49056
1.52799
1.49362
1.52799
1.43761
1.41752
1.38436
1.40186
1.48138
1.49166
1.46757
1.5098
1.52192
1.4448
1.46611
3.4768e-32
0.098055
6.27969e-32
0.0992961
0.198271
0.296455
0.196078
0.29359
0.390135
0.485274
0.488684
0.393402
0.0992961
0.098055
6.27969e-32
3.4768e-32
0.581893
0.57859
0.669684
0.67264
0.196078
0.296455
0.29359
0.198271
0.758178
0.760558
0.843714
0.845297
0.925953
1.00458
1.00395
0.926532
0.393402
0.488684
0.485274
0.390135
0.57859
0.67264
0.581893
0.669684
1.14622
1.07929
1.14982
1.07727
1.21589
1.21056
1.27729
1.27005
0.760558
0.843714
0.845297
0.758178
1.00395
1.00458
0.925953
0.926532
1.32449
1.38519
1.3737
1.33379
1.47202
1.41751
1.43132
1.45577
1.14982
1.07929
1.07727
1.14622
1.21056
1.27005
1.27729
1.21589
1.32449
1.33379
1.3737
1.38519
1.51517
1.48836
1.50716
1.53662
1.56031
1.57814
1.55111
1.53611
1.59603
1.56315
1.59006
1.56014
1.45577
1.43132
1.41751
1.47202
1.59603
1.56014
1.59006
1.55111
1.57814
1.51517
1.56031
1.48836
1.53611
1.50716
1.53662
3.37528e-32
0.0951804
6.07583e-32
0.096683
0.096683
0.0951804
6.07583e-32
3.37528e-32
0.193627
0.286714
0.290343
0.190918
0.382092
0.476594
0.481244
0.386365
0.574553
0.569781
0.661237
0.665883
0.290343
0.286714
0.193627
0.190918
0.754846
0.750562
0.837378
0.841073
0.481244
0.476594
0.382092
0.386365
0.921327
1.00207
1.00395
0.924218
1.07929
1.15269
1.15197
1.07997
0.569781
0.665883
0.574553
0.661237
0.750562
0.837378
0.754846
0.841073
1.21971
1.222
1.28695
1.28292
1.34139
1.34731
1.39491
1.40286
1.00207
0.921327
0.924218
1.00395
1.07929
1.07997
1.15197
1.15269
1.44329
1.45341
1.49879
1.48636
1.52399
1.5734
1.53883
1.55603
1.21971
1.28292
1.222
1.28695
1.34139
1.40286
1.34731
1.39491
1.44329
1.49879
1.48636
1.45341
1.62569
1.603
1.5824
1.60238
1.65496
1.64323
1.61776
1.62663
1.62663
1.62959
1.66084
1.66084
1.52399
1.55603
1.5734
1.53883
1.65496
1.603
1.61776
1.64323
1.60238
1.62569
1.5824
3.25524e-32
0.091783
5.838e-32
0.093547
0.187951
0.184725
0.278309
0.282702
0.093547
0.091783
5.838e-32
3.25524e-32
0.282702
0.278309
0.187951
0.184725
0.372037
0.465432
0.471323
0.377316
0.564276
0.558036
0.64941
0.655746
0.745325
0.739137
0.826817
0.832625
0.377316
0.372037
0.471323
0.465432
0.912073
0.994547
0.998936
0.917279
0.655746
0.64941
0.564276
0.558036
1.0739
1.14982
1.15197
1.07727
1.22276
1.29017
1.28936
1.222
0.745325
0.826817
0.739137
0.832625
0.994547
0.998936
0.912073
0.917279
1.35407
1.41346
1.35153
1.40905
1.4617
1.46814
1.5179
1.5093
1.14982
1.07727
1.15197
1.0739
1.222
1.28936
1.22276
1.29017
1.55169
1.56257
1.60199
1.58872
1.64622
1.66458
1.62026
1.63604
1.40905
1.35153
1.35407
1.41346
1.46814
1.4617
1.5179
1.5093
1.55169
1.60199
1.58872
1.56257
1.70481
1.68753
1.66649
1.68102
1.69268
1.68976
1.71636
1.72215
1.68976
1.72215
1.68102
1.71636
1.62026
1.66649
1.66458
1.63604
1.68753
1.70481
1.64622
3.11666e-32
0.089888
0.0878625
5.56618e-32
0.181242
0.1775
0.268375
0.273533
0.359971
0.451789
0.458921
0.366256
0.089888
0.0878625
5.56618e-32
3.11666e-32
0.1775
0.273533
0.268375
0.181242
0.458921
0.451789
0.359971
0.366256
0.551062
0.543353
0.634203
0.642229
0.731996
0.723902
0.812031
0.819952
0.905712
0.898192
0.982007
0.988904
0.543353
0.642229
0.551062
0.634203
1.06312
1.14119
1.14622
1.06918
0.731996
0.812031
0.819952
0.723902
1.28936
1.21971
1.21589
1.28695
1.417
1.35491
1.35407
1.41611
0.898192
0.905712
0.988904
0.982007
1.06918
1.14622
1.14119
1.06312
1.47274
1.52937
1.52459
1.4755
1.57147
1.62242
1.5784
1.61323
1.28936
1.21971
1.21589
1.28695
1.417
1.35407
1.41611
1.35491
1.69482
1.68078
1.66127
1.64971
1.72296
1.70635
1.72633
1.74558
1.47274
1.52937
1.52459
1.4755
1.57147
1.62242
1.5784
1.61323
1.68078
1.64971
1.69482
1.66127
1.74065
1.77401
1.74926
1.76262
1.77971
1.77971
1.75213
1.74926
1.74065
1.74558
1.76262
1.77401
1.72296
1.72633
1.70635
2.95954e-32
5.26038e-32
0.085706
0.0834188
0.1735
0.169242
0.256912
0.262834
0.345892
0.435664
0.444037
0.353183
0.085706
0.0834188
5.26038e-32
2.95954e-32
0.534909
0.525731
0.615615
0.625331
0.169242
0.262834
0.256912
0.1735
0.353183
0.345892
0.444037
0.435664
0.525731
0.625331
0.615615
0.534909
0.714856
0.704857
0.793019
0.803053
0.879683
0.96445
0.973856
0.889516
1.04694
1.1268
1.13471
1.0557
0.714856
0.803053
0.793019
0.704857
1.21056
1.27729
1.28292
1.20369
0.96445
0.973856
0.879683
0.889516
1.34731
1.41346
1.35153
1.41611
1.53319
1.47642
1.4755
1.53223
1.1268
1.04694
1.0557
1.13471
1.28292
1.21056
1.27729
1.20369
1.62956
1.58334
1.58631
1.63467
1.67809
1.7067
1.67073
1.71642
1.34731
1.41346
1.35153
1.41611
1.53319
1.4755
1.47642
1.53223
1.77728
1.76257
1.74952
1.73735
1.79961
1.78227
1.79639
1.81642
1.58334
1.63467
1.62956
1.58631
1.71642
1.7067
1.67073
1.67809
1.73735
1.76257
1.74952
1.77728
1.80772
1.80488
1.82765
1.83328
1.83328
1.80488
1.79639
1.81642
1.82765
1.79961
1.78227
2.78387e-32
0.078452
4.92059e-32
0.0810007
0.0810007
0.078452
4.92059e-32
2.78387e-32
0.164726
0.159951
0.243919
0.250606
0.3298
0.417056
0.42667
0.338098
0.515818
0.50517
0.593644
0.605052
0.250606
0.243919
0.164726
0.159951
0.693905
0.682
0.769779
0.781928
0.42667
0.3298
0.417056
0.338098
0.593644
0.50517
0.605052
0.515818
0.693905
0.781928
0.769779
0.682
0.868692
0.856543
0.941873
0.953789
1.02537
1.10666
1.11745
1.03683
1.1953
1.27005
1.18538
1.26119
0.941873
0.953789
0.856543
0.868692
1.33379
1.40905
1.34139
1.40286
1.02537
1.03683
1.11745
1.10666
1.52937
1.53223
1.47274
1.46814
1.63773
1.5873
1.63875
1.58631
1.27005
1.1953
1.18538
1.26119
1.40905
1.34139
1.33379
1.40286
1.6865
1.72937
1.72398
1.68334
1.76723
1.78973
1.79992
1.75948
1.46814
1.47274
1.53223
1.52937
1.63875
1.58631
1.5873
1.63773
1.84939
1.82734
1.83408
1.81463
1.84802
1.85641
1.87709
1.86599
1.68334
1.6865
1.72398
1.72937
1.75948
1.76723
1.79992
1.78973
1.82734
1.84939
1.81463
1.83408
1.85921
1.88265
1.88265
1.85641
1.86599
1.87709
1.84802
2.58966e-32
0.0729618
4.5468e-32
0.0757722
2.58966e-32
0.0757722
0.0729618
4.5468e-32
0.154918
0.149626
0.229396
0.236849
0.236849
0.229396
0.154918
0.149626
0.320999
0.311695
0.395965
0.406821
0.493788
0.48167
0.568291
0.581391
0.669142
0.655331
0.74231
0.756573
0.406821
0.395965
0.311695
0.320999
0.843237
0.828772
0.914276
0.928702
0.48167
0.581391
0.568291
0.493788
0.669142
0.756573
0.74231
0.655331
0.828772
0.843237
0.928702
0.914276
0.998405
1.08076
1.09443
1.01256
1.17394
1.23866
1.16096
1.25073
1.39491
1.32449
1.31351
1.38519
0.998405
1.08076
1.09443
1.01256
1.52459
1.45341
1.4617
1.5179
1.16096
1.25073
1.23866
1.17394
1.63467
1.63773
1.5784
1.58334
1.6865
1.73261
1.73369
1.68755
1.39491
1.38519
1.31351
1.32449
1.4617
1.52459
1.45341
1.5179
1.8135
1.77276
1.77608
1.80784
1.84582
1.87294
1.86234
1.83774
1.63467
1.58334
1.5784
1.63773
1.68755
1.73261
1.6865
1.73369
1.88156
1.89534
1.91116
1.89474
1.90363
1.9064
1.92213
1.92763
1.77608
1.77276
1.80784
1.8135
1.87294
1.83774
1.86234
1.84582
1.92763
1.88156
1.92213
1.90363
1.89534
1.91116
1.89474
0.0700204
0.0669483
4.13902e-32
2.3769e-32
2.3769e-32
0.0669483
4.13902e-32
0.0700204
0.144077
0.138268
0.213343
0.221561
0.144077
0.138268
0.221561
0.213343
0.291576
0.37239
0.384488
0.301887
0.384488
0.37239
0.291576
0.301887
0.468817
0.455229
0.539554
0.554345
0.640566
0.624847
0.710611
0.72699
0.813149
0.796367
0.881656
0.898594
0.539554
0.455229
0.554345
0.468817
0.982898
0.966041
1.0491
1.06565
0.624847
0.640566
0.72699
0.710611
0.881656
0.813149
0.898594
0.796367
0.982898
1.06565
1.0491
0.966041
1.22497
1.14647
1.13044
1.20968
1.3737
1.30083
1.36045
1.28646
1.5093
1.43132
1.49879
1.44329
1.22497
1.20968
1.14647
1.13044
1.62956
1.56257
1.62242
1.57147
1.3737
1.28646
1.30083
1.36045
1.67809
1.72937
1.68334
1.73261
1.81689
1.81803
1.77718
1.77608
1.5093
1.49879
1.43132
1.44329
1.56257
1.57147
1.62956
1.62242
1.85506
1.88706
1.88117
1.8516
1.9139
1.92454
1.93548
1.90552
1.68334
1.72937
1.73261
1.67809
1.77608
1.77718
1.81689
1.81803
1.93817
1.95174
1.9626
1.94637
1.94637
1.9491
1.96805
1.96805
1.88117
1.8516
1.88706
1.85506
1.9139
1.93548
1.92454
1.9626
1.95174
1.90552
1.93817
0.0637452
0.0604114
3.69723e-32
2.14559e-32
0.204742
0.195759
0.132202
0.125877
2.14559e-32
0.0604114
3.69723e-32
0.0637452
0.132202
0.125877
0.195759
0.204742
0.269443
0.346331
0.359671
0.280761
0.346331
0.269443
0.280761
0.359671
0.440906
0.425847
0.507432
0.523916
0.425847
0.523916
0.507432
0.440906
0.608175
0.590549
0.67468
0.693175
0.778427
0.759328
0.844012
0.863462
0.928275
1.01168
1.03111
0.947833
0.590549
0.608175
0.693175
0.67468
1.11289
1.0938
1.17425
1.19277
0.759328
0.844012
0.778427
0.863462
1.01168
0.947833
1.03111
0.928275
1.0938
1.19277
1.11289
1.17425
1.25264
1.2704
1.32863
1.34542
1.48636
1.40186
1.47202
1.41751
1.60199
1.53883
1.61323
1.55169
1.34542
1.32863
1.25264
1.2704
1.66127
1.72398
1.71642
1.67073
1.40186
1.41751
1.48636
1.47202
1.8135
1.76723
1.81689
1.77276
1.85622
1.89177
1.89059
1.85506
1.61323
1.60199
1.55169
1.53883
1.72398
1.67073
1.66127
1.71642
1.94399
1.91988
1.92348
1.95007
1.97146
1.96283
1.98757
1.97634
1.8135
1.77276
1.76723
1.81689
1.85622
1.89177
1.89059
1.85506
1.98717
1.99834
1.98446
2.00374
1.98446
1.99834
1.97634
2.00374
1.94399
1.92348
1.95007
1.91988
1.98757
1.97146
1.96283
0.0569466
0.0533511
3.22145e-32
1.89574e-32
0.186394
0.176645
0.119294
0.112452
1.89574e-32
0.0533511
3.22145e-32
0.0569466
0.33237
0.317788
0.245296
0.257622
0.119294
0.112452
0.176645
0.186394
0.245296
0.317788
0.33237
0.257622
0.410053
0.393523
0.471924
0.490101
0.490101
0.471924
0.410053
0.393523
0.571969
0.552435
0.634517
0.655128
0.571969
0.655128
0.634517
0.552435
0.73907
0.717652
0.801341
0.823305
0.907367
0.885107
0.96849
0.990805
1.07319
1.05105
1.13237
1.15412
0.801341
0.73907
0.823305
0.717652
1.31006
1.2332
1.28973
1.21206
0.885107
0.96849
0.990805
0.907367
1.05105
1.15412
1.13237
1.07319
1.31006
1.21206
1.2332
1.28973
1.43761
1.36502
1.45577
1.38436
1.5734
1.58872
1.50716
1.52399
1.7067
1.63604
1.69482
1.64971
1.36502
1.45577
1.43761
1.38436
1.74952
1.79992
1.80784
1.75948
1.50716
1.5734
1.58872
1.52399
1.84582
1.88706
1.8516
1.89059
1.92467
1.92348
1.95372
1.95494
1.64971
1.63604
1.7067
1.69482
1.80784
1.75948
1.79992
1.74952
1.99631
2.00255
1.98133
1.97763
2.01776
2.0097
2.01854
2.02923
1.8516
1.88706
1.84582
1.89059
1.95494
1.92467
1.92348
1.95372
2.02045
2.01776
2.03458
2.03458
1.99631
1.98133
2.0097
2.02923
1.97763
2.00255
2.01854
0.0496246
0.0457674
2.71167e-32
1.62733e-32
0.166514
0.156001
0.105352
0.0979931
1.62733e-32
0.0457674
2.71167e-32
0.0496246
0.302584
0.286759
0.219135
0.232468
0.105352
0.0979931
0.156001
0.166514
0.452901
0.433031
0.376258
0.358257
0.219135
0.286759
0.302584
0.232468
0.376258
0.358257
0.433031
0.452901
0.531947
0.510505
0.59012
0.612847
0.531947
0.612847
0.59012
0.510505
0.695075
0.671338
0.753642
0.77812
0.671338
0.695075
0.77812
0.753642
0.836533
0.919533
0.944732
0.861496
1.02738
1.00218
1.08404
1.10901
1.18922
1.26762
1.16469
1.24374
0.836533
0.944732
0.919533
0.861496
1.32081
1.41752
1.39553
1.34384
1.00218
1.08404
1.10901
1.02738
1.24374
1.16469
1.26762
1.18922
1.39553
1.32081
1.34384
1.41752
1.55603
1.46757
1.53662
1.48836
1.60239
1.68078
1.66458
1.62026
1.72296
1.77728
1.78973
1.73735
1.53662
1.55603
1.46757
1.48836
1.87294
1.82734
1.83774
1.88117
1.68078
1.62026
1.60239
1.66458
1.9139
1.95007
1.91988
1.95372
2.00754
1.98256
1.98133
2.0063
1.78973
1.72296
1.73735
1.77728
1.87294
1.83774
1.88117
1.82734
2.02485
2.03814
2.04451
2.02863
2.05513
2.04614
2.04881
2.06045
1.95372
1.9139
1.95007
1.91988
1.98256
2.0063
1.98133
2.00754
2.02863
2.03814
2.04451
2.04614
2.06045
2.05513
2.02485
0.0417793
0.0376604
2.1679e-32
1.34038e-32
0.145105
0.133826
0.0903765
0.0825011
1.34038e-32
0.0376604
2.1679e-32
0.0417793
0.270313
0.253246
0.19096
0.2053
0.0903765
0.0825011
0.133826
0.145105
0.412315
0.390752
0.339521
0.320049
0.19096
0.253246
0.270313
0.2053
0.488108
0.566333
0.541488
0.464757
0.339521
0.320049
0.390752
0.412315
0.488108
0.464757
0.541488
0.566333
0.646442
0.620386
0.700914
0.727907
0.646442
0.727907
0.620386
0.700914
0.81022
0.782553
0.864806
0.892891
0.864806
0.782553
0.81022
0.892891
0.975452
0.947192
1.02925
1.05746
1.21809
1.13847
1.11055
1.19067
1.34579
1.37162
1.26921
1.29593
0.947192
1.05746
1.02925
0.975452
1.42005
1.49166
1.51517
1.4448
1.19067
1.11055
1.21809
1.13847
1.34579
1.26921
1.37162
1.29593
1.42005
1.49166
1.4448
1.51517
1.64622
1.62569
1.56031
1.5824
1.68753
1.74558
1.76257
1.70635
1.84939
1.81463
1.86234
1.79961
1.64622
1.62569
1.56031
1.5824
1.90552
1.89474
1.94399
1.93548
1.74558
1.70635
1.68753
1.76257
2.00255
1.97146
1.97763
2.0063
2.04961
2.04834
2.02989
2.02863
1.79961
1.84939
1.81463
1.86234
1.93548
1.94399
1.90552
1.89474
2.06951
2.07597
2.06156
2.06541
2.07216
2.08126
2.08126
2.06951
1.97763
2.00255
2.0063
1.97146
2.04834
2.07597
2.02989
2.04961
2.06541
2.06156
2.02863
0.0334106
0.0290301
1.59013e-32
1.03488e-32
1.03488e-32
0.0290301
1.59013e-32
0.0334106
0.122165
0.110121
0.0743678
0.0659756
0.235558
0.217249
0.160771
0.176117
0.0743678
0.0659756
0.110121
0.122165
0.2789
0.368342
0.345086
0.299842
0.160771
0.217249
0.235558
0.176117
0.440452
0.515584
0.488621
0.415192
0.299842
0.2789
0.345086
0.368342
0.59317
0.672663
0.643155
0.564795
0.440452
0.415192
0.488621
0.515584
0.59317
0.564795
0.643155
0.672663
0.753536
0.723165
0.804306
0.835277
0.753536
0.835277
0.804306
0.723165
0.917401
0.886079
0.968005
0.999437
0.999437
0.886079
0.968005
0.917401
1.16147
1.08094
1.1305
1.04963
1.21022
1.24064
1.31804
1.28837
1.36459
1.46611
1.43851
1.39331
1.1305
1.04963
1.16147
1.08094
1.5098
1.603
1.57814
1.53611
1.21022
1.28837
1.24064
1.31804
1.43851
1.36459
1.46611
1.39331
1.603
1.5098
1.57814
1.53611
1.72633
1.64323
1.70481
1.66649
1.81642
1.76262
1.83408
1.78227
1.88156
1.86599
1.91116
1.92454
1.64323
1.70481
1.72633
1.66649
1.95174
1.99631
1.96283
1.98757
1.76262
1.83408
1.78227
1.81642
2.01854
2.04451
2.02485
2.04834
2.08115
2.06541
2.06669
2.07985
1.88156
1.92454
1.91116
1.86599
1.96283
1.98757
1.95174
1.99631
2.09694
2.09041
2.08777
2.09167
2.09167
2.07985
2.08777
2.09694
2.04451
2.02485
2.01854
2.04834
2.06669
2.08115
2.06541
7.10831e-33
0.0198765
9.78372e-33
0.0245186
0.0245186
0.0198765
9.78372e-33
7.10831e-33
0.0976944
0.0848856
0.0573256
0.0484169
0.0573256
0.0484169
0.0848856
0.0976944
0.198318
0.178767
0.128567
0.144921
0.320984
0.296035
0.257222
0.234808
0.128567
0.178767
0.144921
0.198318
0.388979
0.460599
0.431519
0.361811
0.257222
0.234808
0.296035
0.320984
0.535259
0.612389
0.504563
0.580365
0.388979
0.361811
0.431519
0.460599
0.691443
0.771891
0.738032
0.658368
0.535259
0.504563
0.580365
0.612389
0.691443
0.658368
0.738032
0.771891
0.853225
0.81884
0.900293
0.934957
0.853225
0.934957
0.81884
0.900293
0.981913
1.06324
1.01662
1.09776
0.981913
1.09776
1.06324
1.01662
1.22328
1.25679
1.14384
1.17795
1.30118
1.40886
1.33388
1.37716
1.45085
1.52192
1.55111
1.48138
1.22328
1.14384
1.25679
1.17795
1.59006
1.68102
1.65496
1.61776
1.37716
1.30118
1.33388
1.40886
1.55111
1.45085
1.52192
1.48138
1.65496
1.59006
1.68102
1.61776
1.77401
1.79639
1.71636
1.74065
1.87709
1.82765
1.89534
1.84802
1.93817
1.9626
1.97634
1.92214
1.71636
1.79639
1.74065
1.77401
2.0097
2.02923
1.99834
2.03814
1.84802
1.87709
1.89534
1.82765
2.06156
2.07985
2.05513
2.07597
2.10216
2.09167
2.10086
2.09297
1.92214
1.93817
1.97634
1.9626
2.0097
2.03814
2.02923
1.99834
2.10086
2.10349
2.10742
2.10742
2.07597
2.10216
2.09297
2.07985
2.06156
2.05513
2.09167
0.0151034
0.0101997
3.32634e-33
3.68244e-33
3.68244e-33
0.0101997
3.32634e-33
0.0151034
0.0392503
0.0298249
0.0581202
0.071694
0.071694
0.0581202
0.0392503
0.0298249
0.158594
0.137801
0.0943505
0.111711
0.0943505
0.111711
0.137801
0.158594
0.270239
0.243597
0.211659
0.187775
0.333689
0.40138
0.370183
0.304612
0.211659
0.187775
0.243597
0.270239
0.472708
0.547084
0.512545
0.439693
0.333689
0.304612
0.370183
0.40138
0.623941
0.70273
0.665984
0.588161
0.472708
0.439693
0.512545
0.547084
0.782924
0.864013
0.826117
0.745476
0.623941
0.588161
0.665984
0.70273
0.864013
0.782924
0.745476
0.826117
0.907411
0.988877
1.02695
0.945511
0.945511
1.02695
0.907411
0.988877
1.18786
1.07006
1.10787
1.15051
1.18786
1.07006
1.15051
1.10787
1.22983
1.3076
1.3434
1.2665
1.38345
1.45703
1.49056
1.41821
1.59603
1.62663
1.52799
1.56014
1.3076
1.22983
1.3434
1.2665
1.66084
1.74926
1.72215
1.68976
1.49056
1.45703
1.38345
1.41821
1.52799
1.62663
1.56014
1.59603
1.66084
1.74926
1.72215
1.68976
1.80488
1.77971
1.83328
1.85641
1.90363
1.88265
1.94637
1.92763
2.01776
1.96805
1.98446
2.00374
1.83328
1.85641
1.77971
1.80488
2.06951
2.06045
2.04614
2.03458
1.88265
1.92763
1.90363
1.94637
2.08126
2.08777
2.10086
2.09694
2.11136
2.10873
2.10742
2.11267
2.00374
1.96805
1.98446
2.01776
2.03458
2.04614
2.06951
2.06045
2.10742
2.10086
2.10873
2.11267
2.08126
2.09694
2.08777
8.63323e-35
0.00516511
0.00516511
8.63323e-35
0.0441636
0.0201417
0.0201417
0.0441636
0.116386
0.0764872
0.0764872
0.116386
0.163156
0.216109
0.163156
0.216109
0.274582
0.337927
0.405518
0.476747
0.274582
0.337927
0.551029
0.627794
0.476747
0.405518
0.706496
0.786605
0.627794
0.551029
0.867613
0.949032
0.706496
0.786605
0.867613
0.949032
1.03039
1.11125
1.03039
1.11125
1.19116
1.26974
1.26974
1.19116
1.34658
1.42132
1.49362
1.56315
1.69268
1.62959
1.42132
1.34658
1.80772
1.75213
1.56315
1.49362
1.62959
1.69268
1.80772
1.75213
1.85921
1.9064
1.98717
1.9491
2.04881
2.02045
1.85921
1.9064
2.09041
2.07216
1.98717
1.9491
2.11136
2.10349
2.11398
2.11136
2.02045
2.04881
2.07216
2.10349
2.09041
0.907411
1.22983
1.15051
0.0101997
0.988877
1.07006
0.988877
1.07006
0.907411
0.137801
0.187775
0.826117
1.15051
0.304612
0.745476
0.665984
1.22983
0.588161
0.512545
1.3076
0.439693
0.370183
1.38345
0.243597
1.45703
1.52799
0.0943505
0.0581202
1.59603
0.0298249
1.66084
1.72215
0.0101997
1.3076
1.38345
1.77971
1.83328
1.52799
1.88265
0.0298249
1.92763
1.96805
0.0581202
2.00374
2.03458
0.0943505
2.06045
2.08126
0.137801
1.96805
2.09694
2.00374
2.10742
0.187775
2.11267
2.11267
0.243597
2.10742
2.09694
0.304612
2.08126
2.06045
0.370183
2.03458
0.439693
1.92763
0.512545
1.88265
1.83328
0.588161
1.77971
1.72215
0.665984
1.66084
1.59603
0.745476
1.45703
0.826117
3.32634e-33
3.32634e-33
3.68244e-33
0.0151034
0.0151034
3.68244e-33
0.071694
0.0392503
0.0392503
0.071694
0.111711
0.158594
0.111711
0.158594
0.270239
0.211659
0.211659
0.270239
0.40138
0.333689
0.547084
0.472708
0.333689
0.40138
0.623941
0.70273
0.547084
0.472708
0.864013
0.782924
0.623941
0.70273
0.945511
1.02695
0.782924
0.864013
0.945511
1.02695
1.18786
1.10787
1.18786
1.10787
1.2665
1.3434
1.3434
1.2665
1.49056
1.41821
1.62663
1.56014
1.68976
1.74926
1.41821
1.49056
1.85641
1.80488
1.62663
1.56014
1.74926
1.68976
1.80488
1.85641
1.90363
1.94637
2.01776
1.98446
2.04614
2.06951
1.94637
1.90363
2.10086
2.08777
2.01776
1.98446
2.11136
2.10873
2.10873
2.10086
2.06951
2.04614
2.08777
1.14384
1.06324
1.06324
0.981913
1.14384
0.900293
0.0848856
0.81884
0.738032
1.22328
0.658368
1.30118
0.580365
0.504563
0.431519
1.37716
0.361811
1.45085
0.296035
0.234808
0.178767
1.52192
0.128567
1.59006
0.0484169
0.0198765
1.65496
1.71636
0.0198765
1.77401
1.22328
1.82765
1.87709
1.37716
0.0484169
1.92214
1.9626
1.59006
1.99834
0.0848856
2.02923
0.128567
2.05513
2.07597
2.09167
1.87709
0.178767
2.10216
0.234808
1.99834
2.10742
2.10742
2.10216
0.296035
2.09167
0.361811
2.07597
2.05513
2.02923
0.431519
0.504563
1.9626
1.92214
0.580365
1.82765
0.658368
1.77401
1.71636
1.65496
0.738032
0.81884
1.52192
1.45085
0.900293
1.30118
0.981913
9.78372e-33
9.78372e-33
7.10831e-33
0.0245186
0.0245186
7.10831e-33
0.0976944
0.0573256
0.0573256
0.0976944
0.144921
0.198318
0.198318
0.144921
0.320984
0.257222
0.257222
0.320984
0.460599
0.388979
0.535259
0.612389
0.388979
0.460599
0.691443
0.771891
0.612389
0.535259
0.853225
0.934957
0.771891
0.691443
1.09776
1.01662
0.853225
0.934957
1.09776
1.01662
1.17795
1.25679
1.25679
1.17795
1.40886
1.33388
1.33388
1.40886
1.55111
1.48138
1.68102
1.61776
1.74065
1.79639
1.55111
1.48138
1.84802
1.89534
1.61776
1.68102
1.79639
1.74065
1.84802
1.89534
1.93817
1.97634
2.0097
2.03814
2.06156
2.07985
1.97634
1.93817
2.10086
2.09297
2.0097
2.03814
2.10349
2.10086
2.09297
2.06156
2.07985
1.1305
0.968005
1.21022
0.0290301
0.886079
0.804306
0.723165
1.28837
0.643155
0.217249
0.2789
1.36459
0.564795
0.488621
0.415192
1.43851
0.345086
1.5098
0.160771
1.57814
0.110121
1.64323
0.0659756
1.70481
1.76262
0.0290301
1.81642
1.1305
1.86599
0.0659756
1.91116
1.95174
1.98757
1.43851
1.5098
0.110121
2.01854
0.160771
2.04451
2.06541
2.08115
0.217249
1.81642
2.09167
0.2789
1.91116
1.95174
2.09694
2.09694
2.09167
0.345086
2.08115
0.415192
2.06541
2.04451
2.01854
0.488621
1.98757
0.564795
1.86599
0.643155
0.723165
1.76262
1.70481
1.64323
0.804306
1.57814
0.886079
1.36459
0.968005
1.28837
1.04963
1.21022
1.04963
1.59013e-32
1.59013e-32
1.03488e-32
0.0334106
0.0334106
1.03488e-32
0.0743678
0.122165
0.0743678
0.122165
0.176117
0.235558
0.235558
0.176117
0.368342
0.299842
0.299842
0.368342
0.440452
0.515584
0.59317
0.672663
0.440452
0.515584
0.753536
0.835277
0.672663
0.59317
0.999437
0.917401
0.753536
0.835277
1.16147
1.08094
0.917401
0.999437
1.16147
1.08094
1.31804
1.24064
1.31804
1.24064
1.39331
1.46611
1.46611
1.39331
1.603
1.53611
1.72633
1.66649
1.78227
1.83408
1.53611
1.603
1.88156
1.92454
1.66649
1.72633
1.83408
1.78227
1.88156
1.92454
1.99631
1.96283
2.02485
2.04834
2.06669
2.07985
1.96283
1.99631
2.09041
2.08777
2.04834
2.02485
2.08777
2.07985
2.06669
1.26921
0.782553
0.700914
1.34579
0.620386
0.541488
1.42005
0.464757
0.390752
1.49166
0.320049
0.253246
1.56031
0.19096
0.133826
1.62569
0.0825011
0.0376604
1.68753
1.74558
0.0376604
0.864806
0.947192
1.79961
1.84939
1.11055
1.89474
0.0825011
1.93548
1.97146
0.133826
2.00255
2.02863
0.19096
2.04961
2.06541
0.253246
1.68753
2.07597
1.74558
2.08126
0.320049
2.08126
2.07597
0.390752
1.93548
1.97146
2.06541
2.04961
0.464757
2.02863
2.00255
0.541488
0.620386
1.89474
1.84939
0.700914
1.79961
0.782553
1.62569
0.864806
1.56031
1.49166
0.947192
1.42005
1.34579
1.02925
1.26921
1.19067
1.11055
1.02925
1.19067
2.1679e-32
2.1679e-32
1.34038e-32
0.0417793
0.0417793
1.34038e-32
0.145105
0.0903765
0.0903765
0.145105
0.270313
0.2053
0.2053
0.270313
0.412315
0.339521
0.339521
0.412315
0.566333
0.488108
0.646442
0.727907
0.566333
0.488108
0.892891
0.81022
0.646442
0.727907
1.05746
0.975452
0.892891
0.81022
1.21809
1.13847
1.05746
0.975452
1.13847
1.21809
1.37162
1.29593
1.29593
1.37162
1.51517
1.4448
1.4448
1.51517
1.64622
1.5824
1.76257
1.70635
1.81463
1.86234
1.5824
1.64622
1.94399
1.90552
1.70635
1.76257
1.86234
1.81463
1.94399
1.90552
1.97763
2.0063
2.02989
2.04834
2.06156
2.06951
2.0063
1.97763
2.06951
2.07216
2.02989
2.06156
2.04834
0.671338
0.59012
1.39553
0.510505
1.46757
0.433031
0.358257
0.286759
1.53662
0.219135
1.60239
0.156001
0.0979931
0.0457674
1.66458
1.72296
0.0457674
1.77728
0.753642
1.82734
1.87294
0.919533
0.0979931
1.9139
1.95007
1.16469
1.98133
0.156001
2.00754
0.219135
2.02863
2.04451
2.05513
1.53662
0.286759
2.06045
0.358257
1.72296
2.06045
2.05513
2.04451
0.433031
1.87294
2.02863
0.510505
2.00754
1.98133
1.95007
0.59012
1.9139
0.671338
1.82734
1.77728
0.753642
0.836533
1.66458
1.60239
0.919533
1.46757
1.00218
1.39553
1.32081
1.24374
1.08404
1.16469
1.08404
1.00218
1.24374
0.836533
1.32081
2.71167e-32
2.71167e-32
1.62733e-32
0.0496246
0.0496246
1.62733e-32
0.166514
0.105352
0.105352
0.166514
0.302584
0.232468
0.302584
0.232468
0.376258
0.452901
0.376258
0.452901
0.531947
0.612847
0.695075
0.77812
0.531947
0.612847
0.944732
0.861496
0.77812
0.695075
1.10901
1.02738
0.944732
0.861496
1.26762
1.18922
1.10901
1.02738
1.18922
1.26762
1.41752
1.34384
1.41752
1.34384
1.55603
1.48836
1.55603
1.48836
1.68078
1.62026
1.73735
1.78973
1.88117
1.83774
1.62026
1.68078
1.91988
1.95372
1.78973
1.73735
1.83774
1.88117
1.95372
1.91988
2.0063
1.98256
2.03814
2.02485
2.04614
2.04881
1.98256
2.0063
2.03814
2.04614
2.02485
1.43761
0.471924
1.50716
0.393523
0.317788
0.245296
1.5734
0.176645
1.63604
0.112452
0.0533511
1.69482
1.74952
0.0533511
1.79992
0.634517
1.84582
0.112452
1.88706
1.92348
1.95494
0.96849
1.05105
0.176645
1.98133
0.245296
2.00255
2.01854
2.02923
0.317788
1.43761
2.03458
0.393523
1.5734
1.63604
2.03458
2.02923
2.01854
0.471924
1.79992
2.00255
0.552435
1.98133
1.95494
1.92348
0.634517
1.88706
0.717652
1.84582
1.74952
0.801341
1.69482
0.885107
1.50716
0.96849
1.05105
1.36502
1.28973
1.21206
1.13237
1.13237
1.21206
0.885107
1.28973
0.801341
1.36502
0.717652
0.552435
3.22145e-32
3.22145e-32
1.89574e-32
0.0569466
0.0569466
1.89574e-32
0.119294
0.186394
0.119294
0.186394
0.33237
0.257622
0.257622
0.33237
0.410053
0.490101
0.410053
0.490101
0.655128
0.571969
0.823305
0.73907
0.571969
0.655128
0.907367
0.990805
0.73907
0.823305
1.07319
1.15412
0.907367
0.990805
1.2332
1.31006
1.15412
1.07319
1.2332
1.31006
1.45577
1.38436
1.45577
1.38436
1.58872
1.52399
1.52399
1.58872
1.7067
1.64971
1.80784
1.75948
1.8516
1.89059
1.64971
1.7067
1.95372
1.92467
1.80784
1.75948
1.8516
1.89059
1.95372
1.92467
1.99631
1.97763
2.01776
2.0097
2.02045
2.01776
1.97763
2.0097
1.99631
1.53883
0.269443
0.195759
1.60199
0.125877
0.0604114
1.66127
1.71642
0.0604114
0.346331
0.425847
1.76723
1.8135
0.590549
1.85506
0.125877
1.89177
1.92348
0.195759
1.95007
1.97146
0.269443
1.98757
1.99834
0.346331
1.25264
2.00374
1.32863
2.00374
0.425847
1.99834
1.98757
0.507432
1.60199
1.66127
1.97146
1.95007
0.590549
1.92348
1.89177
0.67468
1.85506
1.8135
0.759328
1.76723
1.71642
0.844012
0.928275
1.53883
1.47202
1.01168
1.40186
1.0938
1.17425
1.17425
1.0938
1.01168
1.25264
0.928275
0.844012
1.32863
0.759328
0.67468
1.40186
0.507432
1.47202
3.69723e-32
3.69723e-32
2.14559e-32
0.0637452
0.0637452
2.14559e-32
0.204742
0.132202
0.132202
0.204742
0.280761
0.359671
0.359671
0.280761
0.523916
0.440906
0.440906
0.523916
0.608175
0.693175
0.778427
0.863462
0.608175
0.693175
1.03111
0.947833
0.863462
0.778427
1.11289
1.19277
0.947833
1.03111
1.2704
1.34542
1.11289
1.19277
1.34542
1.2704
1.48636
1.41751
1.41751
1.48636
1.55169
1.61323
1.61323
1.55169
1.72398
1.67073
1.81689
1.77276
1.89059
1.85622
1.72398
1.67073
1.91988
1.94399
1.81689
1.77276
1.85622
1.89059
1.94399
1.91988
1.96283
1.97634
1.98717
1.98446
1.98446
1.97634
1.96283
0.138268
0.0669483
1.62242
1.67809
0.0669483
1.72937
0.213343
1.77608
1.81803
0.37239
0.138268
1.85506
1.88706
0.624847
1.9139
0.213343
1.93548
0.291576
1.95174
1.9626
1.96805
1.0491
0.37239
1.96805
0.455229
1.28646
1.9626
1.95174
1.93548
0.539554
1.49879
1.9139
0.624847
1.88706
1.85506
1.81803
0.710611
1.77608
0.796367
1.72937
1.67809
1.62242
0.881656
1.56257
0.966041
1.43132
1.36045
1.0491
1.13044
1.20968
1.13044
1.20968
0.966041
1.28646
0.881656
0.796367
0.710611
1.36045
1.43132
0.539554
0.455229
1.49879
0.291576
1.56257
4.13902e-32
4.13902e-32
2.3769e-32
0.0700204
0.0700204
2.3769e-32
0.144077
0.221561
0.144077
0.221561
0.384488
0.301887
0.384488
0.301887
0.554345
0.468817
0.468817
0.554345
0.640566
0.72699
0.898594
0.813149
0.640566
0.72699
1.06565
0.982898
0.813149
0.898594
1.14647
1.22497
0.982898
1.06565
1.30083
1.3737
1.14647
1.22497
1.30083
1.3737
1.5093
1.44329
1.5093
1.44329
1.62956
1.57147
1.62956
1.57147
1.68334
1.73261
1.81689
1.77718
1.88117
1.8516
1.73261
1.68334
1.90552
1.92454
1.81689
1.77718
1.8516
1.88117
1.92454
1.90552
1.94637
1.93817
1.94637
1.9491
1.93817
1.63467
1.6865
0.0729618
0.0729618
1.73369
1.77608
0.149626
1.8135
1.84582
0.395965
0.48167
1.87294
0.229396
1.89474
0.311695
1.91116
1.92213
1.92763
0.914276
0.395965
1.92763
1.08076
1.16096
0.48167
1.92213
1.91116
1.89474
1.38519
0.568291
1.87294
0.655331
1.84582
1.8135
1.63467
1.77608
0.74231
1.73369
0.828772
1.6865
1.5784
0.914276
1.5179
0.998405
1.45341
1.31351
1.08076
1.23866
1.16096
0.998405
1.23866
1.31351
0.828772
0.74231
0.655331
1.38519
0.568291
1.45341
0.311695
1.5179
0.229396
1.5784
0.149626
4.5468e-32
4.5468e-32
2.58966e-32
0.0757722
2.58966e-32
0.0757722
0.236849
0.154918
0.154918
0.236849
0.406821
0.320999
0.406821
0.320999
0.493788
0.581391
0.493788
0.581391
0.756573
0.669142
0.928702
0.843237
0.669142
0.756573
1.09443
1.01256
0.928702
0.843237
1.25073
1.17394
1.01256
1.09443
1.39491
1.32449
1.17394
1.25073
1.39491
1.32449
1.4617
1.52459
1.4617
1.52459
1.63773
1.58334
1.63773
1.58334
1.68755
1.73261
1.80784
1.77276
1.83774
1.86234
1.68755
1.73261
1.89534
1.88156
1.77276
1.80784
1.83774
1.86234
1.89534
1.88156
1.9064
1.90363
1.90363
0.078452
1.6865
1.72937
1.76723
0.159951
1.79992
1.82734
0.243919
1.84939
1.86599
0.3298
1.87709
1.88265
0.682
0.417056
0.769779
1.88265
1.87709
0.50517
1.86599
1.84939
1.10666
1.18538
0.593644
1.82734
1.79992
0.682
1.76723
1.72937
0.769779
1.6865
1.63875
0.856543
1.58631
1.52937
0.941873
1.46814
1.40286
1.02537
1.33379
1.26119
1.10666
1.18538
1.02537
0.941873
1.26119
0.856543
1.33379
0.593644
1.40286
0.50517
0.417056
1.46814
0.3298
0.243919
1.52937
0.159951
0.078452
1.58631
1.63875
4.92059e-32
4.92059e-32
2.78387e-32
0.0810007
0.0810007
2.78387e-32
0.164726
0.250606
0.164726
0.250606
0.338098
0.42667
0.42667
0.338098
0.605052
0.515818
0.605052
0.515818
0.781928
0.693905
0.953789
0.868692
0.693905
0.781928
1.11745
1.03683
0.953789
0.868692
1.1953
1.27005
1.11745
1.03683
1.34139
1.40905
1.1953
1.27005
1.34139
1.40905
1.47274
1.53223
1.47274
1.53223
1.63773
1.5873
1.63773
1.5873
1.72398
1.68334
1.75948
1.78973
1.83408
1.81463
1.68334
1.72398
1.84802
1.85641
1.75948
1.78973
1.81463
1.83408
1.84802
1.85921
1.85641
1.71642
0.169242
1.74952
1.77728
1.79961
0.256912
1.81642
0.345892
1.82765
0.435664
1.83328
1.83328
0.435664
0.704857
1.82765
0.525731
1.81642
1.79961
0.96445
1.77728
0.615615
1.74952
0.704857
1.71642
1.67809
1.34731
1.63467
0.793019
1.58631
0.879683
1.53319
1.4755
1.41346
0.96445
1.04694
1.27729
1.20369
1.1268
1.1268
1.04694
1.20369
0.879683
0.793019
1.27729
1.34731
0.615615
0.525731
1.41346
0.345892
1.4755
0.256912
0.169242
0.0834188
1.53319
1.58631
0.0834188
1.63467
1.67809
5.26038e-32
5.26038e-32
2.95954e-32
0.085706
0.085706
2.95954e-32
0.262834
0.1735
0.1735
0.262834
0.444037
0.353183
0.353183
0.444037
0.534909
0.625331
0.534909
0.625331
0.714856
0.803053
0.973856
0.889516
0.714856
0.803053
1.13471
1.0557
0.973856
0.889516
1.28292
1.21056
1.0557
1.13471
1.41611
1.35153
1.28292
1.21056
1.41611
1.35153
1.47642
1.53223
1.47642
1.53223
1.58334
1.62956
1.58334
1.62956
1.67073
1.7067
1.73735
1.76257
1.79639
1.78227
1.67073
1.7067
1.80772
1.80488
1.76257
1.73735
1.79639
1.78227
1.80488
0.1775
1.69482
1.72296
1.74558
0.268375
1.76262
0.268375
0.359971
1.77401
0.451789
0.543353
1.77971
1.77971
0.451789
1.77401
0.812031
0.543353
1.76262
1.74558
1.72296
0.634203
1.14119
1.21589
1.69482
0.723902
1.66127
1.62242
1.5784
0.812031
1.52937
0.898192
1.4755
1.417
1.35407
0.982007
1.28695
1.06312
1.06312
1.14119
0.982007
1.21589
0.898192
0.723902
1.28695
0.634203
1.35407
0.359971
1.417
1.4755
0.1775
0.0878625
1.52937
1.5784
0.0878625
1.62242
1.66127
5.56618e-32
5.56618e-32
3.11666e-32
0.089888
0.089888
3.11666e-32
0.273533
0.181242
0.181242
0.273533
0.458921
0.366256
0.458921
0.366256
0.642229
0.551062
0.551062
0.642229
0.731996
0.819952
0.905712
0.988904
0.731996
0.819952
1.14622
1.06918
0.905712
0.988904
1.21971
1.28936
1.06918
1.14622
1.35491
1.41611
1.28936
1.21971
1.41611
1.35491
1.47274
1.52459
1.52459
1.47274
1.57147
1.61323
1.61323
1.57147
1.64971
1.68078
1.70635
1.72633
1.74065
1.74926
1.64971
1.68078
1.74926
1.75213
1.72633
1.70635
1.74065
1.68753
0.278309
1.70481
0.091783
1.71636
0.372037
1.72215
1.72215
0.465432
0.465432
0.558036
1.71636
1.70481
0.558036
1.68753
1.66458
0.64941
1.63604
1.60199
0.739137
1.56257
1.14982
1.5179
0.826817
1.46814
1.41346
0.912073
1.35407
1.29017
0.994547
1.222
1.0739
1.0739
0.994547
1.14982
0.912073
0.826817
1.222
0.739137
0.64941
1.29017
1.35407
0.372037
0.278309
1.41346
0.184725
1.46814
1.5179
0.091783
1.66458
1.56257
1.60199
1.63604
0.184725
5.838e-32
5.838e-32
3.25524e-32
0.093547
0.093547
3.25524e-32
0.187951
0.282702
0.187951
0.282702
0.471323
0.377316
0.377316
0.471323
0.655746
0.564276
0.564276
0.655746
0.832625
0.745325
0.998936
0.917279
0.745325
0.832625
1.07727
1.15197
0.998936
0.917279
1.22276
1.28936
1.15197
1.07727
1.35153
1.40905
1.28936
1.22276
1.35153
1.40905
1.5093
1.4617
1.5093
1.4617
1.55169
1.58872
1.58872
1.55169
1.64622
1.62026
1.68102
1.66649
1.69268
1.68976
1.64622
1.62026
1.68976
1.66649
1.68102
0.286714
1.65496
0.382092
1.66084
1.66084
1.65496
0.286714
0.476594
1.64323
0.569781
1.62569
1.60238
1.5734
0.750562
0.661237
1.53883
0.750562
1.49879
1.00207
1.45341
1.40286
1.15269
0.837378
1.34731
0.921327
1.28695
1.222
1.00207
1.07929
1.07929
0.921327
0.837378
1.15269
1.222
0.661237
0.569781
0.476594
1.28695
0.382092
1.34731
0.190918
0.0951804
1.40286
1.45341
0.0951804
1.64323
1.49879
1.53883
1.5734
0.190918
1.60238
1.62569
6.07583e-32
6.07583e-32
3.37528e-32
0.096683
0.096683
3.37528e-32
0.290343
0.193627
0.193627
0.290343
0.481244
0.386365
0.481244
0.386365
0.665883
0.574553
0.574553
0.665883
0.841073
0.754846
1.00395
0.924218
0.754846
0.841073
1.15197
1.07997
0.924218
1.00395
1.28292
1.21971
1.15197
1.07997
1.39491
1.34139
1.21971
1.28292
1.34139
1.39491
1.44329
1.48636
1.44329
1.48636
1.52399
1.55603
1.52399
1.55603
1.5824
1.603
1.61776
1.62663
1.62959
1.62663
1.603
1.5824
1.61776
0.390135
1.59603
1.59603
0.098055
1.59006
0.485274
1.57814
0.57859
1.56031
0.485274
0.57859
1.53662
1.50716
0.669684
1.47202
0.758178
1.43132
1.38519
1.00458
1.33379
0.843714
1.27729
0.925953
1.21589
1.14982
1.07929
1.00458
1.07929
0.925953
0.843714
0.758178
1.14982
0.669684
1.21589
0.390135
1.27729
0.29359
1.33379
0.196078
1.38519
1.43132
0.098055
1.59006
1.47202
1.50716
0.196078
1.53662
1.56031
1.57814
0.29359
6.27969e-32
6.27969e-32
3.4768e-32
0.0992961
0.0992961
3.4768e-32
0.198271
0.296455
0.198271
0.296455
0.488684
0.393402
0.488684
0.393402
0.67264
0.581893
0.581893
0.67264
0.760558
0.845297
1.00395
0.926532
0.845297
0.760558
1.07727
1.14622
0.926532
1.00395
1.27005
1.21056
1.14622
1.07727
1.3737
1.32449
1.27005
1.21056
1.32449
1.3737
1.41751
1.45577
1.41751
1.45577
1.51517
1.48836
1.51517
1.48836
1.53611
1.55111
1.56014
1.56315
1.56014
1.53611
1.55111
1.52192
0.491474
1.5098
1.49166
0.584462
1.46757
1.43761
0.674752
1.40186
0.491474
1.36044
0.761986
1.31351
0.761986
1.26119
0.845825
0.845825
1.20369
1.14119
0.925953
1.0739
1.00207
1.00207
0.925953
1.0739
0.674752
1.14119
0.584462
1.20369
0.396167
0.298938
1.26119
0.200205
0.100407
1.31351
1.36044
0.100407
1.52799
1.40186
1.52799
1.43761
1.46757
0.200205
1.49166
1.5098
0.298938
1.52192
0.396167
6.44959e-32
6.44959e-32
3.55978e-32
0.101386
0.101386
3.55978e-32
0.301038
0.201882
0.301038
0.201882
0.398429
0.493644
0.493644
0.398429
0.676019
0.586297
0.586297
0.676019
0.762462
0.845297
0.924218
0.998936
0.845297
0.762462
1.13471
1.06918
0.998936
0.924218
1.1953
1.25073
1.13471
1.06918
1.34542
1.30083
1.25073
1.1953
1.30083
1.34542
1.38436
1.41752
1.41752
1.38436
1.4448
1.46611
1.46611
1.4448
1.48138
1.49056
1.49362
1.49056
1.48138
0.495194
1.42005
0.587398
1.39553
1.36502
1.32863
0.302757
0.676441
1.28646
0.495194
0.761986
1.23866
1.18538
1.1268
0.843714
1.06312
0.921327
0.994547
0.921327
0.843714
0.994547
0.761986
1.06312
0.676441
0.587398
1.1268
0.400188
1.18538
0.203301
0.102236
1.23866
1.28646
0.102236
1.43851
1.32863
1.36502
1.39553
1.45703
0.203301
1.42005
1.43851
1.45085
0.302757
0.400188
1.45703
1.45085
6.58553e-32
6.58553e-32
3.62424e-32
0.102954
0.102954
3.62424e-32
0.304094
0.204462
0.204462
0.304094
0.496124
0.401445
0.401445
0.496124
0.676019
0.587765
0.587765
0.676019
0.841073
0.760558
0.988904
0.917279
0.841073
0.760558
1.11745
1.0557
0.988904
0.917279
1.22497
1.17394
1.11745
1.0557
1.2704
1.31006
1.17394
1.22497
1.2704
1.31006
1.37162
1.34384
1.37162
1.34384
1.39331
1.40886
1.40886
1.39331
1.41821
1.42132
1.41821
0.587398
1.32081
1.28973
1.25264
0.674752
1.20968
0.305049
0.758178
1.16096
0.496434
1.10666
1.04694
0.837378
0.982007
0.912073
0.912073
0.837378
0.758178
0.982007
0.674752
1.04694
0.587398
0.402198
1.10666
1.16096
0.205364
0.103542
1.20968
1.25264
0.103542
1.34579
1.28973
1.32081
1.37716
1.38345
0.205364
1.34579
1.36459
1.37716
0.305049
1.38345
0.402198
1.36459
0.496434
6.68751e-32
6.68751e-32
3.67017e-32
0.103999
0.103999
3.67017e-32
0.305622
0.20601
0.20601
0.305622
0.496124
0.40245
0.496124
0.40245
0.67264
0.586297
0.586297
0.67264
0.754846
0.832625
0.905712
0.973856
0.754846
0.832625
1.03683
1.09443
0.973856
0.905712
1.14647
1.19277
1.09443
1.03683
1.26762
1.2332
1.19277
1.14647
1.2332
1.26762
1.31804
1.29593
1.29593
1.31804
1.3434
1.33388
1.33388
1.3434
1.34658
1.17425
0.669684
1.13044
0.104326
1.08076
0.750562
1.02537
0.96445
0.826817
0.495194
0.584462
0.898192
0.826817
0.898192
0.750562
0.669684
0.96445
1.02537
0.402198
0.305813
1.08076
0.206396
1.13044
1.17425
0.104326
1.21206
1.21206
1.24374
1.24374
1.26921
0.206396
1.28837
1.30118
0.305813
1.3076
1.3076
0.402198
1.30118
1.28837
0.495194
1.26921
0.584462
6.75555e-32
6.75555e-32
3.69758e-32
0.104522
0.104522
3.69758e-32
0.206525
0.305622
0.206525
0.305622
0.493644
0.401445
0.401445
0.493644
0.665883
0.581893
0.581893
0.665883
0.745325
0.819952
0.953789
0.889516
0.819952
0.745325
1.06565
1.01256
0.953789
0.889516
1.15412
1.11289
1.06565
1.01256
1.21809
1.18922
1.15412
1.11289
1.18922
1.21809
1.25679
1.24064
1.25679
1.24064
1.2665
1.2665
1.26974
0.661237
0.998405
0.739137
0.941873
0.879683
0.812031
0.305049
0.812031
0.739137
0.879683
0.661237
0.57859
0.491474
0.941873
0.400188
0.998405
0.206396
0.104587
1.0491
1.0938
0.104587
1.0491
1.13237
1.16469
1.19067
1.16469
0.206396
1.21022
1.22328
1.22983
0.305049
1.22983
0.400188
1.22328
1.21022
1.19067
0.491474
0.57859
1.13237
1.0938
6.78964e-32
6.78964e-32
3.70647e-32
0.104522
0.104522
3.70647e-32
0.304094
0.20601
0.20601
0.304094
0.488684
0.398429
0.398429
0.488684
0.574553
0.655746
0.655746
0.574553
0.731996
0.803053
0.868692
0.928702
0.731996
0.803053
0.982898
1.03111
0.868692
0.928702
1.10901
1.07319
0.982898
1.03111
1.13847
1.16147
1.10901
1.07319
1.13847
1.16147
1.18786
1.17795
1.18786
1.17795
1.19116
0.723902
0.856543
0.793019
0.104326
0.723902
0.793019
0.64941
0.856543
0.569781
0.485274
0.396167
0.914276
0.302757
0.96604
0.205364
1.01168
1.05105
0.104326
0.914276
1.08404
1.11055
1.01168
1.05105
0.205364
1.1305
1.14384
1.15051
1.1305
0.302757
1.15051
0.396167
1.14384
1.11055
0.485274
1.08404
0.569781
0.96604
0.64941
6.78979e-32
6.78979e-32
3.69685e-32
0.103999
0.103999
3.69685e-32
0.301038
0.204462
0.204462
0.301038
0.393402
0.481244
0.481244
0.393402
0.564276
0.642229
0.564276
0.642229
0.714856
0.781927
0.898594
0.843237
0.781927
0.714856
0.947833
0.990805
0.898594
0.843237
1.02738
1.05746
0.947833
0.990805
1.08094
1.09776
1.02738
1.05746
1.08094
1.09776
1.11125
1.10787
1.10787
0.634203
0.769779
0.558036
0.476594
0.828772
0.390135
0.298938
0.881656
0.203301
0.103542
0.928275
0.96849
0.103542
0.704857
1.00218
0.769779
1.02925
1.04963
0.203301
1.06324
1.07006
0.96849
1.00218
0.298938
1.07006
1.06324
0.390135
1.04963
1.02925
0.476594
0.558036
0.928275
0.881656
0.634203
0.828772
0.704857
6.756e-32
6.756e-32
3.6687e-32
0.102954
0.102954
3.6687e-32
0.201882
0.296455
0.201882
0.296455
0.471323
0.386365
0.471323
0.386365
0.551062
0.625331
0.551062
0.625331
0.693905
0.756573
0.863462
0.813149
0.756573
0.693905
0.944732
0.907367
0.863462
0.813149
0.999437
0.975452
0.944732
0.907367
1.02695
1.01662
0.975452
0.999437
1.02695
1.01662
1.03039
0.74231
0.382092
0.796367
0.29359
0.200205
0.102236
0.844012
0.885107
0.102236
0.465432
0.919533
0.947192
0.968005
0.682
0.200205
0.981913
0.988877
0.988877
0.844012
0.29359
0.981913
0.382092
0.968005
0.947192
0.919533
0.465432
0.885107
0.543353
0.796367
0.74231
0.615615
0.682
0.615615
0.543353
6.68826e-32
6.68826e-32
3.62204e-32
0.101386
0.101386
3.62204e-32
0.290343
0.198271
0.198271
0.290343
0.377316
0.458921
0.458921
0.377316
0.534909
0.605052
0.605052
0.534909
0.72699
0.669142
0.778427
0.823305
0.72699
0.669142
0.89289
0.861496
0.823305
0.778427
0.917401
0.934957
0.89289
0.861496
0.949032
0.945511
0.934957
0.917401
0.945511
0.759328
0.196078
0.100407
0.801341
0.836533
0.100407
0.286714
0.864805
0.886078
0.451789
0.525731
0.196078
0.900293
0.907411
0.907411
0.710611
0.286714
0.900293
0.372037
0.886078
0.864805
0.836533
0.451789
0.801341
0.525731
0.759328
0.655331
0.593644
0.593644
0.655331
0.372037
0.710611
6.58658e-32
6.58658e-32
3.55685e-32
0.0992961
0.0992961
3.55685e-32
0.193627
0.282702
0.193627
0.282702
0.444037
0.366256
0.444037
0.366256
0.58139
0.515818
0.58139
0.515818
0.693175
0.640566
0.739069
0.77812
0.693175
0.640566
0.81022
0.835277
0.739069
0.77812
0.853225
0.864013
0.835277
0.81022
0.867613
0.864013
0.853225
0.753642
0.098055
0.782553
0.098055
0.804306
0.81884
0.190918
0.826117
0.826117
0.435664
0.50517
0.278309
0.81884
0.624847
0.804306
0.359971
0.782553
0.753642
0.435664
0.717652
0.67468
0.50517
0.568291
0.568291
0.624847
0.359971
0.278309
0.67468
0.190918
0.717652
6.45094e-32
6.45094e-32
3.47313e-32
0.096683
3.47313e-32
0.096683
0.273533
0.187951
0.187951
0.273533
0.353183
0.42667
0.353183
0.42667
0.554345
0.493788
0.493788
0.554345
0.608175
0.655128
0.695075
0.727907
0.655128
0.608175
0.753535
0.771891
0.727907
0.695075
0.786604
0.782924
0.771891
0.753535
0.782924
0.0951804
0.700914
0.723165
0.738032
0.184725
0.745475
0.268375
0.745475
0.738032
0.268375
0.723165
0.345892
0.700914
0.671338
0.634517
0.417056
0.590549
0.48167
0.539554
0.48167
0.417056
0.539554
0.345892
0.590549
0.184725
0.0951804
0.634517
0.671338
6.28134e-32
6.28134e-32
3.37089e-32
0.093547
0.093547
3.37089e-32
0.262834
0.181242
0.181242
0.262834
0.406821
0.338098
0.338098
0.406821
0.523916
0.468817
0.523916
0.468817
0.612847
0.571969
0.672663
0.646442
0.571969
0.612847
0.691443
0.70273
0.672663
0.646442
0.706496
0.691443
0.70273
0.658368
0.1775
0.665984
0.091783
0.665984
0.658368
0.256912
0.643155
0.3298
0.395965
0.455229
0.620386
0.590119
0.552435
0.395965
0.507432
0.455229
0.3298
0.507432
0.256912
0.552435
0.1775
0.590119
0.620386
0.091783
0.643155
6.07778e-32
6.07778e-32
3.25011e-32
0.089888
0.089888
3.25011e-32
0.250606
0.1735
0.1735
0.250606
0.320999
0.384488
0.320999
0.384488
0.440906
0.490101
0.490101
0.440906
0.566333
0.531947
0.59317
0.612389
0.531947
0.566333
0.623941
0.627794
0.612389
0.59317
0.623941
0.169242
0.588161
0.580365
0.243919
0.564794
0.541488
0.311695
0.510504
0.471924
0.37239
0.425847
0.37239
0.425847
0.311695
0.243919
0.471924
0.169242
0.0878625
0.510504
0.541488
0.0878625
0.564794
0.580365
0.588161
5.84024e-32
5.84024e-32
3.11079e-32
0.085706
0.085706
3.11079e-32
0.236849
0.164726
0.164726
0.236849
0.301887
0.359671
0.301887
0.359671
0.410053
0.452901
0.410053
0.452901
0.488108
0.515584
0.547084
0.535259
0.515584
0.488108
0.547084
0.551029
0.535259
0.504563
0.488621
0.229396
0.464757
0.291576
0.433031
0.229396
0.393523
0.346331
0.346331
0.291576
0.393523
0.159951
0.0834188
0.433031
0.464757
0.0834188
0.488621
0.512545
0.504563
0.512545
0.159951
5.56873e-32
5.56873e-32
0.0810007
2.95294e-32
0.0810007
2.95294e-32
0.221561
0.154918
0.154918
0.221561
0.33237
0.280761
0.33237
0.280761
0.376258
0.412315
0.376258
0.412315
0.460599
0.440452
0.476747
0.472708
0.440452
0.472708
0.460599
0.213343
0.390752
0.269443
0.358257
0.317788
0.269443
0.317788
0.213343
0.358257
0.149626
0.078452
0.390752
0.415192
0.078452
0.431519
0.431519
0.439693
0.149626
0.439693
0.415192
5.26323e-32
5.26323e-32
2.77654e-32
0.0757722
0.0757722
2.77654e-32
0.204742
0.144077
0.144077
0.204742
0.302584
0.257622
0.257622
0.302584
0.339521
0.368342
0.368342
0.339521
0.388979
0.40138
0.405518
0.40138
0.388979
0.245296
0.245296
0.195759
0.286759
0.138268
0.0729618
0.320049
0.345086
0.0729618
0.286759
0.320049
0.361811
0.370183
0.370183
0.138268
0.361811
0.345086
0.195759
4.92374e-32
4.92374e-32
2.5816e-32
0.0700204
0.0700204
2.5816e-32
0.186394
0.132202
0.186394
0.132202
0.270313
0.232468
0.270313
0.232468
0.320984
0.299842
0.299842
0.320984
0.333689
0.337927
0.333689
0.125877
0.0669483
0.253246
0.278899
0.0669483
0.296035
0.176645
0.304612
0.304612
0.253246
0.125877
0.296035
0.278899
0.176645
0.219135
0.219135
4.55025e-32
4.55025e-32
2.3681e-32
0.0637452
0.0637452
2.3681e-32
0.119294
0.166514
0.119294
0.166514
0.235558
0.2053
0.235558
0.2053
0.270239
0.257222
0.257222
0.274582
0.270239
0.217249
0.234808
0.0604114
0.0604114
0.243597
0.243597
0.112452
0.234808
0.217249
0.19096
0.156001
0.156001
0.19096
0.112452
4.14277e-32
4.14277e-32
2.13606e-32
0.0569466
2.13606e-32
0.0569466
0.105352
0.145105
0.105352
0.145105
0.198318
0.176117
0.198318
0.176117
0.216109
0.211659
0.211659
0.0533511
0.187775
0.187775
0.178767
0.0979931
0.160771
0.133826
0.133826
0.0979931
0.0533511
0.160771
0.178767
3.70129e-32
3.70129e-32
1.88547e-32
0.0496246
0.0496246
1.88547e-32
0.122165
0.0903765
0.0903765
0.122165
0.144921
0.158594
0.144921
0.158594
0.163156
0.128567
0.0825011
0.110121
0.0825011
0.0457674
0.110121
0.128567
0.0457674
0.137801
0.137801
3.2258e-32
3.2258e-32
1.61633e-32
0.0417793
0.0417793
1.61633e-32
0.0976944
0.0743678
0.0743678
0.0976944
0.111711
0.111711
0.116386
0.0659756
0.0659756
0.0376604
0.0848856
0.0943505
0.0376604
0.0943505
0.0848856
2.71632e-32
2.71632e-32
1.32864e-32
0.0334106
1.32864e-32
0.0334106
0.0573256
0.071694
0.0573256
0.071694
0.0764872
0.0581202
0.02903
0.0581202
0.0484169
0.02903
0.0484169
2.17285e-32
2.17285e-32
0.0245186
1.02241e-32
0.0245186
1.02241e-32
0.0392503
0.0392503
0.0441636
0.0198765
0.0298249
0.0198765
0.0298249
1.59538e-32
1.59538e-32
6.97628e-33
0.0151034
0.0151034
6.97628e-33
0.0201417
0.0101997
0.0101997
9.83925e-33
9.83925e-33
3.54308e-33
3.54308e-33
0.00516509
1.46344e-35
3.38486e-33
3.38486e-33
