1.48881e-35
3.44354e-33
3.44354e-33
3.60441e-33
1.00098e-32
0.00525464
0.0103765
3.60441e-33
1.00098e-32
0.0103765
7.09713e-33
0.020221
1.62303e-32
0.0153653
0.0204915
0.0303419
0.0303419
0.0153653
0.020221
1.62303e-32
7.09713e-33
1.04012e-32
0.0295332
2.2105e-32
0.0249436
0.049256
0.0591275
0.0399312
0.0449291
1.04012e-32
0.0295332
0.0399312
0.0591275
0.049256
0.0249436
2.2105e-32
1.35165e-32
0.0339895
0.0383128
2.76337e-32
0.0583197
0.0671187
0.0863564
0.0729364
0.0959854
0.0778134
0.0959854
0.0729364
0.0339895
2.76337e-32
0.0383128
1.35165e-32
0.0671187
0.0583197
0.0863564
1.64431e-32
3.28165e-32
0.0425029
0.04656
0.0756566
0.0839299
0.112028
0.0993868
0.04656
3.28165e-32
0.0425029
1.64431e-32
0.140188
0.118402
0.130794
0.113647
0.113647
0.112028
0.130794
0.0756566
0.140188
0.0993868
0.0839299
1.9181e-32
0.0542745
3.76533e-32
0.0504837
0.091942
0.0996895
0.136143
0.12428
0.161341
0.147431
0.163554
0.181862
3.76533e-32
0.0542745
0.0504837
1.9181e-32
0.091942
0.136143
0.0996895
0.12428
0.165982
0.191026
0.161341
0.191026
0.163554
0.181862
0.147431
2.17301e-32
0.0614564
4.21441e-32
0.0579319
0.107176
0.114397
0.1587
0.147616
0.221009
0.201751
0.179166
0.194265
0.215324
0.238872
0.247814
0.21985
2.17301e-32
0.0614564
4.21441e-32
0.0579319
0.107176
0.114397
0.1587
0.147616
0.238872
0.221009
0.194265
0.247814
0.179166
0.215324
0.201751
2.40904e-32
0.0681057
4.62889e-32
0.0648475
0.121358
0.128053
0.1797
0.169395
0.222925
0.257627
0.239634
0.208852
0.261673
0.283724
0.301156
0.274915
0.0648475
2.40904e-32
0.0681057
4.62889e-32
0.279334
0.309882
0.309882
0.274915
0.128053
0.1797
0.121358
0.169395
0.239634
0.283724
0.301156
0.222925
0.208852
0.261673
0.257627
2.62619e-32
0.0742223
5.00877e-32
0.0712305
0.189616
0.134488
0.140657
0.199142
0.249536
0.291716
0.274987
0.236488
0.305028
0.325582
0.351052
0.326534
0.33946
0.368066
0.376583
0.343771
5.00877e-32
0.0712305
2.62619e-32
0.0742223
0.199142
0.140657
0.189616
0.134488
0.376583
0.368066
0.33946
0.326534
0.274987
0.236488
0.249536
0.291716
0.325582
0.351052
0.305028
2.82447e-32
0.0798064
5.35406e-32
0.0770808
0.146566
0.217027
0.208279
0.15221
0.0770808
0.0798064
5.35406e-32
2.82447e-32
0.274097
0.323277
0.307812
0.262074
0.345389
0.397502
0.374708
0.364446
0.408317
0.422366
0.438975
0.395702
0.447289
0.412527
0.408317
0.447289
0.15221
0.217027
0.208279
0.146566
0.323277
0.274097
0.307812
0.262074
0.438975
0.422366
0.364446
0.395702
0.397502
0.345389
0.374708
3.00388e-32
0.0848579
5.66476e-32
0.0823986
0.157592
0.16271
0.233355
0.225385
0.0823986
0.0848579
5.66476e-32
3.00388e-32
0.296608
0.352309
0.338109
0.28561
0.16271
0.225385
0.233355
0.157592
0.382756
0.400316
0.419435
0.440506
0.468554
0.47278
0.497056
0.448059
0.521393
0.484981
0.513274
0.480873
0.480873
0.521393
0.513274
0.468554
0.28561
0.352309
0.296608
0.338109
0.497056
0.419435
0.440506
0.400316
0.382756
0.448059
0.47278
3.16442e-32
0.087184
0.0893771
5.94089e-32
0.167567
0.17216
0.248125
0.240934
0.31707
0.378813
0.365877
0.307096
0.087184
0.0893771
5.94089e-32
3.16442e-32
0.248125
0.17216
0.240934
0.167567
0.417129
0.433191
0.480064
0.460716
0.31707
0.365877
0.307096
0.378813
0.496531
0.51931
0.550827
0.52448
0.544496
0.556524
0.574536
0.590376
0.598306
0.556524
0.560538
0.598306
0.544496
0.574536
0.590376
0.52448
0.433191
0.51931
0.460716
0.417129
0.550827
0.496531
0.480064
3.3061e-32
6.18245e-32
0.0914371
0.0933641
0.176491
0.180558
0.261339
0.254926
0.335483
0.402789
0.391116
0.326533
0.0914371
0.0933641
6.18245e-32
3.3061e-32
0.448507
0.463074
0.516176
0.498551
0.261339
0.180558
0.254926
0.176491
0.391116
0.402789
0.335483
0.326533
0.561955
0.541119
0.600288
0.576096
0.463074
0.448507
0.498551
0.516176
0.622947
0.603397
0.654237
0.631076
0.634698
0.669712
0.638617
0.677459
0.677459
0.622947
0.634698
0.669712
0.603397
0.576096
0.541119
0.631076
0.561955
0.600288
0.654237
3.42892e-32
0.0968191
6.38945e-32
0.095158
0.184364
0.187906
0.272996
0.267362
0.351847
0.424237
0.343922
0.413829
0.476893
0.489963
0.548843
0.53294
0.095158
0.0968191
6.38945e-32
3.42892e-32
0.187906
0.272996
0.267362
0.184364
0.64544
0.600716
0.581822
0.623403
0.424237
0.351847
0.413829
0.343922
0.53294
0.476893
0.489963
0.548843
0.712978
0.684248
0.657576
0.682894
0.581822
0.64544
0.600716
0.623403
0.714831
0.703351
0.750734
0.735612
0.758305
0.718663
0.714831
0.758305
0.684248
0.712978
0.682894
0.703351
0.750734
0.735612
0.657576
3.5329e-32
0.0997421
6.5619e-32
0.098347
0.191186
0.194203
0.283098
0.278241
0.366164
0.359263
0.44316
0.434014
0.502287
0.513861
0.578066
0.563885
3.5329e-32
6.5619e-32
0.098347
0.0997421
0.6664
0.618641
0.635594
0.686283
0.191186
0.194203
0.283098
0.278241
0.44316
0.366164
0.434014
0.359263
0.729991
0.766599
0.740428
0.707034
0.563885
0.578066
0.502287
0.513861
0.618641
0.635594
0.6664
0.686283
0.796006
0.818131
0.766498
0.785167
0.766599
0.729991
0.707034
0.740428
0.800133
0.79639
0.840316
0.832914
0.796006
0.840316
0.818131
0.832914
0.785167
0.79639
0.766498
3.61802e-32
0.102133
6.69982e-32
0.101004
0.196958
0.199449
0.291644
0.287565
0.372556
0.378434
0.459556
0.451673
0.524689
0.534768
0.603847
0.591387
0.101004
0.102133
6.69982e-32
3.61802e-32
0.705089
0.651579
0.666591
0.722819
0.196958
0.287565
0.291644
0.199449
0.815102
0.79149
0.772369
0.751771
0.378434
0.459556
0.451673
0.372556
0.591387
0.603847
0.534768
0.524689
0.850896
0.879651
0.849625
0.82414
0.722819
0.651579
0.666591
0.705089
0.815102
0.772369
0.751771
0.79149
0.878853
0.867881
0.901287
0.915744
0.849625
0.82414
0.879651
0.850896
0.922983
0.882515
0.878853
0.867881
0.915744
0.901287
0.922983
3.68431e-32
0.103993
6.80322e-32
0.10313
0.20168
0.203647
0.298636
0.295334
0.10313
0.103993
6.80322e-32
3.68431e-32
0.383802
0.388658
0.473428
0.466808
0.544101
0.552685
0.626186
0.615446
0.75505
0.739472
0.680635
0.693708
0.295334
0.20168
0.298636
0.203647
0.81003
0.837434
0.858488
0.79179
0.383802
0.473428
0.466808
0.388658
0.908207
0.900284
0.935296
0.876278
0.626186
0.552685
0.615446
0.544101
0.75505
0.693708
0.680635
0.739472
0.950991
0.963426
0.984592
0.933136
0.858488
0.81003
0.79179
0.837434
0.935296
0.908207
0.876278
0.900284
0.961725
0.965305
1.00582
0.998737
0.950991
0.933136
0.963426
0.984592
1.00582
0.961725
0.998737
3.73176e-32
0.105321
6.87209e-32
0.104724
0.205352
0.206794
0.304073
0.301549
0.393003
0.396835
0.484777
0.479418
0.104724
0.105321
6.87209e-32
3.73176e-32
0.301549
0.304073
0.205352
0.206794
0.560524
0.567615
0.645085
0.636065
0.716947
0.782978
0.769551
0.705813
0.842976
0.878263
0.896761
0.827093
0.393003
0.479418
0.484777
0.396835
0.944172
0.985069
0.960916
0.922916
0.560524
0.636065
0.567615
0.645085
1.01933
1.04686
0.992159
1.01655
0.769551
0.782978
0.716947
0.705813
0.842976
0.878263
0.827093
0.896761
1.04453
1.06758
1.08142
1.03402
0.960916
0.944172
0.985069
0.922916
0.992159
1.04686
1.01655
1.01933
1.04803
1.03402
1.08836
1.08836
1.04453
1.06758
1.08142
3.76037e-32
0.106118
6.90645e-32
0.105786
0.207975
0.208892
0.307957
0.306209
0.400158
0.402968
0.493603
0.489505
0.57396
0.653245
0.579556
0.660546
0.105786
0.106118
6.90645e-32
3.76037e-32
0.208892
0.306209
0.307957
0.207975
0.489505
0.493603
0.402968
0.400158
0.73631
0.806604
0.795328
0.727114
0.91398
0.929922
0.857682
0.871209
1.02897
1.00775
0.982564
0.964056
0.653245
0.57396
0.660546
0.579556
1.04495
1.06901
1.10256
1.07553
0.727114
0.73631
0.795328
0.806604
1.09941
1.1498
1.11652
1.12952
0.929922
0.871209
0.91398
0.857682
1.02897
0.982564
1.00775
0.964056
1.17015
1.1268
1.16336
1.13023
1.04495
1.06901
1.07553
1.10256
1.11652
1.09941
1.17015
1.16336
1.12952
1.1268
1.1498
3.77016e-32
0.106384
6.9063e-32
0.106318
0.209549
0.209941
0.310287
0.309316
0.405269
0.407057
0.499906
0.497069
0.106318
0.106384
6.9063e-32
3.77016e-32
0.584408
0.67257
0.666987
0.588512
0.751797
0.825932
0.816805
0.744539
0.309316
0.310287
0.209941
0.209549
0.497069
0.499906
0.407057
0.405269
0.584408
0.588512
0.666987
0.67257
0.944587
0.88356
0.957976
0.894732
1.06701
1.04873
1.01546
0.999701
1.09152
1.11247
1.15169
1.12794
0.816805
0.744539
0.751797
0.825932
1.18455
1.18128
1.21096
1.1579
0.88356
0.944587
0.957976
0.894732
1.20811
1.23083
1.24412
1.19804
1.04873
1.06701
1.01546
0.999701
1.15169
1.11247
1.12794
1.09152
1.25077
1.21147
1.20811
1.25077
1.18455
1.1579
1.24412
1.21096
1.18128
1.19804
1.23083
3.76112e-32
0.106118
6.87163e-32
0.106318
0.210073
0.209941
0.311064
0.310869
0.408335
0.409101
0.503688
0.502112
0.591871
0.594481
0.681157
0.677293
0.106318
0.106118
6.87163e-32
3.76112e-32
0.209941
0.310869
0.311064
0.210073
0.763412
0.840962
0.833984
0.758089
0.913547
0.980924
0.970088
0.904729
0.409101
0.408335
0.502112
0.503688
0.677293
0.591871
0.681157
0.594481
0.763412
0.758089
0.840962
0.833984
1.08384
1.09919
1.04287
1.02986
1.13186
1.1497
1.19425
1.17379
1.23269
1.20948
1.2649
1.23883
0.904729
0.970088
0.913547
0.980924
1.31027
1.29078
1.27817
1.26175
1.02986
1.04287
1.09919
1.08384
1.28804
1.32329
1.32981
1.29134
1.19425
1.17379
1.13186
1.1497
1.20948
1.23269
1.23883
1.2649
1.28804
1.27817
1.32981
1.32329
1.26175
1.29078
1.31027
3.73325e-32
0.105321
6.80245e-32
0.105786
0.209549
0.208892
0.310287
0.310869
0.504633
0.409357
0.409101
0.504948
0.105786
0.105321
6.80245e-32
3.73325e-32
0.596348
0.597466
0.686309
0.684162
0.771154
0.851697
0.846867
0.767768
0.208892
0.310869
0.310287
0.209549
0.504633
0.504948
0.409357
0.409101
0.927657
0.99877
0.990485
0.921191
1.0648
1.11309
1.05452
1.12552
0.684162
0.686309
0.597466
0.596348
0.846867
0.767768
0.771154
0.851697
0.99877
0.927657
0.921191
0.990485
1.16599
1.21307
1.23025
1.18073
1.25417
1.27393
1.31163
1.28916
1.34042
1.36861
1.31794
1.34322
1.05452
1.11309
1.12552
1.0648
1.35652
1.3662
1.38772
1.4005
1.16599
1.23025
1.21307
1.18073
1.40689
1.40689
1.36943
1.3662
1.27393
1.31163
1.25417
1.28916
1.4005
1.38772
1.34322
1.31794
1.36861
1.35652
1.34042
3.68654e-32
0.103993
6.69876e-32
0.104724
0.207975
0.206794
0.307957
0.309316
0.503688
0.504633
0.408335
0.407057
0.59784
0.597466
0.688026
0.687597
0.104724
0.103993
6.69876e-32
3.68654e-32
0.206794
0.309316
0.307957
0.207975
0.775025
0.858138
0.855454
0.773574
0.937062
1.01152
1.00578
0.932948
0.504633
0.503688
0.407057
0.408335
0.687597
0.59784
0.688026
0.597466
1.08124
1.14598
1.0737
1.13648
1.19391
1.24579
1.2597
1.20554
0.775025
0.773574
0.858138
0.855454
0.932948
1.00578
1.01152
0.937062
1.0737
1.13648
1.14598
1.08124
1.29197
1.33229
1.30829
1.35115
1.36662
1.41915
1.38814
1.39486
1.44407
1.41691
1.46283
1.43271
1.19391
1.24579
1.20554
1.2597
1.48165
1.44221
1.44538
1.47537
1.29197
1.30829
1.35115
1.33229
1.44221
1.48165
1.47537
1.43271
1.39486
1.38814
1.36662
1.41915
1.44407
1.41691
1.46283
3.621e-32
0.102133
6.56053e-32
0.10313
0.205352
0.203647
0.304073
0.306209
0.402968
0.499906
0.502112
0.405269
0.10313
0.102133
6.56053e-32
3.621e-32
0.596348
0.594481
0.686309
0.687597
0.775025
0.860284
0.77551
0.859748
0.203647
0.306209
0.304073
0.205352
0.502112
0.499906
0.405269
0.402968
0.941764
1.01916
1.01598
0.940002
1.15402
1.09219
1.1606
1.0874
0.594481
0.596348
0.686309
0.687597
0.77551
0.859748
0.860284
0.775025
1.21562
1.22414
1.27197
1.2826
1.32289
1.33577
1.38348
1.36821
0.941764
1.01916
0.940002
1.01598
1.1606
1.09219
1.0874
1.15402
1.2826
1.21562
1.27197
1.22414
1.40779
1.4415
1.42557
1.4619
1.51683
1.49235
1.49087
1.46922
1.51572
1.53526
1.54757
1.50639
1.32289
1.38348
1.33577
1.36821
1.51572
1.55374
1.51883
1.55374
1.4619
1.4415
1.40779
1.42557
1.50639
1.51683
1.49235
1.53526
1.54757
1.46922
1.49087
3.53662e-32
0.0997421
6.38777e-32
0.101004
0.20168
0.301549
0.199449
0.298636
0.396835
0.493603
0.497069
0.400158
0.101004
0.0997421
6.38777e-32
3.53662e-32
0.591871
0.588512
0.681157
0.684162
0.199449
0.301549
0.298636
0.20168
0.771154
0.773574
0.858138
0.859748
0.941764
1.02171
1.02107
0.942353
0.400158
0.497069
0.493603
0.396835
0.588512
0.684162
0.591871
0.681157
1.16572
1.09767
1.16937
1.09562
1.23655
1.23112
1.29895
1.29159
0.773574
0.858138
0.859748
0.771154
1.02107
1.02171
0.941764
0.942353
1.34693
1.40862
1.39695
1.35638
1.49686
1.44147
1.4555
1.48035
1.16937
1.09767
1.09562
1.16572
1.23112
1.29159
1.29895
1.23655
1.34693
1.35638
1.39695
1.40862
1.5407
1.51347
1.53256
1.5625
1.58656
1.60468
1.57723
1.56198
1.62285
1.58945
1.61678
1.58639
1.48035
1.4555
1.44147
1.49686
1.62285
1.58639
1.61678
1.57723
1.60468
1.5407
1.58656
1.51347
1.56198
1.53256
1.5625
3.4334e-32
0.0968191
6.18047e-32
0.098347
0.098347
0.0968191
6.18047e-32
3.4334e-32
0.196958
0.291644
0.295334
0.194203
0.388658
0.484777
0.489505
0.393003
0.584408
0.579556
0.67257
0.677293
0.295334
0.291644
0.196958
0.194203
0.767768
0.763412
0.851697
0.855454
0.489505
0.484777
0.388658
0.393003
0.937062
1.01916
1.02107
0.940002
1.09767
1.1723
1.17156
1.09836
0.579556
0.677293
0.584408
0.67257
0.763412
0.851697
0.767768
0.855454
1.24042
1.24275
1.30876
1.30468
1.3641
1.37011
1.41849
1.42657
1.01916
0.937062
0.940002
1.02107
1.09767
1.09836
1.17156
1.1723
1.46765
1.47794
1.52404
1.51142
1.54965
1.59985
1.56472
1.58221
1.24042
1.30468
1.24275
1.30876
1.3641
1.42657
1.37011
1.41849
1.46765
1.52404
1.51142
1.47794
1.65296
1.62992
1.609
1.62929
1.6827
1.67079
1.64491
1.65393
1.65393
1.65694
1.68867
1.68867
1.54965
1.58221
1.59985
1.56472
1.6827
1.62992
1.64491
1.67079
1.62929
1.65296
1.609
3.31132e-32
0.0933641
5.9386e-32
0.095158
0.191186
0.187906
0.283098
0.287565
0.095158
0.0933641
5.9386e-32
3.31132e-32
0.287565
0.283098
0.191186
0.187906
0.378434
0.473428
0.479418
0.383802
0.57396
0.567615
0.660546
0.666987
0.75809
0.751797
0.840963
0.846867
0.383802
0.378434
0.479418
0.473428
0.927657
1.01152
1.01598
0.932948
0.666987
0.660546
0.57396
0.567615
1.09219
1.16937
1.17156
1.09562
1.24352
1.31203
1.31122
1.24275
0.75809
0.840963
0.751797
0.846867
1.01152
1.01598
0.927657
0.932948
1.37698
1.43734
1.3744
1.43285
1.48635
1.4929
1.54345
1.53472
1.16937
1.09562
1.17156
1.09219
1.24275
1.31122
1.24352
1.31203
1.57779
1.58884
1.62888
1.6154
1.67381
1.69246
1.64745
1.66346
1.43285
1.3744
1.37698
1.43734
1.4929
1.48635
1.54345
1.53472
1.57779
1.62888
1.6154
1.58884
1.73331
1.71576
1.6944
1.70916
1.721
1.71804
1.74504
1.75092
1.71804
1.75092
1.70916
1.74504
1.64745
1.6944
1.69246
1.66346
1.71576
1.73331
1.67381
3.17039e-32
0.0914371
0.0893772
5.66217e-32
0.184364
0.180558
0.272996
0.278241
0.366164
0.459556
0.466808
0.372556
0.0914371
0.0893772
5.66217e-32
3.17039e-32
0.180558
0.278241
0.272996
0.184364
0.466808
0.459556
0.366164
0.372556
0.560524
0.552686
0.645085
0.653245
0.744539
0.73631
0.825932
0.833984
0.921191
0.913547
0.99877
1.00578
0.552686
0.653245
0.560524
0.645085
1.08124
1.1606
1.16572
1.0874
0.744539
0.825932
0.833984
0.73631
1.31122
1.24042
1.23655
1.30876
1.44093
1.37784
1.37698
1.44003
0.913547
0.921191
1.00578
0.99877
1.0874
1.16572
1.1606
1.08124
1.49757
1.5551
1.55025
1.50037
1.59788
1.64962
1.60491
1.64029
1.31122
1.24042
1.23655
1.30876
1.44093
1.37698
1.44003
1.37784
1.72316
1.7089
1.68908
1.67734
1.75173
1.73487
1.75516
1.7747
1.49757
1.5551
1.55025
1.50037
1.59788
1.64962
1.60491
1.64029
1.7089
1.67734
1.72316
1.68908
1.7697
1.80356
1.77844
1.792
1.80935
1.80935
1.78136
1.77844
1.7697
1.7747
1.792
1.80356
1.75173
1.75516
1.73487
3.01059e-32
5.35116e-32
0.087184
0.0848579
0.176491
0.17216
0.261339
0.267362
0.351847
0.44316
0.451673
0.359263
0.087184
0.0848579
5.35116e-32
3.01059e-32
0.544101
0.534768
0.626186
0.636065
0.17216
0.267362
0.261339
0.176491
0.359263
0.351847
0.451673
0.44316
0.534768
0.636065
0.626186
0.544101
0.727114
0.716947
0.806604
0.816805
0.894732
0.980924
0.990485
0.904729
1.0648
1.14598
1.15402
1.0737
0.727114
0.816805
0.806604
0.716947
1.23112
1.29895
1.30468
1.22414
0.980924
0.990485
0.894732
0.904729
1.37011
1.43734
1.3744
1.44003
1.55898
1.50131
1.50037
1.55801
1.14598
1.0648
1.0737
1.15402
1.30468
1.23112
1.29895
1.22414
1.65688
1.60993
1.61294
1.66206
1.70616
1.73522
1.69869
1.74508
1.37011
1.43734
1.3744
1.44003
1.55898
1.50037
1.50131
1.55801
1.80688
1.79194
1.77869
1.76634
1.82954
1.81195
1.82628
1.84661
1.60993
1.66206
1.65688
1.61294
1.74508
1.73522
1.69869
1.70616
1.76634
1.79194
1.77869
1.80688
1.83778
1.83491
1.85802
1.86373
1.86373
1.83491
1.82628
1.84661
1.85802
1.82954
1.81195
2.83193e-32
0.0798064
5.00557e-32
0.0823986
0.0823986
0.0798064
5.00557e-32
2.83193e-32
0.167567
0.16271
0.248125
0.254926
0.335483
0.424237
0.434014
0.343922
0.524689
0.513861
0.603847
0.615446
0.254926
0.248125
0.167567
0.16271
0.705813
0.693708
0.782978
0.795328
0.434014
0.335483
0.424237
0.343922
0.603847
0.513861
0.615446
0.524689
0.705813
0.795328
0.782978
0.693708
0.88356
0.871209
0.957976
0.970088
1.04287
1.12552
1.13648
1.05452
1.21562
1.29159
1.20554
1.2826
0.957976
0.970088
0.871209
0.88356
1.35638
1.43285
1.3641
1.42657
1.04287
1.05452
1.13648
1.12552
1.5551
1.55801
1.49757
1.4929
1.66517
1.61395
1.66621
1.61294
1.29159
1.21562
1.20554
1.2826
1.43285
1.3641
1.35638
1.42657
1.71469
1.75823
1.75275
1.71149
1.79666
1.81952
1.82985
1.7888
1.4929
1.49757
1.55801
1.5551
1.66621
1.61294
1.61395
1.66517
1.88007
1.85769
1.86454
1.84479
1.87869
1.8872
1.90819
1.89692
1.71149
1.71469
1.75275
1.75823
1.7888
1.79666
1.82985
1.81952
1.85769
1.88007
1.84479
1.86454
1.89004
1.91383
1.91383
1.8872
1.89692
1.90819
1.87869
2.6344e-32
0.0742223
4.62538e-32
0.0770808
2.6344e-32
0.0770808
0.0742223
4.62538e-32
0.157592
0.15221
0.233355
0.240934
0.240934
0.233355
0.157592
0.15221
0.326533
0.31707
0.402789
0.413829
0.502287
0.489963
0.578066
0.591387
0.680635
0.666591
0.75505
0.769551
0.413829
0.402789
0.31707
0.326533
0.857682
0.842976
0.929923
0.944587
0.489963
0.591387
0.578066
0.502287
0.680635
0.769551
0.75505
0.666591
0.842976
0.857682
0.944587
0.929923
1.01546
1.09919
1.11309
1.02986
1.19391
1.2597
1.18073
1.27197
1.41849
1.34693
1.33577
1.40862
1.01546
1.09919
1.11309
1.02986
1.55025
1.47794
1.48635
1.54346
1.18073
1.27197
1.2597
1.19391
1.66206
1.66517
1.60491
1.60993
1.71469
1.76152
1.76262
1.71576
1.41849
1.40862
1.33577
1.34693
1.48635
1.55025
1.47794
1.54346
1.84364
1.80228
1.80565
1.83789
1.87645
1.90396
1.89321
1.86824
1.66206
1.60993
1.60491
1.66517
1.71576
1.76152
1.71469
1.76262
1.91272
1.92671
1.94275
1.92609
1.93512
1.93792
1.95389
1.95947
1.80565
1.80228
1.83789
1.84364
1.90396
1.86824
1.89321
1.87645
1.95947
1.91272
1.95389
1.93512
1.92671
1.94275
1.92609
0.0712305
0.0681057
4.21059e-32
2.41799e-32
2.41799e-32
0.0681057
4.21059e-32
0.0712305
0.146566
0.140657
0.217027
0.225385
0.146566
0.140657
0.225385
0.217027
0.296608
0.378813
0.391116
0.307096
0.391116
0.378813
0.296608
0.307096
0.476893
0.463074
0.548843
0.563885
0.651579
0.635594
0.722819
0.739472
0.827093
0.81003
0.896761
0.91398
0.548843
0.463074
0.563885
0.476893
0.999701
0.982564
1.06701
1.08384
0.635594
0.651579
0.739472
0.722819
0.896761
0.827093
0.91398
0.81003
0.999701
1.08384
1.06701
0.982564
1.24579
1.16599
1.1497
1.23025
1.39695
1.32289
1.38348
1.30829
1.53472
1.4555
1.52404
1.46765
1.24579
1.23025
1.16599
1.1497
1.65688
1.58884
1.64962
1.59788
1.39695
1.30829
1.32289
1.38348
1.70616
1.75823
1.71149
1.76152
1.84708
1.84823
1.80677
1.80565
1.53472
1.52404
1.4555
1.46765
1.58884
1.59788
1.65688
1.64962
1.88582
1.91829
1.91232
1.88231
1.94553
1.95633
1.96743
1.93703
1.71149
1.75823
1.76152
1.70616
1.80565
1.80677
1.84708
1.84823
1.97016
1.98392
1.99495
1.97848
1.97848
1.98125
2.00047
2.00047
1.91232
1.88231
1.91829
1.88582
1.94553
1.96743
1.95633
1.99495
1.98392
1.93703
1.97016
0.0648475
0.0614564
3.76121e-32
2.1827e-32
0.208279
0.199142
0.134488
0.128053
2.1827e-32
0.0614564
3.76121e-32
0.0648475
0.134488
0.128053
0.199142
0.208279
0.274097
0.352309
0.365877
0.28561
0.352309
0.274097
0.28561
0.365877
0.448507
0.433191
0.516176
0.53294
0.433191
0.53294
0.516176
0.448507
0.618641
0.600716
0.686283
0.705089
0.79179
0.77237
0.858488
0.878263
0.944172
1.02897
1.04873
0.964056
0.600716
0.618641
0.705089
0.686283
1.13186
1.11247
1.19425
1.21307
0.77237
0.858488
0.79179
0.878263
1.02897
0.964056
1.04873
0.944172
1.11247
1.21307
1.13186
1.19425
1.27393
1.29197
1.35115
1.36822
1.51142
1.42557
1.49686
1.44147
1.62888
1.56472
1.64029
1.57779
1.36822
1.35115
1.27393
1.29197
1.68908
1.75275
1.74508
1.69869
1.42557
1.44147
1.51142
1.49686
1.84364
1.79666
1.84708
1.80228
1.887
1.92307
1.92188
1.88582
1.64029
1.62888
1.57779
1.56472
1.75275
1.69869
1.68908
1.74508
1.97606
1.9516
1.95525
1.98223
2.00393
1.99518
2.02027
2.00888
1.84364
1.80228
1.79666
1.84708
1.887
1.92307
1.92188
1.88582
2.01987
2.0312
2.01712
2.03667
2.01712
2.0312
2.00888
2.03667
1.97606
1.95525
1.98223
1.9516
2.02027
2.00393
1.99518
0.0579319
0.0542745
3.27722e-32
1.92854e-32
0.189616
0.1797
0.121358
0.114397
1.92854e-32
0.0542745
3.27722e-32
0.0579319
0.338109
0.323277
0.249536
0.262074
0.121358
0.114397
0.1797
0.189616
0.249536
0.323277
0.338109
0.262074
0.417129
0.400316
0.480064
0.498551
0.498551
0.480064
0.417129
0.400316
0.581822
0.561955
0.64544
0.6664
0.581822
0.6664
0.64544
0.561955
0.751771
0.729992
0.815102
0.837434
0.922916
0.900284
0.985069
1.00775
1.09152
1.06901
1.15169
1.17379
0.815102
0.751771
0.837434
0.729992
1.33229
1.25417
1.31163
1.23269
0.900284
0.985069
1.00775
0.922916
1.06901
1.17379
1.15169
1.09152
1.33229
1.23269
1.25417
1.31163
1.4619
1.38814
1.48035
1.40779
1.59985
1.6154
1.53257
1.54965
1.73522
1.66346
1.72316
1.67734
1.38814
1.48035
1.4619
1.40779
1.77869
1.82985
1.83789
1.7888
1.53257
1.59985
1.6154
1.54965
1.87645
1.91829
1.88231
1.92188
1.95646
1.95525
1.98593
1.98716
1.67734
1.66346
1.73522
1.72316
1.83789
1.7888
1.82985
1.77869
2.02914
2.03547
2.01394
2.01019
2.05089
2.04272
2.05168
2.06252
1.88231
1.91829
1.87645
1.92188
1.98716
1.95646
1.95525
1.98593
2.05362
2.05089
2.06795
2.06795
2.02914
2.01394
2.04272
2.06252
2.01019
2.03547
2.05168
0.0504837
0.04656
2.75864e-32
1.6555e-32
0.169395
0.1587
0.107176
0.0996895
1.6555e-32
0.04656
2.75864e-32
0.0504837
0.307812
0.291716
0.222925
0.236488
0.107176
0.0996895
0.1587
0.169395
0.460716
0.440506
0.382756
0.364446
0.222925
0.291716
0.307812
0.236488
0.382756
0.364446
0.440506
0.460716
0.541119
0.51931
0.600288
0.623403
0.541119
0.623403
0.600288
0.51931
0.707034
0.682894
0.766599
0.79149
0.682894
0.707034
0.79149
0.766599
0.850896
0.935296
0.960916
0.876278
1.04495
1.01933
1.10256
1.12794
1.20948
1.28916
1.18455
1.2649
0.850896
0.960916
0.935296
0.876278
1.34322
1.4415
1.41915
1.36662
1.01933
1.10256
1.12794
1.04495
1.2649
1.18455
1.28916
1.20948
1.41915
1.34322
1.36662
1.4415
1.58221
1.49235
1.5625
1.51347
1.62929
1.7089
1.69246
1.64745
1.75173
1.80688
1.81952
1.76634
1.5625
1.58221
1.49235
1.51347
1.90396
1.85769
1.86824
1.91232
1.7089
1.64745
1.62929
1.69246
1.94553
1.98223
1.9516
1.98593
2.04053
2.01519
2.01394
2.03926
1.81952
1.75173
1.76634
1.80688
1.90396
1.86824
1.91232
1.85769
2.05808
2.07157
2.07803
2.06192
2.08879
2.07968
2.08238
2.09419
1.98593
1.94553
1.98223
1.9516
2.01519
2.03926
2.01394
2.04053
2.06192
2.07157
2.07803
2.07968
2.09419
2.08879
2.05808
0.0425029
0.0383128
2.20546e-32
1.36359e-32
0.147616
0.136143
0.091942
0.0839299
1.36359e-32
0.0383128
2.20546e-32
0.0425029
0.274987
0.257627
0.194265
0.208852
0.091942
0.0839299
0.136143
0.147616
0.419435
0.397502
0.345389
0.325582
0.194265
0.257627
0.274987
0.208852
0.496532
0.576097
0.550828
0.47278
0.345389
0.325582
0.397502
0.419435
0.496532
0.47278
0.550828
0.576097
0.657576
0.631076
0.712978
0.740429
0.657576
0.740429
0.631076
0.712978
0.82414
0.796006
0.879651
0.908207
0.879651
0.796006
0.82414
0.908207
0.992159
0.963426
1.04686
1.07553
1.23883
1.1579
1.12952
1.21096
1.36861
1.39486
1.29078
1.31794
0.963426
1.07553
1.04686
0.992159
1.44407
1.51683
1.5407
1.46922
1.21096
1.12952
1.23883
1.1579
1.36861
1.29078
1.39486
1.31794
1.44407
1.51683
1.46922
1.5407
1.67381
1.65296
1.58656
1.609
1.71576
1.7747
1.79194
1.73487
1.88007
1.84479
1.89321
1.82954
1.67381
1.65296
1.58656
1.609
1.93703
1.92609
1.97606
1.96743
1.7747
1.73487
1.71576
1.79194
2.03547
2.00393
2.01019
2.03926
2.08319
2.0819
2.0632
2.06192
1.82954
1.88007
1.84479
1.89321
1.96743
1.97606
1.93703
1.92609
2.10337
2.10993
2.09531
2.09921
2.10606
2.11529
2.11529
2.10337
2.01019
2.03547
2.03926
2.00393
2.0819
2.10993
2.0632
2.08319
2.09921
2.09531
2.06192
0.0339895
0.0295332
1.61769e-32
1.0528e-32
1.0528e-32
0.0295332
1.61769e-32
0.0339895
0.12428
0.112028
0.0756566
0.0671187
0.239634
0.221009
0.163554
0.179166
0.0756566
0.0671187
0.112028
0.12428
0.283724
0.374708
0.351052
0.305028
0.163554
0.221009
0.239634
0.179166
0.448059
0.524481
0.497056
0.422366
0.305028
0.283724
0.351052
0.374708
0.603397
0.684248
0.654238
0.574536
0.448059
0.422366
0.497056
0.524481
0.603397
0.574536
0.654238
0.684248
0.766498
0.735612
0.818131
0.849625
0.766498
0.849625
0.818131
0.735612
0.933136
0.901287
0.984593
1.01655
1.01655
0.901287
0.984593
0.933136
1.18128
1.09941
1.1498
1.06758
1.23083
1.26175
1.34042
1.31027
1.38772
1.49087
1.46283
1.41691
1.1498
1.06758
1.18128
1.09941
1.53526
1.62992
1.60468
1.56198
1.23083
1.31027
1.26175
1.34042
1.46283
1.38772
1.49087
1.41691
1.62992
1.53526
1.60468
1.56198
1.75516
1.67079
1.73331
1.6944
1.84661
1.792
1.86454
1.81195
1.91272
1.89692
1.94275
1.95633
1.67079
1.73331
1.75516
1.6944
1.98392
2.02914
1.99518
2.02027
1.792
1.86454
1.81195
1.84661
2.05168
2.07803
2.05808
2.0819
2.11517
2.09921
2.10052
2.11386
1.91272
1.95633
1.94275
1.89692
1.99518
2.02027
1.98392
2.02914
2.13118
2.12456
2.12189
2.12584
2.12584
2.11386
2.12189
2.13118
2.07803
2.05808
2.05168
2.0819
2.10052
2.11517
2.09921
7.23145e-33
0.020221
9.95333e-33
0.0249436
0.0249436
0.020221
9.95333e-33
7.23145e-33
0.0993868
0.0863564
0.0583197
0.049256
0.0583197
0.049256
0.0863564
0.0993868
0.201751
0.181862
0.130794
0.147431
0.326534
0.301156
0.261673
0.238872
0.130794
0.181862
0.147431
0.201751
0.395702
0.468554
0.438975
0.368066
0.261673
0.238872
0.301156
0.326534
0.544496
0.622947
0.513274
0.590376
0.395702
0.368066
0.438975
0.468554
0.703351
0.785167
0.750734
0.669712
0.544496
0.513274
0.590376
0.622947
0.703351
0.669712
0.750734
0.785167
0.867881
0.832914
0.915745
0.950991
0.867881
0.950991
0.832914
0.915745
0.998737
1.08142
1.03402
1.11652
0.998737
1.11652
1.08142
1.03402
1.24412
1.27817
1.16336
1.19804
1.32329
1.43271
1.35652
1.4005
1.47537
1.54757
1.57723
1.50639
1.24412
1.16336
1.27817
1.19804
1.61678
1.70916
1.6827
1.64492
1.4005
1.32329
1.35652
1.43271
1.57723
1.47537
1.54757
1.50639
1.6827
1.61678
1.70916
1.64492
1.80356
1.82628
1.74505
1.7697
1.90819
1.85802
1.92671
1.87869
1.97016
1.99495
2.00888
1.95389
1.74505
1.82628
1.7697
1.80356
2.04272
2.06252
2.0312
2.07157
1.87869
1.90819
1.92671
1.85802
2.09531
2.11386
2.08879
2.10993
2.13648
2.12584
2.13516
2.12716
1.95389
1.97016
2.00888
1.99495
2.04272
2.07157
2.06252
2.0312
2.13516
2.13783
2.14181
2.14181
2.10993
2.13648
2.12716
2.11386
2.09531
2.08879
2.12584
0.0153653
0.0103766
3.38399e-33
3.7462e-33
3.7462e-33
0.0103766
3.38399e-33
0.0153653
0.0399312
0.0303419
0.0591276
0.0729364
0.0729364
0.0591276
0.0399312
0.0303419
0.161341
0.140188
0.0959854
0.113647
0.0959854
0.113647
0.140188
0.161341
0.274915
0.247814
0.215324
0.191026
0.33946
0.408317
0.376583
0.309882
0.215324
0.191026
0.247814
0.274915
0.480873
0.556524
0.521393
0.447289
0.33946
0.309882
0.376583
0.408317
0.634698
0.714831
0.677459
0.598306
0.480873
0.447289
0.521393
0.556524
0.79639
0.878853
0.840316
0.758305
0.634698
0.598306
0.677459
0.714831
0.878853
0.79639
0.758305
0.840316
0.922983
1.00582
1.04453
0.961725
0.961725
1.04453
0.922983
1.00582
1.20811
1.08836
1.1268
1.17015
1.20811
1.08836
1.17015
1.1268
1.25077
1.32981
1.3662
1.28804
1.40689
1.48165
1.51572
1.44221
1.62285
1.65393
1.55374
1.5864
1.32981
1.25077
1.3662
1.28804
1.68867
1.77844
1.75092
1.71804
1.51572
1.48165
1.40689
1.44221
1.55374
1.65393
1.5864
1.62285
1.68867
1.77844
1.75092
1.71804
1.83491
1.80935
1.86373
1.8872
1.93512
1.91383
1.97848
1.95947
2.05089
2.00047
2.01712
2.03667
1.86373
1.8872
1.80935
1.83491
2.10337
2.09419
2.07968
2.06795
1.91383
1.95947
1.93512
1.97848
2.11529
2.12189
2.13516
2.13118
2.1458
2.14314
2.14181
2.14713
2.03667
2.00047
2.01712
2.05089
2.06795
2.07968
2.10337
2.09419
2.14181
2.13516
2.14314
2.14713
2.11529
2.13118
2.12189
8.78301e-35
0.00525462
0.00525462
8.78301e-35
0.0449291
0.0204916
0.0204916
0.0449291
0.118402
0.0778134
0.0778134
0.118402
0.165982
0.21985
0.165982
0.21985
0.279334
0.343771
0.412527
0.484981
0.279334
0.343771
0.560538
0.638617
0.484981
0.412527
0.718663
0.800133
0.638617
0.560538
0.882515
0.965305
0.718663
0.800133
0.882515
0.965305
1.04803
1.13023
1.04803
1.13023
1.21147
1.29134
1.29134
1.21147
1.36943
1.44538
1.51883
1.58945
1.721
1.65694
1.44538
1.36943
1.83778
1.78136
1.58945
1.51883
1.65694
1.721
1.83778
1.78136
1.89004
1.93792
2.01987
1.98125
2.08238
2.05362
1.89004
1.93792
2.12456
2.10606
2.01987
1.98125
2.1458
2.13783
2.14846
2.1458
2.05362
2.08238
2.10606
2.13783
2.12456
0.922983
1.25077
1.17015
0.0103766
1.00582
1.08836
1.00582
1.08836
0.922983
0.140188
0.191026
0.840316
1.17015
0.309882
0.758305
0.677459
1.25077
0.598306
0.521393
1.32981
0.447289
0.376583
1.40689
0.247814
1.48165
1.55374
0.0959854
0.0591276
1.62285
0.0303419
1.68867
1.75092
0.0103766
1.32981
1.40689
1.80935
1.86373
1.55374
1.91383
0.0303419
1.95947
2.00047
0.0591276
2.03667
2.06795
0.0959854
2.09419
2.11529
0.140188
2.00047
2.13118
2.03667
2.14181
0.191026
2.14713
2.14713
0.247814
2.14181
2.13118
0.309882
2.11529
2.09419
0.376583
2.06795
0.447289
1.95947
0.521393
1.91383
1.86373
0.598306
1.80935
1.75092
0.677459
1.68867
1.62285
0.758305
1.48165
0.840316
3.38399e-33
3.38399e-33
3.7462e-33
0.0153653
0.0153653
3.7462e-33
0.0729364
0.0399312
0.0399312
0.0729364
0.113647
0.161341
0.113647
0.161341
0.274915
0.215324
0.215324
0.274915
0.408317
0.33946
0.556524
0.480873
0.33946
0.408317
0.634698
0.714831
0.556524
0.480873
0.878853
0.79639
0.634698
0.714831
0.961725
1.04453
0.79639
0.878853
0.961725
1.04453
1.20811
1.1268
1.20811
1.1268
1.28804
1.3662
1.3662
1.28804
1.51572
1.44221
1.65393
1.5864
1.71804
1.77844
1.44221
1.51572
1.8872
1.83491
1.65393
1.5864
1.77844
1.71804
1.83491
1.8872
1.93512
1.97848
2.05089
2.01712
2.07968
2.10337
1.97848
1.93512
2.13516
2.12189
2.05089
2.01712
2.1458
2.14314
2.14314
2.13516
2.10337
2.07968
2.12189
1.16336
1.08142
1.08142
0.998737
1.16336
0.915745
0.0863564
0.832914
0.750734
1.24412
0.669712
1.32329
0.590376
0.513274
0.438975
1.4005
0.368066
1.47537
0.301156
0.238872
0.181862
1.54757
0.130794
1.61678
0.049256
0.020221
1.6827
1.74505
0.020221
1.80356
1.24412
1.85802
1.90819
1.4005
0.049256
1.95389
1.99495
1.61678
2.0312
0.0863564
2.06252
0.130794
2.08879
2.10993
2.12584
1.90819
0.181862
2.13648
0.238872
2.0312
2.14181
2.14181
2.13648
0.301156
2.12584
0.368066
2.10993
2.08879
2.06252
0.438975
0.513274
1.99495
1.95389
0.590376
1.85802
0.669712
1.80356
1.74505
1.6827
0.750734
0.832914
1.54757
1.47537
0.915745
1.32329
0.998737
9.95333e-33
9.95333e-33
7.23145e-33
0.0249436
0.0249436
7.23145e-33
0.0993868
0.0583197
0.0583197
0.0993868
0.147431
0.201751
0.201751
0.147431
0.326534
0.261673
0.261673
0.326534
0.468554
0.395702
0.544496
0.622947
0.395702
0.468554
0.703351
0.785167
0.622947
0.544496
0.867881
0.950991
0.785167
0.703351
1.11652
1.03402
0.867881
0.950991
1.11652
1.03402
1.19804
1.27817
1.27817
1.19804
1.43271
1.35652
1.35652
1.43271
1.57723
1.50639
1.70916
1.64492
1.7697
1.82628
1.57723
1.50639
1.87869
1.92671
1.64492
1.70916
1.82628
1.7697
1.87869
1.92671
1.97016
2.00888
2.04272
2.07157
2.09531
2.11386
2.00888
1.97016
2.13516
2.12716
2.04272
2.07157
2.13783
2.13516
2.12716
2.09531
2.11386
1.1498
0.984593
1.23083
0.0295332
0.901287
0.818131
0.735612
1.31027
0.654238
0.221009
0.283724
1.38772
0.574536
0.497056
0.422366
1.46283
0.351052
1.53526
0.163554
1.60468
0.112028
1.67079
0.0671187
1.73331
1.792
0.0295332
1.84661
1.1498
1.89692
0.0671187
1.94275
1.98392
2.02027
1.46283
1.53526
0.112028
2.05168
0.163554
2.07803
2.09921
2.11517
0.221009
1.84661
2.12584
0.283724
1.94275
1.98392
2.13118
2.13118
2.12584
0.351052
2.11517
0.422366
2.09921
2.07803
2.05168
0.497056
2.02027
0.574536
1.89692
0.654238
0.735612
1.792
1.73331
1.67079
0.818131
1.60468
0.901287
1.38772
0.984593
1.31027
1.06758
1.23083
1.06758
1.61769e-32
1.61769e-32
1.0528e-32
0.0339895
0.0339895
1.0528e-32
0.0756566
0.12428
0.0756566
0.12428
0.179166
0.239634
0.239634
0.179166
0.374708
0.305028
0.305028
0.374708
0.448059
0.524481
0.603397
0.684248
0.448059
0.524481
0.766498
0.849625
0.684248
0.603397
1.01655
0.933136
0.766498
0.849625
1.18128
1.09941
0.933136
1.01655
1.18128
1.09941
1.34042
1.26175
1.34042
1.26175
1.41691
1.49087
1.49087
1.41691
1.62992
1.56198
1.75516
1.6944
1.81195
1.86454
1.56198
1.62992
1.91272
1.95633
1.6944
1.75516
1.86454
1.81195
1.91272
1.95633
2.02914
1.99518
2.05808
2.0819
2.10052
2.11386
1.99518
2.02914
2.12456
2.12189
2.0819
2.05808
2.12189
2.11386
2.10052
1.29078
0.796006
0.712978
1.36861
0.631076
0.550828
1.44407
0.47278
0.397502
1.51683
0.325582
0.257627
1.58656
0.194265
0.136143
1.65296
0.0839299
0.0383128
1.71576
1.7747
0.0383128
0.879651
0.963426
1.82954
1.88007
1.12952
1.92609
0.0839299
1.96743
2.00393
0.136143
2.03547
2.06192
0.194265
2.08319
2.09921
0.257627
1.71576
2.10993
1.7747
2.11529
0.325582
2.11529
2.10993
0.397502
1.96743
2.00393
2.09921
2.08319
0.47278
2.06192
2.03547
0.550828
0.631076
1.92609
1.88007
0.712978
1.82954
0.796006
1.65296
0.879651
1.58656
1.51683
0.963426
1.44407
1.36861
1.04686
1.29078
1.21096
1.12952
1.04686
1.21096
2.20546e-32
2.20546e-32
1.36359e-32
0.0425029
0.0425029
1.36359e-32
0.147616
0.091942
0.091942
0.147616
0.274987
0.208852
0.208852
0.274987
0.419435
0.345389
0.345389
0.419435
0.576097
0.496532
0.657576
0.740429
0.576097
0.496532
0.908207
0.82414
0.657576
0.740429
1.07553
0.992159
0.908207
0.82414
1.23883
1.1579
1.07553
0.992159
1.1579
1.23883
1.39486
1.31794
1.31794
1.39486
1.5407
1.46922
1.46922
1.5407
1.67381
1.609
1.79194
1.73487
1.84479
1.89321
1.609
1.67381
1.97606
1.93703
1.73487
1.79194
1.89321
1.84479
1.97606
1.93703
2.01019
2.03926
2.0632
2.0819
2.09531
2.10337
2.03926
2.01019
2.10337
2.10606
2.0632
2.09531
2.0819
0.682894
0.600288
1.41915
0.51931
1.49235
0.440506
0.364446
0.291716
1.5625
0.222925
1.62929
0.1587
0.0996895
0.04656
1.69246
1.75173
0.04656
1.80688
0.766599
1.85769
1.90396
0.935296
0.0996895
1.94553
1.98223
1.18455
2.01394
0.1587
2.04053
0.222925
2.06192
2.07803
2.08879
1.5625
0.291716
2.09419
0.364446
1.75173
2.09419
2.08879
2.07803
0.440506
1.90396
2.06192
0.51931
2.04053
2.01394
1.98223
0.600288
1.94553
0.682894
1.85769
1.80688
0.766599
0.850896
1.69246
1.62929
0.935296
1.49235
1.01933
1.41915
1.34322
1.2649
1.10256
1.18455
1.10256
1.01933
1.2649
0.850896
1.34322
2.75864e-32
2.75864e-32
1.6555e-32
0.0504837
0.0504837
1.6555e-32
0.169395
0.107176
0.107176
0.169395
0.307812
0.236488
0.307812
0.236488
0.382756
0.460716
0.382756
0.460716
0.541119
0.623403
0.707034
0.79149
0.541119
0.623403
0.960916
0.876278
0.79149
0.707034
1.12794
1.04495
0.960916
0.876278
1.28916
1.20948
1.12794
1.04495
1.20948
1.28916
1.4415
1.36662
1.4415
1.36662
1.58221
1.51347
1.58221
1.51347
1.7089
1.64745
1.76634
1.81952
1.91232
1.86824
1.64745
1.7089
1.9516
1.98593
1.81952
1.76634
1.86824
1.91232
1.98593
1.9516
2.03926
2.01519
2.07157
2.05808
2.07968
2.08238
2.01519
2.03926
2.07157
2.07968
2.05808
1.4619
0.480064
1.53257
0.400316
0.323277
0.249536
1.59985
0.1797
1.66346
0.114397
0.0542745
1.72316
1.77869
0.0542745
1.82985
0.64544
1.87645
0.114397
1.91829
1.95525
1.98716
0.985069
1.06901
0.1797
2.01394
0.249536
2.03547
2.05168
2.06252
0.323277
1.4619
2.06795
0.400316
1.59985
1.66346
2.06795
2.06252
2.05168
0.480064
1.82985
2.03547
0.561955
2.01394
1.98716
1.95525
0.64544
1.91829
0.729992
1.87645
1.77869
0.815102
1.72316
0.900284
1.53257
0.985069
1.06901
1.38814
1.31163
1.23269
1.15169
1.15169
1.23269
0.900284
1.31163
0.815102
1.38814
0.729992
0.561955
3.27722e-32
3.27722e-32
1.92854e-32
0.0579319
0.0579319
1.92854e-32
0.121358
0.189616
0.121358
0.189616
0.338109
0.262074
0.262074
0.338109
0.417129
0.498551
0.417129
0.498551
0.6664
0.581822
0.837434
0.751771
0.581822
0.6664
0.922916
1.00775
0.751771
0.837434
1.09152
1.17379
0.922916
1.00775
1.25417
1.33229
1.17379
1.09152
1.25417
1.33229
1.48035
1.40779
1.48035
1.40779
1.6154
1.54965
1.54965
1.6154
1.73522
1.67734
1.83789
1.7888
1.88231
1.92188
1.67734
1.73522
1.98593
1.95646
1.83789
1.7888
1.88231
1.92188
1.98593
1.95646
2.02914
2.01019
2.05089
2.04272
2.05362
2.05089
2.01019
2.04272
2.02914
1.56472
0.274097
0.199142
1.62888
0.128053
0.0614564
1.68908
1.74508
0.0614564
0.352309
0.433191
1.79666
1.84364
0.600716
1.88582
0.128053
1.92307
1.95525
0.199142
1.98223
2.00393
0.274097
2.02027
2.0312
0.352309
1.27393
2.03667
1.35115
2.03667
0.433191
2.0312
2.02027
0.516176
1.62888
1.68908
2.00393
1.98223
0.600716
1.95525
1.92307
0.686283
1.88582
1.84364
0.77237
1.79666
1.74508
0.858488
0.944172
1.56472
1.49686
1.02897
1.42557
1.11247
1.19425
1.19425
1.11247
1.02897
1.27393
0.944172
0.858488
1.35115
0.77237
0.686283
1.42557
0.516176
1.49686
3.76121e-32
3.76121e-32
2.1827e-32
0.0648475
0.0648475
2.1827e-32
0.208279
0.134488
0.134488
0.208279
0.28561
0.365877
0.365877
0.28561
0.53294
0.448507
0.448507
0.53294
0.618641
0.705089
0.79179
0.878263
0.618641
0.705089
1.04873
0.964056
0.878263
0.79179
1.13186
1.21307
0.964056
1.04873
1.29197
1.36822
1.13186
1.21307
1.36822
1.29197
1.51142
1.44147
1.44147
1.51142
1.57779
1.64029
1.64029
1.57779
1.75275
1.69869
1.84708
1.80228
1.92188
1.887
1.75275
1.69869
1.9516
1.97606
1.84708
1.80228
1.887
1.92188
1.97606
1.9516
1.99518
2.00888
2.01987
2.01712
2.01712
2.00888
1.99518
0.140657
0.0681057
1.64962
1.70616
0.0681057
1.75823
0.217027
1.80565
1.84823
0.378813
0.140657
1.88582
1.91829
0.635594
1.94553
0.217027
1.96743
0.296608
1.98392
1.99495
2.00047
1.06701
0.378813
2.00047
0.463074
1.30829
1.99495
1.98392
1.96743
0.548843
1.52404
1.94553
0.635594
1.91829
1.88582
1.84823
0.722819
1.80565
0.81003
1.75823
1.70616
1.64962
0.896761
1.58884
0.982564
1.4555
1.38348
1.06701
1.1497
1.23025
1.1497
1.23025
0.982564
1.30829
0.896761
0.81003
0.722819
1.38348
1.4555
0.548843
0.463074
1.52404
0.296608
1.58884
4.21059e-32
4.21059e-32
2.41799e-32
0.0712305
0.0712305
2.41799e-32
0.146566
0.225385
0.146566
0.225385
0.391116
0.307096
0.391116
0.307096
0.563885
0.476893
0.476893
0.563885
0.651579
0.739472
0.91398
0.827093
0.651579
0.739472
1.08384
0.999701
0.827093
0.91398
1.16599
1.24579
0.999701
1.08384
1.32289
1.39695
1.16599
1.24579
1.32289
1.39695
1.53472
1.46765
1.53472
1.46765
1.65688
1.59788
1.65688
1.59788
1.71149
1.76152
1.84708
1.80677
1.91232
1.88231
1.76152
1.71149
1.93703
1.95633
1.84708
1.80677
1.88231
1.91232
1.95633
1.93703
1.97848
1.97016
1.97848
1.98125
1.97016
1.66206
1.71469
0.0742223
0.0742223
1.76262
1.80565
0.15221
1.84364
1.87645
0.402789
0.489963
1.90396
0.233355
1.92609
0.31707
1.94275
1.95389
1.95947
0.929923
0.402789
1.95947
1.09919
1.18073
0.489963
1.95389
1.94275
1.92609
1.40862
0.578066
1.90396
0.666591
1.87645
1.84364
1.66206
1.80565
0.75505
1.76262
0.842976
1.71469
1.60491
0.929923
1.54346
1.01546
1.47794
1.33577
1.09919
1.2597
1.18073
1.01546
1.2597
1.33577
0.842976
0.75505
0.666591
1.40862
0.578066
1.47794
0.31707
1.54346
0.233355
1.60491
0.15221
4.62538e-32
4.62538e-32
2.6344e-32
0.0770808
2.6344e-32
0.0770808
0.240934
0.157592
0.157592
0.240934
0.413829
0.326533
0.413829
0.326533
0.502287
0.591387
0.502287
0.591387
0.769551
0.680635
0.944587
0.857682
0.680635
0.769551
1.11309
1.02986
0.944587
0.857682
1.27197
1.19391
1.02986
1.11309
1.41849
1.34693
1.19391
1.27197
1.41849
1.34693
1.48635
1.55025
1.48635
1.55025
1.66517
1.60993
1.66517
1.60993
1.71576
1.76152
1.83789
1.80228
1.86824
1.89321
1.71576
1.76152
1.92671
1.91272
1.80228
1.83789
1.86824
1.89321
1.92671
1.91272
1.93792
1.93512
1.93512
0.0798064
1.71469
1.75823
1.79666
0.16271
1.82985
1.85769
0.248125
1.88007
1.89692
0.335483
1.90819
1.91383
0.693708
0.424237
0.782978
1.91383
1.90819
0.513861
1.89692
1.88007
1.12552
1.20554
0.603847
1.85769
1.82985
0.693708
1.79666
1.75823
0.782978
1.71469
1.66621
0.871209
1.61294
1.5551
0.957976
1.4929
1.42657
1.04287
1.35638
1.2826
1.12552
1.20554
1.04287
0.957976
1.2826
0.871209
1.35638
0.603847
1.42657
0.513861
0.424237
1.4929
0.335483
0.248125
1.5551
0.16271
0.0798064
1.61294
1.66621
5.00557e-32
5.00557e-32
2.83193e-32
0.0823986
0.0823986
2.83193e-32
0.167567
0.254926
0.167567
0.254926
0.343922
0.434014
0.434014
0.343922
0.615446
0.524689
0.615446
0.524689
0.795328
0.705813
0.970088
0.88356
0.705813
0.795328
1.13648
1.05452
0.970088
0.88356
1.21562
1.29159
1.13648
1.05452
1.3641
1.43285
1.21562
1.29159
1.3641
1.43285
1.49757
1.55801
1.49757
1.55801
1.66517
1.61395
1.66517
1.61395
1.75275
1.71149
1.7888
1.81952
1.86454
1.84479
1.71149
1.75275
1.87869
1.8872
1.7888
1.81952
1.84479
1.86454
1.87869
1.89004
1.8872
1.74508
0.17216
1.77869
1.80688
1.82954
0.261339
1.84661
0.351847
1.85802
0.44316
1.86373
1.86373
0.44316
0.716947
1.85802
0.534768
1.84661
1.82954
0.980924
1.80688
0.626186
1.77869
0.716947
1.74508
1.70616
1.37011
1.66206
0.806604
1.61294
0.894732
1.55898
1.50037
1.43734
0.980924
1.0648
1.29895
1.22414
1.14598
1.14598
1.0648
1.22414
0.894732
0.806604
1.29895
1.37011
0.626186
0.534768
1.43734
0.351847
1.50037
0.261339
0.17216
0.0848579
1.55898
1.61294
0.0848579
1.66206
1.70616
5.35116e-32
5.35116e-32
3.01059e-32
0.087184
0.087184
3.01059e-32
0.267362
0.176491
0.176491
0.267362
0.451673
0.359263
0.359263
0.451673
0.544101
0.636065
0.544101
0.636065
0.727114
0.816805
0.990485
0.904729
0.727114
0.816805
1.15402
1.0737
0.990485
0.904729
1.30468
1.23112
1.0737
1.15402
1.44003
1.3744
1.30468
1.23112
1.44003
1.3744
1.50131
1.55801
1.50131
1.55801
1.60993
1.65688
1.60993
1.65688
1.69869
1.73522
1.76634
1.79194
1.82628
1.81195
1.69869
1.73522
1.83778
1.83491
1.79194
1.76634
1.82628
1.81195
1.83491
0.180558
1.72316
1.75173
1.7747
0.272996
1.792
0.272996
0.366164
1.80356
0.459556
0.552686
1.80935
1.80935
0.459556
1.80356
0.825932
0.552686
1.792
1.7747
1.75173
0.645085
1.1606
1.23655
1.72316
0.73631
1.68908
1.64962
1.60491
0.825932
1.5551
0.913547
1.50037
1.44093
1.37698
0.99877
1.30876
1.08124
1.08124
1.1606
0.99877
1.23655
0.913547
0.73631
1.30876
0.645085
1.37698
0.366164
1.44093
1.50037
0.180558
0.0893772
1.5551
1.60491
0.0893772
1.64962
1.68908
5.66217e-32
5.66217e-32
3.17039e-32
0.0914371
0.0914371
3.17039e-32
0.278241
0.184364
0.184364
0.278241
0.466808
0.372556
0.466808
0.372556
0.653245
0.560524
0.560524
0.653245
0.744539
0.833984
0.921191
1.00578
0.744539
0.833984
1.16572
1.0874
0.921191
1.00578
1.24042
1.31122
1.0874
1.16572
1.37784
1.44003
1.31122
1.24042
1.44003
1.37784
1.49757
1.55025
1.55025
1.49757
1.59788
1.64029
1.64029
1.59788
1.67734
1.7089
1.73487
1.75516
1.7697
1.77844
1.67734
1.7089
1.77844
1.78136
1.75516
1.73487
1.7697
1.71576
0.283098
1.73331
0.0933641
1.74504
0.378434
1.75092
1.75092
0.473428
0.473428
0.567615
1.74504
1.73331
0.567615
1.71576
1.69246
0.660546
1.66346
1.62888
0.751797
1.58884
1.16937
1.54345
0.840963
1.4929
1.43734
0.927657
1.37698
1.31203
1.01152
1.24275
1.09219
1.09219
1.01152
1.16937
0.927657
0.840963
1.24275
0.751797
0.660546
1.31203
1.37698
0.378434
0.283098
1.43734
0.187906
1.4929
1.54345
0.0933641
1.69246
1.58884
1.62888
1.66346
0.187906
5.9386e-32
5.9386e-32
3.31132e-32
0.095158
0.095158
3.31132e-32
0.191186
0.287565
0.191186
0.287565
0.479418
0.383802
0.383802
0.479418
0.666987
0.57396
0.57396
0.666987
0.846867
0.75809
1.01598
0.932948
0.75809
0.846867
1.09562
1.17156
1.01598
0.932948
1.24352
1.31122
1.17156
1.09562
1.3744
1.43285
1.31122
1.24352
1.3744
1.43285
1.53472
1.48635
1.53472
1.48635
1.57779
1.6154
1.6154
1.57779
1.67381
1.64745
1.70916
1.6944
1.721
1.71804
1.67381
1.64745
1.71804
1.6944
1.70916
0.291644
1.6827
0.388658
1.68867
1.68867
1.6827
0.291644
0.484777
1.67079
0.579556
1.65296
1.62929
1.59985
0.763412
0.67257
1.56472
0.763412
1.52404
1.01916
1.47794
1.42657
1.1723
0.851697
1.37011
0.937062
1.30876
1.24275
1.01916
1.09767
1.09767
0.937062
0.851697
1.1723
1.24275
0.67257
0.579556
0.484777
1.30876
0.388658
1.37011
0.194203
0.0968191
1.42657
1.47794
0.0968191
1.67079
1.52404
1.56472
1.59985
0.194203
1.62929
1.65296
6.18047e-32
6.18047e-32
3.4334e-32
0.098347
0.098347
3.4334e-32
0.295334
0.196958
0.196958
0.295334
0.489505
0.393003
0.489505
0.393003
0.677293
0.584408
0.584408
0.677293
0.855454
0.767768
1.02107
0.940002
0.767768
0.855454
1.17156
1.09836
0.940002
1.02107
1.30468
1.24042
1.17156
1.09836
1.41849
1.3641
1.24042
1.30468
1.3641
1.41849
1.46765
1.51142
1.46765
1.51142
1.54965
1.58221
1.54965
1.58221
1.609
1.62992
1.64491
1.65393
1.65694
1.65393
1.62992
1.609
1.64491
0.396835
1.62285
1.62285
0.0997421
1.61678
0.493603
1.60468
0.588512
1.58656
0.493603
0.588512
1.5625
1.53256
0.681157
1.49686
0.771154
1.4555
1.40862
1.02171
1.35638
0.858138
1.29895
0.941764
1.23655
1.16937
1.09767
1.02171
1.09767
0.941764
0.858138
0.771154
1.16937
0.681157
1.23655
0.396835
1.29895
0.298636
1.35638
0.199449
1.40862
1.4555
0.0997421
1.61678
1.49686
1.53256
0.199449
1.5625
1.58656
1.60468
0.298636
6.38777e-32
6.38777e-32
3.53662e-32
0.101004
0.101004
3.53662e-32
0.20168
0.301549
0.20168
0.301549
0.497069
0.400158
0.497069
0.400158
0.684162
0.591871
0.591871
0.684162
0.773574
0.859748
1.02107
0.942353
0.859748
0.773574
1.09562
1.16572
0.942353
1.02107
1.29159
1.23112
1.16572
1.09562
1.39695
1.34693
1.29159
1.23112
1.34693
1.39695
1.44147
1.48035
1.44147
1.48035
1.5407
1.51347
1.5407
1.51347
1.56198
1.57723
1.58639
1.58945
1.58639
1.56198
1.57723
1.54757
0.499906
1.53526
1.51683
0.594481
1.49235
1.4619
0.686309
1.42557
0.499906
1.38348
0.775025
1.33577
0.775025
1.2826
0.860284
0.860284
1.22414
1.1606
0.941764
1.09219
1.01916
1.01916
0.941764
1.09219
0.686309
1.1606
0.594481
1.22414
0.402968
0.304073
1.2826
0.203647
0.102133
1.33577
1.38348
0.102133
1.55374
1.42557
1.55374
1.4619
1.49235
0.203647
1.51683
1.53526
0.304073
1.54757
0.402968
6.56053e-32
6.56053e-32
3.621e-32
0.10313
0.10313
3.621e-32
0.306209
0.205352
0.306209
0.205352
0.405269
0.502112
0.502112
0.405269
0.687597
0.596348
0.596348
0.687597
0.77551
0.859748
0.940002
1.01598
0.859748
0.77551
1.15402
1.0874
1.01598
0.940002
1.21562
1.27197
1.15402
1.0874
1.36821
1.32289
1.27197
1.21562
1.32289
1.36821
1.40779
1.4415
1.4415
1.40779
1.46922
1.49087
1.49087
1.46922
1.50639
1.51572
1.51883
1.51572
1.50639
0.503688
1.44407
0.597466
1.41915
1.38814
1.35115
0.307957
0.688026
1.30829
0.503688
0.775025
1.2597
1.20554
1.14598
0.858138
1.08124
0.937062
1.01152
0.937062
0.858138
1.01152
0.775025
1.08124
0.688026
0.597466
1.14598
0.407057
1.20554
0.206794
0.103993
1.2597
1.30829
0.103993
1.46283
1.35115
1.38814
1.41915
1.48165
0.206794
1.44407
1.46283
1.47537
0.307957
0.407057
1.48165
1.47537
6.69876e-32
6.69876e-32
3.68654e-32
0.104724
0.104724
3.68654e-32
0.309316
0.207975
0.207975
0.309316
0.504633
0.408335
0.408335
0.504633
0.687597
0.59784
0.59784
0.687597
0.855454
0.773574
1.00578
0.932948
0.855454
0.773574
1.13648
1.0737
1.00578
0.932948
1.24579
1.19391
1.13648
1.0737
1.29197
1.33229
1.19391
1.24579
1.29197
1.33229
1.39486
1.36662
1.39486
1.36662
1.41691
1.43271
1.43271
1.41691
1.44221
1.44538
1.44221
0.597466
1.34322
1.31163
1.27393
0.686309
1.23025
0.310287
0.771154
1.18073
0.504948
1.12552
1.0648
0.851697
0.99877
0.927657
0.927657
0.851697
0.771154
0.99877
0.686309
1.0648
0.597466
0.409101
1.12552
1.18073
0.208892
0.105321
1.23025
1.27393
0.105321
1.36861
1.31163
1.34322
1.4005
1.40689
0.208892
1.36861
1.38772
1.4005
0.310287
1.40689
0.409101
1.38772
0.504948
6.80245e-32
6.80245e-32
3.73325e-32
0.105786
0.105786
3.73325e-32
0.310869
0.209549
0.209549
0.310869
0.504633
0.409357
0.504633
0.409357
0.684162
0.596348
0.596348
0.684162
0.767768
0.846867
0.921191
0.990485
0.767768
0.846867
1.05452
1.11309
0.990485
0.921191
1.16599
1.21307
1.11309
1.05452
1.28916
1.25417
1.21307
1.16599
1.25417
1.28916
1.34042
1.31794
1.31794
1.34042
1.3662
1.35652
1.35652
1.3662
1.36943
1.19425
0.681157
1.1497
0.106118
1.09919
0.763412
1.04287
0.980924
0.840962
0.503688
0.594481
0.913547
0.840962
0.913547
0.763412
0.681157
0.980924
1.04287
0.409101
0.311064
1.09919
0.209941
1.1497
1.19425
0.106118
1.23269
1.23269
1.2649
1.2649
1.29078
0.209941
1.31027
1.32329
0.311064
1.32981
1.32981
0.409101
1.32329
1.31027
0.503688
1.29078
0.594481
6.87163e-32
6.87163e-32
3.76112e-32
0.106318
0.106318
3.76112e-32
0.210073
0.310869
0.210073
0.310869
0.502112
0.408335
0.408335
0.502112
0.677293
0.591871
0.591871
0.677293
0.758089
0.833984
0.970088
0.904729
0.833984
0.758089
1.08384
1.02986
0.970088
0.904729
1.17379
1.13186
1.08384
1.02986
1.23883
1.20948
1.17379
1.13186
1.20948
1.23883
1.27817
1.26175
1.27817
1.26175
1.28804
1.28804
1.29134
0.67257
1.01546
0.751797
0.957976
0.894732
0.825932
0.310287
0.825932
0.751797
0.894732
0.67257
0.588512
0.499906
0.957976
0.407057
1.01546
0.209941
0.106384
1.06701
1.11247
0.106384
1.06701
1.15169
1.18455
1.21096
1.18455
0.209941
1.23083
1.24412
1.25077
0.310287
1.25077
0.407057
1.24412
1.23083
1.21096
0.499906
0.588512
1.15169
1.11247
6.9063e-32
6.9063e-32
3.77016e-32
0.106318
0.106318
3.77016e-32
0.309316
0.209549
0.209549
0.309316
0.497069
0.405269
0.405269
0.497069
0.584408
0.666987
0.666987
0.584408
0.744539
0.816805
0.88356
0.944587
0.744539
0.816805
0.999701
1.04873
0.88356
0.944587
1.12794
1.09152
0.999701
1.04873
1.1579
1.18128
1.12794
1.09152
1.1579
1.18128
1.20811
1.19804
1.20811
1.19804
1.21147
0.73631
0.871209
0.806604
0.106118
0.73631
0.806604
0.660546
0.871209
0.579556
0.493603
0.402968
0.929922
0.307957
0.982564
0.208892
1.02897
1.06901
0.106118
0.929922
1.10256
1.12952
1.02897
1.06901
0.208892
1.1498
1.16336
1.17015
1.1498
0.307957
1.17015
0.402968
1.16336
1.12952
0.493603
1.10256
0.579556
0.982564
0.660546
6.90645e-32
6.90645e-32
3.76037e-32
0.105786
0.105786
3.76037e-32
0.306209
0.207975
0.207975
0.306209
0.400158
0.489505
0.489505
0.400158
0.57396
0.653245
0.57396
0.653245
0.727114
0.795328
0.91398
0.857682
0.795328
0.727114
0.964056
1.00775
0.91398
0.857682
1.04495
1.07553
0.964056
1.00775
1.09941
1.11652
1.04495
1.07553
1.09941
1.11652
1.13023
1.1268
1.1268
0.645085
0.782978
0.567615
0.484777
0.842976
0.396835
0.304073
0.896761
0.206794
0.105321
0.944172
0.985069
0.105321
0.716947
1.01933
0.782978
1.04686
1.06758
0.206794
1.08142
1.08836
0.985069
1.01933
0.304073
1.08836
1.08142
0.396835
1.06758
1.04686
0.484777
0.567615
0.944172
0.896761
0.645085
0.842976
0.716947
6.87209e-32
6.87209e-32
3.73176e-32
0.104724
0.104724
3.73176e-32
0.205352
0.301549
0.205352
0.301549
0.479418
0.393003
0.479418
0.393003
0.560524
0.636065
0.560524
0.636065
0.705813
0.769551
0.878263
0.827093
0.769551
0.705813
0.960916
0.922916
0.878263
0.827093
1.01655
0.992159
0.960916
0.922916
1.04453
1.03402
0.992159
1.01655
1.04453
1.03402
1.04803
0.75505
0.388658
0.81003
0.298636
0.203647
0.103993
0.858488
0.900284
0.103993
0.473428
0.935296
0.963426
0.984592
0.693708
0.203647
0.998737
1.00582
1.00582
0.858488
0.298636
0.998737
0.388658
0.984592
0.963426
0.935296
0.473428
0.900284
0.552685
0.81003
0.75505
0.626186
0.693708
0.626186
0.552685
6.80322e-32
6.80322e-32
3.68431e-32
0.10313
0.10313
3.68431e-32
0.295334
0.20168
0.20168
0.295334
0.383802
0.466808
0.466808
0.383802
0.544101
0.615446
0.615446
0.544101
0.739472
0.680635
0.79179
0.837434
0.739472
0.680635
0.908207
0.876278
0.837434
0.79179
0.933136
0.950991
0.908207
0.876278
0.965305
0.961725
0.950991
0.933136
0.961725
0.772369
0.199449
0.102133
0.815102
0.850896
0.102133
0.291644
0.879651
0.901287
0.459556
0.534768
0.199449
0.915744
0.922983
0.922983
0.722819
0.291644
0.915744
0.378434
0.901287
0.879651
0.850896
0.459556
0.815102
0.534768
0.772369
0.666591
0.603847
0.603847
0.666591
0.378434
0.722819
6.69982e-32
6.69982e-32
3.61802e-32
0.101004
0.101004
3.61802e-32
0.196958
0.287565
0.196958
0.287565
0.451673
0.372556
0.451673
0.372556
0.591387
0.524689
0.591387
0.524689
0.705089
0.651579
0.751771
0.79149
0.705089
0.651579
0.82414
0.849625
0.751771
0.79149
0.867881
0.878853
0.849625
0.82414
0.882515
0.878853
0.867881
0.766599
0.0997421
0.796006
0.0997421
0.818131
0.832914
0.194203
0.840316
0.840316
0.44316
0.513861
0.283098
0.832914
0.635594
0.818131
0.366164
0.796006
0.766599
0.44316
0.729991
0.686283
0.513861
0.578066
0.578066
0.635594
0.366164
0.283098
0.686283
0.194203
0.729991
6.5619e-32
6.5619e-32
3.5329e-32
0.098347
3.5329e-32
0.098347
0.278241
0.191186
0.191186
0.278241
0.359263
0.434014
0.359263
0.434014
0.563885
0.502287
0.502287
0.563885
0.618641
0.6664
0.707034
0.740428
0.6664
0.618641
0.766498
0.785167
0.740428
0.707034
0.800133
0.79639
0.785167
0.766498
0.79639
0.0968191
0.712978
0.735612
0.750734
0.187906
0.758305
0.272996
0.758305
0.750734
0.272996
0.735612
0.351847
0.712978
0.682894
0.64544
0.424237
0.600716
0.489963
0.548843
0.489963
0.424237
0.548843
0.351847
0.600716
0.187906
0.0968191
0.64544
0.682894
6.38945e-32
6.38945e-32
3.42892e-32
0.095158
0.095158
3.42892e-32
0.267362
0.184364
0.184364
0.267362
0.413829
0.343922
0.343922
0.413829
0.53294
0.476893
0.53294
0.476893
0.623403
0.581822
0.684248
0.657576
0.581822
0.623403
0.703351
0.714831
0.684248
0.657576
0.718663
0.703351
0.714831
0.669712
0.180558
0.677459
0.0933641
0.677459
0.669712
0.261339
0.654237
0.335483
0.402789
0.463074
0.631076
0.600288
0.561955
0.402789
0.516176
0.463074
0.335483
0.516176
0.261339
0.561955
0.180558
0.600288
0.631076
0.0933641
0.654237
6.18245e-32
6.18245e-32
3.3061e-32
0.0914371
0.0914371
3.3061e-32
0.254926
0.176491
0.176491
0.254926
0.326533
0.391116
0.326533
0.391116
0.448507
0.498551
0.498551
0.448507
0.576096
0.541119
0.603397
0.622947
0.541119
0.576096
0.634698
0.638617
0.622947
0.603397
0.634698
0.17216
0.598306
0.590376
0.248125
0.574536
0.550827
0.31707
0.51931
0.480064
0.378813
0.433191
0.378813
0.433191
0.31707
0.248125
0.480064
0.17216
0.0893771
0.51931
0.550827
0.0893771
0.574536
0.590376
0.598306
5.94089e-32
5.94089e-32
3.16442e-32
0.087184
0.087184
3.16442e-32
0.240934
0.167567
0.167567
0.240934
0.307096
0.365877
0.307096
0.365877
0.417129
0.460716
0.417129
0.460716
0.496531
0.52448
0.556524
0.544496
0.52448
0.496531
0.556524
0.560538
0.544496
0.513274
0.497056
0.233355
0.47278
0.296608
0.440506
0.233355
0.400316
0.352309
0.352309
0.296608
0.400316
0.16271
0.0848579
0.440506
0.47278
0.0848579
0.497056
0.521393
0.513274
0.521393
0.16271
5.66476e-32
5.66476e-32
0.0823986
3.00388e-32
0.0823986
3.00388e-32
0.225385
0.157592
0.157592
0.225385
0.338109
0.28561
0.338109
0.28561
0.382756
0.419435
0.382756
0.419435
0.468554
0.448059
0.484981
0.480873
0.448059
0.480873
0.468554
0.217027
0.397502
0.274097
0.364446
0.323277
0.274097
0.323277
0.217027
0.364446
0.15221
0.0798064
0.397502
0.422366
0.0798064
0.438975
0.438975
0.447289
0.15221
0.447289
0.422366
5.35406e-32
5.35406e-32
2.82447e-32
0.0770808
0.0770808
2.82447e-32
0.208279
0.146566
0.146566
0.208279
0.307812
0.262074
0.262074
0.307812
0.345389
0.374708
0.374708
0.345389
0.395702
0.408317
0.412527
0.408317
0.395702
0.249536
0.249536
0.199142
0.291716
0.140657
0.0742223
0.325582
0.351052
0.0742223
0.291716
0.325582
0.368066
0.376583
0.376583
0.140657
0.368066
0.351052
0.199142
5.00877e-32
5.00877e-32
2.62619e-32
0.0712305
0.0712305
2.62619e-32
0.189616
0.134488
0.189616
0.134488
0.274987
0.236488
0.274987
0.236488
0.326534
0.305028
0.305028
0.326534
0.33946
0.343771
0.33946
0.128053
0.0681057
0.257627
0.283724
0.0681057
0.301156
0.1797
0.309882
0.309882
0.257627
0.128053
0.301156
0.283724
0.1797
0.222925
0.222925
4.62889e-32
4.62889e-32
2.40904e-32
0.0648475
0.0648475
2.40904e-32
0.121358
0.169395
0.121358
0.169395
0.239634
0.208852
0.239634
0.208852
0.274915
0.261673
0.261673
0.279334
0.274915
0.221009
0.238872
0.0614564
0.0614564
0.247814
0.247814
0.114397
0.238872
0.221009
0.194265
0.1587
0.1587
0.194265
0.114397
4.21441e-32
4.21441e-32
2.17301e-32
0.0579319
2.17301e-32
0.0579319
0.107176
0.147616
0.107176
0.147616
0.201751
0.179166
0.201751
0.179166
0.21985
0.215324
0.215324
0.0542745
0.191026
0.191026
0.181862
0.0996895
0.163554
0.136143
0.136143
0.0996895
0.0542745
0.163554
0.181862
3.76533e-32
3.76533e-32
1.9181e-32
0.0504837
0.0504837
1.9181e-32
0.12428
0.091942
0.091942
0.12428
0.147431
0.161341
0.147431
0.161341
0.165982
0.130794
0.0839299
0.112028
0.0839299
0.04656
0.112028
0.130794
0.04656
0.140188
0.140188
3.28165e-32
3.28165e-32
1.64431e-32
0.0425029
0.0425029
1.64431e-32
0.0993868
0.0756566
0.0756566
0.0993868
0.113647
0.113647
0.118402
0.0671187
0.0671187
0.0383128
0.0863564
0.0959854
0.0383128
0.0959854
0.0863564
2.76337e-32
2.76337e-32
1.35165e-32
0.0339895
1.35165e-32
0.0339895
0.0583197
0.0729364
0.0583197
0.0729364
0.0778134
0.0591275
0.0295332
0.0591275
0.049256
0.0295332
0.049256
2.2105e-32
2.2105e-32
0.0249436
1.04012e-32
0.0249436
1.04012e-32
0.0399312
0.0399312
0.0449291
0.020221
0.0303419
0.020221
0.0303419
1.62303e-32
1.62303e-32
7.09713e-33
0.0153653
0.0153653
7.09713e-33
0.0204915
0.0103765
0.0103765
1.00098e-32
1.00098e-32
3.60441e-33
3.60441e-33
0.00525464
1.48881e-35
3.44354e-33
3.44354e-33
