1.38282e-35
3.19838e-33
3.19838e-33
3.34788e-33
9.29704e-33
0.00488054
0.00963761
3.34788e-33
9.29704e-33
0.00963761
6.59188e-33
0.0187811
1.50747e-32
0.0142711
0.0190314
0.0281811
0.0281811
0.0142711
0.0187811
1.50747e-32
6.59188e-33
9.66073e-33
0.0274304
2.05312e-32
0.0231675
0.0457486
0.0549172
0.0370869
0.0417297
9.66073e-33
0.0274304
0.0370869
0.0549172
0.0457486
0.0231675
2.05312e-32
1.25544e-32
0.0315697
0.0355854
2.56668e-32
0.0541665
0.0623402
0.0802081
0.0677432
0.0891514
0.072272
0.0891514
0.0677432
0.0315697
2.56668e-32
0.0355854
1.25544e-32
0.0623402
0.0541665
0.0802081
1.52729e-32
3.04812e-32
0.0394776
0.0432462
0.0702701
0.0779558
0.104054
0.0923116
0.0432462
3.04812e-32
0.0394776
1.52729e-32
0.130208
0.109973
0.121484
0.105555
0.105555
0.104054
0.121484
0.0702701
0.130208
0.0923116
0.0779558
1.78163e-32
0.0504127
3.49746e-32
0.0468912
0.0853977
0.0925955
0.126454
0.115435
0.149857
0.136937
0.151914
0.168919
3.49746e-32
0.0504127
0.0468912
1.78163e-32
0.0853977
0.126454
0.0925955
0.115435
0.154166
0.17743
0.149857
0.17743
0.151914
0.168919
0.136937
2.01845e-32
0.057085
3.9147e-32
0.0538106
0.0995493
0.106259
0.14741
0.137113
0.205283
0.187394
0.166416
0.180443
0.2
0.221875
0.23018
0.204205
2.01845e-32
0.057085
3.9147e-32
0.0538106
0.0995493
0.106259
0.14741
0.137113
0.221875
0.205283
0.180443
0.23018
0.166416
0.2
0.187394
2.23775e-32
0.0632631
4.29982e-32
0.0602358
0.112725
0.118947
0.16692
0.157345
0.207069
0.239301
0.222586
0.193994
0.243055
0.263541
0.279733
0.255356
0.0602358
2.23775e-32
0.0632631
4.29982e-32
0.259459
0.287837
0.287837
0.255356
0.118947
0.16692
0.112725
0.157345
0.222586
0.263541
0.279733
0.207069
0.193994
0.243055
0.239301
2.43954e-32
0.0689469
4.65285e-32
0.0661667
0.176133
0.124925
0.130659
0.184985
0.231794
0.270974
0.255431
0.219669
0.283333
0.30243
0.326088
0.30331
0.315315
0.341892
0.349803
0.31932
4.65285e-32
0.0661667
2.43954e-32
0.0689469
0.184985
0.130659
0.176133
0.124925
0.349803
0.341892
0.315315
0.30331
0.255431
0.219669
0.231794
0.270974
0.30243
0.326088
0.283333
2.6238e-32
0.0741364
4.97376e-32
0.0716034
0.136148
0.201604
0.193475
0.141394
0.0716034
0.0741364
4.97376e-32
2.6238e-32
0.254617
0.3003
0.28593
0.243443
0.320833
0.369247
0.348067
0.338541
0.379286
0.392342
0.40777
0.367567
0.415493
0.383195
0.379286
0.415493
0.141394
0.201604
0.193475
0.136148
0.3003
0.254617
0.28593
0.243443
0.40777
0.392342
0.338541
0.367567
0.369247
0.320833
0.348067
2.79056e-32
0.0788318
5.26257e-32
0.0765459
0.146396
0.151154
0.216779
0.209372
0.0765459
0.0788318
5.26257e-32
2.79056e-32
0.275538
0.32728
0.314083
0.265315
0.151154
0.209372
0.216779
0.146396
0.355555
0.371875
0.389628
0.409209
0.435254
0.439189
0.461739
0.416216
0.484346
0.450513
0.476805
0.446696
0.446696
0.484346
0.476805
0.435254
0.265315
0.32728
0.275538
0.314083
0.461739
0.389628
0.409209
0.371875
0.355555
0.416216
0.439189
2.93979e-32
0.0809941
0.0830328
5.51928e-32
0.155668
0.159938
0.230508
0.223824
0.294557
0.351914
0.33989
0.285285
0.0809941
0.0830328
5.51928e-32
2.93979e-32
0.230508
0.159938
0.223824
0.155668
0.3875
0.40243
0.445974
0.427991
0.294557
0.33989
0.285285
0.351914
0.461261
0.482432
0.511711
0.487225
0.505818
0.516992
0.533736
0.548451
0.555818
0.516992
0.52072
0.555818
0.505818
0.533736
0.548451
0.487225
0.40243
0.482432
0.427991
0.3875
0.511711
0.461261
0.445974
3.07151e-32
5.74388e-32
0.084948
0.0867397
0.163964
0.167746
0.242792
0.236831
0.311674
0.374202
0.363351
0.303353
0.084948
0.0867397
5.74388e-32
3.07151e-32
0.416666
0.430208
0.479542
0.463157
0.242792
0.167746
0.236831
0.163964
0.363351
0.374202
0.311674
0.303353
0.522072
0.502702
0.557685
0.535198
0.430208
0.416666
0.463157
0.479542
0.578723
0.56056
0.607807
0.586289
0.589639
0.622184
0.593281
0.629382
0.629382
0.578723
0.589639
0.622184
0.56056
0.535198
0.502702
0.586289
0.522072
0.557685
0.607807
3.18572e-32
0.0899523
5.93637e-32
0.0884077
0.171284
0.174577
0.253631
0.248393
0.326889
0.394144
0.319519
0.384466
0.443055
0.455208
0.509913
0.495127
0.0884077
0.0899523
5.93637e-32
3.18572e-32
0.174577
0.253631
0.248393
0.171284
0.599662
0.558108
0.54054
0.579173
0.394144
0.326889
0.384466
0.319519
0.495127
0.443055
0.455208
0.509913
0.662415
0.635705
0.610923
0.634462
0.54054
0.599662
0.558108
0.579173
0.664121
0.653453
0.697497
0.683445
0.704532
0.66768
0.664121
0.704532
0.635705
0.662415
0.634462
0.653453
0.697497
0.683445
0.610923
3.28241e-32
0.0926706
6.09676e-32
0.0913732
0.177627
0.180433
0.263025
0.258509
0.340202
0.333783
0.41174
0.403235
0.466666
0.47743
0.537087
0.523899
3.28241e-32
6.09676e-32
0.0913732
0.0926706
0.619151
0.574774
0.59054
0.63764
0.177627
0.180433
0.263025
0.258509
0.41174
0.340202
0.403235
0.333783
0.678256
0.712274
0.687938
0.656906
0.523899
0.537087
0.466666
0.47743
0.574774
0.59054
0.619151
0.63764
0.739602
0.760163
0.712162
0.729511
0.712274
0.678256
0.656906
0.687938
0.743419
0.739939
0.78078
0.773901
0.739602
0.78078
0.760163
0.773901
0.729511
0.739939
0.712162
3.36158e-32
0.0948947
6.22504e-32
0.0938444
0.182995
0.185313
0.270974
0.26718
0.346146
0.351614
0.426989
0.419658
0.4875
0.496875
0.561064
0.549475
0.0938444
0.0948947
6.22504e-32
3.36158e-32
0.65513
0.605405
0.619369
0.671621
0.182995
0.26718
0.270974
0.185313
0.757385
0.735423
0.71767
0.698511
0.351614
0.426989
0.419658
0.346146
0.549475
0.561064
0.496875
0.4875
0.790653
0.817379
0.789452
0.765765
0.671621
0.605405
0.619369
0.65513
0.757385
0.71767
0.698511
0.735423
0.816617
0.806418
0.83749
0.850928
0.789452
0.765765
0.817379
0.790653
0.857657
0.820019
0.816617
0.806418
0.850928
0.83749
0.857657
3.42323e-32
0.0966246
6.32122e-32
0.0958214
0.187387
0.189217
0.277477
0.274406
0.0958214
0.0966246
6.32122e-32
3.42323e-32
0.356606
0.361123
0.439893
0.433734
0.505555
0.513541
0.581844
0.571854
0.701604
0.687112
0.632432
0.644594
0.274406
0.187387
0.277477
0.189217
0.752705
0.77816
0.797747
0.735735
0.356606
0.439893
0.433734
0.361123
0.843944
0.836599
0.869147
0.814264
0.581844
0.513541
0.571854
0.505555
0.701604
0.644594
0.632432
0.687112
0.883715
0.895298
0.914977
0.867117
0.797747
0.752705
0.735735
0.77816
0.869147
0.843944
0.814264
0.836599
0.893693
0.897022
0.934712
0.928127
0.883715
0.867117
0.895298
0.914977
0.934712
0.893693
0.928127
3.46737e-32
0.0978602
6.38529e-32
0.0973041
0.190803
0.192145
0.282535
0.280187
0.365165
0.368731
0.45045
0.445465
0.0973041
0.0978602
6.38529e-32
3.46737e-32
0.280187
0.282535
0.190803
0.192145
0.520833
0.52743
0.599427
0.591035
0.666216
0.72759
0.715097
0.655856
0.783361
0.816148
0.833361
0.768581
0.365165
0.445465
0.45045
0.368731
0.877439
0.915465
0.892987
0.857657
0.520833
0.591035
0.52743
0.599427
0.947325
0.972925
0.922034
0.944714
0.715097
0.72759
0.666216
0.655856
0.783361
0.816148
0.768581
0.833361
0.970727
0.992191
1.00507
0.96096
0.892987
0.877439
0.915465
0.857657
0.922034
0.972925
0.944714
0.947325
0.973986
0.96096
1.01151
1.01151
0.970727
0.992191
1.00507
3.49399e-32
0.0986015
6.41725e-32
0.0982926
0.193243
0.194097
0.286148
0.284523
0.371822
0.374437
0.458661
0.454849
0.533333
0.60702
0.538541
0.613813
0.0982926
0.0986015
6.41725e-32
3.49399e-32
0.194097
0.284523
0.286148
0.193243
0.454849
0.458661
0.374437
0.371822
0.684234
0.749577
0.739083
0.675675
0.849387
0.864226
0.797047
0.809637
0.956334
0.93658
0.913175
0.895945
0.60702
0.533333
0.613813
0.538541
0.97117
0.993571
1.02477
0.999612
0.675675
0.684234
0.739083
0.749577
1.02182
1.06872
1.03773
1.04985
0.864226
0.809637
0.849387
0.797047
0.956334
0.913175
0.93658
0.895945
1.08765
1.0473
1.08133
1.05049
0.97117
0.993571
0.999612
1.02477
1.03773
1.02182
1.08765
1.08133
1.04985
1.0473
1.06872
3.50309e-32
0.0988487
6.41711e-32
0.0987869
0.194707
0.195073
0.288316
0.287413
0.376576
0.37824
0.464527
0.461887
0.0987869
0.0988487
6.41711e-32
3.50309e-32
0.543055
0.625003
0.619808
0.546875
0.698648
0.767567
0.759072
0.691892
0.287413
0.288316
0.195073
0.194707
0.461887
0.464527
0.37824
0.376576
0.543055
0.546875
0.619808
0.625003
0.877878
0.821133
0.890343
0.831534
0.991754
0.974725
0.943806
0.929129
1.01453
1.03404
1.07052
1.04841
0.759072
0.691892
0.698648
0.767567
1.1011
1.09804
1.12567
1.07628
0.821133
0.877878
0.890343
0.831534
1.123
1.14417
1.15653
1.11363
0.974725
0.991754
0.943806
0.929129
1.07052
1.03404
1.04841
1.01453
1.16272
1.12613
1.123
1.16272
1.1011
1.07628
1.15653
1.12567
1.09804
1.11363
1.14417
3.49468e-32
0.0986015
6.38486e-32
0.0987869
0.195195
0.195073
0.289039
0.288858
0.379429
0.380142
0.468046
0.46658
0.55
0.55243
0.632995
0.629399
0.0987869
0.0986015
6.38486e-32
3.49468e-32
0.195073
0.288858
0.289039
0.195195
0.709459
0.781559
0.775063
0.704504
0.849052
0.911711
0.901621
0.84084
0.380142
0.379429
0.46658
0.468046
0.629399
0.55
0.632995
0.55243
0.709459
0.704504
0.781559
0.775063
1.00742
1.02172
0.969331
0.957207
1.0521
1.06872
1.11017
1.09111
1.14594
1.12432
1.17593
1.15164
0.84084
0.901621
0.849052
0.911711
1.21817
1.20003
1.18826
1.17297
0.957207
0.969331
1.02172
1.00742
1.19745
1.23029
1.23636
1.20051
1.11017
1.09111
1.0521
1.06872
1.12432
1.14594
1.15164
1.17593
1.19745
1.18826
1.23636
1.23029
1.17297
1.20003
1.21817
3.46875e-32
0.0978602
6.32051e-32
0.0982926
0.194707
0.194097
0.288316
0.288858
0.468926
0.38038
0.380142
0.469219
0.0982926
0.0978602
6.32051e-32
3.46875e-32
0.554166
0.555208
0.637791
0.635792
0.716666
0.791554
0.787056
0.713513
0.194097
0.288858
0.288316
0.194707
0.468926
0.469219
0.38038
0.380142
0.86219
0.928331
0.920615
0.856168
0.989752
1.03467
0.98018
1.04625
0.635792
0.637791
0.555208
0.554166
0.787056
0.713513
0.716666
0.791554
0.928331
0.86219
0.856168
0.920615
1.0839
1.12771
1.14372
1.09762
1.16596
1.18438
1.21948
1.19854
1.24626
1.27255
1.22534
1.2489
0.98018
1.03467
1.04625
0.989752
1.26126
1.27028
1.29035
1.30225
1.0839
1.14372
1.12771
1.09762
1.30821
1.30821
1.27328
1.27028
1.18438
1.21948
1.16596
1.19854
1.30225
1.29035
1.2489
1.22534
1.27255
1.26126
1.24626
3.42531e-32
0.0966246
6.22405e-32
0.0973041
0.193243
0.192145
0.286148
0.287413
0.468046
0.468926
0.379429
0.37824
0.555555
0.555208
0.639389
0.638989
0.0973041
0.0966246
6.22405e-32
3.42531e-32
0.192145
0.287413
0.286148
0.193243
0.72027
0.79755
0.795052
0.718919
0.870949
0.940202
0.93486
0.867117
0.468926
0.468046
0.37824
0.379429
0.638989
0.555555
0.639389
0.555208
1.00507
1.06532
0.998047
1.05646
1.10991
1.15821
1.17117
1.12075
0.72027
0.718919
0.79755
0.795052
0.867117
0.93486
0.940202
0.870949
0.998047
1.05646
1.06532
1.00507
1.2012
1.23874
1.21642
1.25633
1.27072
1.31968
1.29079
1.29702
1.3429
1.31757
1.36039
1.33229
1.10991
1.15821
1.12075
1.17117
1.37793
1.34114
1.34409
1.37207
1.2012
1.21642
1.25633
1.23874
1.34114
1.37793
1.37207
1.33229
1.29702
1.29079
1.27072
1.31968
1.3429
1.31757
1.36039
3.36435e-32
0.0948947
6.09548e-32
0.0958214
0.190803
0.189217
0.282535
0.284523
0.374437
0.464527
0.46658
0.376576
0.0958214
0.0948947
6.09548e-32
3.36435e-32
0.554166
0.55243
0.637791
0.638989
0.72027
0.799549
0.72072
0.799049
0.189217
0.284523
0.282535
0.190803
0.46658
0.464527
0.376576
0.374437
0.875328
0.947325
0.944357
0.873686
1.07281
1.01528
1.07894
1.01081
0.55243
0.554166
0.637791
0.638989
0.72072
0.799049
0.799549
0.72027
1.13014
1.13809
1.18261
1.19252
1.23003
1.24204
1.28649
1.27225
0.875328
0.947325
0.873686
0.944357
1.07894
1.01528
1.01081
1.07281
1.19252
1.13014
1.18261
1.13809
1.30912
1.34053
1.3257
1.35956
1.41077
1.38795
1.38655
1.36636
1.40971
1.42795
1.43944
1.40101
1.23003
1.28649
1.24204
1.27225
1.40971
1.44519
1.41261
1.44519
1.35956
1.34053
1.30912
1.3257
1.40101
1.41077
1.38795
1.42795
1.43944
1.36636
1.38655
3.28587e-32
0.0926706
5.93481e-32
0.0938444
0.187387
0.280187
0.185313
0.277477
0.368731
0.458661
0.461887
0.371822
0.0938444
0.0926706
5.93481e-32
3.28587e-32
0.55
0.546875
0.632995
0.635792
0.185313
0.280187
0.277477
0.187387
0.716666
0.718919
0.79755
0.799049
0.875328
0.949699
0.949106
0.875875
0.371822
0.461887
0.458661
0.368731
0.546875
0.635792
0.55
0.632995
1.08371
1.02038
1.08711
1.01847
1.14965
1.14459
1.20777
1.20091
0.718919
0.79755
0.799049
0.716666
0.949106
0.949699
0.875328
0.875875
1.25245
1.30994
1.29905
1.26126
1.39219
1.34054
1.35363
1.37678
1.08711
1.02038
1.01847
1.08371
1.14459
1.20091
1.20777
1.14965
1.25245
1.26126
1.29905
1.30994
1.43306
1.40766
1.42549
1.4534
1.47585
1.49275
1.46712
1.4529
1.50971
1.47853
1.50405
1.47567
1.37678
1.35363
1.34054
1.39219
1.50971
1.47567
1.50405
1.46712
1.49275
1.43306
1.47585
1.40766
1.4529
1.42549
1.4534
3.18988e-32
0.0899523
5.74204e-32
0.0913732
0.0913732
0.0899523
5.74204e-32
3.18988e-32
0.182995
0.270974
0.274406
0.180433
0.361123
0.45045
0.454849
0.365165
0.543055
0.538541
0.625003
0.629399
0.274406
0.270974
0.182995
0.180433
0.713513
0.709459
0.791554
0.795052
0.454849
0.45045
0.361123
0.365165
0.870949
0.947325
0.949106
0.873686
1.02038
1.08984
1.08916
1.02102
0.538541
0.629399
0.543055
0.625003
0.709459
0.791554
0.713513
0.795052
1.15326
1.15543
1.21692
1.21311
1.26847
1.27407
1.31915
1.32669
0.947325
0.870949
0.873686
0.949106
1.02038
1.02102
1.08916
1.08984
1.36498
1.37458
1.41757
1.40579
1.44144
1.48829
1.45552
1.47181
1.15326
1.21311
1.15543
1.21692
1.26847
1.32669
1.27407
1.31915
1.36498
1.41757
1.40579
1.37458
1.53786
1.51633
1.49681
1.51577
1.56563
1.5545
1.53033
1.53874
1.53874
1.54155
1.5712
1.5712
1.44144
1.47181
1.48829
1.45552
1.56563
1.51633
1.53033
1.5545
1.51577
1.53786
1.49681
3.07637e-32
0.0867397
5.51715e-32
0.0884077
0.177627
0.174577
0.263025
0.26718
0.0884077
0.0867397
5.51715e-32
3.07637e-32
0.26718
0.263025
0.177627
0.174577
0.351614
0.439893
0.445465
0.356606
0.533333
0.52743
0.613813
0.619808
0.704504
0.698648
0.781559
0.787056
0.356606
0.351614
0.445465
0.439893
0.86219
0.940202
0.944357
0.867117
0.619808
0.613813
0.533333
0.52743
1.01528
1.08711
1.08916
1.01847
1.15616
1.21997
1.21921
1.15543
0.704504
0.781559
0.698648
0.787056
0.940202
0.944357
0.86219
0.867117
1.28048
1.33674
1.27808
1.33255
1.38243
1.38854
1.4357
1.42754
1.08711
1.01847
1.08916
1.01528
1.15543
1.21921
1.15616
1.21997
1.46772
1.47804
1.51542
1.50282
1.55734
1.57477
1.53273
1.5477
1.33255
1.27808
1.28048
1.33674
1.38854
1.38243
1.4357
1.42754
1.46772
1.51542
1.50282
1.47804
1.61294
1.59654
1.57657
1.59036
1.60141
1.59865
1.6239
1.62939
1.59865
1.62939
1.59036
1.6239
1.53273
1.57657
1.57477
1.5477
1.59654
1.61294
1.55734
2.94534e-32
0.084948
0.0830328
5.26016e-32
0.171284
0.167746
0.253631
0.258509
0.340202
0.426989
0.433734
0.346146
0.084948
0.0830328
5.26016e-32
2.94534e-32
0.167746
0.258509
0.253631
0.171284
0.433734
0.426989
0.340202
0.346146
0.520833
0.513541
0.599427
0.60702
0.691892
0.684234
0.767567
0.775063
0.856168
0.849052
0.928331
0.93486
0.513541
0.60702
0.520833
0.599427
1.00507
1.07894
1.08371
1.01081
0.691892
0.767567
0.775063
0.684234
1.21921
1.15326
1.14965
1.21692
1.34009
1.28128
1.28048
1.33925
0.849052
0.856168
0.93486
0.928331
1.01081
1.08371
1.07894
1.00507
1.3929
1.44657
1.44204
1.39552
1.48648
1.53479
1.49305
1.52607
1.21921
1.15326
1.14965
1.21692
1.34009
1.28048
1.33925
1.28128
1.60348
1.59015
1.57165
1.56067
1.63018
1.61441
1.63337
1.65165
1.3929
1.44657
1.44204
1.39552
1.48648
1.53479
1.49305
1.52607
1.59015
1.56067
1.60348
1.57165
1.64696
1.67863
1.65513
1.66782
1.68404
1.68404
1.65785
1.65513
1.64696
1.65165
1.66782
1.67863
1.63018
1.63337
1.61441
2.7968e-32
4.97107e-32
0.0809941
0.0788318
0.163964
0.159938
0.242792
0.248393
0.326889
0.41174
0.419658
0.333784
0.0809941
0.0788318
4.97107e-32
2.7968e-32
0.505555
0.496875
0.581844
0.591035
0.159938
0.248393
0.242792
0.163964
0.333784
0.326889
0.419658
0.41174
0.496875
0.591035
0.581844
0.505555
0.675675
0.666216
0.749577
0.759072
0.831534
0.911711
0.920615
0.84084
0.989752
1.06532
1.07281
0.998047
0.675675
0.759072
0.749577
0.666216
1.14459
1.20777
1.21311
1.13809
0.911711
0.920615
0.831534
0.84084
1.27407
1.33674
1.27808
1.33925
1.4502
1.39639
1.39552
1.44929
1.06532
0.989752
0.998047
1.07281
1.21311
1.14459
1.20777
1.13809
1.54158
1.49775
1.50056
1.54642
1.58761
1.61476
1.58063
1.62398
1.27407
1.33674
1.27808
1.33925
1.4502
1.39552
1.39639
1.44929
1.68176
1.66778
1.6554
1.64384
1.70295
1.68648
1.69989
1.71891
1.49775
1.54642
1.54158
1.50056
1.62398
1.61476
1.58063
1.58761
1.64384
1.66778
1.6554
1.68176
1.71064
1.70795
1.72959
1.73493
1.73493
1.70795
1.69989
1.71891
1.72959
1.70295
1.68648
2.63074e-32
0.0741364
4.64987e-32
0.0765459
0.0765459
0.0741364
4.64987e-32
2.63074e-32
0.155668
0.151154
0.230508
0.236831
0.311674
0.394144
0.403235
0.319519
0.4875
0.47743
0.561064
0.571854
0.236831
0.230508
0.155668
0.151154
0.655856
0.644594
0.72759
0.739083
0.403235
0.311674
0.394144
0.319519
0.561064
0.47743
0.571854
0.4875
0.655856
0.739083
0.72759
0.644594
0.821133
0.809637
0.890343
0.901621
0.969331
1.04625
1.05646
0.98018
1.13014
1.20091
1.12075
1.19252
0.890343
0.901621
0.809637
0.821133
1.26126
1.33255
1.26847
1.32669
0.969331
0.98018
1.05646
1.04625
1.44657
1.44929
1.3929
1.38854
1.54933
1.5015
1.5503
1.50056
1.20091
1.13014
1.12075
1.19252
1.33255
1.26847
1.26126
1.32669
1.5956
1.63629
1.63116
1.5926
1.67222
1.69358
1.70326
1.66486
1.38854
1.3929
1.44929
1.44657
1.5503
1.50056
1.5015
1.54933
1.75025
1.7293
1.7357
1.71723
1.74894
1.75691
1.77657
1.76602
1.5926
1.5956
1.63116
1.63629
1.66486
1.67222
1.70326
1.69358
1.7293
1.75025
1.71723
1.7357
1.75957
1.78186
1.78186
1.75691
1.76602
1.77657
1.74894
2.44716e-32
0.0689469
4.29656e-32
0.0716034
2.44716e-32
0.0716034
0.0689469
4.29656e-32
0.146396
0.141394
0.216779
0.223824
0.223824
0.216779
0.146396
0.141394
0.303353
0.294557
0.374202
0.384466
0.466666
0.455208
0.537087
0.549475
0.632432
0.619369
0.701604
0.715097
0.384466
0.374202
0.294557
0.303353
0.797047
0.783361
0.864226
0.877878
0.455208
0.549475
0.537087
0.466666
0.632432
0.715097
0.701604
0.619369
0.783361
0.797047
0.877878
0.864226
0.943806
1.02172
1.03467
0.957207
1.10991
1.17117
1.09762
1.18261
1.31915
1.25245
1.24204
1.30994
0.943806
1.02172
1.03467
0.957207
1.44204
1.37458
1.38243
1.4357
1.09762
1.18261
1.17117
1.10991
1.54642
1.54933
1.49305
1.49775
1.5956
1.63936
1.64039
1.59659
1.31915
1.30994
1.24204
1.25245
1.38243
1.44204
1.37458
1.4357
1.71617
1.67747
1.68063
1.71079
1.74687
1.77263
1.76256
1.73918
1.54642
1.49775
1.49305
1.54933
1.59659
1.63936
1.5956
1.64039
1.78083
1.79392
1.80896
1.79335
1.8018
1.80443
1.81939
1.82462
1.68063
1.67747
1.71079
1.71617
1.77263
1.73918
1.76256
1.74687
1.82462
1.78083
1.81939
1.8018
1.79392
1.80896
1.79335
0.0661667
0.0632631
3.91115e-32
2.24607e-32
2.24607e-32
0.0632631
3.91115e-32
0.0661667
0.136148
0.130659
0.201604
0.209372
0.136148
0.130659
0.209372
0.201604
0.275538
0.351914
0.363351
0.285285
0.363351
0.351914
0.275538
0.285285
0.443055
0.430208
0.509913
0.523899
0.605405
0.59054
0.671621
0.687112
0.768581
0.752705
0.833361
0.849387
0.509913
0.430208
0.523899
0.443055
0.929129
0.913175
0.991754
1.00742
0.59054
0.605405
0.687112
0.671621
0.833361
0.768581
0.849387
0.752705
0.929129
1.00742
0.991754
0.913175
1.15821
1.0839
1.06872
1.14372
1.29905
1.23003
1.28649
1.21642
1.42754
1.35363
1.41757
1.36498
1.15821
1.14372
1.0839
1.06872
1.54158
1.47804
1.53479
1.48648
1.29905
1.21642
1.23003
1.28649
1.58761
1.63629
1.5926
1.63936
1.71939
1.72047
1.68168
1.68063
1.42754
1.41757
1.35363
1.36498
1.47804
1.48648
1.54158
1.53479
1.75565
1.78606
1.78046
1.75236
1.81157
1.82168
1.83209
1.8036
1.5926
1.63629
1.63936
1.58761
1.68063
1.68168
1.71939
1.72047
1.83464
1.84755
1.85788
1.84244
1.84244
1.84504
1.86306
1.86306
1.78046
1.75236
1.78606
1.75565
1.81157
1.83209
1.82168
1.85788
1.84755
1.8036
1.83464
0.0602358
0.057085
3.49363e-32
2.02746e-32
0.193475
0.184985
0.124925
0.118947
2.02746e-32
0.057085
3.49363e-32
0.0602358
0.124925
0.118947
0.184985
0.193475
0.254617
0.32728
0.33989
0.265315
0.32728
0.254617
0.265315
0.33989
0.416666
0.40243
0.479542
0.495127
0.40243
0.495127
0.479542
0.416666
0.574774
0.558108
0.63764
0.65513
0.735735
0.71767
0.797747
0.816148
0.877439
0.956334
0.974725
0.895945
0.558108
0.574774
0.65513
0.63764
1.0521
1.03404
1.11017
1.12771
0.71767
0.797747
0.735735
0.816148
0.956334
0.895945
0.974725
0.877439
1.03404
1.12771
1.0521
1.11017
1.18438
1.2012
1.25633
1.27225
1.40579
1.3257
1.39219
1.34054
1.51542
1.45552
1.52607
1.46772
1.27225
1.25633
1.18438
1.2012
1.57165
1.63116
1.62398
1.58063
1.3257
1.34054
1.40579
1.39219
1.71617
1.67222
1.71939
1.67747
1.75675
1.79054
1.78942
1.75565
1.52607
1.51542
1.46772
1.45552
1.63116
1.58063
1.57165
1.62398
1.84019
1.81726
1.82068
1.84597
1.86631
1.8581
1.88164
1.87095
1.71617
1.67747
1.67222
1.71939
1.75675
1.79054
1.78942
1.75565
1.88125
1.89189
1.87867
1.89702
1.87867
1.89189
1.87095
1.89702
1.84019
1.82068
1.84597
1.81726
1.88164
1.86631
1.8581
0.0538106
0.0504127
3.04401e-32
1.79133e-32
0.176133
0.16692
0.112725
0.106259
1.79133e-32
0.0504127
3.04401e-32
0.0538106
0.314083
0.3003
0.231794
0.243443
0.112725
0.106259
0.16692
0.176133
0.231794
0.3003
0.314083
0.243443
0.3875
0.371875
0.445974
0.463157
0.463157
0.445974
0.3875
0.371875
0.54054
0.522072
0.599662
0.619151
0.54054
0.619151
0.599662
0.522072
0.698511
0.678256
0.757385
0.77816
0.857657
0.836599
0.915465
0.93658
1.01453
0.993571
1.07052
1.09111
0.757385
0.698511
0.77816
0.678256
1.23874
1.16596
1.21948
1.14594
0.836599
0.915465
0.93658
0.857657
0.993571
1.09111
1.07052
1.01453
1.23874
1.14594
1.16596
1.21948
1.35956
1.29079
1.37678
1.30912
1.48829
1.50282
1.42549
1.44144
1.61476
1.5477
1.60348
1.56067
1.29079
1.37678
1.35956
1.30912
1.6554
1.70326
1.71079
1.66486
1.42549
1.48829
1.50282
1.44144
1.74687
1.78606
1.75236
1.78942
1.82182
1.82068
1.84944
1.85059
1.56067
1.5477
1.61476
1.60348
1.71079
1.66486
1.70326
1.6554
1.88995
1.89589
1.8757
1.87218
1.91036
1.9027
1.9111
1.92128
1.75236
1.78606
1.74687
1.78942
1.85059
1.82182
1.82068
1.84944
1.91292
1.91036
1.92637
1.92637
1.88995
1.8757
1.9027
1.92128
1.87218
1.89589
1.9111
0.0468912
0.0432462
2.56228e-32
1.53769e-32
0.157345
0.14741
0.0995493
0.0925955
1.53769e-32
0.0432462
2.56228e-32
0.0468912
0.28593
0.270974
0.207069
0.219669
0.0995493
0.0925955
0.14741
0.157345
0.427991
0.409209
0.355555
0.338541
0.207069
0.270974
0.28593
0.219669
0.355555
0.338541
0.409209
0.427991
0.502702
0.482432
0.557685
0.579173
0.502702
0.579173
0.557685
0.482432
0.656907
0.634462
0.712274
0.735423
0.634462
0.656907
0.735423
0.712274
0.790653
0.869147
0.892987
0.814264
0.971171
0.947325
1.02477
1.04841
1.12432
1.19854
1.1011
1.17593
0.790653
0.892987
0.869147
0.814264
1.2489
1.34053
1.31968
1.27072
0.947325
1.02477
1.04841
0.971171
1.17593
1.1011
1.19854
1.12432
1.31968
1.2489
1.27072
1.34053
1.47181
1.38795
1.4534
1.40766
1.51577
1.59015
1.57477
1.53273
1.63018
1.68176
1.69358
1.64384
1.4534
1.47181
1.38795
1.40766
1.77263
1.7293
1.73918
1.78046
1.59015
1.53273
1.51577
1.57477
1.81157
1.84597
1.81726
1.84944
1.90064
1.87687
1.8757
1.89946
1.69358
1.63018
1.64384
1.68176
1.77263
1.73918
1.78046
1.7293
1.91711
1.92977
1.93583
1.92071
1.94594
1.93738
1.93992
1.95101
1.84944
1.81157
1.84597
1.81726
1.87687
1.89946
1.8757
1.90064
1.92071
1.92977
1.93583
1.93738
1.95101
1.94594
1.91711
0.0394776
0.0355854
2.04844e-32
1.26653e-32
0.137113
0.126454
0.0853977
0.0779558
1.26653e-32
0.0355854
2.04844e-32
0.0394776
0.255431
0.239301
0.180443
0.193994
0.0853977
0.0779558
0.126454
0.137113
0.389628
0.369247
0.320833
0.30243
0.180443
0.239301
0.255431
0.193994
0.461261
0.535198
0.511711
0.439189
0.320833
0.30243
0.369247
0.389628
0.461261
0.439189
0.511711
0.535198
0.610923
0.586289
0.662415
0.687938
0.610923
0.687938
0.586289
0.662415
0.765765
0.739602
0.817379
0.843944
0.817379
0.739602
0.765765
0.843944
0.922034
0.895298
0.972925
0.999612
1.15164
1.07628
1.04985
1.12567
1.27255
1.29702
1.20003
1.22534
0.895298
0.999612
0.972925
0.922034
1.3429
1.41077
1.43306
1.36636
1.12567
1.04985
1.15164
1.07628
1.27255
1.20003
1.29702
1.22534
1.3429
1.41077
1.36636
1.43306
1.55734
1.53786
1.47585
1.49681
1.59654
1.65165
1.66778
1.61441
1.75025
1.71723
1.76256
1.70295
1.55734
1.53786
1.47585
1.49681
1.8036
1.79335
1.84019
1.83209
1.65165
1.61441
1.59654
1.66778
1.89589
1.86631
1.87218
1.89946
1.94068
1.93947
1.92192
1.92071
1.70295
1.75025
1.71723
1.76256
1.83209
1.84019
1.8036
1.79335
1.95963
1.96579
1.95206
1.95573
1.96216
1.97083
1.97083
1.95963
1.87218
1.89589
1.89946
1.86631
1.93947
1.96579
1.92192
1.94068
1.95573
1.95206
1.92071
0.0315697
0.0274304
1.5025e-32
9.77855e-33
9.77855e-33
0.0274304
1.5025e-32
0.0315697
0.115435
0.104054
0.0702701
0.0623402
0.222586
0.205283
0.151914
0.166416
0.0702701
0.0623402
0.104054
0.115435
0.263541
0.348067
0.326088
0.283333
0.151914
0.205283
0.222586
0.166416
0.416216
0.487225
0.461739
0.392342
0.283333
0.263541
0.326088
0.348067
0.56056
0.635705
0.607807
0.533736
0.416216
0.392342
0.461739
0.487225
0.56056
0.533736
0.607807
0.635705
0.712162
0.683445
0.760163
0.789452
0.712162
0.789452
0.760163
0.683445
0.867117
0.83749
0.914977
0.944714
0.944714
0.83749
0.914977
0.867117
1.09804
1.02182
1.06872
0.992191
1.14417
1.17297
1.24626
1.21817
1.29035
1.38655
1.36039
1.31757
1.06872
0.992191
1.09804
1.02182
1.42795
1.51633
1.49275
1.4529
1.14417
1.21817
1.17297
1.24626
1.36039
1.29035
1.38655
1.31757
1.51633
1.42795
1.49275
1.4529
1.63337
1.5545
1.61294
1.57657
1.71891
1.66782
1.7357
1.68648
1.78083
1.76602
1.80896
1.82168
1.5545
1.61294
1.63337
1.57657
1.84755
1.88995
1.8581
1.88164
1.66782
1.7357
1.68648
1.71891
1.9111
1.93583
1.91711
1.93947
1.97071
1.95573
1.95695
1.96948
1.78083
1.82168
1.80896
1.76602
1.8581
1.88164
1.84755
1.88995
1.98576
1.97954
1.97702
1.98074
1.98074
1.96948
1.97702
1.98576
1.93583
1.91711
1.9111
1.93947
1.95695
1.97071
1.95573
6.71664e-33
0.0187811
9.24457e-33
0.0231675
0.0231675
0.0187811
9.24457e-33
6.71664e-33
0.0923116
0.0802081
0.0541665
0.0457486
0.0541665
0.0457486
0.0802081
0.0923116
0.187394
0.168919
0.121484
0.136937
0.30331
0.279733
0.243055
0.221875
0.121484
0.168919
0.136937
0.187394
0.367567
0.435254
0.40777
0.341892
0.243055
0.221875
0.279733
0.30331
0.505818
0.578723
0.476805
0.548451
0.367567
0.341892
0.40777
0.435254
0.653453
0.729511
0.697497
0.622184
0.505818
0.476805
0.548451
0.578723
0.653453
0.622184
0.697497
0.729511
0.806418
0.773902
0.850928
0.883715
0.806418
0.883715
0.773902
0.850928
0.928127
1.00507
0.96096
1.03773
0.928127
1.03773
1.00507
0.96096
1.15653
1.18826
1.08133
1.11363
1.23029
1.33229
1.26126
1.30225
1.37207
1.43944
1.46712
1.40101
1.15653
1.08133
1.18826
1.11363
1.50405
1.59036
1.56563
1.53033
1.30225
1.23029
1.26126
1.33229
1.46712
1.37207
1.43944
1.40101
1.56563
1.50405
1.59036
1.53033
1.67863
1.69989
1.6239
1.64696
1.77657
1.72959
1.79392
1.74894
1.83464
1.85788
1.87095
1.81939
1.6239
1.69989
1.64696
1.67863
1.9027
1.92128
1.89189
1.92977
1.74894
1.77657
1.79392
1.72959
1.95206
1.96948
1.94594
1.96579
1.99073
1.98074
1.98949
1.98197
1.81939
1.83464
1.87095
1.85788
1.9027
1.92977
1.92128
1.89189
1.98949
1.992
1.99574
1.99574
1.96579
1.99073
1.98197
1.96948
1.95206
1.94594
1.98074
0.0142711
0.00963761
3.14308e-33
3.47957e-33
3.47957e-33
0.00963761
3.14308e-33
0.0142711
0.0370869
0.0281811
0.0549172
0.0677432
0.0677432
0.0549172
0.0370869
0.0281811
0.149857
0.130208
0.0891514
0.105555
0.0891514
0.105555
0.130208
0.149857
0.255356
0.23018
0.2
0.17743
0.315315
0.379286
0.349803
0.287838
0.2
0.17743
0.23018
0.255356
0.446696
0.516992
0.484346
0.415493
0.315315
0.287838
0.349803
0.379286
0.589639
0.664121
0.629382
0.555818
0.446696
0.415493
0.484346
0.516992
0.739939
0.816617
0.78078
0.704532
0.589639
0.555818
0.629382
0.664121
0.816617
0.739939
0.704532
0.78078
0.857657
0.934712
0.970727
0.893693
0.893693
0.970727
0.857657
0.934712
1.123
1.01151
1.0473
1.08765
1.123
1.01151
1.08765
1.0473
1.16272
1.23636
1.27028
1.19745
1.30821
1.37793
1.40971
1.34114
1.50971
1.53874
1.44519
1.47567
1.23636
1.16272
1.27028
1.19745
1.5712
1.65513
1.62939
1.59865
1.40971
1.37793
1.30821
1.34114
1.44519
1.53874
1.47567
1.50971
1.5712
1.65513
1.62939
1.59865
1.70795
1.68404
1.73493
1.75691
1.8018
1.78186
1.84244
1.82462
1.91036
1.86306
1.87867
1.89702
1.73493
1.75691
1.68404
1.70795
1.95963
1.95101
1.93738
1.92637
1.78186
1.82462
1.8018
1.84244
1.97083
1.97702
1.98949
1.98576
1.99949
1.99699
1.99574
2.00074
1.89702
1.86306
1.87867
1.91036
1.92637
1.93738
1.95963
1.95101
1.99574
1.98949
1.99699
2.00074
1.97083
1.98576
1.97702
8.15742e-35
0.00488055
0.00488055
8.15742e-35
0.0417297
0.0190314
0.0190314
0.0417297
0.109973
0.072272
0.072272
0.109973
0.154166
0.204205
0.154166
0.204205
0.259459
0.31932
0.383195
0.450513
0.259459
0.31932
0.52072
0.593281
0.450513
0.383195
0.66768
0.743419
0.593281
0.52072
0.820019
0.897022
0.66768
0.743419
0.820019
0.897022
0.973986
1.05049
0.973986
1.05049
1.12613
1.20051
1.20051
1.12613
1.27328
1.34409
1.41261
1.47853
1.60141
1.54155
1.34409
1.27328
1.71064
1.65785
1.47853
1.41261
1.54155
1.60141
1.71064
1.65785
1.75957
1.80443
1.88125
1.84504
1.93992
1.91292
1.75957
1.80443
1.97954
1.96216
1.88125
1.84504
1.99949
1.992
2.00199
1.99949
1.91292
1.93992
1.96216
1.992
1.97954
0.857657
1.16272
1.08765
0.00963761
0.934712
1.01151
0.934712
1.01151
0.857657
0.130208
0.17743
0.78078
1.08765
0.287838
0.704532
0.629382
1.16272
0.555818
0.484346
1.23636
0.415493
0.349803
1.30821
0.23018
1.37793
1.44519
0.0891514
0.0549172
1.50971
0.0281811
1.5712
1.62939
0.00963761
1.23636
1.30821
1.68404
1.73493
1.44519
1.78186
0.0281811
1.82462
1.86306
0.0549172
1.89702
1.92637
0.0891514
1.95101
1.97083
0.130208
1.86306
1.98576
1.89702
1.99574
0.17743
2.00074
2.00074
0.23018
1.99574
1.98576
0.287838
1.97083
1.95101
0.349803
1.92637
0.415493
1.82462
0.484346
1.78186
1.73493
0.555818
1.68404
1.62939
0.629382
1.5712
1.50971
0.704532
1.37793
0.78078
3.14308e-33
3.14308e-33
3.47957e-33
0.0142711
0.0142711
3.47957e-33
0.0677432
0.0370869
0.0370869
0.0677432
0.105555
0.149857
0.105555
0.149857
0.255356
0.2
0.2
0.255356
0.379286
0.315315
0.516992
0.446696
0.315315
0.379286
0.589639
0.664121
0.516992
0.446696
0.816617
0.739939
0.589639
0.664121
0.893693
0.970727
0.739939
0.816617
0.893693
0.970727
1.123
1.0473
1.123
1.0473
1.19745
1.27028
1.27028
1.19745
1.40971
1.34114
1.53874
1.47567
1.59865
1.65513
1.34114
1.40971
1.75691
1.70795
1.53874
1.47567
1.65513
1.59865
1.70795
1.75691
1.8018
1.84244
1.91036
1.87867
1.93738
1.95963
1.84244
1.8018
1.98949
1.97702
1.91036
1.87867
1.99949
1.99699
1.99699
1.98949
1.95963
1.93738
1.97702
1.08133
1.00507
1.00507
0.928127
1.08133
0.850928
0.0802081
0.773902
0.697497
1.15653
0.622184
1.23029
0.548451
0.476805
0.40777
1.30225
0.341892
1.37207
0.279733
0.221875
0.168919
1.43944
0.121484
1.50405
0.0457486
0.0187811
1.56563
1.6239
0.0187811
1.67863
1.15653
1.72959
1.77657
1.30225
0.0457486
1.81939
1.85788
1.50405
1.89189
0.0802081
1.92128
0.121484
1.94594
1.96579
1.98074
1.77657
0.168919
1.99073
0.221875
1.89189
1.99574
1.99574
1.99073
0.279733
1.98074
0.341892
1.96579
1.94594
1.92128
0.40777
0.476805
1.85788
1.81939
0.548451
1.72959
0.622184
1.67863
1.6239
1.56563
0.697497
0.773902
1.43944
1.37207
0.850928
1.23029
0.928127
9.24457e-33
9.24457e-33
6.71664e-33
0.0231675
0.0231675
6.71664e-33
0.0923116
0.0541665
0.0541665
0.0923116
0.136937
0.187394
0.187394
0.136937
0.30331
0.243055
0.243055
0.30331
0.435254
0.367567
0.505818
0.578723
0.367567
0.435254
0.653453
0.729511
0.578723
0.505818
0.806418
0.883715
0.729511
0.653453
1.03773
0.96096
0.806418
0.883715
1.03773
0.96096
1.11363
1.18826
1.18826
1.11363
1.33229
1.26126
1.26126
1.33229
1.46712
1.40101
1.59036
1.53033
1.64696
1.69989
1.46712
1.40101
1.74894
1.79392
1.53033
1.59036
1.69989
1.64696
1.74894
1.79392
1.83464
1.87095
1.9027
1.92977
1.95206
1.96948
1.87095
1.83464
1.98949
1.98197
1.9027
1.92977
1.992
1.98949
1.98197
1.95206
1.96948
1.06872
0.914977
1.14417
0.0274304
0.83749
0.760163
0.683445
1.21817
0.607807
0.205283
0.263541
1.29035
0.533736
0.461739
0.392342
1.36039
0.326088
1.42795
0.151914
1.49275
0.104054
1.5545
0.0623402
1.61294
1.66782
0.0274304
1.71891
1.06872
1.76602
0.0623402
1.80896
1.84755
1.88164
1.36039
1.42795
0.104054
1.9111
0.151914
1.93583
1.95573
1.97071
0.205283
1.71891
1.98074
0.263541
1.80896
1.84755
1.98576
1.98576
1.98074
0.326088
1.97071
0.392342
1.95573
1.93583
1.9111
0.461739
1.88164
0.533736
1.76602
0.607807
0.683445
1.66782
1.61294
1.5545
0.760163
1.49275
0.83749
1.29035
0.914977
1.21817
0.992191
1.14417
0.992191
1.5025e-32
1.5025e-32
9.77855e-33
0.0315697
0.0315697
9.77855e-33
0.0702701
0.115435
0.0702701
0.115435
0.166416
0.222586
0.222586
0.166416
0.348067
0.283333
0.283333
0.348067
0.416216
0.487225
0.56056
0.635705
0.416216
0.487225
0.712162
0.789452
0.635705
0.56056
0.944714
0.867117
0.712162
0.789452
1.09804
1.02182
0.867117
0.944714
1.09804
1.02182
1.24626
1.17297
1.24626
1.17297
1.31757
1.38655
1.38655
1.31757
1.51633
1.4529
1.63337
1.57657
1.68648
1.7357
1.4529
1.51633
1.78083
1.82168
1.57657
1.63337
1.7357
1.68648
1.78083
1.82168
1.88995
1.8581
1.91711
1.93947
1.95695
1.96948
1.8581
1.88995
1.97954
1.97702
1.93947
1.91711
1.97702
1.96948
1.95695
1.20003
0.739602
0.662415
1.27255
0.586289
0.511711
1.3429
0.439189
0.369247
1.41077
0.30243
0.239301
1.47585
0.180443
0.126454
1.53786
0.0779558
0.0355854
1.59654
1.65165
0.0355854
0.817379
0.895298
1.70295
1.75025
1.04985
1.79335
0.0779558
1.83209
1.86631
0.126454
1.89589
1.92071
0.180443
1.94068
1.95573
0.239301
1.59654
1.96579
1.65165
1.97083
0.30243
1.97083
1.96579
0.369247
1.83209
1.86631
1.95573
1.94068
0.439189
1.92071
1.89589
0.511711
0.586289
1.79335
1.75025
0.662415
1.70295
0.739602
1.53786
0.817379
1.47585
1.41077
0.895298
1.3429
1.27255
0.972925
1.20003
1.12567
1.04985
0.972925
1.12567
2.04844e-32
2.04844e-32
1.26653e-32
0.0394776
0.0394776
1.26653e-32
0.137113
0.0853977
0.0853977
0.137113
0.255431
0.193994
0.193994
0.255431
0.389628
0.320833
0.320833
0.389628
0.535198
0.461261
0.610923
0.687938
0.535198
0.461261
0.843944
0.765765
0.610923
0.687938
0.999612
0.922034
0.843944
0.765765
1.15164
1.07628
0.999612
0.922034
1.07628
1.15164
1.29702
1.22534
1.22534
1.29702
1.43306
1.36636
1.36636
1.43306
1.55734
1.49681
1.66778
1.61441
1.71723
1.76256
1.49681
1.55734
1.84019
1.8036
1.61441
1.66778
1.76256
1.71723
1.84019
1.8036
1.87218
1.89946
1.92192
1.93947
1.95206
1.95963
1.89946
1.87218
1.95963
1.96216
1.92192
1.95206
1.93947
0.634462
0.557685
1.31968
0.482432
1.38795
0.409209
0.338541
0.270974
1.4534
0.207069
1.51577
0.14741
0.0925955
0.0432462
1.57477
1.63018
0.0432462
1.68176
0.712274
1.7293
1.77263
0.869147
0.0925955
1.81157
1.84597
1.1011
1.8757
0.14741
1.90064
0.207069
1.92071
1.93583
1.94594
1.4534
0.270974
1.95101
0.338541
1.63018
1.95101
1.94594
1.93583
0.409209
1.77263
1.92071
0.482432
1.90064
1.8757
1.84597
0.557685
1.81157
0.634462
1.7293
1.68176
0.712274
0.790653
1.57477
1.51577
0.869147
1.38795
0.947325
1.31968
1.2489
1.17593
1.02477
1.1011
1.02477
0.947325
1.17593
0.790653
1.2489
2.56228e-32
2.56228e-32
1.53769e-32
0.0468912
0.0468912
1.53769e-32
0.157345
0.0995493
0.0995493
0.157345
0.28593
0.219669
0.28593
0.219669
0.355555
0.427991
0.355555
0.427991
0.502702
0.579173
0.656907
0.735423
0.502702
0.579173
0.892987
0.814264
0.735423
0.656907
1.04841
0.971171
0.892987
0.814264
1.19854
1.12432
1.04841
0.971171
1.12432
1.19854
1.34053
1.27072
1.34053
1.27072
1.47181
1.40766
1.47181
1.40766
1.59015
1.53273
1.64384
1.69358
1.78046
1.73918
1.53273
1.59015
1.81726
1.84944
1.69358
1.64384
1.73918
1.78046
1.84944
1.81726
1.89946
1.87687
1.92977
1.91711
1.93738
1.93992
1.87687
1.89946
1.92977
1.93738
1.91711
1.35956
0.445974
1.42549
0.371875
0.3003
0.231794
1.48829
0.16692
1.5477
0.106259
0.0504127
1.60348
1.6554
0.0504127
1.70326
0.599662
1.74687
0.106259
1.78606
1.82068
1.85059
0.915465
0.993571
0.16692
1.8757
0.231794
1.89589
1.9111
1.92128
0.3003
1.35956
1.92637
0.371875
1.48829
1.5477
1.92637
1.92128
1.9111
0.445974
1.70326
1.89589
0.522072
1.8757
1.85059
1.82068
0.599662
1.78606
0.678256
1.74687
1.6554
0.757385
1.60348
0.836599
1.42549
0.915465
0.993571
1.29079
1.21948
1.14594
1.07052
1.07052
1.14594
0.836599
1.21948
0.757385
1.29079
0.678256
0.522072
3.04401e-32
3.04401e-32
1.79133e-32
0.0538106
0.0538106
1.79133e-32
0.112725
0.176133
0.112725
0.176133
0.314083
0.243443
0.243443
0.314083
0.3875
0.463157
0.3875
0.463157
0.619151
0.54054
0.77816
0.698511
0.54054
0.619151
0.857657
0.93658
0.698511
0.77816
1.01453
1.09111
0.857657
0.93658
1.16596
1.23874
1.09111
1.01453
1.16596
1.23874
1.37678
1.30912
1.37678
1.30912
1.50282
1.44144
1.44144
1.50282
1.61476
1.56067
1.71079
1.66486
1.75236
1.78942
1.56067
1.61476
1.84944
1.82182
1.71079
1.66486
1.75236
1.78942
1.84944
1.82182
1.88995
1.87218
1.91036
1.9027
1.91292
1.91036
1.87218
1.9027
1.88995
1.45552
0.254617
0.184985
1.51542
0.118947
0.057085
1.57165
1.62398
0.057085
0.32728
0.40243
1.67222
1.71617
0.558108
1.75565
0.118947
1.79054
1.82068
0.184985
1.84597
1.86631
0.254617
1.88164
1.89189
0.32728
1.18438
1.89702
1.25633
1.89702
0.40243
1.89189
1.88164
0.479542
1.51542
1.57165
1.86631
1.84597
0.558108
1.82068
1.79054
0.63764
1.75565
1.71617
0.71767
1.67222
1.62398
0.797747
0.877439
1.45552
1.39219
0.956334
1.3257
1.03404
1.11017
1.11017
1.03404
0.956334
1.18438
0.877439
0.797747
1.25633
0.71767
0.63764
1.3257
0.479542
1.39219
3.49363e-32
3.49363e-32
2.02746e-32
0.0602358
0.0602358
2.02746e-32
0.193475
0.124925
0.124925
0.193475
0.265315
0.33989
0.33989
0.265315
0.495127
0.416666
0.416666
0.495127
0.574774
0.65513
0.735735
0.816148
0.574774
0.65513
0.974725
0.895945
0.816148
0.735735
1.0521
1.12771
0.895945
0.974725
1.2012
1.27225
1.0521
1.12771
1.27225
1.2012
1.40579
1.34054
1.34054
1.40579
1.46772
1.52607
1.52607
1.46772
1.63116
1.58063
1.71939
1.67747
1.78942
1.75675
1.63116
1.58063
1.81726
1.84019
1.71939
1.67747
1.75675
1.78942
1.84019
1.81726
1.8581
1.87095
1.88125
1.87867
1.87867
1.87095
1.8581
0.130659
0.0632631
1.53479
1.58761
0.0632631
1.63629
0.201604
1.68063
1.72047
0.351914
0.130659
1.75565
1.78606
0.59054
1.81157
0.201604
1.83209
0.275538
1.84755
1.85788
1.86306
0.991754
0.351914
1.86306
0.430208
1.21642
1.85788
1.84755
1.83209
0.509913
1.41757
1.81157
0.59054
1.78606
1.75565
1.72047
0.671621
1.68063
0.752705
1.63629
1.58761
1.53479
0.833361
1.47804
0.913175
1.35363
1.28649
0.991754
1.06872
1.14372
1.06872
1.14372
0.913175
1.21642
0.833361
0.752705
0.671621
1.28649
1.35363
0.509913
0.430208
1.41757
0.275538
1.47804
3.91115e-32
3.91115e-32
2.24607e-32
0.0661667
0.0661667
2.24607e-32
0.136148
0.209372
0.136148
0.209372
0.363351
0.285285
0.363351
0.285285
0.523899
0.443055
0.443055
0.523899
0.605405
0.687112
0.849387
0.768581
0.605405
0.687112
1.00742
0.929129
0.768581
0.849387
1.0839
1.15821
0.929129
1.00742
1.23003
1.29905
1.0839
1.15821
1.23003
1.29905
1.42754
1.36498
1.42754
1.36498
1.54158
1.48648
1.54158
1.48648
1.5926
1.63936
1.71939
1.68168
1.78046
1.75236
1.63936
1.5926
1.8036
1.82168
1.71939
1.68168
1.75236
1.78046
1.82168
1.8036
1.84244
1.83464
1.84244
1.84504
1.83464
1.54642
1.5956
0.0689469
0.0689469
1.64039
1.68063
0.141394
1.71617
1.74687
0.374202
0.455208
1.77263
0.216779
1.79335
0.294557
1.80896
1.81939
1.82462
0.864226
0.374202
1.82462
1.02172
1.09762
0.455208
1.81939
1.80896
1.79335
1.30994
0.537087
1.77263
0.619369
1.74687
1.71617
1.54642
1.68063
0.701604
1.64039
0.783361
1.5956
1.49305
0.864226
1.4357
0.943806
1.37458
1.24204
1.02172
1.17117
1.09762
0.943806
1.17117
1.24204
0.783361
0.701604
0.619369
1.30994
0.537087
1.37458
0.294557
1.4357
0.216779
1.49305
0.141394
4.29656e-32
4.29656e-32
2.44716e-32
0.0716034
2.44716e-32
0.0716034
0.223824
0.146396
0.146396
0.223824
0.384466
0.303353
0.384466
0.303353
0.466666
0.549475
0.466666
0.549475
0.715097
0.632432
0.877878
0.797047
0.632432
0.715097
1.03467
0.957207
0.877878
0.797047
1.18261
1.10991
0.957207
1.03467
1.31915
1.25245
1.10991
1.18261
1.31915
1.25245
1.38243
1.44204
1.38243
1.44204
1.54933
1.49775
1.54933
1.49775
1.59659
1.63936
1.71079
1.67747
1.73918
1.76256
1.59659
1.63936
1.79392
1.78083
1.67747
1.71079
1.73918
1.76256
1.79392
1.78083
1.80443
1.8018
1.8018
0.0741364
1.5956
1.63629
1.67222
0.151154
1.70326
1.7293
0.230508
1.75025
1.76602
0.311674
1.77657
1.78186
0.644594
0.394144
0.72759
1.78186
1.77657
0.47743
1.76602
1.75025
1.04625
1.12075
0.561064
1.7293
1.70326
0.644594
1.67222
1.63629
0.72759
1.5956
1.5503
0.809637
1.50056
1.44657
0.890343
1.38854
1.32669
0.969331
1.26126
1.19252
1.04625
1.12075
0.969331
0.890343
1.19252
0.809637
1.26126
0.561064
1.32669
0.47743
0.394144
1.38854
0.311674
0.230508
1.44657
0.151154
0.0741364
1.50056
1.5503
4.64987e-32
4.64987e-32
2.63074e-32
0.0765459
0.0765459
2.63074e-32
0.155668
0.236831
0.155668
0.236831
0.319519
0.403235
0.403235
0.319519
0.571854
0.4875
0.571854
0.4875
0.739083
0.655856
0.901621
0.821133
0.655856
0.739083
1.05646
0.98018
0.901621
0.821133
1.13014
1.20091
1.05646
0.98018
1.26847
1.33255
1.13014
1.20091
1.26847
1.33255
1.3929
1.44929
1.3929
1.44929
1.54933
1.5015
1.54933
1.5015
1.63116
1.5926
1.66486
1.69358
1.7357
1.71723
1.5926
1.63116
1.74894
1.75691
1.66486
1.69358
1.71723
1.7357
1.74894
1.75957
1.75691
1.62398
0.159938
1.6554
1.68176
1.70295
0.242792
1.71891
0.326889
1.72959
0.41174
1.73493
1.73493
0.41174
0.666216
1.72959
0.496875
1.71891
1.70295
0.911711
1.68176
0.581844
1.6554
0.666216
1.62398
1.58761
1.27407
1.54642
0.749577
1.50056
0.831534
1.4502
1.39552
1.33674
0.911711
0.989752
1.20777
1.13809
1.06532
1.06532
0.989752
1.13809
0.831534
0.749577
1.20777
1.27407
0.581844
0.496875
1.33674
0.326889
1.39552
0.242792
0.159938
0.0788318
1.4502
1.50056
0.0788318
1.54642
1.58761
4.97107e-32
4.97107e-32
2.7968e-32
0.0809941
0.0809941
2.7968e-32
0.248393
0.163964
0.163964
0.248393
0.419658
0.333784
0.333784
0.419658
0.505555
0.591035
0.505555
0.591035
0.675675
0.759072
0.920615
0.84084
0.675675
0.759072
1.07281
0.998047
0.920615
0.84084
1.21311
1.14459
0.998047
1.07281
1.33925
1.27808
1.21311
1.14459
1.33925
1.27808
1.39639
1.44929
1.39639
1.44929
1.49775
1.54158
1.49775
1.54158
1.58063
1.61476
1.64384
1.66778
1.69989
1.68648
1.58063
1.61476
1.71064
1.70795
1.66778
1.64384
1.69989
1.68648
1.70795
0.167746
1.60348
1.63018
1.65165
0.253631
1.66782
0.253631
0.340202
1.67863
0.426989
0.513541
1.68404
1.68404
0.426989
1.67863
0.767567
0.513541
1.66782
1.65165
1.63018
0.599427
1.07894
1.14965
1.60348
0.684234
1.57165
1.53479
1.49305
0.767567
1.44657
0.849052
1.39552
1.34009
1.28048
0.928331
1.21692
1.00507
1.00507
1.07894
0.928331
1.14965
0.849052
0.684234
1.21692
0.599427
1.28048
0.340202
1.34009
1.39552
0.167746
0.0830328
1.44657
1.49305
0.0830328
1.53479
1.57165
5.26016e-32
5.26016e-32
2.94534e-32
0.084948
0.084948
2.94534e-32
0.258509
0.171284
0.171284
0.258509
0.433734
0.346146
0.433734
0.346146
0.60702
0.520833
0.520833
0.60702
0.691892
0.775063
0.856168
0.93486
0.691892
0.775063
1.08371
1.01081
0.856168
0.93486
1.15326
1.21921
1.01081
1.08371
1.28128
1.33925
1.21921
1.15326
1.33925
1.28128
1.3929
1.44204
1.44204
1.3929
1.48648
1.52607
1.52607
1.48648
1.56067
1.59015
1.61441
1.63337
1.64696
1.65513
1.56067
1.59015
1.65513
1.65785
1.63337
1.61441
1.64696
1.59654
0.263025
1.61294
0.0867397
1.6239
0.351614
1.62939
1.62939
0.439893
0.439893
0.52743
1.6239
1.61294
0.52743
1.59654
1.57477
0.613813
1.5477
1.51542
0.698648
1.47804
1.08711
1.4357
0.781559
1.38854
1.33674
0.86219
1.28048
1.21997
0.940202
1.15543
1.01528
1.01528
0.940202
1.08711
0.86219
0.781559
1.15543
0.698648
0.613813
1.21997
1.28048
0.351614
0.263025
1.33674
0.174577
1.38854
1.4357
0.0867397
1.57477
1.47804
1.51542
1.5477
0.174577
5.51715e-32
5.51715e-32
3.07637e-32
0.0884077
0.0884077
3.07637e-32
0.177627
0.26718
0.177627
0.26718
0.445465
0.356606
0.356606
0.445465
0.619808
0.533333
0.533333
0.619808
0.787056
0.704504
0.944357
0.867117
0.704504
0.787056
1.01847
1.08916
0.944357
0.867117
1.15616
1.21921
1.08916
1.01847
1.27808
1.33255
1.21921
1.15616
1.27808
1.33255
1.42754
1.38243
1.42754
1.38243
1.46772
1.50282
1.50282
1.46772
1.55734
1.53273
1.59036
1.57657
1.60141
1.59865
1.55734
1.53273
1.59865
1.57657
1.59036
0.270974
1.56563
0.361123
1.5712
1.5712
1.56563
0.270974
0.45045
1.5545
0.538541
1.53786
1.51577
1.48829
0.709459
0.625003
1.45552
0.709459
1.41757
0.947325
1.37458
1.32669
1.08984
0.791554
1.27407
0.870949
1.21692
1.15543
0.947325
1.02038
1.02038
0.870949
0.791554
1.08984
1.15543
0.625003
0.538541
0.45045
1.21692
0.361123
1.27407
0.180433
0.0899523
1.32669
1.37458
0.0899523
1.5545
1.41757
1.45552
1.48829
0.180433
1.51577
1.53786
5.74204e-32
5.74204e-32
3.18988e-32
0.0913732
0.0913732
3.18988e-32
0.274406
0.182995
0.182995
0.274406
0.454849
0.365165
0.454849
0.365165
0.629399
0.543055
0.543055
0.629399
0.795052
0.713513
0.949106
0.873686
0.713513
0.795052
1.08916
1.02102
0.873686
0.949106
1.21311
1.15326
1.08916
1.02102
1.31915
1.26847
1.15326
1.21311
1.26847
1.31915
1.36498
1.40579
1.36498
1.40579
1.44144
1.47181
1.44144
1.47181
1.49681
1.51633
1.53033
1.53874
1.54155
1.53874
1.51633
1.49681
1.53033
0.368731
1.50971
1.50971
0.0926706
1.50405
0.458661
1.49275
0.546875
1.47585
0.458661
0.546875
1.4534
1.42549
0.632995
1.39219
0.716666
1.35363
1.30994
0.949699
1.26126
0.79755
1.20777
0.875328
1.14965
1.08711
1.02038
0.949699
1.02038
0.875328
0.79755
0.716666
1.08711
0.632995
1.14965
0.368731
1.20777
0.277477
1.26126
0.185313
1.30994
1.35363
0.0926706
1.50405
1.39219
1.42549
0.185313
1.4534
1.47585
1.49275
0.277477
5.93481e-32
5.93481e-32
3.28587e-32
0.0938444
0.0938444
3.28587e-32
0.187387
0.280187
0.187387
0.280187
0.461887
0.371822
0.461887
0.371822
0.635792
0.55
0.55
0.635792
0.718919
0.799049
0.949106
0.875875
0.799049
0.718919
1.01847
1.08371
0.875875
0.949106
1.20091
1.14459
1.08371
1.01847
1.29905
1.25245
1.20091
1.14459
1.25245
1.29905
1.34054
1.37678
1.34054
1.37678
1.43306
1.40766
1.43306
1.40766
1.4529
1.46712
1.47567
1.47853
1.47567
1.4529
1.46712
1.43944
0.464527
1.42795
1.41077
0.55243
1.38795
1.35956
0.637791
1.3257
0.464527
1.28649
0.72027
1.24204
0.72027
1.19252
0.799549
0.799549
1.13809
1.07894
0.875328
1.01528
0.947325
0.947325
0.875328
1.01528
0.637791
1.07894
0.55243
1.13809
0.374437
0.282535
1.19252
0.189217
0.0948947
1.24204
1.28649
0.0948947
1.44519
1.3257
1.44519
1.35956
1.38795
0.189217
1.41077
1.42795
0.282535
1.43944
0.374437
6.09548e-32
6.09548e-32
3.36435e-32
0.0958214
0.0958214
3.36435e-32
0.284523
0.190803
0.284523
0.190803
0.376576
0.46658
0.46658
0.376576
0.638989
0.554166
0.554166
0.638989
0.72072
0.799049
0.873686
0.944357
0.799049
0.72072
1.07281
1.01081
0.944357
0.873686
1.13014
1.18261
1.07281
1.01081
1.27225
1.23003
1.18261
1.13014
1.23003
1.27225
1.30912
1.34053
1.34053
1.30912
1.36636
1.38655
1.38655
1.36636
1.40101
1.40971
1.41261
1.40971
1.40101
0.468046
1.3429
0.555208
1.31968
1.29079
1.25633
0.286148
0.639389
1.21642
0.468046
0.72027
1.17117
1.12075
1.06532
0.79755
1.00507
0.870949
0.940202
0.870949
0.79755
0.940202
0.72027
1.00507
0.639389
0.555208
1.06532
0.37824
1.12075
0.192145
0.0966246
1.17117
1.21642
0.0966246
1.36039
1.25633
1.29079
1.31968
1.37793
0.192145
1.3429
1.36039
1.37207
0.286148
0.37824
1.37793
1.37207
6.22405e-32
6.22405e-32
3.42531e-32
0.0973041
0.0973041
3.42531e-32
0.287413
0.193243
0.193243
0.287413
0.468926
0.379429
0.379429
0.468926
0.638989
0.555555
0.555555
0.638989
0.795052
0.718919
0.93486
0.867117
0.795052
0.718919
1.05646
0.998047
0.93486
0.867117
1.15821
1.10991
1.05646
0.998047
1.2012
1.23874
1.10991
1.15821
1.2012
1.23874
1.29702
1.27072
1.29702
1.27072
1.31757
1.33229
1.33229
1.31757
1.34114
1.34409
1.34114
0.555208
1.2489
1.21948
1.18438
0.637791
1.14372
0.288316
0.716666
1.09762
0.469219
1.04625
0.989752
0.791554
0.928331
0.86219
0.86219
0.791554
0.716666
0.928331
0.637791
0.989752
0.555208
0.380142
1.04625
1.09762
0.194097
0.0978602
1.14372
1.18438
0.0978602
1.27255
1.21948
1.2489
1.30225
1.30821
0.194097
1.27255
1.29035
1.30225
0.288316
1.30821
0.380142
1.29035
0.469219
6.32051e-32
6.32051e-32
3.46875e-32
0.0982926
0.0982926
3.46875e-32
0.288858
0.194707
0.194707
0.288858
0.468926
0.38038
0.468926
0.38038
0.635792
0.554166
0.554166
0.635792
0.713513
0.787056
0.856168
0.920615
0.713513
0.787056
0.98018
1.03467
0.920615
0.856168
1.0839
1.12771
1.03467
0.98018
1.19854
1.16596
1.12771
1.0839
1.16596
1.19854
1.24626
1.22534
1.22534
1.24626
1.27028
1.26126
1.26126
1.27028
1.27328
1.11017
0.632995
1.06872
0.0986015
1.02172
0.709459
0.969331
0.911711
0.781559
0.468046
0.55243
0.849052
0.781559
0.849052
0.709459
0.632995
0.911711
0.969331
0.380142
0.289039
1.02172
0.195073
1.06872
1.11017
0.0986015
1.14594
1.14594
1.17593
1.17593
1.20003
0.195073
1.21817
1.23029
0.289039
1.23636
1.23636
0.380142
1.23029
1.21817
0.468046
1.20003
0.55243
6.38486e-32
6.38486e-32
3.49468e-32
0.0987869
0.0987869
3.49468e-32
0.195195
0.288858
0.195195
0.288858
0.46658
0.379429
0.379429
0.46658
0.629399
0.55
0.55
0.629399
0.704504
0.775063
0.901621
0.84084
0.775063
0.704504
1.00742
0.957207
0.901621
0.84084
1.09111
1.0521
1.00742
0.957207
1.15164
1.12432
1.09111
1.0521
1.12432
1.15164
1.18826
1.17297
1.18826
1.17297
1.19745
1.19745
1.20051
0.625003
0.943806
0.698648
0.890343
0.831534
0.767567
0.288316
0.767567
0.698648
0.831534
0.625003
0.546875
0.464527
0.890343
0.37824
0.943806
0.195073
0.0988487
0.991754
1.03404
0.0988487
0.991754
1.07052
1.1011
1.12567
1.1011
0.195073
1.14417
1.15653
1.16272
0.288316
1.16272
0.37824
1.15653
1.14417
1.12567
0.464527
0.546875
1.07052
1.03404
6.41711e-32
6.41711e-32
3.50309e-32
0.0987869
0.0987869
3.50309e-32
0.287413
0.194707
0.194707
0.287413
0.461887
0.376576
0.376576
0.461887
0.543055
0.619808
0.619808
0.543055
0.691892
0.759072
0.821133
0.877878
0.691892
0.759072
0.929129
0.974725
0.821133
0.877878
1.04841
1.01453
0.929129
0.974725
1.07628
1.09804
1.04841
1.01453
1.07628
1.09804
1.123
1.11363
1.123
1.11363
1.12613
0.684234
0.809637
0.749577
0.0986015
0.684234
0.749577
0.613813
0.809637
0.538541
0.458661
0.374437
0.864226
0.286148
0.913175
0.194097
0.956334
0.993571
0.0986015
0.864226
1.02477
1.04985
0.956334
0.993571
0.194097
1.06872
1.08133
1.08765
1.06872
0.286148
1.08765
0.374437
1.08133
1.04985
0.458661
1.02477
0.538541
0.913175
0.613813
6.41725e-32
6.41725e-32
3.49399e-32
0.0982926
0.0982926
3.49399e-32
0.284523
0.193243
0.193243
0.284523
0.371822
0.454849
0.454849
0.371822
0.533333
0.60702
0.533333
0.60702
0.675675
0.739083
0.849387
0.797047
0.739083
0.675675
0.895945
0.93658
0.849387
0.797047
0.97117
0.999612
0.895945
0.93658
1.02182
1.03773
0.97117
0.999612
1.02182
1.03773
1.05049
1.0473
1.0473
0.599427
0.72759
0.52743
0.45045
0.783361
0.368731
0.282535
0.833361
0.192145
0.0978602
0.877439
0.915465
0.0978602
0.666216
0.947325
0.72759
0.972925
0.992191
0.192145
1.00507
1.01151
0.915465
0.947325
0.282535
1.01151
1.00507
0.368731
0.992191
0.972925
0.45045
0.52743
0.877439
0.833361
0.599427
0.783361
0.666216
6.38529e-32
6.38529e-32
3.46737e-32
0.0973041
0.0973041
3.46737e-32
0.190803
0.280187
0.190803
0.280187
0.445465
0.365165
0.445465
0.365165
0.520833
0.591035
0.520833
0.591035
0.655856
0.715097
0.816148
0.768581
0.715097
0.655856
0.892987
0.857657
0.816148
0.768581
0.944714
0.922034
0.892987
0.857657
0.970727
0.96096
0.922034
0.944714
0.970727
0.96096
0.973986
0.701604
0.361123
0.752705
0.277477
0.189217
0.0966246
0.797747
0.836599
0.0966246
0.439893
0.869147
0.895298
0.914977
0.644594
0.189217
0.928127
0.934712
0.934712
0.797747
0.277477
0.928127
0.361123
0.914977
0.895298
0.869147
0.439893
0.836599
0.513541
0.752705
0.701604
0.581844
0.644594
0.581844
0.513541
6.32122e-32
6.32122e-32
3.42323e-32
0.0958214
0.0958214
3.42323e-32
0.274406
0.187387
0.187387
0.274406
0.356606
0.433734
0.433734
0.356606
0.505555
0.571854
0.571854
0.505555
0.687112
0.632432
0.735735
0.77816
0.687112
0.632432
0.843944
0.814264
0.77816
0.735735
0.867117
0.883715
0.843944
0.814264
0.897022
0.893693
0.883715
0.867117
0.893693
0.71767
0.185313
0.0948947
0.757385
0.790653
0.0948947
0.270974
0.817379
0.83749
0.426989
0.496875
0.185313
0.850928
0.857657
0.857657
0.671621
0.270974
0.850928
0.351614
0.83749
0.817379
0.790653
0.426989
0.757385
0.496875
0.71767
0.619369
0.561064
0.561064
0.619369
0.351614
0.671621
6.22504e-32
6.22504e-32
3.36158e-32
0.0938444
0.0938444
3.36158e-32
0.182995
0.26718
0.182995
0.26718
0.419658
0.346146
0.419658
0.346146
0.549475
0.4875
0.549475
0.4875
0.65513
0.605405
0.698511
0.735423
0.65513
0.605405
0.765765
0.789452
0.698511
0.735423
0.806418
0.816617
0.789452
0.765765
0.820019
0.816617
0.806418
0.712274
0.0926706
0.739602
0.0926706
0.760163
0.773901
0.180433
0.78078
0.78078
0.41174
0.47743
0.263025
0.773901
0.59054
0.760163
0.340202
0.739602
0.712274
0.41174
0.678256
0.63764
0.47743
0.537087
0.537087
0.59054
0.340202
0.263025
0.63764
0.180433
0.678256
6.09676e-32
6.09676e-32
3.28241e-32
0.0913732
3.28241e-32
0.0913732
0.258509
0.177627
0.177627
0.258509
0.333783
0.403235
0.333783
0.403235
0.523899
0.466666
0.466666
0.523899
0.574774
0.619151
0.656906
0.687938
0.619151
0.574774
0.712162
0.729511
0.687938
0.656906
0.743419
0.739939
0.729511
0.712162
0.739939
0.0899523
0.662415
0.683445
0.697497
0.174577
0.704532
0.253631
0.704532
0.697497
0.253631
0.683445
0.326889
0.662415
0.634462
0.599662
0.394144
0.558108
0.455208
0.509913
0.455208
0.394144
0.509913
0.326889
0.558108
0.174577
0.0899523
0.599662
0.634462
5.93637e-32
5.93637e-32
3.18572e-32
0.0884077
0.0884077
3.18572e-32
0.248393
0.171284
0.171284
0.248393
0.384466
0.319519
0.319519
0.384466
0.495127
0.443055
0.495127
0.443055
0.579173
0.54054
0.635705
0.610923
0.54054
0.579173
0.653453
0.664121
0.635705
0.610923
0.66768
0.653453
0.664121
0.622184
0.167746
0.629382
0.0867397
0.629382
0.622184
0.242792
0.607807
0.311674
0.374202
0.430208
0.586289
0.557685
0.522072
0.374202
0.479542
0.430208
0.311674
0.479542
0.242792
0.522072
0.167746
0.557685
0.586289
0.0867397
0.607807
5.74388e-32
5.74388e-32
3.07151e-32
0.084948
0.084948
3.07151e-32
0.236831
0.163964
0.163964
0.236831
0.303353
0.363351
0.303353
0.363351
0.416666
0.463157
0.463157
0.416666
0.535198
0.502702
0.56056
0.578723
0.502702
0.535198
0.589639
0.593281
0.578723
0.56056
0.589639
0.159938
0.555818
0.548451
0.230508
0.533736
0.511711
0.294557
0.482432
0.445974
0.351914
0.40243
0.351914
0.40243
0.294557
0.230508
0.445974
0.159938
0.0830328
0.482432
0.511711
0.0830328
0.533736
0.548451
0.555818
5.51928e-32
5.51928e-32
2.93979e-32
0.0809941
0.0809941
2.93979e-32
0.223824
0.155668
0.155668
0.223824
0.285285
0.33989
0.285285
0.33989
0.3875
0.427991
0.3875
0.427991
0.461261
0.487225
0.516992
0.505818
0.487225
0.461261
0.516992
0.52072
0.505818
0.476805
0.461739
0.216779
0.439189
0.275538
0.409209
0.216779
0.371875
0.32728
0.32728
0.275538
0.371875
0.151154
0.0788318
0.409209
0.439189
0.0788318
0.461739
0.484346
0.476805
0.484346
0.151154
5.26257e-32
5.26257e-32
0.0765459
2.79056e-32
0.0765459
2.79056e-32
0.209372
0.146396
0.146396
0.209372
0.314083
0.265315
0.314083
0.265315
0.355555
0.389628
0.355555
0.389628
0.435254
0.416216
0.450513
0.446696
0.416216
0.446696
0.435254
0.201604
0.369247
0.254617
0.338541
0.3003
0.254617
0.3003
0.201604
0.338541
0.141394
0.0741364
0.369247
0.392342
0.0741364
0.40777
0.40777
0.415493
0.141394
0.415493
0.392342
4.97376e-32
4.97376e-32
2.6238e-32
0.0716034
0.0716034
2.6238e-32
0.193475
0.136148
0.136148
0.193475
0.28593
0.243443
0.243443
0.28593
0.320833
0.348067
0.348067
0.320833
0.367567
0.379286
0.383195
0.379286
0.367567
0.231794
0.231794
0.184985
0.270974
0.130659
0.0689469
0.30243
0.326088
0.0689469
0.270974
0.30243
0.341892
0.349803
0.349803
0.130659
0.341892
0.326088
0.184985
4.65285e-32
4.65285e-32
2.43954e-32
0.0661667
0.0661667
2.43954e-32
0.176133
0.124925
0.176133
0.124925
0.255431
0.219669
0.255431
0.219669
0.30331
0.283333
0.283333
0.30331
0.315315
0.31932
0.315315
0.118947
0.0632631
0.239301
0.263541
0.0632631
0.279733
0.16692
0.287837
0.287837
0.239301
0.118947
0.279733
0.263541
0.16692
0.207069
0.207069
4.29982e-32
4.29982e-32
2.23775e-32
0.0602358
0.0602358
2.23775e-32
0.112725
0.157345
0.112725
0.157345
0.222586
0.193994
0.222586
0.193994
0.255356
0.243055
0.243055
0.259459
0.255356
0.205283
0.221875
0.057085
0.057085
0.23018
0.23018
0.106259
0.221875
0.205283
0.180443
0.14741
0.14741
0.180443
0.106259
3.9147e-32
3.9147e-32
2.01845e-32
0.0538106
2.01845e-32
0.0538106
0.0995493
0.137113
0.0995493
0.137113
0.187394
0.166416
0.187394
0.166416
0.204205
0.2
0.2
0.0504127
0.17743
0.17743
0.168919
0.0925955
0.151914
0.126454
0.126454
0.0925955
0.0504127
0.151914
0.168919
3.49746e-32
3.49746e-32
1.78163e-32
0.0468912
0.0468912
1.78163e-32
0.115435
0.0853977
0.0853977
0.115435
0.136937
0.149857
0.136937
0.149857
0.154166
0.121484
0.0779558
0.104054
0.0779558
0.0432462
0.104054
0.121484
0.0432462
0.130208
0.130208
3.04812e-32
3.04812e-32
1.52729e-32
0.0394776
0.0394776
1.52729e-32
0.0923116
0.0702701
0.0702701
0.0923116
0.105555
0.105555
0.109973
0.0623402
0.0623402
0.0355854
0.0802081
0.0891514
0.0355854
0.0891514
0.0802081
2.56668e-32
2.56668e-32
1.25544e-32
0.0315697
1.25544e-32
0.0315697
0.0541665
0.0677432
0.0541665
0.0677432
0.072272
0.0549172
0.0274304
0.0549172
0.0457486
0.0274304
0.0457486
2.05312e-32
2.05312e-32
0.0231675
9.66073e-33
0.0231675
9.66073e-33
0.0370869
0.0370869
0.0417297
0.0187811
0.0281811
0.0187811
0.0281811
1.50747e-32
1.50747e-32
6.59188e-33
0.0142711
0.0142711
6.59188e-33
0.0190314
0.00963761
0.00963761
9.29704e-33
9.29704e-33
3.34788e-33
3.34788e-33
0.00488054
1.38282e-35
3.19838e-33
3.19838e-33
