1.51154e-35
3.49611e-33
3.49611e-33
3.65943e-33
1.01626e-32
0.00533485
0.0105349
3.65943e-33
1.01626e-32
0.0105349
7.20544e-33
0.0205296
1.64779e-32
0.0155997
0.0208042
0.0308049
0.0308049
0.0155997
0.0205296
1.64779e-32
7.20544e-33
1.05598e-32
0.0299836
2.24421e-32
0.0253241
0.0500074
0.0600295
0.0405404
0.0456146
1.05598e-32
0.0299836
0.0405404
0.0600295
0.0500074
0.0253241
2.24421e-32
1.37226e-32
0.0345078
0.038897
2.80549e-32
0.0592091
0.0681421
0.0876732
0.0740488
0.0974491
0.0790002
0.0974491
0.0740488
0.0345078
2.80549e-32
0.038897
1.37226e-32
0.0681421
0.0592091
0.0876732
1.66937e-32
3.33164e-32
0.0431507
0.0472695
0.0768099
0.085209
0.113736
0.100902
0.0472695
3.33164e-32
0.0431507
1.66937e-32
0.142324
0.120207
0.132788
0.11538
0.11538
0.113736
0.132788
0.0768099
0.142324
0.100902
0.085209
1.94731e-32
0.0551011
3.82266e-32
0.0512528
0.0933428
0.101208
0.138217
0.126174
0.163799
0.149678
0.166046
0.184633
3.82266e-32
0.0551011
0.0512528
1.94731e-32
0.0933428
0.138217
0.101208
0.126174
0.168511
0.193937
0.163799
0.193937
0.166046
0.184633
0.149678
2.20608e-32
0.0623918
4.27853e-32
0.058814
0.108808
0.116139
0.161116
0.149864
0.224374
0.204824
0.181895
0.197222
0.218604
0.242509
0.251587
0.223199
2.20608e-32
0.0623918
4.27853e-32
0.058814
0.108808
0.116139
0.161116
0.149864
0.242509
0.224374
0.197222
0.251587
0.181895
0.218604
0.204824
2.44568e-32
0.0691415
4.69926e-32
0.0658342
0.123204
0.130001
0.182434
0.171973
0.226317
0.261547
0.243281
0.212031
0.265656
0.288042
0.305739
0.2791
0.0658342
2.44568e-32
0.0691415
4.69926e-32
0.283587
0.314598
0.314598
0.2791
0.130001
0.182434
0.123204
0.171973
0.243281
0.288042
0.305739
0.226317
0.212031
0.265656
0.261547
2.66611e-32
0.0753503
5.08486e-32
0.0723134
0.1925
0.136533
0.142795
0.20217
0.25333
0.296152
0.27917
0.240085
0.309668
0.330533
0.356391
0.331502
0.344625
0.373664
0.38231
0.349001
5.08486e-32
0.0723134
2.66611e-32
0.0753503
0.20217
0.142795
0.1925
0.136533
0.38231
0.373664
0.344625
0.331502
0.27917
0.240085
0.25333
0.296152
0.330533
0.356391
0.309668
2.86737e-32
0.0810182
5.43533e-32
0.0782518
0.148793
0.220324
0.211444
0.154521
0.0782518
0.0810182
5.43533e-32
2.86737e-32
0.278261
0.328189
0.312491
0.266057
0.350639
0.403543
0.380404
0.369984
0.414525
0.428784
0.445646
0.401718
0.454087
0.418799
0.414525
0.454087
0.154521
0.220324
0.211444
0.148793
0.328189
0.278261
0.312491
0.266057
0.445646
0.428784
0.369984
0.401718
0.403543
0.350639
0.380404
3.04947e-32
0.0861455
5.75068e-32
0.0836494
0.159985
0.16518
0.236896
0.228808
0.0836494
0.0861455
5.75068e-32
3.04947e-32
0.30111
0.357657
0.343244
0.289947
0.16518
0.228808
0.236896
0.159985
0.388569
0.406393
0.425806
0.447194
0.475672
0.479958
0.504603
0.454865
0.52931
0.492348
0.521067
0.488178
0.488178
0.52931
0.521067
0.475672
0.289947
0.357657
0.30111
0.343244
0.504603
0.425806
0.447194
0.406393
0.388569
0.454865
0.479958
3.21241e-32
0.0885063
0.0907322
6.03092e-32
0.170109
0.17477
0.251888
0.244589
0.321879
0.384558
0.371428
0.311756
0.0885063
0.0907322
6.03092e-32
3.21241e-32
0.251888
0.17477
0.244589
0.170109
0.423458
0.439762
0.487346
0.467707
0.321879
0.371428
0.311756
0.384558
0.504067
0.527187
0.559183
0.53244
0.55276
0.56497
0.583251
0.599331
0.607381
0.56497
0.569045
0.607381
0.55276
0.583251
0.599331
0.53244
0.439762
0.527187
0.467707
0.423458
0.559183
0.504067
0.487346
3.3562e-32
6.27607e-32
0.0928228
0.0947785
0.179166
0.183294
0.265298
0.25879
0.340566
0.408892
0.397046
0.331483
0.0928228
0.0947785
6.27607e-32
3.3562e-32
0.455307
0.470091
0.523998
0.506109
0.265298
0.183294
0.25879
0.179166
0.397046
0.408892
0.340566
0.331483
0.57047
0.549322
0.609384
0.58483
0.470091
0.455307
0.506109
0.523998
0.63239
0.612545
0.66415
0.640638
0.64432
0.679859
0.648298
0.687723
0.687723
0.63239
0.64432
0.679859
0.612545
0.58483
0.549322
0.640638
0.57047
0.609384
0.66415
3.48085e-32
0.0982847
6.48614e-32
0.096599
0.187156
0.19075
0.277129
0.271411
0.357174
0.43066
0.349131
0.420097
0.484116
0.497381
0.557151
0.541012
0.096599
0.0982847
6.48614e-32
3.48085e-32
0.19075
0.277129
0.271411
0.187156
0.655209
0.609809
0.590633
0.632843
0.43066
0.357174
0.420097
0.349131
0.541012
0.484116
0.497381
0.557151
0.723768
0.694609
0.667534
0.693229
0.590633
0.655209
0.609809
0.632843
0.725655
0.714001
0.762094
0.746743
0.769779
0.729544
0.725655
0.769779
0.694609
0.723768
0.693229
0.714001
0.762094
0.746743
0.667534
3.58636e-32
0.101251
6.66114e-32
0.0998353
0.19408
0.197141
0.28738
0.282452
0.371703
0.364699
0.449863
0.440582
0.509887
0.521633
0.586808
0.572417
3.58636e-32
6.66114e-32
0.0998353
0.101251
0.67648
0.628
0.645204
0.696658
0.19408
0.197141
0.28738
0.282452
0.449863
0.371703
0.440582
0.364699
0.741026
0.778185
0.751626
0.717727
0.572417
0.586808
0.509887
0.521633
0.628
0.645204
0.67648
0.696658
0.808035
0.830493
0.778089
0.797039
0.778185
0.741026
0.717727
0.751626
0.812231
0.808432
0.853012
0.845499
0.808035
0.853012
0.830493
0.845499
0.797039
0.808432
0.778089
3.67274e-32
0.103678
6.8011e-32
0.102532
0.199937
0.202465
0.296053
0.291914
0.378189
0.384154
0.466502
0.458502
0.532621
0.542849
0.61297
0.600325
0.102532
0.103678
6.8011e-32
3.67274e-32
0.715742
0.661425
0.676659
0.733734
0.199937
0.291914
0.296053
0.202465
0.827405
0.803444
0.78403
0.763128
0.384154
0.466502
0.458502
0.378189
0.600325
0.61297
0.542849
0.532621
0.863736
0.892923
0.862454
0.836585
0.733734
0.661425
0.676659
0.715742
0.827405
0.78403
0.763128
0.803444
0.89212
0.880984
0.914884
0.929558
0.862454
0.836585
0.892923
0.863736
0.936905
0.895837
0.89212
0.880984
0.929558
0.914884
0.936905
3.74e-32
0.105565
6.90601e-32
0.104689
0.204728
0.206724
0.303148
0.299797
0.104689
0.105565
6.90601e-32
3.74e-32
0.389602
0.394528
0.480578
0.47386
0.552319
0.56103
0.635638
0.62474
0.766439
0.750632
0.69091
0.704175
0.299797
0.204728
0.303148
0.206724
0.822245
0.850066
0.871429
0.803737
0.389602
0.480578
0.47386
0.394528
0.9219
0.91385
0.949386
0.889492
0.635638
0.56103
0.62474
0.552319
0.766439
0.704175
0.69091
0.750632
0.965324
0.977936
0.999419
0.947202
0.871429
0.822245
0.803737
0.850066
0.949386
0.9219
0.889492
0.91385
0.976219
0.979852
1.02096
1.01377
0.965324
0.947202
0.977936
0.999419
1.02096
0.976219
1.01377
3.78815e-32
0.106913
6.9759e-32
0.106306
0.208455
0.209918
0.308665
0.306103
0.398938
0.402826
0.492093
0.486656
0.106306
0.106913
6.9759e-32
3.78815e-32
0.306103
0.308665
0.208455
0.209918
0.568984
0.576178
0.654814
0.645662
0.727755
0.794776
0.781153
0.716458
0.855672
0.891494
0.910261
0.839557
0.398938
0.486656
0.492093
0.402826
0.95838
0.999887
0.975382
0.936814
0.568984
0.645662
0.576178
0.654814
1.03466
1.0626
1.00709
1.03184
0.781153
0.794776
0.727755
0.716458
0.855672
0.891494
0.839557
0.910261
1.06024
1.08362
1.09767
1.04958
0.975382
0.95838
0.999887
0.936814
1.00709
1.0626
1.03184
1.03466
1.06379
1.04958
1.10471
1.10471
1.06024
1.08362
1.09767
3.81719e-32
0.107721
7.01076e-32
0.107384
0.211116
0.212047
0.312606
0.310832
0.406198
0.409049
0.501048
0.496891
0.582616
0.663093
0.588295
0.670501
0.107384
0.107721
7.01076e-32
3.81719e-32
0.212047
0.310832
0.312606
0.211116
0.496891
0.501048
0.409049
0.406198
0.7474
0.818747
0.807307
0.73807
0.927732
0.943906
0.870593
0.884317
1.04443
1.0229
0.99733
0.978553
0.663093
0.582616
0.670501
0.588295
1.06065
1.08506
1.1191
1.09169
0.73807
0.7474
0.807307
0.818747
1.11592
1.16705
1.13328
1.14646
0.943906
0.884317
0.927732
0.870593
1.04443
0.99733
1.0229
0.978553
1.18769
1.14371
1.1808
1.14719
1.06065
1.08506
1.09169
1.1191
1.13328
1.11592
1.18769
1.1808
1.14646
1.14371
1.16705
3.82712e-32
0.107991
7.01061e-32
0.107923
0.212713
0.213111
0.31497
0.313985
0.411383
0.413197
0.507444
0.504566
0.107923
0.107991
7.01061e-32
3.82712e-32
0.593217
0.6827
0.677036
0.597381
0.763113
0.838356
0.829096
0.755749
0.313985
0.31497
0.213111
0.212713
0.504566
0.507444
0.413197
0.411383
0.593217
0.597381
0.677036
0.6827
0.958783
0.896847
0.972365
0.908181
1.08302
1.06447
1.03071
1.01472
1.10789
1.12914
1.16894
1.14486
0.829096
0.755749
0.763113
0.838356
1.20229
1.19898
1.22908
1.17525
0.896847
0.958783
0.972365
0.908181
1.2262
1.24925
1.26273
1.21598
1.06447
1.08302
1.03071
1.01472
1.16894
1.12914
1.14486
1.10789
1.26948
1.22961
1.2262
1.26948
1.20229
1.17525
1.26273
1.22908
1.19898
1.21598
1.24925
3.81794e-32
0.107721
6.97543e-32
0.107923
0.213245
0.213111
0.315758
0.315561
0.414494
0.415271
0.511281
0.509682
0.600789
0.603437
0.691412
0.687491
0.107923
0.107721
6.97543e-32
3.81794e-32
0.213111
0.315561
0.315758
0.213245
0.774896
0.853604
0.846524
0.769497
0.927268
0.995645
0.984652
0.918322
0.415271
0.414494
0.509682
0.511281
0.687491
0.600789
0.691412
0.603437
0.774896
0.769497
0.853604
0.846524
1.10008
1.11566
1.05851
1.0453
1.14882
1.16691
1.21211
1.19136
1.25111
1.22757
1.28379
1.25735
0.918322
0.984652
0.927268
0.995645
1.32982
1.31006
1.29727
1.28061
1.0453
1.05851
1.11566
1.10008
1.30728
1.34303
1.34965
1.31062
1.21211
1.19136
1.14882
1.16691
1.22757
1.25111
1.25735
1.28379
1.30728
1.29727
1.34965
1.34303
1.28061
1.31006
1.32982
3.78966e-32
0.106913
6.90524e-32
0.107384
0.212713
0.212047
0.31497
0.315561
0.51224
0.415531
0.415271
0.51256
0.107384
0.106913
6.90524e-32
3.78966e-32
0.605331
0.606466
0.696639
0.694461
0.782751
0.864494
0.859593
0.779315
0.212047
0.315561
0.31497
0.212713
0.51224
0.51256
0.415531
0.415271
0.941581
1.01375
1.00534
0.935022
1.08075
1.12975
1.07032
1.14236
0.694461
0.696639
0.606466
0.605331
0.859593
0.779315
0.782751
0.864494
1.01375
0.941581
0.935022
1.00534
1.18344
1.2312
1.24863
1.19838
1.2729
1.29294
1.33118
1.3084
1.3604
1.38899
1.3376
1.36323
1.07032
1.12975
1.14236
1.08075
1.37673
1.38655
1.40838
1.42134
1.18344
1.24863
1.2312
1.19838
1.42782
1.42782
1.38983
1.38655
1.29294
1.33118
1.2729
1.3084
1.42134
1.40838
1.36323
1.3376
1.38899
1.37673
1.3604
3.74227e-32
0.105565
6.80001e-32
0.106306
0.211116
0.209918
0.312606
0.313985
0.511281
0.51224
0.414494
0.413197
0.606845
0.606466
0.698381
0.697945
0.106306
0.105565
6.80001e-32
3.74227e-32
0.209918
0.313985
0.312606
0.211116
0.786678
0.871027
0.868305
0.785206
0.951121
1.02667
1.02086
0.946948
0.51224
0.511281
0.413197
0.414494
0.697945
0.606845
0.698381
0.606466
1.09742
1.16312
1.08978
1.15348
1.21175
1.26439
1.27849
1.22354
0.786678
0.785206
0.871027
0.868305
0.946948
1.02086
1.02667
0.951121
1.08978
1.15348
1.16312
1.09742
1.31124
1.35214
1.32779
1.37126
1.38696
1.44024
1.40879
1.4156
1.46552
1.43797
1.48455
1.454
1.21175
1.26439
1.22354
1.27849
1.50363
1.46364
1.46685
1.49726
1.31124
1.32779
1.37126
1.35214
1.46364
1.50363
1.49726
1.454
1.4156
1.40879
1.38696
1.44024
1.46552
1.43797
1.48455
3.67576e-32
0.103678
6.65975e-32
0.104689
0.208455
0.206724
0.308665
0.310832
0.409049
0.507444
0.509682
0.411383
0.104689
0.103678
6.65975e-32
3.67576e-32
0.605331
0.603437
0.696639
0.697945
0.786678
0.873205
0.787169
0.87266
0.206724
0.310832
0.308665
0.208455
0.509682
0.507444
0.411383
0.409049
0.955891
1.03443
1.0312
0.954103
1.17127
1.10854
1.17794
1.10367
0.603437
0.605331
0.696639
0.697945
0.787169
0.87266
0.873205
0.786678
1.23376
1.24241
1.29093
1.30171
1.34259
1.35565
1.40404
1.38857
0.955891
1.03443
0.954103
1.0312
1.17794
1.10854
1.10367
1.17127
1.30171
1.23376
1.29093
1.24241
1.42871
1.4629
1.44673
1.48358
1.53929
1.51447
1.51297
1.49102
1.53817
1.55798
1.57047
1.52871
1.34259
1.40404
1.35565
1.38857
1.53817
1.57672
1.54133
1.57672
1.48358
1.4629
1.42871
1.44673
1.52871
1.53929
1.51447
1.55798
1.57047
1.49102
1.51297
3.59014e-32
0.101251
6.48444e-32
0.102532
0.204728
0.306103
0.202465
0.303148
0.402826
0.501048
0.504566
0.406198
0.102532
0.101251
6.48444e-32
3.59014e-32
0.600789
0.597381
0.691412
0.694461
0.202465
0.306103
0.303148
0.204728
0.782751
0.785206
0.871027
0.87266
0.955891
1.03702
1.03637
0.956488
0.406198
0.504566
0.501048
0.402826
0.597381
0.694461
0.600789
0.691412
1.18313
1.11409
1.18684
1.11201
1.25499
1.24949
1.3183
1.31083
0.785206
0.871027
0.87266
0.782751
1.03637
1.03702
0.955891
0.956488
1.36697
1.42953
1.4177
1.37654
1.51902
1.46286
1.47708
1.50229
1.18684
1.11409
1.11201
1.18313
1.24949
1.31083
1.3183
1.25499
1.36697
1.37654
1.4177
1.42953
1.56349
1.53587
1.55523
1.58558
1.60998
1.62835
1.60053
1.58507
1.64678
1.61292
1.64063
1.60982
1.50229
1.47708
1.46286
1.51902
1.64678
1.60982
1.64063
1.60053
1.62835
1.56349
1.60998
1.53587
1.58507
1.55523
1.58558
3.48538e-32
0.0982847
6.27406e-32
0.0998353
0.0998353
0.0982847
6.27406e-32
3.48538e-32
0.199937
0.296053
0.299797
0.197141
0.394528
0.492093
0.496891
0.398938
0.593217
0.588295
0.6827
0.687491
0.299797
0.296053
0.199937
0.197141
0.779315
0.774896
0.864494
0.868305
0.496891
0.492093
0.394528
0.398938
0.951121
1.03443
1.03637
0.954103
1.11409
1.1898
1.18906
1.11479
0.588295
0.687491
0.593217
0.6827
0.774896
0.864494
0.779315
0.868305
1.25892
1.26127
1.32824
1.3241
1.38438
1.39047
1.43954
1.44773
1.03443
0.951121
0.954103
1.03637
1.11409
1.11479
1.18906
1.1898
1.4894
1.49983
1.54658
1.53379
1.57255
1.62344
1.58783
1.60557
1.25892
1.3241
1.26127
1.32824
1.38438
1.44773
1.39047
1.43954
1.4894
1.54658
1.53379
1.49983
1.67729
1.65394
1.63273
1.65329
1.70744
1.69536
1.66914
1.67828
1.67828
1.68133
1.71349
1.71349
1.57255
1.60557
1.62344
1.58783
1.70744
1.65394
1.66914
1.69536
1.65329
1.67729
1.63273
3.3615e-32
0.0947785
6.0286e-32
0.096599
0.19408
0.19075
0.28738
0.291914
0.096599
0.0947785
6.0286e-32
3.3615e-32
0.291914
0.28738
0.19408
0.19075
0.384154
0.480578
0.486656
0.389602
0.582616
0.576178
0.670501
0.677036
0.769497
0.763113
0.853604
0.859593
0.389602
0.384154
0.486656
0.480578
0.941581
1.02667
1.0312
0.946948
0.677036
0.670501
0.582616
0.576178
1.10854
1.18684
1.18906
1.11201
1.26206
1.33156
1.33073
1.26127
0.769497
0.853604
0.763113
0.859593
1.02667
1.0312
0.941581
0.946948
1.39743
1.45865
1.39482
1.4541
1.50836
1.51499
1.56626
1.5574
1.18684
1.11201
1.18906
1.10854
1.26127
1.33073
1.26206
1.33156
1.60107
1.61227
1.65287
1.63921
1.69842
1.71731
1.6717
1.68793
1.4541
1.39482
1.39743
1.45865
1.51499
1.50836
1.56626
1.5574
1.60107
1.65287
1.63921
1.61227
1.75873
1.74094
1.7193
1.73425
1.74625
1.74325
1.77062
1.77657
1.74325
1.77657
1.73425
1.77062
1.6717
1.7193
1.71731
1.68793
1.74094
1.75873
1.69842
3.21846e-32
0.0928228
0.0907322
5.74805e-32
0.187156
0.183294
0.277129
0.282452
0.371703
0.466502
0.47386
0.378189
0.0928228
0.0907322
5.74805e-32
3.21846e-32
0.183294
0.282452
0.277129
0.187156
0.47386
0.466502
0.371703
0.378189
0.568984
0.56103
0.654814
0.663093
0.755749
0.7474
0.838356
0.846524
0.935022
0.927268
1.01375
1.02086
0.56103
0.663093
0.568984
0.654814
1.09742
1.17794
1.18313
1.10367
0.755749
0.838356
0.846524
0.7474
1.33073
1.25892
1.25499
1.32824
1.46229
1.3983
1.39743
1.46138
0.927268
0.935022
1.02086
1.01375
1.10367
1.18313
1.17794
1.09742
1.51973
1.57806
1.57314
1.52257
1.62143
1.67389
1.62856
1.66443
1.33073
1.25892
1.25499
1.32824
1.46229
1.39743
1.46138
1.3983
1.74842
1.73398
1.71389
1.70199
1.77738
1.7603
1.78086
1.80066
1.51973
1.57806
1.57314
1.52257
1.62143
1.67389
1.62856
1.66443
1.73398
1.70199
1.74842
1.71389
1.7956
1.82991
1.80446
1.81819
1.83578
1.83578
1.80742
1.80446
1.7956
1.80066
1.81819
1.82991
1.77738
1.78086
1.7603
3.05628e-32
5.43239e-32
0.0885063
0.0861455
0.179166
0.17477
0.265298
0.271411
0.357174
0.449863
0.458502
0.364699
0.0885063
0.0861455
5.43239e-32
3.05628e-32
0.55232
0.542849
0.635638
0.645662
0.17477
0.271411
0.265298
0.179166
0.364699
0.357174
0.458502
0.449863
0.542849
0.645662
0.635638
0.55232
0.73807
0.727755
0.818747
0.829096
0.908181
0.995645
1.00534
0.918322
1.08075
1.16312
1.17127
1.08978
0.73807
0.829096
0.818747
0.727755
1.24949
1.3183
1.3241
1.24241
0.995645
1.00534
0.908181
0.918322
1.39047
1.45865
1.39482
1.46138
1.58199
1.52352
1.52257
1.58101
1.16312
1.08075
1.08978
1.17127
1.3241
1.24949
1.3183
1.24241
1.68124
1.63365
1.6367
1.68649
1.73119
1.76064
1.72362
1.77064
1.39047
1.45865
1.39482
1.46138
1.58199
1.52257
1.52352
1.58101
1.83326
1.81813
1.8047
1.79218
1.85623
1.8384
1.85293
1.87352
1.63365
1.68649
1.68124
1.6367
1.77064
1.76064
1.72362
1.73119
1.79218
1.81813
1.8047
1.83326
1.86458
1.86166
1.88507
1.89086
1.89086
1.86166
1.85293
1.87352
1.88507
1.85623
1.8384
2.87494e-32
0.0810183
5.08161e-32
0.0836494
0.0836494
0.0810183
5.08161e-32
2.87494e-32
0.170109
0.16518
0.251888
0.25879
0.340566
0.43066
0.440582
0.349131
0.532621
0.521633
0.61297
0.62474
0.25879
0.251888
0.170109
0.16518
0.716458
0.704175
0.794776
0.807307
0.440582
0.340566
0.43066
0.349131
0.61297
0.521633
0.62474
0.532621
0.716458
0.807307
0.794776
0.704175
0.896847
0.884317
0.972365
0.984652
1.05851
1.14236
1.15348
1.07032
1.23376
1.31083
1.22354
1.30171
0.972365
0.984652
0.884317
0.896847
1.37654
1.4541
1.38438
1.44773
1.05851
1.07032
1.15348
1.14236
1.57806
1.58101
1.51973
1.51499
1.68964
1.63772
1.69069
1.6367
1.31083
1.23376
1.22354
1.30171
1.4541
1.38438
1.37654
1.44773
1.73984
1.78396
1.77841
1.7366
1.82291
1.84606
1.85654
1.81494
1.51499
1.51973
1.58101
1.57806
1.69069
1.6367
1.63772
1.68964
1.90741
1.88474
1.89168
1.87167
1.90601
1.91463
1.9359
1.92448
1.7366
1.73984
1.77841
1.78396
1.81494
1.82291
1.85654
1.84606
1.88474
1.90741
1.87167
1.89168
1.91751
1.94161
1.94161
1.91463
1.92448
1.9359
1.90601
2.67444e-32
0.0753503
4.6957e-32
0.0782518
2.67444e-32
0.0782518
0.0753503
4.6957e-32
0.159985
0.154521
0.236896
0.244589
0.244589
0.236896
0.159985
0.154521
0.331483
0.321879
0.408892
0.420097
0.509887
0.497381
0.586808
0.600326
0.690911
0.676659
0.766439
0.781153
0.420097
0.408892
0.321879
0.331483
0.870593
0.855672
0.943906
0.958783
0.497381
0.600326
0.586808
0.509887
0.690911
0.781153
0.766439
0.676659
0.855672
0.870593
0.958783
0.943906
1.03071
1.11566
1.12975
1.0453
1.21175
1.27849
1.19838
1.29093
1.43954
1.36697
1.35565
1.42953
1.03071
1.11566
1.12975
1.0453
1.57314
1.49983
1.50836
1.56626
1.19838
1.29093
1.27849
1.21175
1.68649
1.68964
1.62856
1.63365
1.73984
1.78729
1.7884
1.74092
1.43954
1.42953
1.35565
1.36697
1.50836
1.57314
1.49983
1.56626
1.8705
1.82859
1.83201
1.86468
1.90373
1.93161
1.92072
1.89542
1.68649
1.63365
1.62856
1.68964
1.74092
1.78729
1.73984
1.7884
1.94049
1.95465
1.9709
1.95402
1.96317
1.96601
1.98218
1.98783
1.83201
1.82859
1.86468
1.8705
1.93161
1.89542
1.92072
1.90373
1.98783
1.94049
1.98218
1.96317
1.95465
1.9709
1.95402
0.0723134
0.0691415
4.27466e-32
2.45477e-32
2.45477e-32
0.0691415
4.27466e-32
0.0723134
0.148793
0.142795
0.220324
0.228808
0.148793
0.142795
0.228808
0.220324
0.30111
0.384558
0.397046
0.311756
0.397046
0.384558
0.30111
0.311756
0.484116
0.470091
0.557152
0.572417
0.661425
0.645205
0.733734
0.750633
0.839558
0.822245
0.910261
0.927732
0.557152
0.470091
0.572417
0.484116
1.01472
0.997331
1.08302
1.10008
0.645205
0.661425
0.750633
0.733734
0.910261
0.839558
0.927732
0.822245
1.01472
1.10008
1.08302
0.997331
1.26439
1.18344
1.16691
1.24863
1.4177
1.34259
1.40404
1.32779
1.5574
1.47708
1.54658
1.4894
1.26439
1.24863
1.18344
1.16691
1.68124
1.61227
1.67389
1.62143
1.4177
1.32779
1.34259
1.40404
1.73119
1.78396
1.7366
1.78729
1.87398
1.87515
1.83314
1.83201
1.5574
1.54658
1.47708
1.4894
1.61227
1.62143
1.68124
1.67389
1.91323
1.94612
1.94008
1.90967
1.97371
1.98464
1.99589
1.9651
1.7366
1.78396
1.78729
1.73119
1.83201
1.83314
1.87398
1.87515
1.99865
2.01259
2.02375
2.00708
2.00708
2.00989
2.02934
2.02934
1.94008
1.90967
1.94612
1.91323
1.97371
1.99589
1.98464
2.02375
2.01259
1.9651
1.99865
0.0658342
0.0623918
3.81847e-32
2.21593e-32
0.211444
0.20217
0.136533
0.130001
2.21593e-32
0.0623918
3.81847e-32
0.0658342
0.136533
0.130001
0.20217
0.211444
0.278261
0.357657
0.371429
0.289947
0.357657
0.278261
0.289947
0.371429
0.455307
0.439762
0.523998
0.541012
0.439762
0.541012
0.523998
0.455307
0.628
0.609809
0.696658
0.715742
0.803737
0.78403
0.871429
0.891494
0.95838
1.04443
1.06447
0.978554
0.609809
0.628
0.715742
0.696658
1.14882
1.12914
1.21211
1.2312
0.78403
0.871429
0.803737
0.891494
1.04443
0.978554
1.06447
0.95838
1.12914
1.2312
1.14882
1.21211
1.29294
1.31124
1.37126
1.38857
1.53379
1.44673
1.51902
1.46286
1.65287
1.58783
1.66443
1.60107
1.38857
1.37126
1.29294
1.31124
1.71389
1.77841
1.77064
1.72362
1.44673
1.46286
1.53379
1.51902
1.8705
1.82291
1.87398
1.82859
1.91442
1.95096
1.94975
1.91323
1.66443
1.65287
1.60107
1.58783
1.77841
1.72362
1.71389
1.77064
2.00463
1.97986
1.98354
2.01087
2.03285
2.02398
2.04939
2.03786
1.8705
1.82859
1.82291
1.87398
1.91442
1.95096
1.94975
1.91323
2.04898
2.06046
2.0462
2.066
2.0462
2.06046
2.03786
2.066
2.00463
1.98354
2.01087
1.97986
2.04939
2.03285
2.02398
0.058814
0.0551011
3.32715e-32
1.95792e-32
0.1925
0.182434
0.123204
0.116139
1.95792e-32
0.0551011
3.32715e-32
0.058814
0.343244
0.328189
0.25333
0.266057
0.123204
0.116139
0.182434
0.1925
0.25333
0.328189
0.343244
0.266057
0.423458
0.406393
0.487346
0.506109
0.506109
0.487346
0.423458
0.406393
0.590633
0.57047
0.655209
0.67648
0.590633
0.67648
0.655209
0.57047
0.763128
0.741026
0.827405
0.850066
0.936814
0.91385
0.999887
1.0229
1.10789
1.08506
1.16894
1.19136
0.827405
0.763128
0.850066
0.741026
1.35214
1.2729
1.33118
1.25111
0.91385
0.999887
1.0229
0.936814
1.08506
1.19136
1.16894
1.10789
1.35214
1.25111
1.2729
1.33118
1.48358
1.40879
1.50229
1.42871
1.62344
1.63921
1.55523
1.57255
1.76064
1.68793
1.74842
1.70199
1.40879
1.50229
1.48358
1.42871
1.8047
1.85654
1.86468
1.81494
1.55523
1.62344
1.63921
1.57255
1.90374
1.94612
1.90967
1.94975
1.98478
1.98354
2.01462
2.01587
1.70199
1.68793
1.76064
1.74842
1.86468
1.81494
1.85654
1.8047
2.05837
2.06477
2.04297
2.03918
2.08039
2.07212
2.08119
2.09216
1.90967
1.94612
1.90374
1.94975
2.01587
1.98478
1.98354
2.01462
2.08315
2.08039
2.09766
2.09766
2.05837
2.04297
2.07212
2.09216
2.03918
2.06477
2.08119
0.0512528
0.0472695
2.80069e-32
1.68073e-32
0.171973
0.161116
0.108808
0.101208
1.68073e-32
0.0472695
2.80069e-32
0.0512528
0.312491
0.296152
0.226317
0.240085
0.108808
0.101208
0.161116
0.171973
0.467707
0.447194
0.388569
0.369984
0.226317
0.296152
0.312491
0.240085
0.388569
0.369984
0.447194
0.467707
0.549322
0.527187
0.609384
0.632843
0.549322
0.632843
0.609384
0.527187
0.717728
0.693229
0.778185
0.803444
0.693229
0.717728
0.803444
0.778185
0.863736
0.949386
0.975382
0.889492
1.06065
1.03466
1.1191
1.14486
1.22757
1.3084
1.20229
1.28379
0.863736
0.975382
0.949386
0.889492
1.36323
1.4629
1.44024
1.38696
1.03466
1.1191
1.14486
1.06065
1.28379
1.20229
1.3084
1.22757
1.44024
1.36323
1.38696
1.4629
1.60557
1.51447
1.58558
1.53587
1.6533
1.73398
1.71731
1.6717
1.77738
1.83326
1.84606
1.79218
1.58558
1.60557
1.51447
1.53587
1.93161
1.88474
1.89542
1.94008
1.73398
1.6717
1.6533
1.71731
1.97371
2.01087
1.97986
2.01462
2.0699
2.04424
2.04297
2.06862
1.84606
1.77738
1.79218
1.83326
1.93161
1.89542
1.94008
1.88474
2.08767
2.10132
2.10786
2.09155
2.11876
2.10953
2.11227
2.12422
2.01462
1.97371
2.01087
1.97986
2.04424
2.06862
2.04297
2.0699
2.09155
2.10132
2.10786
2.10953
2.12422
2.11876
2.08767
0.0431507
0.038897
2.23909e-32
1.38438e-32
0.149864
0.138217
0.0933428
0.085209
1.38438e-32
0.038897
2.23909e-32
0.0431507
0.27917
0.261547
0.197222
0.212031
0.0933428
0.085209
0.138217
0.149864
0.425806
0.403543
0.350639
0.330533
0.197222
0.261547
0.27917
0.212031
0.504067
0.58483
0.559183
0.479958
0.350639
0.330533
0.403543
0.425806
0.504067
0.479958
0.559183
0.58483
0.667534
0.640638
0.723768
0.751626
0.667534
0.751626
0.640638
0.723768
0.836585
0.808035
0.892923
0.9219
0.892923
0.808035
0.836585
0.9219
1.00709
0.977936
1.0626
1.09169
1.25735
1.17525
1.14646
1.22908
1.38899
1.4156
1.31006
1.3376
0.977936
1.09169
1.0626
1.00709
1.46552
1.53929
1.56349
1.49102
1.22908
1.14646
1.25735
1.17525
1.38899
1.31006
1.4156
1.3376
1.46552
1.53929
1.49102
1.56349
1.69842
1.67729
1.60998
1.63273
1.74094
1.80066
1.81813
1.7603
1.90741
1.87167
1.92072
1.85623
1.69842
1.67729
1.60998
1.63273
1.9651
1.95402
2.00463
1.99589
1.80066
1.7603
1.74094
1.81813
2.06477
2.03285
2.03918
2.06862
2.11309
2.11178
2.09285
2.09155
1.85623
1.90741
1.87167
1.92072
1.99589
2.00463
1.9651
1.95402
2.13351
2.14014
2.12535
2.1293
2.13623
2.14557
2.14557
2.13351
2.03918
2.06477
2.06862
2.03285
2.11178
2.14014
2.09285
2.11309
2.1293
2.12535
2.09155
0.0345078
0.0299836
1.64237e-32
1.06886e-32
1.06886e-32
0.0299836
1.64237e-32
0.0345078
0.126174
0.113736
0.0768099
0.0681421
0.243281
0.224374
0.166046
0.181895
0.0768099
0.0681421
0.113736
0.126174
0.288042
0.380404
0.356391
0.309668
0.166046
0.224374
0.243281
0.181895
0.454865
0.53244
0.504603
0.428784
0.309668
0.288042
0.356391
0.380404
0.612545
0.694609
0.66415
0.583251
0.454865
0.428784
0.504603
0.53244
0.612545
0.583251
0.66415
0.694609
0.778089
0.746743
0.830493
0.862454
0.778089
0.862454
0.830493
0.746743
0.947202
0.914884
0.999419
1.03184
1.03184
0.914884
0.999419
0.947202
1.19898
1.11592
1.16705
1.08362
1.24925
1.28061
1.3604
1.32982
1.40838
1.51297
1.48455
1.43797
1.16705
1.08362
1.19898
1.11592
1.55798
1.65394
1.62835
1.58507
1.24925
1.32982
1.28061
1.3604
1.48455
1.40838
1.51297
1.43797
1.65394
1.55798
1.62835
1.58507
1.78086
1.69536
1.75873
1.7193
1.87352
1.81819
1.89168
1.8384
1.94049
1.92448
1.9709
1.98464
1.69536
1.75873
1.78086
1.7193
2.01259
2.05837
2.02398
2.04939
1.81819
1.89168
1.8384
1.87352
2.08119
2.10786
2.08767
2.11178
2.14545
2.1293
2.13062
2.14413
1.94049
1.98464
1.9709
1.92448
2.02398
2.04939
2.01259
2.05837
2.16166
2.15496
2.15225
2.15625
2.15625
2.14413
2.15225
2.16166
2.10786
2.08767
2.08119
2.11178
2.13062
2.14545
2.1293
7.34181e-33
0.0205296
1.01052e-32
0.0253241
0.0253241
0.0205296
1.01052e-32
7.34181e-33
0.100902
0.0876732
0.0592091
0.0500074
0.0592091
0.0500074
0.0876732
0.100902
0.204824
0.184633
0.132788
0.149678
0.331502
0.305739
0.265656
0.242509
0.132788
0.184633
0.149678
0.204824
0.401718
0.475672
0.445646
0.373664
0.265656
0.242509
0.305739
0.331502
0.55276
0.63239
0.521067
0.599331
0.401718
0.373664
0.445646
0.475672
0.714001
0.797039
0.762094
0.679859
0.55276
0.521067
0.599331
0.63239
0.714001
0.679859
0.762094
0.797039
0.880984
0.845499
0.929558
0.965324
0.880984
0.965324
0.845499
0.929558
1.01377
1.09767
1.04958
1.13328
1.01377
1.13328
1.09767
1.04958
1.26273
1.29727
1.1808
1.21598
1.34303
1.454
1.37673
1.42134
1.49726
1.57047
1.60053
1.52871
1.26273
1.1808
1.29727
1.21598
1.64063
1.73425
1.70744
1.66914
1.42134
1.34303
1.37673
1.454
1.60053
1.49726
1.57047
1.52871
1.70744
1.64063
1.73425
1.66914
1.82991
1.85293
1.77062
1.7956
1.9359
1.88507
1.95465
1.90601
1.99865
2.02375
2.03786
1.98218
1.77062
1.85293
1.7956
1.82991
2.07212
2.09216
2.06046
2.10132
1.90601
1.9359
1.95465
1.88507
2.12535
2.14413
2.11876
2.14014
2.16702
2.15625
2.16568
2.15758
1.98218
1.99865
2.03786
2.02375
2.07212
2.10132
2.09216
2.06046
2.16568
2.16838
2.17241
2.17241
2.14014
2.16702
2.15758
2.14413
2.12535
2.11876
2.15625
0.0155997
0.0105349
3.43565e-33
3.80339e-33
3.80339e-33
0.0105349
3.43565e-33
0.0155997
0.0405404
0.0308049
0.0600295
0.0740488
0.0740488
0.0600295
0.0405404
0.0308049
0.163799
0.142324
0.0974491
0.11538
0.0974491
0.11538
0.142324
0.163799
0.2791
0.251587
0.218604
0.193937
0.344625
0.414525
0.382311
0.314598
0.218604
0.193937
0.251587
0.2791
0.488178
0.56497
0.52931
0.454087
0.344625
0.314598
0.382311
0.414525
0.64432
0.725655
0.687723
0.607381
0.488178
0.454087
0.52931
0.56497
0.808432
0.892121
0.853012
0.769779
0.64432
0.607381
0.687723
0.725655
0.892121
0.808432
0.769779
0.853012
0.936905
1.02096
1.06024
0.976219
0.976219
1.06024
0.936905
1.02096
1.2262
1.10471
1.14371
1.18769
1.2262
1.10471
1.18769
1.14371
1.26948
1.34965
1.38655
1.30728
1.42782
1.50363
1.53817
1.46364
1.64678
1.67828
1.57672
1.60982
1.34965
1.26948
1.38655
1.30728
1.71349
1.80446
1.77657
1.74325
1.53817
1.50363
1.42782
1.46364
1.57672
1.67828
1.60982
1.64678
1.71349
1.80446
1.77657
1.74325
1.86166
1.83578
1.89086
1.91463
1.96317
1.94161
2.00708
1.98783
2.08039
2.02934
2.0462
2.066
1.89086
1.91463
1.83578
1.86166
2.13351
2.12422
2.10953
2.09766
1.94161
1.98783
1.96317
2.00708
2.14557
2.15225
2.16568
2.16166
2.17645
2.17376
2.17241
2.1778
2.066
2.02934
2.0462
2.08039
2.09766
2.10953
2.13351
2.12422
2.17241
2.16568
2.17376
2.1778
2.14557
2.16166
2.15225
8.91706e-35
0.00533484
0.00533484
8.91706e-35
0.0456146
0.0208043
0.0208043
0.0456146
0.120207
0.0790002
0.0790002
0.120207
0.168511
0.223199
0.168511
0.223199
0.283587
0.349001
0.418799
0.492348
0.283587
0.349001
0.569045
0.648298
0.492348
0.418799
0.729544
0.812231
0.648298
0.569045
0.895838
0.979852
0.729544
0.812231
0.895838
0.979852
1.06379
1.14719
1.06379
1.14719
1.22961
1.31062
1.31062
1.22961
1.38983
1.46685
1.54133
1.61292
1.74625
1.68133
1.46685
1.38983
1.86458
1.80742
1.61292
1.54133
1.68133
1.74625
1.86458
1.80742
1.91751
1.96601
2.04898
2.00989
2.11227
2.08315
1.91751
1.96601
2.15496
2.13623
2.04898
2.00989
2.17645
2.16838
2.17914
2.17645
2.08315
2.11227
2.13623
2.16838
2.15496
0.936905
1.26948
1.18769
0.0105349
1.02096
1.10471
1.02096
1.10471
0.936905
0.142324
0.193937
0.853012
1.18769
0.314598
0.769779
0.687723
1.26948
0.607381
0.52931
1.34965
0.454087
0.382311
1.42782
0.251587
1.50363
1.57672
0.0974491
0.0600295
1.64678
0.0308049
1.71349
1.77657
0.0105349
1.34965
1.42782
1.83578
1.89086
1.57672
1.94161
0.0308049
1.98783
2.02934
0.0600295
2.066
2.09766
0.0974491
2.12422
2.14557
0.142324
2.02934
2.16166
2.066
2.17241
0.193937
2.1778
2.1778
0.251587
2.17241
2.16166
0.314598
2.14557
2.12422
0.382311
2.09766
0.454087
1.98783
0.52931
1.94161
1.89086
0.607381
1.83578
1.77657
0.687723
1.71349
1.64678
0.769779
1.50363
0.853012
3.43565e-33
3.43565e-33
3.80339e-33
0.0155997
0.0155997
3.80339e-33
0.0740488
0.0405404
0.0405404
0.0740488
0.11538
0.163799
0.11538
0.163799
0.2791
0.218604
0.218604
0.2791
0.414525
0.344625
0.56497
0.488178
0.344625
0.414525
0.64432
0.725655
0.56497
0.488178
0.892121
0.808432
0.64432
0.725655
0.976219
1.06024
0.808432
0.892121
0.976219
1.06024
1.2262
1.14371
1.2262
1.14371
1.30728
1.38655
1.38655
1.30728
1.53817
1.46364
1.67828
1.60982
1.74325
1.80446
1.46364
1.53817
1.91463
1.86166
1.67828
1.60982
1.80446
1.74325
1.86166
1.91463
1.96317
2.00708
2.08039
2.0462
2.10953
2.13351
2.00708
1.96317
2.16568
2.15225
2.08039
2.0462
2.17645
2.17376
2.17376
2.16568
2.13351
2.10953
2.15225
1.1808
1.09767
1.09767
1.01377
1.1808
0.929558
0.0876732
0.845499
0.762094
1.26273
0.679859
1.34303
0.599331
0.521067
0.445646
1.42134
0.373664
1.49726
0.305739
0.242509
0.184633
1.57047
0.132788
1.64063
0.0500074
0.0205296
1.70744
1.77062
0.0205296
1.82991
1.26273
1.88507
1.9359
1.42134
0.0500074
1.98218
2.02375
1.64063
2.06046
0.0876732
2.09216
0.132788
2.11876
2.14014
2.15625
1.9359
0.184633
2.16702
0.242509
2.06046
2.17241
2.17241
2.16702
0.305739
2.15625
0.373664
2.14014
2.11876
2.09216
0.445646
0.521067
2.02375
1.98218
0.599331
1.88507
0.679859
1.82991
1.77062
1.70744
0.762094
0.845499
1.57047
1.49726
0.929558
1.34303
1.01377
1.01052e-32
1.01052e-32
7.34181e-33
0.0253241
0.0253241
7.34181e-33
0.100902
0.0592091
0.0592091
0.100902
0.149678
0.204824
0.204824
0.149678
0.331502
0.265656
0.265656
0.331502
0.475672
0.401718
0.55276
0.63239
0.401718
0.475672
0.714001
0.797039
0.63239
0.55276
0.880984
0.965324
0.797039
0.714001
1.13328
1.04958
0.880984
0.965324
1.13328
1.04958
1.21598
1.29727
1.29727
1.21598
1.454
1.37673
1.37673
1.454
1.60053
1.52871
1.73425
1.66914
1.7956
1.85293
1.60053
1.52871
1.90601
1.95465
1.66914
1.73425
1.85293
1.7956
1.90601
1.95465
1.99865
2.03786
2.07212
2.10132
2.12535
2.14413
2.03786
1.99865
2.16568
2.15758
2.07212
2.10132
2.16838
2.16568
2.15758
2.12535
2.14413
1.16705
0.999419
1.24925
0.0299836
0.914884
0.830493
0.746743
1.32982
0.66415
0.224374
0.288042
1.40838
0.583251
0.504603
0.428784
1.48455
0.356391
1.55798
0.166046
1.62835
0.113736
1.69536
0.0681421
1.75873
1.81819
0.0299836
1.87352
1.16705
1.92448
0.0681421
1.9709
2.01259
2.04939
1.48455
1.55798
0.113736
2.08119
0.166046
2.10786
2.1293
2.14545
0.224374
1.87352
2.15625
0.288042
1.9709
2.01259
2.16166
2.16166
2.15625
0.356391
2.14545
0.428784
2.1293
2.10786
2.08119
0.504603
2.04939
0.583251
1.92448
0.66415
0.746743
1.81819
1.75873
1.69536
0.830493
1.62835
0.914884
1.40838
0.999419
1.32982
1.08362
1.24925
1.08362
1.64237e-32
1.64237e-32
1.06886e-32
0.0345078
0.0345078
1.06886e-32
0.0768099
0.126174
0.0768099
0.126174
0.181895
0.243281
0.243281
0.181895
0.380404
0.309668
0.309668
0.380404
0.454865
0.53244
0.612545
0.694609
0.454865
0.53244
0.778089
0.862454
0.694609
0.612545
1.03184
0.947202
0.778089
0.862454
1.19898
1.11592
0.947202
1.03184
1.19898
1.11592
1.3604
1.28061
1.3604
1.28061
1.43797
1.51297
1.51297
1.43797
1.65394
1.58507
1.78086
1.7193
1.8384
1.89168
1.58507
1.65394
1.94049
1.98464
1.7193
1.78086
1.89168
1.8384
1.94049
1.98464
2.05837
2.02398
2.08767
2.11178
2.13062
2.14413
2.02398
2.05837
2.15496
2.15225
2.11178
2.08767
2.15225
2.14413
2.13062
1.31006
0.808035
0.723768
1.38899
0.640638
0.559183
1.46552
0.479958
0.403543
1.53929
0.330533
0.261547
1.60998
0.197222
0.138217
1.67729
0.085209
0.038897
1.74094
1.80066
0.038897
0.892923
0.977936
1.85623
1.90741
1.14646
1.95402
0.085209
1.99589
2.03285
0.138217
2.06477
2.09155
0.197222
2.11309
2.1293
0.261547
1.74094
2.14014
1.80066
2.14557
0.330533
2.14557
2.14014
0.403543
1.99589
2.03285
2.1293
2.11309
0.479958
2.09155
2.06477
0.559183
0.640638
1.95402
1.90741
0.723768
1.85623
0.808035
1.67729
0.892923
1.60998
1.53929
0.977936
1.46552
1.38899
1.0626
1.31006
1.22908
1.14646
1.0626
1.22908
2.23909e-32
2.23909e-32
1.38438e-32
0.0431507
0.0431507
1.38438e-32
0.149864
0.0933428
0.0933428
0.149864
0.27917
0.212031
0.212031
0.27917
0.425806
0.350639
0.350639
0.425806
0.58483
0.504067
0.667534
0.751626
0.58483
0.504067
0.9219
0.836585
0.667534
0.751626
1.09169
1.00709
0.9219
0.836585
1.25735
1.17525
1.09169
1.00709
1.17525
1.25735
1.4156
1.3376
1.3376
1.4156
1.56349
1.49102
1.49102
1.56349
1.69842
1.63273
1.81813
1.7603
1.87167
1.92072
1.63273
1.69842
2.00463
1.9651
1.7603
1.81813
1.92072
1.87167
2.00463
1.9651
2.03918
2.06862
2.09285
2.11178
2.12535
2.13351
2.06862
2.03918
2.13351
2.13623
2.09285
2.12535
2.11178
0.693229
0.609384
1.44024
0.527187
1.51447
0.447194
0.369984
0.296152
1.58558
0.226317
1.6533
0.161116
0.101208
0.0472695
1.71731
1.77738
0.0472695
1.83326
0.778185
1.88474
1.93161
0.949386
0.101208
1.97371
2.01087
1.20229
2.04297
0.161116
2.0699
0.226317
2.09155
2.10786
2.11876
1.58558
0.296152
2.12422
0.369984
1.77738
2.12422
2.11876
2.10786
0.447194
1.93161
2.09155
0.527187
2.0699
2.04297
2.01087
0.609384
1.97371
0.693229
1.88474
1.83326
0.778185
0.863736
1.71731
1.6533
0.949386
1.51447
1.03466
1.44024
1.36323
1.28379
1.1191
1.20229
1.1191
1.03466
1.28379
0.863736
1.36323
2.80069e-32
2.80069e-32
1.68073e-32
0.0512528
0.0512528
1.68073e-32
0.171973
0.108808
0.108808
0.171973
0.312491
0.240085
0.312491
0.240085
0.388569
0.467707
0.388569
0.467707
0.549322
0.632843
0.717728
0.803444
0.549322
0.632843
0.975382
0.889492
0.803444
0.717728
1.14486
1.06065
0.975382
0.889492
1.3084
1.22757
1.14486
1.06065
1.22757
1.3084
1.4629
1.38696
1.4629
1.38696
1.60557
1.53587
1.60557
1.53587
1.73398
1.6717
1.79218
1.84606
1.94008
1.89542
1.6717
1.73398
1.97986
2.01462
1.84606
1.79218
1.89542
1.94008
2.01462
1.97986
2.06862
2.04424
2.10132
2.08767
2.10953
2.11227
2.04424
2.06862
2.10132
2.10953
2.08767
1.48358
0.487346
1.55523
0.406393
0.328189
0.25333
1.62344
0.182434
1.68793
0.116139
0.0551011
1.74842
1.8047
0.0551011
1.85654
0.655209
1.90374
0.116139
1.94612
1.98354
2.01587
0.999887
1.08506
0.182434
2.04297
0.25333
2.06477
2.08119
2.09216
0.328189
1.48358
2.09766
0.406393
1.62344
1.68793
2.09766
2.09216
2.08119
0.487346
1.85654
2.06477
0.57047
2.04297
2.01587
1.98354
0.655209
1.94612
0.741026
1.90374
1.8047
0.827405
1.74842
0.91385
1.55523
0.999887
1.08506
1.40879
1.33118
1.25111
1.16894
1.16894
1.25111
0.91385
1.33118
0.827405
1.40879
0.741026
0.57047
3.32715e-32
3.32715e-32
1.95792e-32
0.058814
0.058814
1.95792e-32
0.123204
0.1925
0.123204
0.1925
0.343244
0.266057
0.266057
0.343244
0.423458
0.506109
0.423458
0.506109
0.67648
0.590633
0.850066
0.763128
0.590633
0.67648
0.936814
1.0229
0.763128
0.850066
1.10789
1.19136
0.936814
1.0229
1.2729
1.35214
1.19136
1.10789
1.2729
1.35214
1.50229
1.42871
1.50229
1.42871
1.63921
1.57255
1.57255
1.63921
1.76064
1.70199
1.86468
1.81494
1.90967
1.94975
1.70199
1.76064
2.01462
1.98478
1.86468
1.81494
1.90967
1.94975
2.01462
1.98478
2.05837
2.03918
2.08039
2.07212
2.08315
2.08039
2.03918
2.07212
2.05837
1.58783
0.278261
0.20217
1.65287
0.130001
0.0623918
1.71389
1.77064
0.0623918
0.357657
0.439762
1.82291
1.8705
0.609809
1.91323
0.130001
1.95096
1.98354
0.20217
2.01087
2.03285
0.278261
2.04939
2.06046
0.357657
1.29294
2.066
1.37126
2.066
0.439762
2.06046
2.04939
0.523998
1.65287
1.71389
2.03285
2.01087
0.609809
1.98354
1.95096
0.696658
1.91323
1.8705
0.78403
1.82291
1.77064
0.871429
0.95838
1.58783
1.51902
1.04443
1.44673
1.12914
1.21211
1.21211
1.12914
1.04443
1.29294
0.95838
0.871429
1.37126
0.78403
0.696658
1.44673
0.523998
1.51902
3.81847e-32
3.81847e-32
2.21593e-32
0.0658342
0.0658342
2.21593e-32
0.211444
0.136533
0.136533
0.211444
0.289947
0.371429
0.371429
0.289947
0.541012
0.455307
0.455307
0.541012
0.628
0.715742
0.803737
0.891494
0.628
0.715742
1.06447
0.978554
0.891494
0.803737
1.14882
1.2312
0.978554
1.06447
1.31124
1.38857
1.14882
1.2312
1.38857
1.31124
1.53379
1.46286
1.46286
1.53379
1.60107
1.66443
1.66443
1.60107
1.77841
1.72362
1.87398
1.82859
1.94975
1.91442
1.77841
1.72362
1.97986
2.00463
1.87398
1.82859
1.91442
1.94975
2.00463
1.97986
2.02398
2.03786
2.04898
2.0462
2.0462
2.03786
2.02398
0.142795
0.0691415
1.67389
1.73119
0.0691415
1.78396
0.220324
1.83201
1.87515
0.384558
0.142795
1.91323
1.94612
0.645205
1.97371
0.220324
1.99589
0.30111
2.01259
2.02375
2.02934
1.08302
0.384558
2.02934
0.470091
1.32779
2.02375
2.01259
1.99589
0.557152
1.54658
1.97371
0.645205
1.94612
1.91323
1.87515
0.733734
1.83201
0.822245
1.78396
1.73119
1.67389
0.910261
1.61227
0.997331
1.47708
1.40404
1.08302
1.16691
1.24863
1.16691
1.24863
0.997331
1.32779
0.910261
0.822245
0.733734
1.40404
1.47708
0.557152
0.470091
1.54658
0.30111
1.61227
4.27466e-32
4.27466e-32
2.45477e-32
0.0723134
0.0723134
2.45477e-32
0.148793
0.228808
0.148793
0.228808
0.397046
0.311756
0.397046
0.311756
0.572417
0.484116
0.484116
0.572417
0.661425
0.750633
0.927732
0.839558
0.661425
0.750633
1.10008
1.01472
0.839558
0.927732
1.18344
1.26439
1.01472
1.10008
1.34259
1.4177
1.18344
1.26439
1.34259
1.4177
1.5574
1.4894
1.5574
1.4894
1.68124
1.62143
1.68124
1.62143
1.7366
1.78729
1.87398
1.83314
1.94008
1.90967
1.78729
1.7366
1.9651
1.98464
1.87398
1.83314
1.90967
1.94008
1.98464
1.9651
2.00708
1.99865
2.00708
2.00989
1.99865
1.68649
1.73984
0.0753503
0.0753503
1.7884
1.83201
0.154521
1.8705
1.90373
0.408892
0.497381
1.93161
0.236896
1.95402
0.321879
1.9709
1.98218
1.98783
0.943906
0.408892
1.98783
1.11566
1.19838
0.497381
1.98218
1.9709
1.95402
1.42953
0.586808
1.93161
0.676659
1.90373
1.8705
1.68649
1.83201
0.766439
1.7884
0.855672
1.73984
1.62856
0.943906
1.56626
1.03071
1.49983
1.35565
1.11566
1.27849
1.19838
1.03071
1.27849
1.35565
0.855672
0.766439
0.676659
1.42953
0.586808
1.49983
0.321879
1.56626
0.236896
1.62856
0.154521
4.6957e-32
4.6957e-32
2.67444e-32
0.0782518
2.67444e-32
0.0782518
0.244589
0.159985
0.159985
0.244589
0.420097
0.331483
0.420097
0.331483
0.509887
0.600326
0.509887
0.600326
0.781153
0.690911
0.958783
0.870593
0.690911
0.781153
1.12975
1.0453
0.958783
0.870593
1.29093
1.21175
1.0453
1.12975
1.43954
1.36697
1.21175
1.29093
1.43954
1.36697
1.50836
1.57314
1.50836
1.57314
1.68964
1.63365
1.68964
1.63365
1.74092
1.78729
1.86468
1.82859
1.89542
1.92072
1.74092
1.78729
1.95465
1.94049
1.82859
1.86468
1.89542
1.92072
1.95465
1.94049
1.96601
1.96317
1.96317
0.0810183
1.73984
1.78396
1.82291
0.16518
1.85654
1.88474
0.251888
1.90741
1.92448
0.340566
1.9359
1.94161
0.704175
0.43066
0.794776
1.94161
1.9359
0.521633
1.92448
1.90741
1.14236
1.22354
0.61297
1.88474
1.85654
0.704175
1.82291
1.78396
0.794776
1.73984
1.69069
0.884317
1.6367
1.57806
0.972365
1.51499
1.44773
1.05851
1.37654
1.30171
1.14236
1.22354
1.05851
0.972365
1.30171
0.884317
1.37654
0.61297
1.44773
0.521633
0.43066
1.51499
0.340566
0.251888
1.57806
0.16518
0.0810183
1.6367
1.69069
5.08161e-32
5.08161e-32
2.87494e-32
0.0836494
0.0836494
2.87494e-32
0.170109
0.25879
0.170109
0.25879
0.349131
0.440582
0.440582
0.349131
0.62474
0.532621
0.62474
0.532621
0.807307
0.716458
0.984652
0.896847
0.716458
0.807307
1.15348
1.07032
0.984652
0.896847
1.23376
1.31083
1.15348
1.07032
1.38438
1.4541
1.23376
1.31083
1.38438
1.4541
1.51973
1.58101
1.51973
1.58101
1.68964
1.63772
1.68964
1.63772
1.77841
1.7366
1.81494
1.84606
1.89168
1.87167
1.7366
1.77841
1.90601
1.91463
1.81494
1.84606
1.87167
1.89168
1.90601
1.91751
1.91463
1.77064
0.17477
1.8047
1.83326
1.85623
0.265298
1.87352
0.357174
1.88507
0.449863
1.89086
1.89086
0.449863
0.727755
1.88507
0.542849
1.87352
1.85623
0.995645
1.83326
0.635638
1.8047
0.727755
1.77064
1.73119
1.39047
1.68649
0.818747
1.6367
0.908181
1.58199
1.52257
1.45865
0.995645
1.08075
1.3183
1.24241
1.16312
1.16312
1.08075
1.24241
0.908181
0.818747
1.3183
1.39047
0.635638
0.542849
1.45865
0.357174
1.52257
0.265298
0.17477
0.0861455
1.58199
1.6367
0.0861455
1.68649
1.73119
5.43239e-32
5.43239e-32
3.05628e-32
0.0885063
0.0885063
3.05628e-32
0.271411
0.179166
0.179166
0.271411
0.458502
0.364699
0.364699
0.458502
0.55232
0.645662
0.55232
0.645662
0.73807
0.829096
1.00534
0.918322
0.73807
0.829096
1.17127
1.08978
1.00534
0.918322
1.3241
1.24949
1.08978
1.17127
1.46138
1.39482
1.3241
1.24949
1.46138
1.39482
1.52352
1.58101
1.52352
1.58101
1.63365
1.68124
1.63365
1.68124
1.72362
1.76064
1.79218
1.81813
1.85293
1.8384
1.72362
1.76064
1.86458
1.86166
1.81813
1.79218
1.85293
1.8384
1.86166
0.183294
1.74842
1.77738
1.80066
0.277129
1.81819
0.277129
0.371703
1.82991
0.466502
0.56103
1.83578
1.83578
0.466502
1.82991
0.838356
0.56103
1.81819
1.80066
1.77738
0.654814
1.17794
1.25499
1.74842
0.7474
1.71389
1.67389
1.62856
0.838356
1.57806
0.927268
1.52257
1.46229
1.39743
1.01375
1.32824
1.09742
1.09742
1.17794
1.01375
1.25499
0.927268
0.7474
1.32824
0.654814
1.39743
0.371703
1.46229
1.52257
0.183294
0.0907322
1.57806
1.62856
0.0907322
1.67389
1.71389
5.74805e-32
5.74805e-32
3.21846e-32
0.0928228
0.0928228
3.21846e-32
0.282452
0.187156
0.187156
0.282452
0.47386
0.378189
0.47386
0.378189
0.663093
0.568984
0.568984
0.663093
0.755749
0.846524
0.935022
1.02086
0.755749
0.846524
1.18313
1.10367
0.935022
1.02086
1.25892
1.33073
1.10367
1.18313
1.3983
1.46138
1.33073
1.25892
1.46138
1.3983
1.51973
1.57314
1.57314
1.51973
1.62143
1.66443
1.66443
1.62143
1.70199
1.73398
1.7603
1.78086
1.7956
1.80446
1.70199
1.73398
1.80446
1.80742
1.78086
1.7603
1.7956
1.74094
0.28738
1.75873
0.0947785
1.77062
0.384154
1.77657
1.77657
0.480578
0.480578
0.576178
1.77062
1.75873
0.576178
1.74094
1.71731
0.670501
1.68793
1.65287
0.763113
1.61227
1.18684
1.56626
0.853604
1.51499
1.45865
0.941581
1.39743
1.33156
1.02667
1.26127
1.10854
1.10854
1.02667
1.18684
0.941581
0.853604
1.26127
0.763113
0.670501
1.33156
1.39743
0.384154
0.28738
1.45865
0.19075
1.51499
1.56626
0.0947785
1.71731
1.61227
1.65287
1.68793
0.19075
6.0286e-32
6.0286e-32
3.3615e-32
0.096599
0.096599
3.3615e-32
0.19408
0.291914
0.19408
0.291914
0.486656
0.389602
0.389602
0.486656
0.677036
0.582616
0.582616
0.677036
0.859593
0.769497
1.0312
0.946948
0.769497
0.859593
1.11201
1.18906
1.0312
0.946948
1.26206
1.33073
1.18906
1.11201
1.39482
1.4541
1.33073
1.26206
1.39482
1.4541
1.5574
1.50836
1.5574
1.50836
1.60107
1.63921
1.63921
1.60107
1.69842
1.6717
1.73425
1.7193
1.74625
1.74325
1.69842
1.6717
1.74325
1.7193
1.73425
0.296053
1.70744
0.394528
1.71349
1.71349
1.70744
0.296053
0.492093
1.69536
0.588295
1.67729
1.65329
1.62344
0.774896
0.6827
1.58783
0.774896
1.54658
1.03443
1.49983
1.44773
1.1898
0.864494
1.39047
0.951121
1.32824
1.26127
1.03443
1.11409
1.11409
0.951121
0.864494
1.1898
1.26127
0.6827
0.588295
0.492093
1.32824
0.394528
1.39047
0.197141
0.0982847
1.44773
1.49983
0.0982847
1.69536
1.54658
1.58783
1.62344
0.197141
1.65329
1.67729
6.27406e-32
6.27406e-32
3.48538e-32
0.0998353
0.0998353
3.48538e-32
0.299797
0.199937
0.199937
0.299797
0.496891
0.398938
0.496891
0.398938
0.687491
0.593217
0.593217
0.687491
0.868305
0.779315
1.03637
0.954103
0.779315
0.868305
1.18906
1.11479
0.954103
1.03637
1.3241
1.25892
1.18906
1.11479
1.43954
1.38438
1.25892
1.3241
1.38438
1.43954
1.4894
1.53379
1.4894
1.53379
1.57255
1.60557
1.57255
1.60557
1.63273
1.65394
1.66914
1.67828
1.68133
1.67828
1.65394
1.63273
1.66914
0.402826
1.64678
1.64678
0.101251
1.64063
0.501048
1.62835
0.597381
1.60998
0.501048
0.597381
1.58558
1.55523
0.691412
1.51902
0.782751
1.47708
1.42953
1.03702
1.37654
0.871027
1.3183
0.955891
1.25499
1.18684
1.11409
1.03702
1.11409
0.955891
0.871027
0.782751
1.18684
0.691412
1.25499
0.402826
1.3183
0.303148
1.37654
0.202465
1.42953
1.47708
0.101251
1.64063
1.51902
1.55523
0.202465
1.58558
1.60998
1.62835
0.303148
6.48444e-32
6.48444e-32
3.59014e-32
0.102532
0.102532
3.59014e-32
0.204728
0.306103
0.204728
0.306103
0.504566
0.406198
0.504566
0.406198
0.694461
0.600789
0.600789
0.694461
0.785206
0.87266
1.03637
0.956488
0.87266
0.785206
1.11201
1.18313
0.956488
1.03637
1.31083
1.24949
1.18313
1.11201
1.4177
1.36697
1.31083
1.24949
1.36697
1.4177
1.46286
1.50229
1.46286
1.50229
1.56349
1.53587
1.56349
1.53587
1.58507
1.60053
1.60982
1.61292
1.60982
1.58507
1.60053
1.57047
0.507444
1.55798
1.53929
0.603437
1.51447
1.48358
0.696639
1.44673
0.507444
1.40404
0.786678
1.35565
0.786678
1.30171
0.873205
0.873205
1.24241
1.17794
0.955891
1.10854
1.03443
1.03443
0.955891
1.10854
0.696639
1.17794
0.603437
1.24241
0.409049
0.308665
1.30171
0.206724
0.103678
1.35565
1.40404
0.103678
1.57672
1.44673
1.57672
1.48358
1.51447
0.206724
1.53929
1.55798
0.308665
1.57047
0.409049
6.65975e-32
6.65975e-32
3.67576e-32
0.104689
0.104689
3.67576e-32
0.310832
0.208455
0.310832
0.208455
0.411383
0.509682
0.509682
0.411383
0.697945
0.605331
0.605331
0.697945
0.787169
0.87266
0.954103
1.0312
0.87266
0.787169
1.17127
1.10367
1.0312
0.954103
1.23376
1.29093
1.17127
1.10367
1.38857
1.34259
1.29093
1.23376
1.34259
1.38857
1.42871
1.4629
1.4629
1.42871
1.49102
1.51297
1.51297
1.49102
1.52871
1.53817
1.54133
1.53817
1.52871
0.511281
1.46552
0.606466
1.44024
1.40879
1.37126
0.312606
0.698381
1.32779
0.511281
0.786678
1.27849
1.22354
1.16312
0.871027
1.09742
0.951121
1.02667
0.951121
0.871027
1.02667
0.786678
1.09742
0.698381
0.606466
1.16312
0.413197
1.22354
0.209918
0.105565
1.27849
1.32779
0.105565
1.48455
1.37126
1.40879
1.44024
1.50363
0.209918
1.46552
1.48455
1.49726
0.312606
0.413197
1.50363
1.49726
6.80001e-32
6.80001e-32
3.74227e-32
0.106306
0.106306
3.74227e-32
0.313985
0.211116
0.211116
0.313985
0.51224
0.414494
0.414494
0.51224
0.697945
0.606845
0.606845
0.697945
0.868305
0.785206
1.02086
0.946948
0.868305
0.785206
1.15348
1.08978
1.02086
0.946948
1.26439
1.21175
1.15348
1.08978
1.31124
1.35214
1.21175
1.26439
1.31124
1.35214
1.4156
1.38696
1.4156
1.38696
1.43797
1.454
1.454
1.43797
1.46364
1.46685
1.46364
0.606466
1.36323
1.33118
1.29294
0.696639
1.24863
0.31497
0.782751
1.19838
0.51256
1.14236
1.08075
0.864494
1.01375
0.941581
0.941581
0.864494
0.782751
1.01375
0.696639
1.08075
0.606466
0.415271
1.14236
1.19838
0.212047
0.106913
1.24863
1.29294
0.106913
1.38899
1.33118
1.36323
1.42134
1.42782
0.212047
1.38899
1.40838
1.42134
0.31497
1.42782
0.415271
1.40838
0.51256
6.90524e-32
6.90524e-32
3.78966e-32
0.107384
0.107384
3.78966e-32
0.315561
0.212713
0.212713
0.315561
0.51224
0.415531
0.51224
0.415531
0.694461
0.605331
0.605331
0.694461
0.779315
0.859593
0.935022
1.00534
0.779315
0.859593
1.07032
1.12975
1.00534
0.935022
1.18344
1.2312
1.12975
1.07032
1.3084
1.2729
1.2312
1.18344
1.2729
1.3084
1.3604
1.3376
1.3376
1.3604
1.38655
1.37673
1.37673
1.38655
1.38983
1.21211
0.691412
1.16691
0.107721
1.11566
0.774896
1.05851
0.995645
0.853604
0.511281
0.603437
0.927268
0.853604
0.927268
0.774896
0.691412
0.995645
1.05851
0.415271
0.315758
1.11566
0.213111
1.16691
1.21211
0.107721
1.25111
1.25111
1.28379
1.28379
1.31006
0.213111
1.32982
1.34303
0.315758
1.34965
1.34965
0.415271
1.34303
1.32982
0.511281
1.31006
0.603437
6.97543e-32
6.97543e-32
3.81794e-32
0.107923
0.107923
3.81794e-32
0.213245
0.315561
0.213245
0.315561
0.509682
0.414494
0.414494
0.509682
0.687491
0.600789
0.600789
0.687491
0.769497
0.846524
0.984652
0.918322
0.846524
0.769497
1.10008
1.0453
0.984652
0.918322
1.19136
1.14882
1.10008
1.0453
1.25735
1.22757
1.19136
1.14882
1.22757
1.25735
1.29727
1.28061
1.29727
1.28061
1.30728
1.30728
1.31062
0.6827
1.03071
0.763113
0.972365
0.908181
0.838356
0.31497
0.838356
0.763113
0.908181
0.6827
0.597381
0.507444
0.972365
0.413197
1.03071
0.213111
0.107991
1.08302
1.12914
0.107991
1.08302
1.16894
1.20229
1.22908
1.20229
0.213111
1.24925
1.26273
1.26948
0.31497
1.26948
0.413197
1.26273
1.24925
1.22908
0.507444
0.597381
1.16894
1.12914
7.01061e-32
7.01061e-32
3.82712e-32
0.107923
0.107923
3.82712e-32
0.313985
0.212713
0.212713
0.313985
0.504566
0.411383
0.411383
0.504566
0.593217
0.677036
0.677036
0.593217
0.755749
0.829096
0.896847
0.958783
0.755749
0.829096
1.01472
1.06447
0.896847
0.958783
1.14486
1.10789
1.01472
1.06447
1.17525
1.19898
1.14486
1.10789
1.17525
1.19898
1.2262
1.21598
1.2262
1.21598
1.22961
0.7474
0.884317
0.818747
0.107721
0.7474
0.818747
0.670501
0.884317
0.588295
0.501048
0.409049
0.943906
0.312606
0.99733
0.212047
1.04443
1.08506
0.107721
0.943906
1.1191
1.14646
1.04443
1.08506
0.212047
1.16705
1.1808
1.18769
1.16705
0.312606
1.18769
0.409049
1.1808
1.14646
0.501048
1.1191
0.588295
0.99733
0.670501
7.01076e-32
7.01076e-32
3.81719e-32
0.107384
0.107384
3.81719e-32
0.310832
0.211116
0.211116
0.310832
0.406198
0.496891
0.496891
0.406198
0.582616
0.663093
0.582616
0.663093
0.73807
0.807307
0.927732
0.870593
0.807307
0.73807
0.978553
1.0229
0.927732
0.870593
1.06065
1.09169
0.978553
1.0229
1.11592
1.13328
1.06065
1.09169
1.11592
1.13328
1.14719
1.14371
1.14371
0.654814
0.794776
0.576178
0.492093
0.855672
0.402826
0.308665
0.910261
0.209918
0.106913
0.95838
0.999887
0.106913
0.727755
1.03466
0.794776
1.0626
1.08362
0.209918
1.09767
1.10471
0.999887
1.03466
0.308665
1.10471
1.09767
0.402826
1.08362
1.0626
0.492093
0.576178
0.95838
0.910261
0.654814
0.855672
0.727755
6.9759e-32
6.9759e-32
3.78815e-32
0.106306
0.106306
3.78815e-32
0.208455
0.306103
0.208455
0.306103
0.486656
0.398938
0.486656
0.398938
0.568984
0.645662
0.568984
0.645662
0.716458
0.781153
0.891494
0.839557
0.781153
0.716458
0.975382
0.936814
0.891494
0.839557
1.03184
1.00709
0.975382
0.936814
1.06024
1.04958
1.00709
1.03184
1.06024
1.04958
1.06379
0.766439
0.394528
0.822245
0.303148
0.206724
0.105565
0.871429
0.91385
0.105565
0.480578
0.949386
0.977936
0.999419
0.704175
0.206724
1.01377
1.02096
1.02096
0.871429
0.303148
1.01377
0.394528
0.999419
0.977936
0.949386
0.480578
0.91385
0.56103
0.822245
0.766439
0.635638
0.704175
0.635638
0.56103
6.90601e-32
6.90601e-32
3.74e-32
0.104689
0.104689
3.74e-32
0.299797
0.204728
0.204728
0.299797
0.389602
0.47386
0.47386
0.389602
0.552319
0.62474
0.62474
0.552319
0.750632
0.69091
0.803737
0.850066
0.750632
0.69091
0.9219
0.889492
0.850066
0.803737
0.947202
0.965324
0.9219
0.889492
0.979852
0.976219
0.965324
0.947202
0.976219
0.78403
0.202465
0.103678
0.827405
0.863736
0.103678
0.296053
0.892923
0.914884
0.466502
0.542849
0.202465
0.929558
0.936905
0.936905
0.733734
0.296053
0.929558
0.384154
0.914884
0.892923
0.863736
0.466502
0.827405
0.542849
0.78403
0.676659
0.61297
0.61297
0.676659
0.384154
0.733734
6.8011e-32
6.8011e-32
3.67274e-32
0.102532
0.102532
3.67274e-32
0.199937
0.291914
0.199937
0.291914
0.458502
0.378189
0.458502
0.378189
0.600325
0.532621
0.600325
0.532621
0.715742
0.661425
0.763128
0.803444
0.715742
0.661425
0.836585
0.862454
0.763128
0.803444
0.880984
0.89212
0.862454
0.836585
0.895837
0.89212
0.880984
0.778185
0.101251
0.808035
0.101251
0.830493
0.845499
0.197141
0.853012
0.853012
0.449863
0.521633
0.28738
0.845499
0.645204
0.830493
0.371703
0.808035
0.778185
0.449863
0.741026
0.696658
0.521633
0.586808
0.586808
0.645204
0.371703
0.28738
0.696658
0.197141
0.741026
6.66114e-32
6.66114e-32
3.58636e-32
0.0998353
3.58636e-32
0.0998353
0.282452
0.19408
0.19408
0.282452
0.364699
0.440582
0.364699
0.440582
0.572417
0.509887
0.509887
0.572417
0.628
0.67648
0.717727
0.751626
0.67648
0.628
0.778089
0.797039
0.751626
0.717727
0.812231
0.808432
0.797039
0.778089
0.808432
0.0982847
0.723768
0.746743
0.762094
0.19075
0.769779
0.277129
0.769779
0.762094
0.277129
0.746743
0.357174
0.723768
0.693229
0.655209
0.43066
0.609809
0.497381
0.557151
0.497381
0.43066
0.557151
0.357174
0.609809
0.19075
0.0982847
0.655209
0.693229
6.48614e-32
6.48614e-32
3.48085e-32
0.096599
0.096599
3.48085e-32
0.271411
0.187156
0.187156
0.271411
0.420097
0.349131
0.349131
0.420097
0.541012
0.484116
0.541012
0.484116
0.632843
0.590633
0.694609
0.667534
0.590633
0.632843
0.714001
0.725655
0.694609
0.667534
0.729544
0.714001
0.725655
0.679859
0.183294
0.687723
0.0947785
0.687723
0.679859
0.265298
0.66415
0.340566
0.408892
0.470091
0.640638
0.609384
0.57047
0.408892
0.523998
0.470091
0.340566
0.523998
0.265298
0.57047
0.183294
0.609384
0.640638
0.0947785
0.66415
6.27607e-32
6.27607e-32
3.3562e-32
0.0928228
0.0928228
3.3562e-32
0.25879
0.179166
0.179166
0.25879
0.331483
0.397046
0.331483
0.397046
0.455307
0.506109
0.506109
0.455307
0.58483
0.549322
0.612545
0.63239
0.549322
0.58483
0.64432
0.648298
0.63239
0.612545
0.64432
0.17477
0.607381
0.599331
0.251888
0.583251
0.559183
0.321879
0.527187
0.487346
0.384558
0.439762
0.384558
0.439762
0.321879
0.251888
0.487346
0.17477
0.0907322
0.527187
0.559183
0.0907322
0.583251
0.599331
0.607381
6.03092e-32
6.03092e-32
3.21241e-32
0.0885063
0.0885063
3.21241e-32
0.244589
0.170109
0.170109
0.244589
0.311756
0.371428
0.311756
0.371428
0.423458
0.467707
0.423458
0.467707
0.504067
0.53244
0.56497
0.55276
0.53244
0.504067
0.56497
0.569045
0.55276
0.521067
0.504603
0.236896
0.479958
0.30111
0.447194
0.236896
0.406393
0.357657
0.357657
0.30111
0.406393
0.16518
0.0861455
0.447194
0.479958
0.0861455
0.504603
0.52931
0.521067
0.52931
0.16518
5.75068e-32
5.75068e-32
0.0836494
3.04947e-32
0.0836494
3.04947e-32
0.228808
0.159985
0.159985
0.228808
0.343244
0.289947
0.343244
0.289947
0.388569
0.425806
0.388569
0.425806
0.475672
0.454865
0.492348
0.488178
0.454865
0.488178
0.475672
0.220324
0.403543
0.278261
0.369984
0.328189
0.278261
0.328189
0.220324
0.369984
0.154521
0.0810182
0.403543
0.428784
0.0810182
0.445646
0.445646
0.454087
0.154521
0.454087
0.428784
5.43533e-32
5.43533e-32
2.86737e-32
0.0782518
0.0782518
2.86737e-32
0.211444
0.148793
0.148793
0.211444
0.312491
0.266057
0.266057
0.312491
0.350639
0.380404
0.380404
0.350639
0.401718
0.414525
0.418799
0.414525
0.401718
0.25333
0.25333
0.20217
0.296152
0.142795
0.0753503
0.330533
0.356391
0.0753503
0.296152
0.330533
0.373664
0.38231
0.38231
0.142795
0.373664
0.356391
0.20217
5.08486e-32
5.08486e-32
2.66611e-32
0.0723134
0.0723134
2.66611e-32
0.1925
0.136533
0.1925
0.136533
0.27917
0.240085
0.27917
0.240085
0.331502
0.309668
0.309668
0.331502
0.344625
0.349001
0.344625
0.130001
0.0691415
0.261547
0.288042
0.0691415
0.305739
0.182434
0.314598
0.314598
0.261547
0.130001
0.305739
0.288042
0.182434
0.226317
0.226317
4.69926e-32
4.69926e-32
2.44568e-32
0.0658342
0.0658342
2.44568e-32
0.123204
0.171973
0.123204
0.171973
0.243281
0.212031
0.243281
0.212031
0.2791
0.265656
0.265656
0.283587
0.2791
0.224374
0.242509
0.0623918
0.0623918
0.251587
0.251587
0.116139
0.242509
0.224374
0.197222
0.161116
0.161116
0.197222
0.116139
4.27853e-32
4.27853e-32
2.20608e-32
0.058814
2.20608e-32
0.058814
0.108808
0.149864
0.108808
0.149864
0.204824
0.181895
0.204824
0.181895
0.223199
0.218604
0.218604
0.0551011
0.193937
0.193937
0.184633
0.101208
0.166046
0.138217
0.138217
0.101208
0.0551011
0.166046
0.184633
3.82266e-32
3.82266e-32
1.94731e-32
0.0512528
0.0512528
1.94731e-32
0.126174
0.0933428
0.0933428
0.126174
0.149678
0.163799
0.149678
0.163799
0.168511
0.132788
0.085209
0.113736
0.085209
0.0472695
0.113736
0.132788
0.0472695
0.142324
0.142324
3.33164e-32
3.33164e-32
1.66937e-32
0.0431507
0.0431507
1.66937e-32
0.100902
0.0768099
0.0768099
0.100902
0.11538
0.11538
0.120207
0.0681421
0.0681421
0.038897
0.0876732
0.0974491
0.038897
0.0974491
0.0876732
2.80549e-32
2.80549e-32
1.37226e-32
0.0345078
1.37226e-32
0.0345078
0.0592091
0.0740488
0.0592091
0.0740488
0.0790002
0.0600295
0.0299836
0.0600295
0.0500074
0.0299836
0.0500074
2.24421e-32
2.24421e-32
0.0253241
1.05598e-32
0.0253241
1.05598e-32
0.0405404
0.0405404
0.0456146
0.0205296
0.0308049
0.0205296
0.0308049
1.64779e-32
1.64779e-32
7.20544e-33
0.0155997
0.0155997
7.20544e-33
0.0208042
0.0105349
0.0105349
1.01626e-32
1.01626e-32
3.65943e-33
3.65943e-33
0.00533485
1.51154e-35
3.49611e-33
3.49611e-33
