1.55647e-35
3.60003e-33
3.60003e-33
3.7683e-33
1.04646e-32
0.00549344
0.0108481
3.7683e-33
1.04646e-32
0.0108481
7.41963e-33
0.0211395
1.69674e-32
0.0160633
0.021422
0.0317202
0.0317202
0.0160633
0.0211395
1.69674e-32
7.41963e-33
1.08736e-32
0.030874
2.31083e-32
0.0260763
0.0514925
0.0618123
0.0417441
0.0469696
1.08736e-32
0.030874
0.0417441
0.0618123
0.0514925
0.0260763
2.31083e-32
1.41301e-32
0.0355323
0.0400514
2.88873e-32
0.0609665
0.0701648
0.0902758
0.0762475
0.100342
0.0813453
0.100342
0.0762475
0.0355323
2.88873e-32
0.0400514
1.41301e-32
0.0701648
0.0609665
0.0902758
1.71891e-32
3.43043e-32
0.0444311
0.0486716
0.0790887
0.0877368
0.11711
0.103896
0.0486716
3.43043e-32
0.0444311
1.71891e-32
0.146547
0.123775
0.136728
0.118803
0.118803
0.11711
0.136728
0.0790887
0.146547
0.103896
0.0877368
2.00506e-32
0.0567344
3.93592e-32
0.0527726
0.0961105
0.104208
0.142315
0.129916
0.168658
0.154117
0.17097
0.190108
3.93592e-32
0.0567344
0.0527726
2.00506e-32
0.0961105
0.142315
0.104208
0.129916
0.173509
0.199688
0.168658
0.199688
0.17097
0.190108
0.154117
2.27145e-32
0.0642398
4.40521e-32
0.0605567
0.112032
0.119579
0.16589
0.154306
0.231023
0.210896
0.187286
0.203066
0.225084
0.249696
0.259044
0.229816
2.27145e-32
0.0642398
4.40521e-32
0.0605567
0.112032
0.119579
0.16589
0.154306
0.249696
0.231023
0.203066
0.259044
0.187286
0.225084
0.210896
2.51809e-32
0.0711877
4.83828e-32
0.0677833
0.126852
0.133849
0.187835
0.177066
0.233018
0.269292
0.250488
0.218311
0.273526
0.296572
0.314794
0.287369
0.0677833
2.51809e-32
0.0711877
4.83828e-32
0.291988
0.323915
0.323915
0.287369
0.133849
0.187835
0.126852
0.177066
0.250488
0.296572
0.314794
0.233018
0.218311
0.273526
0.269292
2.74497e-32
0.0775783
5.23515e-32
0.0744526
0.198196
0.140572
0.147018
0.20815
0.260824
0.304914
0.287434
0.24719
0.318835
0.340313
0.366937
0.341316
0.354827
0.384721
0.393624
0.359333
5.23515e-32
0.0744526
2.74497e-32
0.0775783
0.20815
0.147018
0.198196
0.140572
0.393624
0.384721
0.354827
0.341316
0.287434
0.24719
0.260824
0.304914
0.340313
0.366937
0.318835
2.95211e-32
0.0834117
5.59583e-32
0.0805646
0.153191
0.226835
0.217696
0.159087
0.0805646
0.0834117
5.59583e-32
2.95211e-32
0.286485
0.33789
0.321733
0.273923
0.361009
0.415473
0.391656
0.380921
0.426787
0.441461
0.458822
0.4136
0.467513
0.431187
0.426787
0.467513
0.159087
0.226835
0.217696
0.153191
0.33789
0.286485
0.321733
0.273923
0.458822
0.441461
0.380921
0.4136
0.415473
0.361009
0.391656
3.13951e-32
0.088688
5.92033e-32
0.0861194
0.164709
0.170056
0.243891
0.235566
0.0861194
0.088688
5.92033e-32
3.13951e-32
0.310001
0.368219
0.353385
0.298512
0.170056
0.235566
0.243891
0.164709
0.40005
0.418395
0.438388
0.460402
0.489728
0.494134
0.519507
0.468306
0.544943
0.506898
0.536457
0.502603
0.502603
0.544943
0.536457
0.489728
0.298512
0.368219
0.310001
0.353385
0.519507
0.438388
0.460402
0.418395
0.40005
0.468306
0.494134
3.30717e-32
0.0911174
0.0934077
6.20868e-32
0.175128
0.179925
0.259317
0.251807
0.331373
0.395903
0.382391
0.320956
0.0911174
0.0934077
6.20868e-32
3.30717e-32
0.259317
0.179925
0.251807
0.175128
0.435957
0.452735
0.501723
0.481513
0.331373
0.382391
0.320956
0.395903
0.518945
0.54274
0.57568
0.548157
0.569076
0.581648
0.600458
0.617012
0.625299
0.581648
0.585842
0.625299
0.569076
0.600458
0.617012
0.548157
0.452735
0.54274
0.481513
0.435957
0.57568
0.518945
0.501723
3.45512e-32
6.4609e-32
0.0955587
0.0975709
0.184447
0.188694
0.273116
0.26642
0.350602
0.420942
0.408753
0.341256
0.0955587
0.0975709
6.4609e-32
3.45512e-32
0.468731
0.483944
0.539439
0.521032
0.273116
0.188694
0.26642
0.184447
0.408753
0.420942
0.350602
0.341256
0.58728
0.565518
0.62734
0.602074
0.483944
0.468731
0.521032
0.539439
0.651035
0.630604
0.683718
0.659514
0.663316
0.699889
0.667412
0.707985
0.707985
0.651035
0.663316
0.699889
0.630604
0.602074
0.565518
0.659514
0.58728
0.62734
0.683718
3.58336e-32
0.101178
6.677e-32
0.0994439
0.192668
0.196366
0.285288
0.279405
0.367689
0.443338
0.359414
0.43247
0.498374
0.512022
0.573551
0.556945
0.0994439
0.101178
6.677e-32
3.58336e-32
0.196366
0.285288
0.279405
0.192668
0.674491
0.627756
0.608026
0.651479
0.443338
0.367689
0.43247
0.359414
0.556945
0.498374
0.512022
0.573551
0.745063
0.715061
0.687189
0.713628
0.608026
0.674491
0.627756
0.651479
0.747019
0.735022
0.784514
0.768713
0.792425
0.751022
0.747019
0.792425
0.715061
0.745063
0.713628
0.735022
0.784514
0.768713
0.687189
3.6919e-32
0.104229
6.85702e-32
0.102773
0.19979
0.20294
0.295833
0.290764
0.382636
0.37543
0.463093
0.453545
0.524888
0.536972
0.604061
0.589256
3.6919e-32
6.85702e-32
0.102773
0.104229
0.696375
0.646471
0.664171
0.717133
0.19979
0.20294
0.295833
0.290764
0.463093
0.382636
0.453545
0.37543
0.762801
0.801049
0.773726
0.738832
0.589256
0.604061
0.524888
0.536972
0.646471
0.664171
0.696375
0.717133
0.831772
0.854888
0.800963
0.82047
0.801049
0.762801
0.738832
0.773726
0.836107
0.832196
0.878065
0.870332
0.831772
0.878065
0.854888
0.870332
0.82047
0.832196
0.800963
3.78075e-32
0.106725
7.00097e-32
0.105547
0.205815
0.208416
0.304754
0.300497
0.389307
0.395444
0.480208
0.47198
0.548274
0.558795
0.630971
0.617966
0.105547
0.106725
7.00097e-32
3.78075e-32
0.736765
0.680856
0.696527
0.755271
0.205815
0.300497
0.304754
0.208416
0.851679
0.827033
0.807038
0.785537
0.395444
0.480208
0.47198
0.389307
0.617966
0.630971
0.558795
0.548274
0.889071
0.919108
0.887767
0.861142
0.755271
0.680856
0.696527
0.736765
0.851679
0.807038
0.785537
0.827033
0.918299
0.906837
0.941709
0.95681
0.887767
0.861142
0.919108
0.889071
0.964371
0.922124
0.918299
0.906837
0.95681
0.941709
0.964371
3.84994e-32
0.108666
7.10888e-32
0.107765
0.210744
0.212797
0.312052
0.308606
0.107765
0.108666
7.10888e-32
3.84994e-32
0.401046
0.406114
0.494687
0.487777
0.568536
0.577495
0.654286
0.643078
0.788908
0.772652
0.711184
0.724827
0.308606
0.210744
0.312052
0.212797
0.846341
0.874987
0.896957
0.827306
0.401046
0.494687
0.487777
0.406114
0.948912
0.940612
0.97718
0.915561
0.654286
0.577495
0.643078
0.568536
0.788908
0.724827
0.711184
0.772652
0.993598
1.00656
1.02866
0.97495
0.896957
0.846341
0.827306
0.874987
0.97718
0.948912
0.915561
0.940612
1.00481
1.00855
1.05083
1.04344
0.993598
0.97495
1.00656
1.02866
1.05083
1.00481
1.04344
3.89946e-32
0.110053
7.18075e-32
0.109429
0.214576
0.216081
0.317726
0.315092
0.410648
0.414648
0.506529
0.500937
0.109429
0.110053
7.18075e-32
3.89946e-32
0.315092
0.317726
0.214576
0.216081
0.585675
0.593074
0.674007
0.664595
0.749076
0.818049
0.80404
0.737458
0.880716
0.917591
0.93689
0.864144
0.410648
0.500937
0.506529
0.414648
0.986403
1.02911
1.00391
0.964226
0.585675
0.664595
0.593074
0.674007
1.06489
1.09363
1.03654
1.06201
0.80404
0.818049
0.749076
0.737458
0.880716
0.917591
0.864144
0.93689
1.09122
1.11526
1.12972
1.08025
1.00391
0.986403
1.02911
0.964226
1.03654
1.09363
1.06201
1.06489
1.09488
1.08025
1.13696
1.13696
1.09122
1.11526
1.12972
3.92932e-32
0.110884
7.21661e-32
0.110538
0.217313
0.218271
0.321779
0.319955
0.418115
0.421047
0.515738
0.511463
0.599694
0.682521
0.605534
0.690138
0.110538
0.110884
7.21661e-32
3.92932e-32
0.218271
0.319955
0.321779
0.217313
0.511463
0.515738
0.421047
0.418115
0.769276
0.842697
0.830934
0.759682
0.954852
0.971481
0.896057
0.910168
1.07491
1.05277
1.02645
1.00714
0.682521
0.599694
0.690138
0.605534
1.09161
1.11671
1.15173
1.12354
0.759682
0.769276
0.830934
0.842697
1.14847
1.20104
1.16632
1.17986
0.971481
0.910168
0.954852
0.896057
1.07491
1.02645
1.05277
1.00714
1.22228
1.17706
1.21519
1.18064
1.09161
1.11671
1.12354
1.15173
1.16632
1.14847
1.22228
1.21519
1.17986
1.17706
1.20104
3.93954e-32
0.111161
7.21645e-32
0.111092
0.218956
0.219366
0.32421
0.323197
0.423447
0.425313
0.522315
0.519355
0.111092
0.111161
7.21645e-32
3.93954e-32
0.610595
0.702681
0.696857
0.614876
0.785432
0.862856
0.853337
0.77786
0.323197
0.32421
0.219366
0.218956
0.519355
0.522315
0.425313
0.423447
0.610595
0.614876
0.696857
0.702681
0.986776
0.92305
1.00074
0.934702
1.11457
1.0955
1.06076
1.04432
1.14017
1.16202
1.20295
1.1782
0.853337
0.77786
0.785432
0.862856
1.23725
1.23387
1.2648
1.20946
0.92305
0.986776
1.00074
0.934702
1.26186
1.28554
1.2994
1.25135
1.0955
1.11457
1.06076
1.04432
1.20295
1.16202
1.1782
1.14017
1.30634
1.26537
1.26186
1.30634
1.23725
1.20946
1.2994
1.2648
1.23387
1.25135
1.28554
3.9301e-32
0.110884
7.18028e-32
0.111092
0.219503
0.219366
0.32502
0.324818
0.426646
0.427446
0.52626
0.524616
0.61838
0.621104
0.711638
0.707607
0.111092
0.110884
7.18028e-32
3.9301e-32
0.219366
0.324818
0.32502
0.219503
0.797546
0.878532
0.871254
0.791994
0.954322
1.02467
1.01337
0.945126
0.427446
0.426646
0.524616
0.52626
0.707607
0.61838
0.711638
0.621104
0.797546
0.791994
0.878532
0.871254
1.13211
1.14812
1.08933
1.07576
1.18224
1.20083
1.24732
1.22599
1.28742
1.26323
1.32102
1.29386
0.945126
1.01337
0.954322
1.02467
1.36835
1.34803
1.3349
1.31777
1.07576
1.08933
1.14812
1.13211
1.3452
1.38194
1.38874
1.34863
1.24732
1.22599
1.18224
1.20083
1.26323
1.28742
1.29386
1.32102
1.3452
1.3349
1.38874
1.38194
1.31777
1.34803
1.36835
3.90101e-32
0.110053
7.10808e-32
0.110538
0.218956
0.218271
0.32421
0.324818
0.527246
0.427713
0.427446
0.527575
0.110538
0.110053
7.10808e-32
3.90101e-32
0.62305
0.624218
0.717012
0.714773
0.80562
0.889726
0.884689
0.802088
0.218271
0.324818
0.32421
0.218956
0.527246
0.527575
0.427713
0.427446
0.969034
1.04327
1.03463
0.962292
1.11219
1.1626
1.10148
1.17555
0.714773
0.717012
0.624218
0.62305
0.884689
0.802088
0.80562
0.889726
1.04327
0.969034
0.962292
1.03463
1.21781
1.26693
1.28483
1.23316
1.30981
1.3304
1.36971
1.34631
1.39976
1.42914
1.37633
1.40266
1.10148
1.1626
1.17555
1.11219
1.41656
1.42665
1.44906
1.46238
1.21781
1.28483
1.26693
1.23316
1.46905
1.46905
1.43002
1.42665
1.3304
1.36971
1.30981
1.34631
1.46238
1.44906
1.40266
1.37633
1.42914
1.41656
1.39976
3.85227e-32
0.108666
6.99986e-32
0.109429
0.217313
0.216082
0.321779
0.323197
0.52626
0.527246
0.426646
0.425313
0.624607
0.624218
0.718803
0.718355
0.109429
0.108666
6.99986e-32
3.85227e-32
0.216082
0.323197
0.321779
0.217313
0.809657
0.896441
0.893643
0.808144
0.978839
1.05656
1.05058
0.97455
0.527246
0.52626
0.425313
0.426646
0.718355
0.624607
0.718803
0.624218
1.12932
1.19689
1.12147
1.18698
1.2469
1.30103
1.31551
1.25902
0.809657
0.808144
0.896441
0.893643
0.97455
1.05058
1.05656
0.978839
1.12147
1.18698
1.19689
1.12932
1.34919
1.39124
1.36619
1.41088
1.42703
1.48177
1.44945
1.45647
1.50775
1.47946
1.5273
1.49593
1.2469
1.30103
1.25902
1.31551
1.54691
1.50583
1.50914
1.54037
1.34919
1.36619
1.41088
1.39124
1.50583
1.54691
1.54037
1.49593
1.45647
1.44945
1.42703
1.48177
1.50775
1.47946
1.5273
3.78386e-32
0.106725
6.85559e-32
0.107765
0.214576
0.212797
0.317726
0.319955
0.421047
0.522315
0.524616
0.423447
0.107765
0.106725
6.85559e-32
3.78386e-32
0.62305
0.621104
0.717012
0.718355
0.809657
0.89868
0.810162
0.89812
0.212797
0.319955
0.317726
0.214576
0.524616
0.522315
0.423447
0.421047
0.983742
1.06453
1.06121
0.981904
1.20526
1.14074
1.21212
1.13575
0.621104
0.62305
0.717012
0.718355
0.810162
0.89812
0.89868
0.809657
1.26952
1.2784
1.32829
1.33937
1.3814
1.39481
1.44454
1.42865
0.983742
1.06453
0.981904
1.06121
1.21212
1.14074
1.13575
1.20526
1.33937
1.26952
1.32829
1.2784
1.46991
1.50504
1.48841
1.52627
1.58351
1.558
1.55649
1.53393
1.58237
1.6027
1.61553
1.57266
1.3814
1.44454
1.39481
1.42865
1.58237
1.62196
1.58562
1.62196
1.52627
1.50504
1.46991
1.48841
1.57266
1.58351
1.558
1.6027
1.61553
1.53393
1.55649
3.69579e-32
0.104229
6.67525e-32
0.105547
0.210744
0.315092
0.208416
0.312052
0.414648
0.515738
0.519355
0.418115
0.105547
0.104229
6.67525e-32
3.69579e-32
0.61838
0.614876
0.711638
0.714773
0.208416
0.315092
0.312052
0.210744
0.80562
0.808144
0.896441
0.89812
0.983742
1.06718
1.06652
0.984355
0.418115
0.519355
0.515738
0.414648
0.614876
0.714773
0.61838
0.711638
1.21745
1.14645
1.22125
1.14431
1.29132
1.28567
1.3564
1.34873
0.808144
0.896441
0.89812
0.80562
1.06652
1.06718
0.983742
0.984355
1.40643
1.47071
1.45857
1.41626
1.56266
1.50497
1.51957
1.54548
1.22125
1.14645
1.14431
1.21745
1.28567
1.34873
1.3564
1.29132
1.40643
1.41626
1.45857
1.47071
1.60835
1.57998
1.59985
1.63102
1.65608
1.67494
1.64639
1.63051
1.69386
1.65912
1.68755
1.65593
1.54548
1.51957
1.50497
1.56266
1.69386
1.65593
1.68755
1.64639
1.67494
1.60835
1.65608
1.57998
1.63051
1.59985
1.63102
3.58802e-32
0.101178
6.45883e-32
0.102773
0.102773
0.101178
6.45883e-32
3.58802e-32
0.205815
0.304754
0.308606
0.20294
0.406114
0.506529
0.511463
0.410648
0.610595
0.605534
0.702681
0.707607
0.308606
0.304754
0.205815
0.20294
0.802088
0.797546
0.889726
0.893643
0.511463
0.506529
0.406114
0.410648
0.978839
1.06453
1.06652
0.981904
1.14645
1.2243
1.22354
1.14717
0.605534
0.707607
0.610595
0.702681
0.797546
0.889726
0.802088
0.893643
1.29535
1.29778
1.36661
1.36236
1.42431
1.43056
1.48099
1.4894
1.06453
0.978839
0.981904
1.06652
1.14645
1.14717
1.22354
1.2243
1.53222
1.54292
1.59094
1.57781
1.61763
1.66987
1.6333
1.65153
1.29535
1.36236
1.29778
1.36661
1.42431
1.4894
1.43056
1.48099
1.53222
1.59094
1.57781
1.54292
1.72516
1.7012
1.67942
1.70052
1.7561
1.74371
1.7168
1.72619
1.72619
1.72932
1.76231
1.76231
1.61763
1.65153
1.66987
1.6333
1.7561
1.7012
1.7168
1.74371
1.70052
1.72516
1.67942
3.46057e-32
0.0975709
6.20629e-32
0.0994439
0.19979
0.196366
0.295834
0.300497
0.0994439
0.0975709
6.20629e-32
3.46057e-32
0.300497
0.295834
0.19979
0.196366
0.395444
0.494687
0.500937
0.401046
0.599694
0.593074
0.690138
0.696857
0.791994
0.785432
0.878532
0.884689
0.401046
0.395444
0.500937
0.494687
0.969034
1.05656
1.06121
0.97455
0.696857
0.690138
0.599694
0.593074
1.14074
1.22125
1.22354
1.14431
1.29858
1.37002
1.36917
1.29778
0.791994
0.878532
0.785432
0.884689
1.05656
1.06121
0.969034
0.97455
1.43771
1.50061
1.43503
1.49594
1.55167
1.55848
1.61113
1.60205
1.22125
1.14431
1.22354
1.14074
1.29778
1.36917
1.29858
1.37002
1.64689
1.65838
1.70006
1.68605
1.74683
1.76621
1.7194
1.73605
1.49594
1.43503
1.43771
1.50061
1.55848
1.55167
1.61113
1.60205
1.64689
1.70006
1.68605
1.65838
1.80871
1.79046
1.76826
1.78361
1.79592
1.79284
1.82091
1.82702
1.79284
1.82702
1.78361
1.82091
1.7194
1.76826
1.76621
1.73605
1.79046
1.80871
1.74683
3.3134e-32
0.0955587
0.0934077
5.91763e-32
0.192668
0.188694
0.285288
0.290764
0.382636
0.480208
0.487777
0.389307
0.0955587
0.0934077
5.91763e-32
3.3134e-32
0.188694
0.290764
0.285288
0.192668
0.487777
0.480208
0.382636
0.389307
0.585675
0.577495
0.674007
0.682521
0.77786
0.769276
0.862856
0.871254
0.962292
0.954322
1.04327
1.05058
0.577495
0.682521
0.585675
0.674007
1.12932
1.21212
1.21745
1.13575
0.77786
0.862856
0.871254
0.769276
1.36917
1.29535
1.29132
1.36661
1.50434
1.4386
1.43771
1.50341
0.954322
0.962292
1.05058
1.04327
1.13575
1.21745
1.21212
1.12932
1.56334
1.62324
1.6182
1.56626
1.66778
1.72162
1.67509
1.71192
1.36917
1.29535
1.29132
1.36661
1.50434
1.43771
1.50341
1.4386
1.79811
1.7833
1.76267
1.75047
1.82782
1.81031
1.83141
1.85171
1.56334
1.62324
1.6182
1.56626
1.66778
1.72162
1.67509
1.71192
1.7833
1.75047
1.79811
1.76267
1.84652
1.8817
1.85561
1.86969
1.88772
1.88772
1.85865
1.85561
1.84652
1.85171
1.86969
1.8817
1.82782
1.83141
1.81031
3.14652e-32
5.5928e-32
0.0911174
0.0886881
0.184447
0.179925
0.273116
0.279405
0.367689
0.463093
0.47198
0.37543
0.0911174
0.0886881
5.5928e-32
3.14652e-32
0.568536
0.558795
0.654286
0.664595
0.179925
0.279405
0.273116
0.184447
0.37543
0.367689
0.47198
0.463093
0.558795
0.664595
0.654286
0.568536
0.759682
0.749076
0.842697
0.853337
0.934702
1.02467
1.03463
0.945126
1.11219
1.19689
1.20526
1.12147
0.759682
0.853337
0.842697
0.749076
1.28567
1.3564
1.36236
1.2784
1.02467
1.03463
0.934702
0.945126
1.43056
1.50061
1.43503
1.50341
1.62728
1.56723
1.56626
1.62627
1.19689
1.11219
1.12147
1.20526
1.36236
1.28567
1.3564
1.2784
1.72916
1.68031
1.68344
1.73455
1.78042
1.81064
1.77266
1.82089
1.43056
1.50061
1.43503
1.50341
1.62728
1.56626
1.56723
1.62627
1.88512
1.86961
1.85583
1.843
1.90867
1.8904
1.9053
1.9264
1.68031
1.73455
1.72916
1.68344
1.82089
1.81064
1.77266
1.78042
1.843
1.86961
1.85583
1.88512
1.91725
1.91426
1.93825
1.94419
1.94419
1.91426
1.9053
1.9264
1.93825
1.90867
1.8904
2.9599e-32
0.0834117
5.2318e-32
0.0861194
0.0861194
0.0834117
5.2318e-32
2.9599e-32
0.175128
0.170056
0.259317
0.26642
0.350602
0.443338
0.453545
0.359414
0.548274
0.536972
0.630972
0.643078
0.26642
0.259317
0.175128
0.170056
0.737458
0.724827
0.818049
0.830934
0.453545
0.350602
0.443338
0.359414
0.630972
0.536972
0.643078
0.548274
0.737458
0.830934
0.818049
0.724827
0.92305
0.910168
1.00074
1.01337
1.08933
1.17555
1.18698
1.10148
1.26952
1.34873
1.25902
1.33937
1.00074
1.01337
0.910168
0.92305
1.41626
1.49594
1.42431
1.4894
1.08933
1.10148
1.18698
1.17555
1.62324
1.62627
1.56334
1.55848
1.73778
1.68449
1.73886
1.68344
1.34873
1.26952
1.25902
1.33937
1.49594
1.42431
1.41626
1.4894
1.78929
1.83455
1.82886
1.78596
1.87449
1.89824
1.90898
1.86633
1.55848
1.56334
1.62627
1.62324
1.73886
1.68344
1.68449
1.73778
1.96113
1.93789
1.94501
1.9245
1.95971
1.96854
1.99033
1.97863
1.78596
1.78929
1.82886
1.83455
1.86633
1.87449
1.90898
1.89824
1.93789
1.96113
1.9245
1.94501
1.97149
1.99618
1.99618
1.96854
1.97863
1.99033
1.95971
2.75354e-32
0.0775783
4.83461e-32
0.0805646
2.75354e-32
0.0805646
0.0775783
4.83461e-32
0.164709
0.159087
0.243891
0.251807
0.251807
0.243891
0.164709
0.159087
0.341256
0.331374
0.420942
0.43247
0.524888
0.512022
0.604061
0.617966
0.711184
0.696527
0.788908
0.80404
0.43247
0.420942
0.331374
0.341256
0.896057
0.880716
0.971481
0.986776
0.512022
0.617966
0.604061
0.524888
0.711184
0.80404
0.788908
0.696527
0.880716
0.896057
0.986776
0.971481
1.06076
1.14812
1.1626
1.07576
1.2469
1.31551
1.23316
1.32829
1.48099
1.40643
1.39481
1.47071
1.06076
1.14812
1.1626
1.07576
1.6182
1.54292
1.55167
1.61113
1.23316
1.32829
1.31551
1.2469
1.73455
1.73778
1.67509
1.68031
1.78929
1.83796
1.8391
1.79039
1.48099
1.47071
1.39481
1.40643
1.55167
1.6182
1.54292
1.61113
1.92328
1.88032
1.88382
1.91732
1.95735
1.98592
1.97477
1.94884
1.73455
1.68031
1.67509
1.73778
1.79039
1.83796
1.78929
1.8391
1.99502
2.00954
2.02618
2.00889
2.01827
2.02118
2.03774
2.04353
1.88382
1.88032
1.91732
1.92328
1.98592
1.94884
1.97477
1.95735
2.04353
1.99502
2.03774
2.01827
2.00954
2.02618
2.00889
0.0744526
0.0711877
4.40122e-32
2.52744e-32
2.52744e-32
0.0711877
4.40122e-32
0.0744526
0.153191
0.147018
0.226835
0.235566
0.153191
0.147018
0.235566
0.226835
0.310002
0.395903
0.408753
0.320956
0.408753
0.395903
0.310002
0.320956
0.498374
0.483944
0.573551
0.589256
0.680856
0.664171
0.755271
0.772652
0.864145
0.846341
0.93689
0.954853
0.573551
0.483944
0.589256
0.498374
1.04432
1.02645
1.11457
1.13211
0.664171
0.680856
0.772652
0.755271
0.93689
0.864145
0.954853
0.846341
1.04432
1.13211
1.11457
1.02645
1.30103
1.21781
1.20083
1.28483
1.45857
1.3814
1.44454
1.36619
1.60205
1.51957
1.59094
1.53222
1.30103
1.28483
1.21781
1.20083
1.72916
1.65838
1.72162
1.66778
1.45857
1.36619
1.3814
1.44454
1.78042
1.83455
1.78596
1.83796
1.92686
1.92805
1.88498
1.88382
1.60205
1.59094
1.51957
1.53222
1.65838
1.66778
1.72916
1.72162
1.96708
2.00079
1.99459
1.96344
2.02905
2.04026
2.05177
2.02023
1.78596
1.83455
1.83796
1.78042
1.88382
1.88498
1.92686
1.92805
2.05461
2.06887
2.08031
2.06324
2.06324
2.06612
2.08604
2.08604
1.99459
1.96344
2.00079
1.96708
2.02905
2.05177
2.04026
2.08031
2.06887
2.02023
2.05461
0.0677833
0.0642398
3.93162e-32
2.28158e-32
0.217696
0.20815
0.140572
0.133849
2.28158e-32
0.0642398
3.93162e-32
0.0677833
0.140572
0.133849
0.20815
0.217696
0.286485
0.368219
0.382391
0.298512
0.368219
0.286485
0.298512
0.382391
0.468731
0.452735
0.539439
0.556945
0.452735
0.556945
0.539439
0.468731
0.646471
0.627756
0.717133
0.736765
0.827306
0.807038
0.896958
0.917591
0.986403
1.07491
1.0955
1.00714
0.627756
0.646471
0.736765
0.717133
1.18224
1.16202
1.24732
1.26693
0.807038
0.896958
0.827306
0.917591
1.07491
1.00714
1.0955
0.986403
1.16202
1.26693
1.18224
1.24732
1.3304
1.34919
1.41088
1.42865
1.57781
1.48841
1.56266
1.50497
1.70006
1.6333
1.71192
1.64689
1.42865
1.41088
1.3304
1.34919
1.76267
1.82886
1.82089
1.77266
1.48841
1.50497
1.57781
1.56266
1.92328
1.87449
1.92686
1.88032
1.9683
2.00574
2.0045
1.96708
1.71192
1.70006
1.64689
1.6333
1.82886
1.77266
1.76267
1.82089
2.06072
2.03535
2.03912
2.06711
2.08962
2.08054
2.10656
2.09475
1.92328
1.88032
1.87449
1.92686
1.9683
2.00574
2.0045
1.96708
2.10614
2.11789
2.10329
2.12356
2.10329
2.11789
2.09475
2.12356
2.06072
2.03912
2.06711
2.03535
2.10656
2.08962
2.08054
0.0605567
0.0567344
3.42581e-32
2.01597e-32
0.198196
0.187835
0.126852
0.119579
2.01597e-32
0.0567344
3.42581e-32
0.0605567
0.353385
0.33789
0.260824
0.273923
0.126852
0.119579
0.187835
0.198196
0.260824
0.33789
0.353385
0.273923
0.435957
0.418395
0.501723
0.521032
0.521032
0.501723
0.435957
0.418395
0.608026
0.58728
0.674491
0.696375
0.608026
0.696375
0.674491
0.58728
0.785537
0.762801
0.851679
0.874987
0.964226
0.940612
1.02911
1.05277
1.14017
1.11671
1.20295
1.22599
0.851679
0.785537
0.874987
0.762801
1.39124
1.30981
1.36971
1.28742
0.940612
1.02911
1.05277
0.964226
1.11671
1.22599
1.20295
1.14017
1.39124
1.28742
1.30981
1.36971
1.52627
1.44945
1.54548
1.46991
1.66987
1.68605
1.59985
1.61763
1.81064
1.73605
1.79811
1.75047
1.44945
1.54548
1.52627
1.46991
1.85583
1.90898
1.91732
1.86633
1.59985
1.66987
1.68605
1.61763
1.95735
2.00079
1.96344
2.0045
2.04038
2.03912
2.07095
2.07223
1.75047
1.73605
1.81064
1.79811
1.91732
1.86633
1.90898
1.85583
2.11574
2.1223
2.09998
2.0961
2.13829
2.12982
2.1391
2.15034
1.96344
2.00079
1.95735
2.0045
2.07223
2.04038
2.03912
2.07095
2.14111
2.13829
2.15596
2.15596
2.11574
2.09998
2.12982
2.15034
2.0961
2.1223
2.1391
0.0527726
0.0486716
2.88379e-32
1.73061e-32
0.177066
0.16589
0.112032
0.104208
1.73061e-32
0.0486716
2.88379e-32
0.0527726
0.321733
0.304914
0.233018
0.24719
0.112032
0.104208
0.16589
0.177066
0.481513
0.460402
0.40005
0.380921
0.233018
0.304914
0.321733
0.24719
0.40005
0.380921
0.460402
0.481513
0.565518
0.54274
0.62734
0.651479
0.565518
0.651479
0.62734
0.54274
0.738832
0.713628
0.801049
0.827033
0.713628
0.738832
0.827033
0.801049
0.889071
0.977181
1.00391
0.915561
1.09161
1.06489
1.15173
1.1782
1.26323
1.34631
1.23725
1.32102
0.889071
1.00391
0.977181
0.915561
1.40266
1.50504
1.48177
1.42703
1.06489
1.15173
1.1782
1.09161
1.32102
1.23725
1.34631
1.26323
1.48177
1.40266
1.42703
1.50504
1.65153
1.558
1.63102
1.57998
1.70052
1.7833
1.76621
1.7194
1.82782
1.88512
1.89824
1.843
1.63102
1.65153
1.558
1.57998
1.98592
1.93789
1.94884
1.99459
1.7833
1.7194
1.70052
1.76621
2.02905
2.06711
2.03535
2.07095
2.12755
2.10128
2.09998
2.12624
1.89824
1.82782
1.843
1.88512
1.98592
1.94884
1.99459
1.93789
2.14573
2.1597
2.16639
2.14971
2.17755
2.16811
2.17091
2.18314
2.07095
2.02905
2.06711
2.03535
2.10128
2.12624
2.09998
2.12755
2.14971
2.1597
2.16639
2.16811
2.18314
2.17755
2.14573
0.0444311
0.0400514
2.30557e-32
1.42549e-32
0.154306
0.142315
0.0961105
0.0877369
1.42549e-32
0.0400514
2.30557e-32
0.0444311
0.287434
0.269292
0.203066
0.218311
0.0961105
0.0877369
0.142315
0.154306
0.438388
0.415473
0.361009
0.340313
0.203066
0.269292
0.287434
0.218311
0.518945
0.602074
0.57568
0.494134
0.361009
0.340313
0.415473
0.438388
0.518945
0.494134
0.57568
0.602074
0.687189
0.659514
0.745063
0.773726
0.687189
0.773726
0.659514
0.745063
0.861142
0.831772
0.919108
0.948912
0.919108
0.831772
0.861142
0.948912
1.03654
1.00656
1.09363
1.12354
1.29386
1.20946
1.17986
1.2648
1.42914
1.45647
1.34803
1.37633
1.00656
1.12354
1.09363
1.03654
1.50775
1.58351
1.60835
1.53393
1.2648
1.17986
1.29386
1.20946
1.42914
1.34803
1.45647
1.37633
1.50775
1.58351
1.53393
1.60835
1.74683
1.72516
1.65608
1.67942
1.79046
1.85171
1.86961
1.81031
1.96113
1.9245
1.97477
1.90867
1.74683
1.72516
1.65608
1.67942
2.02023
2.00889
2.06072
2.05177
1.85171
1.81031
1.79046
1.86961
2.1223
2.08962
2.0961
2.12624
2.17175
2.17041
2.15103
2.14971
1.90867
1.96113
1.9245
1.97477
2.05177
2.06072
2.02023
2.00889
2.19264
2.19943
2.18429
2.18834
2.19543
2.20498
2.20498
2.19264
2.0961
2.1223
2.12624
2.08962
2.17041
2.19943
2.15103
2.17175
2.18834
2.18429
2.14971
0.0355323
0.030874
1.69115e-32
1.10062e-32
1.10062e-32
0.030874
1.69115e-32
0.0355323
0.129916
0.11711
0.0790887
0.0701648
0.250488
0.231023
0.17097
0.187286
0.0790887
0.0701648
0.11711
0.129916
0.296572
0.391656
0.366937
0.318835
0.17097
0.231023
0.250488
0.187286
0.468306
0.548157
0.519507
0.441461
0.318835
0.296572
0.366937
0.391656
0.630604
0.715061
0.683718
0.600458
0.468306
0.441461
0.519507
0.548157
0.630604
0.600458
0.683718
0.715061
0.800963
0.768713
0.854888
0.887767
0.800963
0.887767
0.854888
0.768713
0.97495
0.941709
1.02866
1.06201
1.06201
0.941709
1.02866
0.97495
1.23387
1.14847
1.20104
1.11526
1.28554
1.31777
1.39976
1.36835
1.44906
1.55649
1.5273
1.47946
1.20104
1.11526
1.23387
1.14847
1.6027
1.7012
1.67494
1.63051
1.28554
1.36835
1.31777
1.39976
1.5273
1.44906
1.55649
1.47946
1.7012
1.6027
1.67494
1.63051
1.83141
1.74371
1.80871
1.76826
1.9264
1.86969
1.94501
1.8904
1.99502
1.97863
2.02618
2.04026
1.74371
1.80871
1.83141
1.76826
2.06887
2.11574
2.08054
2.10656
1.86969
1.94501
1.8904
1.9264
2.1391
2.16639
2.14573
2.17041
2.20486
2.18834
2.18969
2.2035
1.99502
2.04026
2.02618
1.97863
2.08054
2.10656
2.06887
2.11574
2.22143
2.21458
2.21181
2.2159
2.2159
2.2035
2.21181
2.22143
2.16639
2.14573
2.1391
2.17041
2.18969
2.20486
2.18834
7.56004e-33
0.0211395
1.04055e-32
0.0260763
0.0260763
0.0211395
1.04055e-32
7.56004e-33
0.103896
0.0902758
0.0609665
0.0514925
0.0609665
0.0514925
0.0902758
0.103896
0.210896
0.190108
0.136728
0.154117
0.341316
0.314794
0.273526
0.249696
0.136728
0.190108
0.154117
0.210896
0.4136
0.489728
0.458822
0.384721
0.273526
0.249696
0.314794
0.341316
0.569076
0.651035
0.536457
0.617012
0.4136
0.384721
0.458822
0.489728
0.735022
0.82047
0.784514
0.699889
0.569076
0.536457
0.617012
0.651035
0.735022
0.699889
0.784514
0.82047
0.906837
0.870332
0.95681
0.993598
0.906837
0.993598
0.870332
0.95681
1.04344
1.12972
1.08025
1.16632
1.04344
1.16632
1.12972
1.08025
1.2994
1.3349
1.21519
1.25135
1.38194
1.49593
1.41656
1.46238
1.54037
1.61553
1.64639
1.57266
1.2994
1.21519
1.3349
1.25135
1.68755
1.78361
1.7561
1.7168
1.46238
1.38194
1.41656
1.49593
1.64639
1.54037
1.61553
1.57266
1.7561
1.68755
1.78361
1.7168
1.88171
1.9053
1.82091
1.84652
1.99033
1.93825
2.00954
1.95971
2.05461
2.08031
2.09475
2.03774
1.82091
1.9053
1.84652
1.88171
2.12982
2.15034
2.11789
2.1597
1.95971
1.99033
2.00954
1.93825
2.18429
2.2035
2.17755
2.19943
2.22692
2.2159
2.22555
2.21727
2.03774
2.05461
2.09475
2.08031
2.12982
2.1597
2.15034
2.11789
2.22555
2.22831
2.23243
2.23243
2.19943
2.22692
2.21727
2.2035
2.18429
2.17755
2.2159
0.0160633
0.010848
3.5378e-33
3.91652e-33
3.91652e-33
0.010848
3.5378e-33
0.0160633
0.0417441
0.0317202
0.0618123
0.0762475
0.0762475
0.0618123
0.0417441
0.0317202
0.168658
0.146547
0.100342
0.118803
0.100342
0.118803
0.146547
0.168658
0.287369
0.259044
0.225084
0.199688
0.354827
0.426787
0.393624
0.323915
0.225084
0.199688
0.259044
0.287369
0.502603
0.581648
0.544943
0.467513
0.354827
0.323915
0.393624
0.426787
0.663316
0.747019
0.707985
0.6253
0.502603
0.467513
0.544943
0.581648
0.832196
0.918299
0.878065
0.792425
0.663316
0.6253
0.707985
0.747019
0.918299
0.832196
0.792425
0.878065
0.964371
1.05083
1.09122
1.00481
1.00481
1.09122
0.964371
1.05083
1.26186
1.13696
1.17706
1.22228
1.26186
1.13696
1.22228
1.17706
1.30634
1.38874
1.42665
1.3452
1.46905
1.54691
1.58237
1.50583
1.69386
1.72619
1.62196
1.65593
1.38874
1.30634
1.42665
1.3452
1.76231
1.85561
1.82702
1.79284
1.58237
1.54691
1.46905
1.50583
1.62196
1.72619
1.65593
1.69386
1.76231
1.85561
1.82702
1.79284
1.91426
1.88772
1.94419
1.96854
2.01827
1.99618
2.06324
2.04353
2.13829
2.08604
2.10329
2.12356
1.94419
1.96854
1.88772
1.91426
2.19264
2.18314
2.16811
2.15596
1.99618
2.04353
2.01827
2.06324
2.20498
2.21181
2.22555
2.22143
2.23656
2.23381
2.23243
2.23794
2.12356
2.08604
2.10329
2.13829
2.15596
2.16811
2.19264
2.18314
2.23243
2.22555
2.23381
2.23794
2.20498
2.22143
2.21181
9.18199e-35
0.00549346
0.00549346
9.18199e-35
0.0469696
0.0214219
0.0214219
0.0469696
0.123775
0.0813453
0.0813453
0.123775
0.173509
0.229816
0.173509
0.229816
0.291988
0.359333
0.431187
0.506898
0.291988
0.359333
0.585842
0.667412
0.506898
0.431187
0.751022
0.836107
0.667412
0.585842
0.922124
1.00855
0.751022
0.836107
0.922124
1.00855
1.09488
1.18064
1.09488
1.18064
1.26537
1.34863
1.34863
1.26537
1.43002
1.50914
1.58562
1.65912
1.79592
1.72932
1.50914
1.43002
1.91725
1.85865
1.65912
1.58562
1.72932
1.79592
1.91725
1.85865
1.97149
2.02118
2.10614
2.06612
2.17091
2.14111
1.97149
2.02118
2.21458
2.19543
2.10614
2.06612
2.23656
2.22831
2.23932
2.23656
2.14111
2.17091
2.19543
2.22831
2.21458
0.964371
1.30634
1.22228
0.010848
1.05083
1.13696
1.05083
1.13696
0.964371
0.146547
0.199688
0.878065
1.22228
0.323915
0.792425
0.707985
1.30634
0.6253
0.544943
1.38874
0.467513
0.393624
1.46905
0.259044
1.54691
1.62196
0.100342
0.0618123
1.69386
0.0317202
1.76231
1.82702
0.010848
1.38874
1.46905
1.88772
1.94419
1.62196
1.99618
0.0317202
2.04353
2.08604
0.0618123
2.12356
2.15596
0.100342
2.18314
2.20498
0.146547
2.08604
2.22143
2.12356
2.23243
0.199688
2.23794
2.23794
0.259044
2.23243
2.22143
0.323915
2.20498
2.18314
0.393624
2.15596
0.467513
2.04353
0.544943
1.99618
1.94419
0.6253
1.88772
1.82702
0.707985
1.76231
1.69386
0.792425
1.54691
0.878065
3.5378e-33
3.5378e-33
3.91652e-33
0.0160633
0.0160633
3.91652e-33
0.0762475
0.0417441
0.0417441
0.0762475
0.118803
0.168658
0.118803
0.168658
0.287369
0.225084
0.225084
0.287369
0.426787
0.354827
0.581648
0.502603
0.354827
0.426787
0.663316
0.747019
0.581648
0.502603
0.918299
0.832196
0.663316
0.747019
1.00481
1.09122
0.832196
0.918299
1.00481
1.09122
1.26186
1.17706
1.26186
1.17706
1.3452
1.42665
1.42665
1.3452
1.58237
1.50583
1.72619
1.65593
1.79284
1.85561
1.50583
1.58237
1.96854
1.91426
1.72619
1.65593
1.85561
1.79284
1.91426
1.96854
2.01827
2.06324
2.13829
2.10329
2.16811
2.19264
2.06324
2.01827
2.22555
2.21181
2.13829
2.10329
2.23656
2.23381
2.23381
2.22555
2.19264
2.16811
2.21181
1.21519
1.12972
1.12972
1.04344
1.21519
0.95681
0.0902758
0.870332
0.784514
1.2994
0.699889
1.38194
0.617012
0.536457
0.458822
1.46238
0.384721
1.54037
0.314794
0.249696
0.190108
1.61553
0.136728
1.68755
0.0514925
0.0211395
1.7561
1.82091
0.0211395
1.88171
1.2994
1.93825
1.99033
1.46238
0.0514925
2.03774
2.08031
1.68755
2.11789
0.0902758
2.15034
0.136728
2.17755
2.19943
2.2159
1.99033
0.190108
2.22692
0.249696
2.11789
2.23243
2.23243
2.22692
0.314794
2.2159
0.384721
2.19943
2.17755
2.15034
0.458822
0.536457
2.08031
2.03774
0.617012
1.93825
0.699889
1.88171
1.82091
1.7561
0.784514
0.870332
1.61553
1.54037
0.95681
1.38194
1.04344
1.04055e-32
1.04055e-32
7.56004e-33
0.0260763
0.0260763
7.56004e-33
0.103896
0.0609665
0.0609665
0.103896
0.154117
0.210896
0.210896
0.154117
0.341316
0.273526
0.273526
0.341316
0.489728
0.4136
0.569076
0.651035
0.4136
0.489728
0.735022
0.82047
0.651035
0.569076
0.906837
0.993598
0.82047
0.735022
1.16632
1.08025
0.906837
0.993598
1.16632
1.08025
1.25135
1.3349
1.3349
1.25135
1.49593
1.41656
1.41656
1.49593
1.64639
1.57266
1.78361
1.7168
1.84652
1.9053
1.64639
1.57266
1.95971
2.00954
1.7168
1.78361
1.9053
1.84652
1.95971
2.00954
2.05461
2.09475
2.12982
2.1597
2.18429
2.2035
2.09475
2.05461
2.22555
2.21727
2.12982
2.1597
2.22831
2.22555
2.21727
2.18429
2.2035
1.20104
1.02866
1.28554
0.030874
0.941709
0.854888
0.768713
1.36835
0.683718
0.231023
0.296572
1.44906
0.600458
0.519507
0.441461
1.5273
0.366937
1.6027
0.17097
1.67494
0.11711
1.74371
0.0701648
1.80871
1.86969
0.030874
1.9264
1.20104
1.97863
0.0701648
2.02618
2.06887
2.10656
1.5273
1.6027
0.11711
2.1391
0.17097
2.16639
2.18834
2.20486
0.231023
1.9264
2.2159
0.296572
2.02618
2.06887
2.22143
2.22143
2.2159
0.366937
2.20486
0.441461
2.18834
2.16639
2.1391
0.519507
2.10656
0.600458
1.97863
0.683718
0.768713
1.86969
1.80871
1.74371
0.854888
1.67494
0.941709
1.44906
1.02866
1.36835
1.11526
1.28554
1.11526
1.69115e-32
1.69115e-32
1.10062e-32
0.0355323
0.0355323
1.10062e-32
0.0790887
0.129916
0.0790887
0.129916
0.187286
0.250488
0.250488
0.187286
0.391656
0.318835
0.318835
0.391656
0.468306
0.548157
0.630604
0.715061
0.468306
0.548157
0.800963
0.887767
0.715061
0.630604
1.06201
0.97495
0.800963
0.887767
1.23387
1.14847
0.97495
1.06201
1.23387
1.14847
1.39976
1.31777
1.39976
1.31777
1.47946
1.55649
1.55649
1.47946
1.7012
1.63051
1.83141
1.76826
1.8904
1.94501
1.63051
1.7012
1.99502
2.04026
1.76826
1.83141
1.94501
1.8904
1.99502
2.04026
2.11574
2.08054
2.14573
2.17041
2.18969
2.2035
2.08054
2.11574
2.21458
2.21181
2.17041
2.14573
2.21181
2.2035
2.18969
1.34803
0.831772
0.745063
1.42914
0.659514
0.57568
1.50775
0.494134
0.415473
1.58351
0.340313
0.269292
1.65608
0.203066
0.142315
1.72516
0.0877369
0.0400514
1.79046
1.85171
0.0400514
0.919108
1.00656
1.90867
1.96113
1.17986
2.00889
0.0877369
2.05177
2.08962
0.142315
2.1223
2.14971
0.203066
2.17175
2.18834
0.269292
1.79046
2.19943
1.85171
2.20498
0.340313
2.20498
2.19943
0.415473
2.05177
2.08962
2.18834
2.17175
0.494134
2.14971
2.1223
0.57568
0.659514
2.00889
1.96113
0.745063
1.90867
0.831772
1.72516
0.919108
1.65608
1.58351
1.00656
1.50775
1.42914
1.09363
1.34803
1.2648
1.17986
1.09363
1.2648
2.30557e-32
2.30557e-32
1.42549e-32
0.0444311
0.0444311
1.42549e-32
0.154306
0.0961105
0.0961105
0.154306
0.287434
0.218311
0.218311
0.287434
0.438388
0.361009
0.361009
0.438388
0.602074
0.518945
0.687189
0.773726
0.602074
0.518945
0.948912
0.861142
0.687189
0.773726
1.12354
1.03654
0.948912
0.861142
1.29386
1.20946
1.12354
1.03654
1.20946
1.29386
1.45647
1.37633
1.37633
1.45647
1.60835
1.53393
1.53393
1.60835
1.74683
1.67942
1.86961
1.81031
1.9245
1.97477
1.67942
1.74683
2.06072
2.02023
1.81031
1.86961
1.97477
1.9245
2.06072
2.02023
2.0961
2.12624
2.15103
2.17041
2.18429
2.19264
2.12624
2.0961
2.19264
2.19543
2.15103
2.18429
2.17041
0.713628
0.62734
1.48177
0.54274
1.558
0.460402
0.380921
0.304914
1.63102
0.233018
1.70052
0.16589
0.104208
0.0486716
1.76621
1.82782
0.0486716
1.88512
0.801049
1.93789
1.98592
0.977181
0.104208
2.02905
2.06711
1.23725
2.09998
0.16589
2.12755
0.233018
2.14971
2.16639
2.17755
1.63102
0.304914
2.18314
0.380921
1.82782
2.18314
2.17755
2.16639
0.460402
1.98592
2.14971
0.54274
2.12755
2.09998
2.06711
0.62734
2.02905
0.713628
1.93789
1.88512
0.801049
0.889071
1.76621
1.70052
0.977181
1.558
1.06489
1.48177
1.40266
1.32102
1.15173
1.23725
1.15173
1.06489
1.32102
0.889071
1.40266
2.88379e-32
2.88379e-32
1.73061e-32
0.0527726
0.0527726
1.73061e-32
0.177066
0.112032
0.112032
0.177066
0.321733
0.24719
0.321733
0.24719
0.40005
0.481513
0.40005
0.481513
0.565518
0.651479
0.738832
0.827033
0.565518
0.651479
1.00391
0.915561
0.827033
0.738832
1.1782
1.09161
1.00391
0.915561
1.34631
1.26323
1.1782
1.09161
1.26323
1.34631
1.50504
1.42703
1.50504
1.42703
1.65153
1.57998
1.65153
1.57998
1.7833
1.7194
1.843
1.89824
1.99459
1.94884
1.7194
1.7833
2.03535
2.07095
1.89824
1.843
1.94884
1.99459
2.07095
2.03535
2.12624
2.10128
2.1597
2.14573
2.16811
2.17091
2.10128
2.12624
2.1597
2.16811
2.14573
1.52627
0.501723
1.59985
0.418395
0.33789
0.260824
1.66987
0.187835
1.73605
0.119579
0.0567344
1.79811
1.85583
0.0567344
1.90898
0.674491
1.95735
0.119579
2.00079
2.03912
2.07223
1.02911
1.11671
0.187835
2.09998
0.260824
2.1223
2.1391
2.15034
0.33789
1.52627
2.15596
0.418395
1.66987
1.73605
2.15596
2.15034
2.1391
0.501723
1.90898
2.1223
0.58728
2.09998
2.07223
2.03912
0.674491
2.00079
0.762801
1.95735
1.85583
0.851679
1.79811
0.940612
1.59985
1.02911
1.11671
1.44945
1.36971
1.28742
1.20295
1.20295
1.28742
0.940612
1.36971
0.851679
1.44945
0.762801
0.58728
3.42581e-32
3.42581e-32
2.01597e-32
0.0605567
0.0605567
2.01597e-32
0.126852
0.198196
0.126852
0.198196
0.353385
0.273923
0.273923
0.353385
0.435957
0.521032
0.435957
0.521032
0.696375
0.608026
0.874987
0.785537
0.608026
0.696375
0.964226
1.05277
0.785537
0.874987
1.14017
1.22599
0.964226
1.05277
1.30981
1.39124
1.22599
1.14017
1.30981
1.39124
1.54548
1.46991
1.54548
1.46991
1.68605
1.61763
1.61763
1.68605
1.81064
1.75047
1.91732
1.86633
1.96344
2.0045
1.75047
1.81064
2.07095
2.04038
1.91732
1.86633
1.96344
2.0045
2.07095
2.04038
2.11574
2.0961
2.13829
2.12982
2.14111
2.13829
2.0961
2.12982
2.11574
1.6333
0.286485
0.20815
1.70006
0.133849
0.0642398
1.76267
1.82089
0.0642398
0.368219
0.452735
1.87449
1.92328
0.627756
1.96708
0.133849
2.00574
2.03912
0.20815
2.06711
2.08962
0.286485
2.10656
2.11789
0.368219
1.3304
2.12356
1.41088
2.12356
0.452735
2.11789
2.10656
0.539439
1.70006
1.76267
2.08962
2.06711
0.627756
2.03912
2.00574
0.717133
1.96708
1.92328
0.807038
1.87449
1.82089
0.896958
0.986403
1.6333
1.56266
1.07491
1.48841
1.16202
1.24732
1.24732
1.16202
1.07491
1.3304
0.986403
0.896958
1.41088
0.807038
0.717133
1.48841
0.539439
1.56266
3.93162e-32
3.93162e-32
2.28158e-32
0.0677833
0.0677833
2.28158e-32
0.217696
0.140572
0.140572
0.217696
0.298512
0.382391
0.382391
0.298512
0.556945
0.468731
0.468731
0.556945
0.646471
0.736765
0.827306
0.917591
0.646471
0.736765
1.0955
1.00714
0.917591
0.827306
1.18224
1.26693
1.00714
1.0955
1.34919
1.42865
1.18224
1.26693
1.42865
1.34919
1.57781
1.50497
1.50497
1.57781
1.64689
1.71192
1.71192
1.64689
1.82886
1.77266
1.92686
1.88032
2.0045
1.9683
1.82886
1.77266
2.03535
2.06072
1.92686
1.88032
1.9683
2.0045
2.06072
2.03535
2.08054
2.09475
2.10614
2.10329
2.10329
2.09475
2.08054
0.147018
0.0711877
1.72162
1.78042
0.0711877
1.83455
0.226835
1.88382
1.92805
0.395903
0.147018
1.96708
2.00079
0.664171
2.02905
0.226835
2.05177
0.310002
2.06887
2.08031
2.08604
1.11457
0.395903
2.08604
0.483944
1.36619
2.08031
2.06887
2.05177
0.573551
1.59094
2.02905
0.664171
2.00079
1.96708
1.92805
0.755271
1.88382
0.846341
1.83455
1.78042
1.72162
0.93689
1.65838
1.02645
1.51957
1.44454
1.11457
1.20083
1.28483
1.20083
1.28483
1.02645
1.36619
0.93689
0.846341
0.755271
1.44454
1.51957
0.573551
0.483944
1.59094
0.310002
1.65838
4.40122e-32
4.40122e-32
2.52744e-32
0.0744526
0.0744526
2.52744e-32
0.153191
0.235566
0.153191
0.235566
0.408753
0.320956
0.408753
0.320956
0.589256
0.498374
0.498374
0.589256
0.680856
0.772652
0.954853
0.864145
0.680856
0.772652
1.13211
1.04432
0.864145
0.954853
1.21781
1.30103
1.04432
1.13211
1.3814
1.45857
1.21781
1.30103
1.3814
1.45857
1.60205
1.53222
1.60205
1.53222
1.72916
1.66778
1.72916
1.66778
1.78596
1.83796
1.92686
1.88498
1.99459
1.96344
1.83796
1.78596
2.02023
2.04026
1.92686
1.88498
1.96344
1.99459
2.04026
2.02023
2.06324
2.05461
2.06324
2.06612
2.05461
1.73455
1.78929
0.0775783
0.0775783
1.8391
1.88382
0.159087
1.92328
1.95735
0.420942
0.512022
1.98592
0.243891
2.00889
0.331374
2.02618
2.03774
2.04353
0.971481
0.420942
2.04353
1.14812
1.23316
0.512022
2.03774
2.02618
2.00889
1.47071
0.604061
1.98592
0.696527
1.95735
1.92328
1.73455
1.88382
0.788908
1.8391
0.880716
1.78929
1.67509
0.971481
1.61113
1.06076
1.54292
1.39481
1.14812
1.31551
1.23316
1.06076
1.31551
1.39481
0.880716
0.788908
0.696527
1.47071
0.604061
1.54292
0.331374
1.61113
0.243891
1.67509
0.159087
4.83461e-32
4.83461e-32
2.75354e-32
0.0805646
2.75354e-32
0.0805646
0.251807
0.164709
0.164709
0.251807
0.43247
0.341256
0.43247
0.341256
0.524888
0.617966
0.524888
0.617966
0.80404
0.711184
0.986776
0.896057
0.711184
0.80404
1.1626
1.07576
0.986776
0.896057
1.32829
1.2469
1.07576
1.1626
1.48099
1.40643
1.2469
1.32829
1.48099
1.40643
1.55167
1.6182
1.55167
1.6182
1.73778
1.68031
1.73778
1.68031
1.79039
1.83796
1.91732
1.88032
1.94884
1.97477
1.79039
1.83796
2.00954
1.99502
1.88032
1.91732
1.94884
1.97477
2.00954
1.99502
2.02118
2.01827
2.01827
0.0834117
1.78929
1.83455
1.87449
0.170056
1.90898
1.93789
0.259317
1.96113
1.97863
0.350602
1.99033
1.99618
0.724827
0.443338
0.818049
1.99618
1.99033
0.536972
1.97863
1.96113
1.17555
1.25902
0.630972
1.93789
1.90898
0.724827
1.87449
1.83455
0.818049
1.78929
1.73886
0.910168
1.68344
1.62324
1.00074
1.55848
1.4894
1.08933
1.41626
1.33937
1.17555
1.25902
1.08933
1.00074
1.33937
0.910168
1.41626
0.630972
1.4894
0.536972
0.443338
1.55848
0.350602
0.259317
1.62324
0.170056
0.0834117
1.68344
1.73886
5.2318e-32
5.2318e-32
2.9599e-32
0.0861194
0.0861194
2.9599e-32
0.175128
0.26642
0.175128
0.26642
0.359414
0.453545
0.453545
0.359414
0.643078
0.548274
0.643078
0.548274
0.830934
0.737458
1.01337
0.92305
0.737458
0.830934
1.18698
1.10148
1.01337
0.92305
1.26952
1.34873
1.18698
1.10148
1.42431
1.49594
1.26952
1.34873
1.42431
1.49594
1.56334
1.62627
1.56334
1.62627
1.73778
1.68449
1.73778
1.68449
1.82886
1.78596
1.86633
1.89824
1.94501
1.9245
1.78596
1.82886
1.95971
1.96854
1.86633
1.89824
1.9245
1.94501
1.95971
1.97149
1.96854
1.82089
0.179925
1.85583
1.88512
1.90867
0.273116
1.9264
0.367689
1.93825
0.463093
1.94419
1.94419
0.463093
0.749076
1.93825
0.558795
1.9264
1.90867
1.02467
1.88512
0.654286
1.85583
0.749076
1.82089
1.78042
1.43056
1.73455
0.842697
1.68344
0.934702
1.62728
1.56626
1.50061
1.02467
1.11219
1.3564
1.2784
1.19689
1.19689
1.11219
1.2784
0.934702
0.842697
1.3564
1.43056
0.654286
0.558795
1.50061
0.367689
1.56626
0.273116
0.179925
0.0886881
1.62728
1.68344
0.0886881
1.73455
1.78042
5.5928e-32
5.5928e-32
3.14652e-32
0.0911174
0.0911174
3.14652e-32
0.279405
0.184447
0.184447
0.279405
0.47198
0.37543
0.37543
0.47198
0.568536
0.664595
0.568536
0.664595
0.759682
0.853337
1.03463
0.945126
0.759682
0.853337
1.20526
1.12147
1.03463
0.945126
1.36236
1.28567
1.12147
1.20526
1.50341
1.43503
1.36236
1.28567
1.50341
1.43503
1.56723
1.62627
1.56723
1.62627
1.68031
1.72916
1.68031
1.72916
1.77266
1.81064
1.843
1.86961
1.9053
1.8904
1.77266
1.81064
1.91725
1.91426
1.86961
1.843
1.9053
1.8904
1.91426
0.188694
1.79811
1.82782
1.85171
0.285288
1.86969
0.285288
0.382636
1.8817
0.480208
0.577495
1.88772
1.88772
0.480208
1.8817
0.862856
0.577495
1.86969
1.85171
1.82782
0.674007
1.21212
1.29132
1.79811
0.769276
1.76267
1.72162
1.67509
0.862856
1.62324
0.954322
1.56626
1.50434
1.43771
1.04327
1.36661
1.12932
1.12932
1.21212
1.04327
1.29132
0.954322
0.769276
1.36661
0.674007
1.43771
0.382636
1.50434
1.56626
0.188694
0.0934077
1.62324
1.67509
0.0934077
1.72162
1.76267
5.91763e-32
5.91763e-32
3.3134e-32
0.0955587
0.0955587
3.3134e-32
0.290764
0.192668
0.192668
0.290764
0.487777
0.389307
0.487777
0.389307
0.682521
0.585675
0.585675
0.682521
0.77786
0.871254
0.962292
1.05058
0.77786
0.871254
1.21745
1.13575
0.962292
1.05058
1.29535
1.36917
1.13575
1.21745
1.4386
1.50341
1.36917
1.29535
1.50341
1.4386
1.56334
1.6182
1.6182
1.56334
1.66778
1.71192
1.71192
1.66778
1.75047
1.7833
1.81031
1.83141
1.84652
1.85561
1.75047
1.7833
1.85561
1.85865
1.83141
1.81031
1.84652
1.79046
0.295834
1.80871
0.0975709
1.82091
0.395444
1.82702
1.82702
0.494687
0.494687
0.593074
1.82091
1.80871
0.593074
1.79046
1.76621
0.690138
1.73605
1.70006
0.785432
1.65838
1.22125
1.61113
0.878532
1.55848
1.50061
0.969034
1.43771
1.37002
1.05656
1.29778
1.14074
1.14074
1.05656
1.22125
0.969034
0.878532
1.29778
0.785432
0.690138
1.37002
1.43771
0.395444
0.295834
1.50061
0.196366
1.55848
1.61113
0.0975709
1.76621
1.65838
1.70006
1.73605
0.196366
6.20629e-32
6.20629e-32
3.46057e-32
0.0994439
0.0994439
3.46057e-32
0.19979
0.300497
0.19979
0.300497
0.500937
0.401046
0.401046
0.500937
0.696857
0.599694
0.599694
0.696857
0.884689
0.791994
1.06121
0.97455
0.791994
0.884689
1.14431
1.22354
1.06121
0.97455
1.29858
1.36917
1.22354
1.14431
1.43503
1.49594
1.36917
1.29858
1.43503
1.49594
1.60205
1.55167
1.60205
1.55167
1.64689
1.68605
1.68605
1.64689
1.74683
1.7194
1.78361
1.76826
1.79592
1.79284
1.74683
1.7194
1.79284
1.76826
1.78361
0.304754
1.7561
0.406114
1.76231
1.76231
1.7561
0.304754
0.506529
1.74371
0.605534
1.72516
1.70052
1.66987
0.797546
0.702681
1.6333
0.797546
1.59094
1.06453
1.54292
1.4894
1.2243
0.889726
1.43056
0.978839
1.36661
1.29778
1.06453
1.14645
1.14645
0.978839
0.889726
1.2243
1.29778
0.702681
0.605534
0.506529
1.36661
0.406114
1.43056
0.20294
0.101178
1.4894
1.54292
0.101178
1.74371
1.59094
1.6333
1.66987
0.20294
1.70052
1.72516
6.45883e-32
6.45883e-32
3.58802e-32
0.102773
0.102773
3.58802e-32
0.308606
0.205815
0.205815
0.308606
0.511463
0.410648
0.511463
0.410648
0.707607
0.610595
0.610595
0.707607
0.893643
0.802088
1.06652
0.981904
0.802088
0.893643
1.22354
1.14717
0.981904
1.06652
1.36236
1.29535
1.22354
1.14717
1.48099
1.42431
1.29535
1.36236
1.42431
1.48099
1.53222
1.57781
1.53222
1.57781
1.61763
1.65153
1.61763
1.65153
1.67942
1.7012
1.7168
1.72619
1.72932
1.72619
1.7012
1.67942
1.7168
0.414648
1.69386
1.69386
0.104229
1.68755
0.515738
1.67494
0.614876
1.65608
0.515738
0.614876
1.63102
1.59985
0.711638
1.56266
0.80562
1.51957
1.47071
1.06718
1.41626
0.896441
1.3564
0.983742
1.29132
1.22125
1.14645
1.06718
1.14645
0.983742
0.896441
0.80562
1.22125
0.711638
1.29132
0.414648
1.3564
0.312052
1.41626
0.208416
1.47071
1.51957
0.104229
1.68755
1.56266
1.59985
0.208416
1.63102
1.65608
1.67494
0.312052
6.67525e-32
6.67525e-32
3.69579e-32
0.105547
0.105547
3.69579e-32
0.210744
0.315092
0.210744
0.315092
0.519355
0.418115
0.519355
0.418115
0.714773
0.61838
0.61838
0.714773
0.808144
0.89812
1.06652
0.984355
0.89812
0.808144
1.14431
1.21745
0.984355
1.06652
1.34873
1.28567
1.21745
1.14431
1.45857
1.40643
1.34873
1.28567
1.40643
1.45857
1.50497
1.54548
1.50497
1.54548
1.60835
1.57998
1.60835
1.57998
1.63051
1.64639
1.65593
1.65912
1.65593
1.63051
1.64639
1.61553
0.522315
1.6027
1.58351
0.621104
1.558
1.52627
0.717012
1.48841
0.522315
1.44454
0.809657
1.39481
0.809657
1.33937
0.89868
0.89868
1.2784
1.21212
0.983742
1.14074
1.06453
1.06453
0.983742
1.14074
0.717012
1.21212
0.621104
1.2784
0.421047
0.317726
1.33937
0.212797
0.106725
1.39481
1.44454
0.106725
1.62196
1.48841
1.62196
1.52627
1.558
0.212797
1.58351
1.6027
0.317726
1.61553
0.421047
6.85559e-32
6.85559e-32
3.78386e-32
0.107765
0.107765
3.78386e-32
0.319955
0.214576
0.319955
0.214576
0.423447
0.524616
0.524616
0.423447
0.718355
0.62305
0.62305
0.718355
0.810162
0.89812
0.981904
1.06121
0.89812
0.810162
1.20526
1.13575
1.06121
0.981904
1.26952
1.32829
1.20526
1.13575
1.42865
1.3814
1.32829
1.26952
1.3814
1.42865
1.46991
1.50504
1.50504
1.46991
1.53393
1.55649
1.55649
1.53393
1.57266
1.58237
1.58562
1.58237
1.57266
0.52626
1.50775
0.624218
1.48177
1.44945
1.41088
0.321779
0.718803
1.36619
0.52626
0.809657
1.31551
1.25902
1.19689
0.896441
1.12932
0.978839
1.05656
0.978839
0.896441
1.05656
0.809657
1.12932
0.718803
0.624218
1.19689
0.425313
1.25902
0.216082
0.108666
1.31551
1.36619
0.108666
1.5273
1.41088
1.44945
1.48177
1.54691
0.216082
1.50775
1.5273
1.54037
0.321779
0.425313
1.54691
1.54037
6.99986e-32
6.99986e-32
3.85227e-32
0.109429
0.109429
3.85227e-32
0.323197
0.217313
0.217313
0.323197
0.527246
0.426646
0.426646
0.527246
0.718355
0.624607
0.624607
0.718355
0.893643
0.808144
1.05058
0.97455
0.893643
0.808144
1.18698
1.12147
1.05058
0.97455
1.30103
1.2469
1.18698
1.12147
1.34919
1.39124
1.2469
1.30103
1.34919
1.39124
1.45647
1.42703
1.45647
1.42703
1.47946
1.49593
1.49593
1.47946
1.50583
1.50914
1.50583
0.624218
1.40266
1.36971
1.3304
0.717012
1.28483
0.32421
0.80562
1.23316
0.527575
1.17555
1.11219
0.889726
1.04327
0.969034
0.969034
0.889726
0.80562
1.04327
0.717012
1.11219
0.624218
0.427446
1.17555
1.23316
0.218271
0.110053
1.28483
1.3304
0.110053
1.42914
1.36971
1.40266
1.46238
1.46905
0.218271
1.42914
1.44906
1.46238
0.32421
1.46905
0.427446
1.44906
0.527575
7.10808e-32
7.10808e-32
3.90101e-32
0.110538
0.110538
3.90101e-32
0.324818
0.218956
0.218956
0.324818
0.527246
0.427713
0.527246
0.427713
0.714773
0.62305
0.62305
0.714773
0.802088
0.884689
0.962292
1.03463
0.802088
0.884689
1.10148
1.1626
1.03463
0.962292
1.21781
1.26693
1.1626
1.10148
1.34631
1.30981
1.26693
1.21781
1.30981
1.34631
1.39976
1.37633
1.37633
1.39976
1.42665
1.41656
1.41656
1.42665
1.43002
1.24732
0.711638
1.20083
0.110884
1.14812
0.797546
1.08933
1.02467
0.878532
0.52626
0.621104
0.954322
0.878532
0.954322
0.797546
0.711638
1.02467
1.08933
0.427446
0.32502
1.14812
0.219366
1.20083
1.24732
0.110884
1.28742
1.28742
1.32102
1.32102
1.34803
0.219366
1.36835
1.38194
0.32502
1.38874
1.38874
0.427446
1.38194
1.36835
0.52626
1.34803
0.621104
7.18028e-32
7.18028e-32
3.9301e-32
0.111092
0.111092
3.9301e-32
0.219503
0.324818
0.219503
0.324818
0.524616
0.426646
0.426646
0.524616
0.707607
0.61838
0.61838
0.707607
0.791994
0.871254
1.01337
0.945126
0.871254
0.791994
1.13211
1.07576
1.01337
0.945126
1.22599
1.18224
1.13211
1.07576
1.29386
1.26323
1.22599
1.18224
1.26323
1.29386
1.3349
1.31777
1.3349
1.31777
1.3452
1.3452
1.34863
0.702681
1.06076
0.785432
1.00074
0.934702
0.862856
0.32421
0.862856
0.785432
0.934702
0.702681
0.614876
0.522315
1.00074
0.425313
1.06076
0.219366
0.111161
1.11457
1.16202
0.111161
1.11457
1.20295
1.23725
1.2648
1.23725
0.219366
1.28554
1.2994
1.30634
0.32421
1.30634
0.425313
1.2994
1.28554
1.2648
0.522315
0.614876
1.20295
1.16202
7.21645e-32
7.21645e-32
3.93954e-32
0.111092
0.111092
3.93954e-32
0.323197
0.218956
0.218956
0.323197
0.519355
0.423447
0.423447
0.519355
0.610595
0.696857
0.696857
0.610595
0.77786
0.853337
0.92305
0.986776
0.77786
0.853337
1.04432
1.0955
0.92305
0.986776
1.1782
1.14017
1.04432
1.0955
1.20946
1.23387
1.1782
1.14017
1.20946
1.23387
1.26186
1.25135
1.26186
1.25135
1.26537
0.769276
0.910168
0.842697
0.110884
0.769276
0.842697
0.690138
0.910168
0.605534
0.515738
0.421047
0.971481
0.321779
1.02645
0.218271
1.07491
1.11671
0.110884
0.971481
1.15173
1.17986
1.07491
1.11671
0.218271
1.20104
1.21519
1.22228
1.20104
0.321779
1.22228
0.421047
1.21519
1.17986
0.515738
1.15173
0.605534
1.02645
0.690138
7.21661e-32
7.21661e-32
3.92932e-32
0.110538
0.110538
3.92932e-32
0.319955
0.217313
0.217313
0.319955
0.418115
0.511463
0.511463
0.418115
0.599694
0.682521
0.599694
0.682521
0.759682
0.830934
0.954852
0.896057
0.830934
0.759682
1.00714
1.05277
0.954852
0.896057
1.09161
1.12354
1.00714
1.05277
1.14847
1.16632
1.09161
1.12354
1.14847
1.16632
1.18064
1.17706
1.17706
0.674007
0.818049
0.593074
0.506529
0.880716
0.414648
0.317726
0.93689
0.216081
0.110053
0.986403
1.02911
0.110053
0.749076
1.06489
0.818049
1.09363
1.11526
0.216081
1.12972
1.13696
1.02911
1.06489
0.317726
1.13696
1.12972
0.414648
1.11526
1.09363
0.506529
0.593074
0.986403
0.93689
0.674007
0.880716
0.749076
7.18075e-32
7.18075e-32
3.89946e-32
0.109429
0.109429
3.89946e-32
0.214576
0.315092
0.214576
0.315092
0.500937
0.410648
0.500937
0.410648
0.585675
0.664595
0.585675
0.664595
0.737458
0.80404
0.917591
0.864144
0.80404
0.737458
1.00391
0.964226
0.917591
0.864144
1.06201
1.03654
1.00391
0.964226
1.09122
1.08025
1.03654
1.06201
1.09122
1.08025
1.09488
0.788908
0.406114
0.846341
0.312052
0.212797
0.108666
0.896957
0.940612
0.108666
0.494687
0.97718
1.00656
1.02866
0.724827
0.212797
1.04344
1.05083
1.05083
0.896957
0.312052
1.04344
0.406114
1.02866
1.00656
0.97718
0.494687
0.940612
0.577495
0.846341
0.788908
0.654286
0.724827
0.654286
0.577495
7.10888e-32
7.10888e-32
3.84994e-32
0.107765
0.107765
3.84994e-32
0.308606
0.210744
0.210744
0.308606
0.401046
0.487777
0.487777
0.401046
0.568536
0.643078
0.643078
0.568536
0.772652
0.711184
0.827306
0.874987
0.772652
0.711184
0.948912
0.915561
0.874987
0.827306
0.97495
0.993598
0.948912
0.915561
1.00855
1.00481
0.993598
0.97495
1.00481
0.807038
0.208416
0.106725
0.851679
0.889071
0.106725
0.304754
0.919108
0.941709
0.480208
0.558795
0.208416
0.95681
0.964371
0.964371
0.755271
0.304754
0.95681
0.395444
0.941709
0.919108
0.889071
0.480208
0.851679
0.558795
0.807038
0.696527
0.630971
0.630971
0.696527
0.395444
0.755271
7.00097e-32
7.00097e-32
3.78075e-32
0.105547
0.105547
3.78075e-32
0.205815
0.300497
0.205815
0.300497
0.47198
0.389307
0.47198
0.389307
0.617966
0.548274
0.617966
0.548274
0.736765
0.680856
0.785537
0.827033
0.736765
0.680856
0.861142
0.887767
0.785537
0.827033
0.906837
0.918299
0.887767
0.861142
0.922124
0.918299
0.906837
0.801049
0.104229
0.831772
0.104229
0.854888
0.870332
0.20294
0.878065
0.878065
0.463093
0.536972
0.295833
0.870332
0.664171
0.854888
0.382636
0.831772
0.801049
0.463093
0.762801
0.717133
0.536972
0.604061
0.604061
0.664171
0.382636
0.295833
0.717133
0.20294
0.762801
6.85702e-32
6.85702e-32
3.6919e-32
0.102773
3.6919e-32
0.102773
0.290764
0.19979
0.19979
0.290764
0.37543
0.453545
0.37543
0.453545
0.589256
0.524888
0.524888
0.589256
0.646471
0.696375
0.738832
0.773726
0.696375
0.646471
0.800963
0.82047
0.773726
0.738832
0.836107
0.832196
0.82047
0.800963
0.832196
0.101178
0.745063
0.768713
0.784514
0.196366
0.792425
0.285288
0.792425
0.784514
0.285288
0.768713
0.367689
0.745063
0.713628
0.674491
0.443338
0.627756
0.512022
0.573551
0.512022
0.443338
0.573551
0.367689
0.627756
0.196366
0.101178
0.674491
0.713628
6.677e-32
6.677e-32
3.58336e-32
0.0994439
0.0994439
3.58336e-32
0.279405
0.192668
0.192668
0.279405
0.43247
0.359414
0.359414
0.43247
0.556945
0.498374
0.556945
0.498374
0.651479
0.608026
0.715061
0.687189
0.608026
0.651479
0.735022
0.747019
0.715061
0.687189
0.751022
0.735022
0.747019
0.699889
0.188694
0.707985
0.0975709
0.707985
0.699889
0.273116
0.683718
0.350602
0.420942
0.483944
0.659514
0.62734
0.58728
0.420942
0.539439
0.483944
0.350602
0.539439
0.273116
0.58728
0.188694
0.62734
0.659514
0.0975709
0.683718
6.4609e-32
6.4609e-32
3.45512e-32
0.0955587
0.0955587
3.45512e-32
0.26642
0.184447
0.184447
0.26642
0.341256
0.408753
0.341256
0.408753
0.468731
0.521032
0.521032
0.468731
0.602074
0.565518
0.630604
0.651035
0.565518
0.602074
0.663316
0.667412
0.651035
0.630604
0.663316
0.179925
0.625299
0.617012
0.259317
0.600458
0.57568
0.331373
0.54274
0.501723
0.395903
0.452735
0.395903
0.452735
0.331373
0.259317
0.501723
0.179925
0.0934077
0.54274
0.57568
0.0934077
0.600458
0.617012
0.625299
6.20868e-32
6.20868e-32
3.30717e-32
0.0911174
0.0911174
3.30717e-32
0.251807
0.175128
0.175128
0.251807
0.320956
0.382391
0.320956
0.382391
0.435957
0.481513
0.435957
0.481513
0.518945
0.548157
0.581648
0.569076
0.548157
0.518945
0.581648
0.585842
0.569076
0.536457
0.519507
0.243891
0.494134
0.310001
0.460402
0.243891
0.418395
0.368219
0.368219
0.310001
0.418395
0.170056
0.088688
0.460402
0.494134
0.088688
0.519507
0.544943
0.536457
0.544943
0.170056
5.92033e-32
5.92033e-32
0.0861194
3.13951e-32
0.0861194
3.13951e-32
0.235566
0.164709
0.164709
0.235566
0.353385
0.298512
0.353385
0.298512
0.40005
0.438388
0.40005
0.438388
0.489728
0.468306
0.506898
0.502603
0.468306
0.502603
0.489728
0.226835
0.415473
0.286485
0.380921
0.33789
0.286485
0.33789
0.226835
0.380921
0.159087
0.0834117
0.415473
0.441461
0.0834117
0.458822
0.458822
0.467513
0.159087
0.467513
0.441461
5.59583e-32
5.59583e-32
2.95211e-32
0.0805646
0.0805646
2.95211e-32
0.217696
0.153191
0.153191
0.217696
0.321733
0.273923
0.273923
0.321733
0.361009
0.391656
0.391656
0.361009
0.4136
0.426787
0.431187
0.426787
0.4136
0.260824
0.260824
0.20815
0.304914
0.147018
0.0775783
0.340313
0.366937
0.0775783
0.304914
0.340313
0.384721
0.393624
0.393624
0.147018
0.384721
0.366937
0.20815
5.23515e-32
5.23515e-32
2.74497e-32
0.0744526
0.0744526
2.74497e-32
0.198196
0.140572
0.198196
0.140572
0.287434
0.24719
0.287434
0.24719
0.341316
0.318835
0.318835
0.341316
0.354827
0.359333
0.354827
0.133849
0.0711877
0.269292
0.296572
0.0711877
0.314794
0.187835
0.323915
0.323915
0.269292
0.133849
0.314794
0.296572
0.187835
0.233018
0.233018
4.83828e-32
4.83828e-32
2.51809e-32
0.0677833
0.0677833
2.51809e-32
0.126852
0.177066
0.126852
0.177066
0.250488
0.218311
0.250488
0.218311
0.287369
0.273526
0.273526
0.291988
0.287369
0.231023
0.249696
0.0642398
0.0642398
0.259044
0.259044
0.119579
0.249696
0.231023
0.203066
0.16589
0.16589
0.203066
0.119579
4.40521e-32
4.40521e-32
2.27145e-32
0.0605567
2.27145e-32
0.0605567
0.112032
0.154306
0.112032
0.154306
0.210896
0.187286
0.210896
0.187286
0.229816
0.225084
0.225084
0.0567344
0.199688
0.199688
0.190108
0.104208
0.17097
0.142315
0.142315
0.104208
0.0567344
0.17097
0.190108
3.93592e-32
3.93592e-32
2.00506e-32
0.0527726
0.0527726
2.00506e-32
0.129916
0.0961105
0.0961105
0.129916
0.154117
0.168658
0.154117
0.168658
0.173509
0.136728
0.0877368
0.11711
0.0877368
0.0486716
0.11711
0.136728
0.0486716
0.146547
0.146547
3.43043e-32
3.43043e-32
1.71891e-32
0.0444311
0.0444311
1.71891e-32
0.103896
0.0790887
0.0790887
0.103896
0.118803
0.118803
0.123775
0.0701648
0.0701648
0.0400514
0.0902758
0.100342
0.0400514
0.100342
0.0902758
2.88873e-32
2.88873e-32
1.41301e-32
0.0355323
1.41301e-32
0.0355323
0.0609665
0.0762475
0.0609665
0.0762475
0.0813453
0.0618123
0.030874
0.0618123
0.0514925
0.030874
0.0514925
2.31083e-32
2.31083e-32
0.0260763
1.08736e-32
0.0260763
1.08736e-32
0.0417441
0.0417441
0.0469696
0.0211395
0.0317202
0.0211395
0.0317202
1.69674e-32
1.69674e-32
7.41963e-33
0.0160633
0.0160633
7.41963e-33
0.021422
0.0108481
0.0108481
1.04646e-32
1.04646e-32
3.7683e-33
3.7683e-33
0.00549344
1.55647e-35
3.60003e-33
3.60003e-33
