1.56343e-35
3.61611e-33
3.61611e-33
3.78505e-33
1.05113e-32
0.00551798
0.0108965
3.78505e-33
1.05113e-32
0.0108965
7.45267e-33
0.0212339
1.70431e-32
0.016135
0.021518
0.0318617
0.0318617
0.016135
0.0212339
1.70431e-32
7.45267e-33
1.0922e-32
0.0310118
2.32114e-32
0.0261927
0.0517222
0.0620881
0.0419309
0.0471792
1.0922e-32
0.0310118
0.0419309
0.0620881
0.0517222
0.0261927
2.32114e-32
1.4193e-32
0.0356908
0.04023
2.90161e-32
0.0612389
0.0704777
0.0906784
0.0765876
0.100789
0.0817088
0.100789
0.0765876
0.0356908
2.90161e-32
0.04023
1.4193e-32
0.0704777
0.0612389
0.0906784
1.72656e-32
3.44572e-32
0.0446292
0.0488885
0.0794418
0.0881279
0.117632
0.10436
0.0488885
3.44572e-32
0.0446292
1.72656e-32
0.147201
0.124327
0.137337
0.119334
0.119334
0.117632
0.137337
0.0794418
0.147201
0.10436
0.0881279
2.01398e-32
0.056987
3.95344e-32
0.0530077
0.0965392
0.104672
0.142949
0.130495
0.16941
0.154804
0.171731
0.190955
3.95344e-32
0.056987
0.0530077
2.01398e-32
0.0965392
0.142949
0.104672
0.130495
0.174283
0.200578
0.16941
0.200578
0.171731
0.190955
0.154804
2.28155e-32
0.0645256
4.4248e-32
0.0608262
0.112531
0.120111
0.166629
0.154993
0.232052
0.211835
0.188121
0.20397
0.226087
0.250808
0.260197
0.23084
2.28155e-32
0.0645256
4.4248e-32
0.0608262
0.112531
0.120111
0.166629
0.154993
0.250808
0.232052
0.20397
0.260197
0.188121
0.226087
0.211835
2.52928e-32
0.0715042
4.85978e-32
0.0680848
0.127417
0.134444
0.18867
0.177854
0.234055
0.27049
0.251603
0.219283
0.274744
0.297891
0.316194
0.288648
0.0680848
2.52928e-32
0.0715042
4.85978e-32
0.293288
0.325356
0.325356
0.288648
0.134444
0.18867
0.127417
0.177854
0.251603
0.297891
0.316194
0.234055
0.219283
0.274744
0.27049
2.75716e-32
0.0779229
5.25839e-32
0.0747834
0.199077
0.141197
0.147672
0.209075
0.261983
0.306269
0.288712
0.248289
0.320253
0.341826
0.368568
0.342834
0.356405
0.386431
0.395374
0.360931
5.25839e-32
0.0747834
2.75716e-32
0.0779229
0.209075
0.147672
0.199077
0.141197
0.395374
0.386431
0.356405
0.342834
0.288712
0.248289
0.261983
0.306269
0.341826
0.368568
0.320253
2.96521e-32
0.0837818
5.62064e-32
0.0809222
0.153871
0.227842
0.218663
0.159793
0.0809222
0.0837818
5.62064e-32
2.96521e-32
0.287757
0.33939
0.323162
0.27514
0.362613
0.417318
0.393396
0.382612
0.428683
0.443421
0.460859
0.415438
0.469589
0.433103
0.428683
0.469589
0.159793
0.227842
0.218663
0.153871
0.33939
0.287757
0.323162
0.27514
0.460859
0.443421
0.382612
0.415438
0.417318
0.362613
0.393396
3.15342e-32
0.0890812
5.94656e-32
0.0865013
0.16544
0.17081
0.244972
0.236611
0.0865013
0.0890812
5.94656e-32
3.15342e-32
0.311376
0.369852
0.354953
0.299837
0.17081
0.236611
0.244972
0.16544
0.401826
0.42025
0.440334
0.462444
0.491902
0.496326
0.521811
0.470385
0.547361
0.509148
0.538837
0.504835
0.504835
0.547361
0.538837
0.491902
0.299837
0.369852
0.311376
0.354953
0.521811
0.440334
0.462444
0.42025
0.401826
0.470385
0.496326
3.32182e-32
0.091521
0.0938213
6.23616e-32
0.175905
0.180722
0.260466
0.252923
0.332841
0.397657
0.384086
0.322379
0.091521
0.0938213
6.23616e-32
3.32182e-32
0.260466
0.180722
0.252923
0.175905
0.43789
0.454741
0.503946
0.483648
0.332841
0.384086
0.322379
0.397657
0.521246
0.545144
0.57823
0.550587
0.571599
0.584226
0.603118
0.619746
0.62807
0.584226
0.58844
0.62807
0.571599
0.603118
0.619746
0.550587
0.454741
0.545144
0.483648
0.43789
0.57823
0.521246
0.503946
3.4704e-32
6.48947e-32
0.0959817
0.0980025
0.185264
0.189529
0.274325
0.267599
0.352154
0.422805
0.410562
0.342768
0.0959817
0.0980025
6.48947e-32
3.4704e-32
0.470807
0.486085
0.541826
0.523339
0.274325
0.189529
0.267599
0.185264
0.410562
0.422805
0.352154
0.342768
0.589879
0.568023
0.630116
0.604739
0.486085
0.470807
0.523339
0.541826
0.653918
0.633397
0.686743
0.662432
0.666253
0.702986
0.670367
0.711117
0.711117
0.653918
0.666253
0.702986
0.633397
0.604739
0.568023
0.662432
0.589879
0.630116
0.686743
3.59919e-32
0.101625
6.7065e-32
0.0998836
0.19352
0.197234
0.286549
0.280641
0.369315
0.445298
0.361004
0.434383
0.500579
0.514285
0.576086
0.559408
0.0998836
0.101625
6.7065e-32
3.59919e-32
0.197234
0.286549
0.280641
0.19352
0.677471
0.63053
0.610716
0.65436
0.445298
0.369315
0.434383
0.361004
0.559408
0.500579
0.514285
0.576086
0.748355
0.718222
0.690228
0.716781
0.610716
0.677471
0.63053
0.65436
0.750321
0.738272
0.78798
0.772109
0.795925
0.754343
0.750321
0.795925
0.718222
0.748355
0.716781
0.738272
0.78798
0.772109
0.690228
3.7082e-32
0.10469
6.8873e-32
0.103227
0.200674
0.203836
0.29714
0.292048
0.384326
0.37709
0.465138
0.455549
0.527207
0.539342
0.606727
0.591858
3.7082e-32
6.8873e-32
0.103227
0.10469
0.69945
0.649327
0.667102
0.720298
0.200674
0.203836
0.29714
0.292048
0.465138
0.384326
0.455549
0.37709
0.766167
0.804583
0.777141
0.742095
0.591858
0.606727
0.527207
0.539342
0.649327
0.667102
0.69945
0.720298
0.835441
0.858658
0.804499
0.824091
0.804583
0.766167
0.742095
0.777141
0.839797
0.835869
0.881937
0.87417
0.835441
0.881937
0.858658
0.87417
0.824091
0.835869
0.804499
3.79744e-32
0.107197
7.03186e-32
0.106013
0.206725
0.209336
0.306099
0.301823
0.391026
0.397188
0.482327
0.474063
0.550694
0.56126
0.633754
0.620692
0.106013
0.107197
7.03186e-32
3.79744e-32
0.740014
0.68386
0.699597
0.758599
0.206725
0.301823
0.306099
0.209336
0.85543
0.830678
0.810593
0.789
0.397188
0.482327
0.474063
0.391026
0.620692
0.633754
0.56126
0.550694
0.892985
0.923154
0.891678
0.864937
0.758599
0.68386
0.699597
0.740014
0.85543
0.810593
0.789
0.830678
0.922344
0.910833
0.945854
0.961021
0.891678
0.864937
0.923154
0.892985
0.968615
0.926187
0.922344
0.910833
0.961021
0.945854
0.968615
3.86692e-32
0.109146
7.14023e-32
0.108241
0.211674
0.213735
0.313428
0.309967
0.108241
0.109146
7.14023e-32
3.86692e-32
0.402815
0.407904
0.496867
0.489928
0.571042
0.580039
0.657168
0.645912
0.79238
0.776054
0.714317
0.728018
0.309967
0.211674
0.313428
0.213735
0.850064
0.878837
0.900902
0.830948
0.402815
0.496867
0.489928
0.407904
0.953086
0.944747
0.981475
0.919589
0.657168
0.580039
0.645912
0.571042
0.79238
0.728018
0.714317
0.776054
0.997967
1.01098
1.03318
0.979237
0.900902
0.850064
0.830948
0.878837
0.981475
0.953086
0.919589
0.944747
1.00923
1.01298
1.05545
1.04802
0.997967
0.979237
1.01098
1.03318
1.05545
1.00923
1.04802
3.91665e-32
0.110538
7.21241e-32
0.109911
0.215523
0.217034
0.319126
0.316481
0.412458
0.416475
0.50876
0.503144
0.109911
0.110538
7.21241e-32
3.91665e-32
0.316481
0.319126
0.215523
0.217034
0.588255
0.595684
0.676973
0.667521
0.75237
0.821644
0.807576
0.740703
0.884585
0.921623
0.941003
0.867944
0.412458
0.503144
0.50876
0.416475
0.990732
1.03362
1.00832
0.968462
0.588255
0.667521
0.595684
0.676973
1.06956
1.09843
1.04109
1.06667
0.807576
0.821644
0.75237
0.740703
0.884585
0.921623
0.867944
0.941003
1.09601
1.12015
1.13467
1.08499
1.00832
0.990732
1.03362
0.968462
1.04109
1.09843
1.06667
1.06956
1.09968
1.08499
1.14194
1.14194
1.09601
1.12015
1.13467
3.94665e-32
0.111373
7.24842e-32
0.111025
0.218272
0.219233
0.323196
0.321365
0.419957
0.422901
0.518008
0.513714
0.602333
0.685522
0.608197
0.693172
0.111025
0.111373
7.24842e-32
3.94665e-32
0.219233
0.321365
0.323196
0.218272
0.513714
0.518008
0.422901
0.419957
0.772656
0.846397
0.834584
0.763022
0.959042
0.975741
0.899992
0.914161
1.07961
1.05739
1.03095
1.01156
0.685522
0.602333
0.693172
0.608197
1.09639
1.12159
1.15676
1.12846
0.763022
0.772656
0.834584
0.846397
1.1535
1.20629
1.17143
1.18502
0.975741
0.914161
0.959042
0.899992
1.07961
1.03095
1.05739
1.01156
1.22762
1.18221
1.2205
1.18581
1.09639
1.12159
1.12846
1.15676
1.17143
1.1535
1.22762
1.2205
1.18502
1.18221
1.20629
3.9569e-32
0.111652
7.24826e-32
0.111582
0.219921
0.220332
0.325638
0.32462
0.425312
0.427185
0.524612
0.52164
0.111582
0.111652
7.24826e-32
3.9569e-32
0.61328
0.705768
0.69992
0.61758
0.78888
0.866641
0.857082
0.781276
0.32462
0.325638
0.220332
0.219921
0.52164
0.524612
0.427185
0.425312
0.61328
0.61758
0.69992
0.705768
0.9911
0.927098
1.00512
0.938798
1.11945
1.1003
1.0654
1.04889
1.14516
1.16709
1.2082
1.18334
0.857082
0.781276
0.78888
0.866641
1.24264
1.23925
1.27032
1.21474
0.927098
0.9911
1.00512
0.938798
1.26737
1.29115
1.30507
1.25681
1.1003
1.11945
1.0654
1.04889
1.2082
1.16709
1.18334
1.14516
1.31204
1.27089
1.26737
1.31204
1.24264
1.21474
1.30507
1.27032
1.23925
1.25681
1.29115
3.94743e-32
0.111373
7.21193e-32
0.111582
0.220471
0.220332
0.326452
0.326248
0.428525
0.429327
0.528575
0.526924
0.621098
0.623833
0.714763
0.710715
0.111582
0.111373
7.21193e-32
3.94743e-32
0.220332
0.326248
0.326452
0.220471
0.801045
0.882382
0.875074
0.79547
0.958501
1.02915
1.0178
0.949267
0.429327
0.428525
0.526924
0.528575
0.710715
0.621098
0.714763
0.623833
0.801045
0.79547
0.882382
0.875074
1.13706
1.15313
1.0941
1.08047
1.1874
1.20607
1.25275
1.23134
1.29303
1.26874
1.32677
1.29949
0.949267
1.0178
0.958501
1.02915
1.3743
1.35389
1.34071
1.32351
1.08047
1.0941
1.15313
1.13706
1.35105
1.38794
1.39477
1.3545
1.25275
1.23134
1.1874
1.20607
1.26874
1.29303
1.29949
1.32677
1.35105
1.34071
1.39477
1.38794
1.32351
1.35389
1.3743
3.91821e-32
0.110538
7.13943e-32
0.111025
0.219921
0.219233
0.325638
0.326248
0.529565
0.429595
0.429327
0.529895
0.111025
0.110538
7.13943e-32
3.91821e-32
0.625789
0.62696
0.720159
0.717911
0.809153
0.893623
0.888565
0.805607
0.219233
0.326248
0.325638
0.219921
0.529565
0.529895
0.429595
0.429327
0.973274
1.04783
1.03916
0.966504
1.11704
1.16767
1.10629
1.18068
0.717911
0.720159
0.62696
0.625789
0.888565
0.805607
0.809153
0.893623
1.04783
0.973274
0.966504
1.03916
1.22312
1.27245
1.29042
1.23854
1.31551
1.33618
1.37566
1.35216
1.40584
1.43533
1.3823
1.40874
1.10629
1.16767
1.18068
1.11704
1.4227
1.43284
1.45534
1.46872
1.22312
1.29042
1.27245
1.23854
1.47541
1.47541
1.43622
1.43284
1.33618
1.37566
1.31551
1.35216
1.46872
1.45534
1.40874
1.3823
1.43533
1.4227
1.40584
3.86926e-32
0.109146
7.03075e-32
0.109911
0.218272
0.217034
0.323196
0.32462
0.528575
0.529565
0.428525
0.427185
0.627352
0.62696
0.721958
0.721508
0.109911
0.109146
7.03075e-32
3.86926e-32
0.217034
0.32462
0.323196
0.218272
0.813207
0.900367
0.897557
0.811688
0.98312
1.06117
1.05517
0.978813
0.529565
0.528575
0.427185
0.428525
0.721508
0.627352
0.721958
0.62696
1.13425
1.2021
1.12636
1.19216
1.25233
1.30668
1.32123
1.26449
0.813207
0.811688
0.900367
0.897557
0.978813
1.05517
1.06117
0.98312
1.12636
1.19216
1.2021
1.13425
1.35505
1.39727
1.37212
1.417
1.43322
1.48818
1.45572
1.46278
1.51426
1.48586
1.5339
1.5024
1.25233
1.30668
1.26449
1.32123
1.55359
1.51235
1.51566
1.54702
1.35505
1.37212
1.417
1.39727
1.51235
1.55359
1.54702
1.5024
1.46278
1.45572
1.43322
1.48818
1.51426
1.48586
1.5339
3.80056e-32
0.107197
6.88586e-32
0.108241
0.215523
0.213735
0.319126
0.321365
0.422901
0.524613
0.526924
0.425312
0.108241
0.107197
6.88586e-32
3.80056e-32
0.625789
0.623834
0.720159
0.721508
0.813207
0.902614
0.813714
0.902052
0.213735
0.321365
0.319126
0.215523
0.526924
0.524613
0.425312
0.422901
0.988043
1.06917
1.06584
0.986198
1.21051
1.14572
1.21739
1.1407
0.623834
0.625789
0.720159
0.721508
0.813714
0.902052
0.902614
0.813207
1.27504
1.28396
1.33406
1.34518
1.38738
1.40085
1.45079
1.43484
0.988043
1.06917
0.986198
1.06584
1.21739
1.14572
1.1407
1.21051
1.34518
1.27504
1.33406
1.28396
1.47627
1.51154
1.49484
1.53286
1.59033
1.56472
1.5632
1.54055
1.58919
1.6096
1.62248
1.57944
1.38738
1.45079
1.40085
1.43484
1.58919
1.62894
1.59245
1.62894
1.53286
1.51154
1.47627
1.49484
1.57944
1.59033
1.56472
1.6096
1.62248
1.54055
1.5632
3.71211e-32
0.10469
6.70475e-32
0.106013
0.211674
0.316481
0.209336
0.313428
0.416475
0.518008
0.52164
0.419957
0.106013
0.10469
6.70475e-32
3.71211e-32
0.621098
0.61758
0.714763
0.717911
0.209336
0.316481
0.313428
0.211674
0.809153
0.811688
0.900367
0.902052
0.988043
1.07184
1.07117
0.988659
0.419957
0.52164
0.518008
0.416475
0.61758
0.717911
0.621098
0.714763
1.22274
1.15145
1.22657
1.1493
1.29693
1.29125
1.36228
1.35458
0.811688
0.900367
0.902052
0.809153
1.07117
1.07184
0.988043
0.988659
1.41252
1.47707
1.46487
1.42239
1.56939
1.51146
1.52612
1.55214
1.22657
1.15145
1.1493
1.22274
1.29125
1.35458
1.36228
1.29693
1.41252
1.42239
1.46487
1.47707
1.61527
1.58678
1.60673
1.63803
1.66319
1.68213
1.65346
1.63752
1.70112
1.66624
1.69478
1.66305
1.55214
1.52612
1.51146
1.56939
1.70112
1.66305
1.69478
1.65346
1.68213
1.61527
1.66319
1.58678
1.63752
1.60673
1.63803
3.60388e-32
0.101625
6.48739e-32
0.103227
0.103227
0.101625
6.48739e-32
3.60388e-32
0.206725
0.306099
0.309967
0.203836
0.407904
0.50876
0.513714
0.412458
0.61328
0.608197
0.705768
0.710715
0.309967
0.306099
0.206725
0.203836
0.805607
0.801045
0.893623
0.897557
0.513714
0.50876
0.407904
0.412458
0.98312
1.06917
1.07117
0.986198
1.15145
1.22962
1.22886
1.15217
0.608197
0.710715
0.61328
0.705768
0.801045
0.893623
0.805607
0.897557
1.30098
1.30341
1.37253
1.36826
1.43047
1.43675
1.48739
1.49583
1.06917
0.98312
0.986198
1.07117
1.15145
1.15217
1.22886
1.22962
1.53882
1.54957
1.59778
1.5846
1.62458
1.67703
1.64032
1.65862
1.30098
1.36826
1.30341
1.37253
1.43047
1.49583
1.43675
1.48739
1.53882
1.59778
1.5846
1.54957
1.73254
1.70849
1.68662
1.7078
1.7636
1.75116
1.72415
1.73357
1.73357
1.73672
1.76984
1.76984
1.62458
1.65862
1.67703
1.64032
1.7636
1.70849
1.72415
1.75116
1.7078
1.73254
1.68662
3.47587e-32
0.0980026
6.23376e-32
0.0998836
0.200674
0.197234
0.29714
0.301823
0.0998836
0.0980026
6.23376e-32
3.47587e-32
0.301823
0.29714
0.200674
0.197234
0.397188
0.496867
0.503144
0.402815
0.602333
0.595685
0.693172
0.69992
0.79547
0.78888
0.882382
0.888565
0.402815
0.397188
0.503144
0.496867
0.973274
1.06117
1.06584
0.978813
0.69992
0.693172
0.602333
0.595685
1.14572
1.22657
1.22886
1.1493
1.30422
1.37595
1.3751
1.30341
0.79547
0.882382
0.78888
0.888565
1.06117
1.06584
0.973274
0.978813
1.44392
1.50708
1.44123
1.50239
1.55836
1.56519
1.61805
1.60893
1.22657
1.1493
1.22886
1.14572
1.30341
1.3751
1.30422
1.37595
1.65396
1.66549
1.70734
1.69327
1.75429
1.77375
1.72675
1.74347
1.50239
1.44123
1.44392
1.50708
1.56519
1.55836
1.61805
1.60893
1.65396
1.70734
1.69327
1.66549
1.81641
1.79809
1.7758
1.79122
1.80358
1.80048
1.82866
1.83479
1.80048
1.83479
1.79122
1.82866
1.72675
1.7758
1.77375
1.74347
1.79809
1.81641
1.75429
3.32807e-32
0.0959817
0.0938213
5.94384e-32
0.19352
0.189529
0.286549
0.292048
0.384326
0.482327
0.489928
0.391026
0.0959817
0.0938213
5.94384e-32
3.32807e-32
0.189529
0.292048
0.286549
0.19352
0.489928
0.482327
0.384326
0.391026
0.588255
0.580039
0.676973
0.685522
0.781276
0.772656
0.866641
0.875074
0.966504
0.958501
1.04783
1.05517
0.580039
0.685522
0.588255
0.676973
1.13425
1.21739
1.22274
1.1407
0.781276
0.866641
0.875074
0.772656
1.3751
1.30098
1.29693
1.37253
1.51083
1.44482
1.44392
1.50989
0.958501
0.966504
1.05517
1.04783
1.1407
1.22274
1.21739
1.13425
1.57007
1.63021
1.62515
1.573
1.67493
1.72898
1.68227
1.71924
1.3751
1.30098
1.29693
1.37253
1.51083
1.44392
1.50989
1.44482
1.80577
1.79091
1.7702
1.75795
1.8356
1.81802
1.8392
1.85958
1.57007
1.63021
1.62515
1.573
1.67493
1.72898
1.68227
1.71924
1.79091
1.75795
1.80577
1.7702
1.85437
1.88969
1.8635
1.87762
1.89573
1.89573
1.86654
1.8635
1.85437
1.85958
1.87762
1.88969
1.8356
1.8392
1.81802
3.16046e-32
5.6176e-32
0.0915211
0.0890812
0.185264
0.180722
0.274325
0.280641
0.369315
0.465138
0.474063
0.37709
0.0915211
0.0890812
5.6176e-32
3.16046e-32
0.571042
0.56126
0.657168
0.667521
0.180722
0.280641
0.274325
0.185264
0.37709
0.369315
0.474063
0.465138
0.56126
0.667521
0.657168
0.571042
0.763022
0.75237
0.846397
0.857082
0.938798
1.02915
1.03916
0.949267
1.11704
1.2021
1.21051
1.12636
0.763022
0.857082
0.846397
0.75237
1.29125
1.36228
1.36826
1.28396
1.02915
1.03916
0.938798
0.949267
1.43675
1.50708
1.44123
1.50989
1.63427
1.57398
1.573
1.63325
1.2021
1.11704
1.12636
1.21051
1.36826
1.29125
1.36228
1.28396
1.73655
1.68751
1.69065
1.74196
1.78801
1.81835
1.78022
1.82864
1.43675
1.50708
1.44123
1.50989
1.63427
1.573
1.57398
1.63325
1.89312
1.87755
1.86371
1.85083
1.91675
1.89842
1.91337
1.93455
1.68751
1.74196
1.73655
1.69065
1.82864
1.81835
1.78022
1.78801
1.85083
1.87755
1.86371
1.89312
1.92536
1.92236
1.94644
1.9524
1.9524
1.92236
1.91337
1.93455
1.94644
1.91675
1.89842
2.97303e-32
0.0837818
5.25503e-32
0.0865013
0.0865013
0.0837818
5.25503e-32
2.97303e-32
0.175905
0.17081
0.260466
0.267599
0.352154
0.445298
0.455549
0.361004
0.550694
0.539342
0.633754
0.645912
0.267599
0.260466
0.175905
0.17081
0.740703
0.728018
0.821644
0.834584
0.455549
0.352154
0.445298
0.361004
0.633754
0.539342
0.645912
0.550694
0.740703
0.834584
0.821644
0.728018
0.927098
0.914161
1.00512
1.0178
1.0941
1.18068
1.19216
1.10629
1.27504
1.35458
1.26449
1.34518
1.00512
1.0178
0.914161
0.927098
1.42239
1.50239
1.43047
1.49583
1.0941
1.10629
1.19216
1.18068
1.63021
1.63325
1.57007
1.56519
1.7452
1.6917
1.74628
1.69065
1.35458
1.27504
1.26449
1.34518
1.50239
1.43047
1.42239
1.49583
1.79691
1.84235
1.83663
1.79357
1.88244
1.90629
1.91706
1.87425
1.56519
1.57007
1.63325
1.63021
1.74628
1.69065
1.6917
1.7452
1.96941
1.94608
1.95323
1.93264
1.96798
1.97685
1.99871
1.98697
1.79357
1.79691
1.83663
1.84235
1.87425
1.88244
1.91706
1.90629
1.94608
1.96941
1.93264
1.95323
1.97981
2.00459
2.00459
1.97685
1.98697
1.99871
1.96798
2.76577e-32
0.0779229
4.85609e-32
0.0809222
2.76577e-32
0.0809222
0.0779229
4.85609e-32
0.16544
0.159793
0.244972
0.252923
0.252923
0.244972
0.16544
0.159793
0.342768
0.332841
0.422805
0.434383
0.527207
0.514285
0.606727
0.620692
0.714317
0.699597
0.79238
0.807576
0.434383
0.422805
0.332841
0.342768
0.899992
0.884585
0.975741
0.9911
0.514285
0.620692
0.606727
0.527207
0.714317
0.807576
0.79238
0.699597
0.884585
0.899992
0.9911
0.975741
1.0654
1.15313
1.16767
1.08047
1.25233
1.32123
1.23854
1.33406
1.48739
1.41252
1.40085
1.47707
1.0654
1.15313
1.16767
1.08047
1.62515
1.54957
1.55836
1.61805
1.23854
1.33406
1.32123
1.25233
1.74196
1.7452
1.68227
1.68751
1.79691
1.84577
1.84692
1.79802
1.48739
1.47707
1.40085
1.41252
1.55836
1.62515
1.54957
1.61805
1.93141
1.88829
1.8918
1.92543
1.96562
1.99429
1.98309
1.95707
1.74196
1.68751
1.68227
1.7452
1.79802
1.84577
1.79691
1.84692
2.00342
2.01799
2.03469
2.01734
2.02675
2.02967
2.04629
2.0521
1.8918
1.88829
1.92543
1.93141
1.99429
1.95707
1.98309
1.96562
2.0521
2.00342
2.04629
2.02675
2.01799
2.03469
2.01734
0.0747834
0.0715042
4.42079e-32
2.53867e-32
2.53867e-32
0.0715042
4.42079e-32
0.0747834
0.153871
0.147672
0.227842
0.236611
0.153871
0.147672
0.236611
0.227842
0.311376
0.397657
0.410562
0.322379
0.410562
0.397657
0.311376
0.322379
0.500579
0.486085
0.576086
0.591858
0.68386
0.667102
0.7586
0.776055
0.867944
0.850064
0.941003
0.959042
0.576086
0.486085
0.591858
0.500579
1.04889
1.03095
1.11945
1.13706
0.667102
0.68386
0.776055
0.7586
0.941003
0.867944
0.959042
0.850064
1.04889
1.13706
1.11945
1.03095
1.30668
1.22312
1.20607
1.29042
1.46487
1.38738
1.45079
1.37212
1.60893
1.52612
1.59778
1.53882
1.30668
1.29042
1.22312
1.20607
1.73655
1.66549
1.72898
1.67493
1.46487
1.37212
1.38738
1.45079
1.78801
1.84235
1.79357
1.84577
1.935
1.9362
1.89297
1.8918
1.60893
1.59778
1.52612
1.53882
1.66549
1.67493
1.73655
1.72898
1.97538
2.00921
2.00299
1.97172
2.03757
2.04882
2.06037
2.02872
1.79357
1.84235
1.84577
1.78801
1.8918
1.89297
1.935
1.9362
2.06322
2.07754
2.08902
2.07188
2.07188
2.07477
2.09476
2.09476
2.00299
1.97172
2.00921
1.97538
2.03757
2.06037
2.04882
2.08902
2.07754
2.02872
2.06322
0.0680848
0.0645256
3.94912e-32
2.29173e-32
0.218663
0.209075
0.141197
0.134444
2.29173e-32
0.0645256
3.94912e-32
0.0680848
0.141197
0.134444
0.209075
0.218663
0.287757
0.369852
0.384086
0.299837
0.369852
0.287757
0.299837
0.384086
0.470807
0.454741
0.541826
0.559408
0.454741
0.559408
0.541826
0.470807
0.649327
0.630531
0.720298
0.740014
0.830948
0.810593
0.900902
0.921623
0.990732
1.07961
1.1003
1.01156
0.630531
0.649327
0.740014
0.720298
1.1874
1.16709
1.25275
1.27245
0.810593
0.900902
0.830948
0.921623
1.07961
1.01156
1.1003
0.990732
1.16709
1.27245
1.1874
1.25275
1.33618
1.35505
1.417
1.43484
1.5846
1.49484
1.56939
1.51146
1.70734
1.64032
1.71924
1.65396
1.43484
1.417
1.33618
1.35505
1.7702
1.83663
1.82864
1.78022
1.49484
1.51146
1.5846
1.56939
1.93142
1.88244
1.935
1.88829
1.9766
2.01418
2.01294
1.97538
1.71924
1.70734
1.65396
1.64032
1.83663
1.78022
1.7702
1.82864
2.06936
2.04389
2.04768
2.07577
2.09836
2.08925
2.11536
2.10351
1.93142
1.88829
1.88244
1.935
1.9766
2.01418
2.01294
1.97538
2.11494
2.12673
2.11208
2.13242
2.11208
2.12673
2.10351
2.13242
2.06936
2.04768
2.07577
2.04389
2.11536
2.09836
2.08925
0.0608262
0.056987
3.44107e-32
2.02494e-32
0.199077
0.18867
0.127417
0.120111
2.02494e-32
0.056987
3.44107e-32
0.0608262
0.354953
0.33939
0.261983
0.275141
0.127417
0.120111
0.18867
0.199077
0.261983
0.33939
0.354953
0.275141
0.43789
0.42025
0.503946
0.523339
0.523339
0.503946
0.43789
0.42025
0.610716
0.589879
0.677471
0.69945
0.610716
0.69945
0.677471
0.589879
0.789
0.766167
0.85543
0.878837
0.968462
0.944747
1.03362
1.05739
1.14516
1.12159
1.2082
1.23134
0.85543
0.789
0.878837
0.766167
1.39727
1.31551
1.37566
1.29303
0.944747
1.03362
1.05739
0.968462
1.12159
1.23134
1.2082
1.14516
1.39727
1.29303
1.31551
1.37566
1.53286
1.45572
1.55214
1.47627
1.67703
1.69327
1.60673
1.62458
1.81835
1.74347
1.80577
1.75795
1.45572
1.55214
1.53286
1.47627
1.86371
1.91706
1.92543
1.87425
1.60673
1.67703
1.69327
1.62458
1.96562
2.00921
1.97172
2.01294
2.04895
2.04768
2.07962
2.08091
1.75795
1.74347
1.81835
1.80577
1.92543
1.87425
1.91706
1.86371
2.12458
2.13116
2.10876
2.10486
2.1472
2.13871
2.14802
2.15929
1.97172
2.00921
1.96562
2.01294
2.08091
2.04895
2.04768
2.07962
2.15004
2.1472
2.16494
2.16494
2.12458
2.10876
2.13871
2.15929
2.10486
2.13116
2.14802
0.0530077
0.0488885
2.89664e-32
1.73831e-32
0.177854
0.166629
0.112531
0.104672
1.73831e-32
0.0488885
2.89664e-32
0.0530077
0.323162
0.306269
0.234055
0.248289
0.112531
0.104672
0.166629
0.177854
0.483648
0.462444
0.401826
0.382612
0.234055
0.306269
0.323162
0.248289
0.401826
0.382612
0.462444
0.483648
0.568023
0.545144
0.630116
0.65436
0.568023
0.65436
0.630116
0.545144
0.742095
0.716781
0.804583
0.830678
0.716781
0.742095
0.830678
0.804583
0.892985
0.981475
1.00832
0.91959
1.09639
1.06956
1.15676
1.18334
1.26874
1.35216
1.24264
1.32677
0.892985
1.00832
0.981475
0.91959
1.40874
1.51154
1.48818
1.43322
1.06956
1.15676
1.18334
1.09639
1.32677
1.24264
1.35216
1.26874
1.48818
1.40874
1.43322
1.51154
1.65862
1.56472
1.63803
1.58678
1.70781
1.79091
1.77375
1.72675
1.8356
1.89312
1.90629
1.85083
1.63803
1.65862
1.56472
1.58678
1.99429
1.94608
1.95707
2.00299
1.79091
1.72675
1.70781
1.77375
2.03757
2.07577
2.04389
2.07962
2.13642
2.11006
2.10876
2.13511
1.90629
1.8356
1.85083
1.89312
1.99429
1.95707
2.00299
1.94608
2.15467
2.16869
2.1754
2.15866
2.1866
2.17712
2.17994
2.1922
2.07962
2.03757
2.07577
2.04389
2.11006
2.13511
2.10876
2.13642
2.15866
2.16869
2.1754
2.17712
2.1922
2.1866
2.15467
0.0446292
0.04023
2.31585e-32
1.43184e-32
0.154993
0.142949
0.0965392
0.0881279
1.43184e-32
0.04023
2.31585e-32
0.0446292
0.288712
0.27049
0.20397
0.219283
0.0965392
0.0881279
0.142949
0.154993
0.440334
0.417318
0.362614
0.341826
0.20397
0.27049
0.288712
0.219283
0.521247
0.604739
0.57823
0.496326
0.362614
0.341826
0.417318
0.440334
0.521247
0.496326
0.57823
0.604739
0.690228
0.662432
0.748355
0.777141
0.690228
0.777141
0.662432
0.748355
0.864937
0.835441
0.923154
0.953086
0.923154
0.835441
0.864937
0.953086
1.04109
1.01098
1.09843
1.12846
1.29949
1.21474
1.18502
1.27032
1.43533
1.46278
1.35389
1.3823
1.01098
1.12846
1.09843
1.04109
1.51426
1.59033
1.61527
1.54055
1.27032
1.18502
1.29949
1.21474
1.43533
1.35389
1.46278
1.3823
1.51426
1.59033
1.54055
1.61527
1.75429
1.73254
1.66319
1.68662
1.79809
1.85958
1.87755
1.81802
1.96941
1.93264
1.98309
1.91675
1.75429
1.73254
1.66319
1.68662
2.02872
2.01734
2.06936
2.06037
1.85958
1.81802
1.79809
1.87755
2.13116
2.09836
2.10486
2.13511
2.18077
2.17943
2.15999
2.15866
1.91675
1.96941
1.93264
1.98309
2.06037
2.06936
2.02872
2.01734
2.20174
2.20855
2.19336
2.19742
2.20454
2.21413
2.21413
2.20174
2.10486
2.13116
2.13511
2.09836
2.17943
2.20855
2.15999
2.18077
2.19742
2.19336
2.15866
0.0356908
0.0310118
1.6987e-32
1.10552e-32
1.10552e-32
0.0310118
1.6987e-32
0.0356908
0.130495
0.117632
0.0794418
0.0704777
0.251603
0.232052
0.171731
0.188121
0.0794418
0.0704777
0.117632
0.130495
0.297891
0.393396
0.368568
0.320253
0.171731
0.232052
0.251603
0.188121
0.470385
0.550587
0.521811
0.443421
0.320253
0.297891
0.368568
0.393396
0.633397
0.718222
0.686743
0.603118
0.470385
0.443421
0.521811
0.550587
0.633397
0.603118
0.686743
0.718222
0.804499
0.772109
0.858658
0.891678
0.804499
0.891678
0.858658
0.772109
0.979237
0.945854
1.03318
1.06667
1.06667
0.945854
1.03318
0.979237
1.23925
1.1535
1.20629
1.12015
1.29115
1.32351
1.40584
1.3743
1.45534
1.5632
1.5339
1.48586
1.20629
1.12015
1.23925
1.1535
1.6096
1.70849
1.68213
1.63752
1.29115
1.3743
1.32351
1.40584
1.5339
1.45534
1.5632
1.48586
1.70849
1.6096
1.68213
1.63752
1.8392
1.75116
1.81641
1.7758
1.93455
1.87762
1.95323
1.89842
2.00342
1.98697
2.03469
2.04882
1.75116
1.81641
1.8392
1.7758
2.07754
2.12458
2.08925
2.11536
1.87762
1.95323
1.89842
1.93455
2.14802
2.1754
2.15467
2.17943
2.214
2.19742
2.19878
2.21264
2.00342
2.04882
2.03469
1.98697
2.08925
2.11536
2.07754
2.12458
2.23063
2.22376
2.22098
2.22508
2.22508
2.21264
2.22098
2.23063
2.1754
2.15467
2.14802
2.17943
2.19878
2.214
2.19742
7.59372e-33
0.0212339
1.0452e-32
0.0261927
0.0261927
0.0212339
1.0452e-32
7.59372e-33
0.10436
0.0906784
0.0612389
0.0517222
0.0612389
0.0517222
0.0906784
0.10436
0.211835
0.190955
0.137337
0.154804
0.342834
0.316194
0.274744
0.250808
0.137337
0.190955
0.154804
0.211835
0.415438
0.491902
0.460859
0.386431
0.274744
0.250808
0.316194
0.342834
0.571599
0.653918
0.538837
0.619746
0.415438
0.386431
0.460859
0.491902
0.738272
0.824091
0.78798
0.702986
0.571599
0.538837
0.619746
0.653918
0.738272
0.702986
0.78798
0.824091
0.910833
0.87417
0.961021
0.997967
0.910833
0.997967
0.87417
0.961021
1.04802
1.13467
1.08499
1.17143
1.04802
1.17143
1.13467
1.08499
1.30507
1.34071
1.2205
1.25681
1.38794
1.5024
1.4227
1.46872
1.54702
1.62248
1.65346
1.57944
1.30507
1.2205
1.34071
1.25681
1.69478
1.79122
1.7636
1.72416
1.46872
1.38794
1.4227
1.5024
1.65346
1.54702
1.62248
1.57944
1.7636
1.69478
1.79122
1.72416
1.88969
1.91337
1.82866
1.85437
1.99871
1.94644
2.01799
1.96798
2.06322
2.08902
2.10351
2.04629
1.82866
1.91337
1.85437
1.88969
2.13871
2.15929
2.12673
2.16869
1.96798
1.99871
2.01799
1.94644
2.19336
2.21264
2.1866
2.20855
2.23613
2.22508
2.23476
2.22645
2.04629
2.06322
2.10351
2.08902
2.13871
2.16869
2.15929
2.12673
2.23476
2.23753
2.24167
2.24167
2.20855
2.23613
2.22645
2.21264
2.19336
2.1866
2.22508
0.016135
0.0108965
3.55358e-33
3.93394e-33
3.93394e-33
0.0108965
3.55358e-33
0.016135
0.0419309
0.0318617
0.0620881
0.0765876
0.0765876
0.0620881
0.0419309
0.0318617
0.16941
0.147201
0.100789
0.119334
0.100789
0.119334
0.147201
0.16941
0.288648
0.260197
0.226087
0.200578
0.356405
0.428683
0.395374
0.325356
0.226087
0.200578
0.260197
0.288648
0.504835
0.584226
0.547361
0.469589
0.356405
0.325356
0.395374
0.428683
0.666253
0.750322
0.711118
0.62807
0.504835
0.469589
0.547361
0.584226
0.835869
0.922345
0.881937
0.795926
0.666253
0.62807
0.711118
0.750322
0.922345
0.835869
0.795926
0.881937
0.968615
1.05545
1.09601
1.00923
1.00923
1.09601
0.968615
1.05545
1.26737
1.14194
1.18221
1.22762
1.26737
1.14194
1.22762
1.18221
1.31204
1.39477
1.43284
1.35105
1.47541
1.55359
1.58919
1.51235
1.70112
1.73357
1.62894
1.66305
1.39477
1.31204
1.43284
1.35105
1.76984
1.8635
1.83479
1.80048
1.58919
1.55359
1.47541
1.51235
1.62894
1.73357
1.66305
1.70112
1.76984
1.8635
1.83479
1.80048
1.92236
1.89573
1.9524
1.97685
2.02675
2.00459
2.07188
2.0521
2.1472
2.09476
2.11208
2.13242
1.9524
1.97685
1.89573
1.92236
2.20174
2.1922
2.17712
2.16494
2.00459
2.0521
2.02675
2.07188
2.21413
2.22098
2.23476
2.23063
2.24581
2.24305
2.24167
2.24719
2.13242
2.09476
2.11208
2.1472
2.16494
2.17712
2.20174
2.1922
2.24167
2.23476
2.24305
2.24719
2.21413
2.23063
2.22098
9.22306e-35
0.00551796
0.00551796
9.22306e-35
0.0471792
0.0215181
0.0215181
0.0471792
0.124327
0.0817088
0.0817088
0.124327
0.174283
0.23084
0.174283
0.23084
0.293288
0.360931
0.433103
0.509148
0.293288
0.360931
0.58844
0.670367
0.509148
0.433103
0.754343
0.839797
0.670367
0.58844
0.926187
1.01298
0.754343
0.839797
0.926187
1.01298
1.09968
1.18581
1.09968
1.18581
1.27089
1.3545
1.3545
1.27089
1.43622
1.51566
1.59245
1.66624
1.80358
1.73672
1.51566
1.43622
1.92536
1.86654
1.66624
1.59245
1.73672
1.80358
1.92536
1.86654
1.97981
2.02967
2.11494
2.07477
2.17994
2.15004
1.97981
2.02967
2.22376
2.20454
2.11494
2.07477
2.24581
2.23753
2.24858
2.24581
2.15004
2.17994
2.20454
2.23753
2.22376
0.968615
1.31204
1.22762
0.0108965
1.05545
1.14194
1.05545
1.14194
0.968615
0.147201
0.200578
0.881937
1.22762
0.325356
0.795926
0.711118
1.31204
0.62807
0.547361
1.39477
0.469589
0.395374
1.47541
0.260197
1.55359
1.62894
0.100789
0.0620881
1.70112
0.0318617
1.76984
1.83479
0.0108965
1.39477
1.47541
1.89573
1.9524
1.62894
2.00459
0.0318617
2.0521
2.09476
0.0620881
2.13242
2.16494
0.100789
2.1922
2.21413
0.147201
2.09476
2.23063
2.13242
2.24167
0.200578
2.24719
2.24719
0.260197
2.24167
2.23063
0.325356
2.21413
2.1922
0.395374
2.16494
0.469589
2.0521
0.547361
2.00459
1.9524
0.62807
1.89573
1.83479
0.711118
1.76984
1.70112
0.795926
1.55359
0.881937
3.55358e-33
3.55358e-33
3.93394e-33
0.016135
0.016135
3.93394e-33
0.0765876
0.0419309
0.0419309
0.0765876
0.119334
0.16941
0.119334
0.16941
0.288648
0.226087
0.226087
0.288648
0.428683
0.356405
0.584226
0.504835
0.356405
0.428683
0.666253
0.750322
0.584226
0.504835
0.922345
0.835869
0.666253
0.750322
1.00923
1.09601
0.835869
0.922345
1.00923
1.09601
1.26737
1.18221
1.26737
1.18221
1.35105
1.43284
1.43284
1.35105
1.58919
1.51235
1.73357
1.66305
1.80048
1.8635
1.51235
1.58919
1.97685
1.92236
1.73357
1.66305
1.8635
1.80048
1.92236
1.97685
2.02675
2.07188
2.1472
2.11208
2.17712
2.20174
2.07188
2.02675
2.23476
2.22098
2.1472
2.11208
2.24581
2.24305
2.24305
2.23476
2.20174
2.17712
2.22098
1.2205
1.13467
1.13467
1.04802
1.2205
0.961021
0.0906784
0.87417
0.78798
1.30507
0.702986
1.38794
0.619746
0.538837
0.460859
1.46872
0.386431
1.54702
0.316194
0.250808
0.190955
1.62248
0.137337
1.69478
0.0517222
0.0212339
1.7636
1.82866
0.0212339
1.88969
1.30507
1.94644
1.99871
1.46872
0.0517222
2.04629
2.08902
1.69478
2.12673
0.0906784
2.15929
0.137337
2.1866
2.20855
2.22508
1.99871
0.190955
2.23613
0.250808
2.12673
2.24167
2.24167
2.23613
0.316194
2.22508
0.386431
2.20855
2.1866
2.15929
0.460859
0.538837
2.08902
2.04629
0.619746
1.94644
0.702986
1.88969
1.82866
1.7636
0.78798
0.87417
1.62248
1.54702
0.961021
1.38794
1.04802
1.0452e-32
1.0452e-32
7.59372e-33
0.0261927
0.0261927
7.59372e-33
0.10436
0.0612389
0.0612389
0.10436
0.154804
0.211835
0.211835
0.154804
0.342834
0.274744
0.274744
0.342834
0.491902
0.415438
0.571599
0.653918
0.415438
0.491902
0.738272
0.824091
0.653918
0.571599
0.910833
0.997967
0.824091
0.738272
1.17143
1.08499
0.910833
0.997967
1.17143
1.08499
1.25681
1.34071
1.34071
1.25681
1.5024
1.4227
1.4227
1.5024
1.65346
1.57944
1.79122
1.72416
1.85437
1.91337
1.65346
1.57944
1.96798
2.01799
1.72416
1.79122
1.91337
1.85437
1.96798
2.01799
2.06322
2.10351
2.13871
2.16869
2.19336
2.21264
2.10351
2.06322
2.23476
2.22645
2.13871
2.16869
2.23753
2.23476
2.22645
2.19336
2.21264
1.20629
1.03318
1.29115
0.0310118
0.945854
0.858658
0.772109
1.3743
0.686743
0.232052
0.297891
1.45534
0.603118
0.521811
0.443421
1.5339
0.368568
1.6096
0.171731
1.68213
0.117632
1.75116
0.0704777
1.81641
1.87762
0.0310118
1.93455
1.20629
1.98697
0.0704777
2.03469
2.07754
2.11536
1.5339
1.6096
0.117632
2.14802
0.171731
2.1754
2.19742
2.214
0.232052
1.93455
2.22508
0.297891
2.03469
2.07754
2.23063
2.23063
2.22508
0.368568
2.214
0.443421
2.19742
2.1754
2.14802
0.521811
2.11536
0.603118
1.98697
0.686743
0.772109
1.87762
1.81641
1.75116
0.858658
1.68213
0.945854
1.45534
1.03318
1.3743
1.12015
1.29115
1.12015
1.6987e-32
1.6987e-32
1.10552e-32
0.0356908
0.0356908
1.10552e-32
0.0794418
0.130495
0.0794418
0.130495
0.188121
0.251603
0.251603
0.188121
0.393396
0.320253
0.320253
0.393396
0.470385
0.550587
0.633397
0.718222
0.470385
0.550587
0.804499
0.891678
0.718222
0.633397
1.06667
0.979237
0.804499
0.891678
1.23925
1.1535
0.979237
1.06667
1.23925
1.1535
1.40584
1.32351
1.40584
1.32351
1.48586
1.5632
1.5632
1.48586
1.70849
1.63752
1.8392
1.7758
1.89842
1.95323
1.63752
1.70849
2.00342
2.04882
1.7758
1.8392
1.95323
1.89842
2.00342
2.04882
2.12458
2.08925
2.15467
2.17943
2.19878
2.21264
2.08925
2.12458
2.22376
2.22098
2.17943
2.15467
2.22098
2.21264
2.19878
1.35389
0.835441
0.748355
1.43533
0.662432
0.57823
1.51426
0.496326
0.417318
1.59033
0.341826
0.27049
1.66319
0.20397
0.142949
1.73254
0.0881279
0.04023
1.79809
1.85958
0.04023
0.923154
1.01098
1.91675
1.96941
1.18502
2.01734
0.0881279
2.06037
2.09836
0.142949
2.13116
2.15866
0.20397
2.18077
2.19742
0.27049
1.79809
2.20855
1.85958
2.21413
0.341826
2.21413
2.20855
0.417318
2.06037
2.09836
2.19742
2.18077
0.496326
2.15866
2.13116
0.57823
0.662432
2.01734
1.96941
0.748355
1.91675
0.835441
1.73254
0.923154
1.66319
1.59033
1.01098
1.51426
1.43533
1.09843
1.35389
1.27032
1.18502
1.09843
1.27032
2.31585e-32
2.31585e-32
1.43184e-32
0.0446292
0.0446292
1.43184e-32
0.154993
0.0965392
0.0965392
0.154993
0.288712
0.219283
0.219283
0.288712
0.440334
0.362614
0.362614
0.440334
0.604739
0.521247
0.690228
0.777141
0.604739
0.521247
0.953086
0.864937
0.690228
0.777141
1.12846
1.04109
0.953086
0.864937
1.29949
1.21474
1.12846
1.04109
1.21474
1.29949
1.46278
1.3823
1.3823
1.46278
1.61527
1.54055
1.54055
1.61527
1.75429
1.68662
1.87755
1.81802
1.93264
1.98309
1.68662
1.75429
2.06936
2.02872
1.81802
1.87755
1.98309
1.93264
2.06936
2.02872
2.10486
2.13511
2.15999
2.17943
2.19336
2.20174
2.13511
2.10486
2.20174
2.20454
2.15999
2.19336
2.17943
0.716781
0.630116
1.48818
0.545144
1.56472
0.462444
0.382612
0.306269
1.63803
0.234055
1.70781
0.166629
0.104672
0.0488885
1.77375
1.8356
0.0488885
1.89312
0.804583
1.94608
1.99429
0.981475
0.104672
2.03757
2.07577
1.24264
2.10876
0.166629
2.13642
0.234055
2.15866
2.1754
2.1866
1.63803
0.306269
2.1922
0.382612
1.8356
2.1922
2.1866
2.1754
0.462444
1.99429
2.15866
0.545144
2.13642
2.10876
2.07577
0.630116
2.03757
0.716781
1.94608
1.89312
0.804583
0.892985
1.77375
1.70781
0.981475
1.56472
1.06956
1.48818
1.40874
1.32677
1.15676
1.24264
1.15676
1.06956
1.32677
0.892985
1.40874
2.89664e-32
2.89664e-32
1.73831e-32
0.0530077
0.0530077
1.73831e-32
0.177854
0.112531
0.112531
0.177854
0.323162
0.248289
0.323162
0.248289
0.401826
0.483648
0.401826
0.483648
0.568023
0.65436
0.742095
0.830678
0.568023
0.65436
1.00832
0.91959
0.830678
0.742095
1.18334
1.09639
1.00832
0.91959
1.35216
1.26874
1.18334
1.09639
1.26874
1.35216
1.51154
1.43322
1.51154
1.43322
1.65862
1.58678
1.65862
1.58678
1.79091
1.72675
1.85083
1.90629
2.00299
1.95707
1.72675
1.79091
2.04389
2.07962
1.90629
1.85083
1.95707
2.00299
2.07962
2.04389
2.13511
2.11006
2.16869
2.15467
2.17712
2.17994
2.11006
2.13511
2.16869
2.17712
2.15467
1.53286
0.503946
1.60673
0.42025
0.33939
0.261983
1.67703
0.18867
1.74347
0.120111
0.056987
1.80577
1.86371
0.056987
1.91706
0.677471
1.96562
0.120111
2.00921
2.04768
2.08091
1.03362
1.12159
0.18867
2.10876
0.261983
2.13116
2.14802
2.15929
0.33939
1.53286
2.16494
0.42025
1.67703
1.74347
2.16494
2.15929
2.14802
0.503946
1.91706
2.13116
0.589879
2.10876
2.08091
2.04768
0.677471
2.00921
0.766167
1.96562
1.86371
0.85543
1.80577
0.944747
1.60673
1.03362
1.12159
1.45572
1.37566
1.29303
1.2082
1.2082
1.29303
0.944747
1.37566
0.85543
1.45572
0.766167
0.589879
3.44107e-32
3.44107e-32
2.02494e-32
0.0608262
0.0608262
2.02494e-32
0.127417
0.199077
0.127417
0.199077
0.354953
0.275141
0.275141
0.354953
0.43789
0.523339
0.43789
0.523339
0.69945
0.610716
0.878837
0.789
0.610716
0.69945
0.968462
1.05739
0.789
0.878837
1.14516
1.23134
0.968462
1.05739
1.31551
1.39727
1.23134
1.14516
1.31551
1.39727
1.55214
1.47627
1.55214
1.47627
1.69327
1.62458
1.62458
1.69327
1.81835
1.75795
1.92543
1.87425
1.97172
2.01294
1.75795
1.81835
2.07962
2.04895
1.92543
1.87425
1.97172
2.01294
2.07962
2.04895
2.12458
2.10486
2.1472
2.13871
2.15004
2.1472
2.10486
2.13871
2.12458
1.64032
0.287757
0.209075
1.70734
0.134444
0.0645256
1.7702
1.82864
0.0645256
0.369852
0.454741
1.88244
1.93142
0.630531
1.97538
0.134444
2.01418
2.04768
0.209075
2.07577
2.09836
0.287757
2.11536
2.12673
0.369852
1.33618
2.13242
1.417
2.13242
0.454741
2.12673
2.11536
0.541826
1.70734
1.7702
2.09836
2.07577
0.630531
2.04768
2.01418
0.720298
1.97538
1.93142
0.810593
1.88244
1.82864
0.900902
0.990732
1.64032
1.56939
1.07961
1.49484
1.16709
1.25275
1.25275
1.16709
1.07961
1.33618
0.990732
0.900902
1.417
0.810593
0.720298
1.49484
0.541826
1.56939
3.94912e-32
3.94912e-32
2.29173e-32
0.0680848
0.0680848
2.29173e-32
0.218663
0.141197
0.141197
0.218663
0.299837
0.384086
0.384086
0.299837
0.559408
0.470807
0.470807
0.559408
0.649327
0.740014
0.830948
0.921623
0.649327
0.740014
1.1003
1.01156
0.921623
0.830948
1.1874
1.27245
1.01156
1.1003
1.35505
1.43484
1.1874
1.27245
1.43484
1.35505
1.5846
1.51146
1.51146
1.5846
1.65396
1.71924
1.71924
1.65396
1.83663
1.78022
1.935
1.88829
2.01294
1.9766
1.83663
1.78022
2.04389
2.06936
1.935
1.88829
1.9766
2.01294
2.06936
2.04389
2.08925
2.10351
2.11494
2.11208
2.11208
2.10351
2.08925
0.147672
0.0715042
1.72898
1.78801
0.0715042
1.84235
0.227842
1.8918
1.9362
0.397657
0.147672
1.97538
2.00921
0.667102
2.03757
0.227842
2.06037
0.311376
2.07754
2.08902
2.09476
1.11945
0.397657
2.09476
0.486085
1.37212
2.08902
2.07754
2.06037
0.576086
1.59778
2.03757
0.667102
2.00921
1.97538
1.9362
0.7586
1.8918
0.850064
1.84235
1.78801
1.72898
0.941003
1.66549
1.03095
1.52612
1.45079
1.11945
1.20607
1.29042
1.20607
1.29042
1.03095
1.37212
0.941003
0.850064
0.7586
1.45079
1.52612
0.576086
0.486085
1.59778
0.311376
1.66549
4.42079e-32
4.42079e-32
2.53867e-32
0.0747834
0.0747834
2.53867e-32
0.153871
0.236611
0.153871
0.236611
0.410562
0.322379
0.410562
0.322379
0.591858
0.500579
0.500579
0.591858
0.68386
0.776055
0.959042
0.867944
0.68386
0.776055
1.13706
1.04889
0.867944
0.959042
1.22312
1.30668
1.04889
1.13706
1.38738
1.46487
1.22312
1.30668
1.38738
1.46487
1.60893
1.53882
1.60893
1.53882
1.73655
1.67493
1.73655
1.67493
1.79357
1.84577
1.935
1.89297
2.00299
1.97172
1.84577
1.79357
2.02872
2.04882
1.935
1.89297
1.97172
2.00299
2.04882
2.02872
2.07188
2.06322
2.07188
2.07477
2.06322
1.74196
1.79691
0.0779229
0.0779229
1.84692
1.8918
0.159793
1.93141
1.96562
0.422805
0.514285
1.99429
0.244972
2.01734
0.332841
2.03469
2.04629
2.0521
0.975741
0.422805
2.0521
1.15313
1.23854
0.514285
2.04629
2.03469
2.01734
1.47707
0.606727
1.99429
0.699597
1.96562
1.93141
1.74196
1.8918
0.79238
1.84692
0.884585
1.79691
1.68227
0.975741
1.61805
1.0654
1.54957
1.40085
1.15313
1.32123
1.23854
1.0654
1.32123
1.40085
0.884585
0.79238
0.699597
1.47707
0.606727
1.54957
0.332841
1.61805
0.244972
1.68227
0.159793
4.85609e-32
4.85609e-32
2.76577e-32
0.0809222
2.76577e-32
0.0809222
0.252923
0.16544
0.16544
0.252923
0.434383
0.342768
0.434383
0.342768
0.527207
0.620692
0.527207
0.620692
0.807576
0.714317
0.9911
0.899992
0.714317
0.807576
1.16767
1.08047
0.9911
0.899992
1.33406
1.25233
1.08047
1.16767
1.48739
1.41252
1.25233
1.33406
1.48739
1.41252
1.55836
1.62515
1.55836
1.62515
1.7452
1.68751
1.7452
1.68751
1.79802
1.84577
1.92543
1.88829
1.95707
1.98309
1.79802
1.84577
2.01799
2.00342
1.88829
1.92543
1.95707
1.98309
2.01799
2.00342
2.02967
2.02675
2.02675
0.0837818
1.79691
1.84235
1.88244
0.17081
1.91706
1.94608
0.260466
1.96941
1.98697
0.352154
1.99871
2.00459
0.728018
0.445298
0.821644
2.00459
1.99871
0.539342
1.98697
1.96941
1.18068
1.26449
0.633754
1.94608
1.91706
0.728018
1.88244
1.84235
0.821644
1.79691
1.74628
0.914161
1.69065
1.63021
1.00512
1.56519
1.49583
1.0941
1.42239
1.34518
1.18068
1.26449
1.0941
1.00512
1.34518
0.914161
1.42239
0.633754
1.49583
0.539342
0.445298
1.56519
0.352154
0.260466
1.63021
0.17081
0.0837818
1.69065
1.74628
5.25503e-32
5.25503e-32
2.97303e-32
0.0865013
0.0865013
2.97303e-32
0.175905
0.267599
0.175905
0.267599
0.361004
0.455549
0.455549
0.361004
0.645912
0.550694
0.645912
0.550694
0.834584
0.740703
1.0178
0.927098
0.740703
0.834584
1.19216
1.10629
1.0178
0.927098
1.27504
1.35458
1.19216
1.10629
1.43047
1.50239
1.27504
1.35458
1.43047
1.50239
1.57007
1.63325
1.57007
1.63325
1.7452
1.6917
1.7452
1.6917
1.83663
1.79357
1.87425
1.90629
1.95323
1.93264
1.79357
1.83663
1.96798
1.97685
1.87425
1.90629
1.93264
1.95323
1.96798
1.97981
1.97685
1.82864
0.180722
1.86371
1.89312
1.91675
0.274325
1.93455
0.369315
1.94644
0.465138
1.9524
1.9524
0.465138
0.75237
1.94644
0.56126
1.93455
1.91675
1.02915
1.89312
0.657168
1.86371
0.75237
1.82864
1.78801
1.43675
1.74196
0.846397
1.69065
0.938798
1.63427
1.573
1.50708
1.02915
1.11704
1.36228
1.28396
1.2021
1.2021
1.11704
1.28396
0.938798
0.846397
1.36228
1.43675
0.657168
0.56126
1.50708
0.369315
1.573
0.274325
0.180722
0.0890812
1.63427
1.69065
0.0890812
1.74196
1.78801
5.6176e-32
5.6176e-32
3.16046e-32
0.0915211
0.0915211
3.16046e-32
0.280641
0.185264
0.185264
0.280641
0.474063
0.37709
0.37709
0.474063
0.571042
0.667521
0.571042
0.667521
0.763022
0.857082
1.03916
0.949267
0.763022
0.857082
1.21051
1.12636
1.03916
0.949267
1.36826
1.29125
1.12636
1.21051
1.50989
1.44123
1.36826
1.29125
1.50989
1.44123
1.57398
1.63325
1.57398
1.63325
1.68751
1.73655
1.68751
1.73655
1.78022
1.81835
1.85083
1.87755
1.91337
1.89842
1.78022
1.81835
1.92536
1.92236
1.87755
1.85083
1.91337
1.89842
1.92236
0.189529
1.80577
1.8356
1.85958
0.286549
1.87762
0.286549
0.384326
1.88969
0.482327
0.580039
1.89573
1.89573
0.482327
1.88969
0.866641
0.580039
1.87762
1.85958
1.8356
0.676973
1.21739
1.29693
1.80577
0.772656
1.7702
1.72898
1.68227
0.866641
1.63021
0.958501
1.573
1.51083
1.44392
1.04783
1.37253
1.13425
1.13425
1.21739
1.04783
1.29693
0.958501
0.772656
1.37253
0.676973
1.44392
0.384326
1.51083
1.573
0.189529
0.0938213
1.63021
1.68227
0.0938213
1.72898
1.7702
5.94384e-32
5.94384e-32
3.32807e-32
0.0959817
0.0959817
3.32807e-32
0.292048
0.19352
0.19352
0.292048
0.489928
0.391026
0.489928
0.391026
0.685522
0.588255
0.588255
0.685522
0.781276
0.875074
0.966504
1.05517
0.781276
0.875074
1.22274
1.1407
0.966504
1.05517
1.30098
1.3751
1.1407
1.22274
1.44482
1.50989
1.3751
1.30098
1.50989
1.44482
1.57007
1.62515
1.62515
1.57007
1.67493
1.71924
1.71924
1.67493
1.75795
1.79091
1.81802
1.8392
1.85437
1.8635
1.75795
1.79091
1.8635
1.86654
1.8392
1.81802
1.85437
1.79809
0.29714
1.81641
0.0980026
1.82866
0.397188
1.83479
1.83479
0.496867
0.496867
0.595685
1.82866
1.81641
0.595685
1.79809
1.77375
0.693172
1.74347
1.70734
0.78888
1.66549
1.22657
1.61805
0.882382
1.56519
1.50708
0.973274
1.44392
1.37595
1.06117
1.30341
1.14572
1.14572
1.06117
1.22657
0.973274
0.882382
1.30341
0.78888
0.693172
1.37595
1.44392
0.397188
0.29714
1.50708
0.197234
1.56519
1.61805
0.0980026
1.77375
1.66549
1.70734
1.74347
0.197234
6.23376e-32
6.23376e-32
3.47587e-32
0.0998836
0.0998836
3.47587e-32
0.200674
0.301823
0.200674
0.301823
0.503144
0.402815
0.402815
0.503144
0.69992
0.602333
0.602333
0.69992
0.888565
0.79547
1.06584
0.978813
0.79547
0.888565
1.1493
1.22886
1.06584
0.978813
1.30422
1.3751
1.22886
1.1493
1.44123
1.50239
1.3751
1.30422
1.44123
1.50239
1.60893
1.55836
1.60893
1.55836
1.65396
1.69327
1.69327
1.65396
1.75429
1.72675
1.79122
1.7758
1.80358
1.80048
1.75429
1.72675
1.80048
1.7758
1.79122
0.306099
1.7636
0.407904
1.76984
1.76984
1.7636
0.306099
0.50876
1.75116
0.608197
1.73254
1.7078
1.67703
0.801045
0.705768
1.64032
0.801045
1.59778
1.06917
1.54957
1.49583
1.22962
0.893623
1.43675
0.98312
1.37253
1.30341
1.06917
1.15145
1.15145
0.98312
0.893623
1.22962
1.30341
0.705768
0.608197
0.50876
1.37253
0.407904
1.43675
0.203836
0.101625
1.49583
1.54957
0.101625
1.75116
1.59778
1.64032
1.67703
0.203836
1.7078
1.73254
6.48739e-32
6.48739e-32
3.60388e-32
0.103227
0.103227
3.60388e-32
0.309967
0.206725
0.206725
0.309967
0.513714
0.412458
0.513714
0.412458
0.710715
0.61328
0.61328
0.710715
0.897557
0.805607
1.07117
0.986198
0.805607
0.897557
1.22886
1.15217
0.986198
1.07117
1.36826
1.30098
1.22886
1.15217
1.48739
1.43047
1.30098
1.36826
1.43047
1.48739
1.53882
1.5846
1.53882
1.5846
1.62458
1.65862
1.62458
1.65862
1.68662
1.70849
1.72415
1.73357
1.73672
1.73357
1.70849
1.68662
1.72415
0.416475
1.70112
1.70112
0.10469
1.69478
0.518008
1.68213
0.61758
1.66319
0.518008
0.61758
1.63803
1.60673
0.714763
1.56939
0.809153
1.52612
1.47707
1.07184
1.42239
0.900367
1.36228
0.988043
1.29693
1.22657
1.15145
1.07184
1.15145
0.988043
0.900367
0.809153
1.22657
0.714763
1.29693
0.416475
1.36228
0.313428
1.42239
0.209336
1.47707
1.52612
0.10469
1.69478
1.56939
1.60673
0.209336
1.63803
1.66319
1.68213
0.313428
6.70475e-32
6.70475e-32
3.71211e-32
0.106013
0.106013
3.71211e-32
0.211674
0.316481
0.211674
0.316481
0.52164
0.419957
0.52164
0.419957
0.717911
0.621098
0.621098
0.717911
0.811688
0.902052
1.07117
0.988659
0.902052
0.811688
1.1493
1.22274
0.988659
1.07117
1.35458
1.29125
1.22274
1.1493
1.46487
1.41252
1.35458
1.29125
1.41252
1.46487
1.51146
1.55214
1.51146
1.55214
1.61527
1.58678
1.61527
1.58678
1.63752
1.65346
1.66305
1.66624
1.66305
1.63752
1.65346
1.62248
0.524613
1.6096
1.59033
0.623834
1.56472
1.53286
0.720159
1.49484
0.524613
1.45079
0.813207
1.40085
0.813207
1.34518
0.902614
0.902614
1.28396
1.21739
0.988043
1.14572
1.06917
1.06917
0.988043
1.14572
0.720159
1.21739
0.623834
1.28396
0.422901
0.319126
1.34518
0.213735
0.107197
1.40085
1.45079
0.107197
1.62894
1.49484
1.62894
1.53286
1.56472
0.213735
1.59033
1.6096
0.319126
1.62248
0.422901
6.88586e-32
6.88586e-32
3.80056e-32
0.108241
0.108241
3.80056e-32
0.321365
0.215523
0.321365
0.215523
0.425312
0.526924
0.526924
0.425312
0.721508
0.625789
0.625789
0.721508
0.813714
0.902052
0.986198
1.06584
0.902052
0.813714
1.21051
1.1407
1.06584
0.986198
1.27504
1.33406
1.21051
1.1407
1.43484
1.38738
1.33406
1.27504
1.38738
1.43484
1.47627
1.51154
1.51154
1.47627
1.54055
1.5632
1.5632
1.54055
1.57944
1.58919
1.59245
1.58919
1.57944
0.528575
1.51426
0.62696
1.48818
1.45572
1.417
0.323196
0.721958
1.37212
0.528575
0.813207
1.32123
1.26449
1.2021
0.900367
1.13425
0.98312
1.06117
0.98312
0.900367
1.06117
0.813207
1.13425
0.721958
0.62696
1.2021
0.427185
1.26449
0.217034
0.109146
1.32123
1.37212
0.109146
1.5339
1.417
1.45572
1.48818
1.55359
0.217034
1.51426
1.5339
1.54702
0.323196
0.427185
1.55359
1.54702
7.03075e-32
7.03075e-32
3.86926e-32
0.109911
0.109911
3.86926e-32
0.32462
0.218272
0.218272
0.32462
0.529565
0.428525
0.428525
0.529565
0.721508
0.627352
0.627352
0.721508
0.897557
0.811688
1.05517
0.978813
0.897557
0.811688
1.19216
1.12636
1.05517
0.978813
1.30668
1.25233
1.19216
1.12636
1.35505
1.39727
1.25233
1.30668
1.35505
1.39727
1.46278
1.43322
1.46278
1.43322
1.48586
1.5024
1.5024
1.48586
1.51235
1.51566
1.51235
0.62696
1.40874
1.37566
1.33618
0.720159
1.29042
0.325638
0.809153
1.23854
0.529895
1.18068
1.11704
0.893623
1.04783
0.973274
0.973274
0.893623
0.809153
1.04783
0.720159
1.11704
0.62696
0.429327
1.18068
1.23854
0.219233
0.110538
1.29042
1.33618
0.110538
1.43533
1.37566
1.40874
1.46872
1.47541
0.219233
1.43533
1.45534
1.46872
0.325638
1.47541
0.429327
1.45534
0.529895
7.13943e-32
7.13943e-32
3.91821e-32
0.111025
0.111025
3.91821e-32
0.326248
0.219921
0.219921
0.326248
0.529565
0.429595
0.529565
0.429595
0.717911
0.625789
0.625789
0.717911
0.805607
0.888565
0.966504
1.03916
0.805607
0.888565
1.10629
1.16767
1.03916
0.966504
1.22312
1.27245
1.16767
1.10629
1.35216
1.31551
1.27245
1.22312
1.31551
1.35216
1.40584
1.3823
1.3823
1.40584
1.43284
1.4227
1.4227
1.43284
1.43622
1.25275
0.714763
1.20607
0.111373
1.15313
0.801045
1.0941
1.02915
0.882382
0.528575
0.623833
0.958501
0.882382
0.958501
0.801045
0.714763
1.02915
1.0941
0.429327
0.326452
1.15313
0.220332
1.20607
1.25275
0.111373
1.29303
1.29303
1.32677
1.32677
1.35389
0.220332
1.3743
1.38794
0.326452
1.39477
1.39477
0.429327
1.38794
1.3743
0.528575
1.35389
0.623833
7.21193e-32
7.21193e-32
3.94743e-32
0.111582
0.111582
3.94743e-32
0.220471
0.326248
0.220471
0.326248
0.526924
0.428525
0.428525
0.526924
0.710715
0.621098
0.621098
0.710715
0.79547
0.875074
1.0178
0.949267
0.875074
0.79547
1.13706
1.08047
1.0178
0.949267
1.23134
1.1874
1.13706
1.08047
1.29949
1.26874
1.23134
1.1874
1.26874
1.29949
1.34071
1.32351
1.34071
1.32351
1.35105
1.35105
1.3545
0.705768
1.0654
0.78888
1.00512
0.938798
0.866641
0.325638
0.866641
0.78888
0.938798
0.705768
0.61758
0.524612
1.00512
0.427185
1.0654
0.220332
0.111652
1.11945
1.16709
0.111652
1.11945
1.2082
1.24264
1.27032
1.24264
0.220332
1.29115
1.30507
1.31204
0.325638
1.31204
0.427185
1.30507
1.29115
1.27032
0.524612
0.61758
1.2082
1.16709
7.24826e-32
7.24826e-32
3.9569e-32
0.111582
0.111582
3.9569e-32
0.32462
0.219921
0.219921
0.32462
0.52164
0.425312
0.425312
0.52164
0.61328
0.69992
0.69992
0.61328
0.781276
0.857082
0.927098
0.9911
0.781276
0.857082
1.04889
1.1003
0.927098
0.9911
1.18334
1.14516
1.04889
1.1003
1.21474
1.23925
1.18334
1.14516
1.21474
1.23925
1.26737
1.25681
1.26737
1.25681
1.27089
0.772656
0.914161
0.846397
0.111373
0.772656
0.846397
0.693172
0.914161
0.608197
0.518008
0.422901
0.975741
0.323196
1.03095
0.219233
1.07961
1.12159
0.111373
0.975741
1.15676
1.18502
1.07961
1.12159
0.219233
1.20629
1.2205
1.22762
1.20629
0.323196
1.22762
0.422901
1.2205
1.18502
0.518008
1.15676
0.608197
1.03095
0.693172
7.24842e-32
7.24842e-32
3.94665e-32
0.111025
0.111025
3.94665e-32
0.321365
0.218272
0.218272
0.321365
0.419957
0.513714
0.513714
0.419957
0.602333
0.685522
0.602333
0.685522
0.763022
0.834584
0.959042
0.899992
0.834584
0.763022
1.01156
1.05739
0.959042
0.899992
1.09639
1.12846
1.01156
1.05739
1.1535
1.17143
1.09639
1.12846
1.1535
1.17143
1.18581
1.18221
1.18221
0.676973
0.821644
0.595684
0.50876
0.884585
0.416475
0.319126
0.941003
0.217034
0.110538
0.990732
1.03362
0.110538
0.75237
1.06956
0.821644
1.09843
1.12015
0.217034
1.13467
1.14194
1.03362
1.06956
0.319126
1.14194
1.13467
0.416475
1.12015
1.09843
0.50876
0.595684
0.990732
0.941003
0.676973
0.884585
0.75237
7.21241e-32
7.21241e-32
3.91665e-32
0.109911
0.109911
3.91665e-32
0.215523
0.316481
0.215523
0.316481
0.503144
0.412458
0.503144
0.412458
0.588255
0.667521
0.588255
0.667521
0.740703
0.807576
0.921623
0.867944
0.807576
0.740703
1.00832
0.968462
0.921623
0.867944
1.06667
1.04109
1.00832
0.968462
1.09601
1.08499
1.04109
1.06667
1.09601
1.08499
1.09968
0.79238
0.407904
0.850064
0.313428
0.213735
0.109146
0.900902
0.944747
0.109146
0.496867
0.981475
1.01098
1.03318
0.728018
0.213735
1.04802
1.05545
1.05545
0.900902
0.313428
1.04802
0.407904
1.03318
1.01098
0.981475
0.496867
0.944747
0.580039
0.850064
0.79238
0.657168
0.728018
0.657168
0.580039
7.14023e-32
7.14023e-32
3.86692e-32
0.108241
0.108241
3.86692e-32
0.309967
0.211674
0.211674
0.309967
0.402815
0.489928
0.489928
0.402815
0.571042
0.645912
0.645912
0.571042
0.776054
0.714317
0.830948
0.878837
0.776054
0.714317
0.953086
0.919589
0.878837
0.830948
0.979237
0.997967
0.953086
0.919589
1.01298
1.00923
0.997967
0.979237
1.00923
0.810593
0.209336
0.107197
0.85543
0.892985
0.107197
0.306099
0.923154
0.945854
0.482327
0.56126
0.209336
0.961021
0.968615
0.968615
0.758599
0.306099
0.961021
0.397188
0.945854
0.923154
0.892985
0.482327
0.85543
0.56126
0.810593
0.699597
0.633754
0.633754
0.699597
0.397188
0.758599
7.03186e-32
7.03186e-32
3.79744e-32
0.106013
0.106013
3.79744e-32
0.206725
0.301823
0.206725
0.301823
0.474063
0.391026
0.474063
0.391026
0.620692
0.550694
0.620692
0.550694
0.740014
0.68386
0.789
0.830678
0.740014
0.68386
0.864937
0.891678
0.789
0.830678
0.910833
0.922344
0.891678
0.864937
0.926187
0.922344
0.910833
0.804583
0.10469
0.835441
0.10469
0.858658
0.87417
0.203836
0.881937
0.881937
0.465138
0.539342
0.29714
0.87417
0.667102
0.858658
0.384326
0.835441
0.804583
0.465138
0.766167
0.720298
0.539342
0.606727
0.606727
0.667102
0.384326
0.29714
0.720298
0.203836
0.766167
6.8873e-32
6.8873e-32
3.7082e-32
0.103227
3.7082e-32
0.103227
0.292048
0.200674
0.200674
0.292048
0.37709
0.455549
0.37709
0.455549
0.591858
0.527207
0.527207
0.591858
0.649327
0.69945
0.742095
0.777141
0.69945
0.649327
0.804499
0.824091
0.777141
0.742095
0.839797
0.835869
0.824091
0.804499
0.835869
0.101625
0.748355
0.772109
0.78798
0.197234
0.795925
0.286549
0.795925
0.78798
0.286549
0.772109
0.369315
0.748355
0.716781
0.677471
0.445298
0.63053
0.514285
0.576086
0.514285
0.445298
0.576086
0.369315
0.63053
0.197234
0.101625
0.677471
0.716781
6.7065e-32
6.7065e-32
3.59919e-32
0.0998836
0.0998836
3.59919e-32
0.280641
0.19352
0.19352
0.280641
0.434383
0.361004
0.361004
0.434383
0.559408
0.500579
0.559408
0.500579
0.65436
0.610716
0.718222
0.690228
0.610716
0.65436
0.738272
0.750321
0.718222
0.690228
0.754343
0.738272
0.750321
0.702986
0.189529
0.711117
0.0980025
0.711117
0.702986
0.274325
0.686743
0.352154
0.422805
0.486085
0.662432
0.630116
0.589879
0.422805
0.541826
0.486085
0.352154
0.541826
0.274325
0.589879
0.189529
0.630116
0.662432
0.0980025
0.686743
6.48947e-32
6.48947e-32
3.4704e-32
0.0959817
0.0959817
3.4704e-32
0.267599
0.185264
0.185264
0.267599
0.342768
0.410562
0.342768
0.410562
0.470807
0.523339
0.523339
0.470807
0.604739
0.568023
0.633397
0.653918
0.568023
0.604739
0.666253
0.670367
0.653918
0.633397
0.666253
0.180722
0.62807
0.619746
0.260466
0.603118
0.57823
0.332841
0.545144
0.503946
0.397657
0.454741
0.397657
0.454741
0.332841
0.260466
0.503946
0.180722
0.0938213
0.545144
0.57823
0.0938213
0.603118
0.619746
0.62807
6.23616e-32
6.23616e-32
3.32182e-32
0.091521
0.091521
3.32182e-32
0.252923
0.175905
0.175905
0.252923
0.322379
0.384086
0.322379
0.384086
0.43789
0.483648
0.43789
0.483648
0.521246
0.550587
0.584226
0.571599
0.550587
0.521246
0.584226
0.58844
0.571599
0.538837
0.521811
0.244972
0.496326
0.311376
0.462444
0.244972
0.42025
0.369852
0.369852
0.311376
0.42025
0.17081
0.0890812
0.462444
0.496326
0.0890812
0.521811
0.547361
0.538837
0.547361
0.17081
5.94656e-32
5.94656e-32
0.0865013
3.15342e-32
0.0865013
3.15342e-32
0.236611
0.16544
0.16544
0.236611
0.354953
0.299837
0.354953
0.299837
0.401826
0.440334
0.401826
0.440334
0.491902
0.470385
0.509148
0.504835
0.470385
0.504835
0.491902
0.227842
0.417318
0.287757
0.382612
0.33939
0.287757
0.33939
0.227842
0.382612
0.159793
0.0837818
0.417318
0.443421
0.0837818
0.460859
0.460859
0.469589
0.159793
0.469589
0.443421
5.62064e-32
5.62064e-32
2.96521e-32
0.0809222
0.0809222
2.96521e-32
0.218663
0.153871
0.153871
0.218663
0.323162
0.27514
0.27514
0.323162
0.362613
0.393396
0.393396
0.362613
0.415438
0.428683
0.433103
0.428683
0.415438
0.261983
0.261983
0.209075
0.306269
0.147672
0.0779229
0.341826
0.368568
0.0779229
0.306269
0.341826
0.386431
0.395374
0.395374
0.147672
0.386431
0.368568
0.209075
5.25839e-32
5.25839e-32
2.75716e-32
0.0747834
0.0747834
2.75716e-32
0.199077
0.141197
0.199077
0.141197
0.288712
0.248289
0.288712
0.248289
0.342834
0.320253
0.320253
0.342834
0.356405
0.360931
0.356405
0.134444
0.0715042
0.27049
0.297891
0.0715042
0.316194
0.18867
0.325356
0.325356
0.27049
0.134444
0.316194
0.297891
0.18867
0.234055
0.234055
4.85978e-32
4.85978e-32
2.52928e-32
0.0680848
0.0680848
2.52928e-32
0.127417
0.177854
0.127417
0.177854
0.251603
0.219283
0.251603
0.219283
0.288648
0.274744
0.274744
0.293288
0.288648
0.232052
0.250808
0.0645256
0.0645256
0.260197
0.260197
0.120111
0.250808
0.232052
0.20397
0.166629
0.166629
0.20397
0.120111
4.4248e-32
4.4248e-32
2.28155e-32
0.0608262
2.28155e-32
0.0608262
0.112531
0.154993
0.112531
0.154993
0.211835
0.188121
0.211835
0.188121
0.23084
0.226087
0.226087
0.056987
0.200578
0.200578
0.190955
0.104672
0.171731
0.142949
0.142949
0.104672
0.056987
0.171731
0.190955
3.95344e-32
3.95344e-32
2.01398e-32
0.0530077
0.0530077
2.01398e-32
0.130495
0.0965392
0.0965392
0.130495
0.154804
0.16941
0.154804
0.16941
0.174283
0.137337
0.0881279
0.117632
0.0881279
0.0488885
0.117632
0.137337
0.0488885
0.147201
0.147201
3.44572e-32
3.44572e-32
1.72656e-32
0.0446292
0.0446292
1.72656e-32
0.10436
0.0794418
0.0794418
0.10436
0.119334
0.119334
0.124327
0.0704777
0.0704777
0.04023
0.0906784
0.100789
0.04023
0.100789
0.0906784
2.90161e-32
2.90161e-32
1.4193e-32
0.0356908
1.4193e-32
0.0356908
0.0612389
0.0765876
0.0612389
0.0765876
0.0817088
0.0620881
0.0310118
0.0620881
0.0517222
0.0310118
0.0517222
2.32114e-32
2.32114e-32
0.0261927
1.0922e-32
0.0261927
1.0922e-32
0.0419309
0.0419309
0.0471792
0.0212339
0.0318617
0.0212339
0.0318617
1.70431e-32
1.70431e-32
7.45267e-33
0.016135
0.016135
7.45267e-33
0.021518
0.0108965
0.0108965
1.05113e-32
1.05113e-32
3.78505e-33
3.78505e-33
0.00551798
1.56343e-35
3.61611e-33
3.61611e-33
