1.57773e-35
3.6492e-33
3.6492e-33
3.81968e-33
1.06074e-32
0.00556846
0.0109961
3.81968e-33
1.06074e-32
0.0109961
7.52083e-33
0.021428
1.71989e-32
0.0162826
0.0217148
0.0321531
0.0321531
0.0162826
0.021428
1.71989e-32
7.52083e-33
1.10218e-32
0.0312952
2.34235e-32
0.0264321
0.0521949
0.0626556
0.0423142
0.0476105
1.10218e-32
0.0312952
0.0423142
0.0626556
0.0521949
0.0264321
2.34235e-32
1.43227e-32
0.0360169
0.0405975
2.9281e-32
0.0617985
0.0711215
0.0915068
0.0772874
0.10171
0.0824554
0.10171
0.0772874
0.0360169
2.9281e-32
0.0405975
1.43227e-32
0.0711215
0.0617985
0.0915068
1.74232e-32
3.47715e-32
0.0450366
0.0493347
0.0801672
0.0889323
0.118706
0.105313
0.0493347
3.47715e-32
0.0450366
1.74232e-32
0.148545
0.125462
0.138591
0.120423
0.120423
0.118706
0.138591
0.0801672
0.148545
0.105313
0.0889323
2.03235e-32
0.0575068
3.98948e-32
0.0534913
0.0974201
0.105627
0.144253
0.131686
0.170956
0.156217
0.173298
0.192697
3.98948e-32
0.0575068
0.0534913
2.03235e-32
0.0974201
0.144253
0.105627
0.131686
0.175874
0.202408
0.170956
0.202408
0.173298
0.192697
0.156217
2.30235e-32
0.0651136
4.4651e-32
0.0613807
0.113557
0.121206
0.168147
0.156407
0.234167
0.213767
0.189837
0.20583
0.228149
0.253095
0.262569
0.232945
2.30235e-32
0.0651136
4.4651e-32
0.0613807
0.113557
0.121206
0.168147
0.156407
0.253095
0.234167
0.20583
0.262569
0.189837
0.228149
0.213767
2.55231e-32
0.0721551
4.904e-32
0.0687049
0.128578
0.135669
0.190389
0.179474
0.236186
0.272954
0.253896
0.221281
0.277248
0.300605
0.319075
0.291279
0.0687049
2.55231e-32
0.0721551
4.904e-32
0.295961
0.32832
0.32832
0.291279
0.135669
0.190389
0.128578
0.179474
0.253896
0.300605
0.319075
0.236186
0.221281
0.277248
0.272954
2.78224e-32
0.0786316
5.30619e-32
0.0754639
0.200889
0.142482
0.149015
0.210977
0.264367
0.309057
0.291341
0.25055
0.323169
0.344937
0.371923
0.345956
0.359651
0.389949
0.398973
0.364218
5.30619e-32
0.0754639
2.78224e-32
0.0786316
0.210977
0.149015
0.200889
0.142482
0.398973
0.389949
0.359651
0.345956
0.291341
0.25055
0.264367
0.309057
0.344937
0.371923
0.323169
2.99216e-32
0.084543
5.67169e-32
0.0816578
0.15527
0.229913
0.220651
0.161245
0.0816578
0.084543
5.67169e-32
2.99216e-32
0.290373
0.342475
0.326101
0.277643
0.365912
0.421112
0.396975
0.386091
0.432583
0.447453
0.46505
0.419218
0.473859
0.437043
0.432583
0.473859
0.161245
0.229913
0.220651
0.15527
0.342475
0.290373
0.326101
0.277643
0.46505
0.447453
0.386091
0.419218
0.421112
0.365912
0.396975
3.18205e-32
0.0898897
6.00051e-32
0.0872869
0.166943
0.17236
0.247196
0.238761
0.0872869
0.0898897
6.00051e-32
3.18205e-32
0.314204
0.373211
0.358178
0.302561
0.17236
0.238761
0.247196
0.166943
0.405477
0.424067
0.444335
0.466644
0.496372
0.500834
0.526551
0.47466
0.552332
0.513775
0.543731
0.509423
0.509423
0.552332
0.543731
0.496372
0.302561
0.373211
0.314204
0.358178
0.526551
0.444335
0.466644
0.424067
0.405477
0.47466
0.500834
3.35195e-32
0.0923513
0.0946721
6.29268e-32
0.177501
0.182361
0.262828
0.255218
0.335861
0.401264
0.387572
0.325305
0.0923513
0.0946721
6.29268e-32
3.35195e-32
0.262828
0.182361
0.255218
0.177501
0.441865
0.458866
0.508518
0.488038
0.335861
0.387572
0.325305
0.401264
0.525978
0.55009
0.583476
0.555585
0.576788
0.58953
0.608589
0.625368
0.633767
0.58953
0.593782
0.633767
0.576788
0.608589
0.625368
0.555585
0.458866
0.55009
0.488038
0.441865
0.583476
0.525978
0.508518
3.50185e-32
6.54823e-32
0.0968516
0.0988903
0.186944
0.191246
0.27681
0.270025
0.355345
0.426636
0.414285
0.345875
0.0968516
0.0988903
6.54823e-32
3.50185e-32
0.475076
0.49049
0.546735
0.528083
0.27681
0.191246
0.270025
0.186944
0.414285
0.426636
0.355345
0.345875
0.595223
0.573173
0.635825
0.610222
0.49049
0.475076
0.528083
0.546735
0.659846
0.639139
0.692964
0.668434
0.672292
0.709354
0.676444
0.717559
0.717559
0.659846
0.672292
0.709354
0.639139
0.610222
0.573173
0.668434
0.595223
0.635825
0.692964
3.63178e-32
0.102545
6.76718e-32
0.100788
0.195273
0.199019
0.289142
0.283182
0.372657
0.449328
0.364273
0.438316
0.505112
0.518939
0.581299
0.564474
0.100788
0.102545
6.76718e-32
3.63178e-32
0.199019
0.289142
0.283182
0.195273
0.6836
0.636236
0.616245
0.660284
0.449328
0.372657
0.438316
0.364273
0.564474
0.505112
0.518939
0.581299
0.755124
0.724724
0.696477
0.723265
0.616245
0.6836
0.636236
0.660284
0.757113
0.744955
0.795106
0.779092
0.803124
0.761171
0.757113
0.803124
0.724724
0.755124
0.723265
0.744955
0.795106
0.779092
0.696477
3.74175e-32
0.105637
6.94956e-32
0.104161
0.202489
0.205679
0.299827
0.29469
0.387801
0.380501
0.469343
0.45967
0.531976
0.544218
0.612211
0.597211
3.74175e-32
6.94956e-32
0.104161
0.105637
0.705774
0.655198
0.67313
0.726805
0.202489
0.205679
0.299827
0.29469
0.469343
0.387801
0.45967
0.380501
0.773087
0.811849
0.784165
0.748803
0.597211
0.612211
0.531976
0.544218
0.655198
0.67313
0.705774
0.726805
0.842985
0.86641
0.81177
0.831538
0.811849
0.773087
0.748803
0.784165
0.847385
0.843422
0.889898
0.882062
0.842985
0.889898
0.86641
0.882062
0.831538
0.843422
0.81177
3.83177e-32
0.108165
7.09539e-32
0.106971
0.208593
0.211228
0.308865
0.304552
0.39456
0.400776
0.486683
0.478347
0.555669
0.566327
0.639474
0.626298
0.106971
0.108165
7.09539e-32
3.83177e-32
0.746695
0.690035
0.70591
0.765443
0.208593
0.304552
0.308865
0.211228
0.863143
0.838174
0.817904
0.796122
0.400776
0.486683
0.478347
0.39456
0.626298
0.639474
0.566327
0.555669
0.901035
0.931474
0.899722
0.872741
0.765443
0.690035
0.70591
0.746695
0.863143
0.817904
0.796122
0.838174
0.930663
0.919048
0.954377
0.96968
0.899722
0.872741
0.931474
0.901035
0.977342
0.93454
0.930663
0.919048
0.96968
0.954377
0.977342
3.90186e-32
0.110132
7.20471e-32
0.109219
0.213586
0.215665
0.316257
0.312767
0.109219
0.110132
7.20471e-32
3.90186e-32
0.406453
0.411586
0.50135
0.49435
0.576196
0.585271
0.663093
0.651739
0.799519
0.783051
0.72076
0.73458
0.312767
0.213586
0.316257
0.215665
0.85772
0.886755
0.909012
0.838437
0.406453
0.50135
0.49435
0.411586
0.961668
0.953249
0.990304
0.927872
0.663093
0.585271
0.651739
0.576196
0.799519
0.73458
0.72076
0.783051
1.00695
1.02007
1.04247
0.988053
0.909012
0.85772
0.838437
0.886755
0.990304
0.961668
0.927872
0.953249
1.01831
1.0221
1.06493
1.05744
1.00695
0.988053
1.02007
1.04247
1.06493
1.01831
1.05744
3.95203e-32
0.111536
7.27752e-32
0.110904
0.217469
0.218993
0.322006
0.319337
0.41618
0.420231
0.513347
0.507682
0.110904
0.111536
7.27752e-32
3.95203e-32
0.319337
0.322006
0.217469
0.218993
0.593558
0.601053
0.68307
0.673537
0.759144
0.829038
0.814848
0.747376
0.89254
0.929914
0.949462
0.875755
0.41618
0.507682
0.513347
0.420231
0.999632
1.04291
1.01738
0.97717
0.593558
0.673537
0.601053
0.68307
1.07916
1.10828
1.05044
1.07625
0.814848
0.829038
0.759144
0.747376
0.89254
0.929914
0.875755
0.949462
1.10585
1.1302
1.14485
1.09474
1.01738
0.999632
1.04291
0.97717
1.05044
1.10828
1.07625
1.07916
1.10956
1.09474
1.15218
1.15218
1.10585
1.1302
1.14485
3.98228e-32
0.112378
7.31384e-32
0.112027
0.220242
0.221211
0.326111
0.324264
0.423744
0.426714
0.522675
0.518344
0.607759
0.691695
0.613674
0.69941
0.112027
0.112378
7.31384e-32
3.98228e-32
0.221211
0.324264
0.326111
0.220242
0.518344
0.522675
0.426714
0.423744
0.779605
0.854004
0.842089
0.769888
0.967656
0.984499
0.90808
0.922372
1.08929
1.06687
1.04019
1.02064
0.691695
0.607759
0.69941
0.613674
1.10623
1.13164
1.16712
1.13857
0.769888
0.779605
0.842089
0.854004
1.16383
1.21708
1.18192
1.19563
0.984499
0.922372
0.967656
0.90808
1.08929
1.04019
1.06687
1.02064
1.2386
1.1928
1.23142
1.19643
1.10623
1.13164
1.13857
1.16712
1.18192
1.16383
1.2386
1.23142
1.19563
1.1928
1.21708
3.99263e-32
0.112659
7.31368e-32
0.112589
0.221905
0.22232
0.328574
0.327548
0.429145
0.431035
0.529337
0.526339
0.112589
0.112659
7.31368e-32
3.99263e-32
0.618801
0.712115
0.706216
0.623138
0.795969
0.874423
0.864781
0.7883
0.327548
0.328574
0.22232
0.221905
0.526339
0.529337
0.431035
0.429145
0.618801
0.623138
0.706216
0.712115
0.99999
0.93542
1.01413
0.947221
1.12946
1.11015
1.07494
1.05829
1.15541
1.17753
1.219
1.19393
0.864781
0.7883
0.795969
0.874423
1.25374
1.25033
1.28166
1.2256
0.93542
0.99999
1.01413
0.947221
1.27869
1.30267
1.31671
1.26804
1.11015
1.12946
1.07494
1.05829
1.219
1.17753
1.19393
1.15541
1.32374
1.28224
1.27869
1.32374
1.25374
1.2256
1.31671
1.28166
1.25033
1.26804
1.30267
3.98307e-32
0.112378
7.27704e-32
0.112589
0.222459
0.22232
0.329395
0.329189
0.432386
0.433195
0.533334
0.531668
0.626687
0.629446
0.721188
0.717105
0.112589
0.112378
7.27704e-32
3.98307e-32
0.22232
0.329189
0.329395
0.222459
0.808238
0.890299
0.882928
0.802616
0.967092
1.03836
1.02692
0.957779
0.433195
0.432386
0.531668
0.533334
0.717105
0.626687
0.721188
0.629446
0.808238
0.802616
0.890299
0.882928
1.14722
1.16344
1.10388
1.09014
1.19801
1.21684
1.26392
1.24233
1.30455
1.28006
1.33859
1.31108
0.957779
1.02692
0.967092
1.03836
1.38653
1.36594
1.35265
1.3353
1.09014
1.10388
1.16344
1.14722
1.36309
1.40028
1.40717
1.36657
1.26392
1.24233
1.19801
1.21684
1.28006
1.30455
1.31108
1.33859
1.36309
1.35265
1.40717
1.40028
1.3353
1.36594
1.38653
3.9536e-32
0.111536
7.2039e-32
0.112027
0.221905
0.221211
0.328574
0.329189
0.534333
0.433466
0.433195
0.534666
0.112027
0.111536
7.2039e-32
3.9536e-32
0.631418
0.632599
0.726631
0.724363
0.816416
0.901636
0.896534
0.81284
0.221211
0.329189
0.328574
0.221905
0.534333
0.534666
0.433466
0.433195
0.981991
1.0572
1.04846
0.975163
1.12702
1.1781
1.11618
1.19122
0.724363
0.726631
0.632599
0.631418
0.896534
0.81284
0.816416
0.901636
1.0572
0.981991
0.975163
1.04846
1.23403
1.28379
1.30191
1.24958
1.32722
1.34806
1.38788
1.36419
1.41833
1.44807
1.39459
1.42125
1.11618
1.1781
1.19122
1.12702
1.43534
1.44556
1.46825
1.48174
1.23403
1.30191
1.28379
1.24958
1.48849
1.48849
1.44898
1.44556
1.34806
1.38788
1.32722
1.36419
1.48174
1.46825
1.42125
1.39459
1.44807
1.43534
1.41833
3.90422e-32
0.110132
7.09426e-32
0.110904
0.220242
0.218993
0.326111
0.327548
0.533334
0.534333
0.432386
0.431035
0.632994
0.632599
0.728445
0.727991
0.110904
0.110132
7.09426e-32
3.90422e-32
0.218993
0.327548
0.326111
0.220242
0.820505
0.908437
0.905603
0.818973
0.991921
1.07066
1.0646
0.987577
0.534333
0.533334
0.431035
0.432386
0.727991
0.632994
0.728445
0.632599
1.14437
1.21282
1.13642
1.20279
1.26348
1.31831
1.33298
1.27575
0.820505
0.818973
0.908437
0.905603
0.987577
1.0646
1.07066
0.991921
1.13642
1.20279
1.21282
1.14437
1.36709
1.40967
1.3843
1.42956
1.44593
1.50135
1.46862
1.47574
1.52766
1.49902
1.54746
1.5157
1.26348
1.31831
1.27575
1.33298
1.56731
1.52573
1.52907
1.56069
1.36709
1.3843
1.42956
1.40967
1.52573
1.56731
1.56069
1.5157
1.47574
1.46862
1.44593
1.50135
1.52766
1.49902
1.54746
3.83492e-32
0.108165
6.94811e-32
0.109219
0.217469
0.215665
0.322006
0.324264
0.426714
0.529337
0.531668
0.429145
0.109219
0.108165
6.94811e-32
3.83492e-32
0.631418
0.629446
0.726631
0.727991
0.820505
0.910704
0.821017
0.910137
0.215665
0.324264
0.322006
0.217469
0.531668
0.529337
0.429145
0.426714
0.996885
1.07873
1.07537
0.995024
1.2213
1.15594
1.22824
1.15088
0.629446
0.631418
0.726631
0.727991
0.821017
0.910137
0.910704
0.820505
1.28638
1.29537
1.34591
1.35712
1.39969
1.41327
1.46364
1.44755
0.996885
1.07873
0.995024
1.07537
1.22824
1.15594
1.15088
1.2213
1.35712
1.28638
1.34591
1.29537
1.48933
1.5249
1.50806
1.5464
1.60435
1.57853
1.577
1.55416
1.60321
1.62378
1.63677
1.59337
1.39969
1.46364
1.41327
1.44755
1.60321
1.64327
1.60649
1.64327
1.5464
1.5249
1.48933
1.50806
1.59337
1.60435
1.57853
1.62378
1.63677
1.55416
1.577
3.74569e-32
0.105637
6.76541e-32
0.106971
0.213586
0.319337
0.211228
0.316258
0.420231
0.522675
0.526339
0.423744
0.106971
0.105637
6.76541e-32
3.74569e-32
0.626687
0.623138
0.721188
0.724363
0.211228
0.319337
0.316258
0.213586
0.816416
0.818973
0.908437
0.910137
0.996885
1.08142
1.08075
0.997506
0.423744
0.526339
0.522675
0.420231
0.623138
0.724363
0.626687
0.721188
1.23363
1.16172
1.23749
1.15955
1.30845
1.30273
1.37436
1.36661
0.818973
0.908437
0.910137
0.816416
1.08075
1.08142
0.996885
0.997506
1.42504
1.49013
1.47783
1.43499
1.58322
1.52482
1.53959
1.56584
1.23749
1.16172
1.15955
1.23363
1.30273
1.36661
1.37436
1.30845
1.42504
1.43499
1.47783
1.49013
1.62949
1.60077
1.62088
1.65244
1.6778
1.69689
1.668
1.65192
1.71604
1.68088
1.70965
1.67766
1.56584
1.53959
1.52482
1.58322
1.71604
1.67766
1.70965
1.668
1.69689
1.62949
1.6778
1.60077
1.65192
1.62088
1.65244
3.63651e-32
0.102545
6.54613e-32
0.104161
0.104161
0.102545
6.54613e-32
3.63651e-32
0.208593
0.308865
0.312767
0.205679
0.411586
0.513347
0.518344
0.41618
0.618801
0.613674
0.712115
0.717105
0.312767
0.308865
0.208593
0.205679
0.81284
0.808238
0.901636
0.905603
0.518344
0.513347
0.411586
0.41618
0.991921
1.07873
1.08075
0.995024
1.16172
1.24057
1.2398
1.16244
0.613674
0.717105
0.618801
0.712115
0.808238
0.901636
0.81284
0.905603
1.31254
1.31499
1.3847
1.3804
1.44313
1.44946
1.50053
1.50904
1.07873
0.991921
0.995024
1.08075
1.16172
1.16244
1.2398
1.24057
1.5524
1.56323
1.61184
1.59856
1.63887
1.69175
1.65473
1.67319
1.31254
1.3804
1.31499
1.3847
1.44313
1.50904
1.44946
1.50053
1.5524
1.61184
1.59856
1.56323
1.74771
1.72346
1.70142
1.72277
1.77902
1.76648
1.73926
1.74875
1.74875
1.75192
1.7853
1.7853
1.63887
1.67319
1.69175
1.65473
1.77902
1.72346
1.73926
1.76648
1.72277
1.74771
1.70142
3.50737e-32
0.0988904
6.29026e-32
0.100788
0.202489
0.199019
0.299827
0.304552
0.100788
0.0988904
6.29026e-32
3.50737e-32
0.304552
0.299827
0.202489
0.199019
0.400776
0.50135
0.507682
0.406453
0.607759
0.601053
0.69941
0.706216
0.802616
0.795969
0.890299
0.896534
0.406453
0.400776
0.507682
0.50135
0.981991
1.07066
1.07537
0.987577
0.706216
0.69941
0.607759
0.601053
1.15594
1.23749
1.2398
1.15955
1.31581
1.38815
1.38729
1.31499
0.802616
0.890299
0.795969
0.896534
1.07066
1.07537
0.981991
0.987577
1.4567
1.52038
1.45399
1.51566
1.57209
1.57898
1.63228
1.62308
1.23749
1.15955
1.2398
1.15594
1.31499
1.38729
1.31581
1.38815
1.66848
1.6801
1.7223
1.70811
1.76963
1.78924
1.74187
1.75871
1.51566
1.45399
1.4567
1.52038
1.57898
1.57209
1.63228
1.62308
1.66848
1.7223
1.70811
1.6801
1.83224
1.81377
1.79131
1.80685
1.81931
1.81619
1.84459
1.85077
1.81619
1.85077
1.80685
1.84459
1.74187
1.79131
1.78924
1.75871
1.81377
1.83224
1.76963
3.35826e-32
0.0968516
0.0946721
5.99777e-32
0.195273
0.191246
0.289143
0.29469
0.387801
0.486683
0.49435
0.39456
0.0968516
0.0946721
5.99777e-32
3.35826e-32
0.191246
0.29469
0.289143
0.195273
0.49435
0.486683
0.387801
0.39456
0.593558
0.585272
0.683071
0.691695
0.7883
0.779605
0.874423
0.882928
0.975164
0.967092
1.0572
1.0646
0.585272
0.691695
0.593558
0.683071
1.14437
1.22824
1.23363
1.15088
0.7883
0.874423
0.882928
0.779605
1.38729
1.31254
1.30845
1.3847
1.52416
1.4576
1.4567
1.52322
0.967092
0.975164
1.0646
1.0572
1.15088
1.23363
1.22824
1.14437
1.5839
1.64453
1.63943
1.58685
1.68962
1.7441
1.69701
1.73429
1.38729
1.31254
1.30845
1.3847
1.52416
1.4567
1.52322
1.4576
1.82151
1.80653
1.78565
1.77331
1.85157
1.83386
1.8552
1.87574
1.5839
1.64453
1.63943
1.58685
1.68962
1.7441
1.69701
1.73429
1.80653
1.77331
1.82151
1.78565
1.8705
1.90609
1.87969
1.89393
1.91217
1.91217
1.88276
1.87969
1.8705
1.87574
1.89393
1.90609
1.85157
1.8552
1.83386
3.18915e-32
5.66862e-32
0.0923514
0.0898898
0.186944
0.182361
0.27681
0.283182
0.372658
0.469343
0.478347
0.380501
0.0923514
0.0898898
5.66862e-32
3.18915e-32
0.576196
0.566327
0.663093
0.673537
0.182361
0.283182
0.27681
0.186944
0.380501
0.372658
0.478347
0.469343
0.566327
0.673537
0.663093
0.576196
0.769888
0.759144
0.854004
0.864781
0.947221
1.03836
1.04846
0.957779
1.12702
1.21282
1.2213
1.13642
0.769888
0.864781
0.854004
0.759144
1.30273
1.37436
1.3804
1.29537
1.03836
1.04846
0.947221
0.957779
1.44946
1.52038
1.45399
1.52322
1.64862
1.58783
1.58685
1.6476
1.21282
1.12702
1.13642
1.2213
1.3804
1.30273
1.37436
1.29537
1.75173
1.70229
1.70546
1.75718
1.8036
1.83418
1.79575
1.84455
1.44946
1.52038
1.45399
1.52322
1.64862
1.58685
1.58783
1.6476
1.90953
1.89385
1.8799
1.86692
1.93336
1.91488
1.92995
1.95129
1.70229
1.75718
1.75173
1.70546
1.84455
1.83418
1.79575
1.8036
1.86692
1.89385
1.8799
1.90953
1.94203
1.93901
1.96327
1.96928
1.96928
1.93901
1.92995
1.95129
1.96327
1.93336
1.91488
3.00005e-32
0.084543
5.3028e-32
0.0872869
0.0872869
0.084543
5.3028e-32
3.00005e-32
0.177501
0.17236
0.262828
0.270025
0.355345
0.449328
0.45967
0.364273
0.555669
0.544218
0.639474
0.651739
0.270025
0.262828
0.177501
0.17236
0.747376
0.73458
0.829038
0.842089
0.45967
0.355345
0.449328
0.364273
0.639474
0.544218
0.651739
0.555669
0.747376
0.842089
0.829038
0.73458
0.93542
0.922372
1.01413
1.02692
1.10388
1.19122
1.20279
1.11618
1.28638
1.36661
1.27575
1.35712
1.01413
1.02692
0.922372
0.93542
1.43499
1.51566
1.44313
1.50904
1.10388
1.11618
1.20279
1.19122
1.64453
1.6476
1.5839
1.57898
1.76045
1.70652
1.76154
1.70546
1.36661
1.28638
1.27575
1.35712
1.51566
1.44313
1.43499
1.50904
1.81257
1.85836
1.85261
1.80921
1.89877
1.9228
1.93366
1.89052
1.57898
1.5839
1.6476
1.64453
1.76154
1.70546
1.70652
1.76045
1.98641
1.9629
1.97011
1.94936
1.98497
1.99391
2.01593
2.0041
1.80921
1.81257
1.85261
1.85836
1.89052
1.89877
1.93366
1.9228
1.9629
1.98641
1.94936
1.97011
1.99689
2.02186
2.02186
1.99391
2.0041
2.01593
1.98497
2.79093e-32
0.0786316
4.90028e-32
0.0816578
2.79093e-32
0.0816578
0.0786316
4.90028e-32
0.166943
0.161245
0.247196
0.255218
0.255218
0.247196
0.166943
0.161245
0.345875
0.335861
0.426636
0.438316
0.531976
0.518939
0.612211
0.626298
0.72076
0.70591
0.799519
0.814848
0.438316
0.426636
0.335861
0.345875
0.908081
0.89254
0.984499
0.99999
0.518939
0.626298
0.612211
0.531976
0.72076
0.814848
0.799519
0.70591
0.89254
0.908081
0.99999
0.984499
1.07494
1.16344
1.1781
1.09014
1.26348
1.33298
1.24958
1.34591
1.50053
1.42504
1.41327
1.49013
1.07494
1.16344
1.1781
1.09014
1.63943
1.56323
1.57209
1.63228
1.24958
1.34591
1.33298
1.26348
1.75718
1.76045
1.69701
1.70229
1.81257
1.86182
1.86297
1.81369
1.50053
1.49013
1.41327
1.42504
1.57209
1.63943
1.56323
1.63228
1.94812
1.90467
1.90821
1.94209
1.98258
2.01147
2.0002
1.97397
1.75718
1.70229
1.69701
1.76045
1.81369
1.86182
1.81257
1.86297
2.02068
2.03536
2.05218
2.0347
2.04418
2.04713
2.06387
2.06972
1.90821
1.90467
1.94209
1.94812
2.01147
1.97397
2.0002
1.98258
2.06972
2.02068
2.06387
2.04418
2.03536
2.05218
2.0347
0.0754639
0.0721552
4.46106e-32
2.56179e-32
2.56179e-32
0.0721552
4.46106e-32
0.0754639
0.15527
0.149015
0.229913
0.238761
0.15527
0.149015
0.238761
0.229913
0.314204
0.401264
0.414285
0.325305
0.414285
0.401264
0.314204
0.325305
0.505112
0.49049
0.581299
0.597211
0.690035
0.67313
0.765443
0.783051
0.875755
0.85772
0.949462
0.967656
0.581299
0.49049
0.597211
0.505112
1.05829
1.04019
1.12946
1.14722
0.67313
0.690035
0.783051
0.765443
0.949462
0.875755
0.967656
0.85772
1.05829
1.14722
1.12946
1.04019
1.31831
1.23403
1.21684
1.30191
1.47783
1.39969
1.46364
1.3843
1.62308
1.53959
1.61184
1.5524
1.31831
1.30191
1.23403
1.21684
1.75173
1.6801
1.7441
1.68962
1.47783
1.3843
1.39969
1.46364
1.8036
1.85836
1.80921
1.86182
1.95174
1.95294
1.90938
1.90821
1.62308
1.61184
1.53959
1.5524
1.6801
1.68962
1.75173
1.7441
1.99242
2.0265
2.02024
1.98873
2.05508
2.06641
2.07805
2.04616
1.80921
1.85836
1.86182
1.8036
1.90821
1.90938
1.95174
1.95294
2.08092
2.09534
2.1069
2.08964
2.08964
2.09256
2.11269
2.11269
2.02024
1.98873
2.0265
1.99242
2.05508
2.07805
2.06641
2.1069
2.09534
2.04616
2.08092
0.0687049
0.0651136
3.98512e-32
2.31262e-32
0.220651
0.210977
0.142482
0.135669
2.31262e-32
0.0651136
3.98512e-32
0.0687049
0.142482
0.135669
0.210977
0.220651
0.290373
0.373211
0.387572
0.302561
0.373211
0.290373
0.302561
0.387572
0.475076
0.458866
0.546735
0.564474
0.458866
0.564474
0.546735
0.475076
0.655198
0.636236
0.726805
0.746695
0.838437
0.817904
0.909012
0.929914
0.999633
1.08929
1.11015
1.02064
0.636236
0.655198
0.746695
0.726805
1.19801
1.17753
1.26392
1.28379
0.817904
0.909012
0.838437
0.929914
1.08929
1.02064
1.11015
0.999633
1.17753
1.28379
1.19801
1.26392
1.34806
1.36709
1.42956
1.44755
1.59856
1.50806
1.58322
1.52482
1.7223
1.65473
1.73429
1.66848
1.44755
1.42956
1.34806
1.36709
1.78565
1.85261
1.84455
1.79575
1.50806
1.52482
1.59856
1.58322
1.94812
1.89877
1.95174
1.90467
1.99365
2.03151
2.03026
1.99242
1.73429
1.7223
1.66848
1.65473
1.85261
1.79575
1.78565
1.84455
2.0871
2.06144
2.06526
2.09356
2.11631
2.10714
2.13343
2.1215
1.94812
1.90467
1.89877
1.95174
1.99365
2.03151
2.03026
1.99242
2.13301
2.14488
2.13013
2.15062
2.13013
2.14488
2.1215
2.15062
2.0871
2.06526
2.09356
2.06144
2.13343
2.11631
2.10714
0.0613807
0.0575068
3.47246e-32
2.04341e-32
0.200889
0.190389
0.128578
0.121206
2.04341e-32
0.0575068
3.47246e-32
0.0613807
0.358178
0.342475
0.264367
0.277643
0.128578
0.121206
0.190389
0.200889
0.264367
0.342475
0.358178
0.277643
0.441865
0.424067
0.508518
0.528083
0.528083
0.508518
0.441865
0.424067
0.616245
0.595223
0.6836
0.705774
0.616245
0.705774
0.6836
0.595223
0.796122
0.773087
0.863143
0.886755
0.97717
0.953249
1.04291
1.06687
1.15541
1.13164
1.219
1.24233
0.863143
0.796122
0.886755
0.773087
1.40967
1.32722
1.38788
1.30455
0.953249
1.04291
1.06687
0.97717
1.13164
1.24233
1.219
1.15541
1.40967
1.30455
1.32722
1.38788
1.5464
1.46862
1.56584
1.48933
1.69175
1.70811
1.62088
1.63887
1.83418
1.75871
1.82151
1.77331
1.46862
1.56584
1.5464
1.48933
1.8799
1.93366
1.94209
1.89052
1.62088
1.69175
1.70811
1.63887
1.98258
2.0265
1.98873
2.03026
2.06654
2.06526
2.09744
2.09873
1.77331
1.75871
1.83418
1.82151
1.94209
1.89052
1.93366
1.8799
2.14272
2.14934
2.12679
2.12286
2.1655
2.15695
2.16633
2.17768
1.98873
2.0265
1.98258
2.03026
2.09873
2.06654
2.06526
2.09744
2.16836
2.1655
2.18336
2.18336
2.14272
2.12679
2.15695
2.17768
2.12286
2.14934
2.16633
0.0534913
0.0493347
2.92309e-32
1.75418e-32
0.179474
0.168147
0.113557
0.105627
1.75418e-32
0.0493347
2.92309e-32
0.0534913
0.326101
0.309057
0.236186
0.25055
0.113557
0.105627
0.168147
0.179474
0.488038
0.466644
0.405477
0.386091
0.236186
0.309057
0.326101
0.25055
0.405477
0.386091
0.466644
0.488038
0.573173
0.55009
0.635825
0.660284
0.573173
0.660284
0.635825
0.55009
0.748803
0.723265
0.811849
0.838174
0.723265
0.748803
0.838174
0.811849
0.901035
0.990304
1.01738
0.927872
1.10623
1.07916
1.16712
1.19393
1.28006
1.36419
1.25374
1.33859
0.901035
1.01738
0.990304
0.927872
1.42125
1.5249
1.50135
1.44593
1.07916
1.16712
1.19393
1.10623
1.33859
1.25374
1.36419
1.28006
1.50135
1.42125
1.44593
1.5249
1.67319
1.57853
1.65244
1.60077
1.72277
1.80653
1.78924
1.74187
1.85157
1.90953
1.9228
1.86692
1.65244
1.67319
1.57853
1.60077
2.01147
1.9629
1.97397
2.02024
1.80653
1.74187
1.72277
1.78924
2.05508
2.09356
2.06144
2.09744
2.15465
2.1281
2.12679
2.15332
1.9228
1.85157
1.86692
1.90953
2.01147
1.97397
2.02024
1.9629
2.17302
2.18714
2.1939
2.17704
2.20518
2.19564
2.19847
2.21082
2.09744
2.05508
2.09356
2.06144
2.1281
2.15332
2.12679
2.15465
2.17704
2.18714
2.1939
2.19564
2.21082
2.20518
2.17302
0.0450366
0.0405975
2.33701e-32
1.44492e-32
0.156407
0.144253
0.0974201
0.0889323
1.44492e-32
0.0405975
2.33701e-32
0.0450366
0.291341
0.272954
0.20583
0.221281
0.0974201
0.0889323
0.144253
0.156407
0.444335
0.421112
0.365912
0.344937
0.20583
0.272954
0.291341
0.221281
0.525978
0.610222
0.583476
0.500834
0.365912
0.344937
0.421112
0.444335
0.525978
0.500834
0.583476
0.610222
0.696477
0.668434
0.755124
0.784165
0.696477
0.784165
0.668434
0.755124
0.872741
0.842985
0.931474
0.961668
0.931474
0.842985
0.872741
0.961668
1.05044
1.02007
1.10828
1.13857
1.31108
1.2256
1.19563
1.28166
1.44807
1.47574
1.36594
1.39459
1.02007
1.13857
1.10828
1.05044
1.52766
1.60435
1.62949
1.55416
1.28166
1.19563
1.31108
1.2256
1.44807
1.36594
1.47574
1.39459
1.52766
1.60435
1.55416
1.62949
1.76963
1.74771
1.6778
1.70142
1.81377
1.87574
1.89385
1.83386
1.98641
1.94936
2.0002
1.93336
1.76963
1.74771
1.6778
1.70142
2.04616
2.0347
2.0871
2.07805
1.87574
1.83386
1.81377
1.89385
2.14934
2.11631
2.12286
2.15332
2.19931
2.19796
2.17838
2.17704
1.93336
1.98641
1.94936
2.0002
2.07805
2.0871
2.04616
2.0347
2.22042
2.22728
2.21199
2.21608
2.22324
2.2329
2.2329
2.22042
2.12286
2.14934
2.15332
2.11631
2.19796
2.22728
2.17838
2.19931
2.21608
2.21199
2.17704
0.0360169
0.0312952
1.71423e-32
1.11563e-32
1.11563e-32
0.0312952
1.71423e-32
0.0360169
0.131686
0.118706
0.0801672
0.0711215
0.253896
0.234167
0.173298
0.189837
0.0801672
0.0711215
0.118706
0.131686
0.300605
0.396975
0.371923
0.323169
0.173298
0.234167
0.253896
0.189837
0.47466
0.555585
0.526551
0.447454
0.323169
0.300605
0.371923
0.396975
0.639139
0.724724
0.692965
0.60859
0.47466
0.447454
0.526551
0.555585
0.639139
0.60859
0.692965
0.724724
0.81177
0.779092
0.86641
0.899722
0.81177
0.899722
0.86641
0.779092
0.988053
0.954377
1.04247
1.07625
1.07625
0.954377
1.04247
0.988053
1.25033
1.16383
1.21708
1.1302
1.30267
1.3353
1.41833
1.38653
1.46825
1.577
1.54746
1.49902
1.21708
1.1302
1.25033
1.16383
1.62378
1.72346
1.69689
1.65192
1.30267
1.38653
1.3353
1.41833
1.54746
1.46825
1.577
1.49902
1.72346
1.62378
1.69689
1.65192
1.8552
1.76648
1.83224
1.79131
1.95129
1.89393
1.97011
1.91488
2.02068
2.0041
2.05218
2.06641
1.76648
1.83224
1.8552
1.79131
2.09534
2.14272
2.10714
2.13343
1.89393
1.97011
1.91488
1.95129
2.16633
2.1939
2.17302
2.19796
2.23277
2.21608
2.21744
2.2314
2.02068
2.06641
2.05218
2.0041
2.10714
2.13343
2.09534
2.14272
2.24952
2.24259
2.23979
2.24393
2.24393
2.2314
2.23979
2.24952
2.1939
2.17302
2.16633
2.19796
2.21744
2.23277
2.21608
7.66316e-33
0.021428
1.05476e-32
0.0264321
0.0264321
0.021428
1.05476e-32
7.66316e-33
0.105313
0.0915068
0.0617985
0.0521949
0.0617985
0.0521949
0.0915068
0.105313
0.213768
0.192697
0.138591
0.156217
0.345956
0.319075
0.277248
0.253095
0.138591
0.192697
0.156217
0.213768
0.419218
0.496372
0.46505
0.389949
0.277248
0.253095
0.319075
0.345956
0.576788
0.659846
0.543731
0.625368
0.419218
0.389949
0.46505
0.496372
0.744955
0.831538
0.795106
0.709354
0.576788
0.543731
0.625368
0.659846
0.744955
0.709354
0.795106
0.831538
0.919048
0.882062
0.96968
1.00695
0.919048
1.00695
0.882062
0.96968
1.05744
1.14485
1.09474
1.18192
1.05744
1.18192
1.14485
1.09474
1.31671
1.35265
1.23142
1.26804
1.40028
1.5157
1.43534
1.48174
1.56069
1.63677
1.668
1.59337
1.31671
1.23142
1.35265
1.26804
1.70965
1.80685
1.77902
1.73926
1.48174
1.40028
1.43534
1.5157
1.668
1.56069
1.63677
1.59337
1.77902
1.70965
1.80685
1.73926
1.90609
1.92995
1.84459
1.8705
2.01593
1.96327
2.03536
1.98497
2.08092
2.1069
2.1215
2.06387
1.84459
1.92995
1.8705
1.90609
2.15695
2.17768
2.14488
2.18714
1.98497
2.01593
2.03536
1.96327
2.21199
2.2314
2.20518
2.22728
2.25505
2.24393
2.25367
2.24531
2.06387
2.08092
2.1215
2.1069
2.15695
2.18714
2.17768
2.14488
2.25367
2.25646
2.26063
2.26063
2.22728
2.25505
2.24531
2.2314
2.21199
2.20518
2.24393
0.0162826
0.0109962
3.58609e-33
3.96993e-33
3.96993e-33
0.0109962
3.58609e-33
0.0162826
0.0423142
0.0321531
0.0626556
0.0772874
0.0772874
0.0626556
0.0423142
0.0321531
0.170956
0.148545
0.10171
0.120423
0.10171
0.120423
0.148545
0.170956
0.291279
0.262569
0.228149
0.202408
0.359651
0.432583
0.398973
0.328321
0.228149
0.202408
0.262569
0.291279
0.509423
0.58953
0.552332
0.473859
0.359651
0.328321
0.398973
0.432583
0.672293
0.757113
0.717559
0.633767
0.509423
0.473859
0.552332
0.58953
0.843422
0.930663
0.889899
0.803124
0.672293
0.633767
0.717559
0.757113
0.930663
0.843422
0.803124
0.889899
0.977342
1.06493
1.10585
1.01831
1.01831
1.10585
0.977342
1.06493
1.27869
1.15218
1.1928
1.2386
1.27869
1.15218
1.2386
1.1928
1.32374
1.40717
1.44556
1.36309
1.48849
1.56731
1.60321
1.52573
1.71604
1.74875
1.64328
1.67766
1.40717
1.32374
1.44556
1.36309
1.7853
1.87969
1.85077
1.81619
1.60321
1.56731
1.48849
1.52573
1.64328
1.74875
1.67766
1.71604
1.7853
1.87969
1.85077
1.81619
1.93901
1.91217
1.96928
1.99391
2.04418
2.02186
2.08964
2.06972
2.1655
2.11269
2.13013
2.15062
1.96928
1.99391
1.91217
1.93901
2.22042
2.21082
2.19564
2.18336
2.02186
2.06972
2.04418
2.08964
2.2329
2.23979
2.25367
2.24952
2.2648
2.26201
2.26063
2.26619
2.15062
2.11269
2.13013
2.1655
2.18336
2.19564
2.22042
2.21082
2.26063
2.25367
2.26201
2.26619
2.2329
2.24952
2.23979
9.30742e-35
0.00556845
0.00556845
9.30742e-35
0.0476105
0.0217149
0.0217149
0.0476105
0.125462
0.0824554
0.0824554
0.125462
0.175874
0.232945
0.175874
0.232945
0.295961
0.364218
0.437043
0.513775
0.295961
0.364218
0.593782
0.676444
0.513775
0.437043
0.761171
0.847385
0.676444
0.593782
0.93454
1.0221
0.761171
0.847385
0.93454
1.0221
1.10956
1.19643
1.10956
1.19643
1.28224
1.36657
1.36657
1.28224
1.44898
1.52907
1.60649
1.68088
1.81931
1.75192
1.52907
1.44898
1.94203
1.88276
1.68088
1.60649
1.75192
1.81931
1.94203
1.88276
1.99689
2.04713
2.13301
2.09256
2.19847
2.16836
1.99689
2.04713
2.24259
2.22324
2.13301
2.09256
2.2648
2.25646
2.26758
2.2648
2.16836
2.19847
2.22324
2.25646
2.24259
0.977342
1.32374
1.2386
0.0109962
1.06493
1.15218
1.06493
1.15218
0.977342
0.148545
0.202408
0.889899
1.2386
0.328321
0.803124
0.717559
1.32374
0.633767
0.552332
1.40717
0.473859
0.398973
1.48849
0.262569
1.56731
1.64328
0.10171
0.0626556
1.71604
0.0321531
1.7853
1.85077
0.0109962
1.40717
1.48849
1.91217
1.96928
1.64328
2.02186
0.0321531
2.06972
2.11269
0.0626556
2.15062
2.18336
0.10171
2.21082
2.2329
0.148545
2.11269
2.24952
2.15062
2.26063
0.202408
2.26619
2.26619
0.262569
2.26063
2.24952
0.328321
2.2329
2.21082
0.398973
2.18336
0.473859
2.06972
0.552332
2.02186
1.96928
0.633767
1.91217
1.85077
0.717559
1.7853
1.71604
0.803124
1.56731
0.889899
3.58609e-33
3.58609e-33
3.96993e-33
0.0162826
0.0162826
3.96993e-33
0.0772874
0.0423142
0.0423142
0.0772874
0.120423
0.170956
0.120423
0.170956
0.291279
0.228149
0.228149
0.291279
0.432583
0.359651
0.58953
0.509423
0.359651
0.432583
0.672293
0.757113
0.58953
0.509423
0.930663
0.843422
0.672293
0.757113
1.01831
1.10585
0.843422
0.930663
1.01831
1.10585
1.27869
1.1928
1.27869
1.1928
1.36309
1.44556
1.44556
1.36309
1.60321
1.52573
1.74875
1.67766
1.81619
1.87969
1.52573
1.60321
1.99391
1.93901
1.74875
1.67766
1.87969
1.81619
1.93901
1.99391
2.04418
2.08964
2.1655
2.13013
2.19564
2.22042
2.08964
2.04418
2.25367
2.23979
2.1655
2.13013
2.2648
2.26201
2.26201
2.25367
2.22042
2.19564
2.23979
1.23142
1.14485
1.14485
1.05744
1.23142
0.96968
0.0915068
0.882062
0.795106
1.31671
0.709354
1.40028
0.625368
0.543731
0.46505
1.48174
0.389949
1.56069
0.319075
0.253095
0.192697
1.63677
0.138591
1.70965
0.0521949
0.021428
1.77902
1.84459
0.021428
1.90609
1.31671
1.96327
2.01593
1.48174
0.0521949
2.06387
2.1069
1.70965
2.14488
0.0915068
2.17768
0.138591
2.20518
2.22728
2.24393
2.01593
0.192697
2.25505
0.253095
2.14488
2.26063
2.26063
2.25505
0.319075
2.24393
0.389949
2.22728
2.20518
2.17768
0.46505
0.543731
2.1069
2.06387
0.625368
1.96327
0.709354
1.90609
1.84459
1.77902
0.795106
0.882062
1.63677
1.56069
0.96968
1.40028
1.05744
1.05476e-32
1.05476e-32
7.66316e-33
0.0264321
0.0264321
7.66316e-33
0.105313
0.0617985
0.0617985
0.105313
0.156217
0.213768
0.213768
0.156217
0.345956
0.277248
0.277248
0.345956
0.496372
0.419218
0.576788
0.659846
0.419218
0.496372
0.744955
0.831538
0.659846
0.576788
0.919048
1.00695
0.831538
0.744955
1.18192
1.09474
0.919048
1.00695
1.18192
1.09474
1.26804
1.35265
1.35265
1.26804
1.5157
1.43534
1.43534
1.5157
1.668
1.59337
1.80685
1.73926
1.8705
1.92995
1.668
1.59337
1.98497
2.03536
1.73926
1.80685
1.92995
1.8705
1.98497
2.03536
2.08092
2.1215
2.15695
2.18714
2.21199
2.2314
2.1215
2.08092
2.25367
2.24531
2.15695
2.18714
2.25646
2.25367
2.24531
2.21199
2.2314
1.21708
1.04247
1.30267
0.0312952
0.954377
0.86641
0.779092
1.38653
0.692965
0.234167
0.300605
1.46825
0.60859
0.526551
0.447454
1.54746
0.371923
1.62378
0.173298
1.69689
0.118706
1.76648
0.0711215
1.83224
1.89393
0.0312952
1.95129
1.21708
2.0041
0.0711215
2.05218
2.09534
2.13343
1.54746
1.62378
0.118706
2.16633
0.173298
2.1939
2.21608
2.23277
0.234167
1.95129
2.24393
0.300605
2.05218
2.09534
2.24952
2.24952
2.24393
0.371923
2.23277
0.447454
2.21608
2.1939
2.16633
0.526551
2.13343
0.60859
2.0041
0.692965
0.779092
1.89393
1.83224
1.76648
0.86641
1.69689
0.954377
1.46825
1.04247
1.38653
1.1302
1.30267
1.1302
1.71423e-32
1.71423e-32
1.11563e-32
0.0360169
0.0360169
1.11563e-32
0.0801672
0.131686
0.0801672
0.131686
0.189837
0.253896
0.253896
0.189837
0.396975
0.323169
0.323169
0.396975
0.47466
0.555585
0.639139
0.724724
0.47466
0.555585
0.81177
0.899722
0.724724
0.639139
1.07625
0.988053
0.81177
0.899722
1.25033
1.16383
0.988053
1.07625
1.25033
1.16383
1.41833
1.3353
1.41833
1.3353
1.49902
1.577
1.577
1.49902
1.72346
1.65192
1.8552
1.79131
1.91488
1.97011
1.65192
1.72346
2.02068
2.06641
1.79131
1.8552
1.97011
1.91488
2.02068
2.06641
2.14272
2.10714
2.17302
2.19796
2.21744
2.2314
2.10714
2.14272
2.24259
2.23979
2.19796
2.17302
2.23979
2.2314
2.21744
1.36594
0.842985
0.755124
1.44807
0.668434
0.583476
1.52766
0.500834
0.421112
1.60435
0.344937
0.272954
1.6778
0.20583
0.144253
1.74771
0.0889323
0.0405975
1.81377
1.87574
0.0405975
0.931474
1.02007
1.93336
1.98641
1.19563
2.0347
0.0889323
2.07805
2.11631
0.144253
2.14934
2.17704
0.20583
2.19931
2.21608
0.272954
1.81377
2.22728
1.87574
2.2329
0.344937
2.2329
2.22728
0.421112
2.07805
2.11631
2.21608
2.19931
0.500834
2.17704
2.14934
0.583476
0.668434
2.0347
1.98641
0.755124
1.93336
0.842985
1.74771
0.931474
1.6778
1.60435
1.02007
1.52766
1.44807
1.10828
1.36594
1.28166
1.19563
1.10828
1.28166
2.33701e-32
2.33701e-32
1.44492e-32
0.0450366
0.0450366
1.44492e-32
0.156407
0.0974201
0.0974201
0.156407
0.291341
0.221281
0.221281
0.291341
0.444335
0.365912
0.365912
0.444335
0.610222
0.525978
0.696477
0.784165
0.610222
0.525978
0.961668
0.872741
0.696477
0.784165
1.13857
1.05044
0.961668
0.872741
1.31108
1.2256
1.13857
1.05044
1.2256
1.31108
1.47574
1.39459
1.39459
1.47574
1.62949
1.55416
1.55416
1.62949
1.76963
1.70142
1.89385
1.83386
1.94936
2.0002
1.70142
1.76963
2.0871
2.04616
1.83386
1.89385
2.0002
1.94936
2.0871
2.04616
2.12286
2.15332
2.17838
2.19796
2.21199
2.22042
2.15332
2.12286
2.22042
2.22324
2.17838
2.21199
2.19796
0.723265
0.635825
1.50135
0.55009
1.57853
0.466644
0.386091
0.309057
1.65244
0.236186
1.72277
0.168147
0.105627
0.0493347
1.78924
1.85157
0.0493347
1.90953
0.811849
1.9629
2.01147
0.990304
0.105627
2.05508
2.09356
1.25374
2.12679
0.168147
2.15465
0.236186
2.17704
2.1939
2.20518
1.65244
0.309057
2.21082
0.386091
1.85157
2.21082
2.20518
2.1939
0.466644
2.01147
2.17704
0.55009
2.15465
2.12679
2.09356
0.635825
2.05508
0.723265
1.9629
1.90953
0.811849
0.901035
1.78924
1.72277
0.990304
1.57853
1.07916
1.50135
1.42125
1.33859
1.16712
1.25374
1.16712
1.07916
1.33859
0.901035
1.42125
2.92309e-32
2.92309e-32
1.75418e-32
0.0534913
0.0534913
1.75418e-32
0.179474
0.113557
0.113557
0.179474
0.326101
0.25055
0.326101
0.25055
0.405477
0.488038
0.405477
0.488038
0.573173
0.660284
0.748803
0.838174
0.573173
0.660284
1.01738
0.927872
0.838174
0.748803
1.19393
1.10623
1.01738
0.927872
1.36419
1.28006
1.19393
1.10623
1.28006
1.36419
1.5249
1.44593
1.5249
1.44593
1.67319
1.60077
1.67319
1.60077
1.80653
1.74187
1.86692
1.9228
2.02024
1.97397
1.74187
1.80653
2.06144
2.09744
1.9228
1.86692
1.97397
2.02024
2.09744
2.06144
2.15332
2.1281
2.18714
2.17302
2.19564
2.19847
2.1281
2.15332
2.18714
2.19564
2.17302
1.5464
0.508518
1.62088
0.424067
0.342475
0.264367
1.69175
0.190389
1.75871
0.121206
0.0575068
1.82151
1.8799
0.0575068
1.93366
0.6836
1.98258
0.121206
2.0265
2.06526
2.09873
1.04291
1.13164
0.190389
2.12679
0.264367
2.14934
2.16633
2.17768
0.342475
1.5464
2.18336
0.424067
1.69175
1.75871
2.18336
2.17768
2.16633
0.508518
1.93366
2.14934
0.595223
2.12679
2.09873
2.06526
0.6836
2.0265
0.773087
1.98258
1.8799
0.863143
1.82151
0.953249
1.62088
1.04291
1.13164
1.46862
1.38788
1.30455
1.219
1.219
1.30455
0.953249
1.38788
0.863143
1.46862
0.773087
0.595223
3.47246e-32
3.47246e-32
2.04341e-32
0.0613807
0.0613807
2.04341e-32
0.128578
0.200889
0.128578
0.200889
0.358178
0.277643
0.277643
0.358178
0.441865
0.528083
0.441865
0.528083
0.705774
0.616245
0.886755
0.796122
0.616245
0.705774
0.97717
1.06687
0.796122
0.886755
1.15541
1.24233
0.97717
1.06687
1.32722
1.40967
1.24233
1.15541
1.32722
1.40967
1.56584
1.48933
1.56584
1.48933
1.70811
1.63887
1.63887
1.70811
1.83418
1.77331
1.94209
1.89052
1.98873
2.03026
1.77331
1.83418
2.09744
2.06654
1.94209
1.89052
1.98873
2.03026
2.09744
2.06654
2.14272
2.12286
2.1655
2.15695
2.16836
2.1655
2.12286
2.15695
2.14272
1.65473
0.290373
0.210977
1.7223
0.135669
0.0651136
1.78565
1.84455
0.0651136
0.373211
0.458866
1.89877
1.94812
0.636236
1.99242
0.135669
2.03151
2.06526
0.210977
2.09356
2.11631
0.290373
2.13343
2.14488
0.373211
1.34806
2.15062
1.42956
2.15062
0.458866
2.14488
2.13343
0.546735
1.7223
1.78565
2.11631
2.09356
0.636236
2.06526
2.03151
0.726805
1.99242
1.94812
0.817904
1.89877
1.84455
0.909012
0.999633
1.65473
1.58322
1.08929
1.50806
1.17753
1.26392
1.26392
1.17753
1.08929
1.34806
0.999633
0.909012
1.42956
0.817904
0.726805
1.50806
0.546735
1.58322
3.98512e-32
3.98512e-32
2.31262e-32
0.0687049
0.0687049
2.31262e-32
0.220651
0.142482
0.142482
0.220651
0.302561
0.387572
0.387572
0.302561
0.564474
0.475076
0.475076
0.564474
0.655198
0.746695
0.838437
0.929914
0.655198
0.746695
1.11015
1.02064
0.929914
0.838437
1.19801
1.28379
1.02064
1.11015
1.36709
1.44755
1.19801
1.28379
1.44755
1.36709
1.59856
1.52482
1.52482
1.59856
1.66848
1.73429
1.73429
1.66848
1.85261
1.79575
1.95174
1.90467
2.03026
1.99365
1.85261
1.79575
2.06144
2.0871
1.95174
1.90467
1.99365
2.03026
2.0871
2.06144
2.10714
2.1215
2.13301
2.13013
2.13013
2.1215
2.10714
0.149015
0.0721552
1.7441
1.8036
0.0721552
1.85836
0.229913
1.90821
1.95294
0.401264
0.149015
1.99242
2.0265
0.67313
2.05508
0.229913
2.07805
0.314204
2.09534
2.1069
2.11269
1.12946
0.401264
2.11269
0.49049
1.3843
2.1069
2.09534
2.07805
0.581299
1.61184
2.05508
0.67313
2.0265
1.99242
1.95294
0.765443
1.90821
0.85772
1.85836
1.8036
1.7441
0.949462
1.6801
1.04019
1.53959
1.46364
1.12946
1.21684
1.30191
1.21684
1.30191
1.04019
1.3843
0.949462
0.85772
0.765443
1.46364
1.53959
0.581299
0.49049
1.61184
0.314204
1.6801
4.46106e-32
4.46106e-32
2.56179e-32
0.0754639
0.0754639
2.56179e-32
0.15527
0.238761
0.15527
0.238761
0.414285
0.325305
0.414285
0.325305
0.597211
0.505112
0.505112
0.597211
0.690035
0.783051
0.967656
0.875755
0.690035
0.783051
1.14722
1.05829
0.875755
0.967656
1.23403
1.31831
1.05829
1.14722
1.39969
1.47783
1.23403
1.31831
1.39969
1.47783
1.62308
1.5524
1.62308
1.5524
1.75173
1.68962
1.75173
1.68962
1.80921
1.86182
1.95174
1.90938
2.02024
1.98873
1.86182
1.80921
2.04616
2.06641
1.95174
1.90938
1.98873
2.02024
2.06641
2.04616
2.08964
2.08092
2.08964
2.09256
2.08092
1.75718
1.81257
0.0786316
0.0786316
1.86297
1.90821
0.161245
1.94812
1.98258
0.426636
0.518939
2.01147
0.247196
2.0347
0.335861
2.05218
2.06387
2.06972
0.984499
0.426636
2.06972
1.16344
1.24958
0.518939
2.06387
2.05218
2.0347
1.49013
0.612211
2.01147
0.70591
1.98258
1.94812
1.75718
1.90821
0.799519
1.86297
0.89254
1.81257
1.69701
0.984499
1.63228
1.07494
1.56323
1.41327
1.16344
1.33298
1.24958
1.07494
1.33298
1.41327
0.89254
0.799519
0.70591
1.49013
0.612211
1.56323
0.335861
1.63228
0.247196
1.69701
0.161245
4.90028e-32
4.90028e-32
2.79093e-32
0.0816578
2.79093e-32
0.0816578
0.255218
0.166943
0.166943
0.255218
0.438316
0.345875
0.438316
0.345875
0.531976
0.626298
0.531976
0.626298
0.814848
0.72076
0.99999
0.908081
0.72076
0.814848
1.1781
1.09014
0.99999
0.908081
1.34591
1.26348
1.09014
1.1781
1.50053
1.42504
1.26348
1.34591
1.50053
1.42504
1.57209
1.63943
1.57209
1.63943
1.76045
1.70229
1.76045
1.70229
1.81369
1.86182
1.94209
1.90467
1.97397
2.0002
1.81369
1.86182
2.03536
2.02068
1.90467
1.94209
1.97397
2.0002
2.03536
2.02068
2.04713
2.04418
2.04418
0.084543
1.81257
1.85836
1.89877
0.17236
1.93366
1.9629
0.262828
1.98641
2.0041
0.355345
2.01593
2.02186
0.73458
0.449328
0.829038
2.02186
2.01593
0.544218
2.0041
1.98641
1.19122
1.27575
0.639474
1.9629
1.93366
0.73458
1.89877
1.85836
0.829038
1.81257
1.76154
0.922372
1.70546
1.64453
1.01413
1.57898
1.50904
1.10388
1.43499
1.35712
1.19122
1.27575
1.10388
1.01413
1.35712
0.922372
1.43499
0.639474
1.50904
0.544218
0.449328
1.57898
0.355345
0.262828
1.64453
0.17236
0.084543
1.70546
1.76154
5.3028e-32
5.3028e-32
3.00005e-32
0.0872869
0.0872869
3.00005e-32
0.177501
0.270025
0.177501
0.270025
0.364273
0.45967
0.45967
0.364273
0.651739
0.555669
0.651739
0.555669
0.842089
0.747376
1.02692
0.93542
0.747376
0.842089
1.20279
1.11618
1.02692
0.93542
1.28638
1.36661
1.20279
1.11618
1.44313
1.51566
1.28638
1.36661
1.44313
1.51566
1.5839
1.6476
1.5839
1.6476
1.76045
1.70652
1.76045
1.70652
1.85261
1.80921
1.89052
1.9228
1.97011
1.94936
1.80921
1.85261
1.98497
1.99391
1.89052
1.9228
1.94936
1.97011
1.98497
1.99689
1.99391
1.84455
0.182361
1.8799
1.90953
1.93336
0.27681
1.95129
0.372658
1.96327
0.469343
1.96928
1.96928
0.469343
0.759144
1.96327
0.566327
1.95129
1.93336
1.03836
1.90953
0.663093
1.8799
0.759144
1.84455
1.8036
1.44946
1.75718
0.854004
1.70546
0.947221
1.64862
1.58685
1.52038
1.03836
1.12702
1.37436
1.29537
1.21282
1.21282
1.12702
1.29537
0.947221
0.854004
1.37436
1.44946
0.663093
0.566327
1.52038
0.372658
1.58685
0.27681
0.182361
0.0898898
1.64862
1.70546
0.0898898
1.75718
1.8036
5.66862e-32
5.66862e-32
3.18915e-32
0.0923514
0.0923514
3.18915e-32
0.283182
0.186944
0.186944
0.283182
0.478347
0.380501
0.380501
0.478347
0.576196
0.673537
0.576196
0.673537
0.769888
0.864781
1.04846
0.957779
0.769888
0.864781
1.2213
1.13642
1.04846
0.957779
1.3804
1.30273
1.13642
1.2213
1.52322
1.45399
1.3804
1.30273
1.52322
1.45399
1.58783
1.6476
1.58783
1.6476
1.70229
1.75173
1.70229
1.75173
1.79575
1.83418
1.86692
1.89385
1.92995
1.91488
1.79575
1.83418
1.94203
1.93901
1.89385
1.86692
1.92995
1.91488
1.93901
0.191246
1.82151
1.85157
1.87574
0.289143
1.89393
0.289143
0.387801
1.90609
0.486683
0.585272
1.91217
1.91217
0.486683
1.90609
0.874423
0.585272
1.89393
1.87574
1.85157
0.683071
1.22824
1.30845
1.82151
0.779605
1.78565
1.7441
1.69701
0.874423
1.64453
0.967092
1.58685
1.52416
1.4567
1.0572
1.3847
1.14437
1.14437
1.22824
1.0572
1.30845
0.967092
0.779605
1.3847
0.683071
1.4567
0.387801
1.52416
1.58685
0.191246
0.0946721
1.64453
1.69701
0.0946721
1.7441
1.78565
5.99777e-32
5.99777e-32
3.35826e-32
0.0968516
0.0968516
3.35826e-32
0.29469
0.195273
0.195273
0.29469
0.49435
0.39456
0.49435
0.39456
0.691695
0.593558
0.593558
0.691695
0.7883
0.882928
0.975164
1.0646
0.7883
0.882928
1.23363
1.15088
0.975164
1.0646
1.31254
1.38729
1.15088
1.23363
1.4576
1.52322
1.38729
1.31254
1.52322
1.4576
1.5839
1.63943
1.63943
1.5839
1.68962
1.73429
1.73429
1.68962
1.77331
1.80653
1.83386
1.8552
1.8705
1.87969
1.77331
1.80653
1.87969
1.88276
1.8552
1.83386
1.8705
1.81377
0.299827
1.83224
0.0988904
1.84459
0.400776
1.85077
1.85077
0.50135
0.50135
0.601053
1.84459
1.83224
0.601053
1.81377
1.78924
0.69941
1.75871
1.7223
0.795969
1.6801
1.23749
1.63228
0.890299
1.57898
1.52038
0.981991
1.4567
1.38815
1.07066
1.31499
1.15594
1.15594
1.07066
1.23749
0.981991
0.890299
1.31499
0.795969
0.69941
1.38815
1.4567
0.400776
0.299827
1.52038
0.199019
1.57898
1.63228
0.0988904
1.78924
1.6801
1.7223
1.75871
0.199019
6.29026e-32
6.29026e-32
3.50737e-32
0.100788
0.100788
3.50737e-32
0.202489
0.304552
0.202489
0.304552
0.507682
0.406453
0.406453
0.507682
0.706216
0.607759
0.607759
0.706216
0.896534
0.802616
1.07537
0.987577
0.802616
0.896534
1.15955
1.2398
1.07537
0.987577
1.31581
1.38729
1.2398
1.15955
1.45399
1.51566
1.38729
1.31581
1.45399
1.51566
1.62308
1.57209
1.62308
1.57209
1.66848
1.70811
1.70811
1.66848
1.76963
1.74187
1.80685
1.79131
1.81931
1.81619
1.76963
1.74187
1.81619
1.79131
1.80685
0.308865
1.77902
0.411586
1.7853
1.7853
1.77902
0.308865
0.513347
1.76648
0.613674
1.74771
1.72277
1.69175
0.808238
0.712115
1.65473
0.808238
1.61184
1.07873
1.56323
1.50904
1.24057
0.901636
1.44946
0.991921
1.3847
1.31499
1.07873
1.16172
1.16172
0.991921
0.901636
1.24057
1.31499
0.712115
0.613674
0.513347
1.3847
0.411586
1.44946
0.205679
0.102545
1.50904
1.56323
0.102545
1.76648
1.61184
1.65473
1.69175
0.205679
1.72277
1.74771
6.54613e-32
6.54613e-32
3.63651e-32
0.104161
0.104161
3.63651e-32
0.312767
0.208593
0.208593
0.312767
0.518344
0.41618
0.518344
0.41618
0.717105
0.618801
0.618801
0.717105
0.905603
0.81284
1.08075
0.995024
0.81284
0.905603
1.2398
1.16244
0.995024
1.08075
1.3804
1.31254
1.2398
1.16244
1.50053
1.44313
1.31254
1.3804
1.44313
1.50053
1.5524
1.59856
1.5524
1.59856
1.63887
1.67319
1.63887
1.67319
1.70142
1.72346
1.73926
1.74875
1.75192
1.74875
1.72346
1.70142
1.73926
0.420231
1.71604
1.71604
0.105637
1.70965
0.522675
1.69689
0.623138
1.6778
0.522675
0.623138
1.65244
1.62088
0.721188
1.58322
0.816416
1.53959
1.49013
1.08142
1.43499
0.908437
1.37436
0.996885
1.30845
1.23749
1.16172
1.08142
1.16172
0.996885
0.908437
0.816416
1.23749
0.721188
1.30845
0.420231
1.37436
0.316258
1.43499
0.211228
1.49013
1.53959
0.105637
1.70965
1.58322
1.62088
0.211228
1.65244
1.6778
1.69689
0.316258
6.76541e-32
6.76541e-32
3.74569e-32
0.106971
0.106971
3.74569e-32
0.213586
0.319337
0.213586
0.319337
0.526339
0.423744
0.526339
0.423744
0.724363
0.626687
0.626687
0.724363
0.818973
0.910137
1.08075
0.997506
0.910137
0.818973
1.15955
1.23363
0.997506
1.08075
1.36661
1.30273
1.23363
1.15955
1.47783
1.42504
1.36661
1.30273
1.42504
1.47783
1.52482
1.56584
1.52482
1.56584
1.62949
1.60077
1.62949
1.60077
1.65192
1.668
1.67766
1.68088
1.67766
1.65192
1.668
1.63677
0.529337
1.62378
1.60435
0.629446
1.57853
1.5464
0.726631
1.50806
0.529337
1.46364
0.820505
1.41327
0.820505
1.35712
0.910704
0.910704
1.29537
1.22824
0.996885
1.15594
1.07873
1.07873
0.996885
1.15594
0.726631
1.22824
0.629446
1.29537
0.426714
0.322006
1.35712
0.215665
0.108165
1.41327
1.46364
0.108165
1.64327
1.50806
1.64327
1.5464
1.57853
0.215665
1.60435
1.62378
0.322006
1.63677
0.426714
6.94811e-32
6.94811e-32
3.83492e-32
0.109219
0.109219
3.83492e-32
0.324264
0.217469
0.324264
0.217469
0.429145
0.531668
0.531668
0.429145
0.727991
0.631418
0.631418
0.727991
0.821017
0.910137
0.995024
1.07537
0.910137
0.821017
1.2213
1.15088
1.07537
0.995024
1.28638
1.34591
1.2213
1.15088
1.44755
1.39969
1.34591
1.28638
1.39969
1.44755
1.48933
1.5249
1.5249
1.48933
1.55416
1.577
1.577
1.55416
1.59337
1.60321
1.60649
1.60321
1.59337
0.533334
1.52766
0.632599
1.50135
1.46862
1.42956
0.326111
0.728445
1.3843
0.533334
0.820505
1.33298
1.27575
1.21282
0.908437
1.14437
0.991921
1.07066
0.991921
0.908437
1.07066
0.820505
1.14437
0.728445
0.632599
1.21282
0.431035
1.27575
0.218993
0.110132
1.33298
1.3843
0.110132
1.54746
1.42956
1.46862
1.50135
1.56731
0.218993
1.52766
1.54746
1.56069
0.326111
0.431035
1.56731
1.56069
7.09426e-32
7.09426e-32
3.90422e-32
0.110904
0.110904
3.90422e-32
0.327548
0.220242
0.220242
0.327548
0.534333
0.432386
0.432386
0.534333
0.727991
0.632994
0.632994
0.727991
0.905603
0.818973
1.0646
0.987577
0.905603
0.818973
1.20279
1.13642
1.0646
0.987577
1.31831
1.26348
1.20279
1.13642
1.36709
1.40967
1.26348
1.31831
1.36709
1.40967
1.47574
1.44593
1.47574
1.44593
1.49902
1.5157
1.5157
1.49902
1.52573
1.52907
1.52573
0.632599
1.42125
1.38788
1.34806
0.726631
1.30191
0.328574
0.816416
1.24958
0.534666
1.19122
1.12702
0.901636
1.0572
0.981991
0.981991
0.901636
0.816416
1.0572
0.726631
1.12702
0.632599
0.433195
1.19122
1.24958
0.221211
0.111536
1.30191
1.34806
0.111536
1.44807
1.38788
1.42125
1.48174
1.48849
0.221211
1.44807
1.46825
1.48174
0.328574
1.48849
0.433195
1.46825
0.534666
7.2039e-32
7.2039e-32
3.9536e-32
0.112027
0.112027
3.9536e-32
0.329189
0.221905
0.221905
0.329189
0.534333
0.433466
0.534333
0.433466
0.724363
0.631418
0.631418
0.724363
0.81284
0.896534
0.975163
1.04846
0.81284
0.896534
1.11618
1.1781
1.04846
0.975163
1.23403
1.28379
1.1781
1.11618
1.36419
1.32722
1.28379
1.23403
1.32722
1.36419
1.41833
1.39459
1.39459
1.41833
1.44556
1.43534
1.43534
1.44556
1.44898
1.26392
0.721188
1.21684
0.112378
1.16344
0.808238
1.10388
1.03836
0.890299
0.533334
0.629446
0.967092
0.890299
0.967092
0.808238
0.721188
1.03836
1.10388
0.433195
0.329395
1.16344
0.22232
1.21684
1.26392
0.112378
1.30455
1.30455
1.33859
1.33859
1.36594
0.22232
1.38653
1.40028
0.329395
1.40717
1.40717
0.433195
1.40028
1.38653
0.533334
1.36594
0.629446
7.27704e-32
7.27704e-32
3.98307e-32
0.112589
0.112589
3.98307e-32
0.222459
0.329189
0.222459
0.329189
0.531668
0.432386
0.432386
0.531668
0.717105
0.626687
0.626687
0.717105
0.802616
0.882928
1.02692
0.957779
0.882928
0.802616
1.14722
1.09014
1.02692
0.957779
1.24233
1.19801
1.14722
1.09014
1.31108
1.28006
1.24233
1.19801
1.28006
1.31108
1.35265
1.3353
1.35265
1.3353
1.36309
1.36309
1.36657
0.712115
1.07494
0.795969
1.01413
0.947221
0.874423
0.328574
0.874423
0.795969
0.947221
0.712115
0.623138
0.529337
1.01413
0.431035
1.07494
0.22232
0.112659
1.12946
1.17753
0.112659
1.12946
1.219
1.25374
1.28166
1.25374
0.22232
1.30267
1.31671
1.32374
0.328574
1.32374
0.431035
1.31671
1.30267
1.28166
0.529337
0.623138
1.219
1.17753
7.31368e-32
7.31368e-32
3.99263e-32
0.112589
0.112589
3.99263e-32
0.327548
0.221905
0.221905
0.327548
0.526339
0.429145
0.429145
0.526339
0.618801
0.706216
0.706216
0.618801
0.7883
0.864781
0.93542
0.99999
0.7883
0.864781
1.05829
1.11015
0.93542
0.99999
1.19393
1.15541
1.05829
1.11015
1.2256
1.25033
1.19393
1.15541
1.2256
1.25033
1.27869
1.26804
1.27869
1.26804
1.28224
0.779605
0.922372
0.854004
0.112378
0.779605
0.854004
0.69941
0.922372
0.613674
0.522675
0.426714
0.984499
0.326111
1.04019
0.221211
1.08929
1.13164
0.112378
0.984499
1.16712
1.19563
1.08929
1.13164
0.221211
1.21708
1.23142
1.2386
1.21708
0.326111
1.2386
0.426714
1.23142
1.19563
0.522675
1.16712
0.613674
1.04019
0.69941
7.31384e-32
7.31384e-32
3.98228e-32
0.112027
0.112027
3.98228e-32
0.324264
0.220242
0.220242
0.324264
0.423744
0.518344
0.518344
0.423744
0.607759
0.691695
0.607759
0.691695
0.769888
0.842089
0.967656
0.90808
0.842089
0.769888
1.02064
1.06687
0.967656
0.90808
1.10623
1.13857
1.02064
1.06687
1.16383
1.18192
1.10623
1.13857
1.16383
1.18192
1.19643
1.1928
1.1928
0.68307
0.829038
0.601053
0.513347
0.89254
0.420231
0.322006
0.949462
0.218993
0.111536
0.999632
1.04291
0.111536
0.759144
1.07916
0.829038
1.10828
1.1302
0.218993
1.14485
1.15218
1.04291
1.07916
0.322006
1.15218
1.14485
0.420231
1.1302
1.10828
0.513347
0.601053
0.999632
0.949462
0.68307
0.89254
0.759144
7.27752e-32
7.27752e-32
3.95203e-32
0.110904
0.110904
3.95203e-32
0.217469
0.319337
0.217469
0.319337
0.507682
0.41618
0.507682
0.41618
0.593558
0.673537
0.593558
0.673537
0.747376
0.814848
0.929914
0.875755
0.814848
0.747376
1.01738
0.97717
0.929914
0.875755
1.07625
1.05044
1.01738
0.97717
1.10585
1.09474
1.05044
1.07625
1.10585
1.09474
1.10956
0.799519
0.411586
0.85772
0.316257
0.215665
0.110132
0.909012
0.953249
0.110132
0.50135
0.990304
1.02007
1.04247
0.73458
0.215665
1.05744
1.06493
1.06493
0.909012
0.316257
1.05744
0.411586
1.04247
1.02007
0.990304
0.50135
0.953249
0.585271
0.85772
0.799519
0.663093
0.73458
0.663093
0.585271
7.20471e-32
7.20471e-32
3.90186e-32
0.109219
0.109219
3.90186e-32
0.312767
0.213586
0.213586
0.312767
0.406453
0.49435
0.49435
0.406453
0.576196
0.651739
0.651739
0.576196
0.783051
0.72076
0.838437
0.886755
0.783051
0.72076
0.961668
0.927872
0.886755
0.838437
0.988053
1.00695
0.961668
0.927872
1.0221
1.01831
1.00695
0.988053
1.01831
0.817904
0.211228
0.108165
0.863143
0.901035
0.108165
0.308865
0.931474
0.954377
0.486683
0.566327
0.211228
0.96968
0.977342
0.977342
0.765443
0.308865
0.96968
0.400776
0.954377
0.931474
0.901035
0.486683
0.863143
0.566327
0.817904
0.70591
0.639474
0.639474
0.70591
0.400776
0.765443
7.09539e-32
7.09539e-32
3.83177e-32
0.106971
0.106971
3.83177e-32
0.208593
0.304552
0.208593
0.304552
0.478347
0.39456
0.478347
0.39456
0.626298
0.555669
0.626298
0.555669
0.746695
0.690035
0.796122
0.838174
0.746695
0.690035
0.872741
0.899722
0.796122
0.838174
0.919048
0.930663
0.899722
0.872741
0.93454
0.930663
0.919048
0.811849
0.105637
0.842985
0.105637
0.86641
0.882062
0.205679
0.889898
0.889898
0.469343
0.544218
0.299827
0.882062
0.67313
0.86641
0.387801
0.842985
0.811849
0.469343
0.773087
0.726805
0.544218
0.612211
0.612211
0.67313
0.387801
0.299827
0.726805
0.205679
0.773087
6.94956e-32
6.94956e-32
3.74175e-32
0.104161
3.74175e-32
0.104161
0.29469
0.202489
0.202489
0.29469
0.380501
0.45967
0.380501
0.45967
0.597211
0.531976
0.531976
0.597211
0.655198
0.705774
0.748803
0.784165
0.705774
0.655198
0.81177
0.831538
0.784165
0.748803
0.847385
0.843422
0.831538
0.81177
0.843422
0.102545
0.755124
0.779092
0.795106
0.199019
0.803124
0.289142
0.803124
0.795106
0.289142
0.779092
0.372657
0.755124
0.723265
0.6836
0.449328
0.636236
0.518939
0.581299
0.518939
0.449328
0.581299
0.372657
0.636236
0.199019
0.102545
0.6836
0.723265
6.76718e-32
6.76718e-32
3.63178e-32
0.100788
0.100788
3.63178e-32
0.283182
0.195273
0.195273
0.283182
0.438316
0.364273
0.364273
0.438316
0.564474
0.505112
0.564474
0.505112
0.660284
0.616245
0.724724
0.696477
0.616245
0.660284
0.744955
0.757113
0.724724
0.696477
0.761171
0.744955
0.757113
0.709354
0.191246
0.717559
0.0988903
0.717559
0.709354
0.27681
0.692964
0.355345
0.426636
0.49049
0.668434
0.635825
0.595223
0.426636
0.546735
0.49049
0.355345
0.546735
0.27681
0.595223
0.191246
0.635825
0.668434
0.0988903
0.692964
6.54823e-32
6.54823e-32
3.50185e-32
0.0968516
0.0968516
3.50185e-32
0.270025
0.186944
0.186944
0.270025
0.345875
0.414285
0.345875
0.414285
0.475076
0.528083
0.528083
0.475076
0.610222
0.573173
0.639139
0.659846
0.573173
0.610222
0.672292
0.676444
0.659846
0.639139
0.672292
0.182361
0.633767
0.625368
0.262828
0.608589
0.583476
0.335861
0.55009
0.508518
0.401264
0.458866
0.401264
0.458866
0.335861
0.262828
0.508518
0.182361
0.0946721
0.55009
0.583476
0.0946721
0.608589
0.625368
0.633767
6.29268e-32
6.29268e-32
3.35195e-32
0.0923513
0.0923513
3.35195e-32
0.255218
0.177501
0.177501
0.255218
0.325305
0.387572
0.325305
0.387572
0.441865
0.488038
0.441865
0.488038
0.525978
0.555585
0.58953
0.576788
0.555585
0.525978
0.58953
0.593782
0.576788
0.543731
0.526551
0.247196
0.500834
0.314204
0.466644
0.247196
0.424067
0.373211
0.373211
0.314204
0.424067
0.17236
0.0898897
0.466644
0.500834
0.0898897
0.526551
0.552332
0.543731
0.552332
0.17236
6.00051e-32
6.00051e-32
0.0872869
3.18205e-32
0.0872869
3.18205e-32
0.238761
0.166943
0.166943
0.238761
0.358178
0.302561
0.358178
0.302561
0.405477
0.444335
0.405477
0.444335
0.496372
0.47466
0.513775
0.509423
0.47466
0.509423
0.496372
0.229913
0.421112
0.290373
0.386091
0.342475
0.290373
0.342475
0.229913
0.386091
0.161245
0.084543
0.421112
0.447453
0.084543
0.46505
0.46505
0.473859
0.161245
0.473859
0.447453
5.67169e-32
5.67169e-32
2.99216e-32
0.0816578
0.0816578
2.99216e-32
0.220651
0.15527
0.15527
0.220651
0.326101
0.277643
0.277643
0.326101
0.365912
0.396975
0.396975
0.365912
0.419218
0.432583
0.437043
0.432583
0.419218
0.264367
0.264367
0.210977
0.309057
0.149015
0.0786316
0.344937
0.371923
0.0786316
0.309057
0.344937
0.389949
0.398973
0.398973
0.149015
0.389949
0.371923
0.210977
5.30619e-32
5.30619e-32
2.78224e-32
0.0754639
0.0754639
2.78224e-32
0.200889
0.142482
0.200889
0.142482
0.291341
0.25055
0.291341
0.25055
0.345956
0.323169
0.323169
0.345956
0.359651
0.364218
0.359651
0.135669
0.0721551
0.272954
0.300605
0.0721551
0.319075
0.190389
0.32832
0.32832
0.272954
0.135669
0.319075
0.300605
0.190389
0.236186
0.236186
4.904e-32
4.904e-32
2.55231e-32
0.0687049
0.0687049
2.55231e-32
0.128578
0.179474
0.128578
0.179474
0.253896
0.221281
0.253896
0.221281
0.291279
0.277248
0.277248
0.295961
0.291279
0.234167
0.253095
0.0651136
0.0651136
0.262569
0.262569
0.121206
0.253095
0.234167
0.20583
0.168147
0.168147
0.20583
0.121206
4.4651e-32
4.4651e-32
2.30235e-32
0.0613807
2.30235e-32
0.0613807
0.113557
0.156407
0.113557
0.156407
0.213767
0.189837
0.213767
0.189837
0.232945
0.228149
0.228149
0.0575068
0.202408
0.202408
0.192697
0.105627
0.173298
0.144253
0.144253
0.105627
0.0575068
0.173298
0.192697
3.98948e-32
3.98948e-32
2.03235e-32
0.0534913
0.0534913
2.03235e-32
0.131686
0.0974201
0.0974201
0.131686
0.156217
0.170956
0.156217
0.170956
0.175874
0.138591
0.0889323
0.118706
0.0889323
0.0493347
0.118706
0.138591
0.0493347
0.148545
0.148545
3.47715e-32
3.47715e-32
1.74232e-32
0.0450366
0.0450366
1.74232e-32
0.105313
0.0801672
0.0801672
0.105313
0.120423
0.120423
0.125462
0.0711215
0.0711215
0.0405975
0.0915068
0.10171
0.0405975
0.10171
0.0915068
2.9281e-32
2.9281e-32
1.43227e-32
0.0360169
1.43227e-32
0.0360169
0.0617985
0.0772874
0.0617985
0.0772874
0.0824554
0.0626556
0.0312952
0.0626556
0.0521949
0.0312952
0.0521949
2.34235e-32
2.34235e-32
0.0264321
1.10218e-32
0.0264321
1.10218e-32
0.0423142
0.0423142
0.0476105
0.021428
0.0321531
0.021428
0.0321531
1.71989e-32
1.71989e-32
7.52083e-33
0.0162826
0.0162826
7.52083e-33
0.0217148
0.0109961
0.0109961
1.06074e-32
1.06074e-32
3.81968e-33
3.81968e-33
0.00556846
1.57773e-35
3.6492e-33
3.6492e-33
