1.6572e-35
3.83301e-33
3.83301e-33
4.01208e-33
1.11415e-32
0.00584895
0.0115499
4.01208e-33
1.11415e-32
0.0115499
7.89947e-33
0.0225066
1.80643e-32
0.0171024
0.0228081
0.0337715
0.0337715
0.0171024
0.0225066
1.80643e-32
7.89947e-33
1.15764e-32
0.0328694
2.46013e-32
0.0277622
0.0548207
0.0658077
0.0444435
0.0500064
1.15764e-32
0.0328694
0.0444435
0.0658077
0.0548207
0.0277622
2.46013e-32
1.50428e-32
0.037828
0.0426382
3.07524e-32
0.0649063
0.0746969
0.0961074
0.0811744
0.106824
0.0866023
0.106824
0.0811744
0.037828
3.07524e-32
0.0426382
1.50428e-32
0.0746969
0.0649063
0.0961074
1.82986e-32
3.65173e-32
0.0472996
0.0518126
0.0841959
0.0933998
0.12467
0.110606
0.0518126
3.65173e-32
0.0472996
1.82986e-32
0.156008
0.131768
0.145555
0.126476
0.126476
0.12467
0.145555
0.0841959
0.156008
0.110606
0.0933998
2.13437e-32
0.0603926
4.18959e-32
0.0561769
0.102312
0.110929
0.151494
0.138299
0.179543
0.164063
0.181998
0.202372
4.18959e-32
0.0603926
0.0561769
2.13437e-32
0.102312
0.151494
0.110929
0.138299
0.184708
0.21257
0.179543
0.21257
0.181998
0.202372
0.164063
2.41781e-32
0.068378
4.68883e-32
0.0644595
0.119254
0.127284
0.17658
0.164255
0.245914
0.224496
0.199363
0.216154
0.2396
0.265792
0.275742
0.244637
2.41781e-32
0.068378
4.68883e-32
0.0644595
0.119254
0.127284
0.17658
0.164255
0.265792
0.245914
0.216154
0.275742
0.199363
0.2396
0.224496
2.68017e-32
0.0757688
5.14946e-32
0.0721476
0.135022
0.142464
0.199927
0.188471
0.248021
0.286633
0.266626
0.232375
0.29115
0.315671
0.335067
0.305885
0.0721476
2.68017e-32
0.0757688
5.14946e-32
0.310802
0.344777
0.344777
0.305885
0.142464
0.199927
0.135022
0.188471
0.266626
0.315671
0.335067
0.248021
0.232375
0.29115
0.286633
2.92148e-32
0.0825652
5.57148e-32
0.0792412
0.210949
0.149615
0.156471
0.221536
0.2776
0.324528
0.305933
0.263098
0.339357
0.362206
0.390544
0.363286
0.377668
0.409473
0.41895
0.382465
5.57148e-32
0.0792412
2.92148e-32
0.0825652
0.221536
0.156471
0.210949
0.149615
0.41895
0.409473
0.377668
0.363286
0.305933
0.263098
0.2776
0.324528
0.362206
0.390544
0.339357
3.14172e-32
0.0887676
5.95493e-32
0.0857405
0.163035
0.241406
0.231688
0.169304
0.0857405
0.0887676
5.95493e-32
3.14172e-32
0.30489
0.3596
0.342416
0.291532
0.384221
0.442172
0.416839
0.405398
0.454231
0.469831
0.488308
0.440196
0.497558
0.458914
0.454231
0.497558
0.169304
0.241406
0.231688
0.163035
0.3596
0.30489
0.342416
0.291532
0.488308
0.469831
0.405398
0.440196
0.442172
0.384221
0.416839
3.34093e-32
0.0943763
6.29983e-32
0.091646
0.175282
0.180965
0.259538
0.250689
0.091646
0.0943763
6.29983e-32
3.34093e-32
0.329893
0.391849
0.376077
0.317679
0.180965
0.250689
0.259538
0.175282
0.425741
0.445246
0.466542
0.48995
0.521181
0.525848
0.552851
0.498383
0.57992
0.539454
0.57089
0.534884
0.534884
0.57992
0.57089
0.521181
0.317679
0.391849
0.329893
0.376077
0.552851
0.466542
0.48995
0.445246
0.425741
0.498383
0.525848
3.51913e-32
0.0969581
0.099392
6.60623e-32
0.186356
0.191453
0.275935
0.267953
0.352611
0.421277
0.406915
0.341539
0.0969581
0.099392
6.60623e-32
3.51913e-32
0.275935
0.191453
0.267953
0.186356
0.463918
0.481753
0.533881
0.512396
0.352611
0.406915
0.341539
0.421277
0.552231
0.577527
0.612577
0.583316
0.605577
0.618955
0.638944
0.656558
0.665377
0.618955
0.623419
0.665377
0.605577
0.638944
0.656558
0.583316
0.481753
0.577527
0.512396
0.463918
0.612577
0.552231
0.533881
3.67632e-32
6.87417e-32
0.101677
0.103815
0.19626
0.200772
0.290598
0.283483
0.373045
0.447887
0.434934
0.363114
0.101677
0.103815
6.87417e-32
3.67632e-32
0.498755
0.514921
0.573967
0.554404
0.290598
0.200772
0.283483
0.19626
0.434934
0.447887
0.373045
0.363114
0.624868
0.60174
0.66749
0.640635
0.514921
0.498755
0.554404
0.573967
0.69273
0.670992
0.727472
0.701721
0.705797
0.744676
0.710155
0.753289
0.753289
0.69273
0.705797
0.744676
0.670992
0.640635
0.60174
0.701721
0.624868
0.66749
0.727472
3.81254e-32
0.107647
7.10369e-32
0.105805
0.204993
0.208921
0.303528
0.297279
0.391197
0.471681
0.382407
0.460135
0.530254
0.544753
0.610211
0.592569
0.105805
0.107647
7.10369e-32
3.81254e-32
0.208921
0.303528
0.297279
0.204993
0.717592
0.667876
0.646914
0.693142
0.471681
0.391197
0.460135
0.382407
0.592569
0.530254
0.544753
0.610211
0.792663
0.760782
0.731132
0.759224
0.646914
0.717592
0.667876
0.693142
0.794779
0.782018
0.834627
0.817819
0.843041
0.799038
0.794779
0.843041
0.760782
0.792663
0.759224
0.782018
0.834627
0.817819
0.731132
3.92782e-32
0.110887
7.29484e-32
0.109341
0.212558
0.215902
0.314728
0.309344
0.407072
0.39942
0.492663
0.482523
0.55842
0.571253
0.642617
0.626893
3.92782e-32
7.29484e-32
0.109341
0.110887
0.74084
0.687757
0.706555
0.762888
0.212558
0.215902
0.314728
0.309344
0.492663
0.407072
0.482523
0.39942
0.811459
0.852137
0.823114
0.786001
0.626893
0.642617
0.55842
0.571253
0.687757
0.706555
0.74084
0.762888
0.884811
0.909392
0.852084
0.872831
0.852137
0.811459
0.786001
0.823114
0.889461
0.885302
0.93404
0.925817
0.884811
0.93404
0.909392
0.925817
0.872831
0.885302
0.852084
4.02217e-32
0.113537
7.44767e-32
0.112286
0.218956
0.221717
0.324201
0.31968
0.414157
0.420671
0.510837
0.5021
0.583256
0.594426
0.671192
0.657383
0.112286
0.113537
7.44767e-32
4.02217e-32
0.783735
0.724274
0.740912
0.803384
0.218956
0.31968
0.324201
0.221717
0.9059
0.879731
0.858432
0.835604
0.420671
0.510837
0.5021
0.414157
0.657383
0.671192
0.594426
0.583256
0.945656
0.977592
0.944312
0.916002
0.803384
0.724274
0.740912
0.783735
0.9059
0.858432
0.835604
0.879731
0.976777
0.96459
1.00162
1.01767
0.944312
0.916002
0.977592
0.945656
1.02571
0.980844
0.976777
0.96459
1.01767
1.00162
1.02571
4.09562e-32
0.115598
7.56222e-32
0.114641
0.224189
0.226368
0.331947
0.328289
0.114641
0.115598
7.56222e-32
4.09562e-32
0.42662
0.431999
0.526206
0.518871
0.604767
0.614277
0.695941
0.684044
0.839089
0.821835
0.756472
0.770953
0.328289
0.224189
0.331947
0.226368
0.900151
0.930642
0.953961
0.879948
0.42662
0.526206
0.518871
0.431999
1.00923
1.00037
1.03923
0.973778
0.695941
0.614277
0.684044
0.604767
0.839089
0.770953
0.756472
0.821835
1.05673
1.07046
1.09395
1.03691
0.953961
0.900151
0.879948
0.930642
1.03923
1.00923
0.973778
1.00037
1.06865
1.07262
1.11751
1.10965
1.05673
1.03691
1.07046
1.09395
1.11751
1.06865
1.10965
4.14819e-32
0.117069
7.63851e-32
0.116407
0.228257
0.229854
0.33797
0.335174
0.436812
0.441057
0.538775
0.53284
0.116407
0.117069
7.63851e-32
4.14819e-32
0.335174
0.33797
0.228257
0.229854
0.622959
0.63081
0.71687
0.706882
0.796685
0.870011
0.855147
0.784358
0.936625
0.975856
0.99633
0.919044
0.436812
0.53284
0.538775
0.441057
1.04895
1.09433
1.0676
1.02542
0.622959
0.706882
0.63081
0.71687
1.13235
1.16289
1.10227
1.12934
0.855147
0.870011
0.796685
0.784358
0.936625
0.975856
0.919044
0.99633
1.16038
1.18587
1.20122
1.14872
1.0676
1.04895
1.09433
1.02542
1.10227
1.16289
1.12934
1.13235
1.16426
1.14872
1.20891
1.20891
1.16038
1.18587
1.20122
4.17989e-32
0.117952
7.67656e-32
0.117584
0.231162
0.232178
0.342271
0.340336
0.444736
0.447848
0.548547
0.54401
0.637835
0.725903
0.64403
0.733984
0.117584
0.117952
7.67656e-32
4.17989e-32
0.232178
0.340336
0.342271
0.231162
0.54401
0.548547
0.447848
0.444736
0.818115
0.896157
0.88368
0.807938
1.01538
1.03302
0.9529
0.967865
1.1429
1.11943
1.09142
1.07095
0.725903
0.637835
0.733984
0.64403
1.16069
1.1873
1.22449
1.1946
0.807938
0.818115
0.88368
0.896157
1.22108
1.27686
1.24005
1.25437
1.03302
0.967865
1.01538
0.9529
1.1429
1.09142
1.11943
1.07095
1.29941
1.25145
1.29188
1.25525
1.16069
1.1873
1.1946
1.22449
1.24005
1.22108
1.29941
1.29188
1.25437
1.25145
1.27686
4.19073e-32
0.118246
7.67639e-32
0.118173
0.232905
0.23334
0.344851
0.343776
0.450395
0.452374
0.555524
0.552384
0.118173
0.118246
7.67639e-32
4.19073e-32
0.6494
0.747288
0.741112
0.653942
0.83525
0.917536
0.907442
0.82722
0.343776
0.344851
0.23334
0.232905
0.552384
0.555524
0.452374
0.450395
0.6494
0.653942
0.741112
0.747288
1.04924
0.981526
1.06404
0.99388
1.18495
1.16474
1.12779
1.11037
1.21218
1.23533
1.27878
1.25255
0.907442
0.82722
0.83525
0.917536
1.31519
1.31165
1.34444
1.28574
0.981526
1.04924
1.06404
0.99388
1.34137
1.36645
1.38116
1.33022
1.16474
1.18495
1.12779
1.11037
1.27878
1.23533
1.25255
1.21218
1.38852
1.3451
1.34137
1.38852
1.31519
1.28574
1.38116
1.34444
1.31165
1.33022
1.36645
4.18071e-32
0.117952
7.638e-32
0.118173
0.233486
0.23334
0.345711
0.345496
0.453789
0.454637
0.55971
0.557966
0.657659
0.660548
0.756789
0.752514
0.118173
0.117952
7.638e-32
4.18071e-32
0.23334
0.345496
0.345711
0.233486
0.848096
0.934156
0.92644
0.84221
1.01468
1.0894
1.07743
1.00493
0.454637
0.453789
0.557966
0.55971
0.752514
0.657659
0.756789
0.660548
0.848096
0.84221
0.934156
0.92644
1.20353
1.22049
1.15808
1.1437
1.25675
1.27645
1.32578
1.30319
1.36834
1.34272
1.40399
1.37522
1.00493
1.07743
1.01468
1.0894
1.45419
1.43264
1.41876
1.40059
1.1437
1.15808
1.22049
1.20353
1.42969
1.4686
1.47581
1.43333
1.32578
1.30319
1.25675
1.27645
1.34272
1.36834
1.37522
1.40399
1.42969
1.41876
1.47581
1.4686
1.40059
1.43264
1.45419
4.14984e-32
0.117069
7.56137e-32
0.117584
0.232905
0.232178
0.344851
0.345496
0.560756
0.45492
0.454637
0.561105
0.117584
0.117069
7.56137e-32
4.14984e-32
0.662612
0.66385
0.762487
0.760113
0.856657
0.946022
0.940683
0.852913
0.232178
0.345496
0.344851
0.232905
0.560756
0.561105
0.45492
0.454637
1.03027
1.10911
1.09996
1.02313
1.18229
1.23583
1.17094
1.24955
0.760113
0.762487
0.66385
0.662612
0.940683
0.852913
0.856657
0.946022
1.10911
1.03027
1.02313
1.09996
1.29443
1.34655
1.36551
1.31069
1.39204
1.41384
1.45553
1.43076
1.48745
1.51853
1.46259
1.49047
1.17094
1.23583
1.24955
1.18229
1.50525
1.51595
1.53966
1.55377
1.29443
1.36551
1.34655
1.31069
1.56084
1.56084
1.51953
1.51595
1.41384
1.45553
1.39204
1.43076
1.55377
1.53966
1.49047
1.46259
1.51853
1.50525
1.48745
4.09809e-32
0.115598
7.44649e-32
0.116407
0.231162
0.229854
0.342271
0.343776
0.55971
0.560756
0.453789
0.452374
0.664264
0.66385
0.764387
0.763912
0.116407
0.115598
7.44649e-32
4.09809e-32
0.229854
0.343776
0.342271
0.231162
0.860936
0.95314
0.950174
0.859333
1.04066
1.12319
1.11686
1.03612
0.560756
0.55971
0.452374
0.453789
0.763912
0.664264
0.764387
0.66385
1.20044
1.27214
1.19212
1.26165
1.32523
1.38265
1.39798
1.33806
0.860936
0.859333
0.95314
0.950174
1.03612
1.11686
1.12319
1.04066
1.19212
1.26165
1.27214
1.20044
1.43373
1.47831
1.45172
1.49909
1.51626
1.57421
1.53997
1.54745
1.60173
1.57182
1.62244
1.58926
1.32523
1.38265
1.33806
1.39798
1.64321
1.59976
1.60326
1.63628
1.43373
1.45172
1.49909
1.47831
1.59976
1.64321
1.63628
1.58926
1.54745
1.53997
1.51626
1.57421
1.60173
1.57182
1.62244
4.02547e-32
0.113537
7.29332e-32
0.114641
0.228257
0.226368
0.33797
0.340336
0.447848
0.555524
0.557966
0.450395
0.114641
0.113537
7.29332e-32
4.02547e-32
0.662612
0.660548
0.762487
0.763912
0.860936
0.955512
0.861472
0.954919
0.226368
0.340336
0.33797
0.228257
0.557966
0.555524
0.450395
0.447848
1.04586
1.13163
1.12811
1.04391
1.28101
1.21253
1.28826
1.20724
0.660548
0.662612
0.762487
0.763912
0.861472
0.954919
0.955512
0.860936
1.34917
1.35857
1.4115
1.42322
1.4678
1.48199
1.53469
1.51789
1.04586
1.13163
1.04391
1.12811
1.28826
1.21253
1.20724
1.28101
1.42322
1.34917
1.4115
1.35857
1.5616
1.59881
1.58116
1.62126
1.68185
1.65486
1.6533
1.62941
1.6807
1.70217
1.71574
1.67042
1.4678
1.53469
1.48199
1.51789
1.6807
1.72254
1.68414
1.72254
1.62126
1.59881
1.5616
1.58116
1.67042
1.68185
1.65486
1.70217
1.71574
1.62941
1.6533
3.93195e-32
0.110887
7.10183e-32
0.112286
0.224189
0.335174
0.221717
0.331947
0.441057
0.548547
0.552385
0.444736
0.112286
0.110887
7.10183e-32
3.93195e-32
0.657659
0.653942
0.756789
0.760113
0.221717
0.335174
0.331947
0.224189
0.856657
0.859333
0.95314
0.954919
1.04586
1.13445
1.13374
1.04651
0.444736
0.552385
0.548547
0.441057
0.653942
0.760113
0.657659
0.756789
1.29391
1.21857
1.29793
1.21631
1.37224
1.36626
1.44123
1.43313
0.859333
0.95314
0.954919
0.856657
1.13374
1.13445
1.04586
1.04651
1.49428
1.56236
1.54952
1.50468
1.6597
1.59866
1.61409
1.64156
1.29793
1.21857
1.21631
1.29391
1.36626
1.43313
1.44123
1.37224
1.49428
1.50468
1.54952
1.56236
1.7081
1.67807
1.69906
1.73204
1.75855
1.77849
1.74834
1.73154
1.79849
1.7618
1.79182
1.75844
1.64156
1.61409
1.59866
1.6597
1.79849
1.75844
1.79182
1.74834
1.77849
1.7081
1.75855
1.67807
1.73154
1.69906
1.73204
3.8175e-32
0.107647
6.87197e-32
0.109341
0.109341
0.107647
6.87197e-32
3.8175e-32
0.218956
0.324201
0.328289
0.215902
0.431999
0.538775
0.54401
0.436812
0.6494
0.64403
0.747289
0.752514
0.328289
0.324201
0.218956
0.215902
0.852913
0.848096
0.946022
0.950174
0.54401
0.538775
0.431999
0.436812
1.04066
1.13163
1.13374
1.04391
1.21857
1.30116
1.30035
1.21933
0.64403
0.752514
0.6494
0.747289
0.848096
0.946022
0.852913
0.950174
1.37651
1.37907
1.45204
1.44754
1.51318
1.51979
1.57322
1.5821
1.13163
1.04066
1.04391
1.13374
1.21857
1.21933
1.30035
1.30116
1.62745
1.63876
1.68957
1.67571
1.71783
1.77305
1.73439
1.75369
1.37651
1.44754
1.37907
1.45204
1.51318
1.5821
1.51979
1.57322
1.62745
1.68957
1.67571
1.63876
1.83149
1.8062
1.78318
1.80545
1.86418
1.85108
1.8227
1.83262
1.83262
1.83593
1.87074
1.87074
1.71783
1.75369
1.77305
1.73439
1.86418
1.8062
1.8227
1.85108
1.80545
1.83149
1.78318
3.68211e-32
0.103815
6.60369e-32
0.105805
0.212558
0.208921
0.314728
0.31968
0.105805
0.103815
6.60369e-32
3.68211e-32
0.31968
0.314728
0.212558
0.208921
0.420671
0.526206
0.53284
0.42662
0.637835
0.63081
0.733984
0.741112
0.84221
0.83525
0.934156
0.940683
0.42662
0.420671
0.53284
0.526206
1.03027
1.12319
1.12811
1.03612
0.741112
0.733984
0.637835
0.63081
1.21253
1.29793
1.30035
1.21631
1.37993
1.45564
1.45474
1.37907
0.84221
0.934156
0.83525
0.940683
1.12319
1.12811
1.03027
1.03612
1.52735
1.59394
1.52452
1.58901
1.64801
1.6552
1.71089
1.7013
1.29793
1.21631
1.30035
1.21253
1.37907
1.45474
1.37993
1.45564
1.74873
1.76085
1.80491
1.79012
1.85435
1.87478
1.82537
1.84293
1.58901
1.52452
1.52735
1.59394
1.6552
1.64801
1.71089
1.7013
1.74873
1.80491
1.79012
1.76085
1.91965
1.90038
1.87698
1.89319
1.90619
1.90294
1.93253
1.93897
1.90294
1.93897
1.89319
1.93253
1.82537
1.87698
1.87478
1.84293
1.90038
1.91965
1.85435
3.52574e-32
0.101678
0.099392
6.29696e-32
0.204993
0.200772
0.303528
0.309344
0.407072
0.510837
0.518871
0.414157
0.101678
0.099392
6.29696e-32
3.52574e-32
0.200772
0.309344
0.303528
0.204993
0.518871
0.510837
0.407072
0.414157
0.622959
0.614277
0.71687
0.725903
0.82722
0.818115
0.917536
0.92644
1.02313
1.01468
1.10911
1.11686
0.614277
0.725903
0.622959
0.71687
1.20044
1.28826
1.29391
1.20724
0.82722
0.917536
0.92644
0.818115
1.45474
1.37651
1.37224
1.45204
1.59789
1.52829
1.52735
1.5969
1.01468
1.02313
1.11686
1.10911
1.20724
1.29391
1.28826
1.20044
1.66033
1.72368
1.71835
1.66341
1.77077
1.82764
1.77848
1.81741
1.45474
1.37651
1.37224
1.45204
1.59789
1.52735
1.5969
1.52829
1.90841
1.8928
1.871
1.85814
1.93976
1.92131
1.94357
1.96496
1.66033
1.72368
1.71835
1.66341
1.77077
1.82764
1.77848
1.81741
1.8928
1.85814
1.90841
1.871
1.95952
1.99659
1.96911
1.98392
2.00294
2.00294
1.97231
1.96911
1.95952
1.96496
1.98392
1.99659
1.93976
1.94357
1.92131
3.34838e-32
5.95171e-32
0.0969582
0.0943763
0.19626
0.191454
0.290598
0.297279
0.391197
0.492663
0.5021
0.39942
0.0969582
0.0943763
5.95171e-32
3.34838e-32
0.604767
0.594426
0.695941
0.706882
0.191454
0.297279
0.290598
0.19626
0.39942
0.391197
0.5021
0.492663
0.594426
0.706882
0.695941
0.604767
0.807938
0.796685
0.896157
0.907442
0.99388
1.0894
1.09996
1.00493
1.18229
1.27214
1.28101
1.19212
0.807938
0.907442
0.896157
0.796685
1.36626
1.44123
1.44754
1.35857
1.0894
1.09996
0.99388
1.00493
1.51979
1.59394
1.52452
1.5969
1.72794
1.66444
1.66341
1.72687
1.27214
1.18229
1.19212
1.28101
1.44754
1.36626
1.44123
1.35857
1.83559
1.78399
1.78729
1.84127
1.8897
1.92161
1.88152
1.93241
1.51979
1.59394
1.52452
1.5969
1.72794
1.66341
1.66444
1.72687
2.00014
1.98381
1.96926
1.95574
2.02496
2.00573
2.02143
2.04364
1.78399
1.84127
1.83559
1.78729
1.93241
1.92161
1.88152
1.8897
1.95574
1.98381
1.96926
2.00014
2.03402
2.03088
2.05613
2.06238
2.06238
2.03088
2.02143
2.04364
2.05613
2.02496
2.00573
3.15001e-32
0.0887676
5.56793e-32
0.091646
0.091646
0.0887676
5.56793e-32
3.15001e-32
0.186356
0.180965
0.275935
0.283483
0.373045
0.471681
0.482523
0.382407
0.583256
0.571253
0.671192
0.684044
0.283483
0.275935
0.186356
0.180965
0.784358
0.770953
0.870011
0.88368
0.482523
0.373045
0.471681
0.382407
0.671192
0.571253
0.684044
0.583256
0.784358
0.88368
0.870011
0.770953
0.981526
0.967865
1.06404
1.07743
1.15808
1.24955
1.26165
1.17094
1.34917
1.43313
1.33806
1.42322
1.06404
1.07743
0.967865
0.981526
1.50468
1.58901
1.51318
1.5821
1.15808
1.17094
1.26165
1.24955
1.72368
1.72687
1.66033
1.6552
1.84468
1.7884
1.84582
1.78729
1.43313
1.34917
1.33806
1.42322
1.58901
1.51318
1.50468
1.5821
1.89904
1.94679
1.9408
1.89554
1.98891
2.01395
2.02525
1.98031
1.6552
1.66033
1.72687
1.72368
1.84582
1.78729
1.7884
1.84468
2.08018
2.0557
2.06322
2.04162
2.0787
2.088
2.11091
2.0986
1.89554
1.89904
1.9408
1.94679
1.98031
1.98891
2.02525
2.01395
2.0557
2.08018
2.04162
2.06322
2.09111
2.11708
2.11708
2.088
2.0986
2.11091
2.0787
2.93059e-32
0.0825652
5.14556e-32
0.0857406
2.93059e-32
0.0857406
0.0825652
5.14556e-32
0.175282
0.169304
0.259538
0.267954
0.267954
0.259538
0.175282
0.169304
0.363114
0.352611
0.447887
0.460135
0.55842
0.544753
0.642618
0.657383
0.756472
0.740912
0.839089
0.855147
0.460135
0.447887
0.352611
0.363114
0.9529
0.936625
1.03302
1.04924
0.544753
0.657383
0.642618
0.55842
0.756472
0.855147
0.839089
0.740912
0.936625
0.9529
1.04924
1.03302
1.12779
1.22049
1.23583
1.1437
1.32523
1.39798
1.31069
1.4115
1.57322
1.49428
1.48199
1.56236
1.12779
1.22049
1.23583
1.1437
1.71835
1.63876
1.64801
1.71089
1.31069
1.4115
1.39798
1.32523
1.84127
1.84468
1.77848
1.78399
1.89904
1.95039
1.95159
1.90021
1.57322
1.56236
1.48199
1.49428
1.64801
1.71835
1.63876
1.71089
2.0403
1.99504
1.99872
2.03403
2.07618
2.10624
2.09452
2.06722
1.84127
1.78399
1.77848
1.84468
1.90021
1.95039
1.89904
1.95159
2.11584
2.13111
2.1486
2.13041
2.14029
2.14335
2.16075
2.16684
1.99872
1.99504
2.03403
2.0403
2.10624
2.06722
2.09452
2.07618
2.16684
2.11584
2.16075
2.14029
2.13111
2.1486
2.13041
0.0792412
0.0757688
4.68459e-32
2.69012e-32
2.69012e-32
0.0757688
4.68459e-32
0.0792412
0.163035
0.156471
0.241406
0.250689
0.163035
0.156471
0.250689
0.241406
0.329893
0.421277
0.434934
0.341539
0.434934
0.421277
0.329893
0.341539
0.530254
0.514921
0.610211
0.626893
0.724275
0.706555
0.803385
0.821835
0.919044
0.900151
0.99633
1.01538
0.610211
0.514921
0.626893
0.530254
1.11037
1.09142
1.18495
1.20353
0.706555
0.724275
0.821835
0.803385
0.99633
0.919044
1.01538
0.900151
1.11037
1.20353
1.18495
1.09142
1.38265
1.29443
1.27645
1.36551
1.54952
1.4678
1.53469
1.45172
1.7013
1.61409
1.68957
1.62745
1.38265
1.36551
1.29443
1.27645
1.83559
1.76085
1.82764
1.77077
1.54952
1.45172
1.4678
1.53469
1.8897
1.94679
1.89554
1.95039
2.04406
2.04531
1.99995
1.99872
1.7013
1.68957
1.61409
1.62745
1.76085
1.77077
1.83559
1.82764
2.08641
2.12187
2.11536
2.08257
2.15159
2.16338
2.17548
2.14233
1.89554
1.94679
1.95039
1.8897
1.99872
1.99995
2.04406
2.04531
2.17847
2.19345
2.20547
2.18754
2.18754
2.19057
2.21148
2.21148
2.11536
2.08257
2.12187
2.08641
2.15159
2.17548
2.16338
2.20547
2.19345
2.14233
2.17847
0.0721476
0.068378
4.18501e-32
2.42859e-32
0.231688
0.221536
0.149615
0.142464
2.42859e-32
0.068378
4.18501e-32
0.0721476
0.149615
0.142464
0.221536
0.231688
0.30489
0.391849
0.406915
0.317679
0.391849
0.30489
0.317679
0.406915
0.498755
0.481753
0.573967
0.592569
0.481753
0.592569
0.573967
0.498755
0.687757
0.667876
0.762888
0.783735
0.879949
0.858432
0.953961
0.975856
1.04895
1.1429
1.16474
1.07095
0.667876
0.687757
0.783735
0.762888
1.25675
1.23533
1.32578
1.34655
0.858432
0.953961
0.879949
0.975856
1.1429
1.07095
1.16474
1.04895
1.23533
1.34655
1.25675
1.32578
1.41384
1.43373
1.49909
1.51789
1.67571
1.58116
1.6597
1.59866
1.80491
1.73439
1.81741
1.74873
1.51789
1.49909
1.41384
1.43373
1.871
1.9408
1.93241
1.88152
1.58116
1.59866
1.67571
1.6597
2.0403
1.98891
2.04406
1.99504
2.08769
2.12708
2.12577
2.08641
1.81741
1.80491
1.74873
1.73439
1.9408
1.88152
1.871
1.93241
2.18488
2.15821
2.16217
2.19159
2.21523
2.2057
2.23302
2.22062
2.0403
1.99504
1.98891
2.04406
2.08769
2.12708
2.12577
2.08641
2.23259
2.24491
2.2296
2.25086
2.2296
2.24491
2.22062
2.25086
2.18488
2.16217
2.19159
2.15821
2.23302
2.21523
2.2057
0.0644595
0.0603926
3.6468e-32
2.14598e-32
0.210949
0.199927
0.135022
0.127284
2.14598e-32
0.0603926
3.6468e-32
0.0644595
0.376077
0.3596
0.2776
0.291532
0.135022
0.127284
0.199927
0.210949
0.2776
0.3596
0.376077
0.291532
0.463918
0.445246
0.533881
0.554404
0.554404
0.533881
0.463918
0.445246
0.646914
0.624868
0.717592
0.74084
0.646914
0.74084
0.717592
0.624868
0.835604
0.811459
0.9059
0.930642
1.02542
1.00037
1.09433
1.11943
1.21218
1.1873
1.27878
1.30319
0.9059
0.835604
0.930642
0.811459
1.47831
1.39204
1.45553
1.36834
1.00037
1.09433
1.11943
1.02542
1.1873
1.30319
1.27878
1.21218
1.47831
1.36834
1.39204
1.45553
1.62126
1.53997
1.64156
1.5616
1.77305
1.79012
1.69906
1.71783
1.92161
1.84293
1.90841
1.85814
1.53997
1.64156
1.62126
1.5616
1.96926
2.02525
2.03403
1.98031
1.69906
1.77305
1.79012
1.71783
2.07618
2.12187
2.08257
2.12577
2.1635
2.16217
2.19561
2.19696
1.85814
1.84293
1.92161
1.90841
2.03403
1.98031
2.02525
1.96926
2.24265
2.24953
2.22611
2.22203
2.26632
2.25743
2.26717
2.27895
2.08257
2.12187
2.07618
2.12577
2.19696
2.1635
2.16217
2.19561
2.26928
2.26632
2.28485
2.28485
2.24265
2.22611
2.25743
2.27895
2.22203
2.24953
2.26717
0.0561769
0.0518127
3.06997e-32
1.84231e-32
0.188471
0.17658
0.119254
0.110929
1.84231e-32
0.0518127
3.06997e-32
0.0561769
0.342416
0.324528
0.248021
0.263098
0.119254
0.110929
0.17658
0.188471
0.512396
0.48995
0.425741
0.405398
0.248021
0.324528
0.342416
0.263098
0.425741
0.405398
0.48995
0.512396
0.60174
0.577527
0.66749
0.693142
0.60174
0.693142
0.66749
0.577527
0.786001
0.759224
0.852137
0.879732
0.759224
0.786001
0.879732
0.852137
0.945656
1.03923
1.0676
0.973778
1.16069
1.13235
1.22449
1.25255
1.34272
1.43076
1.31519
1.40399
0.945656
1.0676
1.03923
0.973778
1.49047
1.59881
1.57421
1.51626
1.13235
1.22449
1.25255
1.16069
1.40399
1.31519
1.43076
1.34272
1.57421
1.49047
1.51626
1.59881
1.75369
1.65486
1.73204
1.67807
1.80545
1.8928
1.87478
1.82537
1.93976
2.00014
2.01395
1.95574
1.73204
1.75369
1.65486
1.67807
2.10624
2.0557
2.06722
2.11536
1.8928
1.82537
1.80545
1.87478
2.15159
2.19159
2.15821
2.19561
2.25504
2.22747
2.22611
2.25366
2.01395
1.93976
1.95574
2.00014
2.10624
2.06722
2.11536
2.0557
2.27412
2.28877
2.29579
2.27829
2.30748
2.29759
2.30052
2.31334
2.19561
2.15159
2.19159
2.15821
2.22747
2.25366
2.22611
2.25504
2.27829
2.28877
2.29579
2.29759
2.31334
2.30748
2.27412
0.0472997
0.0426382
2.45453e-32
1.51756e-32
0.164255
0.151494
0.102312
0.0933998
1.51756e-32
0.0426382
2.45453e-32
0.0472997
0.305933
0.286633
0.216154
0.232375
0.102312
0.0933998
0.151494
0.164255
0.466542
0.442172
0.384221
0.362206
0.216154
0.286633
0.305933
0.232375
0.552231
0.640635
0.612577
0.525849
0.384221
0.362206
0.442172
0.466542
0.552231
0.525849
0.612577
0.640635
0.731132
0.701721
0.792663
0.823114
0.731132
0.823114
0.701721
0.792663
0.916002
0.884811
0.977592
1.00923
0.977592
0.884811
0.916002
1.00923
1.10227
1.07046
1.16289
1.1946
1.37522
1.28574
1.25437
1.34444
1.51853
1.54745
1.43264
1.46259
1.07046
1.1946
1.16289
1.10227
1.60173
1.68185
1.7081
1.62941
1.34444
1.25437
1.37522
1.28574
1.51853
1.43264
1.54745
1.46259
1.60173
1.68185
1.62941
1.7081
1.85435
1.83149
1.75855
1.78318
1.90038
1.96496
1.98381
1.92131
2.08018
2.04162
2.09452
2.02496
1.85435
1.83149
1.75855
1.78318
2.14233
2.13041
2.18488
2.17548
1.96496
1.92131
1.90038
1.98381
2.24953
2.21523
2.22203
2.25366
2.3014
2.29999
2.27968
2.27829
2.02496
2.08018
2.04162
2.09452
2.17548
2.18488
2.14233
2.13041
2.3233
2.33041
2.31455
2.31879
2.32622
2.33623
2.33623
2.3233
2.22203
2.24953
2.25366
2.21523
2.29999
2.33041
2.27968
2.3014
2.31879
2.31455
2.27829
0.037828
0.0328694
1.80049e-32
1.17176e-32
1.17176e-32
0.0328694
1.80049e-32
0.037828
0.138299
0.12467
0.0841959
0.074697
0.266626
0.245914
0.181998
0.199363
0.0841959
0.074697
0.12467
0.138299
0.315671
0.416839
0.390544
0.339357
0.181998
0.245914
0.266626
0.199363
0.498383
0.583316
0.552851
0.469831
0.339357
0.315671
0.390544
0.416839
0.670993
0.760782
0.727472
0.638944
0.498383
0.469831
0.552851
0.583316
0.670993
0.638944
0.727472
0.760782
0.852085
0.817819
0.909392
0.944312
0.852085
0.944312
0.909392
0.817819
1.03691
1.00162
1.09395
1.12934
1.12934
1.00162
1.09395
1.03691
1.31165
1.22108
1.27686
1.18587
1.36645
1.40059
1.48745
1.45419
1.53966
1.6533
1.62244
1.57182
1.27686
1.18587
1.31165
1.22108
1.70217
1.8062
1.77849
1.73154
1.36645
1.45419
1.40059
1.48745
1.62244
1.53966
1.6533
1.57182
1.8062
1.70217
1.77849
1.73154
1.94357
1.85108
1.91965
1.87698
2.04364
1.98392
2.06322
2.00573
2.11584
2.0986
2.1486
2.16338
1.85108
1.91965
1.94357
1.87698
2.19345
2.24265
2.2057
2.23302
1.98392
2.06322
2.00573
2.04364
2.26717
2.29579
2.27412
2.29999
2.3361
2.31879
2.3202
2.33468
2.11584
2.16338
2.1486
2.0986
2.2057
2.23302
2.19345
2.24265
2.35346
2.34628
2.34338
2.34767
2.34767
2.33468
2.34338
2.35346
2.29579
2.27412
2.26717
2.29999
2.3202
2.3361
2.31879
8.04895e-33
0.0225066
1.10786e-32
0.0277622
0.0277622
0.0225066
1.10786e-32
8.04895e-33
0.110606
0.0961074
0.0649063
0.0548207
0.0649063
0.0548207
0.0961074
0.110606
0.224496
0.202372
0.145555
0.164063
0.363286
0.335067
0.29115
0.265792
0.145555
0.202372
0.164063
0.224496
0.440196
0.521181
0.488308
0.409474
0.29115
0.265792
0.335067
0.363286
0.605577
0.69273
0.57089
0.656558
0.440196
0.409474
0.488308
0.521181
0.782018
0.872831
0.834627
0.744676
0.605577
0.57089
0.656558
0.69273
0.782018
0.744676
0.834627
0.872831
0.96459
0.925817
1.01767
1.05673
0.96459
1.05673
0.925817
1.01767
1.10965
1.20122
1.14872
1.24005
1.10965
1.24005
1.20122
1.14872
1.38116
1.41876
1.29188
1.33022
1.4686
1.58926
1.50525
1.55377
1.63628
1.71574
1.74834
1.67042
1.38116
1.29188
1.41876
1.33022
1.79182
1.89319
1.86418
1.8227
1.55377
1.4686
1.50525
1.58926
1.74834
1.63628
1.71574
1.67042
1.86418
1.79182
1.89319
1.8227
1.99659
2.02143
1.93253
1.95952
2.11091
2.05613
2.13111
2.0787
2.17847
2.20547
2.22062
2.16075
1.93253
2.02143
1.95952
1.99659
2.25743
2.27895
2.24491
2.28877
2.0787
2.11091
2.13111
2.05613
2.31455
2.33468
2.30748
2.33041
2.3592
2.34767
2.35777
2.3491
2.16075
2.17847
2.22062
2.20547
2.25743
2.28877
2.27895
2.24491
2.35777
2.36066
2.36498
2.36498
2.33041
2.3592
2.3491
2.33468
2.31455
2.30748
2.34767
0.0171024
0.0115499
3.76673e-33
4.1699e-33
4.1699e-33
0.0115499
3.76673e-33
0.0171024
0.0444435
0.0337715
0.0658077
0.0811744
0.0811744
0.0658077
0.0444435
0.0337715
0.179543
0.156008
0.106824
0.126476
0.106824
0.126476
0.156008
0.179543
0.305885
0.275742
0.2396
0.21257
0.377668
0.454231
0.41895
0.344777
0.2396
0.21257
0.275742
0.305885
0.534884
0.618955
0.57992
0.497558
0.377668
0.344777
0.41895
0.454231
0.705797
0.79478
0.753289
0.665377
0.534884
0.497558
0.57992
0.618955
0.885302
0.976777
0.93404
0.843042
0.705797
0.665377
0.753289
0.79478
0.976777
0.885302
0.843042
0.93404
1.02571
1.11751
1.16038
1.06865
1.06865
1.16038
1.02571
1.11751
1.34137
1.20891
1.25145
1.29941
1.34137
1.20891
1.29941
1.25145
1.38852
1.47581
1.51595
1.42969
1.56084
1.64321
1.6807
1.59976
1.79849
1.83262
1.72254
1.75844
1.47581
1.38852
1.51595
1.42969
1.87074
1.96911
1.93897
1.90294
1.6807
1.64321
1.56084
1.59976
1.72254
1.83262
1.75844
1.79849
1.87074
1.96911
1.93897
1.90294
2.03088
2.00294
2.06238
2.088
2.14029
2.11708
2.18754
2.16684
2.26632
2.21148
2.2296
2.25086
2.06238
2.088
2.00294
2.03088
2.3233
2.31334
2.29759
2.28485
2.11708
2.16684
2.14029
2.18754
2.33623
2.34338
2.35777
2.35346
2.3693
2.36642
2.36498
2.37074
2.25086
2.21148
2.2296
2.26632
2.28485
2.29759
2.3233
2.31334
2.36498
2.35777
2.36642
2.37074
2.33623
2.35346
2.34338
9.77608e-35
0.00584894
0.00584894
9.77608e-35
0.0500064
0.0228081
0.0228081
0.0500064
0.131768
0.0866023
0.0866023
0.131768
0.184708
0.244637
0.184708
0.244637
0.310802
0.382465
0.458914
0.539454
0.310802
0.382465
0.623419
0.710155
0.539454
0.458914
0.799039
0.889461
0.710155
0.623419
0.980844
1.07262
0.799039
0.889461
0.980844
1.07262
1.16426
1.25525
1.16426
1.25525
1.3451
1.43333
1.43333
1.3451
1.51953
1.60326
1.68414
1.7618
1.90619
1.83593
1.60326
1.51953
2.03402
1.97231
1.7618
1.68414
1.83593
1.90619
2.03402
1.97231
2.09111
2.14335
2.23259
2.19057
2.30052
2.26928
2.09111
2.14335
2.34628
2.32622
2.23259
2.19057
2.3693
2.36066
2.37219
2.3693
2.26928
2.30052
2.32622
2.36066
2.34628
1.02571
1.38852
1.29941
0.0115499
1.11751
1.20891
1.11751
1.20891
1.02571
0.156008
0.21257
0.93404
1.29941
0.344777
0.843042
0.753289
1.38852
0.665377
0.57992
1.47581
0.497558
0.41895
1.56084
0.275742
1.64321
1.72254
0.106824
0.0658077
1.79849
0.0337715
1.87074
1.93897
0.0115499
1.47581
1.56084
2.00294
2.06238
1.72254
2.11708
0.0337715
2.16684
2.21148
0.0658077
2.25086
2.28485
0.106824
2.31334
2.33623
0.156008
2.21148
2.35346
2.25086
2.36498
0.21257
2.37074
2.37074
0.275742
2.36498
2.35346
0.344777
2.33623
2.31334
0.41895
2.28485
0.497558
2.16684
0.57992
2.11708
2.06238
0.665377
2.00294
1.93897
0.753289
1.87074
1.79849
0.843042
1.64321
0.93404
3.76673e-33
3.76673e-33
4.1699e-33
0.0171024
0.0171024
4.1699e-33
0.0811744
0.0444435
0.0444435
0.0811744
0.126476
0.179543
0.126476
0.179543
0.305885
0.2396
0.2396
0.305885
0.454231
0.377668
0.618955
0.534884
0.377668
0.454231
0.705797
0.79478
0.618955
0.534884
0.976777
0.885302
0.705797
0.79478
1.06865
1.16038
0.885302
0.976777
1.06865
1.16038
1.34137
1.25145
1.34137
1.25145
1.42969
1.51595
1.51595
1.42969
1.6807
1.59976
1.83262
1.75844
1.90294
1.96911
1.59976
1.6807
2.088
2.03088
1.83262
1.75844
1.96911
1.90294
2.03088
2.088
2.14029
2.18754
2.26632
2.2296
2.29759
2.3233
2.18754
2.14029
2.35777
2.34338
2.26632
2.2296
2.3693
2.36642
2.36642
2.35777
2.3233
2.29759
2.34338
1.29188
1.20122
1.20122
1.10965
1.29188
1.01767
0.0961074
0.925817
0.834627
1.38116
0.744676
1.4686
0.656558
0.57089
0.488308
1.55377
0.409474
1.63628
0.335067
0.265792
0.202372
1.71574
0.145555
1.79182
0.0548207
0.0225066
1.86418
1.93253
0.0225066
1.99659
1.38116
2.05613
2.11091
1.55377
0.0548207
2.16075
2.20547
1.79182
2.24491
0.0961074
2.27895
0.145555
2.30748
2.33041
2.34767
2.11091
0.202372
2.3592
0.265792
2.24491
2.36498
2.36498
2.3592
0.335067
2.34767
0.409474
2.33041
2.30748
2.27895
0.488308
0.57089
2.20547
2.16075
0.656558
2.05613
0.744676
1.99659
1.93253
1.86418
0.834627
0.925817
1.71574
1.63628
1.01767
1.4686
1.10965
1.10786e-32
1.10786e-32
8.04895e-33
0.0277622
0.0277622
8.04895e-33
0.110606
0.0649063
0.0649063
0.110606
0.164063
0.224496
0.224496
0.164063
0.363286
0.29115
0.29115
0.363286
0.521181
0.440196
0.605577
0.69273
0.440196
0.521181
0.782018
0.872831
0.69273
0.605577
0.96459
1.05673
0.872831
0.782018
1.24005
1.14872
0.96459
1.05673
1.24005
1.14872
1.33022
1.41876
1.41876
1.33022
1.58926
1.50525
1.50525
1.58926
1.74834
1.67042
1.89319
1.8227
1.95952
2.02143
1.74834
1.67042
2.0787
2.13111
1.8227
1.89319
2.02143
1.95952
2.0787
2.13111
2.17847
2.22062
2.25743
2.28877
2.31455
2.33468
2.22062
2.17847
2.35777
2.3491
2.25743
2.28877
2.36066
2.35777
2.3491
2.31455
2.33468
1.27686
1.09395
1.36645
0.0328694
1.00162
0.909392
0.817819
1.45419
0.727472
0.245914
0.315671
1.53966
0.638944
0.552851
0.469831
1.62244
0.390544
1.70217
0.181998
1.77849
0.12467
1.85108
0.074697
1.91965
1.98392
0.0328694
2.04364
1.27686
2.0986
0.074697
2.1486
2.19345
2.23302
1.62244
1.70217
0.12467
2.26717
0.181998
2.29579
2.31879
2.3361
0.245914
2.04364
2.34767
0.315671
2.1486
2.19345
2.35346
2.35346
2.34767
0.390544
2.3361
0.469831
2.31879
2.29579
2.26717
0.552851
2.23302
0.638944
2.0986
0.727472
0.817819
1.98392
1.91965
1.85108
0.909392
1.77849
1.00162
1.53966
1.09395
1.45419
1.18587
1.36645
1.18587
1.80049e-32
1.80049e-32
1.17176e-32
0.037828
0.037828
1.17176e-32
0.0841959
0.138299
0.0841959
0.138299
0.199363
0.266626
0.266626
0.199363
0.416839
0.339357
0.339357
0.416839
0.498383
0.583316
0.670993
0.760782
0.498383
0.583316
0.852085
0.944312
0.760782
0.670993
1.12934
1.03691
0.852085
0.944312
1.31165
1.22108
1.03691
1.12934
1.31165
1.22108
1.48745
1.40059
1.48745
1.40059
1.57182
1.6533
1.6533
1.57182
1.8062
1.73154
1.94357
1.87698
2.00573
2.06322
1.73154
1.8062
2.11584
2.16338
1.87698
1.94357
2.06322
2.00573
2.11584
2.16338
2.24265
2.2057
2.27412
2.29999
2.3202
2.33468
2.2057
2.24265
2.34628
2.34338
2.29999
2.27412
2.34338
2.33468
2.3202
1.43264
0.884811
0.792663
1.51853
0.701721
0.612577
1.60173
0.525849
0.442172
1.68185
0.362206
0.286633
1.75855
0.216154
0.151494
1.83149
0.0933998
0.0426382
1.90038
1.96496
0.0426382
0.977592
1.07046
2.02496
2.08018
1.25437
2.13041
0.0933998
2.17548
2.21523
0.151494
2.24953
2.27829
0.216154
2.3014
2.31879
0.286633
1.90038
2.33041
1.96496
2.33623
0.362206
2.33623
2.33041
0.442172
2.17548
2.21523
2.31879
2.3014
0.525849
2.27829
2.24953
0.612577
0.701721
2.13041
2.08018
0.792663
2.02496
0.884811
1.83149
0.977592
1.75855
1.68185
1.07046
1.60173
1.51853
1.16289
1.43264
1.34444
1.25437
1.16289
1.34444
2.45453e-32
2.45453e-32
1.51756e-32
0.0472997
0.0472997
1.51756e-32
0.164255
0.102312
0.102312
0.164255
0.305933
0.232375
0.232375
0.305933
0.466542
0.384221
0.384221
0.466542
0.640635
0.552231
0.731132
0.823114
0.640635
0.552231
1.00923
0.916002
0.731132
0.823114
1.1946
1.10227
1.00923
0.916002
1.37522
1.28574
1.1946
1.10227
1.28574
1.37522
1.54745
1.46259
1.46259
1.54745
1.7081
1.62941
1.62941
1.7081
1.85435
1.78318
1.98381
1.92131
2.04162
2.09452
1.78318
1.85435
2.18488
2.14233
1.92131
1.98381
2.09452
2.04162
2.18488
2.14233
2.22203
2.25366
2.27968
2.29999
2.31455
2.3233
2.25366
2.22203
2.3233
2.32622
2.27968
2.31455
2.29999
0.759224
0.66749
1.57421
0.577527
1.65486
0.48995
0.405398
0.324528
1.73204
0.248021
1.80545
0.17658
0.110929
0.0518127
1.87478
1.93976
0.0518127
2.00014
0.852137
2.0557
2.10624
1.03923
0.110929
2.15159
2.19159
1.31519
2.22611
0.17658
2.25504
0.248021
2.27829
2.29579
2.30748
1.73204
0.324528
2.31334
0.405398
1.93976
2.31334
2.30748
2.29579
0.48995
2.10624
2.27829
0.577527
2.25504
2.22611
2.19159
0.66749
2.15159
0.759224
2.0557
2.00014
0.852137
0.945656
1.87478
1.80545
1.03923
1.65486
1.13235
1.57421
1.49047
1.40399
1.22449
1.31519
1.22449
1.13235
1.40399
0.945656
1.49047
3.06997e-32
3.06997e-32
1.84231e-32
0.0561769
0.0561769
1.84231e-32
0.188471
0.119254
0.119254
0.188471
0.342416
0.263098
0.342416
0.263098
0.425741
0.512396
0.425741
0.512396
0.60174
0.693142
0.786001
0.879732
0.60174
0.693142
1.0676
0.973778
0.879732
0.786001
1.25255
1.16069
1.0676
0.973778
1.43076
1.34272
1.25255
1.16069
1.34272
1.43076
1.59881
1.51626
1.59881
1.51626
1.75369
1.67807
1.75369
1.67807
1.8928
1.82537
1.95574
2.01395
2.11536
2.06722
1.82537
1.8928
2.15821
2.19561
2.01395
1.95574
2.06722
2.11536
2.19561
2.15821
2.25366
2.22747
2.28877
2.27412
2.29759
2.30052
2.22747
2.25366
2.28877
2.29759
2.27412
1.62126
0.533881
1.69906
0.445246
0.3596
0.2776
1.77305
0.199927
1.84293
0.127284
0.0603926
1.90841
1.96926
0.0603926
2.02525
0.717592
2.07618
0.127284
2.12187
2.16217
2.19696
1.09433
1.1873
0.199927
2.22611
0.2776
2.24953
2.26717
2.27895
0.3596
1.62126
2.28485
0.445246
1.77305
1.84293
2.28485
2.27895
2.26717
0.533881
2.02525
2.24953
0.624868
2.22611
2.19696
2.16217
0.717592
2.12187
0.811459
2.07618
1.96926
0.9059
1.90841
1.00037
1.69906
1.09433
1.1873
1.53997
1.45553
1.36834
1.27878
1.27878
1.36834
1.00037
1.45553
0.9059
1.53997
0.811459
0.624868
3.6468e-32
3.6468e-32
2.14598e-32
0.0644595
0.0644595
2.14598e-32
0.135022
0.210949
0.135022
0.210949
0.376077
0.291532
0.291532
0.376077
0.463918
0.554404
0.463918
0.554404
0.74084
0.646914
0.930642
0.835604
0.646914
0.74084
1.02542
1.11943
0.835604
0.930642
1.21218
1.30319
1.02542
1.11943
1.39204
1.47831
1.30319
1.21218
1.39204
1.47831
1.64156
1.5616
1.64156
1.5616
1.79012
1.71783
1.71783
1.79012
1.92161
1.85814
2.03403
1.98031
2.08257
2.12577
1.85814
1.92161
2.19561
2.1635
2.03403
1.98031
2.08257
2.12577
2.19561
2.1635
2.24265
2.22203
2.26632
2.25743
2.26928
2.26632
2.22203
2.25743
2.24265
1.73439
0.30489
0.221536
1.80491
0.142464
0.068378
1.871
1.93241
0.068378
0.391849
0.481753
1.98891
2.0403
0.667876
2.08641
0.142464
2.12708
2.16217
0.221536
2.19159
2.21523
0.30489
2.23302
2.24491
0.391849
1.41384
2.25086
1.49909
2.25086
0.481753
2.24491
2.23302
0.573967
1.80491
1.871
2.21523
2.19159
0.667876
2.16217
2.12708
0.762888
2.08641
2.0403
0.858432
1.98891
1.93241
0.953961
1.04895
1.73439
1.6597
1.1429
1.58116
1.23533
1.32578
1.32578
1.23533
1.1429
1.41384
1.04895
0.953961
1.49909
0.858432
0.762888
1.58116
0.573967
1.6597
4.18501e-32
4.18501e-32
2.42859e-32
0.0721476
0.0721476
2.42859e-32
0.231688
0.149615
0.149615
0.231688
0.317679
0.406915
0.406915
0.317679
0.592569
0.498755
0.498755
0.592569
0.687757
0.783735
0.879949
0.975856
0.687757
0.783735
1.16474
1.07095
0.975856
0.879949
1.25675
1.34655
1.07095
1.16474
1.43373
1.51789
1.25675
1.34655
1.51789
1.43373
1.67571
1.59866
1.59866
1.67571
1.74873
1.81741
1.81741
1.74873
1.9408
1.88152
2.04406
1.99504
2.12577
2.08769
1.9408
1.88152
2.15821
2.18488
2.04406
1.99504
2.08769
2.12577
2.18488
2.15821
2.2057
2.22062
2.23259
2.2296
2.2296
2.22062
2.2057
0.156471
0.0757688
1.82764
1.8897
0.0757688
1.94679
0.241406
1.99872
2.04531
0.421277
0.156471
2.08641
2.12187
0.706555
2.15159
0.241406
2.17548
0.329893
2.19345
2.20547
2.21148
1.18495
0.421277
2.21148
0.514921
1.45172
2.20547
2.19345
2.17548
0.610211
1.68957
2.15159
0.706555
2.12187
2.08641
2.04531
0.803385
1.99872
0.900151
1.94679
1.8897
1.82764
0.99633
1.76085
1.09142
1.61409
1.53469
1.18495
1.27645
1.36551
1.27645
1.36551
1.09142
1.45172
0.99633
0.900151
0.803385
1.53469
1.61409
0.610211
0.514921
1.68957
0.329893
1.76085
4.68459e-32
4.68459e-32
2.69012e-32
0.0792412
0.0792412
2.69012e-32
0.163035
0.250689
0.163035
0.250689
0.434934
0.341539
0.434934
0.341539
0.626893
0.530254
0.530254
0.626893
0.724275
0.821835
1.01538
0.919044
0.724275
0.821835
1.20353
1.11037
0.919044
1.01538
1.29443
1.38265
1.11037
1.20353
1.4678
1.54952
1.29443
1.38265
1.4678
1.54952
1.7013
1.62745
1.7013
1.62745
1.83559
1.77077
1.83559
1.77077
1.89554
1.95039
2.04406
1.99995
2.11536
2.08257
1.95039
1.89554
2.14233
2.16338
2.04406
1.99995
2.08257
2.11536
2.16338
2.14233
2.18754
2.17847
2.18754
2.19057
2.17847
1.84127
1.89904
0.0825652
0.0825652
1.95159
1.99872
0.169304
2.0403
2.07618
0.447887
0.544753
2.10624
0.259538
2.13041
0.352611
2.1486
2.16075
2.16684
1.03302
0.447887
2.16684
1.22049
1.31069
0.544753
2.16075
2.1486
2.13041
1.56236
0.642618
2.10624
0.740912
2.07618
2.0403
1.84127
1.99872
0.839089
1.95159
0.936625
1.89904
1.77848
1.03302
1.71089
1.12779
1.63876
1.48199
1.22049
1.39798
1.31069
1.12779
1.39798
1.48199
0.936625
0.839089
0.740912
1.56236
0.642618
1.63876
0.352611
1.71089
0.259538
1.77848
0.169304
5.14556e-32
5.14556e-32
2.93059e-32
0.0857406
2.93059e-32
0.0857406
0.267954
0.175282
0.175282
0.267954
0.460135
0.363114
0.460135
0.363114
0.55842
0.657383
0.55842
0.657383
0.855147
0.756472
1.04924
0.9529
0.756472
0.855147
1.23583
1.1437
1.04924
0.9529
1.4115
1.32523
1.1437
1.23583
1.57322
1.49428
1.32523
1.4115
1.57322
1.49428
1.64801
1.71835
1.64801
1.71835
1.84468
1.78399
1.84468
1.78399
1.90021
1.95039
2.03403
1.99504
2.06722
2.09452
1.90021
1.95039
2.13111
2.11584
1.99504
2.03403
2.06722
2.09452
2.13111
2.11584
2.14335
2.14029
2.14029
0.0887676
1.89904
1.94679
1.98891
0.180965
2.02525
2.0557
0.275935
2.08018
2.0986
0.373045
2.11091
2.11708
0.770953
0.471681
0.870011
2.11708
2.11091
0.571253
2.0986
2.08018
1.24955
1.33806
0.671192
2.0557
2.02525
0.770953
1.98891
1.94679
0.870011
1.89904
1.84582
0.967865
1.78729
1.72368
1.06404
1.6552
1.5821
1.15808
1.50468
1.42322
1.24955
1.33806
1.15808
1.06404
1.42322
0.967865
1.50468
0.671192
1.5821
0.571253
0.471681
1.6552
0.373045
0.275935
1.72368
0.180965
0.0887676
1.78729
1.84582
5.56793e-32
5.56793e-32
3.15001e-32
0.091646
0.091646
3.15001e-32
0.186356
0.283483
0.186356
0.283483
0.382407
0.482523
0.482523
0.382407
0.684044
0.583256
0.684044
0.583256
0.88368
0.784358
1.07743
0.981526
0.784358
0.88368
1.26165
1.17094
1.07743
0.981526
1.34917
1.43313
1.26165
1.17094
1.51318
1.58901
1.34917
1.43313
1.51318
1.58901
1.66033
1.72687
1.66033
1.72687
1.84468
1.7884
1.84468
1.7884
1.9408
1.89554
1.98031
2.01395
2.06322
2.04162
1.89554
1.9408
2.0787
2.088
1.98031
2.01395
2.04162
2.06322
2.0787
2.09111
2.088
1.93241
0.191454
1.96926
2.00014
2.02496
0.290598
2.04364
0.391197
2.05613
0.492663
2.06238
2.06238
0.492663
0.796685
2.05613
0.594426
2.04364
2.02496
1.0894
2.00014
0.695941
1.96926
0.796685
1.93241
1.8897
1.51979
1.84127
0.896157
1.78729
0.99388
1.72794
1.66341
1.59394
1.0894
1.18229
1.44123
1.35857
1.27214
1.27214
1.18229
1.35857
0.99388
0.896157
1.44123
1.51979
0.695941
0.594426
1.59394
0.391197
1.66341
0.290598
0.191454
0.0943763
1.72794
1.78729
0.0943763
1.84127
1.8897
5.95171e-32
5.95171e-32
3.34838e-32
0.0969582
0.0969582
3.34838e-32
0.297279
0.19626
0.19626
0.297279
0.5021
0.39942
0.39942
0.5021
0.604767
0.706882
0.604767
0.706882
0.807938
0.907442
1.09996
1.00493
0.807938
0.907442
1.28101
1.19212
1.09996
1.00493
1.44754
1.36626
1.19212
1.28101
1.5969
1.52452
1.44754
1.36626
1.5969
1.52452
1.66444
1.72687
1.66444
1.72687
1.78399
1.83559
1.78399
1.83559
1.88152
1.92161
1.95574
1.98381
2.02143
2.00573
1.88152
1.92161
2.03402
2.03088
1.98381
1.95574
2.02143
2.00573
2.03088
0.200772
1.90841
1.93976
1.96496
0.303528
1.98392
0.303528
0.407072
1.99659
0.510837
0.614277
2.00294
2.00294
0.510837
1.99659
0.917536
0.614277
1.98392
1.96496
1.93976
0.71687
1.28826
1.37224
1.90841
0.818115
1.871
1.82764
1.77848
0.917536
1.72368
1.01468
1.66341
1.59789
1.52735
1.10911
1.45204
1.20044
1.20044
1.28826
1.10911
1.37224
1.01468
0.818115
1.45204
0.71687
1.52735
0.407072
1.59789
1.66341
0.200772
0.099392
1.72368
1.77848
0.099392
1.82764
1.871
6.29696e-32
6.29696e-32
3.52574e-32
0.101678
0.101678
3.52574e-32
0.309344
0.204993
0.204993
0.309344
0.518871
0.414157
0.518871
0.414157
0.725903
0.622959
0.622959
0.725903
0.82722
0.92644
1.02313
1.11686
0.82722
0.92644
1.29391
1.20724
1.02313
1.11686
1.37651
1.45474
1.20724
1.29391
1.52829
1.5969
1.45474
1.37651
1.5969
1.52829
1.66033
1.71835
1.71835
1.66033
1.77077
1.81741
1.81741
1.77077
1.85814
1.8928
1.92131
1.94357
1.95952
1.96911
1.85814
1.8928
1.96911
1.97231
1.94357
1.92131
1.95952
1.90038
0.314728
1.91965
0.103815
1.93253
0.420671
1.93897
1.93897
0.526206
0.526206
0.63081
1.93253
1.91965
0.63081
1.90038
1.87478
0.733984
1.84293
1.80491
0.83525
1.76085
1.29793
1.71089
0.934156
1.6552
1.59394
1.03027
1.52735
1.45564
1.12319
1.37907
1.21253
1.21253
1.12319
1.29793
1.03027
0.934156
1.37907
0.83525
0.733984
1.45564
1.52735
0.420671
0.314728
1.59394
0.208921
1.6552
1.71089
0.103815
1.87478
1.76085
1.80491
1.84293
0.208921
6.60369e-32
6.60369e-32
3.68211e-32
0.105805
0.105805
3.68211e-32
0.212558
0.31968
0.212558
0.31968
0.53284
0.42662
0.42662
0.53284
0.741112
0.637835
0.637835
0.741112
0.940683
0.84221
1.12811
1.03612
0.84221
0.940683
1.21631
1.30035
1.12811
1.03612
1.37993
1.45474
1.30035
1.21631
1.52452
1.58901
1.45474
1.37993
1.52452
1.58901
1.7013
1.64801
1.7013
1.64801
1.74873
1.79012
1.79012
1.74873
1.85435
1.82537
1.89319
1.87698
1.90619
1.90294
1.85435
1.82537
1.90294
1.87698
1.89319
0.324201
1.86418
0.431999
1.87074
1.87074
1.86418
0.324201
0.538775
1.85108
0.64403
1.83149
1.80545
1.77305
0.848096
0.747289
1.73439
0.848096
1.68957
1.13163
1.63876
1.5821
1.30116
0.946022
1.51979
1.04066
1.45204
1.37907
1.13163
1.21857
1.21857
1.04066
0.946022
1.30116
1.37907
0.747289
0.64403
0.538775
1.45204
0.431999
1.51979
0.215902
0.107647
1.5821
1.63876
0.107647
1.85108
1.68957
1.73439
1.77305
0.215902
1.80545
1.83149
6.87197e-32
6.87197e-32
3.8175e-32
0.109341
0.109341
3.8175e-32
0.328289
0.218956
0.218956
0.328289
0.54401
0.436812
0.54401
0.436812
0.752514
0.6494
0.6494
0.752514
0.950174
0.852913
1.13374
1.04391
0.852913
0.950174
1.30035
1.21933
1.04391
1.13374
1.44754
1.37651
1.30035
1.21933
1.57322
1.51318
1.37651
1.44754
1.51318
1.57322
1.62745
1.67571
1.62745
1.67571
1.71783
1.75369
1.71783
1.75369
1.78318
1.8062
1.8227
1.83262
1.83593
1.83262
1.8062
1.78318
1.8227
0.441057
1.79849
1.79849
0.110887
1.79182
0.548547
1.77849
0.653942
1.75855
0.548547
0.653942
1.73204
1.69906
0.756789
1.6597
0.856657
1.61409
1.56236
1.13445
1.50468
0.95314
1.44123
1.04586
1.37224
1.29793
1.21857
1.13445
1.21857
1.04586
0.95314
0.856657
1.29793
0.756789
1.37224
0.441057
1.44123
0.331947
1.50468
0.221717
1.56236
1.61409
0.110887
1.79182
1.6597
1.69906
0.221717
1.73204
1.75855
1.77849
0.331947
7.10183e-32
7.10183e-32
3.93195e-32
0.112286
0.112286
3.93195e-32
0.224189
0.335174
0.224189
0.335174
0.552385
0.444736
0.552385
0.444736
0.760113
0.657659
0.657659
0.760113
0.859333
0.954919
1.13374
1.04651
0.954919
0.859333
1.21631
1.29391
1.04651
1.13374
1.43313
1.36626
1.29391
1.21631
1.54952
1.49428
1.43313
1.36626
1.49428
1.54952
1.59866
1.64156
1.59866
1.64156
1.7081
1.67807
1.7081
1.67807
1.73154
1.74834
1.75844
1.7618
1.75844
1.73154
1.74834
1.71574
0.555524
1.70217
1.68185
0.660548
1.65486
1.62126
0.762487
1.58116
0.555524
1.53469
0.860936
1.48199
0.860936
1.42322
0.955512
0.955512
1.35857
1.28826
1.04586
1.21253
1.13163
1.13163
1.04586
1.21253
0.762487
1.28826
0.660548
1.35857
0.447848
0.33797
1.42322
0.226368
0.113537
1.48199
1.53469
0.113537
1.72254
1.58116
1.72254
1.62126
1.65486
0.226368
1.68185
1.70217
0.33797
1.71574
0.447848
7.29332e-32
7.29332e-32
4.02547e-32
0.114641
0.114641
4.02547e-32
0.340336
0.228257
0.340336
0.228257
0.450395
0.557966
0.557966
0.450395
0.763912
0.662612
0.662612
0.763912
0.861472
0.954919
1.04391
1.12811
0.954919
0.861472
1.28101
1.20724
1.12811
1.04391
1.34917
1.4115
1.28101
1.20724
1.51789
1.4678
1.4115
1.34917
1.4678
1.51789
1.5616
1.59881
1.59881
1.5616
1.62941
1.6533
1.6533
1.62941
1.67042
1.6807
1.68414
1.6807
1.67042
0.55971
1.60173
0.66385
1.57421
1.53997
1.49909
0.342271
0.764387
1.45172
0.55971
0.860936
1.39798
1.33806
1.27214
0.95314
1.20044
1.04066
1.12319
1.04066
0.95314
1.12319
0.860936
1.20044
0.764387
0.66385
1.27214
0.452374
1.33806
0.229854
0.115598
1.39798
1.45172
0.115598
1.62244
1.49909
1.53997
1.57421
1.64321
0.229854
1.60173
1.62244
1.63628
0.342271
0.452374
1.64321
1.63628
7.44649e-32
7.44649e-32
4.09809e-32
0.116407
0.116407
4.09809e-32
0.343776
0.231162
0.231162
0.343776
0.560756
0.453789
0.453789
0.560756
0.763912
0.664264
0.664264
0.763912
0.950174
0.859333
1.11686
1.03612
0.950174
0.859333
1.26165
1.19212
1.11686
1.03612
1.38265
1.32523
1.26165
1.19212
1.43373
1.47831
1.32523
1.38265
1.43373
1.47831
1.54745
1.51626
1.54745
1.51626
1.57182
1.58926
1.58926
1.57182
1.59976
1.60326
1.59976
0.66385
1.49047
1.45553
1.41384
0.762487
1.36551
0.344851
0.856657
1.31069
0.561105
1.24955
1.18229
0.946022
1.10911
1.03027
1.03027
0.946022
0.856657
1.10911
0.762487
1.18229
0.66385
0.454637
1.24955
1.31069
0.232178
0.117069
1.36551
1.41384
0.117069
1.51853
1.45553
1.49047
1.55377
1.56084
0.232178
1.51853
1.53966
1.55377
0.344851
1.56084
0.454637
1.53966
0.561105
7.56137e-32
7.56137e-32
4.14984e-32
0.117584
0.117584
4.14984e-32
0.345496
0.232905
0.232905
0.345496
0.560756
0.45492
0.560756
0.45492
0.760113
0.662612
0.662612
0.760113
0.852913
0.940683
1.02313
1.09996
0.852913
0.940683
1.17094
1.23583
1.09996
1.02313
1.29443
1.34655
1.23583
1.17094
1.43076
1.39204
1.34655
1.29443
1.39204
1.43076
1.48745
1.46259
1.46259
1.48745
1.51595
1.50525
1.50525
1.51595
1.51953
1.32578
0.756789
1.27645
0.117952
1.22049
0.848096
1.15808
1.0894
0.934156
0.55971
0.660548
1.01468
0.934156
1.01468
0.848096
0.756789
1.0894
1.15808
0.454637
0.345711
1.22049
0.23334
1.27645
1.32578
0.117952
1.36834
1.36834
1.40399
1.40399
1.43264
0.23334
1.45419
1.4686
0.345711
1.47581
1.47581
0.454637
1.4686
1.45419
0.55971
1.43264
0.660548
7.638e-32
7.638e-32
4.18071e-32
0.118173
0.118173
4.18071e-32
0.233486
0.345496
0.233486
0.345496
0.557966
0.453789
0.453789
0.557966
0.752514
0.657659
0.657659
0.752514
0.84221
0.92644
1.07743
1.00493
0.92644
0.84221
1.20353
1.1437
1.07743
1.00493
1.30319
1.25675
1.20353
1.1437
1.37522
1.34272
1.30319
1.25675
1.34272
1.37522
1.41876
1.40059
1.41876
1.40059
1.42969
1.42969
1.43333
0.747288
1.12779
0.83525
1.06404
0.99388
0.917536
0.344851
0.917536
0.83525
0.99388
0.747288
0.653942
0.555524
1.06404
0.452374
1.12779
0.23334
0.118246
1.18495
1.23533
0.118246
1.18495
1.27878
1.31519
1.34444
1.31519
0.23334
1.36645
1.38116
1.38852
0.344851
1.38852
0.452374
1.38116
1.36645
1.34444
0.555524
0.653942
1.27878
1.23533
7.67639e-32
7.67639e-32
4.19073e-32
0.118173
0.118173
4.19073e-32
0.343776
0.232905
0.232905
0.343776
0.552384
0.450395
0.450395
0.552384
0.6494
0.741112
0.741112
0.6494
0.82722
0.907442
0.981526
1.04924
0.82722
0.907442
1.11037
1.16474
0.981526
1.04924
1.25255
1.21218
1.11037
1.16474
1.28574
1.31165
1.25255
1.21218
1.28574
1.31165
1.34137
1.33022
1.34137
1.33022
1.3451
0.818115
0.967865
0.896157
0.117952
0.818115
0.896157
0.733984
0.967865
0.64403
0.548547
0.447848
1.03302
0.342271
1.09142
0.232178
1.1429
1.1873
0.117952
1.03302
1.22449
1.25437
1.1429
1.1873
0.232178
1.27686
1.29188
1.29941
1.27686
0.342271
1.29941
0.447848
1.29188
1.25437
0.548547
1.22449
0.64403
1.09142
0.733984
7.67656e-32
7.67656e-32
4.17989e-32
0.117584
0.117584
4.17989e-32
0.340336
0.231162
0.231162
0.340336
0.444736
0.54401
0.54401
0.444736
0.637835
0.725903
0.637835
0.725903
0.807938
0.88368
1.01538
0.9529
0.88368
0.807938
1.07095
1.11943
1.01538
0.9529
1.16069
1.1946
1.07095
1.11943
1.22108
1.24005
1.16069
1.1946
1.22108
1.24005
1.25525
1.25145
1.25145
0.71687
0.870011
0.63081
0.538775
0.936625
0.441057
0.33797
0.99633
0.229854
0.117069
1.04895
1.09433
0.117069
0.796685
1.13235
0.870011
1.16289
1.18587
0.229854
1.20122
1.20891
1.09433
1.13235
0.33797
1.20891
1.20122
0.441057
1.18587
1.16289
0.538775
0.63081
1.04895
0.99633
0.71687
0.936625
0.796685
7.63851e-32
7.63851e-32
4.14819e-32
0.116407
0.116407
4.14819e-32
0.228257
0.335174
0.228257
0.335174
0.53284
0.436812
0.53284
0.436812
0.622959
0.706882
0.622959
0.706882
0.784358
0.855147
0.975856
0.919044
0.855147
0.784358
1.0676
1.02542
0.975856
0.919044
1.12934
1.10227
1.0676
1.02542
1.16038
1.14872
1.10227
1.12934
1.16038
1.14872
1.16426
0.839089
0.431999
0.900151
0.331947
0.226368
0.115598
0.953961
1.00037
0.115598
0.526206
1.03923
1.07046
1.09395
0.770953
0.226368
1.10965
1.11751
1.11751
0.953961
0.331947
1.10965
0.431999
1.09395
1.07046
1.03923
0.526206
1.00037
0.614277
0.900151
0.839089
0.695941
0.770953
0.695941
0.614277
7.56222e-32
7.56222e-32
4.09562e-32
0.114641
0.114641
4.09562e-32
0.328289
0.224189
0.224189
0.328289
0.42662
0.518871
0.518871
0.42662
0.604767
0.684044
0.684044
0.604767
0.821835
0.756472
0.879948
0.930642
0.821835
0.756472
1.00923
0.973778
0.930642
0.879948
1.03691
1.05673
1.00923
0.973778
1.07262
1.06865
1.05673
1.03691
1.06865
0.858432
0.221717
0.113537
0.9059
0.945656
0.113537
0.324201
0.977592
1.00162
0.510837
0.594426
0.221717
1.01767
1.02571
1.02571
0.803384
0.324201
1.01767
0.420671
1.00162
0.977592
0.945656
0.510837
0.9059
0.594426
0.858432
0.740912
0.671192
0.671192
0.740912
0.420671
0.803384
7.44767e-32
7.44767e-32
4.02217e-32
0.112286
0.112286
4.02217e-32
0.218956
0.31968
0.218956
0.31968
0.5021
0.414157
0.5021
0.414157
0.657383
0.583256
0.657383
0.583256
0.783735
0.724274
0.835604
0.879731
0.783735
0.724274
0.916002
0.944312
0.835604
0.879731
0.96459
0.976777
0.944312
0.916002
0.980844
0.976777
0.96459
0.852137
0.110887
0.884811
0.110887
0.909392
0.925817
0.215902
0.93404
0.93404
0.492663
0.571253
0.314728
0.925817
0.706555
0.909392
0.407072
0.884811
0.852137
0.492663
0.811459
0.762888
0.571253
0.642617
0.642617
0.706555
0.407072
0.314728
0.762888
0.215902
0.811459
7.29484e-32
7.29484e-32
3.92782e-32
0.109341
3.92782e-32
0.109341
0.309344
0.212558
0.212558
0.309344
0.39942
0.482523
0.39942
0.482523
0.626893
0.55842
0.55842
0.626893
0.687757
0.74084
0.786001
0.823114
0.74084
0.687757
0.852084
0.872831
0.823114
0.786001
0.889461
0.885302
0.872831
0.852084
0.885302
0.107647
0.792663
0.817819
0.834627
0.208921
0.843041
0.303528
0.843041
0.834627
0.303528
0.817819
0.391197
0.792663
0.759224
0.717592
0.471681
0.667876
0.544753
0.610211
0.544753
0.471681
0.610211
0.391197
0.667876
0.208921
0.107647
0.717592
0.759224
7.10369e-32
7.10369e-32
3.81254e-32
0.105805
0.105805
3.81254e-32
0.297279
0.204993
0.204993
0.297279
0.460135
0.382407
0.382407
0.460135
0.592569
0.530254
0.592569
0.530254
0.693142
0.646914
0.760782
0.731132
0.646914
0.693142
0.782018
0.794779
0.760782
0.731132
0.799038
0.782018
0.794779
0.744676
0.200772
0.753289
0.103815
0.753289
0.744676
0.290598
0.727472
0.373045
0.447887
0.514921
0.701721
0.66749
0.624868
0.447887
0.573967
0.514921
0.373045
0.573967
0.290598
0.624868
0.200772
0.66749
0.701721
0.103815
0.727472
6.87417e-32
6.87417e-32
3.67632e-32
0.101677
0.101677
3.67632e-32
0.283483
0.19626
0.19626
0.283483
0.363114
0.434934
0.363114
0.434934
0.498755
0.554404
0.554404
0.498755
0.640635
0.60174
0.670992
0.69273
0.60174
0.640635
0.705797
0.710155
0.69273
0.670992
0.705797
0.191453
0.665377
0.656558
0.275935
0.638944
0.612577
0.352611
0.577527
0.533881
0.421277
0.481753
0.421277
0.481753
0.352611
0.275935
0.533881
0.191453
0.099392
0.577527
0.612577
0.099392
0.638944
0.656558
0.665377
6.60623e-32
6.60623e-32
3.51913e-32
0.0969581
0.0969581
3.51913e-32
0.267953
0.186356
0.186356
0.267953
0.341539
0.406915
0.341539
0.406915
0.463918
0.512396
0.463918
0.512396
0.552231
0.583316
0.618955
0.605577
0.583316
0.552231
0.618955
0.623419
0.605577
0.57089
0.552851
0.259538
0.525848
0.329893
0.48995
0.259538
0.445246
0.391849
0.391849
0.329893
0.445246
0.180965
0.0943763
0.48995
0.525848
0.0943763
0.552851
0.57992
0.57089
0.57992
0.180965
6.29983e-32
6.29983e-32
0.091646
3.34093e-32
0.091646
3.34093e-32
0.250689
0.175282
0.175282
0.250689
0.376077
0.317679
0.376077
0.317679
0.425741
0.466542
0.425741
0.466542
0.521181
0.498383
0.539454
0.534884
0.498383
0.534884
0.521181
0.241406
0.442172
0.30489
0.405398
0.3596
0.30489
0.3596
0.241406
0.405398
0.169304
0.0887676
0.442172
0.469831
0.0887676
0.488308
0.488308
0.497558
0.169304
0.497558
0.469831
5.95493e-32
5.95493e-32
3.14172e-32
0.0857405
0.0857405
3.14172e-32
0.231688
0.163035
0.163035
0.231688
0.342416
0.291532
0.291532
0.342416
0.384221
0.416839
0.416839
0.384221
0.440196
0.454231
0.458914
0.454231
0.440196
0.2776
0.2776
0.221536
0.324528
0.156471
0.0825652
0.362206
0.390544
0.0825652
0.324528
0.362206
0.409473
0.41895
0.41895
0.156471
0.409473
0.390544
0.221536
5.57148e-32
5.57148e-32
2.92148e-32
0.0792412
0.0792412
2.92148e-32
0.210949
0.149615
0.210949
0.149615
0.305933
0.263098
0.305933
0.263098
0.363286
0.339357
0.339357
0.363286
0.377668
0.382465
0.377668
0.142464
0.0757688
0.286633
0.315671
0.0757688
0.335067
0.199927
0.344777
0.344777
0.286633
0.142464
0.335067
0.315671
0.199927
0.248021
0.248021
5.14946e-32
5.14946e-32
2.68017e-32
0.0721476
0.0721476
2.68017e-32
0.135022
0.188471
0.135022
0.188471
0.266626
0.232375
0.266626
0.232375
0.305885
0.29115
0.29115
0.310802
0.305885
0.245914
0.265792
0.068378
0.068378
0.275742
0.275742
0.127284
0.265792
0.245914
0.216154
0.17658
0.17658
0.216154
0.127284
4.68883e-32
4.68883e-32
2.41781e-32
0.0644595
2.41781e-32
0.0644595
0.119254
0.164255
0.119254
0.164255
0.224496
0.199363
0.224496
0.199363
0.244637
0.2396
0.2396
0.0603926
0.21257
0.21257
0.202372
0.110929
0.181998
0.151494
0.151494
0.110929
0.0603926
0.181998
0.202372
4.18959e-32
4.18959e-32
2.13437e-32
0.0561769
0.0561769
2.13437e-32
0.138299
0.102312
0.102312
0.138299
0.164063
0.179543
0.164063
0.179543
0.184708
0.145555
0.0933998
0.12467
0.0933998
0.0518126
0.12467
0.145555
0.0518126
0.156008
0.156008
3.65173e-32
3.65173e-32
1.82986e-32
0.0472996
0.0472996
1.82986e-32
0.110606
0.0841959
0.0841959
0.110606
0.126476
0.126476
0.131768
0.0746969
0.0746969
0.0426382
0.0961074
0.106824
0.0426382
0.106824
0.0961074
3.07524e-32
3.07524e-32
1.50428e-32
0.037828
1.50428e-32
0.037828
0.0649063
0.0811744
0.0649063
0.0811744
0.0866023
0.0658077
0.0328694
0.0658077
0.0548207
0.0328694
0.0548207
2.46013e-32
2.46013e-32
0.0277622
1.15764e-32
0.0277622
1.15764e-32
0.0444435
0.0444435
0.0500064
0.0225066
0.0337715
0.0225066
0.0337715
1.80643e-32
1.80643e-32
7.89947e-33
0.0171024
0.0171024
7.89947e-33
0.0228081
0.0115499
0.0115499
1.11415e-32
1.11415e-32
4.01208e-33
4.01208e-33
0.00584895
1.6572e-35
3.83301e-33
3.83301e-33
