1.66587e-35
3.85307e-33
3.85307e-33
4.03315e-33
1.11997e-32
0.00587955
0.0116104
4.03315e-33
1.11997e-32
0.0116104
7.94085e-33
0.0226243
1.81587e-32
0.0171918
0.0229271
0.0339481
0.0339481
0.0171918
0.0226243
1.81587e-32
7.94085e-33
1.1637e-32
0.0330412
2.47298e-32
0.0279073
0.0551072
0.0661516
0.0446754
0.0502678
1.1637e-32
0.0330412
0.0446754
0.0661516
0.0551072
0.0279073
2.47298e-32
1.51214e-32
0.0380256
0.0428608
3.09129e-32
0.065245
0.0750871
0.0966093
0.0815985
0.107382
0.0870544
0.107382
0.0815985
0.0380256
3.09129e-32
0.0428608
1.51214e-32
0.0750871
0.065245
0.0966093
1.83941e-32
3.67077e-32
0.0475465
0.052083
0.0846351
0.0938872
0.12532
0.111183
0.052083
3.67077e-32
0.0475465
1.83941e-32
0.156823
0.132456
0.146314
0.127136
0.127136
0.12532
0.146314
0.0846351
0.156823
0.111183
0.0938872
2.1455e-32
0.0607074
4.21142e-32
0.0564698
0.102845
0.111507
0.152284
0.139021
0.180479
0.164919
0.182947
0.203427
4.21142e-32
0.0607074
0.0564698
2.1455e-32
0.102845
0.152284
0.111507
0.139021
0.185671
0.213679
0.180479
0.213679
0.182947
0.203427
0.164919
2.4304e-32
0.068734
4.71323e-32
0.0647953
0.119875
0.127947
0.1775
0.16511
0.247195
0.225666
0.200402
0.21728
0.240848
0.267176
0.277179
0.245912
2.4304e-32
0.068734
4.71323e-32
0.0647953
0.119875
0.127947
0.1775
0.16511
0.267176
0.247195
0.21728
0.277179
0.200402
0.240848
0.225666
2.69412e-32
0.0761628
5.17623e-32
0.072523
0.135724
0.143206
0.200968
0.189452
0.249312
0.288124
0.268014
0.233584
0.292666
0.317314
0.336811
0.307478
0.072523
2.69412e-32
0.0761628
5.17623e-32
0.31242
0.346571
0.346571
0.307478
0.143206
0.200968
0.135724
0.189452
0.268014
0.317314
0.336811
0.249312
0.233584
0.292666
0.288124
2.93666e-32
0.0829941
5.60041e-32
0.0796531
0.212046
0.150393
0.157284
0.222687
0.279043
0.326215
0.307524
0.264465
0.341122
0.364089
0.392574
0.365176
0.379633
0.411602
0.421128
0.384454
5.60041e-32
0.0796531
2.93666e-32
0.0829941
0.222687
0.157284
0.212046
0.150393
0.421128
0.411602
0.379633
0.365176
0.307524
0.264465
0.279043
0.326215
0.364089
0.392574
0.341122
3.15804e-32
0.0892281
5.98581e-32
0.0861857
0.163881
0.242659
0.232891
0.170183
0.0861857
0.0892281
5.98581e-32
3.15804e-32
0.306473
0.361466
0.344195
0.293046
0.386216
0.444468
0.419005
0.407503
0.456591
0.472271
0.490844
0.442482
0.500142
0.461298
0.456591
0.500142
0.170183
0.242659
0.232891
0.163881
0.361466
0.306473
0.344195
0.293046
0.490844
0.472271
0.407503
0.442482
0.444468
0.386216
0.419005
3.35826e-32
0.0948654
6.33246e-32
0.0921212
0.176191
0.181903
0.260884
0.251989
0.0921212
0.0948654
6.33246e-32
3.35826e-32
0.331604
0.39388
0.378028
0.319326
0.181903
0.251989
0.260884
0.176191
0.427949
0.447555
0.468963
0.492491
0.523886
0.528575
0.555718
0.500969
0.582928
0.542254
0.57385
0.53766
0.53766
0.582928
0.57385
0.523886
0.319326
0.39388
0.331604
0.378028
0.555718
0.468963
0.492491
0.447555
0.427949
0.500969
0.528575
3.53735e-32
0.0974603
0.0999064
6.6404e-32
0.187321
0.192445
0.277364
0.269342
0.354436
0.423458
0.409024
0.343308
0.0974603
0.0999064
6.6404e-32
3.53735e-32
0.277364
0.192445
0.269342
0.187321
0.466321
0.484247
0.536646
0.515052
0.354436
0.409024
0.343308
0.423458
0.555092
0.580517
0.615749
0.586338
0.608715
0.622162
0.642252
0.659958
0.668822
0.622162
0.626649
0.668822
0.608715
0.642252
0.659958
0.586338
0.484247
0.580517
0.515052
0.466321
0.615749
0.555092
0.536646
3.69534e-32
6.90969e-32
0.102203
0.104352
0.197275
0.20181
0.2921
0.28495
0.374974
0.450202
0.437184
0.364992
0.102203
0.104352
6.90969e-32
3.69534e-32
0.501335
0.517583
0.576934
0.557273
0.2921
0.20181
0.28495
0.197275
0.437184
0.450202
0.374974
0.364992
0.628099
0.604853
0.670941
0.64395
0.517583
0.501335
0.557273
0.576934
0.696314
0.674463
0.731232
0.705348
0.709448
0.748525
0.713828
0.757183
0.757183
0.696314
0.709448
0.748525
0.674463
0.64395
0.604853
0.705348
0.628099
0.670941
0.731232
3.83225e-32
0.108203
7.14036e-32
0.106351
0.206052
0.21
0.305096
0.298815
0.393218
0.474116
0.384382
0.462513
0.532994
0.547565
0.613361
0.59563
0.106351
0.108203
7.14036e-32
3.83225e-32
0.21
0.305096
0.298815
0.206052
0.721295
0.671323
0.650256
0.696722
0.474116
0.393218
0.462513
0.384382
0.59563
0.532994
0.547565
0.613361
0.796753
0.764711
0.734908
0.763142
0.650256
0.721295
0.671323
0.696722
0.798884
0.786056
0.838933
0.822039
0.84739
0.803164
0.798884
0.84739
0.764711
0.796753
0.763142
0.786056
0.838933
0.822039
0.734908
3.9481e-32
0.111459
7.33246e-32
0.109905
0.213655
0.217016
0.316352
0.310941
0.409172
0.401481
0.495203
0.485013
0.5613
0.574198
0.64593
0.630127
3.9481e-32
7.33246e-32
0.109905
0.111459
0.74466
0.691304
0.710197
0.766818
0.213655
0.217016
0.316352
0.310941
0.495203
0.409172
0.485013
0.401481
0.815639
0.856525
0.827357
0.790053
0.630127
0.64593
0.5613
0.574198
0.691304
0.710197
0.74466
0.766818
0.889367
0.914074
0.856476
0.877329
0.856525
0.815639
0.790053
0.827357
0.894045
0.889864
0.938848
0.930583
0.889367
0.938848
0.914074
0.930583
0.877329
0.889864
0.856476
4.04292e-32
0.114123
7.48605e-32
0.112865
0.220085
0.22286
0.325871
0.321328
0.416291
0.422839
0.513468
0.504688
0.586261
0.597487
0.674647
0.66077
0.112865
0.114123
7.48605e-32
4.04292e-32
0.78777
0.728004
0.744725
0.807517
0.220085
0.321328
0.325871
0.22286
0.910557
0.884258
0.862846
0.839904
0.422839
0.513468
0.504688
0.416291
0.66077
0.674647
0.597487
0.586261
0.950516
0.982614
0.949169
0.920713
0.807517
0.728004
0.744725
0.78777
0.910557
0.862846
0.839904
0.884258
0.981799
0.96955
1.00676
1.0229
0.949169
0.920713
0.982614
0.950516
1.03098
0.985887
0.981799
0.96955
1.0229
1.00676
1.03098
4.11673e-32
0.116193
7.60116e-32
0.115232
0.225343
0.227533
0.333656
0.32998
0.115232
0.116193
7.60116e-32
4.11673e-32
0.428816
0.434222
0.528913
0.521542
0.607879
0.617436
0.699519
0.687563
0.843399
0.826059
0.760362
0.774914
0.32998
0.225343
0.333656
0.227533
0.904772
0.935422
0.958855
0.884469
0.428816
0.528913
0.521542
0.434222
1.01441
1.0055
1.04456
0.978777
0.699519
0.617436
0.687563
0.607879
0.843399
0.774914
0.760362
0.826059
1.06215
1.07594
1.09956
1.04223
0.958855
0.904772
0.884469
0.935422
1.04456
1.01441
0.978777
1.0055
1.07413
1.07812
1.12323
1.11533
1.06215
1.04223
1.07594
1.09956
1.12323
1.07413
1.11533
4.16956e-32
0.117672
7.67783e-32
0.117007
0.229432
0.231037
0.339709
0.336899
0.439059
0.443325
0.541544
0.53558
0.117007
0.117672
7.67783e-32
4.16956e-32
0.336899
0.339709
0.229432
0.231037
0.62616
0.634051
0.72055
0.710514
0.800773
0.874472
0.859536
0.788385
0.941425
0.980858
1.00143
0.923757
0.439059
0.53558
0.541544
0.443325
1.05432
1.09993
1.07307
1.03068
0.62616
0.710514
0.634051
0.72055
1.13814
1.16883
1.10791
1.13512
0.859536
0.874472
0.800773
0.788385
0.941425
0.980858
0.923757
1.00143
1.16631
1.19192
1.20736
1.1546
1.07307
1.05432
1.09993
1.03068
1.10791
1.16883
1.13512
1.13814
1.17022
1.1546
1.21508
1.21508
1.16631
1.19192
1.20736
4.20142e-32
0.118559
7.71607e-32
0.11819
0.232351
0.233372
0.344031
0.342086
0.447022
0.450149
0.551364
0.546805
0.64111
0.729628
0.647336
0.737748
0.11819
0.118559
7.71607e-32
4.20142e-32
0.233372
0.342086
0.344031
0.232351
0.546805
0.551364
0.450149
0.447022
0.822308
0.900746
0.888208
0.812081
1.02058
1.0383
0.957779
0.972818
1.14873
1.12515
1.097
1.07643
0.729628
0.64111
0.737748
0.647336
1.16662
1.19335
1.23073
1.2007
0.812081
0.822308
0.888208
0.900746
1.22731
1.28336
1.24637
1.26076
1.0383
0.972818
1.02058
0.957779
1.14873
1.097
1.12515
1.07643
1.30602
1.25783
1.29846
1.26165
1.16662
1.19335
1.2007
1.23073
1.24637
1.22731
1.30602
1.29846
1.26076
1.25783
1.28336
4.21231e-32
0.118855
7.7159e-32
0.118781
0.234103
0.23454
0.346624
0.345543
0.452708
0.454698
0.558376
0.555221
0.118781
0.118855
7.7159e-32
4.21231e-32
0.652732
0.751118
0.744911
0.657296
0.839527
0.92223
0.912086
0.831457
0.345543
0.346624
0.23454
0.234103
0.555221
0.558376
0.454698
0.452708
0.652732
0.657296
0.744911
0.751118
1.0546
0.986544
1.06947
0.998959
1.19098
1.17068
1.13354
1.11604
1.21835
1.24161
1.28529
1.25893
0.912086
0.831457
0.839527
0.92223
1.32187
1.31833
1.35127
1.29229
0.986544
1.0546
1.06947
0.998959
1.34819
1.37339
1.38817
1.33698
1.17068
1.19098
1.13354
1.11604
1.28529
1.24161
1.25893
1.21835
1.39557
1.35193
1.34819
1.39557
1.32187
1.29229
1.38817
1.35127
1.31833
1.33698
1.37339
4.20225e-32
0.118559
7.67732e-32
0.118781
0.234686
0.23454
0.347488
0.347272
0.456119
0.456972
0.562582
0.56083
0.661031
0.663934
0.760665
0.756369
0.118781
0.118559
7.67732e-32
4.20225e-32
0.23454
0.347272
0.347488
0.234686
0.852435
0.93893
0.931177
0.84652
1.01986
1.09495
1.08292
1.01006
0.456972
0.456119
0.56083
0.562582
0.756369
0.661031
0.760665
0.663934
0.852435
0.84652
0.93893
0.931177
1.20966
1.2267
1.16397
1.14952
1.26314
1.28294
1.33251
1.30981
1.37528
1.34954
1.4111
1.38219
1.01006
1.08292
1.01986
1.09495
1.46155
1.43989
1.42595
1.40769
1.14952
1.16397
1.2267
1.20966
1.43693
1.47603
1.48327
1.4406
1.33251
1.30981
1.26314
1.28294
1.34954
1.37528
1.38219
1.4111
1.43693
1.42595
1.48327
1.47603
1.40769
1.43989
1.46155
4.17122e-32
0.117672
7.60032e-32
0.11819
0.234103
0.233372
0.346624
0.347272
0.563634
0.457256
0.456972
0.563984
0.11819
0.117672
7.60032e-32
4.17122e-32
0.666009
0.667253
0.766391
0.764005
0.861037
0.950853
0.945488
0.857274
0.233372
0.347272
0.346624
0.234103
0.563634
0.563984
0.457256
0.456972
1.03553
1.11476
1.10557
1.02835
1.1883
1.24211
1.1769
1.2559
0.764005
0.766391
0.667253
0.666009
0.945488
0.857274
0.861037
0.950853
1.11476
1.03553
1.02835
1.10557
1.301
1.35338
1.37243
1.31734
1.39909
1.42099
1.46289
1.438
1.49496
1.52619
1.46999
1.49799
1.1769
1.24211
1.2559
1.1883
1.51285
1.52361
1.54742
1.5616
1.301
1.37243
1.35338
1.31734
1.5687
1.5687
1.5272
1.52361
1.42099
1.46289
1.39909
1.438
1.5616
1.54742
1.49799
1.46999
1.52619
1.51285
1.49496
4.11922e-32
0.116193
7.48486e-32
0.117007
0.232351
0.231037
0.344031
0.345543
0.562582
0.563634
0.456119
0.454698
0.667668
0.667253
0.768299
0.767822
0.117007
0.116193
7.48486e-32
4.11922e-32
0.231037
0.345543
0.344031
0.232351
0.865338
0.958005
0.955025
0.863725
1.04597
1.12891
1.12254
1.0414
0.563634
0.562582
0.454698
0.456119
0.767822
0.667668
0.768299
0.667253
1.20654
1.27859
1.19818
1.26806
1.33195
1.38965
1.40505
1.34484
0.865338
0.863725
0.958005
0.955025
1.0414
1.12254
1.12891
1.04597
1.19818
1.26806
1.27859
1.20654
1.44098
1.48577
1.45905
1.50665
1.5239
1.58213
1.54772
1.55525
1.60978
1.57973
1.63059
1.59726
1.33195
1.38965
1.34484
1.40505
1.65146
1.6078
1.61132
1.64449
1.44098
1.45905
1.50665
1.48577
1.6078
1.65146
1.64449
1.59726
1.55525
1.54772
1.5239
1.58213
1.60978
1.57973
1.63059
4.04624e-32
0.114123
7.33094e-32
0.115232
0.229432
0.227533
0.339709
0.342086
0.450149
0.558376
0.56083
0.452708
0.115232
0.114123
7.33094e-32
4.04624e-32
0.666009
0.663934
0.766391
0.767822
0.865338
0.960389
0.865876
0.959793
0.227533
0.342086
0.339709
0.229432
0.56083
0.558376
0.452708
0.450149
1.05118
1.13739
1.13385
1.04923
1.2875
1.21869
1.29479
1.21337
0.663934
0.666009
0.766391
0.767822
0.865876
0.959793
0.960389
0.865338
1.356
1.36545
1.41864
1.43041
1.47521
1.48946
1.54242
1.52553
1.05118
1.13739
1.04923
1.13385
1.29479
1.21869
1.21337
1.2875
1.43041
1.356
1.41864
1.36545
1.56946
1.60685
1.58911
1.62939
1.69027
1.66315
1.66159
1.63759
1.68912
1.71068
1.72432
1.67879
1.47521
1.54242
1.48946
1.52553
1.68912
1.73115
1.69257
1.73115
1.62939
1.60685
1.56946
1.58911
1.67879
1.69027
1.66315
1.71068
1.72432
1.63759
1.66159
3.95225e-32
0.111459
7.13849e-32
0.112865
0.225343
0.336899
0.22286
0.333656
0.443325
0.551364
0.555221
0.447022
0.112865
0.111459
7.13849e-32
3.95225e-32
0.661031
0.657296
0.760665
0.764005
0.22286
0.336899
0.333656
0.225343
0.861037
0.863726
0.958005
0.959793
1.05118
1.14021
1.13951
1.05184
0.447022
0.555221
0.551364
0.443325
0.657296
0.764005
0.661031
0.760665
1.30046
1.22476
1.30451
1.22248
1.37918
1.37317
1.4485
1.44036
0.863726
0.958005
0.959793
0.861037
1.13951
1.14021
1.05118
1.05184
1.50181
1.57021
1.55731
1.51225
1.66801
1.60668
1.62218
1.64978
1.30451
1.22476
1.22248
1.30046
1.37317
1.44036
1.4485
1.37918
1.50181
1.51225
1.55731
1.57021
1.71664
1.68647
1.70756
1.74069
1.76732
1.78735
1.75707
1.74019
1.80745
1.77059
1.80074
1.76721
1.64978
1.62218
1.60668
1.66801
1.80745
1.76721
1.80074
1.75707
1.78735
1.71664
1.76732
1.68647
1.74019
1.70756
1.74069
3.83723e-32
0.108203
6.90748e-32
0.109905
0.109905
0.108203
6.90748e-32
3.83723e-32
0.220085
0.325871
0.32998
0.217016
0.434222
0.541544
0.546805
0.439059
0.652732
0.647336
0.751118
0.756369
0.32998
0.325871
0.220085
0.217016
0.857274
0.852435
0.950853
0.955025
0.546805
0.541544
0.434222
0.439059
1.04597
1.13739
1.13951
1.04923
1.22476
1.30775
1.30694
1.22552
0.647336
0.756369
0.652732
0.751118
0.852435
0.950853
0.857274
0.955025
1.38347
1.38604
1.45936
1.45484
1.52079
1.52744
1.58112
1.59004
1.13739
1.04597
1.04923
1.13951
1.22476
1.22552
1.30694
1.30775
1.63561
1.64697
1.69802
1.68409
1.72641
1.78188
1.74304
1.76244
1.38347
1.45484
1.38604
1.45936
1.52079
1.59004
1.52744
1.58112
1.63561
1.69802
1.68409
1.64697
1.84058
1.81519
1.79206
1.81443
1.87342
1.86027
1.83176
1.84172
1.84172
1.84505
1.88001
1.88001
1.72641
1.76244
1.78188
1.74304
1.87342
1.81519
1.83176
1.86027
1.81443
1.84058
1.79206
3.70116e-32
0.104352
6.63785e-32
0.106351
0.213655
0.21
0.316352
0.321328
0.106351
0.104352
6.63785e-32
3.70116e-32
0.321328
0.316352
0.213655
0.21
0.422839
0.528913
0.53558
0.428816
0.64111
0.634051
0.737748
0.744911
0.84652
0.839527
0.93893
0.945488
0.428816
0.422839
0.53558
0.528913
1.03553
1.12891
1.13385
1.0414
0.744911
0.737748
0.64111
0.634051
1.21869
1.30451
1.30694
1.22248
1.3869
1.46298
1.46207
1.38604
0.84652
0.93893
0.839527
0.945488
1.12891
1.13385
1.03553
1.0414
1.53503
1.60194
1.53218
1.59698
1.65625
1.66348
1.71943
1.7098
1.30451
1.22248
1.30694
1.21869
1.38604
1.46207
1.3869
1.46298
1.75744
1.76962
1.81388
1.79903
1.86354
1.88407
1.83443
1.85207
1.59698
1.53218
1.53503
1.60194
1.66348
1.65625
1.71943
1.7098
1.75744
1.81388
1.79903
1.76962
1.92914
1.90978
1.88627
1.90256
1.91562
1.91235
1.94207
1.94855
1.91235
1.94855
1.90256
1.94207
1.83443
1.88627
1.88407
1.85207
1.90978
1.92914
1.86354
3.54401e-32
0.102203
0.0999064
6.32957e-32
0.206052
0.20181
0.305096
0.310941
0.409172
0.513468
0.521542
0.416291
0.102203
0.0999064
6.32957e-32
3.54401e-32
0.20181
0.310941
0.305096
0.206052
0.521542
0.513468
0.409172
0.416291
0.62616
0.617436
0.72055
0.729628
0.831457
0.822308
0.92223
0.931177
1.02835
1.01986
1.11476
1.12254
0.617436
0.729628
0.62616
0.72055
1.20654
1.29479
1.30046
1.21337
0.831457
0.92223
0.931177
0.822308
1.46207
1.38347
1.37918
1.45936
1.6059
1.53598
1.53503
1.60491
1.01986
1.02835
1.12254
1.11476
1.21337
1.30046
1.29479
1.20654
1.66863
1.73227
1.72692
1.67173
1.77958
1.83671
1.78733
1.82644
1.46207
1.38347
1.37918
1.45936
1.6059
1.53503
1.60491
1.53598
1.91784
1.90217
1.88026
1.86734
1.94933
1.9308
1.95316
1.97464
1.66863
1.73227
1.72692
1.67173
1.77958
1.83671
1.78733
1.82644
1.90217
1.86734
1.91784
1.88026
1.96918
2.00641
1.97881
1.99368
2.01278
2.01278
1.98202
1.97881
1.96918
1.97464
1.99368
2.00641
1.94933
1.95316
1.9308
3.36575e-32
5.98257e-32
0.0974603
0.0948654
0.197275
0.192445
0.2921
0.298815
0.393218
0.495203
0.504688
0.401481
0.0974603
0.0948654
5.98257e-32
3.36575e-32
0.607879
0.597487
0.699519
0.710514
0.192445
0.298815
0.2921
0.197275
0.401481
0.393218
0.504688
0.495203
0.597487
0.710514
0.699519
0.607879
0.812081
0.800773
0.900746
0.912086
0.998959
1.09495
1.10557
1.01006
1.1883
1.27859
1.2875
1.19818
0.812081
0.912086
0.900746
0.800773
1.37317
1.4485
1.45484
1.36545
1.09495
1.10557
0.998959
1.01006
1.52744
1.60194
1.53218
1.60491
1.73655
1.67276
1.67173
1.73548
1.27859
1.1883
1.19818
1.2875
1.45484
1.37317
1.4485
1.36545
1.8447
1.79286
1.79618
1.8504
1.89904
1.9311
1.89083
1.94194
1.52744
1.60194
1.53218
1.60491
1.73655
1.67173
1.67276
1.73548
2.00997
1.99357
1.97895
1.96538
2.0349
2.01559
2.03136
2.05366
1.79286
1.8504
1.8447
1.79618
1.94194
1.9311
1.89083
1.89904
1.96538
1.99357
1.97895
2.00997
2.044
2.04084
2.0662
2.07247
2.07247
2.04084
2.03136
2.05366
2.0662
2.0349
2.01559
3.16636e-32
0.0892281
5.59683e-32
0.0921212
0.0921212
0.0892281
5.59683e-32
3.16636e-32
0.187321
0.181903
0.277364
0.28495
0.374974
0.474116
0.485013
0.384382
0.586261
0.574198
0.674647
0.687563
0.28495
0.277364
0.187321
0.181903
0.788385
0.774914
0.874472
0.888209
0.485013
0.374974
0.474116
0.384382
0.674647
0.574198
0.687563
0.586261
0.788385
0.888209
0.874472
0.774914
0.986545
0.972818
1.06947
1.08292
1.16397
1.2559
1.26806
1.1769
1.356
1.44036
1.34484
1.43041
1.06947
1.08292
0.972818
0.986545
1.51225
1.59698
1.52079
1.59004
1.16397
1.1769
1.26806
1.2559
1.73227
1.73548
1.66863
1.66348
1.85382
1.79728
1.85496
1.79618
1.44036
1.356
1.34484
1.43041
1.59698
1.52079
1.51225
1.59004
1.90843
1.95639
1.95037
1.90491
1.99868
2.02384
2.03518
1.99005
1.66348
1.66863
1.73548
1.73227
1.85496
1.79618
1.79728
1.85382
2.09035
2.06577
2.07332
2.05162
2.08886
2.09821
2.12121
2.10885
1.90491
1.90843
1.95037
1.95639
1.99005
1.99868
2.03518
2.02384
2.06577
2.09035
2.05162
2.07332
2.10132
2.1274
2.1274
2.09821
2.10885
2.12121
2.08886
2.94582e-32
0.0829941
5.17231e-32
0.0861857
2.94582e-32
0.0861857
0.0829941
5.17231e-32
0.176191
0.170183
0.260884
0.269342
0.269342
0.260884
0.176191
0.170183
0.364992
0.354436
0.450203
0.462513
0.5613
0.547565
0.64593
0.66077
0.760362
0.744725
0.843399
0.859536
0.462513
0.450203
0.354436
0.364992
0.957779
0.941425
1.0383
1.0546
0.547565
0.66077
0.64593
0.5613
0.760362
0.859536
0.843399
0.744725
0.941425
0.957779
1.0546
1.0383
1.13354
1.2267
1.24211
1.14952
1.33195
1.40505
1.31734
1.41864
1.58112
1.50181
1.48946
1.57021
1.13354
1.2267
1.24211
1.14952
1.72692
1.64697
1.65625
1.71943
1.31734
1.41864
1.40505
1.33195
1.8504
1.85382
1.78733
1.79286
1.90843
1.96
1.9612
1.9096
1.58112
1.57021
1.48946
1.50181
1.65625
1.72692
1.64697
1.71943
2.05029
2.00485
2.00854
2.044
2.08632
2.11652
2.10474
2.07733
1.8504
1.79286
1.78733
1.85382
1.9096
1.96
1.90843
1.9612
2.12615
2.14149
2.15904
2.14078
2.1507
2.15378
2.17125
2.17736
2.00854
2.00485
2.044
2.05029
2.11652
2.07733
2.10474
2.08632
2.17736
2.12615
2.17125
2.1507
2.14149
2.15904
2.14078
0.0796531
0.0761628
4.70897e-32
2.70412e-32
2.70412e-32
0.0761628
4.70897e-32
0.0796531
0.163881
0.157284
0.242659
0.251989
0.163881
0.157284
0.251989
0.242659
0.331604
0.423458
0.437184
0.343308
0.437184
0.423458
0.331604
0.343308
0.532994
0.517583
0.613361
0.630127
0.728004
0.710197
0.807517
0.826059
0.923757
0.904772
1.00143
1.02058
0.613361
0.517583
0.630127
0.532994
1.11604
1.097
1.19098
1.20966
0.710197
0.728004
0.826059
0.807517
1.00143
0.923757
1.02058
0.904772
1.11604
1.20966
1.19098
1.097
1.38965
1.301
1.28294
1.37243
1.55731
1.47521
1.54242
1.45905
1.7098
1.62218
1.69802
1.63561
1.38965
1.37243
1.301
1.28294
1.8447
1.76962
1.83671
1.77958
1.55731
1.45905
1.47521
1.54242
1.89904
1.95639
1.90491
1.96
2.05407
2.05533
2.00977
2.00854
1.7098
1.69802
1.62218
1.63561
1.76962
1.77958
1.8447
1.83671
2.0966
2.13221
2.12567
2.09275
2.16205
2.17389
2.18603
2.15275
1.90491
1.95639
1.96
1.89904
2.00854
2.00977
2.05407
2.05533
2.18904
2.20408
2.21614
2.19815
2.19815
2.20118
2.22218
2.22218
2.12567
2.09275
2.13221
2.0966
2.16205
2.18603
2.17389
2.21614
2.20408
2.15275
2.18904
0.072523
0.068734
4.20681e-32
2.44124e-32
0.232891
0.222687
0.150393
0.143206
2.44124e-32
0.068734
4.20681e-32
0.072523
0.150393
0.143206
0.222687
0.232891
0.306473
0.39388
0.409024
0.319326
0.39388
0.306473
0.319326
0.409024
0.501335
0.484248
0.576935
0.59563
0.484248
0.59563
0.576935
0.501335
0.691304
0.671323
0.766819
0.78777
0.884469
0.862846
0.958856
0.980859
1.05432
1.14873
1.17068
1.07643
0.671323
0.691304
0.78777
0.766819
1.26314
1.24161
1.33251
1.35338
0.862846
0.958856
0.884469
0.980859
1.14873
1.07643
1.17068
1.05432
1.24161
1.35338
1.26314
1.33251
1.42099
1.44098
1.50665
1.52553
1.68409
1.58911
1.66801
1.60668
1.81388
1.74304
1.82644
1.75744
1.52553
1.50665
1.42099
1.44098
1.88026
1.95037
1.94194
1.89083
1.58911
1.60668
1.68409
1.66801
2.05029
1.99868
2.05407
2.00485
2.09788
2.13743
2.13613
2.0966
1.82644
1.81388
1.75744
1.74304
1.95037
1.89083
1.88026
1.94194
2.19547
2.16869
2.17268
2.20221
2.22594
2.21638
2.24381
2.23136
2.05029
2.00485
1.99868
2.05407
2.09788
2.13743
2.13613
2.0966
2.24337
2.25574
2.24037
2.26172
2.24037
2.25574
2.23136
2.26172
2.19547
2.17268
2.20221
2.16869
2.24381
2.22594
2.21638
0.0647953
0.0607074
3.66582e-32
2.15718e-32
0.212046
0.200968
0.135724
0.127947
2.15718e-32
0.0607074
3.66582e-32
0.0647953
0.378028
0.361467
0.279043
0.293046
0.135724
0.127947
0.200968
0.212046
0.279043
0.361467
0.378028
0.293046
0.466321
0.447555
0.536646
0.557273
0.557273
0.536646
0.466321
0.447555
0.650256
0.628099
0.721295
0.74466
0.650256
0.74466
0.721295
0.628099
0.839904
0.815639
0.910557
0.935422
1.03068
1.0055
1.09993
1.12515
1.21835
1.19335
1.28529
1.30981
0.910557
0.839904
0.935422
0.815639
1.48577
1.39909
1.46289
1.37528
1.0055
1.09993
1.12515
1.03068
1.19335
1.30981
1.28529
1.21835
1.48577
1.37528
1.39909
1.46289
1.6294
1.54772
1.64978
1.56946
1.78188
1.79903
1.70756
1.72641
1.9311
1.85207
1.91784
1.86734
1.54772
1.64978
1.6294
1.56946
1.97895
2.03518
2.044
1.99005
1.70756
1.78188
1.79903
1.72641
2.08632
2.13221
2.09275
2.13613
2.174
2.17268
2.20625
2.2076
1.86734
1.85207
1.9311
1.91784
2.044
1.99005
2.03518
1.97895
2.25348
2.26039
2.23687
2.23277
2.27723
2.26832
2.27809
2.28992
2.09275
2.13221
2.08632
2.13613
2.2076
2.174
2.17268
2.20625
2.28021
2.27723
2.29584
2.29584
2.25348
2.23687
2.26832
2.28992
2.23277
2.26039
2.27809
0.0564698
0.052083
3.086e-32
1.85193e-32
0.189452
0.1775
0.119875
0.111507
1.85193e-32
0.052083
3.086e-32
0.0564698
0.344195
0.326215
0.249312
0.264465
0.119875
0.111507
0.1775
0.189452
0.515052
0.492491
0.427949
0.407503
0.249312
0.326215
0.344195
0.264465
0.427949
0.407503
0.492491
0.515052
0.604853
0.580517
0.670941
0.696722
0.604853
0.696722
0.670941
0.580517
0.790053
0.763142
0.856526
0.884258
0.763142
0.790053
0.884258
0.856526
0.950516
1.04456
1.07307
0.978777
1.16662
1.13814
1.23073
1.25893
1.34954
1.438
1.32187
1.4111
0.950516
1.07307
1.04456
0.978777
1.49799
1.60685
1.58213
1.5239
1.13814
1.23073
1.25893
1.16662
1.4111
1.32187
1.438
1.34954
1.58213
1.49799
1.5239
1.60685
1.76244
1.66315
1.74069
1.68647
1.81443
1.90217
1.88407
1.83443
1.94933
2.00997
2.02384
1.96538
1.74069
1.76244
1.66315
1.68647
2.11652
2.06577
2.07733
2.12567
1.90217
1.83443
1.81443
1.88407
2.16205
2.20221
2.16869
2.20625
2.26591
2.23823
2.23687
2.26453
2.02384
1.94933
1.96538
2.00997
2.11652
2.07733
2.12567
2.06577
2.28507
2.29978
2.30682
2.28925
2.31856
2.30862
2.31157
2.32444
2.20625
2.16205
2.20221
2.16869
2.23823
2.26453
2.23687
2.26591
2.28925
2.29978
2.30682
2.30862
2.32444
2.31856
2.28507
0.0475465
0.0428608
2.46735e-32
1.5255e-32
0.165111
0.152284
0.102845
0.0938872
1.5255e-32
0.0428608
2.46735e-32
0.0475465
0.307524
0.288124
0.21728
0.233584
0.102845
0.0938872
0.152284
0.165111
0.468963
0.444468
0.386216
0.364089
0.21728
0.288124
0.307524
0.233584
0.555092
0.64395
0.615749
0.528575
0.386216
0.364089
0.444468
0.468963
0.555092
0.528575
0.615749
0.64395
0.734908
0.705348
0.796753
0.827357
0.734908
0.827357
0.705348
0.796753
0.920714
0.889367
0.982615
1.01441
0.982615
0.889367
0.920714
1.01441
1.10791
1.07595
1.16883
1.2007
1.38219
1.29229
1.26076
1.35127
1.5262
1.55525
1.43989
1.46999
1.07595
1.2007
1.16883
1.10791
1.60978
1.69027
1.71664
1.63759
1.35127
1.26076
1.38219
1.29229
1.5262
1.43989
1.55525
1.46999
1.60978
1.69027
1.63759
1.71664
1.86354
1.84059
1.76732
1.79206
1.90978
1.97464
1.99357
1.9308
2.09035
2.05162
2.10474
2.0349
1.86354
1.84059
1.76732
1.79206
2.15275
2.14078
2.19547
2.18603
1.97464
1.9308
1.90978
1.99357
2.26039
2.22594
2.23277
2.26453
2.31245
2.31104
2.29065
2.28925
2.0349
2.09035
2.05162
2.10474
2.18603
2.19547
2.15275
2.14078
2.33443
2.34157
2.32565
2.3299
2.33736
2.34741
2.34741
2.33443
2.23277
2.26039
2.26453
2.22594
2.31104
2.34157
2.29065
2.31245
2.3299
2.32565
2.28925
0.0380256
0.0330412
1.8099e-32
1.17789e-32
1.17789e-32
0.0330412
1.8099e-32
0.0380256
0.139021
0.125321
0.0846351
0.0750871
0.268014
0.247195
0.182947
0.200402
0.0846351
0.0750871
0.125321
0.139021
0.317314
0.419005
0.392574
0.341122
0.182947
0.247195
0.268014
0.200402
0.500969
0.586339
0.555718
0.472271
0.341122
0.317314
0.392574
0.419005
0.674464
0.764711
0.731232
0.642252
0.500969
0.472271
0.555718
0.586339
0.674464
0.642252
0.731232
0.764711
0.856476
0.822039
0.914074
0.949169
0.856476
0.949169
0.914074
0.822039
1.04223
1.00676
1.09956
1.13512
1.13512
1.00676
1.09956
1.04223
1.31833
1.22731
1.28336
1.19192
1.37339
1.40769
1.49496
1.46155
1.54742
1.66159
1.63059
1.57973
1.28336
1.19192
1.31833
1.22731
1.71068
1.81519
1.78735
1.74019
1.37339
1.46155
1.40769
1.49496
1.63059
1.54742
1.66159
1.57973
1.81519
1.71068
1.78735
1.74019
1.95316
1.86027
1.92914
1.88628
2.05366
1.99368
2.07332
2.01559
2.12615
2.10885
2.15904
2.17389
1.86027
1.92914
1.95316
1.88628
2.20408
2.25348
2.21638
2.24381
1.99368
2.07332
2.01559
2.05366
2.27809
2.30682
2.28507
2.31104
2.34728
2.3299
2.33132
2.34585
2.12615
2.17389
2.15904
2.10885
2.21638
2.24381
2.20408
2.25348
2.36471
2.35751
2.35459
2.35889
2.35889
2.34585
2.35459
2.36471
2.30682
2.28507
2.27809
2.31104
2.33132
2.34728
2.3299
8.09112e-33
0.0226243
1.11365e-32
0.0279073
0.0279073
0.0226243
1.11365e-32
8.09112e-33
0.111183
0.0966093
0.065245
0.0551072
0.065245
0.0551072
0.0966093
0.111183
0.225666
0.203427
0.146314
0.164919
0.365176
0.336811
0.292666
0.267177
0.146314
0.203427
0.164919
0.225666
0.442482
0.523886
0.490844
0.411602
0.292666
0.267177
0.336811
0.365176
0.608715
0.696314
0.57385
0.659958
0.442482
0.411602
0.490844
0.523886
0.786056
0.877329
0.838933
0.748525
0.608715
0.57385
0.659958
0.696314
0.786056
0.748525
0.838933
0.877329
0.96955
0.930583
1.0229
1.06215
0.96955
1.06215
0.930583
1.0229
1.11533
1.20736
1.1546
1.24637
1.11533
1.24637
1.20736
1.1546
1.38817
1.42595
1.29846
1.33698
1.47603
1.59726
1.51285
1.5616
1.64449
1.72432
1.75707
1.67879
1.38817
1.29846
1.42595
1.33698
1.80074
1.90256
1.87342
1.83176
1.5616
1.47603
1.51285
1.59726
1.75707
1.64449
1.72432
1.67879
1.87342
1.80074
1.90256
1.83176
2.00641
2.03136
1.94207
1.96918
2.12121
2.0662
2.14149
2.08886
2.18904
2.21614
2.23136
2.17125
1.94207
2.03136
1.96918
2.00641
2.26832
2.28992
2.25574
2.29978
2.08886
2.12121
2.14149
2.0662
2.32565
2.34585
2.31856
2.34157
2.37047
2.35889
2.36903
2.36033
2.17125
2.18904
2.23136
2.21614
2.26832
2.29978
2.28992
2.25574
2.36903
2.37193
2.37627
2.37627
2.34157
2.37047
2.36033
2.34585
2.32565
2.31856
2.35889
0.0171918
0.0116104
3.78646e-33
4.19178e-33
4.19178e-33
0.0116104
3.78646e-33
0.0171918
0.0446754
0.0339481
0.0661516
0.0815986
0.0815986
0.0661516
0.0446754
0.0339481
0.180479
0.156823
0.107382
0.127136
0.107382
0.127136
0.156823
0.180479
0.307478
0.277179
0.240848
0.213679
0.379633
0.456591
0.421128
0.346571
0.240848
0.213679
0.277179
0.307478
0.53766
0.622162
0.582928
0.500142
0.379633
0.346571
0.421128
0.456591
0.709448
0.798884
0.757183
0.668822
0.53766
0.500142
0.582928
0.622162
0.889864
0.981799
0.938848
0.847391
0.709448
0.668822
0.757183
0.798884
0.981799
0.889864
0.847391
0.938848
1.03098
1.12323
1.16631
1.07413
1.07413
1.16631
1.03098
1.12323
1.34819
1.21508
1.25783
1.30602
1.34819
1.21508
1.30602
1.25783
1.39557
1.48327
1.52361
1.43693
1.5687
1.65146
1.68912
1.6078
1.80745
1.84172
1.73115
1.76721
1.48327
1.39557
1.52361
1.43693
1.88001
1.97881
1.94855
1.91235
1.68912
1.65146
1.5687
1.6078
1.73115
1.84172
1.76721
1.80745
1.88001
1.97881
1.94855
1.91235
2.04084
2.01278
2.07247
2.09821
2.15071
2.1274
2.19815
2.17736
2.27723
2.22218
2.24037
2.26172
2.07247
2.09821
2.01278
2.04084
2.33443
2.32444
2.30862
2.29584
2.1274
2.17736
2.15071
2.19815
2.34741
2.35459
2.36903
2.36471
2.38061
2.37771
2.37627
2.38206
2.26172
2.22218
2.24037
2.27723
2.29584
2.30862
2.33443
2.32444
2.37627
2.36903
2.37771
2.38206
2.34741
2.36471
2.35459
9.82717e-35
0.00587957
0.00587957
9.82717e-35
0.0502678
0.022927
0.022927
0.0502678
0.132456
0.0870543
0.0870543
0.132456
0.185671
0.245912
0.185671
0.245912
0.31242
0.384454
0.461298
0.542254
0.31242
0.384454
0.626649
0.713829
0.542254
0.461298
0.803164
0.894045
0.713829
0.626649
0.985887
1.07812
0.803164
0.894045
0.985887
1.07812
1.17022
1.26165
1.17022
1.26165
1.35193
1.4406
1.4406
1.35193
1.5272
1.61132
1.69257
1.77059
1.91562
1.84505
1.61132
1.5272
2.044
1.98202
1.77059
1.69257
1.84505
1.91562
2.044
1.98202
2.10133
2.15378
2.24337
2.20118
2.31157
2.28021
2.10133
2.15378
2.35751
2.33736
2.24337
2.20118
2.38061
2.37193
2.3835
2.38061
2.28021
2.31157
2.33736
2.37193
2.35751
1.03098
1.39557
1.30602
0.0116104
1.12323
1.21508
1.12323
1.21508
1.03098
0.156823
0.213679
0.938848
1.30602
0.346571
0.847391
0.757183
1.39557
0.668822
0.582928
1.48327
0.500142
0.421128
1.5687
0.277179
1.65146
1.73115
0.107382
0.0661516
1.80745
0.0339481
1.88001
1.94855
0.0116104
1.48327
1.5687
2.01278
2.07247
1.73115
2.1274
0.0339481
2.17736
2.22218
0.0661516
2.26172
2.29584
0.107382
2.32444
2.34741
0.156823
2.22218
2.36471
2.26172
2.37627
0.213679
2.38206
2.38206
0.277179
2.37627
2.36471
0.346571
2.34741
2.32444
0.421128
2.29584
0.500142
2.17736
0.582928
2.1274
2.07247
0.668822
2.01278
1.94855
0.757183
1.88001
1.80745
0.847391
1.65146
0.938848
3.78646e-33
3.78646e-33
4.19178e-33
0.0171918
0.0171918
4.19178e-33
0.0815986
0.0446754
0.0446754
0.0815986
0.127136
0.180479
0.127136
0.180479
0.307478
0.240848
0.240848
0.307478
0.456591
0.379633
0.622162
0.53766
0.379633
0.456591
0.709448
0.798884
0.622162
0.53766
0.981799
0.889864
0.709448
0.798884
1.07413
1.16631
0.889864
0.981799
1.07413
1.16631
1.34819
1.25783
1.34819
1.25783
1.43693
1.52361
1.52361
1.43693
1.68912
1.6078
1.84172
1.76721
1.91235
1.97881
1.6078
1.68912
2.09821
2.04084
1.84172
1.76721
1.97881
1.91235
2.04084
2.09821
2.15071
2.19815
2.27723
2.24037
2.30862
2.33443
2.19815
2.15071
2.36903
2.35459
2.27723
2.24037
2.38061
2.37771
2.37771
2.36903
2.33443
2.30862
2.35459
1.29846
1.20736
1.20736
1.11533
1.29846
1.0229
0.0966093
0.930583
0.838933
1.38817
0.748525
1.47603
0.659958
0.57385
0.490844
1.5616
0.411602
1.64449
0.336811
0.267177
0.203427
1.72432
0.146314
1.80074
0.0551072
0.0226243
1.87342
1.94207
0.0226243
2.00641
1.38817
2.0662
2.12121
1.5616
0.0551072
2.17125
2.21614
1.80074
2.25574
0.0966093
2.28992
0.146314
2.31856
2.34157
2.35889
2.12121
0.203427
2.37047
0.267177
2.25574
2.37627
2.37627
2.37047
0.336811
2.35889
0.411602
2.34157
2.31856
2.28992
0.490844
0.57385
2.21614
2.17125
0.659958
2.0662
0.748525
2.00641
1.94207
1.87342
0.838933
0.930583
1.72432
1.64449
1.0229
1.47603
1.11533
1.11365e-32
1.11365e-32
8.09112e-33
0.0279073
0.0279073
8.09112e-33
0.111183
0.065245
0.065245
0.111183
0.164919
0.225666
0.225666
0.164919
0.365176
0.292666
0.292666
0.365176
0.523886
0.442482
0.608715
0.696314
0.442482
0.523886
0.786056
0.877329
0.696314
0.608715
0.96955
1.06215
0.877329
0.786056
1.24637
1.1546
0.96955
1.06215
1.24637
1.1546
1.33698
1.42595
1.42595
1.33698
1.59726
1.51285
1.51285
1.59726
1.75707
1.67879
1.90256
1.83176
1.96918
2.03136
1.75707
1.67879
2.08886
2.14149
1.83176
1.90256
2.03136
1.96918
2.08886
2.14149
2.18904
2.23136
2.26832
2.29978
2.32565
2.34585
2.23136
2.18904
2.36903
2.36033
2.26832
2.29978
2.37193
2.36903
2.36033
2.32565
2.34585
1.28336
1.09956
1.37339
0.0330412
1.00676
0.914074
0.822039
1.46155
0.731232
0.247195
0.317314
1.54742
0.642252
0.555718
0.472271
1.63059
0.392574
1.71068
0.182947
1.78735
0.125321
1.86027
0.0750871
1.92914
1.99368
0.0330412
2.05366
1.28336
2.10885
0.0750871
2.15904
2.20408
2.24381
1.63059
1.71068
0.125321
2.27809
0.182947
2.30682
2.3299
2.34728
0.247195
2.05366
2.35889
0.317314
2.15904
2.20408
2.36471
2.36471
2.35889
0.392574
2.34728
0.472271
2.3299
2.30682
2.27809
0.555718
2.24381
0.642252
2.10885
0.731232
0.822039
1.99368
1.92914
1.86027
0.914074
1.78735
1.00676
1.54742
1.09956
1.46155
1.19192
1.37339
1.19192
1.8099e-32
1.8099e-32
1.17789e-32
0.0380256
0.0380256
1.17789e-32
0.0846351
0.139021
0.0846351
0.139021
0.200402
0.268014
0.268014
0.200402
0.419005
0.341122
0.341122
0.419005
0.500969
0.586339
0.674464
0.764711
0.500969
0.586339
0.856476
0.949169
0.764711
0.674464
1.13512
1.04223
0.856476
0.949169
1.31833
1.22731
1.04223
1.13512
1.31833
1.22731
1.49496
1.40769
1.49496
1.40769
1.57973
1.66159
1.66159
1.57973
1.81519
1.74019
1.95316
1.88628
2.01559
2.07332
1.74019
1.81519
2.12615
2.17389
1.88628
1.95316
2.07332
2.01559
2.12615
2.17389
2.25348
2.21638
2.28507
2.31104
2.33132
2.34585
2.21638
2.25348
2.35751
2.35459
2.31104
2.28507
2.35459
2.34585
2.33132
1.43989
0.889367
0.796753
1.5262
0.705348
0.615749
1.60978
0.528575
0.444468
1.69027
0.364089
0.288124
1.76732
0.21728
0.152284
1.84059
0.0938872
0.0428608
1.90978
1.97464
0.0428608
0.982615
1.07595
2.0349
2.09035
1.26076
2.14078
0.0938872
2.18603
2.22594
0.152284
2.26039
2.28925
0.21728
2.31245
2.3299
0.288124
1.90978
2.34157
1.97464
2.34741
0.364089
2.34741
2.34157
0.444468
2.18603
2.22594
2.3299
2.31245
0.528575
2.28925
2.26039
0.615749
0.705348
2.14078
2.09035
0.796753
2.0349
0.889367
1.84059
0.982615
1.76732
1.69027
1.07595
1.60978
1.5262
1.16883
1.43989
1.35127
1.26076
1.16883
1.35127
2.46735e-32
2.46735e-32
1.5255e-32
0.0475465
0.0475465
1.5255e-32
0.165111
0.102845
0.102845
0.165111
0.307524
0.233584
0.233584
0.307524
0.468963
0.386216
0.386216
0.468963
0.64395
0.555092
0.734908
0.827357
0.64395
0.555092
1.01441
0.920714
0.734908
0.827357
1.2007
1.10791
1.01441
0.920714
1.38219
1.29229
1.2007
1.10791
1.29229
1.38219
1.55525
1.46999
1.46999
1.55525
1.71664
1.63759
1.63759
1.71664
1.86354
1.79206
1.99357
1.9308
2.05162
2.10474
1.79206
1.86354
2.19547
2.15275
1.9308
1.99357
2.10474
2.05162
2.19547
2.15275
2.23277
2.26453
2.29065
2.31104
2.32565
2.33443
2.26453
2.23277
2.33443
2.33736
2.29065
2.32565
2.31104
0.763142
0.670941
1.58213
0.580517
1.66315
0.492491
0.407503
0.326215
1.74069
0.249312
1.81443
0.1775
0.111507
0.052083
1.88407
1.94933
0.052083
2.00997
0.856526
2.06577
2.11652
1.04456
0.111507
2.16205
2.20221
1.32187
2.23687
0.1775
2.26591
0.249312
2.28925
2.30682
2.31856
1.74069
0.326215
2.32444
0.407503
1.94933
2.32444
2.31856
2.30682
0.492491
2.11652
2.28925
0.580517
2.26591
2.23687
2.20221
0.670941
2.16205
0.763142
2.06577
2.00997
0.856526
0.950516
1.88407
1.81443
1.04456
1.66315
1.13814
1.58213
1.49799
1.4111
1.23073
1.32187
1.23073
1.13814
1.4111
0.950516
1.49799
3.086e-32
3.086e-32
1.85193e-32
0.0564698
0.0564698
1.85193e-32
0.189452
0.119875
0.119875
0.189452
0.344195
0.264465
0.344195
0.264465
0.427949
0.515052
0.427949
0.515052
0.604853
0.696722
0.790053
0.884258
0.604853
0.696722
1.07307
0.978777
0.884258
0.790053
1.25893
1.16662
1.07307
0.978777
1.438
1.34954
1.25893
1.16662
1.34954
1.438
1.60685
1.5239
1.60685
1.5239
1.76244
1.68647
1.76244
1.68647
1.90217
1.83443
1.96538
2.02384
2.12567
2.07733
1.83443
1.90217
2.16869
2.20625
2.02384
1.96538
2.07733
2.12567
2.20625
2.16869
2.26453
2.23823
2.29978
2.28507
2.30862
2.31157
2.23823
2.26453
2.29978
2.30862
2.28507
1.6294
0.536646
1.70756
0.447555
0.361467
0.279043
1.78188
0.200968
1.85207
0.127947
0.0607074
1.91784
1.97895
0.0607074
2.03518
0.721295
2.08632
0.127947
2.13221
2.17268
2.2076
1.09993
1.19335
0.200968
2.23687
0.279043
2.26039
2.27809
2.28992
0.361467
1.6294
2.29584
0.447555
1.78188
1.85207
2.29584
2.28992
2.27809
0.536646
2.03518
2.26039
0.628099
2.23687
2.2076
2.17268
0.721295
2.13221
0.815639
2.08632
1.97895
0.910557
1.91784
1.0055
1.70756
1.09993
1.19335
1.54772
1.46289
1.37528
1.28529
1.28529
1.37528
1.0055
1.46289
0.910557
1.54772
0.815639
0.628099
3.66582e-32
3.66582e-32
2.15718e-32
0.0647953
0.0647953
2.15718e-32
0.135724
0.212046
0.135724
0.212046
0.378028
0.293046
0.293046
0.378028
0.466321
0.557273
0.466321
0.557273
0.74466
0.650256
0.935422
0.839904
0.650256
0.74466
1.03068
1.12515
0.839904
0.935422
1.21835
1.30981
1.03068
1.12515
1.39909
1.48577
1.30981
1.21835
1.39909
1.48577
1.64978
1.56946
1.64978
1.56946
1.79903
1.72641
1.72641
1.79903
1.9311
1.86734
2.044
1.99005
2.09275
2.13613
1.86734
1.9311
2.20625
2.174
2.044
1.99005
2.09275
2.13613
2.20625
2.174
2.25348
2.23277
2.27723
2.26832
2.28021
2.27723
2.23277
2.26832
2.25348
1.74304
0.306473
0.222687
1.81388
0.143206
0.068734
1.88026
1.94194
0.068734
0.39388
0.484248
1.99868
2.05029
0.671323
2.0966
0.143206
2.13743
2.17268
0.222687
2.20221
2.22594
0.306473
2.24381
2.25574
0.39388
1.42099
2.26172
1.50665
2.26172
0.484248
2.25574
2.24381
0.576935
1.81388
1.88026
2.22594
2.20221
0.671323
2.17268
2.13743
0.766819
2.0966
2.05029
0.862846
1.99868
1.94194
0.958856
1.05432
1.74304
1.66801
1.14873
1.58911
1.24161
1.33251
1.33251
1.24161
1.14873
1.42099
1.05432
0.958856
1.50665
0.862846
0.766819
1.58911
0.576935
1.66801
4.20681e-32
4.20681e-32
2.44124e-32
0.072523
0.072523
2.44124e-32
0.232891
0.150393
0.150393
0.232891
0.319326
0.409024
0.409024
0.319326
0.59563
0.501335
0.501335
0.59563
0.691304
0.78777
0.884469
0.980859
0.691304
0.78777
1.17068
1.07643
0.980859
0.884469
1.26314
1.35338
1.07643
1.17068
1.44098
1.52553
1.26314
1.35338
1.52553
1.44098
1.68409
1.60668
1.60668
1.68409
1.75744
1.82644
1.82644
1.75744
1.95037
1.89083
2.05407
2.00485
2.13613
2.09788
1.95037
1.89083
2.16869
2.19547
2.05407
2.00485
2.09788
2.13613
2.19547
2.16869
2.21638
2.23136
2.24337
2.24037
2.24037
2.23136
2.21638
0.157284
0.0761628
1.83671
1.89904
0.0761628
1.95639
0.242659
2.00854
2.05533
0.423458
0.157284
2.0966
2.13221
0.710197
2.16205
0.242659
2.18603
0.331604
2.20408
2.21614
2.22218
1.19098
0.423458
2.22218
0.517583
1.45905
2.21614
2.20408
2.18603
0.613361
1.69802
2.16205
0.710197
2.13221
2.0966
2.05533
0.807517
2.00854
0.904772
1.95639
1.89904
1.83671
1.00143
1.76962
1.097
1.62218
1.54242
1.19098
1.28294
1.37243
1.28294
1.37243
1.097
1.45905
1.00143
0.904772
0.807517
1.54242
1.62218
0.613361
0.517583
1.69802
0.331604
1.76962
4.70897e-32
4.70897e-32
2.70412e-32
0.0796531
0.0796531
2.70412e-32
0.163881
0.251989
0.163881
0.251989
0.437184
0.343308
0.437184
0.343308
0.630127
0.532994
0.532994
0.630127
0.728004
0.826059
1.02058
0.923757
0.728004
0.826059
1.20966
1.11604
0.923757
1.02058
1.301
1.38965
1.11604
1.20966
1.47521
1.55731
1.301
1.38965
1.47521
1.55731
1.7098
1.63561
1.7098
1.63561
1.8447
1.77958
1.8447
1.77958
1.90491
1.96
2.05407
2.00977
2.12567
2.09275
1.96
1.90491
2.15275
2.17389
2.05407
2.00977
2.09275
2.12567
2.17389
2.15275
2.19815
2.18904
2.19815
2.20118
2.18904
1.8504
1.90843
0.0829941
0.0829941
1.9612
2.00854
0.170183
2.05029
2.08632
0.450203
0.547565
2.11652
0.260884
2.14078
0.354436
2.15904
2.17125
2.17736
1.0383
0.450203
2.17736
1.2267
1.31734
0.547565
2.17125
2.15904
2.14078
1.57021
0.64593
2.11652
0.744725
2.08632
2.05029
1.8504
2.00854
0.843399
1.9612
0.941425
1.90843
1.78733
1.0383
1.71943
1.13354
1.64697
1.48946
1.2267
1.40505
1.31734
1.13354
1.40505
1.48946
0.941425
0.843399
0.744725
1.57021
0.64593
1.64697
0.354436
1.71943
0.260884
1.78733
0.170183
5.17231e-32
5.17231e-32
2.94582e-32
0.0861857
2.94582e-32
0.0861857
0.269342
0.176191
0.176191
0.269342
0.462513
0.364992
0.462513
0.364992
0.5613
0.66077
0.5613
0.66077
0.859536
0.760362
1.0546
0.957779
0.760362
0.859536
1.24211
1.14952
1.0546
0.957779
1.41864
1.33195
1.14952
1.24211
1.58112
1.50181
1.33195
1.41864
1.58112
1.50181
1.65625
1.72692
1.65625
1.72692
1.85382
1.79286
1.85382
1.79286
1.9096
1.96
2.044
2.00485
2.07733
2.10474
1.9096
1.96
2.14149
2.12615
2.00485
2.044
2.07733
2.10474
2.14149
2.12615
2.15378
2.1507
2.1507
0.0892281
1.90843
1.95639
1.99868
0.181903
2.03518
2.06577
0.277364
2.09035
2.10885
0.374974
2.12121
2.1274
0.774914
0.474116
0.874472
2.1274
2.12121
0.574198
2.10885
2.09035
1.2559
1.34484
0.674647
2.06577
2.03518
0.774914
1.99868
1.95639
0.874472
1.90843
1.85496
0.972818
1.79618
1.73227
1.06947
1.66348
1.59004
1.16397
1.51225
1.43041
1.2559
1.34484
1.16397
1.06947
1.43041
0.972818
1.51225
0.674647
1.59004
0.574198
0.474116
1.66348
0.374974
0.277364
1.73227
0.181903
0.0892281
1.79618
1.85496
5.59683e-32
5.59683e-32
3.16636e-32
0.0921212
0.0921212
3.16636e-32
0.187321
0.28495
0.187321
0.28495
0.384382
0.485013
0.485013
0.384382
0.687563
0.586261
0.687563
0.586261
0.888209
0.788385
1.08292
0.986545
0.788385
0.888209
1.26806
1.1769
1.08292
0.986545
1.356
1.44036
1.26806
1.1769
1.52079
1.59698
1.356
1.44036
1.52079
1.59698
1.66863
1.73548
1.66863
1.73548
1.85382
1.79728
1.85382
1.79728
1.95037
1.90491
1.99005
2.02384
2.07332
2.05162
1.90491
1.95037
2.08886
2.09821
1.99005
2.02384
2.05162
2.07332
2.08886
2.10132
2.09821
1.94194
0.192445
1.97895
2.00997
2.0349
0.2921
2.05366
0.393218
2.0662
0.495203
2.07247
2.07247
0.495203
0.800773
2.0662
0.597487
2.05366
2.0349
1.09495
2.00997
0.699519
1.97895
0.800773
1.94194
1.89904
1.52744
1.8504
0.900746
1.79618
0.998959
1.73655
1.67173
1.60194
1.09495
1.1883
1.4485
1.36545
1.27859
1.27859
1.1883
1.36545
0.998959
0.900746
1.4485
1.52744
0.699519
0.597487
1.60194
0.393218
1.67173
0.2921
0.192445
0.0948654
1.73655
1.79618
0.0948654
1.8504
1.89904
5.98257e-32
5.98257e-32
3.36575e-32
0.0974603
0.0974603
3.36575e-32
0.298815
0.197275
0.197275
0.298815
0.504688
0.401481
0.401481
0.504688
0.607879
0.710514
0.607879
0.710514
0.812081
0.912086
1.10557
1.01006
0.812081
0.912086
1.2875
1.19818
1.10557
1.01006
1.45484
1.37317
1.19818
1.2875
1.60491
1.53218
1.45484
1.37317
1.60491
1.53218
1.67276
1.73548
1.67276
1.73548
1.79286
1.8447
1.79286
1.8447
1.89083
1.9311
1.96538
1.99357
2.03136
2.01559
1.89083
1.9311
2.044
2.04084
1.99357
1.96538
2.03136
2.01559
2.04084
0.20181
1.91784
1.94933
1.97464
0.305096
1.99368
0.305096
0.409172
2.00641
0.513468
0.617436
2.01278
2.01278
0.513468
2.00641
0.92223
0.617436
1.99368
1.97464
1.94933
0.72055
1.29479
1.37918
1.91784
0.822308
1.88026
1.83671
1.78733
0.92223
1.73227
1.01986
1.67173
1.6059
1.53503
1.11476
1.45936
1.20654
1.20654
1.29479
1.11476
1.37918
1.01986
0.822308
1.45936
0.72055
1.53503
0.409172
1.6059
1.67173
0.20181
0.0999064
1.73227
1.78733
0.0999064
1.83671
1.88026
6.32957e-32
6.32957e-32
3.54401e-32
0.102203
0.102203
3.54401e-32
0.310941
0.206052
0.206052
0.310941
0.521542
0.416291
0.521542
0.416291
0.729628
0.62616
0.62616
0.729628
0.831457
0.931177
1.02835
1.12254
0.831457
0.931177
1.30046
1.21337
1.02835
1.12254
1.38347
1.46207
1.21337
1.30046
1.53598
1.60491
1.46207
1.38347
1.60491
1.53598
1.66863
1.72692
1.72692
1.66863
1.77958
1.82644
1.82644
1.77958
1.86734
1.90217
1.9308
1.95316
1.96918
1.97881
1.86734
1.90217
1.97881
1.98202
1.95316
1.9308
1.96918
1.90978
0.316352
1.92914
0.104352
1.94207
0.422839
1.94855
1.94855
0.528913
0.528913
0.634051
1.94207
1.92914
0.634051
1.90978
1.88407
0.737748
1.85207
1.81388
0.839527
1.76962
1.30451
1.71943
0.93893
1.66348
1.60194
1.03553
1.53503
1.46298
1.12891
1.38604
1.21869
1.21869
1.12891
1.30451
1.03553
0.93893
1.38604
0.839527
0.737748
1.46298
1.53503
0.422839
0.316352
1.60194
0.21
1.66348
1.71943
0.104352
1.88407
1.76962
1.81388
1.85207
0.21
6.63785e-32
6.63785e-32
3.70116e-32
0.106351
0.106351
3.70116e-32
0.213655
0.321328
0.213655
0.321328
0.53558
0.428816
0.428816
0.53558
0.744911
0.64111
0.64111
0.744911
0.945488
0.84652
1.13385
1.0414
0.84652
0.945488
1.22248
1.30694
1.13385
1.0414
1.3869
1.46207
1.30694
1.22248
1.53218
1.59698
1.46207
1.3869
1.53218
1.59698
1.7098
1.65625
1.7098
1.65625
1.75744
1.79903
1.79903
1.75744
1.86354
1.83443
1.90256
1.88627
1.91562
1.91235
1.86354
1.83443
1.91235
1.88627
1.90256
0.325871
1.87342
0.434222
1.88001
1.88001
1.87342
0.325871
0.541544
1.86027
0.647336
1.84058
1.81443
1.78188
0.852435
0.751118
1.74304
0.852435
1.69802
1.13739
1.64697
1.59004
1.30775
0.950853
1.52744
1.04597
1.45936
1.38604
1.13739
1.22476
1.22476
1.04597
0.950853
1.30775
1.38604
0.751118
0.647336
0.541544
1.45936
0.434222
1.52744
0.217016
0.108203
1.59004
1.64697
0.108203
1.86027
1.69802
1.74304
1.78188
0.217016
1.81443
1.84058
6.90748e-32
6.90748e-32
3.83723e-32
0.109905
0.109905
3.83723e-32
0.32998
0.220085
0.220085
0.32998
0.546805
0.439059
0.546805
0.439059
0.756369
0.652732
0.652732
0.756369
0.955025
0.857274
1.13951
1.04923
0.857274
0.955025
1.30694
1.22552
1.04923
1.13951
1.45484
1.38347
1.30694
1.22552
1.58112
1.52079
1.38347
1.45484
1.52079
1.58112
1.63561
1.68409
1.63561
1.68409
1.72641
1.76244
1.72641
1.76244
1.79206
1.81519
1.83176
1.84172
1.84505
1.84172
1.81519
1.79206
1.83176
0.443325
1.80745
1.80745
0.111459
1.80074
0.551364
1.78735
0.657296
1.76732
0.551364
0.657296
1.74069
1.70756
0.760665
1.66801
0.861037
1.62218
1.57021
1.14021
1.51225
0.958005
1.4485
1.05118
1.37918
1.30451
1.22476
1.14021
1.22476
1.05118
0.958005
0.861037
1.30451
0.760665
1.37918
0.443325
1.4485
0.333656
1.51225
0.22286
1.57021
1.62218
0.111459
1.80074
1.66801
1.70756
0.22286
1.74069
1.76732
1.78735
0.333656
7.13849e-32
7.13849e-32
3.95225e-32
0.112865
0.112865
3.95225e-32
0.225343
0.336899
0.225343
0.336899
0.555221
0.447022
0.555221
0.447022
0.764005
0.661031
0.661031
0.764005
0.863726
0.959793
1.13951
1.05184
0.959793
0.863726
1.22248
1.30046
1.05184
1.13951
1.44036
1.37317
1.30046
1.22248
1.55731
1.50181
1.44036
1.37317
1.50181
1.55731
1.60668
1.64978
1.60668
1.64978
1.71664
1.68647
1.71664
1.68647
1.74019
1.75707
1.76721
1.77059
1.76721
1.74019
1.75707
1.72432
0.558376
1.71068
1.69027
0.663934
1.66315
1.62939
0.766391
1.58911
0.558376
1.54242
0.865338
1.48946
0.865338
1.43041
0.960389
0.960389
1.36545
1.29479
1.05118
1.21869
1.13739
1.13739
1.05118
1.21869
0.766391
1.29479
0.663934
1.36545
0.450149
0.339709
1.43041
0.227533
0.114123
1.48946
1.54242
0.114123
1.73115
1.58911
1.73115
1.62939
1.66315
0.227533
1.69027
1.71068
0.339709
1.72432
0.450149
7.33094e-32
7.33094e-32
4.04624e-32
0.115232
0.115232
4.04624e-32
0.342086
0.229432
0.342086
0.229432
0.452708
0.56083
0.56083
0.452708
0.767822
0.666009
0.666009
0.767822
0.865876
0.959793
1.04923
1.13385
0.959793
0.865876
1.2875
1.21337
1.13385
1.04923
1.356
1.41864
1.2875
1.21337
1.52553
1.47521
1.41864
1.356
1.47521
1.52553
1.56946
1.60685
1.60685
1.56946
1.63759
1.66159
1.66159
1.63759
1.67879
1.68912
1.69257
1.68912
1.67879
0.562582
1.60978
0.667253
1.58213
1.54772
1.50665
0.344031
0.768299
1.45905
0.562582
0.865338
1.40505
1.34484
1.27859
0.958005
1.20654
1.04597
1.12891
1.04597
0.958005
1.12891
0.865338
1.20654
0.768299
0.667253
1.27859
0.454698
1.34484
0.231037
0.116193
1.40505
1.45905
0.116193
1.63059
1.50665
1.54772
1.58213
1.65146
0.231037
1.60978
1.63059
1.64449
0.344031
0.454698
1.65146
1.64449
7.48486e-32
7.48486e-32
4.11922e-32
0.117007
0.117007
4.11922e-32
0.345543
0.232351
0.232351
0.345543
0.563634
0.456119
0.456119
0.563634
0.767822
0.667668
0.667668
0.767822
0.955025
0.863725
1.12254
1.0414
0.955025
0.863725
1.26806
1.19818
1.12254
1.0414
1.38965
1.33195
1.26806
1.19818
1.44098
1.48577
1.33195
1.38965
1.44098
1.48577
1.55525
1.5239
1.55525
1.5239
1.57973
1.59726
1.59726
1.57973
1.6078
1.61132
1.6078
0.667253
1.49799
1.46289
1.42099
0.766391
1.37243
0.346624
0.861037
1.31734
0.563984
1.2559
1.1883
0.950853
1.11476
1.03553
1.03553
0.950853
0.861037
1.11476
0.766391
1.1883
0.667253
0.456972
1.2559
1.31734
0.233372
0.117672
1.37243
1.42099
0.117672
1.52619
1.46289
1.49799
1.5616
1.5687
0.233372
1.52619
1.54742
1.5616
0.346624
1.5687
0.456972
1.54742
0.563984
7.60032e-32
7.60032e-32
4.17122e-32
0.11819
0.11819
4.17122e-32
0.347272
0.234103
0.234103
0.347272
0.563634
0.457256
0.563634
0.457256
0.764005
0.666009
0.666009
0.764005
0.857274
0.945488
1.02835
1.10557
0.857274
0.945488
1.1769
1.24211
1.10557
1.02835
1.301
1.35338
1.24211
1.1769
1.438
1.39909
1.35338
1.301
1.39909
1.438
1.49496
1.46999
1.46999
1.49496
1.52361
1.51285
1.51285
1.52361
1.5272
1.33251
0.760665
1.28294
0.118559
1.2267
0.852435
1.16397
1.09495
0.93893
0.562582
0.663934
1.01986
0.93893
1.01986
0.852435
0.760665
1.09495
1.16397
0.456972
0.347488
1.2267
0.23454
1.28294
1.33251
0.118559
1.37528
1.37528
1.4111
1.4111
1.43989
0.23454
1.46155
1.47603
0.347488
1.48327
1.48327
0.456972
1.47603
1.46155
0.562582
1.43989
0.663934
7.67732e-32
7.67732e-32
4.20225e-32
0.118781
0.118781
4.20225e-32
0.234686
0.347272
0.234686
0.347272
0.56083
0.456119
0.456119
0.56083
0.756369
0.661031
0.661031
0.756369
0.84652
0.931177
1.08292
1.01006
0.931177
0.84652
1.20966
1.14952
1.08292
1.01006
1.30981
1.26314
1.20966
1.14952
1.38219
1.34954
1.30981
1.26314
1.34954
1.38219
1.42595
1.40769
1.42595
1.40769
1.43693
1.43693
1.4406
0.751118
1.13354
0.839527
1.06947
0.998959
0.92223
0.346624
0.92223
0.839527
0.998959
0.751118
0.657296
0.558376
1.06947
0.454698
1.13354
0.23454
0.118855
1.19098
1.24161
0.118855
1.19098
1.28529
1.32187
1.35127
1.32187
0.23454
1.37339
1.38817
1.39557
0.346624
1.39557
0.454698
1.38817
1.37339
1.35127
0.558376
0.657296
1.28529
1.24161
7.7159e-32
7.7159e-32
4.21231e-32
0.118781
0.118781
4.21231e-32
0.345543
0.234103
0.234103
0.345543
0.555221
0.452708
0.452708
0.555221
0.652732
0.744911
0.744911
0.652732
0.831457
0.912086
0.986544
1.0546
0.831457
0.912086
1.11604
1.17068
0.986544
1.0546
1.25893
1.21835
1.11604
1.17068
1.29229
1.31833
1.25893
1.21835
1.29229
1.31833
1.34819
1.33698
1.34819
1.33698
1.35193
0.822308
0.972818
0.900746
0.118559
0.822308
0.900746
0.737748
0.972818
0.647336
0.551364
0.450149
1.0383
0.344031
1.097
0.233372
1.14873
1.19335
0.118559
1.0383
1.23073
1.26076
1.14873
1.19335
0.233372
1.28336
1.29846
1.30602
1.28336
0.344031
1.30602
0.450149
1.29846
1.26076
0.551364
1.23073
0.647336
1.097
0.737748
7.71607e-32
7.71607e-32
4.20142e-32
0.11819
0.11819
4.20142e-32
0.342086
0.232351
0.232351
0.342086
0.447022
0.546805
0.546805
0.447022
0.64111
0.729628
0.64111
0.729628
0.812081
0.888208
1.02058
0.957779
0.888208
0.812081
1.07643
1.12515
1.02058
0.957779
1.16662
1.2007
1.07643
1.12515
1.22731
1.24637
1.16662
1.2007
1.22731
1.24637
1.26165
1.25783
1.25783
0.72055
0.874472
0.634051
0.541544
0.941425
0.443325
0.339709
1.00143
0.231037
0.117672
1.05432
1.09993
0.117672
0.800773
1.13814
0.874472
1.16883
1.19192
0.231037
1.20736
1.21508
1.09993
1.13814
0.339709
1.21508
1.20736
0.443325
1.19192
1.16883
0.541544
0.634051
1.05432
1.00143
0.72055
0.941425
0.800773
7.67783e-32
7.67783e-32
4.16956e-32
0.117007
0.117007
4.16956e-32
0.229432
0.336899
0.229432
0.336899
0.53558
0.439059
0.53558
0.439059
0.62616
0.710514
0.62616
0.710514
0.788385
0.859536
0.980858
0.923757
0.859536
0.788385
1.07307
1.03068
0.980858
0.923757
1.13512
1.10791
1.07307
1.03068
1.16631
1.1546
1.10791
1.13512
1.16631
1.1546
1.17022
0.843399
0.434222
0.904772
0.333656
0.227533
0.116193
0.958855
1.0055
0.116193
0.528913
1.04456
1.07594
1.09956
0.774914
0.227533
1.11533
1.12323
1.12323
0.958855
0.333656
1.11533
0.434222
1.09956
1.07594
1.04456
0.528913
1.0055
0.617436
0.904772
0.843399
0.699519
0.774914
0.699519
0.617436
7.60116e-32
7.60116e-32
4.11673e-32
0.115232
0.115232
4.11673e-32
0.32998
0.225343
0.225343
0.32998
0.428816
0.521542
0.521542
0.428816
0.607879
0.687563
0.687563
0.607879
0.826059
0.760362
0.884469
0.935422
0.826059
0.760362
1.01441
0.978777
0.935422
0.884469
1.04223
1.06215
1.01441
0.978777
1.07812
1.07413
1.06215
1.04223
1.07413
0.862846
0.22286
0.114123
0.910557
0.950516
0.114123
0.325871
0.982614
1.00676
0.513468
0.597487
0.22286
1.0229
1.03098
1.03098
0.807517
0.325871
1.0229
0.422839
1.00676
0.982614
0.950516
0.513468
0.910557
0.597487
0.862846
0.744725
0.674647
0.674647
0.744725
0.422839
0.807517
7.48605e-32
7.48605e-32
4.04292e-32
0.112865
0.112865
4.04292e-32
0.220085
0.321328
0.220085
0.321328
0.504688
0.416291
0.504688
0.416291
0.66077
0.586261
0.66077
0.586261
0.78777
0.728004
0.839904
0.884258
0.78777
0.728004
0.920713
0.949169
0.839904
0.884258
0.96955
0.981799
0.949169
0.920713
0.985887
0.981799
0.96955
0.856525
0.111459
0.889367
0.111459
0.914074
0.930583
0.217016
0.938848
0.938848
0.495203
0.574198
0.316352
0.930583
0.710197
0.914074
0.409172
0.889367
0.856525
0.495203
0.815639
0.766818
0.574198
0.64593
0.64593
0.710197
0.409172
0.316352
0.766818
0.217016
0.815639
7.33246e-32
7.33246e-32
3.9481e-32
0.109905
3.9481e-32
0.109905
0.310941
0.213655
0.213655
0.310941
0.401481
0.485013
0.401481
0.485013
0.630127
0.5613
0.5613
0.630127
0.691304
0.74466
0.790053
0.827357
0.74466
0.691304
0.856476
0.877329
0.827357
0.790053
0.894045
0.889864
0.877329
0.856476
0.889864
0.108203
0.796753
0.822039
0.838933
0.21
0.84739
0.305096
0.84739
0.838933
0.305096
0.822039
0.393218
0.796753
0.763142
0.721295
0.474116
0.671323
0.547565
0.613361
0.547565
0.474116
0.613361
0.393218
0.671323
0.21
0.108203
0.721295
0.763142
7.14036e-32
7.14036e-32
3.83225e-32
0.106351
0.106351
3.83225e-32
0.298815
0.206052
0.206052
0.298815
0.462513
0.384382
0.384382
0.462513
0.59563
0.532994
0.59563
0.532994
0.696722
0.650256
0.764711
0.734908
0.650256
0.696722
0.786056
0.798884
0.764711
0.734908
0.803164
0.786056
0.798884
0.748525
0.20181
0.757183
0.104352
0.757183
0.748525
0.2921
0.731232
0.374974
0.450202
0.517583
0.705348
0.670941
0.628099
0.450202
0.576934
0.517583
0.374974
0.576934
0.2921
0.628099
0.20181
0.670941
0.705348
0.104352
0.731232
6.90969e-32
6.90969e-32
3.69534e-32
0.102203
0.102203
3.69534e-32
0.28495
0.197275
0.197275
0.28495
0.364992
0.437184
0.364992
0.437184
0.501335
0.557273
0.557273
0.501335
0.64395
0.604853
0.674463
0.696314
0.604853
0.64395
0.709448
0.713828
0.696314
0.674463
0.709448
0.192445
0.668822
0.659958
0.277364
0.642252
0.615749
0.354436
0.580517
0.536646
0.423458
0.484247
0.423458
0.484247
0.354436
0.277364
0.536646
0.192445
0.0999064
0.580517
0.615749
0.0999064
0.642252
0.659958
0.668822
6.6404e-32
6.6404e-32
3.53735e-32
0.0974603
0.0974603
3.53735e-32
0.269342
0.187321
0.187321
0.269342
0.343308
0.409024
0.343308
0.409024
0.466321
0.515052
0.466321
0.515052
0.555092
0.586338
0.622162
0.608715
0.586338
0.555092
0.622162
0.626649
0.608715
0.57385
0.555718
0.260884
0.528575
0.331604
0.492491
0.260884
0.447555
0.39388
0.39388
0.331604
0.447555
0.181903
0.0948654
0.492491
0.528575
0.0948654
0.555718
0.582928
0.57385
0.582928
0.181903
6.33246e-32
6.33246e-32
0.0921212
3.35826e-32
0.0921212
3.35826e-32
0.251989
0.176191
0.176191
0.251989
0.378028
0.319326
0.378028
0.319326
0.427949
0.468963
0.427949
0.468963
0.523886
0.500969
0.542254
0.53766
0.500969
0.53766
0.523886
0.242659
0.444468
0.306473
0.407503
0.361466
0.306473
0.361466
0.242659
0.407503
0.170183
0.0892281
0.444468
0.472271
0.0892281
0.490844
0.490844
0.500142
0.170183
0.500142
0.472271
5.98581e-32
5.98581e-32
3.15804e-32
0.0861857
0.0861857
3.15804e-32
0.232891
0.163881
0.163881
0.232891
0.344195
0.293046
0.293046
0.344195
0.386216
0.419005
0.419005
0.386216
0.442482
0.456591
0.461298
0.456591
0.442482
0.279043
0.279043
0.222687
0.326215
0.157284
0.0829941
0.364089
0.392574
0.0829941
0.326215
0.364089
0.411602
0.421128
0.421128
0.157284
0.411602
0.392574
0.222687
5.60041e-32
5.60041e-32
2.93666e-32
0.0796531
0.0796531
2.93666e-32
0.212046
0.150393
0.212046
0.150393
0.307524
0.264465
0.307524
0.264465
0.365176
0.341122
0.341122
0.365176
0.379633
0.384454
0.379633
0.143206
0.0761628
0.288124
0.317314
0.0761628
0.336811
0.200968
0.346571
0.346571
0.288124
0.143206
0.336811
0.317314
0.200968
0.249312
0.249312
5.17623e-32
5.17623e-32
2.69412e-32
0.072523
0.072523
2.69412e-32
0.135724
0.189452
0.135724
0.189452
0.268014
0.233584
0.268014
0.233584
0.307478
0.292666
0.292666
0.31242
0.307478
0.247195
0.267176
0.068734
0.068734
0.277179
0.277179
0.127947
0.267176
0.247195
0.21728
0.1775
0.1775
0.21728
0.127947
4.71323e-32
4.71323e-32
2.4304e-32
0.0647953
2.4304e-32
0.0647953
0.119875
0.16511
0.119875
0.16511
0.225666
0.200402
0.225666
0.200402
0.245912
0.240848
0.240848
0.0607074
0.213679
0.213679
0.203427
0.111507
0.182947
0.152284
0.152284
0.111507
0.0607074
0.182947
0.203427
4.21142e-32
4.21142e-32
2.1455e-32
0.0564698
0.0564698
2.1455e-32
0.139021
0.102845
0.102845
0.139021
0.164919
0.180479
0.164919
0.180479
0.185671
0.146314
0.0938872
0.12532
0.0938872
0.052083
0.12532
0.146314
0.052083
0.156823
0.156823
3.67077e-32
3.67077e-32
1.83941e-32
0.0475465
0.0475465
1.83941e-32
0.111183
0.0846351
0.0846351
0.111183
0.127136
0.127136
0.132456
0.0750871
0.0750871
0.0428608
0.0966093
0.107382
0.0428608
0.107382
0.0966093
3.09129e-32
3.09129e-32
1.51214e-32
0.0380256
1.51214e-32
0.0380256
0.065245
0.0815985
0.065245
0.0815985
0.0870544
0.0661516
0.0330412
0.0661516
0.0551072
0.0330412
0.0551072
2.47298e-32
2.47298e-32
0.0279073
1.1637e-32
0.0279073
1.1637e-32
0.0446754
0.0446754
0.0502678
0.0226243
0.0339481
0.0226243
0.0339481
1.81587e-32
1.81587e-32
7.94085e-33
0.0171918
0.0171918
7.94085e-33
0.0229271
0.0116104
0.0116104
1.11997e-32
1.11997e-32
4.03315e-33
4.03315e-33
0.00587955
1.66587e-35
3.85307e-33
3.85307e-33
