1.67468e-35
3.87344e-33
3.87344e-33
4.05439e-33
1.12589e-32
0.00591064
0.0116717
4.05439e-33
1.12589e-32
0.0116717
7.98273e-33
0.0227437
1.82546e-32
0.0172826
0.0230485
0.0341274
0.0341274
0.0172826
0.0227437
1.82546e-32
7.98273e-33
1.16983e-32
0.0332155
2.48603e-32
0.0280546
0.055398
0.0665007
0.0449117
0.0505332
1.16983e-32
0.0332155
0.0449117
0.0665007
0.055398
0.0280546
2.48603e-32
1.52011e-32
0.0382262
0.0430868
3.10758e-32
0.0655896
0.075483
0.0971188
0.082029
0.107948
0.0875141
0.107948
0.082029
0.0382262
3.10758e-32
0.0430868
1.52011e-32
0.075483
0.0655896
0.0971188
1.8491e-32
3.6901e-32
0.0477971
0.0523573
0.0850816
0.0943819
0.125981
0.111769
0.0523573
3.6901e-32
0.0477971
1.8491e-32
0.157649
0.133155
0.147085
0.127807
0.127807
0.125981
0.147085
0.0850816
0.157649
0.111769
0.0943819
2.15679e-32
0.0610269
4.23357e-32
0.0567672
0.103387
0.112094
0.153086
0.139753
0.18143
0.165788
0.183911
0.204499
4.23357e-32
0.0610269
0.0567672
2.15679e-32
0.103387
0.153086
0.112094
0.139753
0.186649
0.214804
0.18143
0.214804
0.183911
0.204499
0.165788
2.44318e-32
0.0690954
4.738e-32
0.0651362
0.120506
0.128619
0.178434
0.165979
0.248495
0.226854
0.201457
0.218423
0.242116
0.268582
0.278637
0.247206
2.44318e-32
0.0690954
4.738e-32
0.0651362
0.120506
0.128619
0.178434
0.165979
0.268582
0.248495
0.218423
0.278637
0.201457
0.242116
0.226854
2.70827e-32
0.0765628
5.20339e-32
0.0729041
0.136438
0.143958
0.202023
0.190448
0.250622
0.289638
0.269424
0.234812
0.294205
0.318981
0.338581
0.309095
0.0729041
2.70827e-32
0.0765628
5.20339e-32
0.314064
0.348393
0.348393
0.309095
0.143958
0.202023
0.136438
0.190448
0.269424
0.318981
0.338581
0.250622
0.234812
0.294205
0.289638
2.95207e-32
0.0834294
5.62977e-32
0.0800711
0.213159
0.151183
0.158109
0.223855
0.280507
0.327927
0.309139
0.265855
0.342914
0.366
0.394635
0.367094
0.381627
0.413763
0.423339
0.386474
5.62977e-32
0.0800711
2.95207e-32
0.0834294
0.223855
0.158109
0.213159
0.151183
0.423339
0.413763
0.381627
0.367094
0.309139
0.265855
0.280507
0.327927
0.366
0.394635
0.342914
3.17458e-32
0.0896956
6.01715e-32
0.0866375
0.164741
0.24393
0.234112
0.171075
0.0866375
0.0896956
6.01715e-32
3.17458e-32
0.308079
0.363361
0.346001
0.294583
0.388243
0.446798
0.421203
0.409639
0.458986
0.474747
0.493417
0.444804
0.502764
0.463719
0.458986
0.502764
0.171075
0.24393
0.234112
0.164741
0.363361
0.308079
0.346001
0.294583
0.493417
0.474747
0.409639
0.444804
0.446798
0.388243
0.421203
3.37583e-32
0.0953617
6.36557e-32
0.0926035
0.177114
0.182855
0.262249
0.253309
0.0926035
0.0953617
6.36557e-32
3.37583e-32
0.33334
0.395942
0.380008
0.320999
0.182855
0.253309
0.262249
0.177114
0.430192
0.449898
0.47142
0.495069
0.526631
0.531343
0.558627
0.503594
0.58598
0.545095
0.576855
0.540477
0.540477
0.58598
0.576855
0.526631
0.320999
0.395942
0.33334
0.380008
0.558627
0.47142
0.495069
0.449898
0.430192
0.503594
0.531343
3.55584e-32
0.0979699
0.100428
6.67509e-32
0.188301
0.19345
0.278814
0.27075
0.356289
0.425672
0.411163
0.345104
0.0979699
0.100428
6.67509e-32
3.55584e-32
0.278814
0.19345
0.27075
0.188301
0.468762
0.486779
0.539451
0.517746
0.356289
0.411163
0.345104
0.425672
0.557997
0.583552
0.618968
0.589406
0.6119
0.625417
0.645609
0.663408
0.672318
0.625417
0.629928
0.672318
0.6119
0.645609
0.663408
0.589406
0.486779
0.583552
0.517746
0.468762
0.618968
0.557997
0.539451
3.71463e-32
6.94573e-32
0.102737
0.104897
0.198305
0.202863
0.293625
0.286438
0.376931
0.452553
0.439468
0.366899
0.102737
0.104897
6.94573e-32
3.71463e-32
0.503955
0.520285
0.579946
0.560184
0.293625
0.202863
0.286438
0.198305
0.439468
0.452553
0.376931
0.366899
0.631377
0.608013
0.674443
0.647313
0.520285
0.503955
0.560184
0.579946
0.699951
0.677987
0.735048
0.70903
0.713154
0.752431
0.717557
0.761134
0.761134
0.699951
0.713154
0.752431
0.677987
0.647313
0.608013
0.70903
0.631377
0.674443
0.735048
3.85223e-32
0.108767
7.17757e-32
0.106906
0.207127
0.211095
0.306686
0.300374
0.395268
0.476588
0.386388
0.464926
0.535774
0.55042
0.616558
0.598737
0.106906
0.108767
7.17757e-32
3.85223e-32
0.211095
0.306686
0.300374
0.207127
0.725054
0.674822
0.653648
0.700356
0.476588
0.395268
0.464926
0.386388
0.598737
0.535774
0.55042
0.616558
0.800904
0.768699
0.738741
0.767118
0.653648
0.725054
0.674822
0.700356
0.803049
0.790155
0.843302
0.826321
0.851804
0.807352
0.803049
0.851804
0.768699
0.800904
0.767118
0.790155
0.843302
0.826321
0.738741
3.96867e-32
0.11204
7.37064e-32
0.110478
0.214769
0.218146
0.317999
0.312561
0.411302
0.403573
0.497782
0.48754
0.564225
0.577187
0.649292
0.633409
3.96867e-32
7.37064e-32
0.110478
0.11204
0.748537
0.694904
0.713892
0.770807
0.214769
0.218146
0.317999
0.312561
0.497782
0.411302
0.48754
0.403573
0.819881
0.860979
0.831663
0.794166
0.633409
0.649292
0.564225
0.577187
0.694904
0.713892
0.748537
0.770807
0.89399
0.918826
0.860933
0.881894
0.860979
0.819881
0.794166
0.831663
0.898696
0.894494
0.943727
0.935419
0.89399
0.943727
0.918826
0.935419
0.881894
0.894494
0.860933
4.06397e-32
0.114717
7.525e-32
0.113453
0.221231
0.22402
0.327567
0.323001
0.418458
0.425038
0.516138
0.507314
0.589311
0.600593
0.678153
0.664206
0.113453
0.114717
7.525e-32
4.06397e-32
0.791865
0.731789
0.748593
0.811711
0.221231
0.323001
0.327567
0.22402
0.915282
0.888851
0.867325
0.844268
0.425038
0.516138
0.507314
0.418458
0.664206
0.678153
0.600593
0.589311
0.955447
0.987711
0.954097
0.925496
0.811711
0.731789
0.748593
0.791865
0.915282
0.867325
0.844268
0.888851
0.986896
0.974584
1.01199
1.0282
0.954097
0.925496
0.987711
0.955447
1.03632
0.991005
0.986896
0.974584
1.0282
1.01199
1.03632
4.13815e-32
0.116798
7.64069e-32
0.115832
0.226516
0.228717
0.335391
0.331696
0.115832
0.116798
7.64069e-32
4.13815e-32
0.431046
0.436479
0.531661
0.524253
0.611037
0.620642
0.703149
0.691134
0.847771
0.830346
0.764309
0.778934
0.331696
0.226516
0.335391
0.228717
0.90946
0.940272
0.963822
0.889057
0.431046
0.531661
0.524253
0.436479
1.01967
1.0107
1.04997
0.98385
0.703149
0.620642
0.691134
0.611037
0.847771
0.778934
0.764309
0.830346
1.06765
1.08151
1.10524
1.04763
0.963822
0.90946
0.889057
0.940272
1.04997
1.01967
0.98385
1.0107
1.07969
1.08371
1.12904
1.1211
1.06765
1.04763
1.08151
1.10524
1.12904
1.07969
1.1211
4.19124e-32
0.118284
7.71773e-32
0.117615
0.230625
0.232238
0.341474
0.33865
0.44134
0.445627
0.544355
0.538361
0.117615
0.118284
7.71773e-32
4.19124e-32
0.33865
0.341474
0.230625
0.232238
0.62941
0.637339
0.724285
0.714199
0.804921
0.878999
0.863989
0.792472
0.946296
0.985934
1.00661
0.928541
0.44134
0.538361
0.544355
0.445627
1.05977
1.10561
1.07862
1.03601
0.62941
0.714199
0.637339
0.724285
1.14401
1.17486
1.11364
1.14098
0.863989
0.878999
0.804921
0.792472
0.946296
0.985934
0.928541
1.00661
1.17233
1.19807
1.21358
1.16056
1.07862
1.05977
1.10561
1.03601
1.11364
1.17486
1.14098
1.14401
1.17626
1.16056
1.22135
1.22135
1.17233
1.19807
1.21358
4.22326e-32
0.119175
7.75617e-32
0.118804
0.233559
0.234585
0.345817
0.343863
0.449343
0.452485
0.554223
0.549642
0.644434
0.733408
0.65069
0.741568
0.118804
0.119175
7.75617e-32
4.22326e-32
0.234585
0.343863
0.345817
0.233559
0.549642
0.554223
0.452485
0.449343
0.826563
0.905403
0.892803
0.816285
1.02585
1.04366
0.962731
0.977843
1.15465
1.13096
1.10265
1.08198
0.733408
0.644434
0.741568
0.65069
1.17263
1.1995
1.23707
1.20689
0.816285
0.826563
0.892803
0.905403
1.23364
1.28996
1.25279
1.26725
1.04366
0.977843
1.02585
0.962731
1.15465
1.10265
1.13096
1.08198
1.31274
1.26431
1.30514
1.26815
1.17263
1.1995
1.20689
1.23707
1.25279
1.23364
1.31274
1.30514
1.26725
1.26431
1.28996
4.23421e-32
0.119472
7.756e-32
0.119398
0.235319
0.235758
0.348423
0.347337
0.455057
0.457056
0.56127
0.558099
0.119398
0.119472
7.756e-32
4.23421e-32
0.656113
0.755004
0.748767
0.6607
0.843866
0.926992
0.916799
0.835757
0.347337
0.348423
0.235758
0.235319
0.558099
0.56127
0.457056
0.455057
0.656113
0.6607
0.748767
0.755004
1.06004
0.991637
1.07498
1.00411
1.19711
1.1767
1.13938
1.12179
1.22462
1.248
1.29189
1.2654
0.916799
0.835757
0.843866
0.926992
1.32866
1.3251
1.3582
1.29892
0.991637
1.06004
1.07498
1.00411
1.35511
1.38043
1.39528
1.34384
1.1767
1.19711
1.13938
1.12179
1.29189
1.248
1.2654
1.22462
1.40272
1.35887
1.35511
1.40272
1.32866
1.29892
1.39528
1.3582
1.3251
1.34384
1.38043
4.22409e-32
0.119175
7.71722e-32
0.119398
0.235905
0.235758
0.349291
0.349074
0.458485
0.459341
0.565497
0.563736
0.664453
0.66737
0.764597
0.760281
0.119398
0.119175
7.71722e-32
4.22409e-32
0.235758
0.349074
0.349291
0.235905
0.856837
0.943773
0.935983
0.850894
1.02511
1.10059
1.0885
1.01527
0.459341
0.458485
0.563736
0.565497
0.760281
0.664453
0.764597
0.66737
0.856837
0.850894
0.943773
0.935983
1.21587
1.233
1.16996
1.15544
1.26963
1.28952
1.33934
1.31653
1.38232
1.35645
1.41832
1.38927
1.01527
1.0885
1.02511
1.10059
1.46902
1.44725
1.43325
1.4149
1.15544
1.16996
1.233
1.21587
1.44428
1.48356
1.49085
1.44796
1.33934
1.31653
1.26963
1.28952
1.35645
1.38232
1.38927
1.41832
1.44428
1.43325
1.49085
1.48356
1.4149
1.44725
1.46902
4.19291e-32
0.118284
7.63983e-32
0.118804
0.235319
0.234585
0.348423
0.349074
0.566553
0.459628
0.459341
0.566906
0.118804
0.118284
7.63983e-32
4.19291e-32
0.669456
0.670705
0.770352
0.767954
0.865482
0.955755
0.950364
0.861701
0.234585
0.349074
0.348423
0.235319
0.566553
0.566906
0.459628
0.459341
1.04086
1.12049
1.11125
1.03364
1.1944
1.24849
1.18295
1.26234
0.767954
0.770352
0.670705
0.669456
0.950364
0.861701
0.865482
0.955755
1.12049
1.04086
1.03364
1.11125
1.30767
1.36031
1.37944
1.32408
1.40625
1.42825
1.47035
1.44535
1.50259
1.53397
1.47749
1.50563
1.18295
1.24849
1.26234
1.1944
1.52057
1.53137
1.55529
1.56955
1.30767
1.37944
1.36031
1.32408
1.57668
1.57668
1.53498
1.53137
1.42825
1.47035
1.40625
1.44535
1.56955
1.55529
1.50563
1.47749
1.53397
1.52057
1.50259
4.14065e-32
0.116798
7.52381e-32
0.117615
0.233559
0.232238
0.345817
0.347337
0.565497
0.566553
0.458485
0.457056
0.671123
0.670705
0.77227
0.77179
0.117615
0.116798
7.52381e-32
4.14065e-32
0.232238
0.347337
0.345817
0.233559
0.869803
0.962942
0.959948
0.868184
1.05135
1.1347
1.12831
1.04676
0.566553
0.565497
0.457056
0.458485
0.77179
0.671123
0.77227
0.670705
1.21272
1.28514
1.20433
1.27455
1.33876
1.39675
1.41222
1.35171
0.869803
0.868184
0.962942
0.959948
1.04676
1.12831
1.1347
1.05135
1.20433
1.27455
1.28514
1.21272
1.44833
1.49334
1.46648
1.51432
1.53166
1.59017
1.55559
1.56316
1.61795
1.58775
1.63886
1.60537
1.33876
1.39675
1.35171
1.41222
1.65982
1.61596
1.6195
1.65283
1.44833
1.46648
1.51432
1.49334
1.61596
1.65982
1.65283
1.60537
1.56316
1.55559
1.53166
1.59017
1.61795
1.58775
1.63886
4.0673e-32
0.114717
7.36911e-32
0.115832
0.230625
0.228717
0.341474
0.343863
0.452485
0.56127
0.563736
0.455057
0.115832
0.114717
7.36911e-32
4.0673e-32
0.669456
0.66737
0.770352
0.77179
0.869803
0.965337
0.870344
0.964738
0.228717
0.343863
0.341474
0.230625
0.563736
0.56127
0.455057
0.452485
1.05659
1.14323
1.13968
1.05463
1.29409
1.22493
1.30142
1.21959
0.66737
0.669456
0.770352
0.77179
0.870344
0.964738
0.965337
0.869803
1.36293
1.37242
1.42587
1.4377
1.48272
1.49704
1.55025
1.53329
1.05659
1.14323
1.05463
1.13968
1.30142
1.22493
1.21959
1.29409
1.4377
1.36293
1.42587
1.37242
1.57743
1.61499
1.59717
1.63765
1.69881
1.67156
1.67
1.64588
1.69766
1.71932
1.73303
1.68728
1.48272
1.55025
1.49704
1.53329
1.69766
1.73989
1.70113
1.73989
1.63765
1.61499
1.57743
1.59717
1.68728
1.69881
1.67156
1.71932
1.73303
1.64588
1.67
3.97284e-32
0.11204
7.17569e-32
0.113453
0.226516
0.33865
0.22402
0.335391
0.445627
0.554223
0.558099
0.449343
0.113453
0.11204
7.17569e-32
3.97284e-32
0.664453
0.6607
0.764598
0.767954
0.22402
0.33865
0.335391
0.226516
0.865482
0.868184
0.962942
0.964738
1.05659
1.14607
1.14536
1.05725
0.449343
0.558099
0.554223
0.445627
0.6607
0.767954
0.664453
0.764598
1.30711
1.23103
1.31118
1.22875
1.38621
1.38018
1.45588
1.4477
0.868184
0.962942
0.964738
0.865482
1.14536
1.14607
1.05659
1.05725
1.50944
1.57817
1.56521
1.51993
1.67644
1.61483
1.63039
1.65813
1.31118
1.23103
1.22875
1.30711
1.38018
1.4477
1.45588
1.38621
1.50944
1.51993
1.56521
1.57817
1.7253
1.69499
1.71617
1.74946
1.77621
1.79634
1.76592
1.74896
1.81653
1.77951
1.80979
1.77611
1.65813
1.63039
1.61483
1.67644
1.81653
1.77611
1.80979
1.76592
1.79634
1.7253
1.77621
1.69499
1.74896
1.71617
1.74946
3.85724e-32
0.108767
6.94351e-32
0.110478
0.110478
0.108767
6.94351e-32
3.85724e-32
0.221231
0.327567
0.331696
0.218146
0.436479
0.544355
0.549642
0.44134
0.656114
0.650691
0.755004
0.760281
0.331696
0.327567
0.221231
0.218146
0.861701
0.856837
0.955755
0.959948
0.549642
0.544355
0.436479
0.44134
1.05135
1.14323
1.14536
1.05463
1.23103
1.31443
1.31362
1.2318
0.650691
0.760281
0.656114
0.755004
0.856837
0.955755
0.861701
0.959948
1.39053
1.39311
1.46678
1.46224
1.52852
1.53519
1.58913
1.5981
1.14323
1.05135
1.05463
1.14536
1.23103
1.2318
1.31362
1.31443
1.64388
1.65529
1.70658
1.69259
1.73511
1.79084
1.75181
1.77131
1.39053
1.46224
1.39311
1.46678
1.52852
1.5981
1.53519
1.58913
1.64388
1.70658
1.69259
1.65529
1.84981
1.8243
1.80107
1.82354
1.8828
1.86958
1.84095
1.85096
1.85096
1.8543
1.88942
1.88942
1.73511
1.77131
1.79084
1.75181
1.8828
1.8243
1.84095
1.86958
1.82354
1.84981
1.80107
3.72048e-32
0.104897
6.67252e-32
0.106906
0.214769
0.211095
0.317999
0.323001
0.106906
0.104897
6.67252e-32
3.72048e-32
0.323001
0.317999
0.214769
0.211095
0.425038
0.531661
0.538361
0.431046
0.644434
0.637339
0.741568
0.748767
0.850894
0.843866
0.943774
0.950364
0.431046
0.425038
0.538361
0.531661
1.04086
1.1347
1.13968
1.04676
0.748767
0.741568
0.644434
0.637339
1.22493
1.31118
1.31362
1.22875
1.39397
1.47042
1.46951
1.39311
0.850894
0.943774
0.843866
0.950364
1.1347
1.13968
1.04086
1.04676
1.54282
1.61005
1.53996
1.60507
1.66462
1.67187
1.72809
1.71842
1.31118
1.22875
1.31362
1.22493
1.39311
1.46951
1.39397
1.47042
1.76628
1.77851
1.82298
1.80806
1.87287
1.89348
1.84363
1.86134
1.60507
1.53996
1.54282
1.61005
1.67187
1.66462
1.72809
1.71842
1.76628
1.82298
1.80806
1.77851
1.93876
1.91932
1.89571
1.91206
1.92518
1.9219
1.95175
1.95825
1.9219
1.95825
1.91206
1.95175
1.84363
1.89571
1.89348
1.86134
1.91932
1.93876
1.87287
3.56253e-32
0.102737
0.100429
6.36267e-32
0.207127
0.202863
0.306686
0.312561
0.411302
0.516138
0.524253
0.418458
0.102737
0.100429
6.36267e-32
3.56253e-32
0.202863
0.312561
0.306686
0.207127
0.524253
0.516138
0.411302
0.418458
0.62941
0.620642
0.724285
0.733408
0.835757
0.826563
0.926992
0.935983
1.03364
1.02511
1.12049
1.12831
0.620642
0.733408
0.62941
0.724285
1.21272
1.30142
1.30711
1.21959
0.835757
0.926992
0.935983
0.826563
1.46951
1.39053
1.38621
1.46678
1.61403
1.54377
1.54282
1.61303
1.02511
1.03364
1.12831
1.12049
1.21959
1.30711
1.30142
1.21272
1.67706
1.74099
1.73562
1.68016
1.78852
1.84591
1.7963
1.83559
1.46951
1.39053
1.38621
1.46678
1.61403
1.54282
1.61303
1.54377
1.9274
1.91166
1.88966
1.87668
1.95904
1.94043
1.96288
1.98445
1.67706
1.74099
1.73562
1.68016
1.78852
1.84591
1.7963
1.83559
1.91166
1.87668
1.9274
1.88966
1.97897
2.01636
1.98865
2.00358
2.02277
2.02277
1.99187
1.98865
1.97897
1.98445
2.00358
2.01636
1.95904
1.96288
1.94043
3.38336e-32
6.0139e-32
0.0979699
0.0953617
0.198305
0.19345
0.293625
0.300374
0.395268
0.497782
0.507314
0.403573
0.0979699
0.0953617
6.0139e-32
3.38336e-32
0.611037
0.600593
0.703149
0.714199
0.19345
0.300374
0.293625
0.198305
0.403573
0.395268
0.507314
0.497782
0.600593
0.714199
0.703149
0.611037
0.816286
0.804921
0.905403
0.916799
1.00411
1.10059
1.11125
1.01527
1.1944
1.28514
1.29409
1.20433
0.816286
0.916799
0.905403
0.804921
1.38018
1.45588
1.46224
1.37242
1.10059
1.11125
1.00411
1.01527
1.53519
1.61005
1.53996
1.61303
1.74529
1.6812
1.68016
1.74421
1.28514
1.1944
1.20433
1.29409
1.46224
1.38018
1.45588
1.37242
1.85393
1.80186
1.80519
1.85966
1.90852
1.94072
1.90027
1.95161
1.53519
1.61005
1.53996
1.61303
1.74529
1.68016
1.6812
1.74421
2.01994
2.00347
1.98878
1.97515
2.04497
2.02558
2.04142
2.06381
1.80186
1.85966
1.85393
1.80519
1.95161
1.94072
1.90027
1.90852
1.97515
2.00347
1.98878
2.01994
2.05412
2.05094
2.07641
2.08271
2.08271
2.05094
2.04142
2.06381
2.07641
2.04497
2.02558
3.18295e-32
0.0896956
5.62617e-32
0.0926035
0.0926035
0.0896956
5.62617e-32
3.18295e-32
0.188301
0.182855
0.278814
0.286438
0.376931
0.476588
0.48754
0.386388
0.589311
0.577187
0.678153
0.691134
0.286438
0.278814
0.188301
0.182855
0.792472
0.778934
0.878999
0.892803
0.48754
0.376931
0.476588
0.386388
0.678153
0.577187
0.691134
0.589311
0.792472
0.892803
0.878999
0.778934
0.991638
0.977843
1.07498
1.0885
1.16996
1.26234
1.27455
1.18295
1.36293
1.4477
1.35171
1.4377
1.07498
1.0885
0.977843
0.991638
1.51993
1.60507
1.52852
1.5981
1.16996
1.18295
1.27455
1.26234
1.74099
1.74421
1.67706
1.67187
1.8631
1.8063
1.86424
1.80519
1.4477
1.36293
1.35171
1.4377
1.60507
1.52852
1.51993
1.5981
1.91794
1.96612
1.96007
1.91441
2.0086
2.03387
2.04525
1.99993
1.67187
1.67706
1.74421
1.74099
1.86424
1.80519
1.8063
1.8631
2.10066
2.07597
2.08356
2.06177
2.09917
2.10855
2.13165
2.11923
1.91441
1.91794
1.96007
1.96612
1.99993
2.0086
2.04525
2.03387
2.07597
2.10066
2.06177
2.08356
2.11168
2.13786
2.13786
2.10855
2.11923
2.13165
2.09917
2.96127e-32
0.0834294
5.19945e-32
0.0866375
2.96127e-32
0.0866375
0.0834294
5.19945e-32
0.177114
0.171075
0.262249
0.27075
0.27075
0.262249
0.177114
0.171075
0.366899
0.356289
0.452553
0.464926
0.564225
0.55042
0.649292
0.664206
0.764309
0.748593
0.847772
0.863989
0.464926
0.452553
0.356289
0.366899
0.962731
0.946296
1.04366
1.06004
0.55042
0.664206
0.649292
0.564225
0.764309
0.863989
0.847772
0.748593
0.946296
0.962731
1.06004
1.04366
1.13938
1.233
1.24849
1.15544
1.33876
1.41222
1.32408
1.42587
1.58913
1.50944
1.49704
1.57817
1.13938
1.233
1.24849
1.15544
1.73562
1.65529
1.66462
1.72809
1.32408
1.42587
1.41222
1.33876
1.85966
1.8631
1.7963
1.80186
1.91794
1.96974
1.97095
1.91912
1.58913
1.57817
1.49704
1.50944
1.66462
1.73562
1.65529
1.72809
2.06043
2.01479
2.0185
2.05411
2.09661
2.12693
2.11511
2.08759
1.85966
1.80186
1.7963
1.8631
1.91912
1.96974
1.91794
1.97095
2.13661
2.15201
2.16964
2.1513
2.16127
2.16435
2.18189
2.18803
2.0185
2.01479
2.05411
2.06043
2.12693
2.08759
2.11511
2.09661
2.18803
2.13661
2.18189
2.16127
2.15201
2.16964
2.1513
0.0800711
0.0765628
4.73372e-32
2.71832e-32
2.71832e-32
0.0765628
4.73372e-32
0.0800711
0.164741
0.158109
0.24393
0.253309
0.164741
0.158109
0.253309
0.24393
0.33334
0.425672
0.439468
0.345104
0.439468
0.425672
0.33334
0.345104
0.535774
0.520285
0.616558
0.633409
0.731789
0.713892
0.811711
0.830346
0.928541
0.90946
1.00661
1.02585
0.616558
0.520285
0.633409
0.535774
1.12179
1.10265
1.19711
1.21587
0.713892
0.731789
0.830346
0.811711
1.00661
0.928541
1.02585
0.90946
1.12179
1.21587
1.19711
1.10265
1.39675
1.30767
1.28952
1.37944
1.56521
1.48272
1.55025
1.46648
1.71842
1.63039
1.70658
1.64388
1.39675
1.37944
1.30767
1.28952
1.85393
1.77851
1.84591
1.78852
1.56521
1.46648
1.48272
1.55025
1.90852
1.96612
1.91441
1.96974
2.06422
2.06549
2.01974
2.0185
1.71842
1.70658
1.63039
1.64388
1.77851
1.78852
1.85393
1.84591
2.10693
2.14269
2.13612
2.10306
2.17265
2.18455
2.19673
2.16331
1.91441
1.96612
1.96974
1.90852
2.0185
2.01974
2.06422
2.06549
2.19976
2.21486
2.22697
2.2089
2.2089
2.21195
2.23303
2.23303
2.13612
2.10306
2.14269
2.10693
2.17265
2.19673
2.18455
2.22697
2.21486
2.16331
2.19976
0.0729041
0.0690954
4.22894e-32
2.45407e-32
0.234112
0.223855
0.151183
0.143958
2.45407e-32
0.0690954
4.22894e-32
0.0729041
0.151183
0.143958
0.223855
0.234112
0.308079
0.395942
0.411163
0.320999
0.395942
0.308079
0.320999
0.411163
0.503955
0.486779
0.579946
0.598737
0.486779
0.598737
0.579946
0.503955
0.694904
0.674822
0.770807
0.791865
0.889057
0.867325
0.963822
0.985934
1.05977
1.15465
1.1767
1.08198
0.674822
0.694904
0.791865
0.770807
1.26963
1.248
1.33934
1.36031
0.867325
0.963822
0.889057
0.985934
1.15465
1.08198
1.1767
1.05977
1.248
1.36031
1.26963
1.33934
1.42825
1.44833
1.51432
1.53329
1.69259
1.59717
1.67644
1.61483
1.82298
1.75181
1.83559
1.76628
1.53329
1.51432
1.42825
1.44833
1.88966
1.96007
1.95161
1.90027
1.59717
1.61483
1.69259
1.67644
2.06043
2.0086
2.06422
2.01479
2.10822
2.14794
2.14662
2.10693
1.83559
1.82298
1.76628
1.75181
1.96007
1.90027
1.88966
1.95161
2.20621
2.17932
2.18332
2.21298
2.23681
2.22721
2.25474
2.24225
2.06043
2.01479
2.0086
2.06422
2.10822
2.14794
2.14662
2.10693
2.25431
2.26673
2.25129
2.27273
2.25129
2.26673
2.24225
2.27273
2.20621
2.18332
2.21298
2.17932
2.25474
2.23681
2.22721
0.0651362
0.0610269
3.68512e-32
2.16853e-32
0.213159
0.202023
0.136438
0.128619
2.16853e-32
0.0610269
3.68512e-32
0.0651362
0.380008
0.363361
0.280507
0.294583
0.136438
0.128619
0.202023
0.213159
0.280507
0.363361
0.380008
0.294583
0.468762
0.449898
0.539451
0.560184
0.560184
0.539451
0.468762
0.449898
0.653648
0.631377
0.725054
0.748537
0.653648
0.748537
0.725054
0.631377
0.844268
0.819881
0.915282
0.940272
1.03601
1.0107
1.10561
1.13096
1.22462
1.1995
1.29189
1.31653
0.915282
0.844268
0.940272
0.819881
1.49334
1.40625
1.47035
1.38232
1.0107
1.10561
1.13096
1.03601
1.1995
1.31653
1.29189
1.22462
1.49334
1.38232
1.40625
1.47035
1.63765
1.55559
1.65813
1.57743
1.79084
1.80806
1.71617
1.73511
1.94072
1.86134
1.9274
1.87668
1.55559
1.65813
1.63765
1.57743
1.98878
2.04525
2.05411
1.99993
1.71617
1.79084
1.80806
1.73511
2.09661
2.14269
2.10306
2.14662
2.18466
2.18332
2.21703
2.21839
1.87668
1.86134
1.94072
1.9274
2.05411
1.99993
2.04525
1.98878
2.26445
2.27138
2.24777
2.24366
2.2883
2.27935
2.28916
2.30103
2.10306
2.14269
2.09661
2.14662
2.21839
2.18466
2.18332
2.21703
2.29129
2.2883
2.30698
2.30698
2.26445
2.24777
2.27935
2.30103
2.24366
2.27138
2.28916
0.0567672
0.0523574
3.10226e-32
1.86168e-32
0.190448
0.178434
0.120506
0.112094
1.86168e-32
0.0523574
3.10226e-32
0.0567672
0.346001
0.327927
0.250622
0.265855
0.120506
0.112094
0.178434
0.190448
0.517746
0.49507
0.430192
0.409639
0.250622
0.327927
0.346001
0.265855
0.430192
0.409639
0.49507
0.517746
0.608013
0.583552
0.674443
0.700356
0.608013
0.700356
0.674443
0.583552
0.794166
0.767118
0.860979
0.888851
0.767118
0.794166
0.888851
0.860979
0.955447
1.04997
1.07862
0.98385
1.17263
1.14401
1.23707
1.2654
1.35645
1.44535
1.32866
1.41832
0.955447
1.07862
1.04997
0.98385
1.50563
1.61499
1.59017
1.53166
1.14401
1.23707
1.2654
1.17263
1.41832
1.32866
1.44535
1.35645
1.59017
1.50563
1.53166
1.61499
1.77131
1.67156
1.74946
1.69499
1.82354
1.91166
1.89348
1.84363
1.95904
2.01994
2.03387
1.97515
1.74946
1.77131
1.67156
1.69499
2.12693
2.07597
2.08759
2.13612
1.91166
1.84363
1.82354
1.89348
2.17265
2.21298
2.17932
2.21703
2.27693
2.24914
2.24777
2.27554
2.03387
1.95904
1.97515
2.01994
2.12693
2.08759
2.13612
2.07597
2.29616
2.31093
2.318
2.30036
2.32978
2.31981
2.32277
2.33568
2.21703
2.17265
2.21298
2.17932
2.24914
2.27554
2.24777
2.27693
2.30036
2.31093
2.318
2.31981
2.33568
2.32978
2.29616
0.0477971
0.0430868
2.48037e-32
1.53354e-32
0.165979
0.153086
0.103387
0.0943819
1.53354e-32
0.0430868
2.48037e-32
0.0477971
0.309139
0.289638
0.218423
0.234812
0.103387
0.0943819
0.153086
0.165979
0.47142
0.446798
0.388243
0.366
0.218423
0.289638
0.309139
0.234812
0.557997
0.647314
0.618968
0.531343
0.388243
0.366
0.446798
0.47142
0.557997
0.531343
0.618968
0.647314
0.738741
0.70903
0.800904
0.831663
0.738741
0.831663
0.70903
0.800904
0.925496
0.89399
0.987711
1.01967
0.987711
0.89399
0.925496
1.01967
1.11364
1.08151
1.17486
1.20689
1.38927
1.29892
1.26725
1.3582
1.53397
1.56316
1.44725
1.47749
1.08151
1.20689
1.17486
1.11364
1.61795
1.69881
1.7253
1.64588
1.3582
1.26725
1.38927
1.29892
1.53397
1.44725
1.56316
1.47749
1.61795
1.69881
1.64588
1.7253
1.87287
1.84981
1.77621
1.80107
1.91932
1.98445
2.00347
1.94043
2.10066
2.06177
2.11511
2.04497
1.87287
1.84981
1.77621
1.80107
2.16332
2.1513
2.20621
2.19673
1.98445
1.94043
1.91932
2.00347
2.27138
2.23681
2.24366
2.27554
2.32365
2.32224
2.30176
2.30036
2.04497
2.10066
2.06177
2.11511
2.19673
2.20621
2.16332
2.1513
2.34572
2.35289
2.3369
2.34117
2.34866
2.35875
2.35875
2.34572
2.24366
2.27138
2.27554
2.23681
2.32224
2.35289
2.30176
2.32365
2.34117
2.3369
2.30036
0.0382262
0.0332155
1.81945e-32
1.1841e-32
1.1841e-32
0.0332155
1.81945e-32
0.0382262
0.139753
0.125981
0.0850816
0.075483
0.269424
0.248495
0.183911
0.201457
0.0850816
0.075483
0.125981
0.139753
0.318981
0.421203
0.394635
0.342914
0.183911
0.248495
0.269424
0.201457
0.503594
0.589406
0.558627
0.474747
0.342914
0.318981
0.394635
0.421203
0.677987
0.768699
0.735048
0.64561
0.503594
0.474747
0.558627
0.589406
0.677987
0.64561
0.735048
0.768699
0.860933
0.826321
0.918826
0.954097
0.860933
0.954097
0.918826
0.826321
1.04763
1.01199
1.10524
1.14098
1.14098
1.01199
1.10524
1.04763
1.3251
1.23364
1.28996
1.19807
1.38043
1.4149
1.50259
1.46902
1.55529
1.67
1.63886
1.58775
1.28996
1.19807
1.3251
1.23364
1.71932
1.8243
1.79634
1.74896
1.38043
1.46902
1.4149
1.50259
1.63886
1.55529
1.67
1.58775
1.8243
1.71932
1.79634
1.74896
1.96288
1.86958
1.93876
1.89571
2.06381
2.00358
2.08356
2.02558
2.13661
2.11923
2.16964
2.18455
1.86958
1.93876
1.96288
1.89571
2.21486
2.26445
2.22721
2.25474
2.00358
2.08356
2.02558
2.06381
2.28916
2.318
2.29616
2.32224
2.35862
2.34117
2.3426
2.35718
2.13661
2.18455
2.16964
2.11923
2.22721
2.25474
2.21486
2.26445
2.37611
2.36888
2.36595
2.37027
2.37027
2.35718
2.36595
2.37611
2.318
2.29616
2.28916
2.32224
2.3426
2.35862
2.34117
8.13379e-33
0.0227437
1.11954e-32
0.0280546
0.0280546
0.0227437
1.11954e-32
8.13379e-33
0.111769
0.0971189
0.0655896
0.055398
0.0655896
0.055398
0.0971189
0.111769
0.226854
0.204499
0.147085
0.165788
0.367094
0.338581
0.294205
0.268582
0.147085
0.204499
0.165788
0.226854
0.444804
0.526631
0.493418
0.413763
0.294205
0.268582
0.338581
0.367094
0.6119
0.699951
0.576855
0.663408
0.444804
0.413763
0.493418
0.526631
0.790155
0.881894
0.843302
0.752431
0.6119
0.576855
0.663408
0.699951
0.790155
0.752431
0.843302
0.881894
0.974584
0.935419
1.0282
1.06765
0.974584
1.06765
0.935419
1.0282
1.1211
1.21358
1.16056
1.25279
1.1211
1.25279
1.21358
1.16056
1.39528
1.43325
1.30514
1.34384
1.48356
1.60537
1.52057
1.56955
1.65283
1.73303
1.76592
1.68728
1.39528
1.30514
1.43325
1.34384
1.80979
1.91206
1.8828
1.84095
1.56955
1.48356
1.52057
1.60537
1.76592
1.65283
1.73303
1.68728
1.8828
1.80979
1.91206
1.84095
2.01637
2.04142
1.95175
1.97897
2.13165
2.07641
2.15201
2.09917
2.19976
2.22697
2.24225
2.18189
1.95175
2.04142
1.97897
2.01637
2.27935
2.30103
2.26673
2.31093
2.09917
2.13165
2.15201
2.07641
2.3369
2.35718
2.32978
2.35289
2.38189
2.37027
2.38045
2.37171
2.18189
2.19976
2.24225
2.22697
2.27935
2.31093
2.30103
2.26673
2.38045
2.38336
2.38771
2.38771
2.35289
2.38189
2.37171
2.35718
2.3369
2.32978
2.37027
0.0172826
0.0116717
3.80645e-33
4.21387e-33
4.21387e-33
0.0116717
3.80645e-33
0.0172826
0.0449117
0.0341274
0.0665007
0.082029
0.082029
0.0665007
0.0449117
0.0341274
0.18143
0.157649
0.107948
0.127807
0.107948
0.127807
0.157649
0.18143
0.309095
0.278637
0.242116
0.214804
0.381627
0.458987
0.423339
0.348393
0.242116
0.214804
0.278637
0.309095
0.540477
0.625417
0.58598
0.502764
0.381627
0.348393
0.423339
0.458987
0.713154
0.803049
0.761134
0.672318
0.540477
0.502764
0.58598
0.625417
0.894494
0.986896
0.943727
0.851804
0.713154
0.672318
0.761134
0.803049
0.986896
0.894494
0.851804
0.943727
1.03633
1.12904
1.17233
1.07969
1.07969
1.17233
1.03633
1.12904
1.35511
1.22135
1.26431
1.31274
1.35511
1.22135
1.31274
1.26431
1.40272
1.49085
1.53137
1.44428
1.57668
1.65982
1.69766
1.61596
1.81653
1.85096
1.73989
1.77611
1.49085
1.40272
1.53137
1.44428
1.88942
1.98865
1.95825
1.9219
1.69766
1.65982
1.57668
1.61596
1.73989
1.85096
1.77611
1.81653
1.88942
1.98865
1.95825
1.9219
2.05094
2.02277
2.08271
2.10855
2.16127
2.13786
2.2089
2.18803
2.2883
2.23303
2.25129
2.27273
2.08271
2.10855
2.02277
2.05094
2.34572
2.33568
2.31981
2.30698
2.13786
2.18803
2.16127
2.2089
2.35875
2.36595
2.38045
2.37611
2.39207
2.38916
2.38771
2.39352
2.27273
2.23303
2.25129
2.2883
2.30698
2.31981
2.34572
2.33568
2.38771
2.38045
2.38916
2.39352
2.35875
2.37611
2.36595
9.87914e-35
0.00591062
0.00591062
9.87914e-35
0.0505332
0.0230485
0.0230485
0.0505332
0.133155
0.0875141
0.0875141
0.133155
0.186649
0.247206
0.186649
0.247206
0.314064
0.386474
0.463719
0.545095
0.314064
0.386474
0.629928
0.717557
0.545095
0.463719
0.807352
0.898697
0.717557
0.629928
0.991005
1.08371
0.807352
0.898697
0.991005
1.08371
1.17626
1.26815
1.17626
1.26815
1.35887
1.44796
1.44796
1.35887
1.53498
1.6195
1.70113
1.77951
1.92518
1.8543
1.6195
1.53498
2.05412
1.99187
1.77951
1.70113
1.8543
1.92518
2.05412
1.99187
2.11168
2.16435
2.25431
2.21195
2.32277
2.29129
2.11168
2.16435
2.36888
2.34866
2.25431
2.21195
2.39207
2.38336
2.39497
2.39207
2.29129
2.32277
2.34866
2.38336
2.36888
1.03633
1.40272
1.31274
0.0116717
1.12904
1.22135
1.12904
1.22135
1.03633
0.157649
0.214804
0.943727
1.31274
0.348393
0.851804
0.761134
1.40272
0.672318
0.58598
1.49085
0.502764
0.423339
1.57668
0.278637
1.65982
1.73989
0.107948
0.0665007
1.81653
0.0341274
1.88942
1.95825
0.0116717
1.49085
1.57668
2.02277
2.08271
1.73989
2.13786
0.0341274
2.18803
2.23303
0.0665007
2.27273
2.30698
0.107948
2.33568
2.35875
0.157649
2.23303
2.37611
2.27273
2.38771
0.214804
2.39352
2.39352
0.278637
2.38771
2.37611
0.348393
2.35875
2.33568
0.423339
2.30698
0.502764
2.18803
0.58598
2.13786
2.08271
0.672318
2.02277
1.95825
0.761134
1.88942
1.81653
0.851804
1.65982
0.943727
3.80645e-33
3.80645e-33
4.21387e-33
0.0172826
0.0172826
4.21387e-33
0.082029
0.0449117
0.0449117
0.082029
0.127807
0.18143
0.127807
0.18143
0.309095
0.242116
0.242116
0.309095
0.458987
0.381627
0.625417
0.540477
0.381627
0.458987
0.713154
0.803049
0.625417
0.540477
0.986896
0.894494
0.713154
0.803049
1.07969
1.17233
0.894494
0.986896
1.07969
1.17233
1.35511
1.26431
1.35511
1.26431
1.44428
1.53137
1.53137
1.44428
1.69766
1.61596
1.85096
1.77611
1.9219
1.98865
1.61596
1.69766
2.10855
2.05094
1.85096
1.77611
1.98865
1.9219
2.05094
2.10855
2.16127
2.2089
2.2883
2.25129
2.31981
2.34572
2.2089
2.16127
2.38045
2.36595
2.2883
2.25129
2.39207
2.38916
2.38916
2.38045
2.34572
2.31981
2.36595
1.30514
1.21358
1.21358
1.1211
1.30514
1.0282
0.0971189
0.935419
0.843302
1.39528
0.752431
1.48356
0.663408
0.576855
0.493418
1.56955
0.413763
1.65283
0.338581
0.268582
0.204499
1.73303
0.147085
1.80979
0.055398
0.0227437
1.8828
1.95175
0.0227437
2.01637
1.39528
2.07641
2.13165
1.56955
0.055398
2.18189
2.22697
1.80979
2.26673
0.0971189
2.30103
0.147085
2.32978
2.35289
2.37027
2.13165
0.204499
2.38189
0.268582
2.26673
2.38771
2.38771
2.38189
0.338581
2.37027
0.413763
2.35289
2.32978
2.30103
0.493418
0.576855
2.22697
2.18189
0.663408
2.07641
0.752431
2.01637
1.95175
1.8828
0.843302
0.935419
1.73303
1.65283
1.0282
1.48356
1.1211
1.11954e-32
1.11954e-32
8.13379e-33
0.0280546
0.0280546
8.13379e-33
0.111769
0.0655896
0.0655896
0.111769
0.165788
0.226854
0.226854
0.165788
0.367094
0.294205
0.294205
0.367094
0.526631
0.444804
0.6119
0.699951
0.444804
0.526631
0.790155
0.881894
0.699951
0.6119
0.974584
1.06765
0.881894
0.790155
1.25279
1.16056
0.974584
1.06765
1.25279
1.16056
1.34384
1.43325
1.43325
1.34384
1.60537
1.52057
1.52057
1.60537
1.76592
1.68728
1.91206
1.84095
1.97897
2.04142
1.76592
1.68728
2.09917
2.15201
1.84095
1.91206
2.04142
1.97897
2.09917
2.15201
2.19976
2.24225
2.27935
2.31093
2.3369
2.35718
2.24225
2.19976
2.38045
2.37171
2.27935
2.31093
2.38336
2.38045
2.37171
2.3369
2.35718
1.28996
1.10524
1.38043
0.0332155
1.01199
0.918826
0.826321
1.46902
0.735048
0.248495
0.318981
1.55529
0.64561
0.558627
0.474747
1.63886
0.394635
1.71932
0.183911
1.79634
0.125981
1.86958
0.075483
1.93876
2.00358
0.0332155
2.06381
1.28996
2.11923
0.075483
2.16964
2.21486
2.25474
1.63886
1.71932
0.125981
2.28916
0.183911
2.318
2.34117
2.35862
0.248495
2.06381
2.37027
0.318981
2.16964
2.21486
2.37611
2.37611
2.37027
0.394635
2.35862
0.474747
2.34117
2.318
2.28916
0.558627
2.25474
0.64561
2.11923
0.735048
0.826321
2.00358
1.93876
1.86958
0.918826
1.79634
1.01199
1.55529
1.10524
1.46902
1.19807
1.38043
1.19807
1.81945e-32
1.81945e-32
1.1841e-32
0.0382262
0.0382262
1.1841e-32
0.0850816
0.139753
0.0850816
0.139753
0.201457
0.269424
0.269424
0.201457
0.421203
0.342914
0.342914
0.421203
0.503594
0.589406
0.677987
0.768699
0.503594
0.589406
0.860933
0.954097
0.768699
0.677987
1.14098
1.04763
0.860933
0.954097
1.3251
1.23364
1.04763
1.14098
1.3251
1.23364
1.50259
1.4149
1.50259
1.4149
1.58775
1.67
1.67
1.58775
1.8243
1.74896
1.96288
1.89571
2.02558
2.08356
1.74896
1.8243
2.13661
2.18455
1.89571
1.96288
2.08356
2.02558
2.13661
2.18455
2.26445
2.22721
2.29616
2.32224
2.3426
2.35718
2.22721
2.26445
2.36888
2.36595
2.32224
2.29616
2.36595
2.35718
2.3426
1.44725
0.89399
0.800904
1.53397
0.70903
0.618968
1.61795
0.531343
0.446798
1.69881
0.366
0.289638
1.77621
0.218423
0.153086
1.84981
0.0943819
0.0430868
1.91932
1.98445
0.0430868
0.987711
1.08151
2.04497
2.10066
1.26725
2.1513
0.0943819
2.19673
2.23681
0.153086
2.27138
2.30036
0.218423
2.32365
2.34117
0.289638
1.91932
2.35289
1.98445
2.35875
0.366
2.35875
2.35289
0.446798
2.19673
2.23681
2.34117
2.32365
0.531343
2.30036
2.27138
0.618968
0.70903
2.1513
2.10066
0.800904
2.04497
0.89399
1.84981
0.987711
1.77621
1.69881
1.08151
1.61795
1.53397
1.17486
1.44725
1.3582
1.26725
1.17486
1.3582
2.48037e-32
2.48037e-32
1.53354e-32
0.0477971
0.0477971
1.53354e-32
0.165979
0.103387
0.103387
0.165979
0.309139
0.234812
0.234812
0.309139
0.47142
0.388243
0.388243
0.47142
0.647314
0.557997
0.738741
0.831663
0.647314
0.557997
1.01967
0.925496
0.738741
0.831663
1.20689
1.11364
1.01967
0.925496
1.38927
1.29892
1.20689
1.11364
1.29892
1.38927
1.56316
1.47749
1.47749
1.56316
1.7253
1.64588
1.64588
1.7253
1.87287
1.80107
2.00347
1.94043
2.06177
2.11511
1.80107
1.87287
2.20621
2.16332
1.94043
2.00347
2.11511
2.06177
2.20621
2.16332
2.24366
2.27554
2.30176
2.32224
2.3369
2.34572
2.27554
2.24366
2.34572
2.34866
2.30176
2.3369
2.32224
0.767118
0.674443
1.59017
0.583552
1.67156
0.49507
0.409639
0.327927
1.74946
0.250622
1.82354
0.178434
0.112094
0.0523574
1.89348
1.95904
0.0523574
2.01994
0.860979
2.07597
2.12693
1.04997
0.112094
2.17265
2.21298
1.32866
2.24777
0.178434
2.27693
0.250622
2.30036
2.318
2.32978
1.74946
0.327927
2.33568
0.409639
1.95904
2.33568
2.32978
2.318
0.49507
2.12693
2.30036
0.583552
2.27693
2.24777
2.21298
0.674443
2.17265
0.767118
2.07597
2.01994
0.860979
0.955447
1.89348
1.82354
1.04997
1.67156
1.14401
1.59017
1.50563
1.41832
1.23707
1.32866
1.23707
1.14401
1.41832
0.955447
1.50563
3.10226e-32
3.10226e-32
1.86168e-32
0.0567672
0.0567672
1.86168e-32
0.190448
0.120506
0.120506
0.190448
0.346001
0.265855
0.346001
0.265855
0.430192
0.517746
0.430192
0.517746
0.608013
0.700356
0.794166
0.888851
0.608013
0.700356
1.07862
0.98385
0.888851
0.794166
1.2654
1.17263
1.07862
0.98385
1.44535
1.35645
1.2654
1.17263
1.35645
1.44535
1.61499
1.53166
1.61499
1.53166
1.77131
1.69499
1.77131
1.69499
1.91166
1.84363
1.97515
2.03387
2.13612
2.08759
1.84363
1.91166
2.17932
2.21703
2.03387
1.97515
2.08759
2.13612
2.21703
2.17932
2.27554
2.24914
2.31093
2.29616
2.31981
2.32277
2.24914
2.27554
2.31093
2.31981
2.29616
1.63765
0.539451
1.71617
0.449898
0.363361
0.280507
1.79084
0.202023
1.86134
0.128619
0.0610269
1.9274
1.98878
0.0610269
2.04525
0.725054
2.09661
0.128619
2.14269
2.18332
2.21839
1.10561
1.1995
0.202023
2.24777
0.280507
2.27138
2.28916
2.30103
0.363361
1.63765
2.30698
0.449898
1.79084
1.86134
2.30698
2.30103
2.28916
0.539451
2.04525
2.27138
0.631377
2.24777
2.21839
2.18332
0.725054
2.14269
0.819881
2.09661
1.98878
0.915282
1.9274
1.0107
1.71617
1.10561
1.1995
1.55559
1.47035
1.38232
1.29189
1.29189
1.38232
1.0107
1.47035
0.915282
1.55559
0.819881
0.631377
3.68512e-32
3.68512e-32
2.16853e-32
0.0651362
0.0651362
2.16853e-32
0.136438
0.213159
0.136438
0.213159
0.380008
0.294583
0.294583
0.380008
0.468762
0.560184
0.468762
0.560184
0.748537
0.653648
0.940272
0.844268
0.653648
0.748537
1.03601
1.13096
0.844268
0.940272
1.22462
1.31653
1.03601
1.13096
1.40625
1.49334
1.31653
1.22462
1.40625
1.49334
1.65813
1.57743
1.65813
1.57743
1.80806
1.73511
1.73511
1.80806
1.94072
1.87668
2.05411
1.99993
2.10306
2.14662
1.87668
1.94072
2.21703
2.18466
2.05411
1.99993
2.10306
2.14662
2.21703
2.18466
2.26445
2.24366
2.2883
2.27935
2.29129
2.2883
2.24366
2.27935
2.26445
1.75181
0.308079
0.223855
1.82298
0.143958
0.0690954
1.88966
1.95161
0.0690954
0.395942
0.486779
2.0086
2.06043
0.674822
2.10693
0.143958
2.14794
2.18332
0.223855
2.21298
2.23681
0.308079
2.25474
2.26673
0.395942
1.42825
2.27273
1.51432
2.27273
0.486779
2.26673
2.25474
0.579946
1.82298
1.88966
2.23681
2.21298
0.674822
2.18332
2.14794
0.770807
2.10693
2.06043
0.867325
2.0086
1.95161
0.963822
1.05977
1.75181
1.67644
1.15465
1.59717
1.248
1.33934
1.33934
1.248
1.15465
1.42825
1.05977
0.963822
1.51432
0.867325
0.770807
1.59717
0.579946
1.67644
4.22894e-32
4.22894e-32
2.45407e-32
0.0729041
0.0729041
2.45407e-32
0.234112
0.151183
0.151183
0.234112
0.320999
0.411163
0.411163
0.320999
0.598737
0.503955
0.503955
0.598737
0.694904
0.791865
0.889057
0.985934
0.694904
0.791865
1.1767
1.08198
0.985934
0.889057
1.26963
1.36031
1.08198
1.1767
1.44833
1.53329
1.26963
1.36031
1.53329
1.44833
1.69259
1.61483
1.61483
1.69259
1.76628
1.83559
1.83559
1.76628
1.96007
1.90027
2.06422
2.01479
2.14662
2.10822
1.96007
1.90027
2.17932
2.20621
2.06422
2.01479
2.10822
2.14662
2.20621
2.17932
2.22721
2.24225
2.25431
2.25129
2.25129
2.24225
2.22721
0.158109
0.0765628
1.84591
1.90852
0.0765628
1.96612
0.24393
2.0185
2.06549
0.425672
0.158109
2.10693
2.14269
0.713892
2.17265
0.24393
2.19673
0.33334
2.21486
2.22697
2.23303
1.19711
0.425672
2.23303
0.520285
1.46648
2.22697
2.21486
2.19673
0.616558
1.70658
2.17265
0.713892
2.14269
2.10693
2.06549
0.811711
2.0185
0.90946
1.96612
1.90852
1.84591
1.00661
1.77851
1.10265
1.63039
1.55025
1.19711
1.28952
1.37944
1.28952
1.37944
1.10265
1.46648
1.00661
0.90946
0.811711
1.55025
1.63039
0.616558
0.520285
1.70658
0.33334
1.77851
4.73372e-32
4.73372e-32
2.71832e-32
0.0800711
0.0800711
2.71832e-32
0.164741
0.253309
0.164741
0.253309
0.439468
0.345104
0.439468
0.345104
0.633409
0.535774
0.535774
0.633409
0.731789
0.830346
1.02585
0.928541
0.731789
0.830346
1.21587
1.12179
0.928541
1.02585
1.30767
1.39675
1.12179
1.21587
1.48272
1.56521
1.30767
1.39675
1.48272
1.56521
1.71842
1.64388
1.71842
1.64388
1.85393
1.78852
1.85393
1.78852
1.91441
1.96974
2.06422
2.01974
2.13612
2.10306
1.96974
1.91441
2.16331
2.18455
2.06422
2.01974
2.10306
2.13612
2.18455
2.16331
2.2089
2.19976
2.2089
2.21195
2.19976
1.85966
1.91794
0.0834294
0.0834294
1.97095
2.0185
0.171075
2.06043
2.09661
0.452553
0.55042
2.12693
0.262249
2.1513
0.356289
2.16964
2.18189
2.18803
1.04366
0.452553
2.18803
1.233
1.32408
0.55042
2.18189
2.16964
2.1513
1.57817
0.649292
2.12693
0.748593
2.09661
2.06043
1.85966
2.0185
0.847772
1.97095
0.946296
1.91794
1.7963
1.04366
1.72809
1.13938
1.65529
1.49704
1.233
1.41222
1.32408
1.13938
1.41222
1.49704
0.946296
0.847772
0.748593
1.57817
0.649292
1.65529
0.356289
1.72809
0.262249
1.7963
0.171075
5.19945e-32
5.19945e-32
2.96127e-32
0.0866375
2.96127e-32
0.0866375
0.27075
0.177114
0.177114
0.27075
0.464926
0.366899
0.464926
0.366899
0.564225
0.664206
0.564225
0.664206
0.863989
0.764309
1.06004
0.962731
0.764309
0.863989
1.24849
1.15544
1.06004
0.962731
1.42587
1.33876
1.15544
1.24849
1.58913
1.50944
1.33876
1.42587
1.58913
1.50944
1.66462
1.73562
1.66462
1.73562
1.8631
1.80186
1.8631
1.80186
1.91912
1.96974
2.05411
2.01479
2.08759
2.11511
1.91912
1.96974
2.15201
2.13661
2.01479
2.05411
2.08759
2.11511
2.15201
2.13661
2.16435
2.16127
2.16127
0.0896956
1.91794
1.96612
2.0086
0.182855
2.04525
2.07597
0.278814
2.10066
2.11923
0.376931
2.13165
2.13786
0.778934
0.476588
0.878999
2.13786
2.13165
0.577187
2.11923
2.10066
1.26234
1.35171
0.678153
2.07597
2.04525
0.778934
2.0086
1.96612
0.878999
1.91794
1.86424
0.977843
1.80519
1.74099
1.07498
1.67187
1.5981
1.16996
1.51993
1.4377
1.26234
1.35171
1.16996
1.07498
1.4377
0.977843
1.51993
0.678153
1.5981
0.577187
0.476588
1.67187
0.376931
0.278814
1.74099
0.182855
0.0896956
1.80519
1.86424
5.62617e-32
5.62617e-32
3.18295e-32
0.0926035
0.0926035
3.18295e-32
0.188301
0.286438
0.188301
0.286438
0.386388
0.48754
0.48754
0.386388
0.691134
0.589311
0.691134
0.589311
0.892803
0.792472
1.0885
0.991638
0.792472
0.892803
1.27455
1.18295
1.0885
0.991638
1.36293
1.4477
1.27455
1.18295
1.52852
1.60507
1.36293
1.4477
1.52852
1.60507
1.67706
1.74421
1.67706
1.74421
1.8631
1.8063
1.8631
1.8063
1.96007
1.91441
1.99993
2.03387
2.08356
2.06177
1.91441
1.96007
2.09917
2.10855
1.99993
2.03387
2.06177
2.08356
2.09917
2.11168
2.10855
1.95161
0.19345
1.98878
2.01994
2.04497
0.293625
2.06381
0.395268
2.07641
0.497782
2.08271
2.08271
0.497782
0.804921
2.07641
0.600593
2.06381
2.04497
1.10059
2.01994
0.703149
1.98878
0.804921
1.95161
1.90852
1.53519
1.85966
0.905403
1.80519
1.00411
1.74529
1.68016
1.61005
1.10059
1.1944
1.45588
1.37242
1.28514
1.28514
1.1944
1.37242
1.00411
0.905403
1.45588
1.53519
0.703149
0.600593
1.61005
0.395268
1.68016
0.293625
0.19345
0.0953617
1.74529
1.80519
0.0953617
1.85966
1.90852
6.0139e-32
6.0139e-32
3.38336e-32
0.0979699
0.0979699
3.38336e-32
0.300374
0.198305
0.198305
0.300374
0.507314
0.403573
0.403573
0.507314
0.611037
0.714199
0.611037
0.714199
0.816286
0.916799
1.11125
1.01527
0.816286
0.916799
1.29409
1.20433
1.11125
1.01527
1.46224
1.38018
1.20433
1.29409
1.61303
1.53996
1.46224
1.38018
1.61303
1.53996
1.6812
1.74421
1.6812
1.74421
1.80186
1.85393
1.80186
1.85393
1.90027
1.94072
1.97515
2.00347
2.04142
2.02558
1.90027
1.94072
2.05412
2.05094
2.00347
1.97515
2.04142
2.02558
2.05094
0.202863
1.9274
1.95904
1.98445
0.306686
2.00358
0.306686
0.411302
2.01636
0.516138
0.620642
2.02277
2.02277
0.516138
2.01636
0.926992
0.620642
2.00358
1.98445
1.95904
0.724285
1.30142
1.38621
1.9274
0.826563
1.88966
1.84591
1.7963
0.926992
1.74099
1.02511
1.68016
1.61403
1.54282
1.12049
1.46678
1.21272
1.21272
1.30142
1.12049
1.38621
1.02511
0.826563
1.46678
0.724285
1.54282
0.411302
1.61403
1.68016
0.202863
0.100429
1.74099
1.7963
0.100429
1.84591
1.88966
6.36267e-32
6.36267e-32
3.56253e-32
0.102737
0.102737
3.56253e-32
0.312561
0.207127
0.207127
0.312561
0.524253
0.418458
0.524253
0.418458
0.733408
0.62941
0.62941
0.733408
0.835757
0.935983
1.03364
1.12831
0.835757
0.935983
1.30711
1.21959
1.03364
1.12831
1.39053
1.46951
1.21959
1.30711
1.54377
1.61303
1.46951
1.39053
1.61303
1.54377
1.67706
1.73562
1.73562
1.67706
1.78852
1.83559
1.83559
1.78852
1.87668
1.91166
1.94043
1.96288
1.97897
1.98865
1.87668
1.91166
1.98865
1.99187
1.96288
1.94043
1.97897
1.91932
0.317999
1.93876
0.104897
1.95175
0.425038
1.95825
1.95825
0.531661
0.531661
0.637339
1.95175
1.93876
0.637339
1.91932
1.89348
0.741568
1.86134
1.82298
0.843866
1.77851
1.31118
1.72809
0.943774
1.67187
1.61005
1.04086
1.54282
1.47042
1.1347
1.39311
1.22493
1.22493
1.1347
1.31118
1.04086
0.943774
1.39311
0.843866
0.741568
1.47042
1.54282
0.425038
0.317999
1.61005
0.211095
1.67187
1.72809
0.104897
1.89348
1.77851
1.82298
1.86134
0.211095
6.67252e-32
6.67252e-32
3.72048e-32
0.106906
0.106906
3.72048e-32
0.214769
0.323001
0.214769
0.323001
0.538361
0.431046
0.431046
0.538361
0.748767
0.644434
0.644434
0.748767
0.950364
0.850894
1.13968
1.04676
0.850894
0.950364
1.22875
1.31362
1.13968
1.04676
1.39397
1.46951
1.31362
1.22875
1.53996
1.60507
1.46951
1.39397
1.53996
1.60507
1.71842
1.66462
1.71842
1.66462
1.76628
1.80806
1.80806
1.76628
1.87287
1.84363
1.91206
1.89571
1.92518
1.9219
1.87287
1.84363
1.9219
1.89571
1.91206
0.327567
1.8828
0.436479
1.88942
1.88942
1.8828
0.327567
0.544355
1.86958
0.650691
1.84981
1.82354
1.79084
0.856837
0.755004
1.75181
0.856837
1.70658
1.14323
1.65529
1.5981
1.31443
0.955755
1.53519
1.05135
1.46678
1.39311
1.14323
1.23103
1.23103
1.05135
0.955755
1.31443
1.39311
0.755004
0.650691
0.544355
1.46678
0.436479
1.53519
0.218146
0.108767
1.5981
1.65529
0.108767
1.86958
1.70658
1.75181
1.79084
0.218146
1.82354
1.84981
6.94351e-32
6.94351e-32
3.85724e-32
0.110478
0.110478
3.85724e-32
0.331696
0.221231
0.221231
0.331696
0.549642
0.44134
0.549642
0.44134
0.760281
0.656114
0.656114
0.760281
0.959948
0.861701
1.14536
1.05463
0.861701
0.959948
1.31362
1.2318
1.05463
1.14536
1.46224
1.39053
1.31362
1.2318
1.58913
1.52852
1.39053
1.46224
1.52852
1.58913
1.64388
1.69259
1.64388
1.69259
1.73511
1.77131
1.73511
1.77131
1.80107
1.8243
1.84095
1.85096
1.8543
1.85096
1.8243
1.80107
1.84095
0.445627
1.81653
1.81653
0.11204
1.80979
0.554223
1.79634
0.6607
1.77621
0.554223
0.6607
1.74946
1.71617
0.764598
1.67644
0.865482
1.63039
1.57817
1.14607
1.51993
0.962942
1.45588
1.05659
1.38621
1.31118
1.23103
1.14607
1.23103
1.05659
0.962942
0.865482
1.31118
0.764598
1.38621
0.445627
1.45588
0.335391
1.51993
0.22402
1.57817
1.63039
0.11204
1.80979
1.67644
1.71617
0.22402
1.74946
1.77621
1.79634
0.335391
7.17569e-32
7.17569e-32
3.97284e-32
0.113453
0.113453
3.97284e-32
0.226516
0.33865
0.226516
0.33865
0.558099
0.449343
0.558099
0.449343
0.767954
0.664453
0.664453
0.767954
0.868184
0.964738
1.14536
1.05725
0.964738
0.868184
1.22875
1.30711
1.05725
1.14536
1.4477
1.38018
1.30711
1.22875
1.56521
1.50944
1.4477
1.38018
1.50944
1.56521
1.61483
1.65813
1.61483
1.65813
1.7253
1.69499
1.7253
1.69499
1.74896
1.76592
1.77611
1.77951
1.77611
1.74896
1.76592
1.73303
0.56127
1.71932
1.69881
0.66737
1.67156
1.63765
0.770352
1.59717
0.56127
1.55025
0.869803
1.49704
0.869803
1.4377
0.965337
0.965337
1.37242
1.30142
1.05659
1.22493
1.14323
1.14323
1.05659
1.22493
0.770352
1.30142
0.66737
1.37242
0.452485
0.341474
1.4377
0.228717
0.114717
1.49704
1.55025
0.114717
1.73989
1.59717
1.73989
1.63765
1.67156
0.228717
1.69881
1.71932
0.341474
1.73303
0.452485
7.36911e-32
7.36911e-32
4.0673e-32
0.115832
0.115832
4.0673e-32
0.343863
0.230625
0.343863
0.230625
0.455057
0.563736
0.563736
0.455057
0.77179
0.669456
0.669456
0.77179
0.870344
0.964738
1.05463
1.13968
0.964738
0.870344
1.29409
1.21959
1.13968
1.05463
1.36293
1.42587
1.29409
1.21959
1.53329
1.48272
1.42587
1.36293
1.48272
1.53329
1.57743
1.61499
1.61499
1.57743
1.64588
1.67
1.67
1.64588
1.68728
1.69766
1.70113
1.69766
1.68728
0.565497
1.61795
0.670705
1.59017
1.55559
1.51432
0.345817
0.77227
1.46648
0.565497
0.869803
1.41222
1.35171
1.28514
0.962942
1.21272
1.05135
1.1347
1.05135
0.962942
1.1347
0.869803
1.21272
0.77227
0.670705
1.28514
0.457056
1.35171
0.232238
0.116798
1.41222
1.46648
0.116798
1.63886
1.51432
1.55559
1.59017
1.65982
0.232238
1.61795
1.63886
1.65283
0.345817
0.457056
1.65982
1.65283
7.52381e-32
7.52381e-32
4.14065e-32
0.117615
0.117615
4.14065e-32
0.347337
0.233559
0.233559
0.347337
0.566553
0.458485
0.458485
0.566553
0.77179
0.671123
0.671123
0.77179
0.959948
0.868184
1.12831
1.04676
0.959948
0.868184
1.27455
1.20433
1.12831
1.04676
1.39675
1.33876
1.27455
1.20433
1.44833
1.49334
1.33876
1.39675
1.44833
1.49334
1.56316
1.53166
1.56316
1.53166
1.58775
1.60537
1.60537
1.58775
1.61596
1.6195
1.61596
0.670705
1.50563
1.47035
1.42825
0.770352
1.37944
0.348423
0.865482
1.32408
0.566906
1.26234
1.1944
0.955755
1.12049
1.04086
1.04086
0.955755
0.865482
1.12049
0.770352
1.1944
0.670705
0.459341
1.26234
1.32408
0.234585
0.118284
1.37944
1.42825
0.118284
1.53397
1.47035
1.50563
1.56955
1.57668
0.234585
1.53397
1.55529
1.56955
0.348423
1.57668
0.459341
1.55529
0.566906
7.63983e-32
7.63983e-32
4.19291e-32
0.118804
0.118804
4.19291e-32
0.349074
0.235319
0.235319
0.349074
0.566553
0.459628
0.566553
0.459628
0.767954
0.669456
0.669456
0.767954
0.861701
0.950364
1.03364
1.11125
0.861701
0.950364
1.18295
1.24849
1.11125
1.03364
1.30767
1.36031
1.24849
1.18295
1.44535
1.40625
1.36031
1.30767
1.40625
1.44535
1.50259
1.47749
1.47749
1.50259
1.53137
1.52057
1.52057
1.53137
1.53498
1.33934
0.764597
1.28952
0.119175
1.233
0.856837
1.16996
1.10059
0.943773
0.565497
0.66737
1.02511
0.943773
1.02511
0.856837
0.764597
1.10059
1.16996
0.459341
0.349291
1.233
0.235758
1.28952
1.33934
0.119175
1.38232
1.38232
1.41832
1.41832
1.44725
0.235758
1.46902
1.48356
0.349291
1.49085
1.49085
0.459341
1.48356
1.46902
0.565497
1.44725
0.66737
7.71722e-32
7.71722e-32
4.22409e-32
0.119398
0.119398
4.22409e-32
0.235905
0.349074
0.235905
0.349074
0.563736
0.458485
0.458485
0.563736
0.760281
0.664453
0.664453
0.760281
0.850894
0.935983
1.0885
1.01527
0.935983
0.850894
1.21587
1.15544
1.0885
1.01527
1.31653
1.26963
1.21587
1.15544
1.38927
1.35645
1.31653
1.26963
1.35645
1.38927
1.43325
1.4149
1.43325
1.4149
1.44428
1.44428
1.44796
0.755004
1.13938
0.843866
1.07498
1.00411
0.926992
0.348423
0.926992
0.843866
1.00411
0.755004
0.6607
0.56127
1.07498
0.457056
1.13938
0.235758
0.119472
1.19711
1.248
0.119472
1.19711
1.29189
1.32866
1.3582
1.32866
0.235758
1.38043
1.39528
1.40272
0.348423
1.40272
0.457056
1.39528
1.38043
1.3582
0.56127
0.6607
1.29189
1.248
7.756e-32
7.756e-32
4.23421e-32
0.119398
0.119398
4.23421e-32
0.347337
0.235319
0.235319
0.347337
0.558099
0.455057
0.455057
0.558099
0.656113
0.748767
0.748767
0.656113
0.835757
0.916799
0.991637
1.06004
0.835757
0.916799
1.12179
1.1767
0.991637
1.06004
1.2654
1.22462
1.12179
1.1767
1.29892
1.3251
1.2654
1.22462
1.29892
1.3251
1.35511
1.34384
1.35511
1.34384
1.35887
0.826563
0.977843
0.905403
0.119175
0.826563
0.905403
0.741568
0.977843
0.65069
0.554223
0.452485
1.04366
0.345817
1.10265
0.234585
1.15465
1.1995
0.119175
1.04366
1.23707
1.26725
1.15465
1.1995
0.234585
1.28996
1.30514
1.31274
1.28996
0.345817
1.31274
0.452485
1.30514
1.26725
0.554223
1.23707
0.65069
1.10265
0.741568
7.75617e-32
7.75617e-32
4.22326e-32
0.118804
0.118804
4.22326e-32
0.343863
0.233559
0.233559
0.343863
0.449343
0.549642
0.549642
0.449343
0.644434
0.733408
0.644434
0.733408
0.816285
0.892803
1.02585
0.962731
0.892803
0.816285
1.08198
1.13096
1.02585
0.962731
1.17263
1.20689
1.08198
1.13096
1.23364
1.25279
1.17263
1.20689
1.23364
1.25279
1.26815
1.26431
1.26431
0.724285
0.878999
0.637339
0.544355
0.946296
0.445627
0.341474
1.00661
0.232238
0.118284
1.05977
1.10561
0.118284
0.804921
1.14401
0.878999
1.17486
1.19807
0.232238
1.21358
1.22135
1.10561
1.14401
0.341474
1.22135
1.21358
0.445627
1.19807
1.17486
0.544355
0.637339
1.05977
1.00661
0.724285
0.946296
0.804921
7.71773e-32
7.71773e-32
4.19124e-32
0.117615
0.117615
4.19124e-32
0.230625
0.33865
0.230625
0.33865
0.538361
0.44134
0.538361
0.44134
0.62941
0.714199
0.62941
0.714199
0.792472
0.863989
0.985934
0.928541
0.863989
0.792472
1.07862
1.03601
0.985934
0.928541
1.14098
1.11364
1.07862
1.03601
1.17233
1.16056
1.11364
1.14098
1.17233
1.16056
1.17626
0.847771
0.436479
0.90946
0.335391
0.228717
0.116798
0.963822
1.0107
0.116798
0.531661
1.04997
1.08151
1.10524
0.778934
0.228717
1.1211
1.12904
1.12904
0.963822
0.335391
1.1211
0.436479
1.10524
1.08151
1.04997
0.531661
1.0107
0.620642
0.90946
0.847771
0.703149
0.778934
0.703149
0.620642
7.64069e-32
7.64069e-32
4.13815e-32
0.115832
0.115832
4.13815e-32
0.331696
0.226516
0.226516
0.331696
0.431046
0.524253
0.524253
0.431046
0.611037
0.691134
0.691134
0.611037
0.830346
0.764309
0.889057
0.940272
0.830346
0.764309
1.01967
0.98385
0.940272
0.889057
1.04763
1.06765
1.01967
0.98385
1.08371
1.07969
1.06765
1.04763
1.07969
0.867325
0.22402
0.114717
0.915282
0.955447
0.114717
0.327567
0.987711
1.01199
0.516138
0.600593
0.22402
1.0282
1.03632
1.03632
0.811711
0.327567
1.0282
0.425038
1.01199
0.987711
0.955447
0.516138
0.915282
0.600593
0.867325
0.748593
0.678153
0.678153
0.748593
0.425038
0.811711
7.525e-32
7.525e-32
4.06397e-32
0.113453
0.113453
4.06397e-32
0.221231
0.323001
0.221231
0.323001
0.507314
0.418458
0.507314
0.418458
0.664206
0.589311
0.664206
0.589311
0.791865
0.731789
0.844268
0.888851
0.791865
0.731789
0.925496
0.954097
0.844268
0.888851
0.974584
0.986896
0.954097
0.925496
0.991005
0.986896
0.974584
0.860979
0.11204
0.89399
0.11204
0.918826
0.935419
0.218146
0.943727
0.943727
0.497782
0.577187
0.317999
0.935419
0.713892
0.918826
0.411302
0.89399
0.860979
0.497782
0.819881
0.770807
0.577187
0.649292
0.649292
0.713892
0.411302
0.317999
0.770807
0.218146
0.819881
7.37064e-32
7.37064e-32
3.96867e-32
0.110478
3.96867e-32
0.110478
0.312561
0.214769
0.214769
0.312561
0.403573
0.48754
0.403573
0.48754
0.633409
0.564225
0.564225
0.633409
0.694904
0.748537
0.794166
0.831663
0.748537
0.694904
0.860933
0.881894
0.831663
0.794166
0.898696
0.894494
0.881894
0.860933
0.894494
0.108767
0.800904
0.826321
0.843302
0.211095
0.851804
0.306686
0.851804
0.843302
0.306686
0.826321
0.395268
0.800904
0.767118
0.725054
0.476588
0.674822
0.55042
0.616558
0.55042
0.476588
0.616558
0.395268
0.674822
0.211095
0.108767
0.725054
0.767118
7.17757e-32
7.17757e-32
3.85223e-32
0.106906
0.106906
3.85223e-32
0.300374
0.207127
0.207127
0.300374
0.464926
0.386388
0.386388
0.464926
0.598737
0.535774
0.598737
0.535774
0.700356
0.653648
0.768699
0.738741
0.653648
0.700356
0.790155
0.803049
0.768699
0.738741
0.807352
0.790155
0.803049
0.752431
0.202863
0.761134
0.104897
0.761134
0.752431
0.293625
0.735048
0.376931
0.452553
0.520285
0.70903
0.674443
0.631377
0.452553
0.579946
0.520285
0.376931
0.579946
0.293625
0.631377
0.202863
0.674443
0.70903
0.104897
0.735048
6.94573e-32
6.94573e-32
3.71463e-32
0.102737
0.102737
3.71463e-32
0.286438
0.198305
0.198305
0.286438
0.366899
0.439468
0.366899
0.439468
0.503955
0.560184
0.560184
0.503955
0.647313
0.608013
0.677987
0.699951
0.608013
0.647313
0.713154
0.717557
0.699951
0.677987
0.713154
0.19345
0.672318
0.663408
0.278814
0.645609
0.618968
0.356289
0.583552
0.539451
0.425672
0.486779
0.425672
0.486779
0.356289
0.278814
0.539451
0.19345
0.100428
0.583552
0.618968
0.100428
0.645609
0.663408
0.672318
6.67509e-32
6.67509e-32
3.55584e-32
0.0979699
0.0979699
3.55584e-32
0.27075
0.188301
0.188301
0.27075
0.345104
0.411163
0.345104
0.411163
0.468762
0.517746
0.468762
0.517746
0.557997
0.589406
0.625417
0.6119
0.589406
0.557997
0.625417
0.629928
0.6119
0.576855
0.558627
0.262249
0.531343
0.33334
0.495069
0.262249
0.449898
0.395942
0.395942
0.33334
0.449898
0.182855
0.0953617
0.495069
0.531343
0.0953617
0.558627
0.58598
0.576855
0.58598
0.182855
6.36557e-32
6.36557e-32
0.0926035
3.37583e-32
0.0926035
3.37583e-32
0.253309
0.177114
0.177114
0.253309
0.380008
0.320999
0.380008
0.320999
0.430192
0.47142
0.430192
0.47142
0.526631
0.503594
0.545095
0.540477
0.503594
0.540477
0.526631
0.24393
0.446798
0.308079
0.409639
0.363361
0.308079
0.363361
0.24393
0.409639
0.171075
0.0896956
0.446798
0.474747
0.0896956
0.493417
0.493417
0.502764
0.171075
0.502764
0.474747
6.01715e-32
6.01715e-32
3.17458e-32
0.0866375
0.0866375
3.17458e-32
0.234112
0.164741
0.164741
0.234112
0.346001
0.294583
0.294583
0.346001
0.388243
0.421203
0.421203
0.388243
0.444804
0.458986
0.463719
0.458986
0.444804
0.280507
0.280507
0.223855
0.327927
0.158109
0.0834294
0.366
0.394635
0.0834294
0.327927
0.366
0.413763
0.423339
0.423339
0.158109
0.413763
0.394635
0.223855
5.62977e-32
5.62977e-32
2.95207e-32
0.0800711
0.0800711
2.95207e-32
0.213159
0.151183
0.213159
0.151183
0.309139
0.265855
0.309139
0.265855
0.367094
0.342914
0.342914
0.367094
0.381627
0.386474
0.381627
0.143958
0.0765628
0.289638
0.318981
0.0765628
0.338581
0.202023
0.348393
0.348393
0.289638
0.143958
0.338581
0.318981
0.202023
0.250622
0.250622
5.20339e-32
5.20339e-32
2.70827e-32
0.0729041
0.0729041
2.70827e-32
0.136438
0.190448
0.136438
0.190448
0.269424
0.234812
0.269424
0.234812
0.309095
0.294205
0.294205
0.314064
0.309095
0.248495
0.268582
0.0690954
0.0690954
0.278637
0.278637
0.128619
0.268582
0.248495
0.218423
0.178434
0.178434
0.218423
0.128619
4.738e-32
4.738e-32
2.44318e-32
0.0651362
2.44318e-32
0.0651362
0.120506
0.165979
0.120506
0.165979
0.226854
0.201457
0.226854
0.201457
0.247206
0.242116
0.242116
0.0610269
0.214804
0.214804
0.204499
0.112094
0.183911
0.153086
0.153086
0.112094
0.0610269
0.183911
0.204499
4.23357e-32
4.23357e-32
2.15679e-32
0.0567672
0.0567672
2.15679e-32
0.139753
0.103387
0.103387
0.139753
0.165788
0.18143
0.165788
0.18143
0.186649
0.147085
0.0943819
0.125981
0.0943819
0.0523573
0.125981
0.147085
0.0523573
0.157649
0.157649
3.6901e-32
3.6901e-32
1.8491e-32
0.0477971
0.0477971
1.8491e-32
0.111769
0.0850816
0.0850816
0.111769
0.127807
0.127807
0.133155
0.075483
0.075483
0.0430868
0.0971188
0.107948
0.0430868
0.107948
0.0971188
3.10758e-32
3.10758e-32
1.52011e-32
0.0382262
1.52011e-32
0.0382262
0.0655896
0.082029
0.0655896
0.082029
0.0875141
0.0665007
0.0332155
0.0665007
0.055398
0.0332155
0.055398
2.48603e-32
2.48603e-32
0.0280546
1.16983e-32
0.0280546
1.16983e-32
0.0449117
0.0449117
0.0505332
0.0227437
0.0341274
0.0227437
0.0341274
1.82546e-32
1.82546e-32
7.98273e-33
0.0172826
0.0172826
7.98273e-33
0.0230485
0.0116717
0.0116717
1.12589e-32
1.12589e-32
4.05439e-33
4.05439e-33
0.00591064
1.67468e-35
3.87344e-33
3.87344e-33
