1.72066e-35
3.97979e-33
3.97979e-33
4.16579e-33
1.15679e-32
0.00607292
0.0119921
4.16579e-33
1.15679e-32
0.0119921
8.20185e-33
0.0233677
1.87552e-32
0.0177569
0.0236807
0.0350637
0.0350637
0.0177569
0.0233677
1.87552e-32
8.20185e-33
1.20192e-32
0.0341261
2.55416e-32
0.028824
0.0569169
0.068324
0.0461431
0.0519192
1.20192e-32
0.0341261
0.0461431
0.068324
0.0569169
0.028824
2.55416e-32
1.56177e-32
0.0392737
0.0442671
3.19266e-32
0.0673868
0.0775509
0.0997797
0.0842773
0.110906
0.0899123
0.110906
0.0842773
0.0392737
3.19266e-32
0.0442671
1.56177e-32
0.0775509
0.0673868
0.0997797
1.89973e-32
3.79103e-32
0.0491058
0.0537902
0.0874111
0.0969652
0.12943
0.11483
0.0537902
3.79103e-32
0.0491058
1.89973e-32
0.161965
0.136802
0.151112
0.131306
0.131306
0.12943
0.151112
0.0874111
0.161965
0.11483
0.0969652
2.21578e-32
0.0626953
4.34924e-32
0.0583199
0.106215
0.115159
0.157273
0.143577
0.186395
0.170324
0.188941
0.210092
4.34924e-32
0.0626953
0.0583199
2.21578e-32
0.106215
0.157273
0.115159
0.143577
0.191757
0.22068
0.186395
0.22068
0.188941
0.210092
0.170324
2.50993e-32
0.0709822
4.86731e-32
0.0669159
0.123799
0.132132
0.183308
0.170516
0.255286
0.233056
0.206964
0.224391
0.248735
0.275922
0.286251
0.253965
2.50993e-32
0.0709822
4.86731e-32
0.0669159
0.123799
0.132132
0.183308
0.170516
0.275922
0.255286
0.224391
0.286251
0.206964
0.248735
0.233056
2.78217e-32
0.078651
5.34522e-32
0.0748938
0.140162
0.147885
0.207536
0.195648
0.257461
0.297544
0.276781
0.241224
0.30224
0.327688
0.347824
0.317537
0.0748938
2.78217e-32
0.078651
5.34522e-32
0.322641
0.357903
0.357903
0.317537
0.147885
0.207536
0.140162
0.195648
0.276781
0.327688
0.347824
0.257461
0.241224
0.30224
0.297544
3.03252e-32
0.0857021
5.78302e-32
0.0822537
0.218972
0.155304
0.162417
0.229956
0.288153
0.336866
0.317572
0.273105
0.352268
0.375978
0.405395
0.377109
0.392038
0.425045
0.434881
0.397018
5.78302e-32
0.0822537
3.03252e-32
0.0857021
0.229956
0.162417
0.218972
0.155304
0.434881
0.425045
0.392038
0.377109
0.317572
0.273105
0.288153
0.336866
0.375978
0.405395
0.352268
3.26099e-32
0.0921357
6.18073e-32
0.0889959
0.169226
0.250569
0.240488
0.17573
0.0889959
0.0921357
6.18073e-32
3.26099e-32
0.316465
0.373253
0.355426
0.302607
0.39882
0.458963
0.432679
0.420792
0.471493
0.487673
0.506853
0.456924
0.516454
0.476354
0.471493
0.516454
0.17573
0.250569
0.240488
0.169226
0.373253
0.316465
0.355426
0.302607
0.506853
0.487673
0.420792
0.456924
0.458963
0.39882
0.432679
3.4676e-32
0.0979526
6.53841e-32
0.0951211
0.181929
0.187824
0.269377
0.260198
0.0951211
0.0979526
6.53841e-32
3.4676e-32
0.3424
0.406706
0.390346
0.32973
0.187824
0.260198
0.269377
0.181929
0.441895
0.462129
0.484246
0.508529
0.54096
0.545789
0.573816
0.517296
0.601912
0.559927
0.592539
0.555183
0.555183
0.601912
0.592539
0.54096
0.32973
0.406706
0.3424
0.390346
0.573816
0.484246
0.508529
0.462129
0.441895
0.517296
0.545789
3.65238e-32
0.10063
0.103154
6.85609e-32
0.193415
0.1987
0.286381
0.278104
0.36596
0.437227
0.422332
0.354477
0.10063
0.103154
6.85609e-32
3.65238e-32
0.286381
0.1987
0.278104
0.193415
0.481495
0.499993
0.554095
0.531812
0.36596
0.422332
0.354477
0.437227
0.573155
0.599393
0.63577
0.605419
0.628523
0.642408
0.663134
0.681415
0.690567
0.642408
0.647041
0.690567
0.628523
0.663134
0.681415
0.605419
0.499993
0.599393
0.531812
0.481495
0.63577
0.573155
0.554095
3.81536e-32
7.13386e-32
0.105523
0.107739
0.203683
0.208362
0.301584
0.294207
0.387148
0.464819
0.451389
0.376851
0.105523
0.107739
7.13386e-32
3.81536e-32
0.517624
0.534387
0.595664
0.575379
0.301584
0.208362
0.294207
0.203683
0.451389
0.464819
0.387148
0.376851
0.648488
0.624504
0.692719
0.66487
0.534387
0.517624
0.575379
0.595664
0.718934
0.696374
0.754964
0.728242
0.732493
0.772818
0.737016
0.781756
0.781756
0.718934
0.732493
0.772818
0.696374
0.66487
0.624504
0.728242
0.648488
0.692719
0.754964
3.95657e-32
0.111711
7.37176e-32
0.109802
0.212737
0.216809
0.314988
0.30851
0.405967
0.489487
0.396854
0.477518
0.550284
0.565315
0.633241
0.614951
0.109802
0.111711
7.37176e-32
3.95657e-32
0.216809
0.314988
0.30851
0.212737
0.744667
0.693079
0.671346
0.719317
0.489487
0.405967
0.477518
0.396854
0.614951
0.550284
0.565315
0.633241
0.822563
0.789507
0.758739
0.787866
0.671346
0.744667
0.693079
0.719317
0.824784
0.811542
0.866104
0.848664
0.874834
0.829203
0.824784
0.874834
0.789507
0.822563
0.787866
0.811542
0.866104
0.848664
0.758739
4.07605e-32
0.11507
7.56986e-32
0.113467
0.220579
0.224045
0.326597
0.321017
0.422421
0.41449
0.511236
0.500726
0.579482
0.592784
0.666833
0.650535
4.07605e-32
7.56986e-32
0.113467
0.11507
0.768767
0.713688
0.733173
0.791621
0.220579
0.224045
0.326597
0.321017
0.511236
0.422421
0.500726
0.41449
0.842014
0.884216
0.854132
0.815625
0.650535
0.666833
0.579482
0.592784
0.713688
0.733173
0.768767
0.791621
0.918114
0.943615
0.884189
0.905713
0.884216
0.842014
0.815625
0.854132
0.922967
0.918652
0.969185
0.960654
0.918114
0.969185
0.943615
0.960654
0.905713
0.918652
0.884189
4.17383e-32
0.117816
7.72823e-32
0.116519
0.22721
0.230071
0.336414
0.331729
0.429763
0.436515
0.53007
0.521017
0.605223
0.616799
0.696446
0.682136
0.116519
0.117816
7.72823e-32
4.17383e-32
0.813227
0.751537
0.768779
0.833589
0.22721
0.331729
0.336414
0.230071
0.939935
0.912817
0.890695
0.867038
0.436515
0.53007
0.521017
0.429763
0.682136
0.696446
0.616799
0.605223
0.981174
1.0143
0.97981
0.950442
0.833589
0.751537
0.768779
0.813227
0.939935
0.890695
0.867038
0.912817
1.01349
1.00084
1.03922
1.05587
0.97981
0.950442
1.0143
0.981174
1.06421
1.0177
1.01349
1.00084
1.05587
1.03922
1.06421
4.24994e-32
0.119951
7.84691e-32
0.11896
0.232632
0.23489
0.34444
0.34065
0.11896
0.119951
7.84691e-32
4.24994e-32
0.442678
0.448252
0.545995
0.538396
0.627514
0.637367
0.722089
0.709763
0.870584
0.852707
0.784901
0.799905
0.34065
0.232632
0.34444
0.23489
0.93392
0.965572
0.989731
0.912989
0.442678
0.545995
0.538396
0.448252
1.04708
1.03786
1.07817
1.01031
0.722089
0.637367
0.709763
0.627514
0.870584
0.799905
0.784901
0.852707
1.09635
1.11055
1.13491
1.07579
0.989731
0.93392
0.912989
0.965572
1.07817
1.04708
1.01031
1.03786
1.1087
1.11283
1.15934
1.15119
1.09635
1.07579
1.11055
1.13491
1.15934
1.1087
1.15119
4.30441e-32
0.121476
7.92595e-32
0.12079
0.236847
0.238502
0.350681
0.347784
0.453238
0.457636
0.559017
0.552868
0.12079
0.121476
7.92595e-32
4.30441e-32
0.347784
0.350681
0.236847
0.238502
0.646362
0.654495
0.74377
0.733424
0.82656
0.902614
0.887218
0.813791
0.971701
1.01241
1.03362
0.95349
0.453238
0.552868
0.559017
0.457636
1.08818
1.13524
1.10755
1.06381
0.646362
0.733424
0.654495
0.74377
1.17465
1.20631
1.1435
1.17156
0.887218
0.902614
0.82656
0.813791
0.971701
1.01241
0.95349
1.03362
1.20375
1.23014
1.24605
1.19167
1.10755
1.08818
1.13524
1.06381
1.1435
1.20631
1.17156
1.17465
1.20778
1.19167
1.25402
1.25402
1.20375
1.23014
1.24605
4.33725e-32
0.12239
7.96537e-32
0.122009
0.239857
0.24091
0.355136
0.353131
0.461447
0.464671
0.569139
0.56444
0.661772
0.753126
0.668189
0.761496
0.122009
0.12239
7.96537e-32
4.33725e-32
0.24091
0.353131
0.355136
0.239857
0.56444
0.569139
0.464671
0.461447
0.848756
0.929692
0.916771
0.838215
1.05335
1.07161
0.988555
1.00405
1.18552
1.16123
1.13216
1.11096
0.753126
0.661772
0.761496
0.668189
1.204
1.23155
1.2701
1.23916
0.838215
0.848756
0.916771
0.929692
1.2666
1.32437
1.28626
1.30107
1.07161
1.00405
1.05335
0.988555
1.18552
1.13216
1.16123
1.11096
1.34774
1.29808
1.33994
1.30202
1.204
1.23155
1.23916
1.2701
1.28626
1.2666
1.34774
1.33994
1.30107
1.29808
1.32437
4.34848e-32
0.122695
7.9652e-32
0.122619
0.241662
0.242113
0.357809
0.356695
0.467309
0.469359
0.576366
0.573114
0.122619
0.122695
7.9652e-32
4.34848e-32
0.673751
0.775274
0.768878
0.678455
0.866499
0.951829
0.941377
0.858184
0.356695
0.357809
0.242113
0.241662
0.573114
0.576366
0.469359
0.467309
0.673751
0.678455
0.768878
0.775274
1.0884
1.0182
1.10372
1.03099
1.22905
1.20813
1.16981
1.15178
1.2573
1.28126
1.3263
1.29915
0.941377
0.858184
0.866499
0.951829
1.36402
1.36039
1.39433
1.33354
1.0182
1.0884
1.10372
1.03099
1.39119
1.41713
1.43237
1.37963
1.20813
1.22905
1.16981
1.15178
1.3263
1.28126
1.29915
1.2573
1.43999
1.39505
1.39119
1.43999
1.36402
1.33354
1.43237
1.39433
1.36039
1.37963
1.41713
4.33811e-32
0.12239
7.92542e-32
0.122619
0.242264
0.242113
0.358699
0.358476
0.470824
0.471703
0.580701
0.578895
0.682303
0.685295
0.785112
0.780685
0.122619
0.12239
7.92542e-32
4.33811e-32
0.242113
0.358476
0.358699
0.242264
0.8798
0.969035
0.961048
0.873705
1.05252
1.12998
1.11758
1.04243
0.471703
0.470824
0.578895
0.580701
0.780685
0.682303
0.785112
0.685295
0.8798
0.873705
0.969035
0.961048
1.24829
1.26584
1.20116
1.18627
1.30344
1.32382
1.37493
1.35156
1.41901
1.39251
1.45594
1.42617
1.04243
1.11758
1.05252
1.12998
1.50793
1.48561
1.47128
1.45245
1.18627
1.20116
1.26584
1.24829
1.48259
1.52285
1.53032
1.48637
1.37493
1.35156
1.30344
1.32382
1.39251
1.41901
1.42617
1.45594
1.48259
1.47128
1.53032
1.52285
1.45245
1.48561
1.50793
4.30612e-32
0.121476
7.84604e-32
0.122009
0.241662
0.24091
0.357809
0.358476
0.581784
0.471996
0.471703
0.582146
0.122009
0.121476
7.84604e-32
4.30612e-32
0.687433
0.688715
0.791012
0.788554
0.888663
0.981319
0.975792
0.884786
0.24091
0.358476
0.357809
0.241662
0.581784
0.582146
0.471996
0.471703
1.06866
1.15038
1.14091
1.06126
1.22621
1.28171
1.21447
1.2959
0.788554
0.791012
0.688715
0.687433
0.975792
0.884786
0.888663
0.981319
1.15038
1.06866
1.06126
1.14091
1.34242
1.39642
1.41602
1.35924
1.44353
1.46607
1.50925
1.48363
1.54233
1.57447
1.51659
1.54541
1.21447
1.28171
1.2959
1.22621
1.56076
1.57184
1.59633
1.61095
1.34242
1.41602
1.39642
1.35924
1.61826
1.61826
1.57554
1.57184
1.46607
1.50925
1.44353
1.48363
1.61095
1.59633
1.54541
1.51659
1.57447
1.56076
1.54233
4.25251e-32
0.119951
7.72701e-32
0.12079
0.239857
0.238502
0.355136
0.356695
0.580701
0.581785
0.470824
0.469359
0.689143
0.688715
0.792979
0.792487
0.12079
0.119951
7.72701e-32
4.25251e-32
0.238502
0.356695
0.355136
0.239857
0.893093
0.988686
0.985616
0.891433
1.07941
1.16494
1.15839
1.07471
0.581785
0.580701
0.469359
0.470824
0.792487
0.689143
0.792979
0.688715
1.24498
1.31927
1.23638
1.30842
1.37428
1.43375
1.4496
1.38755
0.893093
0.891433
0.988686
0.985616
1.07471
1.15839
1.16494
1.07941
1.23638
1.30842
1.31927
1.24498
1.48664
1.5328
1.50524
1.55428
1.57208
1.63203
1.59659
1.60437
1.6605
1.62958
1.68193
1.64764
1.37428
1.43375
1.38755
1.4496
1.70341
1.65849
1.66212
1.69624
1.48664
1.50524
1.55428
1.5328
1.65849
1.70341
1.69624
1.64764
1.60437
1.59659
1.57208
1.63203
1.6605
1.62958
1.68193
4.17725e-32
0.117816
7.56829e-32
0.11896
0.236847
0.23489
0.350681
0.353131
0.464671
0.576366
0.578895
0.467309
0.11896
0.117816
7.56829e-32
4.17725e-32
0.687433
0.685295
0.791012
0.792487
0.893093
0.991142
0.893648
0.990528
0.23489
0.353131
0.350681
0.236847
0.578895
0.576366
0.467309
0.464671
1.08478
1.17368
1.17004
1.08277
1.32844
1.25749
1.33594
1.25202
0.685295
0.687433
0.791012
0.792487
0.893648
0.990528
0.991142
0.893093
1.39904
1.40876
1.46358
1.47569
1.52187
1.53653
1.59108
1.57371
1.08478
1.17368
1.08277
1.17004
1.33594
1.25749
1.25202
1.32844
1.47569
1.39904
1.46358
1.40876
1.61895
1.65745
1.63916
1.68064
1.74331
1.71539
1.71382
1.6891
1.74216
1.76432
1.77836
1.73152
1.52187
1.59108
1.53653
1.57371
1.74216
1.78539
1.74571
1.78539
1.68064
1.65745
1.61895
1.63916
1.73152
1.74331
1.71539
1.76432
1.77836
1.6891
1.71382
4.08033e-32
0.11507
7.36983e-32
0.116519
0.232632
0.347784
0.230071
0.344441
0.457636
0.569139
0.573114
0.461447
0.116519
0.11507
7.36983e-32
4.08033e-32
0.682303
0.678455
0.785112
0.788554
0.230071
0.347784
0.344441
0.232632
0.888663
0.891433
0.988686
0.990528
1.08478
1.17659
1.17586
1.08546
0.461447
0.573114
0.569139
0.457636
0.678455
0.788554
0.682303
0.785112
1.34178
1.26375
1.34595
1.2614
1.42289
1.41671
1.49431
1.48594
0.891433
0.988686
0.990528
0.888663
1.17586
1.17659
1.08478
1.08546
1.54923
1.61966
1.60639
1.55998
1.72035
1.65724
1.67317
1.70161
1.34595
1.26375
1.2614
1.34178
1.41671
1.48594
1.49431
1.42289
1.54923
1.55998
1.60639
1.61966
1.77042
1.73937
1.76105
1.79514
1.82254
1.84315
1.81202
1.79466
1.86382
1.82594
1.85692
1.82246
1.70161
1.67317
1.65724
1.72035
1.86382
1.82246
1.85692
1.81202
1.84315
1.77042
1.82254
1.73937
1.79466
1.76105
1.79514
3.96171e-32
0.111711
7.13158e-32
0.113467
0.113467
0.111711
7.13158e-32
3.96171e-32
0.22721
0.336414
0.34065
0.224045
0.448252
0.559017
0.56444
0.453238
0.673751
0.668189
0.775274
0.780685
0.34065
0.336414
0.22721
0.224045
0.884786
0.8798
0.981319
0.985617
0.56444
0.559017
0.448252
0.453238
1.07941
1.17368
1.17586
1.08277
1.26375
1.34928
1.34844
1.26453
0.668189
0.780685
0.673751
0.775274
0.8798
0.981319
0.884786
0.985617
1.42731
1.42995
1.50548
1.50083
1.56876
1.5756
1.63088
1.64006
1.17368
1.07941
1.08277
1.17586
1.26375
1.26453
1.34844
1.34928
1.68698
1.69865
1.7512
1.73688
1.78043
1.83748
1.79752
1.81749
1.42731
1.50083
1.42995
1.50548
1.56876
1.64006
1.5756
1.63088
1.68698
1.7512
1.73688
1.69865
1.89785
1.87176
1.84797
1.87095
1.93162
1.91809
1.8888
1.89904
1.89904
1.90246
1.93839
1.93839
1.78043
1.81749
1.83748
1.79752
1.93162
1.87176
1.8888
1.91809
1.87095
1.89785
1.84797
3.82136e-32
0.107739
6.85346e-32
0.109802
0.220579
0.216809
0.326597
0.331729
0.109802
0.107739
6.85346e-32
3.82136e-32
0.331729
0.326597
0.220579
0.216809
0.436515
0.545995
0.552868
0.442678
0.661772
0.654495
0.761496
0.768878
0.873705
0.8665
0.969035
0.975792
0.442678
0.436515
0.552868
0.545995
1.06866
1.16494
1.17004
1.07471
0.768878
0.761496
0.661772
0.654495
1.25749
1.34595
1.34844
1.2614
1.43084
1.5092
1.50827
1.42995
0.873705
0.969035
0.8665
0.975792
1.16494
1.17004
1.06866
1.07471
1.5834
1.65229
1.58047
1.64719
1.7082
1.71563
1.7732
1.7633
1.34595
1.2614
1.34844
1.25749
1.42995
1.50827
1.43084
1.5092
1.81232
1.82483
1.87035
1.85509
1.92143
1.94251
1.8915
1.90962
1.64719
1.58047
1.5834
1.65229
1.71563
1.7082
1.7732
1.7633
1.81232
1.87035
1.85509
1.82483
1.98883
1.96895
1.9448
1.96154
1.97496
1.97161
2.00213
2.00878
1.97161
2.00878
1.96154
2.00213
1.8915
1.9448
1.94251
1.90962
1.96895
1.98883
1.92143
3.65924e-32
0.105523
0.103154
6.53542e-32
0.212737
0.208362
0.314988
0.321017
0.422421
0.53007
0.538396
0.429763
0.105523
0.103154
6.53542e-32
3.65924e-32
0.208362
0.321017
0.314988
0.212737
0.538396
0.53007
0.422421
0.429763
0.646362
0.637367
0.74377
0.753126
0.858184
0.848756
0.951829
0.961048
1.06126
1.05252
1.15038
1.15839
0.637367
0.753126
0.646362
0.74377
1.24498
1.33594
1.34178
1.25202
0.858184
0.951829
0.961048
0.848756
1.50827
1.42731
1.42289
1.50548
1.65636
1.58438
1.5834
1.65534
1.05252
1.06126
1.15839
1.15038
1.25202
1.34178
1.33594
1.24498
1.72093
1.7864
1.7809
1.72411
1.83507
1.8938
1.84302
1.88325
1.50827
1.42731
1.42289
1.50548
1.65636
1.5834
1.65534
1.58438
1.97719
1.9611
1.93857
1.92531
2.00955
1.99053
2.0135
2.03555
1.72093
1.7864
1.7809
1.72411
1.83507
1.8938
1.84302
1.88325
1.9611
1.92531
1.97719
1.93857
2.02996
2.06818
2.03985
2.05511
2.07472
2.07472
2.04315
2.03985
2.02996
2.03555
2.05511
2.06818
2.00955
2.0135
1.99053
3.47532e-32
6.1774e-32
0.10063
0.0979526
0.203683
0.1987
0.301584
0.308511
0.405967
0.511236
0.521017
0.41449
0.10063
0.0979526
6.1774e-32
3.47532e-32
0.627514
0.616799
0.722089
0.733424
0.1987
0.308511
0.301584
0.203683
0.41449
0.405967
0.521017
0.511236
0.616799
0.733424
0.722089
0.627514
0.838215
0.82656
0.929692
0.941378
1.03099
1.12998
1.14091
1.04243
1.22621
1.31927
1.32844
1.23638
0.838215
0.941378
0.929692
0.82656
1.41671
1.49431
1.50083
1.40876
1.12998
1.14091
1.03099
1.04243
1.5756
1.65229
1.58047
1.65534
1.79079
1.72517
1.72411
1.7897
1.31927
1.22621
1.23638
1.32844
1.50083
1.41671
1.49431
1.40876
1.90201
1.84871
1.85212
1.90786
1.95785
1.9908
1.94942
2.00193
1.5756
1.65229
1.58047
1.65534
1.79079
1.72411
1.72517
1.7897
2.07181
2.05498
2.03995
2.02602
2.0974
2.07759
2.09378
2.11666
1.84871
1.90786
1.90201
1.85212
2.00193
1.9908
1.94942
1.95785
2.02602
2.05498
2.03995
2.07181
2.10676
2.10352
2.12953
2.13597
2.13597
2.10352
2.09378
2.11666
2.12953
2.0974
2.07759
3.26958e-32
0.0921357
5.77933e-32
0.0951211
0.0951211
0.0921357
5.77933e-32
3.26958e-32
0.193415
0.187824
0.286381
0.294207
0.387148
0.489487
0.500726
0.396854
0.605223
0.592784
0.696446
0.709763
0.294207
0.286381
0.193415
0.187824
0.813791
0.799905
0.902614
0.916771
0.500726
0.387148
0.489487
0.396854
0.696446
0.592784
0.709763
0.605223
0.813791
0.916771
0.902614
0.799905
1.0182
1.00405
1.10372
1.11758
1.20116
1.2959
1.30842
1.21447
1.39904
1.48594
1.38755
1.47569
1.10372
1.11758
1.00405
1.0182
1.55998
1.64719
1.56876
1.64006
1.20116
1.21447
1.30842
1.2959
1.7864
1.7897
1.72093
1.71563
1.91138
1.85325
1.91255
1.85212
1.48594
1.39904
1.38755
1.47569
1.64719
1.56876
1.55998
1.64006
1.96749
2.01676
2.01058
1.96388
2.0602
2.08604
2.09767
2.05134
1.71563
1.72093
1.7897
1.7864
1.91255
1.85212
1.85325
1.91138
2.15429
2.12906
2.13683
2.11456
2.15278
2.16237
2.18595
2.17327
1.96388
1.96749
2.01058
2.01676
2.05134
2.0602
2.09767
2.08604
2.12906
2.15429
2.11456
2.13683
2.16557
2.1923
2.1923
2.16237
2.17327
2.18595
2.15278
3.04197e-32
0.0857021
5.34118e-32
0.088996
3.04197e-32
0.088996
0.0857021
5.34118e-32
0.181929
0.17573
0.269377
0.278104
0.278104
0.269377
0.181929
0.17573
0.376851
0.36596
0.464819
0.477518
0.579482
0.565315
0.666833
0.682136
0.784902
0.768779
0.870584
0.887218
0.477518
0.464819
0.36596
0.376851
0.988555
0.971701
1.07161
1.0884
0.565315
0.682136
0.666833
0.579482
0.784902
0.887218
0.870584
0.768779
0.971701
0.988555
1.0884
1.07161
1.16981
1.26584
1.28171
1.18627
1.37428
1.4496
1.35924
1.46358
1.63088
1.54923
1.53653
1.61966
1.16981
1.26584
1.28171
1.18627
1.7809
1.69865
1.7082
1.7732
1.35924
1.46358
1.4496
1.37428
1.90786
1.91138
1.84302
1.84871
1.96749
2.02046
2.0217
1.96869
1.63088
1.61966
1.53653
1.54923
1.7082
1.7809
1.69865
1.7732
2.11317
2.06652
2.07031
2.10671
2.15015
2.18112
2.16905
2.14093
1.90786
1.84871
1.84302
1.91138
1.96869
2.02046
1.96749
2.0217
2.19101
2.20674
2.22474
2.20601
2.2162
2.21935
2.23726
2.24352
2.07031
2.06652
2.10671
2.11317
2.18112
2.14093
2.16905
2.15015
2.24352
2.19101
2.23726
2.2162
2.20674
2.22474
2.20601
0.0822537
0.078651
4.86291e-32
2.79249e-32
2.79249e-32
0.078651
4.86291e-32
0.0822537
0.169226
0.162417
0.250569
0.260198
0.169226
0.162417
0.260198
0.250569
0.3424
0.437227
0.451389
0.354477
0.451389
0.437227
0.3424
0.354477
0.550284
0.534387
0.633241
0.650535
0.751537
0.733173
0.83359
0.852708
0.953491
0.93392
1.03362
1.05335
0.633241
0.534387
0.650535
0.550284
1.15178
1.13216
1.22905
1.24829
0.733173
0.751537
0.852708
0.83359
1.03362
0.953491
1.05335
0.93392
1.15178
1.24829
1.22905
1.13216
1.43375
1.34242
1.32382
1.41602
1.60639
1.52187
1.59108
1.50524
1.7633
1.67317
1.7512
1.68698
1.43375
1.41602
1.34242
1.32382
1.90201
1.82483
1.8938
1.83507
1.60639
1.50524
1.52187
1.59108
1.95785
2.01676
1.96388
2.02046
2.11704
2.11834
2.07157
2.07031
1.7633
1.7512
1.67317
1.68698
1.82483
1.83507
1.90201
1.8938
2.16068
2.19721
2.19051
2.15673
2.22781
2.23996
2.2524
2.21828
1.96388
2.01676
2.02046
1.95785
2.07031
2.07157
2.11704
2.11834
2.25549
2.2709
2.28326
2.26482
2.26482
2.26794
2.28945
2.28945
2.19051
2.15673
2.19721
2.16068
2.22781
2.2524
2.23996
2.28326
2.2709
2.21828
2.25549
0.0748938
0.0709822
4.34449e-32
2.52111e-32
0.240488
0.229956
0.155304
0.147885
2.52111e-32
0.0709822
4.34449e-32
0.0748938
0.155304
0.147885
0.229956
0.240488
0.316465
0.406706
0.422332
0.32973
0.406706
0.316465
0.32973
0.422332
0.517624
0.499993
0.595664
0.614951
0.499993
0.614951
0.595664
0.517624
0.713688
0.693079
0.791621
0.813227
0.912989
0.890695
0.989731
1.01241
1.08818
1.18553
1.20813
1.11096
0.693079
0.713688
0.813227
0.791621
1.30344
1.28126
1.37493
1.39642
0.890695
0.989731
0.912989
1.01241
1.18553
1.11096
1.20813
1.08818
1.28126
1.39642
1.30344
1.37493
1.46607
1.48664
1.55428
1.57371
1.73688
1.63916
1.72035
1.65724
1.87035
1.79752
1.88325
1.81232
1.57371
1.55428
1.46607
1.48664
1.93857
2.01058
2.00193
1.94942
1.63916
1.65724
1.73688
1.72035
2.11317
2.0602
2.11704
2.06652
2.16199
2.20256
2.20122
2.16068
1.88325
1.87035
1.81232
1.79752
2.01058
1.94942
1.93857
2.00193
2.26207
2.23462
2.2387
2.26897
2.29329
2.2835
2.31159
2.29885
2.11317
2.06652
2.0602
2.11704
2.16199
2.20256
2.20122
2.16068
2.31116
2.32382
2.30808
2.32995
2.30808
2.32382
2.29885
2.32995
2.26207
2.2387
2.26897
2.23462
2.31159
2.29329
2.2835
0.0669159
0.0626953
3.78592e-32
2.22783e-32
0.218972
0.207536
0.140162
0.132132
2.22783e-32
0.0626953
3.78592e-32
0.0669159
0.390346
0.373253
0.288153
0.302607
0.140162
0.132132
0.207536
0.218972
0.288153
0.373253
0.390346
0.302607
0.481495
0.462129
0.554095
0.575379
0.575379
0.554095
0.481495
0.462129
0.671346
0.648488
0.744667
0.768767
0.671346
0.768767
0.744667
0.648488
0.867038
0.842014
0.939935
0.965572
1.06381
1.03786
1.13524
1.16123
1.2573
1.23155
1.3263
1.35156
0.939935
0.867038
0.965572
0.842014
1.5328
1.44353
1.50925
1.41901
1.03786
1.13524
1.16123
1.06381
1.23155
1.35156
1.3263
1.2573
1.5328
1.41901
1.44353
1.50925
1.68064
1.59659
1.70161
1.61895
1.83748
1.85509
1.76105
1.78043
1.9908
1.90962
1.97719
1.92531
1.59659
1.70161
1.68064
1.61895
2.03995
2.09767
2.10671
2.05134
1.76105
1.83748
1.85509
1.78043
2.15015
2.19721
2.15673
2.20122
2.24006
2.2387
2.27311
2.27449
1.92531
1.90962
1.9908
1.97719
2.10671
2.05134
2.09767
2.03995
2.3215
2.32857
2.30448
2.30029
2.34583
2.3367
2.3467
2.35882
2.15673
2.19721
2.15015
2.20122
2.27449
2.24006
2.2387
2.27311
2.34888
2.34583
2.36488
2.36488
2.3215
2.30448
2.3367
2.35882
2.30029
2.32857
2.3467
0.0583199
0.0537902
3.1872e-32
1.91265e-32
0.195648
0.183308
0.123799
0.115159
1.91265e-32
0.0537902
3.1872e-32
0.0583199
0.355426
0.336866
0.257462
0.273105
0.123799
0.115159
0.183308
0.195648
0.531812
0.508529
0.441895
0.420792
0.257462
0.336866
0.355426
0.273105
0.441895
0.420792
0.508529
0.531812
0.624504
0.599393
0.692719
0.719317
0.624504
0.719317
0.692719
0.599393
0.815625
0.787866
0.884216
0.912817
0.787866
0.815625
0.912817
0.884216
0.981174
1.07817
1.10755
1.01031
1.204
1.17465
1.2701
1.29915
1.39251
1.48363
1.36402
1.45594
0.981174
1.10755
1.07817
1.01031
1.54541
1.65745
1.63203
1.57208
1.17465
1.2701
1.29915
1.204
1.45594
1.36402
1.48363
1.39251
1.63203
1.54541
1.57208
1.65745
1.81749
1.71539
1.79514
1.73937
1.87095
1.9611
1.94251
1.8915
2.00955
2.07181
2.08604
2.02602
1.79514
1.81749
1.71539
1.73937
2.18112
2.12906
2.14093
2.19051
1.9611
1.8915
1.87095
1.94251
2.22781
2.26897
2.23462
2.27311
2.33423
2.30588
2.30448
2.33281
2.08604
2.00955
2.02602
2.07181
2.18112
2.14093
2.19051
2.12906
2.35385
2.36891
2.37611
2.35813
2.38813
2.37796
2.38099
2.39415
2.27311
2.22781
2.26897
2.23462
2.30588
2.33281
2.30448
2.33423
2.35813
2.36891
2.37611
2.37796
2.39415
2.38813
2.35385
0.0491058
0.0442671
2.54834e-32
1.57556e-32
0.170516
0.157273
0.106215
0.0969652
1.57556e-32
0.0442671
2.54834e-32
0.0491058
0.317572
0.297544
0.224391
0.241224
0.106215
0.0969652
0.157273
0.170516
0.484246
0.458963
0.39882
0.375978
0.224391
0.297544
0.317572
0.241224
0.573155
0.66487
0.63577
0.545789
0.39882
0.375978
0.458963
0.484246
0.573155
0.545789
0.63577
0.66487
0.75874
0.728242
0.822563
0.854132
0.75874
0.854132
0.728242
0.822563
0.950442
0.918114
1.0143
1.04708
1.0143
0.918114
0.950442
1.04708
1.1435
1.11055
1.20631
1.23916
1.42617
1.33354
1.30107
1.39433
1.57447
1.60437
1.48561
1.51659
1.11055
1.23916
1.20631
1.1435
1.6605
1.74331
1.77042
1.6891
1.39433
1.30107
1.42617
1.33354
1.57447
1.48561
1.60437
1.51659
1.6605
1.74331
1.6891
1.77042
1.92143
1.89785
1.82254
1.84797
1.96895
2.03555
2.05498
1.99053
2.15429
2.11456
2.16905
2.0974
1.92143
1.89785
1.82254
1.84797
2.21828
2.20601
2.26207
2.2524
2.03555
1.99053
1.96895
2.05498
2.32857
2.29329
2.30029
2.33281
2.38188
2.38044
2.35956
2.35813
2.0974
2.15429
2.11456
2.16905
2.2524
2.26207
2.21828
2.20601
2.40438
2.41168
2.39539
2.39974
2.40738
2.41766
2.41766
2.40438
2.30029
2.32857
2.33281
2.29329
2.38044
2.41168
2.35956
2.38188
2.39974
2.39539
2.35813
0.0392737
0.0341261
1.86935e-32
1.21657e-32
1.21657e-32
0.0341261
1.86935e-32
0.0392737
0.143577
0.12943
0.087411
0.0775509
0.276781
0.255286
0.188941
0.206964
0.087411
0.0775509
0.12943
0.143577
0.327688
0.432679
0.405395
0.352268
0.188941
0.255286
0.276781
0.206964
0.517296
0.605419
0.573816
0.487674
0.352268
0.327688
0.405395
0.432679
0.696374
0.789507
0.754964
0.663134
0.517296
0.487674
0.573816
0.605419
0.696374
0.663134
0.754964
0.789507
0.884189
0.848665
0.943615
0.97981
0.884189
0.97981
0.943615
0.848665
1.07579
1.03922
1.13491
1.17156
1.17156
1.03922
1.13491
1.07579
1.36039
1.2666
1.32437
1.23014
1.41713
1.45245
1.54233
1.50793
1.59634
1.71382
1.68193
1.62958
1.32437
1.23014
1.36039
1.2666
1.76432
1.87176
1.84315
1.79466
1.41713
1.50793
1.45245
1.54233
1.68193
1.59634
1.71382
1.62958
1.87176
1.76432
1.84315
1.79466
2.0135
1.91809
1.98883
1.9448
2.11666
2.05511
2.13683
2.07759
2.19101
2.17327
2.22474
2.23996
1.91809
1.98883
2.0135
1.9448
2.2709
2.3215
2.2835
2.31159
2.05511
2.13683
2.07759
2.11666
2.3467
2.37611
2.35385
2.38044
2.41753
2.39974
2.4012
2.41607
2.19101
2.23996
2.22474
2.17327
2.2835
2.31159
2.2709
2.3215
2.43536
2.42799
2.425
2.42941
2.42941
2.41607
2.425
2.43536
2.37611
2.35385
2.3467
2.38044
2.4012
2.41753
2.39974
8.35705e-33
0.0233677
1.15026e-32
0.028824
0.028824
0.0233677
1.15026e-32
8.35705e-33
0.11483
0.0997797
0.0673868
0.0569169
0.0673868
0.0569169
0.0997797
0.11483
0.233056
0.210092
0.151112
0.170324
0.377109
0.347824
0.30224
0.275922
0.151112
0.210092
0.170324
0.233056
0.456924
0.54096
0.506853
0.425045
0.30224
0.275922
0.347824
0.377109
0.628523
0.718934
0.592539
0.681415
0.456924
0.425045
0.506853
0.54096
0.811542
0.905713
0.866104
0.772818
0.628523
0.592539
0.681415
0.718934
0.811542
0.772818
0.866104
0.905713
1.00084
0.960654
1.05587
1.09635
1.00084
1.09635
0.960654
1.05587
1.15119
1.24605
1.19167
1.28626
1.15119
1.28626
1.24605
1.19167
1.43237
1.47128
1.33994
1.37963
1.52285
1.64764
1.56076
1.61095
1.69624
1.77836
1.81202
1.73152
1.43237
1.33994
1.47128
1.37963
1.85693
1.96154
1.93162
1.8888
1.61095
1.52285
1.56076
1.64764
1.81202
1.69624
1.77836
1.73152
1.93162
1.85693
1.96154
1.8888
2.06818
2.09378
2.00213
2.02996
2.18595
2.12953
2.20674
2.15278
2.25549
2.28326
2.29885
2.23726
2.00213
2.09378
2.02996
2.06818
2.3367
2.35882
2.32382
2.36891
2.15278
2.18595
2.20674
2.12953
2.39539
2.41607
2.38813
2.41168
2.44125
2.42941
2.43978
2.43088
2.23726
2.25549
2.29885
2.28326
2.3367
2.36891
2.35882
2.32382
2.43978
2.44275
2.44718
2.44718
2.41168
2.44125
2.43088
2.41607
2.39539
2.38813
2.42941
0.0177569
0.0119921
3.91099e-33
4.32963e-33
4.32963e-33
0.0119921
3.91099e-33
0.0177569
0.0461431
0.0350637
0.068324
0.0842773
0.0842773
0.068324
0.0461431
0.0350637
0.186395
0.161965
0.110906
0.131306
0.110906
0.131306
0.161965
0.186395
0.317538
0.286251
0.248735
0.22068
0.392038
0.471493
0.434882
0.357903
0.248735
0.22068
0.286251
0.317538
0.555183
0.642408
0.601912
0.516454
0.392038
0.357903
0.434882
0.471493
0.732494
0.824784
0.781756
0.690567
0.555183
0.516454
0.601912
0.642408
0.918652
1.01349
0.969185
0.874835
0.732494
0.690567
0.781756
0.824784
1.01349
0.918652
0.874835
0.969185
1.06421
1.15934
1.20375
1.1087
1.1087
1.20375
1.06421
1.15934
1.39119
1.25402
1.29808
1.34774
1.39119
1.25402
1.34774
1.29808
1.43999
1.53032
1.57184
1.48259
1.61826
1.70341
1.74216
1.6585
1.86382
1.89904
1.78539
1.82246
1.53032
1.43999
1.57184
1.48259
1.93839
2.03985
2.00878
1.97161
1.74216
1.70341
1.61826
1.6585
1.78539
1.89904
1.82246
1.86382
1.93839
2.03985
2.00878
1.97161
2.10352
2.07472
2.13597
2.16237
2.2162
2.1923
2.26482
2.24352
2.34583
2.28945
2.30808
2.32995
2.13597
2.16237
2.07472
2.10352
2.40438
2.39415
2.37796
2.36488
2.1923
2.24352
2.2162
2.26482
2.41766
2.425
2.43978
2.43536
2.45162
2.44866
2.44718
2.4531
2.32995
2.28945
2.30808
2.34583
2.36488
2.37796
2.40438
2.39415
2.44718
2.43978
2.44866
2.4531
2.41766
2.43536
2.425
1.01503e-34
0.00607294
0.00607294
1.01503e-34
0.0519192
0.0236807
0.0236807
0.0519192
0.136802
0.0899123
0.0899123
0.136802
0.191757
0.253965
0.191757
0.253965
0.322641
0.397018
0.476354
0.559927
0.322641
0.397018
0.647041
0.737016
0.559927
0.476354
0.829203
0.922968
0.737016
0.647041
1.0177
1.11283
0.829203
0.922968
1.0177
1.11283
1.20778
1.30202
1.20778
1.30202
1.39505
1.48637
1.48637
1.39505
1.57554
1.66212
1.74571
1.82594
1.97496
1.90246
1.66212
1.57554
2.10676
2.04315
1.82594
1.74571
1.90246
1.97496
2.10676
2.04315
2.16557
2.21935
2.31116
2.26794
2.38099
2.34888
2.16557
2.21935
2.42799
2.40738
2.31116
2.26794
2.45162
2.44275
2.45458
2.45162
2.34888
2.38099
2.40738
2.44275
2.42799
1.06421
1.43999
1.34774
0.0119921
1.15934
1.25402
1.15934
1.25402
1.06421
0.161965
0.22068
0.969185
1.34774
0.357903
0.874835
0.781756
1.43999
0.690567
0.601912
1.53032
0.516454
0.434882
1.61826
0.286251
1.70341
1.78539
0.110906
0.068324
1.86382
0.0350637
1.93839
2.00878
0.0119921
1.53032
1.61826
2.07472
2.13597
1.78539
2.1923
0.0350637
2.24352
2.28945
0.068324
2.32995
2.36488
0.110906
2.39415
2.41766
0.161965
2.28945
2.43536
2.32995
2.44718
0.22068
2.4531
2.4531
0.286251
2.44718
2.43536
0.357903
2.41766
2.39415
0.434882
2.36488
0.516454
2.24352
0.601912
2.1923
2.13597
0.690567
2.07472
2.00878
0.781756
1.93839
1.86382
0.874835
1.70341
0.969185
3.91099e-33
3.91099e-33
4.32963e-33
0.0177569
0.0177569
4.32963e-33
0.0842773
0.0461431
0.0461431
0.0842773
0.131306
0.186395
0.131306
0.186395
0.317538
0.248735
0.248735
0.317538
0.471493
0.392038
0.642408
0.555183
0.392038
0.471493
0.732494
0.824784
0.642408
0.555183
1.01349
0.918652
0.732494
0.824784
1.1087
1.20375
0.918652
1.01349
1.1087
1.20375
1.39119
1.29808
1.39119
1.29808
1.48259
1.57184
1.57184
1.48259
1.74216
1.6585
1.89904
1.82246
1.97161
2.03985
1.6585
1.74216
2.16237
2.10352
1.89904
1.82246
2.03985
1.97161
2.10352
2.16237
2.2162
2.26482
2.34583
2.30808
2.37796
2.40438
2.26482
2.2162
2.43978
2.425
2.34583
2.30808
2.45162
2.44866
2.44866
2.43978
2.40438
2.37796
2.425
1.33994
1.24605
1.24605
1.15119
1.33994
1.05587
0.0997797
0.960654
0.866104
1.43237
0.772818
1.52285
0.681415
0.592539
0.506853
1.61095
0.425045
1.69624
0.347824
0.275922
0.210092
1.77836
0.151112
1.85693
0.0569169
0.0233677
1.93162
2.00213
0.0233677
2.06818
1.43237
2.12953
2.18595
1.61095
0.0569169
2.23726
2.28326
1.85693
2.32382
0.0997797
2.35882
0.151112
2.38813
2.41168
2.42941
2.18595
0.210092
2.44125
0.275922
2.32382
2.44718
2.44718
2.44125
0.347824
2.42941
0.425045
2.41168
2.38813
2.35882
0.506853
0.592539
2.28326
2.23726
0.681415
2.12953
0.772818
2.06818
2.00213
1.93162
0.866104
0.960654
1.77836
1.69624
1.05587
1.52285
1.15119
1.15026e-32
1.15026e-32
8.35705e-33
0.028824
0.028824
8.35705e-33
0.11483
0.0673868
0.0673868
0.11483
0.170324
0.233056
0.233056
0.170324
0.377109
0.30224
0.30224
0.377109
0.54096
0.456924
0.628523
0.718934
0.456924
0.54096
0.811542
0.905713
0.718934
0.628523
1.00084
1.09635
0.905713
0.811542
1.28626
1.19167
1.00084
1.09635
1.28626
1.19167
1.37963
1.47128
1.47128
1.37963
1.64764
1.56076
1.56076
1.64764
1.81202
1.73152
1.96154
1.8888
2.02996
2.09378
1.81202
1.73152
2.15278
2.20674
1.8888
1.96154
2.09378
2.02996
2.15278
2.20674
2.25549
2.29885
2.3367
2.36891
2.39539
2.41607
2.29885
2.25549
2.43978
2.43088
2.3367
2.36891
2.44275
2.43978
2.43088
2.39539
2.41607
1.32437
1.13491
1.41713
0.0341261
1.03922
0.943615
0.848665
1.50793
0.754964
0.255286
0.327688
1.59634
0.663134
0.573816
0.487674
1.68193
0.405395
1.76432
0.188941
1.84315
0.12943
1.91809
0.0775509
1.98883
2.05511
0.0341261
2.11666
1.32437
2.17327
0.0775509
2.22474
2.2709
2.31159
1.68193
1.76432
0.12943
2.3467
0.188941
2.37611
2.39974
2.41753
0.255286
2.11666
2.42941
0.327688
2.22474
2.2709
2.43536
2.43536
2.42941
0.405395
2.41753
0.487674
2.39974
2.37611
2.3467
0.573816
2.31159
0.663134
2.17327
0.754964
0.848665
2.05511
1.98883
1.91809
0.943615
1.84315
1.03922
1.59634
1.13491
1.50793
1.23014
1.41713
1.23014
1.86935e-32
1.86935e-32
1.21657e-32
0.0392737
0.0392737
1.21657e-32
0.087411
0.143577
0.087411
0.143577
0.206964
0.276781
0.276781
0.206964
0.432679
0.352268
0.352268
0.432679
0.517296
0.605419
0.696374
0.789507
0.517296
0.605419
0.884189
0.97981
0.789507
0.696374
1.17156
1.07579
0.884189
0.97981
1.36039
1.2666
1.07579
1.17156
1.36039
1.2666
1.54233
1.45245
1.54233
1.45245
1.62958
1.71382
1.71382
1.62958
1.87176
1.79466
2.0135
1.9448
2.07759
2.13683
1.79466
1.87176
2.19101
2.23996
1.9448
2.0135
2.13683
2.07759
2.19101
2.23996
2.3215
2.2835
2.35385
2.38044
2.4012
2.41607
2.2835
2.3215
2.42799
2.425
2.38044
2.35385
2.425
2.41607
2.4012
1.48561
0.918114
0.822563
1.57447
0.728242
0.63577
1.6605
0.545789
0.458963
1.74331
0.375978
0.297544
1.82254
0.224391
0.157273
1.89785
0.0969652
0.0442671
1.96895
2.03555
0.0442671
1.0143
1.11055
2.0974
2.15429
1.30107
2.20601
0.0969652
2.2524
2.29329
0.157273
2.32857
2.35813
0.224391
2.38188
2.39974
0.297544
1.96895
2.41168
2.03555
2.41766
0.375978
2.41766
2.41168
0.458963
2.2524
2.29329
2.39974
2.38188
0.545789
2.35813
2.32857
0.63577
0.728242
2.20601
2.15429
0.822563
2.0974
0.918114
1.89785
1.0143
1.82254
1.74331
1.11055
1.6605
1.57447
1.20631
1.48561
1.39433
1.30107
1.20631
1.39433
2.54834e-32
2.54834e-32
1.57556e-32
0.0491058
0.0491058
1.57556e-32
0.170516
0.106215
0.106215
0.170516
0.317572
0.241224
0.241224
0.317572
0.484246
0.39882
0.39882
0.484246
0.66487
0.573155
0.75874
0.854132
0.66487
0.573155
1.04708
0.950442
0.75874
0.854132
1.23916
1.1435
1.04708
0.950442
1.42617
1.33354
1.23916
1.1435
1.33354
1.42617
1.60437
1.51659
1.51659
1.60437
1.77042
1.6891
1.6891
1.77042
1.92143
1.84797
2.05498
1.99053
2.11456
2.16905
1.84797
1.92143
2.26207
2.21828
1.99053
2.05498
2.16905
2.11456
2.26207
2.21828
2.30029
2.33281
2.35956
2.38044
2.39539
2.40438
2.33281
2.30029
2.40438
2.40738
2.35956
2.39539
2.38044
0.787866
0.692719
1.63203
0.599393
1.71539
0.508529
0.420792
0.336866
1.79514
0.257462
1.87095
0.183308
0.115159
0.0537902
1.94251
2.00955
0.0537902
2.07181
0.884216
2.12906
2.18112
1.07817
0.115159
2.22781
2.26897
1.36402
2.30448
0.183308
2.33423
0.257462
2.35813
2.37611
2.38813
1.79514
0.336866
2.39415
0.420792
2.00955
2.39415
2.38813
2.37611
0.508529
2.18112
2.35813
0.599393
2.33423
2.30448
2.26897
0.692719
2.22781
0.787866
2.12906
2.07181
0.884216
0.981174
1.94251
1.87095
1.07817
1.71539
1.17465
1.63203
1.54541
1.45594
1.2701
1.36402
1.2701
1.17465
1.45594
0.981174
1.54541
3.1872e-32
3.1872e-32
1.91265e-32
0.0583199
0.0583199
1.91265e-32
0.195648
0.123799
0.123799
0.195648
0.355426
0.273105
0.355426
0.273105
0.441895
0.531812
0.441895
0.531812
0.624504
0.719317
0.815625
0.912817
0.624504
0.719317
1.10755
1.01031
0.912817
0.815625
1.29915
1.204
1.10755
1.01031
1.48363
1.39251
1.29915
1.204
1.39251
1.48363
1.65745
1.57208
1.65745
1.57208
1.81749
1.73937
1.81749
1.73937
1.9611
1.8915
2.02602
2.08604
2.19051
2.14093
1.8915
1.9611
2.23462
2.27311
2.08604
2.02602
2.14093
2.19051
2.27311
2.23462
2.33281
2.30588
2.36891
2.35385
2.37796
2.38099
2.30588
2.33281
2.36891
2.37796
2.35385
1.68064
0.554095
1.76105
0.462129
0.373253
0.288153
1.83748
0.207536
1.90962
0.132132
0.0626953
1.97719
2.03995
0.0626953
2.09767
0.744667
2.15015
0.132132
2.19721
2.2387
2.27449
1.13524
1.23155
0.207536
2.30448
0.288153
2.32857
2.3467
2.35882
0.373253
1.68064
2.36488
0.462129
1.83748
1.90962
2.36488
2.35882
2.3467
0.554095
2.09767
2.32857
0.648488
2.30448
2.27449
2.2387
0.744667
2.19721
0.842014
2.15015
2.03995
0.939935
1.97719
1.03786
1.76105
1.13524
1.23155
1.59659
1.50925
1.41901
1.3263
1.3263
1.41901
1.03786
1.50925
0.939935
1.59659
0.842014
0.648488
3.78592e-32
3.78592e-32
2.22783e-32
0.0669159
0.0669159
2.22783e-32
0.140162
0.218972
0.140162
0.218972
0.390346
0.302607
0.302607
0.390346
0.481495
0.575379
0.481495
0.575379
0.768767
0.671346
0.965572
0.867038
0.671346
0.768767
1.06381
1.16123
0.867038
0.965572
1.2573
1.35156
1.06381
1.16123
1.44353
1.5328
1.35156
1.2573
1.44353
1.5328
1.70161
1.61895
1.70161
1.61895
1.85509
1.78043
1.78043
1.85509
1.9908
1.92531
2.10671
2.05134
2.15673
2.20122
1.92531
1.9908
2.27311
2.24006
2.10671
2.05134
2.15673
2.20122
2.27311
2.24006
2.3215
2.30029
2.34583
2.3367
2.34888
2.34583
2.30029
2.3367
2.3215
1.79752
0.316465
0.229956
1.87035
0.147885
0.0709822
1.93857
2.00193
0.0709822
0.406706
0.499993
2.0602
2.11317
0.693079
2.16068
0.147885
2.20256
2.2387
0.229956
2.26897
2.29329
0.316465
2.31159
2.32382
0.406706
1.46607
2.32995
1.55428
2.32995
0.499993
2.32382
2.31159
0.595664
1.87035
1.93857
2.29329
2.26897
0.693079
2.2387
2.20256
0.791621
2.16068
2.11317
0.890695
2.0602
2.00193
0.989731
1.08818
1.79752
1.72035
1.18553
1.63916
1.28126
1.37493
1.37493
1.28126
1.18553
1.46607
1.08818
0.989731
1.55428
0.890695
0.791621
1.63916
0.595664
1.72035
4.34449e-32
4.34449e-32
2.52111e-32
0.0748938
0.0748938
2.52111e-32
0.240488
0.155304
0.155304
0.240488
0.32973
0.422332
0.422332
0.32973
0.614951
0.517624
0.517624
0.614951
0.713688
0.813227
0.912989
1.01241
0.713688
0.813227
1.20813
1.11096
1.01241
0.912989
1.30344
1.39642
1.11096
1.20813
1.48664
1.57371
1.30344
1.39642
1.57371
1.48664
1.73688
1.65724
1.65724
1.73688
1.81232
1.88325
1.88325
1.81232
2.01058
1.94942
2.11704
2.06652
2.20122
2.16199
2.01058
1.94942
2.23462
2.26207
2.11704
2.06652
2.16199
2.20122
2.26207
2.23462
2.2835
2.29885
2.31116
2.30808
2.30808
2.29885
2.2835
0.162417
0.078651
1.8938
1.95785
0.078651
2.01676
0.250569
2.07031
2.11834
0.437227
0.162417
2.16068
2.19721
0.733173
2.22781
0.250569
2.2524
0.3424
2.2709
2.28326
2.28945
1.22905
0.437227
2.28945
0.534387
1.50524
2.28326
2.2709
2.2524
0.633241
1.7512
2.22781
0.733173
2.19721
2.16068
2.11834
0.83359
2.07031
0.93392
2.01676
1.95785
1.8938
1.03362
1.82483
1.13216
1.67317
1.59108
1.22905
1.32382
1.41602
1.32382
1.41602
1.13216
1.50524
1.03362
0.93392
0.83359
1.59108
1.67317
0.633241
0.534387
1.7512
0.3424
1.82483
4.86291e-32
4.86291e-32
2.79249e-32
0.0822537
0.0822537
2.79249e-32
0.169226
0.260198
0.169226
0.260198
0.451389
0.354477
0.451389
0.354477
0.650535
0.550284
0.550284
0.650535
0.751537
0.852708
1.05335
0.953491
0.751537
0.852708
1.24829
1.15178
0.953491
1.05335
1.34242
1.43375
1.15178
1.24829
1.52187
1.60639
1.34242
1.43375
1.52187
1.60639
1.7633
1.68698
1.7633
1.68698
1.90201
1.83507
1.90201
1.83507
1.96388
2.02046
2.11704
2.07157
2.19051
2.15673
2.02046
1.96388
2.21828
2.23996
2.11704
2.07157
2.15673
2.19051
2.23996
2.21828
2.26482
2.25549
2.26482
2.26794
2.25549
1.90786
1.96749
0.0857021
0.0857021
2.0217
2.07031
0.17573
2.11317
2.15015
0.464819
0.565315
2.18112
0.269377
2.20601
0.36596
2.22474
2.23726
2.24352
1.07161
0.464819
2.24352
1.26584
1.35924
0.565315
2.23726
2.22474
2.20601
1.61966
0.666833
2.18112
0.768779
2.15015
2.11317
1.90786
2.07031
0.870584
2.0217
0.971701
1.96749
1.84302
1.07161
1.7732
1.16981
1.69865
1.53653
1.26584
1.4496
1.35924
1.16981
1.4496
1.53653
0.971701
0.870584
0.768779
1.61966
0.666833
1.69865
0.36596
1.7732
0.269377
1.84302
0.17573
5.34118e-32
5.34118e-32
3.04197e-32
0.088996
3.04197e-32
0.088996
0.278104
0.181929
0.181929
0.278104
0.477518
0.376851
0.477518
0.376851
0.579482
0.682136
0.579482
0.682136
0.887218
0.784902
1.0884
0.988555
0.784902
0.887218
1.28171
1.18627
1.0884
0.988555
1.46358
1.37428
1.18627
1.28171
1.63088
1.54923
1.37428
1.46358
1.63088
1.54923
1.7082
1.7809
1.7082
1.7809
1.91138
1.84871
1.91138
1.84871
1.96869
2.02046
2.10671
2.06652
2.14093
2.16905
1.96869
2.02046
2.20674
2.19101
2.06652
2.10671
2.14093
2.16905
2.20674
2.19101
2.21935
2.2162
2.2162
0.0921357
1.96749
2.01676
2.0602
0.187824
2.09767
2.12906
0.286381
2.15429
2.17327
0.387148
2.18595
2.1923
0.799905
0.489487
0.902614
2.1923
2.18595
0.592784
2.17327
2.15429
1.2959
1.38755
0.696446
2.12906
2.09767
0.799905
2.0602
2.01676
0.902614
1.96749
1.91255
1.00405
1.85212
1.7864
1.10372
1.71563
1.64006
1.20116
1.55998
1.47569
1.2959
1.38755
1.20116
1.10372
1.47569
1.00405
1.55998
0.696446
1.64006
0.592784
0.489487
1.71563
0.387148
0.286381
1.7864
0.187824
0.0921357
1.85212
1.91255
5.77933e-32
5.77933e-32
3.26958e-32
0.0951211
0.0951211
3.26958e-32
0.193415
0.294207
0.193415
0.294207
0.396854
0.500726
0.500726
0.396854
0.709763
0.605223
0.709763
0.605223
0.916771
0.813791
1.11758
1.0182
0.813791
0.916771
1.30842
1.21447
1.11758
1.0182
1.39904
1.48594
1.30842
1.21447
1.56876
1.64719
1.39904
1.48594
1.56876
1.64719
1.72093
1.7897
1.72093
1.7897
1.91138
1.85325
1.91138
1.85325
2.01058
1.96388
2.05134
2.08604
2.13683
2.11456
1.96388
2.01058
2.15278
2.16237
2.05134
2.08604
2.11456
2.13683
2.15278
2.16557
2.16237
2.00193
0.1987
2.03995
2.07181
2.0974
0.301584
2.11666
0.405967
2.12953
0.511236
2.13597
2.13597
0.511236
0.82656
2.12953
0.616799
2.11666
2.0974
1.12998
2.07181
0.722089
2.03995
0.82656
2.00193
1.95785
1.5756
1.90786
0.929692
1.85212
1.03099
1.79079
1.72411
1.65229
1.12998
1.22621
1.49431
1.40876
1.31927
1.31927
1.22621
1.40876
1.03099
0.929692
1.49431
1.5756
0.722089
0.616799
1.65229
0.405967
1.72411
0.301584
0.1987
0.0979526
1.79079
1.85212
0.0979526
1.90786
1.95785
6.1774e-32
6.1774e-32
3.47532e-32
0.10063
0.10063
3.47532e-32
0.308511
0.203683
0.203683
0.308511
0.521017
0.41449
0.41449
0.521017
0.627514
0.733424
0.627514
0.733424
0.838215
0.941378
1.14091
1.04243
0.838215
0.941378
1.32844
1.23638
1.14091
1.04243
1.50083
1.41671
1.23638
1.32844
1.65534
1.58047
1.50083
1.41671
1.65534
1.58047
1.72517
1.7897
1.72517
1.7897
1.84871
1.90201
1.84871
1.90201
1.94942
1.9908
2.02602
2.05498
2.09378
2.07759
1.94942
1.9908
2.10676
2.10352
2.05498
2.02602
2.09378
2.07759
2.10352
0.208362
1.97719
2.00955
2.03555
0.314988
2.05511
0.314988
0.422421
2.06818
0.53007
0.637367
2.07472
2.07472
0.53007
2.06818
0.951829
0.637367
2.05511
2.03555
2.00955
0.74377
1.33594
1.42289
1.97719
0.848756
1.93857
1.8938
1.84302
0.951829
1.7864
1.05252
1.72411
1.65636
1.5834
1.15038
1.50548
1.24498
1.24498
1.33594
1.15038
1.42289
1.05252
0.848756
1.50548
0.74377
1.5834
0.422421
1.65636
1.72411
0.208362
0.103154
1.7864
1.84302
0.103154
1.8938
1.93857
6.53542e-32
6.53542e-32
3.65924e-32
0.105523
0.105523
3.65924e-32
0.321017
0.212737
0.212737
0.321017
0.538396
0.429763
0.538396
0.429763
0.753126
0.646362
0.646362
0.753126
0.858184
0.961048
1.06126
1.15839
0.858184
0.961048
1.34178
1.25202
1.06126
1.15839
1.42731
1.50827
1.25202
1.34178
1.58438
1.65534
1.50827
1.42731
1.65534
1.58438
1.72093
1.7809
1.7809
1.72093
1.83507
1.88325
1.88325
1.83507
1.92531
1.9611
1.99053
2.0135
2.02996
2.03985
1.92531
1.9611
2.03985
2.04315
2.0135
1.99053
2.02996
1.96895
0.326597
1.98883
0.107739
2.00213
0.436515
2.00878
2.00878
0.545995
0.545995
0.654495
2.00213
1.98883
0.654495
1.96895
1.94251
0.761496
1.90962
1.87035
0.8665
1.82483
1.34595
1.7732
0.969035
1.71563
1.65229
1.06866
1.5834
1.5092
1.16494
1.42995
1.25749
1.25749
1.16494
1.34595
1.06866
0.969035
1.42995
0.8665
0.761496
1.5092
1.5834
0.436515
0.326597
1.65229
0.216809
1.71563
1.7732
0.107739
1.94251
1.82483
1.87035
1.90962
0.216809
6.85346e-32
6.85346e-32
3.82136e-32
0.109802
0.109802
3.82136e-32
0.220579
0.331729
0.220579
0.331729
0.552868
0.442678
0.442678
0.552868
0.768878
0.661772
0.661772
0.768878
0.975792
0.873705
1.17004
1.07471
0.873705
0.975792
1.2614
1.34844
1.17004
1.07471
1.43084
1.50827
1.34844
1.2614
1.58047
1.64719
1.50827
1.43084
1.58047
1.64719
1.7633
1.7082
1.7633
1.7082
1.81232
1.85509
1.85509
1.81232
1.92143
1.8915
1.96154
1.9448
1.97496
1.97161
1.92143
1.8915
1.97161
1.9448
1.96154
0.336414
1.93162
0.448252
1.93839
1.93839
1.93162
0.336414
0.559017
1.91809
0.668189
1.89785
1.87095
1.83748
0.8798
0.775274
1.79752
0.8798
1.7512
1.17368
1.69865
1.64006
1.34928
0.981319
1.5756
1.07941
1.50548
1.42995
1.17368
1.26375
1.26375
1.07941
0.981319
1.34928
1.42995
0.775274
0.668189
0.559017
1.50548
0.448252
1.5756
0.224045
0.111711
1.64006
1.69865
0.111711
1.91809
1.7512
1.79752
1.83748
0.224045
1.87095
1.89785
7.13158e-32
7.13158e-32
3.96171e-32
0.113467
0.113467
3.96171e-32
0.34065
0.22721
0.22721
0.34065
0.56444
0.453238
0.56444
0.453238
0.780685
0.673751
0.673751
0.780685
0.985617
0.884786
1.17586
1.08277
0.884786
0.985617
1.34844
1.26453
1.08277
1.17586
1.50083
1.42731
1.34844
1.26453
1.63088
1.56876
1.42731
1.50083
1.56876
1.63088
1.68698
1.73688
1.68698
1.73688
1.78043
1.81749
1.78043
1.81749
1.84797
1.87176
1.8888
1.89904
1.90246
1.89904
1.87176
1.84797
1.8888
0.457636
1.86382
1.86382
0.11507
1.85692
0.569139
1.84315
0.678455
1.82254
0.569139
0.678455
1.79514
1.76105
0.785112
1.72035
0.888663
1.67317
1.61966
1.17659
1.55998
0.988686
1.49431
1.08478
1.42289
1.34595
1.26375
1.17659
1.26375
1.08478
0.988686
0.888663
1.34595
0.785112
1.42289
0.457636
1.49431
0.344441
1.55998
0.230071
1.61966
1.67317
0.11507
1.85692
1.72035
1.76105
0.230071
1.79514
1.82254
1.84315
0.344441
7.36983e-32
7.36983e-32
4.08033e-32
0.116519
0.116519
4.08033e-32
0.232632
0.347784
0.232632
0.347784
0.573114
0.461447
0.573114
0.461447
0.788554
0.682303
0.682303
0.788554
0.891433
0.990528
1.17586
1.08546
0.990528
0.891433
1.2614
1.34178
1.08546
1.17586
1.48594
1.41671
1.34178
1.2614
1.60639
1.54923
1.48594
1.41671
1.54923
1.60639
1.65724
1.70161
1.65724
1.70161
1.77042
1.73937
1.77042
1.73937
1.79466
1.81202
1.82246
1.82594
1.82246
1.79466
1.81202
1.77836
0.576366
1.76432
1.74331
0.685295
1.71539
1.68064
0.791012
1.63916
0.576366
1.59108
0.893093
1.53653
0.893093
1.47569
0.991142
0.991142
1.40876
1.33594
1.08478
1.25749
1.17368
1.17368
1.08478
1.25749
0.791012
1.33594
0.685295
1.40876
0.464671
0.350681
1.47569
0.23489
0.117816
1.53653
1.59108
0.117816
1.78539
1.63916
1.78539
1.68064
1.71539
0.23489
1.74331
1.76432
0.350681
1.77836
0.464671
7.56829e-32
7.56829e-32
4.17725e-32
0.11896
0.11896
4.17725e-32
0.353131
0.236847
0.353131
0.236847
0.467309
0.578895
0.578895
0.467309
0.792487
0.687433
0.687433
0.792487
0.893648
0.990528
1.08277
1.17004
0.990528
0.893648
1.32844
1.25202
1.17004
1.08277
1.39904
1.46358
1.32844
1.25202
1.57371
1.52187
1.46358
1.39904
1.52187
1.57371
1.61895
1.65745
1.65745
1.61895
1.6891
1.71382
1.71382
1.6891
1.73152
1.74216
1.74571
1.74216
1.73152
0.580701
1.6605
0.688715
1.63203
1.59659
1.55428
0.355136
0.792979
1.50524
0.580701
0.893093
1.4496
1.38755
1.31927
0.988686
1.24498
1.07941
1.16494
1.07941
0.988686
1.16494
0.893093
1.24498
0.792979
0.688715
1.31927
0.469359
1.38755
0.238502
0.119951
1.4496
1.50524
0.119951
1.68193
1.55428
1.59659
1.63203
1.70341
0.238502
1.6605
1.68193
1.69624
0.355136
0.469359
1.70341
1.69624
7.72701e-32
7.72701e-32
4.25251e-32
0.12079
0.12079
4.25251e-32
0.356695
0.239857
0.239857
0.356695
0.581785
0.470824
0.470824
0.581785
0.792487
0.689143
0.689143
0.792487
0.985616
0.891433
1.15839
1.07471
0.985616
0.891433
1.30842
1.23638
1.15839
1.07471
1.43375
1.37428
1.30842
1.23638
1.48664
1.5328
1.37428
1.43375
1.48664
1.5328
1.60437
1.57208
1.60437
1.57208
1.62958
1.64764
1.64764
1.62958
1.65849
1.66212
1.65849
0.688715
1.54541
1.50925
1.46607
0.791012
1.41602
0.357809
0.888663
1.35924
0.582146
1.2959
1.22621
0.981319
1.15038
1.06866
1.06866
0.981319
0.888663
1.15038
0.791012
1.22621
0.688715
0.471703
1.2959
1.35924
0.24091
0.121476
1.41602
1.46607
0.121476
1.57447
1.50925
1.54541
1.61095
1.61826
0.24091
1.57447
1.59633
1.61095
0.357809
1.61826
0.471703
1.59633
0.582146
7.84604e-32
7.84604e-32
4.30612e-32
0.122009
0.122009
4.30612e-32
0.358476
0.241662
0.241662
0.358476
0.581784
0.471996
0.581784
0.471996
0.788554
0.687433
0.687433
0.788554
0.884786
0.975792
1.06126
1.14091
0.884786
0.975792
1.21447
1.28171
1.14091
1.06126
1.34242
1.39642
1.28171
1.21447
1.48363
1.44353
1.39642
1.34242
1.44353
1.48363
1.54233
1.51659
1.51659
1.54233
1.57184
1.56076
1.56076
1.57184
1.57554
1.37493
0.785112
1.32382
0.12239
1.26584
0.8798
1.20116
1.12998
0.969035
0.580701
0.685295
1.05252
0.969035
1.05252
0.8798
0.785112
1.12998
1.20116
0.471703
0.358699
1.26584
0.242113
1.32382
1.37493
0.12239
1.41901
1.41901
1.45594
1.45594
1.48561
0.242113
1.50793
1.52285
0.358699
1.53032
1.53032
0.471703
1.52285
1.50793
0.580701
1.48561
0.685295
7.92542e-32
7.92542e-32
4.33811e-32
0.122619
0.122619
4.33811e-32
0.242264
0.358476
0.242264
0.358476
0.578895
0.470824
0.470824
0.578895
0.780685
0.682303
0.682303
0.780685
0.873705
0.961048
1.11758
1.04243
0.961048
0.873705
1.24829
1.18627
1.11758
1.04243
1.35156
1.30344
1.24829
1.18627
1.42617
1.39251
1.35156
1.30344
1.39251
1.42617
1.47128
1.45245
1.47128
1.45245
1.48259
1.48259
1.48637
0.775274
1.16981
0.866499
1.10372
1.03099
0.951829
0.357809
0.951829
0.866499
1.03099
0.775274
0.678455
0.576366
1.10372
0.469359
1.16981
0.242113
0.122695
1.22905
1.28126
0.122695
1.22905
1.3263
1.36402
1.39433
1.36402
0.242113
1.41713
1.43237
1.43999
0.357809
1.43999
0.469359
1.43237
1.41713
1.39433
0.576366
0.678455
1.3263
1.28126
7.9652e-32
7.9652e-32
4.34848e-32
0.122619
0.122619
4.34848e-32
0.356695
0.241662
0.241662
0.356695
0.573114
0.467309
0.467309
0.573114
0.673751
0.768878
0.768878
0.673751
0.858184
0.941377
1.0182
1.0884
0.858184
0.941377
1.15178
1.20813
1.0182
1.0884
1.29915
1.2573
1.15178
1.20813
1.33354
1.36039
1.29915
1.2573
1.33354
1.36039
1.39119
1.37963
1.39119
1.37963
1.39505
0.848756
1.00405
0.929692
0.12239
0.848756
0.929692
0.761496
1.00405
0.668189
0.569139
0.464671
1.07161
0.355136
1.13216
0.24091
1.18552
1.23155
0.12239
1.07161
1.2701
1.30107
1.18552
1.23155
0.24091
1.32437
1.33994
1.34774
1.32437
0.355136
1.34774
0.464671
1.33994
1.30107
0.569139
1.2701
0.668189
1.13216
0.761496
7.96537e-32
7.96537e-32
4.33725e-32
0.122009
0.122009
4.33725e-32
0.353131
0.239857
0.239857
0.353131
0.461447
0.56444
0.56444
0.461447
0.661772
0.753126
0.661772
0.753126
0.838215
0.916771
1.05335
0.988555
0.916771
0.838215
1.11096
1.16123
1.05335
0.988555
1.204
1.23916
1.11096
1.16123
1.2666
1.28626
1.204
1.23916
1.2666
1.28626
1.30202
1.29808
1.29808
0.74377
0.902614
0.654495
0.559017
0.971701
0.457636
0.350681
1.03362
0.238502
0.121476
1.08818
1.13524
0.121476
0.82656
1.17465
0.902614
1.20631
1.23014
0.238502
1.24605
1.25402
1.13524
1.17465
0.350681
1.25402
1.24605
0.457636
1.23014
1.20631
0.559017
0.654495
1.08818
1.03362
0.74377
0.971701
0.82656
7.92595e-32
7.92595e-32
4.30441e-32
0.12079
0.12079
4.30441e-32
0.236847
0.347784
0.236847
0.347784
0.552868
0.453238
0.552868
0.453238
0.646362
0.733424
0.646362
0.733424
0.813791
0.887218
1.01241
0.95349
0.887218
0.813791
1.10755
1.06381
1.01241
0.95349
1.17156
1.1435
1.10755
1.06381
1.20375
1.19167
1.1435
1.17156
1.20375
1.19167
1.20778
0.870584
0.448252
0.93392
0.34444
0.23489
0.119951
0.989731
1.03786
0.119951
0.545995
1.07817
1.11055
1.13491
0.799905
0.23489
1.15119
1.15934
1.15934
0.989731
0.34444
1.15119
0.448252
1.13491
1.11055
1.07817
0.545995
1.03786
0.637367
0.93392
0.870584
0.722089
0.799905
0.722089
0.637367
7.84691e-32
7.84691e-32
4.24994e-32
0.11896
0.11896
4.24994e-32
0.34065
0.232632
0.232632
0.34065
0.442678
0.538396
0.538396
0.442678
0.627514
0.709763
0.709763
0.627514
0.852707
0.784901
0.912989
0.965572
0.852707
0.784901
1.04708
1.01031
0.965572
0.912989
1.07579
1.09635
1.04708
1.01031
1.11283
1.1087
1.09635
1.07579
1.1087
0.890695
0.230071
0.117816
0.939935
0.981174
0.117816
0.336414
1.0143
1.03922
0.53007
0.616799
0.230071
1.05587
1.06421
1.06421
0.833589
0.336414
1.05587
0.436515
1.03922
1.0143
0.981174
0.53007
0.939935
0.616799
0.890695
0.768779
0.696446
0.696446
0.768779
0.436515
0.833589
7.72823e-32
7.72823e-32
4.17383e-32
0.116519
0.116519
4.17383e-32
0.22721
0.331729
0.22721
0.331729
0.521017
0.429763
0.521017
0.429763
0.682136
0.605223
0.682136
0.605223
0.813227
0.751537
0.867038
0.912817
0.813227
0.751537
0.950442
0.97981
0.867038
0.912817
1.00084
1.01349
0.97981
0.950442
1.0177
1.01349
1.00084
0.884216
0.11507
0.918114
0.11507
0.943615
0.960654
0.224045
0.969185
0.969185
0.511236
0.592784
0.326597
0.960654
0.733173
0.943615
0.422421
0.918114
0.884216
0.511236
0.842014
0.791621
0.592784
0.666833
0.666833
0.733173
0.422421
0.326597
0.791621
0.224045
0.842014
7.56986e-32
7.56986e-32
4.07605e-32
0.113467
4.07605e-32
0.113467
0.321017
0.220579
0.220579
0.321017
0.41449
0.500726
0.41449
0.500726
0.650535
0.579482
0.579482
0.650535
0.713688
0.768767
0.815625
0.854132
0.768767
0.713688
0.884189
0.905713
0.854132
0.815625
0.922967
0.918652
0.905713
0.884189
0.918652
0.111711
0.822563
0.848664
0.866104
0.216809
0.874834
0.314988
0.874834
0.866104
0.314988
0.848664
0.405967
0.822563
0.787866
0.744667
0.489487
0.693079
0.565315
0.633241
0.565315
0.489487
0.633241
0.405967
0.693079
0.216809
0.111711
0.744667
0.787866
7.37176e-32
7.37176e-32
3.95657e-32
0.109802
0.109802
3.95657e-32
0.30851
0.212737
0.212737
0.30851
0.477518
0.396854
0.396854
0.477518
0.614951
0.550284
0.614951
0.550284
0.719317
0.671346
0.789507
0.758739
0.671346
0.719317
0.811542
0.824784
0.789507
0.758739
0.829203
0.811542
0.824784
0.772818
0.208362
0.781756
0.107739
0.781756
0.772818
0.301584
0.754964
0.387148
0.464819
0.534387
0.728242
0.692719
0.648488
0.464819
0.595664
0.534387
0.387148
0.595664
0.301584
0.648488
0.208362
0.692719
0.728242
0.107739
0.754964
7.13386e-32
7.13386e-32
3.81536e-32
0.105523
0.105523
3.81536e-32
0.294207
0.203683
0.203683
0.294207
0.376851
0.451389
0.376851
0.451389
0.517624
0.575379
0.575379
0.517624
0.66487
0.624504
0.696374
0.718934
0.624504
0.66487
0.732493
0.737016
0.718934
0.696374
0.732493
0.1987
0.690567
0.681415
0.286381
0.663134
0.63577
0.36596
0.599393
0.554095
0.437227
0.499993
0.437227
0.499993
0.36596
0.286381
0.554095
0.1987
0.103154
0.599393
0.63577
0.103154
0.663134
0.681415
0.690567
6.85609e-32
6.85609e-32
3.65238e-32
0.10063
0.10063
3.65238e-32
0.278104
0.193415
0.193415
0.278104
0.354477
0.422332
0.354477
0.422332
0.481495
0.531812
0.481495
0.531812
0.573155
0.605419
0.642408
0.628523
0.605419
0.573155
0.642408
0.647041
0.628523
0.592539
0.573816
0.269377
0.545789
0.3424
0.508529
0.269377
0.462129
0.406706
0.406706
0.3424
0.462129
0.187824
0.0979526
0.508529
0.545789
0.0979526
0.573816
0.601912
0.592539
0.601912
0.187824
6.53841e-32
6.53841e-32
0.0951211
3.4676e-32
0.0951211
3.4676e-32
0.260198
0.181929
0.181929
0.260198
0.390346
0.32973
0.390346
0.32973
0.441895
0.484246
0.441895
0.484246
0.54096
0.517296
0.559927
0.555183
0.517296
0.555183
0.54096
0.250569
0.458963
0.316465
0.420792
0.373253
0.316465
0.373253
0.250569
0.420792
0.17573
0.0921357
0.458963
0.487673
0.0921357
0.506853
0.506853
0.516454
0.17573
0.516454
0.487673
6.18073e-32
6.18073e-32
3.26099e-32
0.0889959
0.0889959
3.26099e-32
0.240488
0.169226
0.169226
0.240488
0.355426
0.302607
0.302607
0.355426
0.39882
0.432679
0.432679
0.39882
0.456924
0.471493
0.476354
0.471493
0.456924
0.288153
0.288153
0.229956
0.336866
0.162417
0.0857021
0.375978
0.405395
0.0857021
0.336866
0.375978
0.425045
0.434881
0.434881
0.162417
0.425045
0.405395
0.229956
5.78302e-32
5.78302e-32
3.03252e-32
0.0822537
0.0822537
3.03252e-32
0.218972
0.155304
0.218972
0.155304
0.317572
0.273105
0.317572
0.273105
0.377109
0.352268
0.352268
0.377109
0.392038
0.397018
0.392038
0.147885
0.078651
0.297544
0.327688
0.078651
0.347824
0.207536
0.357903
0.357903
0.297544
0.147885
0.347824
0.327688
0.207536
0.257461
0.257461
5.34522e-32
5.34522e-32
2.78217e-32
0.0748938
0.0748938
2.78217e-32
0.140162
0.195648
0.140162
0.195648
0.276781
0.241224
0.276781
0.241224
0.317537
0.30224
0.30224
0.322641
0.317537
0.255286
0.275922
0.0709822
0.0709822
0.286251
0.286251
0.132132
0.275922
0.255286
0.224391
0.183308
0.183308
0.224391
0.132132
4.86731e-32
4.86731e-32
2.50993e-32
0.0669159
2.50993e-32
0.0669159
0.123799
0.170516
0.123799
0.170516
0.233056
0.206964
0.233056
0.206964
0.253965
0.248735
0.248735
0.0626953
0.22068
0.22068
0.210092
0.115159
0.188941
0.157273
0.157273
0.115159
0.0626953
0.188941
0.210092
4.34924e-32
4.34924e-32
2.21578e-32
0.0583199
0.0583199
2.21578e-32
0.143577
0.106215
0.106215
0.143577
0.170324
0.186395
0.170324
0.186395
0.191757
0.151112
0.0969652
0.12943
0.0969652
0.0537902
0.12943
0.151112
0.0537902
0.161965
0.161965
3.79103e-32
3.79103e-32
1.89973e-32
0.0491058
0.0491058
1.89973e-32
0.11483
0.0874111
0.0874111
0.11483
0.131306
0.131306
0.136802
0.0775509
0.0775509
0.0442671
0.0997797
0.110906
0.0442671
0.110906
0.0997797
3.19266e-32
3.19266e-32
1.56177e-32
0.0392737
1.56177e-32
0.0392737
0.0673868
0.0842773
0.0673868
0.0842773
0.0899123
0.068324
0.0341261
0.068324
0.0569169
0.0341261
0.0569169
2.55416e-32
2.55416e-32
0.028824
1.20192e-32
0.028824
1.20192e-32
0.0461431
0.0461431
0.0519192
0.0233677
0.0350637
0.0233677
0.0350637
1.87552e-32
1.87552e-32
8.20185e-33
0.0177569
0.0177569
8.20185e-33
0.0236807
0.0119921
0.0119921
1.15679e-32
1.15679e-32
4.16579e-33
4.16579e-33
0.00607292
1.72066e-35
3.97979e-33
3.97979e-33
