1.73997e-35
4.02445e-33
4.02445e-33
4.21254e-33
1.16976e-32
0.00614107
0.0121266
4.21254e-33
1.16976e-32
0.0121266
8.29383e-33
0.0236297
1.89654e-32
0.0179561
0.0239463
0.0354568
0.0354568
0.0179561
0.0236297
1.89654e-32
8.29383e-33
1.21539e-32
0.0345084
2.58276e-32
0.029147
0.0575545
0.0690895
0.0466602
0.0525011
1.21539e-32
0.0345084
0.0466602
0.0690895
0.0575545
0.029147
2.58276e-32
1.57926e-32
0.0397135
0.0447625
3.22838e-32
0.0681414
0.078419
0.100897
0.0852212
0.112148
0.0909193
0.112148
0.0852212
0.0397135
3.22838e-32
0.0447625
1.57926e-32
0.078419
0.0681414
0.100897
1.92098e-32
3.8334e-32
0.0496552
0.0543917
0.0883891
0.0980496
0.130877
0.116115
0.0543917
3.8334e-32
0.0496552
1.92098e-32
0.163777
0.138333
0.152802
0.132776
0.132776
0.130877
0.152802
0.0883891
0.163777
0.116115
0.0980496
2.24054e-32
0.0633955
4.3978e-32
0.0589717
0.107403
0.116446
0.15903
0.145182
0.188479
0.172228
0.191052
0.21244
4.3978e-32
0.0633955
0.0589717
2.24054e-32
0.107403
0.15903
0.116446
0.145182
0.193901
0.223146
0.188479
0.223146
0.191052
0.21244
0.172228
2.53794e-32
0.0717741
4.92157e-32
0.0676629
0.125181
0.133607
0.185354
0.17242
0.258135
0.235659
0.209275
0.226895
0.251514
0.279002
0.289447
0.256802
2.53794e-32
0.0717741
4.92157e-32
0.0676629
0.125181
0.133607
0.185354
0.17242
0.279002
0.258135
0.226895
0.289447
0.209275
0.251514
0.235659
2.81318e-32
0.0795274
5.40474e-32
0.0757288
0.141725
0.149533
0.209849
0.19783
0.260332
0.300861
0.27987
0.243915
0.305612
0.331342
0.351703
0.321081
0.0757288
2.81318e-32
0.0795274
5.40474e-32
0.326242
0.361895
0.361895
0.321081
0.149533
0.209849
0.141725
0.19783
0.27987
0.331342
0.351703
0.260332
0.243915
0.305612
0.300861
3.06628e-32
0.0866557
5.84733e-32
0.0831696
0.221411
0.157034
0.164225
0.232516
0.291361
0.340617
0.321111
0.276148
0.356194
0.380165
0.40991
0.381312
0.396408
0.429779
0.439725
0.401443
5.84733e-32
0.0831696
3.06628e-32
0.0866557
0.232516
0.164225
0.221411
0.157034
0.439725
0.429779
0.396408
0.381312
0.321111
0.276148
0.291361
0.340617
0.380165
0.40991
0.356194
3.29724e-32
0.0931596
6.24937e-32
0.0899856
0.171109
0.253355
0.243164
0.177683
0.0899856
0.0931596
6.24937e-32
3.29724e-32
0.319984
0.377404
0.359382
0.305974
0.403258
0.464067
0.437495
0.425471
0.476741
0.493098
0.51249
0.462009
0.522199
0.481656
0.476741
0.522199
0.177683
0.253355
0.243164
0.171109
0.377404
0.319984
0.359382
0.305974
0.51249
0.493098
0.425471
0.462009
0.464067
0.403258
0.437495
3.5061e-32
0.0990396
6.61092e-32
0.0961775
0.18395
0.189908
0.272367
0.263089
0.0961775
0.0990396
6.61092e-32
3.5061e-32
0.346202
0.411222
0.394683
0.333394
0.189908
0.263089
0.272367
0.18395
0.446806
0.467261
0.489628
0.514176
0.546972
0.55185
0.580188
0.523045
0.608596
0.56615
0.599119
0.561354
0.561354
0.608596
0.599119
0.546972
0.333394
0.411222
0.346202
0.394683
0.580188
0.489628
0.514176
0.467261
0.446806
0.523045
0.55185
3.69288e-32
0.101746
0.104297
6.93203e-32
0.19556
0.200903
0.289556
0.281189
0.370017
0.442074
0.427018
0.35841
0.101746
0.104297
6.93203e-32
3.69288e-32
0.289556
0.200903
0.281189
0.19556
0.486838
0.505536
0.560238
0.537713
0.370017
0.427018
0.35841
0.442074
0.579515
0.606038
0.642819
0.612136
0.635497
0.649536
0.670486
0.68897
0.698223
0.649536
0.65422
0.698223
0.635497
0.670486
0.68897
0.612136
0.505536
0.606038
0.537713
0.486838
0.642819
0.579515
0.560238
3.85761e-32
7.21277e-32
0.106692
0.108932
0.205939
0.210668
0.304922
0.297466
0.391434
0.469965
0.456389
0.381026
0.106692
0.108932
7.21277e-32
3.85761e-32
0.523358
0.540302
0.602257
0.581753
0.304922
0.210668
0.297466
0.205939
0.456389
0.469965
0.391434
0.381026
0.655665
0.631422
0.700385
0.672234
0.540302
0.523358
0.581753
0.602257
0.726897
0.704087
0.763318
0.736301
0.740606
0.781369
0.745179
0.790406
0.790406
0.726897
0.740606
0.781369
0.704087
0.672234
0.631422
0.736301
0.655665
0.700385
0.763318
4.00033e-32
0.112946
7.45321e-32
0.111016
0.215091
0.219206
0.31847
0.311923
0.410455
0.494898
0.401244
0.4828
0.556371
0.571563
0.640239
0.621752
0.111016
0.112946
7.45321e-32
4.00033e-32
0.219206
0.31847
0.311923
0.215091
0.752893
0.700736
0.67877
0.727271
0.494898
0.410455
0.4828
0.401244
0.621752
0.556371
0.571563
0.640239
0.831646
0.798234
0.767128
0.796568
0.67877
0.752893
0.700736
0.727271
0.833901
0.820512
0.875667
0.858036
0.884494
0.838368
0.833901
0.884494
0.798234
0.831646
0.796568
0.820512
0.875667
0.858036
0.767128
4.12109e-32
0.11634
7.65342e-32
0.114721
0.223016
0.226519
0.330203
0.324563
0.427084
0.419069
0.516878
0.506256
0.585881
0.599325
0.674189
0.657717
4.12109e-32
7.65342e-32
0.114721
0.11634
0.777252
0.721566
0.741259
0.800349
0.223016
0.226519
0.330203
0.324563
0.516878
0.427084
0.506256
0.419069
0.851296
0.893961
0.863555
0.824624
0.657717
0.674189
0.585881
0.599325
0.721566
0.741259
0.777252
0.800349
0.92823
0.954011
0.893942
0.915703
0.893961
0.851296
0.824624
0.863555
0.933146
0.928783
0.97986
0.971236
0.92823
0.97986
0.954011
0.971236
0.915703
0.928783
0.893942
4.21991e-32
0.119116
7.81346e-32
0.117805
0.229717
0.232609
0.340124
0.33539
0.434504
0.441328
0.535913
0.526763
0.611897
0.623595
0.704117
0.689655
0.117805
0.119116
7.81346e-32
4.21991e-32
0.822186
0.759819
0.777243
0.842764
0.229717
0.33539
0.340124
0.232609
0.950272
0.922866
0.900494
0.876586
0.441328
0.535913
0.526763
0.434504
0.689655
0.704117
0.623595
0.611897
0.991961
1.02545
0.990592
0.960903
0.842764
0.759819
0.777243
0.822186
0.950272
0.900494
0.876586
0.922866
1.02464
1.01186
1.05064
1.06747
0.990592
0.960903
1.02545
0.991961
1.0759
1.0289
1.02464
1.01186
1.06747
1.05064
1.0759
4.29682e-32
0.121274
7.9334e-32
0.120272
0.235197
0.237479
0.348236
0.344405
0.120272
0.121274
7.9334e-32
4.29682e-32
0.447556
0.453188
0.552006
0.544326
0.634424
0.644381
0.730031
0.717575
0.880148
0.862084
0.793536
0.808697
0.344405
0.235197
0.348236
0.237479
0.944174
0.97618
1.00059
0.923023
0.447556
0.552006
0.544326
0.453188
1.05858
1.04924
1.08999
1.02141
0.730031
0.644381
0.717575
0.634424
0.880148
0.808697
0.793536
0.862084
1.10838
1.12272
1.14735
1.0876
1.00059
0.944174
0.923023
0.97618
1.08999
1.05858
1.02141
1.04924
1.12087
1.12504
1.17204
1.1638
1.10838
1.0876
1.12272
1.14735
1.17204
1.12087
1.1638
4.35187e-32
0.122814
8.01327e-32
0.122121
0.239457
0.241129
0.354541
0.351614
0.458227
0.462672
0.565164
0.558952
0.122121
0.122814
8.01327e-32
4.35187e-32
0.351614
0.354541
0.239457
0.241129
0.65347
0.661689
0.751939
0.741485
0.835633
0.912514
0.896957
0.82273
0.982351
1.02351
1.04494
0.96395
0.458227
0.558952
0.565164
0.462672
1.10009
1.14766
1.11968
1.07547
0.65347
0.741485
0.661689
0.751939
1.18749
1.2195
1.15602
1.18439
0.896957
0.912514
0.835633
0.82273
0.982351
1.02351
0.96395
1.04494
1.21691
1.24357
1.25966
1.2047
1.11968
1.10009
1.14766
1.07547
1.15602
1.2195
1.18439
1.18749
1.22099
1.2047
1.26772
1.26772
1.21691
1.24357
1.25966
4.38506e-32
0.123738
8.05311e-32
0.123353
0.242498
0.243562
0.359044
0.357018
0.466523
0.46978
0.575393
0.570644
0.669041
0.761393
0.675526
0.76985
0.123353
0.123738
8.05311e-32
4.38506e-32
0.243562
0.357018
0.359044
0.242498
0.570644
0.575393
0.46978
0.466523
0.858059
0.939874
0.926819
0.847409
1.06488
1.08333
0.999381
1.01504
1.19846
1.17392
1.14453
1.12311
0.761393
0.669041
0.76985
0.675526
1.21715
1.24498
1.28394
1.25268
0.847409
0.858059
0.926819
0.939874
1.28042
1.33879
1.30029
1.31524
1.08333
1.01504
1.06488
0.999381
1.19846
1.14453
1.17392
1.12311
1.36241
1.31223
1.35453
1.31621
1.21715
1.24498
1.25268
1.28394
1.30029
1.28042
1.36241
1.35453
1.31524
1.31223
1.33879
4.39641e-32
0.124046
8.05293e-32
0.123969
0.244322
0.244778
0.361744
0.360619
0.472446
0.474518
0.582695
0.579409
0.123969
0.124046
8.05293e-32
4.39641e-32
0.681145
0.783772
0.777309
0.685898
0.875987
0.96224
0.95168
0.867586
0.360619
0.361744
0.244778
0.244322
0.579409
0.582695
0.474518
0.472446
0.681145
0.685898
0.777309
0.783772
1.10029
1.02933
1.11577
1.04225
1.24244
1.2213
1.18257
1.16435
1.271
1.29521
1.34072
1.31329
0.95168
0.867586
0.875987
0.96224
1.37884
1.37518
1.40946
1.34805
1.02933
1.10029
1.11577
1.04225
1.4063
1.4325
1.4479
1.39462
1.2213
1.24244
1.18257
1.16435
1.34072
1.29521
1.31329
1.271
1.45561
1.4102
1.4063
1.45561
1.37884
1.34805
1.4479
1.40946
1.37518
1.39462
1.4325
4.38592e-32
0.123738
8.01274e-32
0.123969
0.24493
0.244778
0.362644
0.362419
0.475998
0.476886
0.587076
0.58525
0.689787
0.69281
0.793711
0.789239
0.123969
0.123738
8.01274e-32
4.38592e-32
0.244778
0.362419
0.362644
0.24493
0.889425
0.979623
0.971554
0.883267
1.064
1.14229
1.12977
1.05381
0.476886
0.475998
0.58525
0.587076
0.789239
0.689787
0.793711
0.69281
0.889425
0.883267
0.979623
0.971554
1.26187
1.2796
1.21423
1.19919
1.3176
1.33819
1.38984
1.36623
1.43438
1.40761
1.4717
1.44163
1.05381
1.12977
1.064
1.14229
1.52423
1.50167
1.48721
1.46819
1.19919
1.21423
1.2796
1.26187
1.49864
1.5393
1.54685
1.50246
1.38984
1.36623
1.3176
1.33819
1.40761
1.43438
1.44163
1.4717
1.49864
1.48721
1.54685
1.5393
1.46819
1.50167
1.52423
4.35359e-32
0.122814
7.93251e-32
0.123353
0.244322
0.243562
0.361744
0.362419
0.58817
0.477182
0.476886
0.588535
0.123353
0.122814
7.93251e-32
4.35359e-32
0.69497
0.696265
0.799673
0.797189
0.898379
0.992033
0.986449
0.894463
0.243562
0.362419
0.361744
0.244322
0.58817
0.588535
0.477182
0.476886
1.08031
1.1629
1.15333
1.07284
1.23954
1.29563
1.22768
1.30997
0.797189
0.799673
0.696265
0.69497
0.986449
0.894463
0.898379
0.992033
1.1629
1.08031
1.07284
1.15333
1.35698
1.41154
1.43134
1.37397
1.45915
1.48192
1.52554
1.49966
1.55897
1.59143
1.53297
1.56208
1.22768
1.29563
1.30997
1.23954
1.57759
1.58879
1.61352
1.62828
1.35698
1.43134
1.41154
1.37397
1.63567
1.63567
1.59252
1.58879
1.48192
1.52554
1.45915
1.49966
1.62828
1.61352
1.56208
1.53297
1.59143
1.57759
1.55897
4.29942e-32
0.121274
7.81222e-32
0.122121
0.242498
0.241129
0.359044
0.360619
0.587076
0.58817
0.475998
0.474518
0.696698
0.696265
0.801659
0.801163
0.122121
0.121274
7.81222e-32
4.29942e-32
0.241129
0.360619
0.359044
0.242498
0.902855
0.999476
0.996375
0.901177
1.09117
1.17761
1.17099
1.08642
0.58817
0.587076
0.474518
0.475998
0.801163
0.696698
0.801659
0.696265
1.2585
1.33357
1.24981
1.32261
1.38916
1.44925
1.46526
1.40256
0.902855
0.901177
0.999476
0.996375
1.08642
1.17099
1.17761
1.09117
1.24981
1.32261
1.33357
1.2585
1.50269
1.54932
1.52147
1.57102
1.589
1.64956
1.61375
1.62163
1.67832
1.6471
1.69996
1.66534
1.38916
1.44925
1.40256
1.46526
1.72166
1.6763
1.67996
1.71442
1.50269
1.52147
1.57102
1.54932
1.6763
1.72166
1.71442
1.66534
1.62163
1.61375
1.589
1.64956
1.67832
1.6471
1.69996
4.22337e-32
0.119116
7.65183e-32
0.120272
0.239457
0.237479
0.354541
0.357018
0.46978
0.582695
0.58525
0.472446
0.120272
0.119116
7.65183e-32
4.22337e-32
0.69497
0.69281
0.799673
0.801163
0.902855
1.00196
0.903415
1.00134
0.237479
0.357018
0.354541
0.239457
0.58525
0.582695
0.472446
0.46978
1.0966
1.18643
1.18276
1.09456
1.34283
1.27114
1.35041
1.26561
0.69281
0.69497
0.799673
0.801163
0.903415
1.00134
1.00196
0.902855
1.41416
1.42398
1.47938
1.49161
1.53826
1.55307
1.60817
1.59063
1.0966
1.18643
1.09456
1.18276
1.35041
1.27114
1.26561
1.34283
1.49161
1.41416
1.47938
1.42398
1.63633
1.67522
1.65674
1.69864
1.76194
1.73374
1.73216
1.7072
1.76078
1.78315
1.79733
1.75004
1.53826
1.60817
1.55307
1.59063
1.76078
1.80443
1.76437
1.80443
1.69864
1.67522
1.63633
1.65674
1.75004
1.76194
1.73374
1.78315
1.79733
1.7072
1.73216
4.12541e-32
0.11634
7.45126e-32
0.117805
0.235197
0.351614
0.232609
0.348236
0.462672
0.575393
0.579409
0.466523
0.117805
0.11634
7.45126e-32
4.12541e-32
0.689787
0.685898
0.793711
0.797189
0.232609
0.351614
0.348236
0.235197
0.898379
0.901177
0.999476
1.00134
1.0966
1.18937
1.18864
1.09728
0.466523
0.579409
0.575393
0.462672
0.685898
0.797189
0.689787
0.793711
1.3563
1.27745
1.36051
1.27508
1.43825
1.43201
1.51041
1.50195
0.901177
0.999476
1.00134
0.898379
1.18864
1.18937
1.0966
1.09728
1.56589
1.63703
1.62363
1.57674
1.73873
1.67499
1.69108
1.71981
1.36051
1.27745
1.27508
1.3563
1.43201
1.50195
1.51041
1.43825
1.56589
1.57674
1.62363
1.63703
1.7893
1.75795
1.77983
1.81426
1.84192
1.86274
1.83131
1.81378
1.88361
1.84537
1.87665
1.84185
1.71981
1.69108
1.67499
1.73873
1.88361
1.84185
1.87665
1.83131
1.86274
1.7893
1.84192
1.75795
1.81378
1.77983
1.81426
4.00553e-32
0.112946
7.21047e-32
0.114721
0.114721
0.112946
7.21047e-32
4.00553e-32
0.229717
0.340124
0.344405
0.226519
0.453189
0.565164
0.570644
0.458227
0.681145
0.675526
0.783772
0.789239
0.344405
0.340124
0.229717
0.226519
0.894463
0.889425
0.992033
0.996375
0.570644
0.565164
0.453189
0.458227
1.09117
1.18643
1.18864
1.09456
1.27745
1.36387
1.36303
1.27824
0.675526
0.789239
0.681145
0.783772
0.889425
0.992033
0.894463
0.996375
1.44271
1.44538
1.52169
1.51699
1.58562
1.59251
1.64836
1.65762
1.18643
1.09117
1.09456
1.18864
1.27745
1.27824
1.36303
1.36387
1.70502
1.71681
1.76987
1.75542
1.7994
1.85699
1.81664
1.83682
1.44271
1.51699
1.44538
1.52169
1.58562
1.65762
1.59251
1.64836
1.70502
1.76987
1.75542
1.71681
1.91795
1.89161
1.86759
1.89079
1.95204
1.93838
1.90882
1.91916
1.91916
1.92262
1.95887
1.95887
1.7994
1.83682
1.85699
1.81664
1.95204
1.89161
1.90882
1.93838
1.89079
1.91795
1.86759
3.86367e-32
0.108932
6.92937e-32
0.111016
0.223016
0.219206
0.330203
0.33539
0.111016
0.108932
6.92937e-32
3.86367e-32
0.33539
0.330203
0.223016
0.219206
0.441328
0.552006
0.558952
0.447556
0.669041
0.661689
0.76985
0.777309
0.883267
0.875987
0.979623
0.986449
0.447556
0.441328
0.558952
0.552006
1.08031
1.17761
1.18276
1.08642
0.777309
0.76985
0.669041
0.661689
1.27114
1.36051
1.36303
1.27508
1.44628
1.52544
1.5245
1.44538
0.883267
0.979623
0.875987
0.986449
1.17761
1.18276
1.08031
1.08642
1.60039
1.66997
1.59744
1.66483
1.72645
1.73394
1.79208
1.78209
1.36051
1.27508
1.36303
1.27114
1.44538
1.5245
1.44628
1.52544
1.83158
1.84421
1.89017
1.87477
1.94175
1.96302
1.91153
1.92981
1.66483
1.59744
1.60039
1.66997
1.73394
1.72645
1.79208
1.78209
1.83158
1.89017
1.87477
1.84421
2.00978
1.9897
1.96534
1.98224
1.99579
1.9924
2.02319
2.02991
1.9924
2.02991
1.98224
2.02319
1.91153
1.96534
1.96302
1.92981
1.9897
2.00978
1.94175
3.69981e-32
0.106692
0.104297
6.6079e-32
0.215091
0.210668
0.31847
0.324563
0.427084
0.535913
0.544326
0.434504
0.106692
0.104297
6.6079e-32
3.69981e-32
0.210668
0.324563
0.31847
0.215091
0.544326
0.535913
0.427084
0.434504
0.65347
0.644381
0.751939
0.761393
0.867586
0.858059
0.96224
0.971554
1.07284
1.064
1.1629
1.17099
0.644381
0.761393
0.65347
0.751939
1.2585
1.35041
1.3563
1.26561
0.867586
0.96224
0.971554
0.858059
1.5245
1.44271
1.43825
1.52169
1.67409
1.60138
1.60039
1.67306
1.064
1.07284
1.17099
1.1629
1.26561
1.3563
1.35041
1.2585
1.73929
1.8054
1.79985
1.7425
1.85454
1.91384
1.86258
1.90319
1.5245
1.44271
1.43825
1.52169
1.67409
1.60039
1.67306
1.60138
1.99802
1.98178
1.95903
1.94565
2.03067
2.01148
2.03467
2.05691
1.73929
1.8054
1.79985
1.7425
1.85454
1.91384
1.86258
1.90319
1.98178
1.94565
1.99802
1.95903
2.05128
2.08984
2.06126
2.07665
2.09645
2.09645
2.06459
2.06126
2.05128
2.05691
2.07665
2.08984
2.03067
2.03467
2.01148
3.51391e-32
6.246e-32
0.101746
0.0990397
0.205939
0.200903
0.304922
0.311923
0.410455
0.516878
0.526763
0.419069
0.101746
0.0990397
6.246e-32
3.51391e-32
0.634424
0.623595
0.730031
0.741485
0.200903
0.311923
0.304922
0.205939
0.419069
0.410455
0.526763
0.516878
0.623595
0.741485
0.730031
0.634424
0.847409
0.835633
0.939874
0.95168
1.04225
1.14229
1.15333
1.05381
1.23954
1.33357
1.34283
1.24981
0.847409
0.95168
0.939874
0.835633
1.43201
1.51041
1.51699
1.42398
1.14229
1.15333
1.04225
1.05381
1.59251
1.66997
1.59744
1.67306
1.80984
1.74357
1.7425
1.80873
1.33357
1.23954
1.24981
1.34283
1.51699
1.43201
1.51041
1.42398
1.92212
1.86831
1.87175
1.92803
1.97849
2.01175
1.96998
2.02297
1.59251
1.66997
1.59744
1.67306
1.80984
1.7425
1.74357
1.80873
2.09349
2.07652
2.06135
2.04729
2.11932
2.09933
2.11567
2.13875
1.86831
1.92803
1.92212
1.87175
2.02297
2.01175
1.96998
1.97849
2.04729
2.07652
2.06135
2.09349
2.12877
2.12549
2.15174
2.15824
2.15824
2.12549
2.11567
2.13875
2.15174
2.11932
2.09933
3.30592e-32
0.0931596
5.8436e-32
0.0961775
0.0961775
0.0931596
5.8436e-32
3.30592e-32
0.19556
0.189908
0.289556
0.297466
0.391434
0.494898
0.506257
0.401244
0.611897
0.599325
0.704117
0.717575
0.297466
0.289556
0.19556
0.189908
0.82273
0.808697
0.912514
0.926819
0.506257
0.391434
0.494898
0.401244
0.704117
0.599325
0.717575
0.611897
0.82273
0.926819
0.912514
0.808697
1.02933
1.01504
1.11577
1.12977
1.21423
1.30997
1.32261
1.22768
1.41416
1.50195
1.40256
1.49161
1.11577
1.12977
1.01504
1.02933
1.57674
1.66483
1.58562
1.65762
1.21423
1.22768
1.32261
1.30997
1.8054
1.80873
1.73929
1.73394
1.93157
1.8729
1.93276
1.87175
1.50195
1.41416
1.40256
1.49161
1.66483
1.58562
1.57674
1.65762
1.98821
2.03793
2.0317
1.98457
2.08177
2.10785
2.11958
2.07284
1.73394
1.73929
1.80873
1.8054
1.93276
1.87175
1.8729
1.93157
2.17671
2.15126
2.15909
2.13663
2.17519
2.18486
2.20865
2.19585
1.98457
1.98821
2.0317
2.03793
2.07284
2.08177
2.11958
2.10785
2.15126
2.17671
2.13663
2.15909
2.18809
2.21506
2.21506
2.18486
2.19585
2.20865
2.17519
3.07584e-32
0.0866557
5.40065e-32
0.0899856
3.07584e-32
0.0899856
0.0866557
5.40065e-32
0.18395
0.177683
0.272367
0.281189
0.281189
0.272367
0.18395
0.177683
0.381026
0.370017
0.469965
0.4828
0.585882
0.571563
0.674189
0.689655
0.793536
0.777243
0.880148
0.896957
0.4828
0.469965
0.370017
0.381026
0.999381
0.982352
1.08333
1.10029
0.571563
0.689655
0.674189
0.585882
0.793536
0.896957
0.880148
0.777243
0.982352
0.999381
1.10029
1.08333
1.18257
1.2796
1.29563
1.19919
1.38916
1.46526
1.37397
1.47938
1.64836
1.5659
1.55307
1.63703
1.18257
1.2796
1.29563
1.19919
1.79985
1.71681
1.72645
1.79208
1.37397
1.47938
1.46526
1.38916
1.92803
1.93157
1.86258
1.86831
1.98821
2.04167
2.04292
1.98943
1.64836
1.63703
1.55307
1.5659
1.72645
1.79985
1.71681
1.79208
2.13522
2.08815
2.09197
2.1287
2.17252
2.20377
2.1916
2.16322
1.92803
1.86831
1.86258
1.93157
1.98943
2.04167
1.98821
2.04292
2.21375
2.22961
2.24776
2.22887
2.23915
2.24233
2.26039
2.26671
2.09197
2.08815
2.1287
2.13522
2.20377
2.16322
2.1916
2.17252
2.26671
2.21375
2.26039
2.23915
2.22961
2.24776
2.22887
0.0831696
0.0795274
4.91713e-32
2.82362e-32
2.82362e-32
0.0795274
4.91713e-32
0.0831696
0.171109
0.164225
0.253355
0.263089
0.171109
0.164225
0.263089
0.253355
0.346202
0.442074
0.456389
0.35841
0.456389
0.442074
0.346202
0.35841
0.556371
0.540302
0.640239
0.657717
0.759819
0.74126
0.842764
0.862084
0.963951
0.944175
1.04494
1.06488
0.640239
0.540302
0.657717
0.556371
1.16435
1.14453
1.24244
1.26187
0.74126
0.759819
0.862084
0.842764
1.04494
0.963951
1.06488
0.944175
1.16435
1.26187
1.24244
1.14453
1.44925
1.35698
1.33819
1.43134
1.62364
1.53826
1.60817
1.52147
1.78209
1.69108
1.76987
1.70502
1.44925
1.43134
1.35698
1.33819
1.92212
1.84421
1.91384
1.85454
1.62364
1.52147
1.53826
1.60817
1.97849
2.03793
1.98457
2.04167
2.13912
2.14043
2.09325
2.09197
1.78209
1.76987
1.69108
1.70502
1.84421
1.85454
1.92212
1.91384
2.18314
2.21999
2.21323
2.17916
2.25085
2.26311
2.27565
2.24124
1.98457
2.03793
2.04167
1.97849
2.09197
2.09325
2.13912
2.14043
2.27877
2.29431
2.30678
2.28818
2.28818
2.29132
2.31302
2.31302
2.21323
2.17916
2.21999
2.18314
2.25085
2.27565
2.26311
2.30678
2.29431
2.24124
2.27877
0.0757288
0.0717741
4.39299e-32
2.54925e-32
0.243164
0.232516
0.157034
0.149533
2.54925e-32
0.0717741
4.39299e-32
0.0757288
0.157034
0.149533
0.232516
0.243164
0.319984
0.411222
0.427018
0.333394
0.411222
0.319984
0.333394
0.427018
0.523358
0.505536
0.602257
0.621752
0.505536
0.621752
0.602257
0.523358
0.721566
0.700736
0.800349
0.822186
0.923024
0.900494
1.00059
1.02351
1.10009
1.19846
1.2213
1.12311
0.700736
0.721566
0.822186
0.800349
1.3176
1.29521
1.38984
1.41154
0.900494
1.00059
0.923024
1.02351
1.19846
1.12311
1.2213
1.10009
1.29521
1.41154
1.3176
1.38984
1.48192
1.50269
1.57102
1.59063
1.75542
1.65674
1.73873
1.67499
1.89017
1.81664
1.90319
1.83158
1.59063
1.57102
1.48192
1.50269
1.95903
2.0317
2.02297
1.96998
1.65674
1.67499
1.75542
1.73873
2.13522
2.08177
2.13912
2.08815
2.18447
2.22539
2.22404
2.18314
1.90319
1.89017
1.83158
1.81664
2.0317
1.96998
1.95903
2.02297
2.2854
2.25772
2.26183
2.29236
2.31689
2.30701
2.33534
2.32249
2.13522
2.08815
2.08177
2.13912
2.18447
2.22539
2.22404
2.18314
2.3349
2.34767
2.3318
2.35384
2.3318
2.34767
2.32249
2.35384
2.2854
2.26183
2.29236
2.25772
2.33534
2.31689
2.30701
0.0676629
0.0633956
3.82823e-32
2.25273e-32
0.221411
0.209849
0.141725
0.133607
2.25273e-32
0.0633956
3.82823e-32
0.0676629
0.394684
0.377404
0.291361
0.305974
0.141725
0.133607
0.209849
0.221411
0.291361
0.377404
0.394684
0.305974
0.486838
0.467261
0.560238
0.581753
0.581753
0.560238
0.486838
0.467261
0.67877
0.655665
0.752893
0.777252
0.67877
0.777252
0.752893
0.655665
0.876586
0.851296
0.950272
0.97618
1.07547
1.04924
1.14766
1.17392
1.271
1.24498
1.34072
1.36623
0.950272
0.876586
0.97618
0.851296
1.54932
1.45915
1.52554
1.43438
1.04924
1.14766
1.17392
1.07547
1.24498
1.36623
1.34072
1.271
1.54932
1.43438
1.45915
1.52554
1.69864
1.61375
1.71981
1.63633
1.85699
1.87477
1.77983
1.7994
2.01175
1.92981
1.99802
1.94565
1.61375
1.71981
1.69864
1.63633
2.06135
2.11958
2.1287
2.07284
1.77983
1.85699
1.87477
1.7994
2.17252
2.21999
2.17916
2.22404
2.26321
2.26183
2.29654
2.29793
1.94565
1.92981
2.01175
1.99802
2.1287
2.07284
2.11958
2.06135
2.34533
2.35246
2.32816
2.32394
2.36986
2.36065
2.37073
2.38294
2.17916
2.21999
2.17252
2.22404
2.29793
2.26321
2.26183
2.29654
2.37293
2.36986
2.38906
2.38906
2.34533
2.32816
2.36065
2.38294
2.32394
2.35246
2.37073
0.0589717
0.0543917
3.22286e-32
1.93404e-32
0.19783
0.185354
0.125181
0.116446
1.93404e-32
0.0543917
3.22286e-32
0.0589717
0.359382
0.340617
0.260332
0.276148
0.125181
0.116446
0.185354
0.19783
0.537713
0.514176
0.446806
0.425471
0.260332
0.340617
0.359382
0.276148
0.446806
0.425471
0.514176
0.537713
0.631422
0.606038
0.700385
0.727271
0.631422
0.727271
0.700385
0.606038
0.824624
0.796568
0.893961
0.922866
0.796568
0.824624
0.922866
0.893961
0.991961
1.08999
1.11968
1.02141
1.21715
1.18749
1.28394
1.31329
1.40761
1.49966
1.37884
1.4717
0.991961
1.11968
1.08999
1.02141
1.56208
1.67522
1.64956
1.589
1.18749
1.28394
1.31329
1.21715
1.4717
1.37884
1.49966
1.40761
1.64956
1.56208
1.589
1.67522
1.83682
1.73374
1.81426
1.75795
1.89079
1.98178
1.96302
1.91153
2.03067
2.09349
2.10785
2.04729
1.81426
1.83682
1.73374
1.75795
2.20377
2.15126
2.16322
2.21323
1.98178
1.91153
1.89079
1.96302
2.25085
2.29236
2.25772
2.29654
2.35816
2.32957
2.32816
2.35673
2.10785
2.03067
2.04729
2.09349
2.20377
2.16322
2.21323
2.15126
2.37793
2.39312
2.40038
2.38225
2.41249
2.40224
2.40529
2.41856
2.29654
2.25085
2.29236
2.25772
2.32957
2.35673
2.32816
2.35816
2.38225
2.39312
2.40038
2.40224
2.41856
2.41249
2.37793
0.0496552
0.0447626
2.57687e-32
1.5932e-32
0.17242
0.15903
0.107402
0.0980497
1.5932e-32
0.0447626
2.57687e-32
0.0496552
0.321111
0.300862
0.226896
0.243915
0.107402
0.0980497
0.15903
0.17242
0.489628
0.464067
0.403258
0.380165
0.226896
0.300862
0.321111
0.243915
0.579515
0.672235
0.642819
0.55185
0.403258
0.380165
0.464067
0.489628
0.579515
0.55185
0.642819
0.672235
0.767128
0.736301
0.831647
0.863555
0.767128
0.863555
0.736301
0.831647
0.960903
0.92823
1.02545
1.05858
1.02545
0.92823
0.960903
1.05858
1.15602
1.12272
1.2195
1.25268
1.44163
1.34805
1.31524
1.40946
1.59143
1.62163
1.50167
1.53297
1.12272
1.25268
1.2195
1.15602
1.67832
1.76194
1.7893
1.7072
1.40946
1.31524
1.44163
1.34805
1.59143
1.50167
1.62163
1.53297
1.67832
1.76194
1.7072
1.7893
1.94175
1.91795
1.84192
1.86759
1.9897
2.05691
2.07652
2.01148
2.17671
2.13663
2.1916
2.11932
1.94175
1.91795
1.84192
1.86759
2.24124
2.22887
2.2854
2.27565
2.05691
2.01148
1.9897
2.07652
2.35246
2.31689
2.32394
2.35673
2.40619
2.40473
2.38369
2.38225
2.11932
2.17671
2.13663
2.1916
2.27565
2.2854
2.24124
2.22887
2.42887
2.43623
2.41981
2.4242
2.43189
2.44225
2.44225
2.42887
2.32394
2.35246
2.35673
2.31689
2.40473
2.43623
2.38369
2.40619
2.4242
2.41981
2.38225
0.0397135
0.0345084
1.8903e-32
1.23021e-32
1.23021e-32
0.0345084
1.8903e-32
0.0397135
0.145182
0.130877
0.0883891
0.078419
0.27987
0.258136
0.191052
0.209275
0.0883891
0.078419
0.130877
0.145182
0.331342
0.437495
0.40991
0.356194
0.191052
0.258136
0.27987
0.209275
0.523045
0.612136
0.580188
0.493098
0.356194
0.331342
0.40991
0.437495
0.704088
0.798235
0.763318
0.670486
0.523045
0.493098
0.580188
0.612136
0.704088
0.670486
0.763318
0.798235
0.893942
0.858036
0.954011
0.990592
0.893942
0.990592
0.954011
0.858036
1.0876
1.05064
1.14735
1.18439
1.18439
1.05064
1.14735
1.0876
1.37518
1.28042
1.33879
1.24357
1.4325
1.46819
1.55897
1.52423
1.61352
1.73216
1.69996
1.6471
1.33879
1.24357
1.37518
1.28042
1.78315
1.89162
1.86274
1.81378
1.4325
1.52423
1.46819
1.55897
1.69996
1.61352
1.73216
1.6471
1.89162
1.78315
1.86274
1.81378
2.03467
1.93838
2.00978
1.96534
2.13875
2.07665
2.15909
2.09933
2.21375
2.19585
2.24776
2.26311
1.93838
2.00978
2.03467
1.96534
2.29431
2.34533
2.30701
2.33534
2.07665
2.15909
2.09933
2.13875
2.37073
2.40038
2.37793
2.40473
2.44212
2.4242
2.42566
2.44064
2.21375
2.26311
2.24776
2.19585
2.30701
2.33534
2.29431
2.34533
2.46008
2.45266
2.44965
2.45409
2.45409
2.44064
2.44965
2.46008
2.40038
2.37793
2.37073
2.40473
2.42566
2.44212
2.4242
8.45076e-33
0.0236297
1.16316e-32
0.029147
0.029147
0.0236297
1.16316e-32
8.45076e-33
0.116115
0.100897
0.0681414
0.0575545
0.0681414
0.0575545
0.100897
0.116115
0.235659
0.21244
0.152802
0.172228
0.381312
0.351703
0.305612
0.279002
0.152802
0.21244
0.172228
0.235659
0.462009
0.546973
0.51249
0.429779
0.305612
0.279002
0.351703
0.381312
0.635497
0.726897
0.599119
0.68897
0.462009
0.429779
0.51249
0.546973
0.820512
0.915703
0.875667
0.781369
0.635497
0.599119
0.68897
0.726897
0.820512
0.781369
0.875667
0.915703
1.01186
0.971236
1.06747
1.10838
1.01186
1.10838
0.971236
1.06747
1.1638
1.25966
1.2047
1.30029
1.1638
1.30029
1.25966
1.2047
1.4479
1.48721
1.35453
1.39462
1.5393
1.66534
1.57759
1.62828
1.71442
1.79733
1.83131
1.75004
1.4479
1.35453
1.48721
1.39462
1.87665
1.98224
1.95204
1.90882
1.62828
1.5393
1.57759
1.66534
1.83131
1.71442
1.79733
1.75004
1.95204
1.87665
1.98224
1.90882
2.08984
2.11567
2.0232
2.05128
2.20865
2.15174
2.22961
2.17519
2.27877
2.30678
2.32249
2.26039
2.0232
2.11567
2.05128
2.08984
2.36065
2.38294
2.34767
2.39312
2.17519
2.20865
2.22961
2.15174
2.41981
2.44064
2.41249
2.43623
2.46602
2.45409
2.46454
2.45557
2.26039
2.27877
2.32249
2.30678
2.36065
2.39312
2.38294
2.34767
2.46454
2.46753
2.472
2.472
2.43623
2.46602
2.45557
2.44064
2.41981
2.41249
2.45409
0.0179561
0.0121266
3.95487e-33
4.37821e-33
4.37821e-33
0.0121266
3.95487e-33
0.0179561
0.0466602
0.0354568
0.0690895
0.0852212
0.0852212
0.0690895
0.0466602
0.0354568
0.188479
0.163777
0.112148
0.132776
0.112148
0.132776
0.163777
0.188479
0.321081
0.289447
0.251514
0.223146
0.396408
0.476741
0.439725
0.361895
0.251514
0.223146
0.289447
0.321081
0.561354
0.649536
0.608596
0.522199
0.396408
0.361895
0.439725
0.476741
0.740607
0.833901
0.790406
0.698223
0.561354
0.522199
0.608596
0.649536
0.928783
1.02464
0.97986
0.884494
0.740607
0.698223
0.790406
0.833901
1.02464
0.928783
0.884494
0.97986
1.0759
1.17204
1.21691
1.12087
1.12087
1.21691
1.0759
1.17204
1.4063
1.26772
1.31223
1.36241
1.4063
1.26772
1.36241
1.31223
1.45561
1.54685
1.58879
1.49864
1.63567
1.72166
1.76078
1.6763
1.88361
1.91916
1.80443
1.84185
1.54685
1.45561
1.58879
1.49864
1.95887
2.06126
2.02991
1.9924
1.76078
1.72166
1.63567
1.6763
1.80443
1.91916
1.84185
1.88361
1.95887
2.06126
2.02991
1.9924
2.12549
2.09645
2.15824
2.18486
2.23915
2.21506
2.28818
2.26671
2.36986
2.31302
2.3318
2.35384
2.15824
2.18486
2.09645
2.12549
2.42887
2.41856
2.40224
2.38906
2.21506
2.26671
2.23915
2.28818
2.44225
2.44965
2.46454
2.46008
2.47647
2.47349
2.472
2.47796
2.35384
2.31302
2.3318
2.36986
2.38906
2.40224
2.42887
2.41856
2.472
2.46454
2.47349
2.47796
2.44225
2.46008
2.44965
1.02641e-34
0.00614109
0.00614109
1.02641e-34
0.0525011
0.0239463
0.0239463
0.0525011
0.138333
0.0909193
0.0909193
0.138333
0.193901
0.256802
0.193901
0.256802
0.326242
0.401443
0.481656
0.56615
0.326242
0.401443
0.65422
0.745179
0.56615
0.481656
0.838369
0.933146
0.745179
0.65422
1.0289
1.12504
0.838369
0.933146
1.0289
1.12504
1.22099
1.31621
1.22099
1.31621
1.4102
1.50246
1.50246
1.4102
1.59252
1.67996
1.76437
1.84537
1.99579
1.92262
1.67996
1.59252
2.12877
2.06459
1.84537
1.76437
1.92262
1.99579
2.12877
2.06459
2.18809
2.24233
2.3349
2.29132
2.40529
2.37293
2.18809
2.24233
2.45266
2.43189
2.3349
2.29132
2.47647
2.46753
2.47945
2.47647
2.37293
2.40529
2.43189
2.46753
2.45266
1.0759
1.45561
1.36241
0.0121266
1.17204
1.26772
1.17204
1.26772
1.0759
0.163777
0.223146
0.97986
1.36241
0.361895
0.884494
0.790406
1.45561
0.698223
0.608596
1.54685
0.522199
0.439725
1.63567
0.289447
1.72166
1.80443
0.112148
0.0690895
1.88361
0.0354568
1.95887
2.02991
0.0121266
1.54685
1.63567
2.09645
2.15824
1.80443
2.21506
0.0354568
2.26671
2.31302
0.0690895
2.35384
2.38906
0.112148
2.41856
2.44225
0.163777
2.31302
2.46008
2.35384
2.472
0.223146
2.47796
2.47796
0.289447
2.472
2.46008
0.361895
2.44225
2.41856
0.439725
2.38906
0.522199
2.26671
0.608596
2.21506
2.15824
0.698223
2.09645
2.02991
0.790406
1.95887
1.88361
0.884494
1.72166
0.97986
3.95487e-33
3.95487e-33
4.37821e-33
0.0179561
0.0179561
4.37821e-33
0.0852212
0.0466602
0.0466602
0.0852212
0.132776
0.188479
0.132776
0.188479
0.321081
0.251514
0.251514
0.321081
0.476741
0.396408
0.649536
0.561354
0.396408
0.476741
0.740607
0.833901
0.649536
0.561354
1.02464
0.928783
0.740607
0.833901
1.12087
1.21691
0.928783
1.02464
1.12087
1.21691
1.4063
1.31223
1.4063
1.31223
1.49864
1.58879
1.58879
1.49864
1.76078
1.6763
1.91916
1.84185
1.9924
2.06126
1.6763
1.76078
2.18486
2.12549
1.91916
1.84185
2.06126
1.9924
2.12549
2.18486
2.23915
2.28818
2.36986
2.3318
2.40224
2.42887
2.28818
2.23915
2.46454
2.44965
2.36986
2.3318
2.47647
2.47349
2.47349
2.46454
2.42887
2.40224
2.44965
1.35453
1.25966
1.25966
1.1638
1.35453
1.06747
0.100897
0.971236
0.875667
1.4479
0.781369
1.5393
0.68897
0.599119
0.51249
1.62828
0.429779
1.71442
0.351703
0.279002
0.21244
1.79733
0.152802
1.87665
0.0575545
0.0236297
1.95204
2.0232
0.0236297
2.08984
1.4479
2.15174
2.20865
1.62828
0.0575545
2.26039
2.30678
1.87665
2.34767
0.100897
2.38294
0.152802
2.41249
2.43623
2.45409
2.20865
0.21244
2.46602
0.279002
2.34767
2.472
2.472
2.46602
0.351703
2.45409
0.429779
2.43623
2.41249
2.38294
0.51249
0.599119
2.30678
2.26039
0.68897
2.15174
0.781369
2.08984
2.0232
1.95204
0.875667
0.971236
1.79733
1.71442
1.06747
1.5393
1.1638
1.16316e-32
1.16316e-32
8.45076e-33
0.029147
0.029147
8.45076e-33
0.116115
0.0681414
0.0681414
0.116115
0.172228
0.235659
0.235659
0.172228
0.381312
0.305612
0.305612
0.381312
0.546973
0.462009
0.635497
0.726897
0.462009
0.546973
0.820512
0.915703
0.726897
0.635497
1.01186
1.10838
0.915703
0.820512
1.30029
1.2047
1.01186
1.10838
1.30029
1.2047
1.39462
1.48721
1.48721
1.39462
1.66534
1.57759
1.57759
1.66534
1.83131
1.75004
1.98224
1.90882
2.05128
2.11567
1.83131
1.75004
2.17519
2.22961
1.90882
1.98224
2.11567
2.05128
2.17519
2.22961
2.27877
2.32249
2.36065
2.39312
2.41981
2.44064
2.32249
2.27877
2.46454
2.45557
2.36065
2.39312
2.46753
2.46454
2.45557
2.41981
2.44064
1.33879
1.14735
1.4325
0.0345084
1.05064
0.954011
0.858036
1.52423
0.763318
0.258136
0.331342
1.61352
0.670486
0.580188
0.493098
1.69996
0.40991
1.78315
0.191052
1.86274
0.130877
1.93838
0.078419
2.00978
2.07665
0.0345084
2.13875
1.33879
2.19585
0.078419
2.24776
2.29431
2.33534
1.69996
1.78315
0.130877
2.37073
0.191052
2.40038
2.4242
2.44212
0.258136
2.13875
2.45409
0.331342
2.24776
2.29431
2.46008
2.46008
2.45409
0.40991
2.44212
0.493098
2.4242
2.40038
2.37073
0.580188
2.33534
0.670486
2.19585
0.763318
0.858036
2.07665
2.00978
1.93838
0.954011
1.86274
1.05064
1.61352
1.14735
1.52423
1.24357
1.4325
1.24357
1.8903e-32
1.8903e-32
1.23021e-32
0.0397135
0.0397135
1.23021e-32
0.0883891
0.145182
0.0883891
0.145182
0.209275
0.27987
0.27987
0.209275
0.437495
0.356194
0.356194
0.437495
0.523045
0.612136
0.704088
0.798235
0.523045
0.612136
0.893942
0.990592
0.798235
0.704088
1.18439
1.0876
0.893942
0.990592
1.37518
1.28042
1.0876
1.18439
1.37518
1.28042
1.55897
1.46819
1.55897
1.46819
1.6471
1.73216
1.73216
1.6471
1.89162
1.81378
2.03467
1.96534
2.09933
2.15909
1.81378
1.89162
2.21375
2.26311
1.96534
2.03467
2.15909
2.09933
2.21375
2.26311
2.34533
2.30701
2.37793
2.40473
2.42566
2.44064
2.30701
2.34533
2.45266
2.44965
2.40473
2.37793
2.44965
2.44064
2.42566
1.50167
0.92823
0.831647
1.59143
0.736301
0.642819
1.67832
0.55185
0.464067
1.76194
0.380165
0.300862
1.84192
0.226896
0.15903
1.91795
0.0980497
0.0447626
1.9897
2.05691
0.0447626
1.02545
1.12272
2.11932
2.17671
1.31524
2.22887
0.0980497
2.27565
2.31689
0.15903
2.35246
2.38225
0.226896
2.40619
2.4242
0.300862
1.9897
2.43623
2.05691
2.44225
0.380165
2.44225
2.43623
0.464067
2.27565
2.31689
2.4242
2.40619
0.55185
2.38225
2.35246
0.642819
0.736301
2.22887
2.17671
0.831647
2.11932
0.92823
1.91795
1.02545
1.84192
1.76194
1.12272
1.67832
1.59143
1.2195
1.50167
1.40946
1.31524
1.2195
1.40946
2.57687e-32
2.57687e-32
1.5932e-32
0.0496552
0.0496552
1.5932e-32
0.17242
0.107402
0.107402
0.17242
0.321111
0.243915
0.243915
0.321111
0.489628
0.403258
0.403258
0.489628
0.672235
0.579515
0.767128
0.863555
0.672235
0.579515
1.05858
0.960903
0.767128
0.863555
1.25268
1.15602
1.05858
0.960903
1.44163
1.34805
1.25268
1.15602
1.34805
1.44163
1.62163
1.53297
1.53297
1.62163
1.7893
1.7072
1.7072
1.7893
1.94175
1.86759
2.07652
2.01148
2.13663
2.1916
1.86759
1.94175
2.2854
2.24124
2.01148
2.07652
2.1916
2.13663
2.2854
2.24124
2.32394
2.35673
2.38369
2.40473
2.41981
2.42887
2.35673
2.32394
2.42887
2.43189
2.38369
2.41981
2.40473
0.796568
0.700385
1.64956
0.606038
1.73374
0.514176
0.425471
0.340617
1.81426
0.260332
1.89079
0.185354
0.116446
0.0543917
1.96302
2.03067
0.0543917
2.09349
0.893961
2.15126
2.20377
1.08999
0.116446
2.25085
2.29236
1.37884
2.32816
0.185354
2.35816
0.260332
2.38225
2.40038
2.41249
1.81426
0.340617
2.41856
0.425471
2.03067
2.41856
2.41249
2.40038
0.514176
2.20377
2.38225
0.606038
2.35816
2.32816
2.29236
0.700385
2.25085
0.796568
2.15126
2.09349
0.893961
0.991961
1.96302
1.89079
1.08999
1.73374
1.18749
1.64956
1.56208
1.4717
1.28394
1.37884
1.28394
1.18749
1.4717
0.991961
1.56208
3.22286e-32
3.22286e-32
1.93404e-32
0.0589717
0.0589717
1.93404e-32
0.19783
0.125181
0.125181
0.19783
0.359382
0.276148
0.359382
0.276148
0.446806
0.537713
0.446806
0.537713
0.631422
0.727271
0.824624
0.922866
0.631422
0.727271
1.11968
1.02141
0.922866
0.824624
1.31329
1.21715
1.11968
1.02141
1.49966
1.40761
1.31329
1.21715
1.40761
1.49966
1.67522
1.589
1.67522
1.589
1.83682
1.75795
1.83682
1.75795
1.98178
1.91153
2.04729
2.10785
2.21323
2.16322
1.91153
1.98178
2.25772
2.29654
2.10785
2.04729
2.16322
2.21323
2.29654
2.25772
2.35673
2.32957
2.39312
2.37793
2.40224
2.40529
2.32957
2.35673
2.39312
2.40224
2.37793
1.69864
0.560238
1.77983
0.467261
0.377404
0.291361
1.85699
0.209849
1.92981
0.133607
0.0633956
1.99802
2.06135
0.0633956
2.11958
0.752893
2.17252
0.133607
2.21999
2.26183
2.29793
1.14766
1.24498
0.209849
2.32816
0.291361
2.35246
2.37073
2.38294
0.377404
1.69864
2.38906
0.467261
1.85699
1.92981
2.38906
2.38294
2.37073
0.560238
2.11958
2.35246
0.655665
2.32816
2.29793
2.26183
0.752893
2.21999
0.851296
2.17252
2.06135
0.950272
1.99802
1.04924
1.77983
1.14766
1.24498
1.61375
1.52554
1.43438
1.34072
1.34072
1.43438
1.04924
1.52554
0.950272
1.61375
0.851296
0.655665
3.82823e-32
3.82823e-32
2.25273e-32
0.0676629
0.0676629
2.25273e-32
0.141725
0.221411
0.141725
0.221411
0.394684
0.305974
0.305974
0.394684
0.486838
0.581753
0.486838
0.581753
0.777252
0.67877
0.97618
0.876586
0.67877
0.777252
1.07547
1.17392
0.876586
0.97618
1.271
1.36623
1.07547
1.17392
1.45915
1.54932
1.36623
1.271
1.45915
1.54932
1.71981
1.63633
1.71981
1.63633
1.87477
1.7994
1.7994
1.87477
2.01175
1.94565
2.1287
2.07284
2.17916
2.22404
1.94565
2.01175
2.29654
2.26321
2.1287
2.07284
2.17916
2.22404
2.29654
2.26321
2.34533
2.32394
2.36986
2.36065
2.37293
2.36986
2.32394
2.36065
2.34533
1.81664
0.319984
0.232516
1.89017
0.149533
0.0717741
1.95903
2.02297
0.0717741
0.411222
0.505536
2.08177
2.13522
0.700736
2.18314
0.149533
2.22539
2.26183
0.232516
2.29236
2.31689
0.319984
2.33534
2.34767
0.411222
1.48192
2.35384
1.57102
2.35384
0.505536
2.34767
2.33534
0.602257
1.89017
1.95903
2.31689
2.29236
0.700736
2.26183
2.22539
0.800349
2.18314
2.13522
0.900494
2.08177
2.02297
1.00059
1.10009
1.81664
1.73873
1.19846
1.65674
1.29521
1.38984
1.38984
1.29521
1.19846
1.48192
1.10009
1.00059
1.57102
0.900494
0.800349
1.65674
0.602257
1.73873
4.39299e-32
4.39299e-32
2.54925e-32
0.0757288
0.0757288
2.54925e-32
0.243164
0.157034
0.157034
0.243164
0.333394
0.427018
0.427018
0.333394
0.621752
0.523358
0.523358
0.621752
0.721566
0.822186
0.923024
1.02351
0.721566
0.822186
1.2213
1.12311
1.02351
0.923024
1.3176
1.41154
1.12311
1.2213
1.50269
1.59063
1.3176
1.41154
1.59063
1.50269
1.75542
1.67499
1.67499
1.75542
1.83158
1.90319
1.90319
1.83158
2.0317
1.96998
2.13912
2.08815
2.22404
2.18447
2.0317
1.96998
2.25772
2.2854
2.13912
2.08815
2.18447
2.22404
2.2854
2.25772
2.30701
2.32249
2.3349
2.3318
2.3318
2.32249
2.30701
0.164225
0.0795274
1.91384
1.97849
0.0795274
2.03793
0.253355
2.09197
2.14043
0.442074
0.164225
2.18314
2.21999
0.74126
2.25085
0.253355
2.27565
0.346202
2.29431
2.30678
2.31302
1.24244
0.442074
2.31302
0.540302
1.52147
2.30678
2.29431
2.27565
0.640239
1.76987
2.25085
0.74126
2.21999
2.18314
2.14043
0.842764
2.09197
0.944175
2.03793
1.97849
1.91384
1.04494
1.84421
1.14453
1.69108
1.60817
1.24244
1.33819
1.43134
1.33819
1.43134
1.14453
1.52147
1.04494
0.944175
0.842764
1.60817
1.69108
0.640239
0.540302
1.76987
0.346202
1.84421
4.91713e-32
4.91713e-32
2.82362e-32
0.0831696
0.0831696
2.82362e-32
0.171109
0.263089
0.171109
0.263089
0.456389
0.35841
0.456389
0.35841
0.657717
0.556371
0.556371
0.657717
0.759819
0.862084
1.06488
0.963951
0.759819
0.862084
1.26187
1.16435
0.963951
1.06488
1.35698
1.44925
1.16435
1.26187
1.53826
1.62364
1.35698
1.44925
1.53826
1.62364
1.78209
1.70502
1.78209
1.70502
1.92212
1.85454
1.92212
1.85454
1.98457
2.04167
2.13912
2.09325
2.21323
2.17916
2.04167
1.98457
2.24124
2.26311
2.13912
2.09325
2.17916
2.21323
2.26311
2.24124
2.28818
2.27877
2.28818
2.29132
2.27877
1.92803
1.98821
0.0866557
0.0866557
2.04292
2.09197
0.177683
2.13522
2.17252
0.469965
0.571563
2.20377
0.272367
2.22887
0.370017
2.24776
2.26039
2.26671
1.08333
0.469965
2.26671
1.2796
1.37397
0.571563
2.26039
2.24776
2.22887
1.63703
0.674189
2.20377
0.777243
2.17252
2.13522
1.92803
2.09197
0.880148
2.04292
0.982352
1.98821
1.86258
1.08333
1.79208
1.18257
1.71681
1.55307
1.2796
1.46526
1.37397
1.18257
1.46526
1.55307
0.982352
0.880148
0.777243
1.63703
0.674189
1.71681
0.370017
1.79208
0.272367
1.86258
0.177683
5.40065e-32
5.40065e-32
3.07584e-32
0.0899856
3.07584e-32
0.0899856
0.281189
0.18395
0.18395
0.281189
0.4828
0.381026
0.4828
0.381026
0.585882
0.689655
0.585882
0.689655
0.896957
0.793536
1.10029
0.999381
0.793536
0.896957
1.29563
1.19919
1.10029
0.999381
1.47938
1.38916
1.19919
1.29563
1.64836
1.5659
1.38916
1.47938
1.64836
1.5659
1.72645
1.79985
1.72645
1.79985
1.93157
1.86831
1.93157
1.86831
1.98943
2.04167
2.1287
2.08815
2.16322
2.1916
1.98943
2.04167
2.22961
2.21375
2.08815
2.1287
2.16322
2.1916
2.22961
2.21375
2.24233
2.23915
2.23915
0.0931596
1.98821
2.03793
2.08177
0.189908
2.11958
2.15126
0.289556
2.17671
2.19585
0.391434
2.20865
2.21506
0.808697
0.494898
0.912514
2.21506
2.20865
0.599325
2.19585
2.17671
1.30997
1.40256
0.704117
2.15126
2.11958
0.808697
2.08177
2.03793
0.912514
1.98821
1.93276
1.01504
1.87175
1.8054
1.11577
1.73394
1.65762
1.21423
1.57674
1.49161
1.30997
1.40256
1.21423
1.11577
1.49161
1.01504
1.57674
0.704117
1.65762
0.599325
0.494898
1.73394
0.391434
0.289556
1.8054
0.189908
0.0931596
1.87175
1.93276
5.8436e-32
5.8436e-32
3.30592e-32
0.0961775
0.0961775
3.30592e-32
0.19556
0.297466
0.19556
0.297466
0.401244
0.506257
0.506257
0.401244
0.717575
0.611897
0.717575
0.611897
0.926819
0.82273
1.12977
1.02933
0.82273
0.926819
1.32261
1.22768
1.12977
1.02933
1.41416
1.50195
1.32261
1.22768
1.58562
1.66483
1.41416
1.50195
1.58562
1.66483
1.73929
1.80873
1.73929
1.80873
1.93157
1.8729
1.93157
1.8729
2.0317
1.98457
2.07284
2.10785
2.15909
2.13663
1.98457
2.0317
2.17519
2.18486
2.07284
2.10785
2.13663
2.15909
2.17519
2.18809
2.18486
2.02297
0.200903
2.06135
2.09349
2.11932
0.304922
2.13875
0.410455
2.15174
0.516878
2.15824
2.15824
0.516878
0.835633
2.15174
0.623595
2.13875
2.11932
1.14229
2.09349
0.730031
2.06135
0.835633
2.02297
1.97849
1.59251
1.92803
0.939874
1.87175
1.04225
1.80984
1.7425
1.66997
1.14229
1.23954
1.51041
1.42398
1.33357
1.33357
1.23954
1.42398
1.04225
0.939874
1.51041
1.59251
0.730031
0.623595
1.66997
0.410455
1.7425
0.304922
0.200903
0.0990397
1.80984
1.87175
0.0990397
1.92803
1.97849
6.246e-32
6.246e-32
3.51391e-32
0.101746
0.101746
3.51391e-32
0.311923
0.205939
0.205939
0.311923
0.526763
0.419069
0.419069
0.526763
0.634424
0.741485
0.634424
0.741485
0.847409
0.95168
1.15333
1.05381
0.847409
0.95168
1.34283
1.24981
1.15333
1.05381
1.51699
1.43201
1.24981
1.34283
1.67306
1.59744
1.51699
1.43201
1.67306
1.59744
1.74357
1.80873
1.74357
1.80873
1.86831
1.92212
1.86831
1.92212
1.96998
2.01175
2.04729
2.07652
2.11567
2.09933
1.96998
2.01175
2.12877
2.12549
2.07652
2.04729
2.11567
2.09933
2.12549
0.210668
1.99802
2.03067
2.05691
0.31847
2.07665
0.31847
0.427084
2.08984
0.535913
0.644381
2.09645
2.09645
0.535913
2.08984
0.96224
0.644381
2.07665
2.05691
2.03067
0.751939
1.35041
1.43825
1.99802
0.858059
1.95903
1.91384
1.86258
0.96224
1.8054
1.064
1.7425
1.67409
1.60039
1.1629
1.52169
1.2585
1.2585
1.35041
1.1629
1.43825
1.064
0.858059
1.52169
0.751939
1.60039
0.427084
1.67409
1.7425
0.210668
0.104297
1.8054
1.86258
0.104297
1.91384
1.95903
6.6079e-32
6.6079e-32
3.69981e-32
0.106692
0.106692
3.69981e-32
0.324563
0.215091
0.215091
0.324563
0.544326
0.434504
0.544326
0.434504
0.761393
0.65347
0.65347
0.761393
0.867586
0.971554
1.07284
1.17099
0.867586
0.971554
1.3563
1.26561
1.07284
1.17099
1.44271
1.5245
1.26561
1.3563
1.60138
1.67306
1.5245
1.44271
1.67306
1.60138
1.73929
1.79985
1.79985
1.73929
1.85454
1.90319
1.90319
1.85454
1.94565
1.98178
2.01148
2.03467
2.05128
2.06126
1.94565
1.98178
2.06126
2.06459
2.03467
2.01148
2.05128
1.9897
0.330203
2.00978
0.108932
2.02319
0.441328
2.02991
2.02991
0.552006
0.552006
0.661689
2.02319
2.00978
0.661689
1.9897
1.96302
0.76985
1.92981
1.89017
0.875987
1.84421
1.36051
1.79208
0.979623
1.73394
1.66997
1.08031
1.60039
1.52544
1.17761
1.44538
1.27114
1.27114
1.17761
1.36051
1.08031
0.979623
1.44538
0.875987
0.76985
1.52544
1.60039
0.441328
0.330203
1.66997
0.219206
1.73394
1.79208
0.108932
1.96302
1.84421
1.89017
1.92981
0.219206
6.92937e-32
6.92937e-32
3.86367e-32
0.111016
0.111016
3.86367e-32
0.223016
0.33539
0.223016
0.33539
0.558952
0.447556
0.447556
0.558952
0.777309
0.669041
0.669041
0.777309
0.986449
0.883267
1.18276
1.08642
0.883267
0.986449
1.27508
1.36303
1.18276
1.08642
1.44628
1.5245
1.36303
1.27508
1.59744
1.66483
1.5245
1.44628
1.59744
1.66483
1.78209
1.72645
1.78209
1.72645
1.83158
1.87477
1.87477
1.83158
1.94175
1.91153
1.98224
1.96534
1.99579
1.9924
1.94175
1.91153
1.9924
1.96534
1.98224
0.340124
1.95204
0.453189
1.95887
1.95887
1.95204
0.340124
0.565164
1.93838
0.675526
1.91795
1.89079
1.85699
0.889425
0.783772
1.81664
0.889425
1.76987
1.18643
1.71681
1.65762
1.36387
0.992033
1.59251
1.09117
1.52169
1.44538
1.18643
1.27745
1.27745
1.09117
0.992033
1.36387
1.44538
0.783772
0.675526
0.565164
1.52169
0.453189
1.59251
0.226519
0.112946
1.65762
1.71681
0.112946
1.93838
1.76987
1.81664
1.85699
0.226519
1.89079
1.91795
7.21047e-32
7.21047e-32
4.00553e-32
0.114721
0.114721
4.00553e-32
0.344405
0.229717
0.229717
0.344405
0.570644
0.458227
0.570644
0.458227
0.789239
0.681145
0.681145
0.789239
0.996375
0.894463
1.18864
1.09456
0.894463
0.996375
1.36303
1.27824
1.09456
1.18864
1.51699
1.44271
1.36303
1.27824
1.64836
1.58562
1.44271
1.51699
1.58562
1.64836
1.70502
1.75542
1.70502
1.75542
1.7994
1.83682
1.7994
1.83682
1.86759
1.89161
1.90882
1.91916
1.92262
1.91916
1.89161
1.86759
1.90882
0.462672
1.88361
1.88361
0.11634
1.87665
0.575393
1.86274
0.685898
1.84192
0.575393
0.685898
1.81426
1.77983
0.793711
1.73873
0.898379
1.69108
1.63703
1.18937
1.57674
0.999476
1.51041
1.0966
1.43825
1.36051
1.27745
1.18937
1.27745
1.0966
0.999476
0.898379
1.36051
0.793711
1.43825
0.462672
1.51041
0.348236
1.57674
0.232609
1.63703
1.69108
0.11634
1.87665
1.73873
1.77983
0.232609
1.81426
1.84192
1.86274
0.348236
7.45126e-32
7.45126e-32
4.12541e-32
0.117805
0.117805
4.12541e-32
0.235197
0.351614
0.235197
0.351614
0.579409
0.466523
0.579409
0.466523
0.797189
0.689787
0.689787
0.797189
0.901177
1.00134
1.18864
1.09728
1.00134
0.901177
1.27508
1.3563
1.09728
1.18864
1.50195
1.43201
1.3563
1.27508
1.62363
1.56589
1.50195
1.43201
1.56589
1.62363
1.67499
1.71981
1.67499
1.71981
1.7893
1.75795
1.7893
1.75795
1.81378
1.83131
1.84185
1.84537
1.84185
1.81378
1.83131
1.79733
0.582695
1.78315
1.76194
0.69281
1.73374
1.69864
0.799673
1.65674
0.582695
1.60817
0.902855
1.55307
0.902855
1.49161
1.00196
1.00196
1.42398
1.35041
1.0966
1.27114
1.18643
1.18643
1.0966
1.27114
0.799673
1.35041
0.69281
1.42398
0.46978
0.354541
1.49161
0.237479
0.119116
1.55307
1.60817
0.119116
1.80443
1.65674
1.80443
1.69864
1.73374
0.237479
1.76194
1.78315
0.354541
1.79733
0.46978
7.65183e-32
7.65183e-32
4.22337e-32
0.120272
0.120272
4.22337e-32
0.357018
0.239457
0.357018
0.239457
0.472446
0.58525
0.58525
0.472446
0.801163
0.69497
0.69497
0.801163
0.903415
1.00134
1.09456
1.18276
1.00134
0.903415
1.34283
1.26561
1.18276
1.09456
1.41416
1.47938
1.34283
1.26561
1.59063
1.53826
1.47938
1.41416
1.53826
1.59063
1.63633
1.67522
1.67522
1.63633
1.7072
1.73216
1.73216
1.7072
1.75004
1.76078
1.76437
1.76078
1.75004
0.587076
1.67832
0.696265
1.64956
1.61375
1.57102
0.359044
0.801659
1.52147
0.587076
0.902855
1.46526
1.40256
1.33357
0.999476
1.2585
1.09117
1.17761
1.09117
0.999476
1.17761
0.902855
1.2585
0.801659
0.696265
1.33357
0.474518
1.40256
0.241129
0.121274
1.46526
1.52147
0.121274
1.69996
1.57102
1.61375
1.64956
1.72166
0.241129
1.67832
1.69996
1.71442
0.359044
0.474518
1.72166
1.71442
7.81222e-32
7.81222e-32
4.29942e-32
0.122121
0.122121
4.29942e-32
0.360619
0.242498
0.242498
0.360619
0.58817
0.475998
0.475998
0.58817
0.801163
0.696698
0.696698
0.801163
0.996375
0.901177
1.17099
1.08642
0.996375
0.901177
1.32261
1.24981
1.17099
1.08642
1.44925
1.38916
1.32261
1.24981
1.50269
1.54932
1.38916
1.44925
1.50269
1.54932
1.62163
1.589
1.62163
1.589
1.6471
1.66534
1.66534
1.6471
1.6763
1.67996
1.6763
0.696265
1.56208
1.52554
1.48192
0.799673
1.43134
0.361744
0.898379
1.37397
0.588535
1.30997
1.23954
0.992033
1.1629
1.08031
1.08031
0.992033
0.898379
1.1629
0.799673
1.23954
0.696265
0.476886
1.30997
1.37397
0.243562
0.122814
1.43134
1.48192
0.122814
1.59143
1.52554
1.56208
1.62828
1.63567
0.243562
1.59143
1.61352
1.62828
0.361744
1.63567
0.476886
1.61352
0.588535
7.93251e-32
7.93251e-32
4.35359e-32
0.123353
0.123353
4.35359e-32
0.362419
0.244322
0.244322
0.362419
0.58817
0.477182
0.58817
0.477182
0.797189
0.69497
0.69497
0.797189
0.894463
0.986449
1.07284
1.15333
0.894463
0.986449
1.22768
1.29563
1.15333
1.07284
1.35698
1.41154
1.29563
1.22768
1.49966
1.45915
1.41154
1.35698
1.45915
1.49966
1.55897
1.53297
1.53297
1.55897
1.58879
1.57759
1.57759
1.58879
1.59252
1.38984
0.793711
1.33819
0.123738
1.2796
0.889425
1.21423
1.14229
0.979623
0.587076
0.69281
1.064
0.979623
1.064
0.889425
0.793711
1.14229
1.21423
0.476886
0.362644
1.2796
0.244778
1.33819
1.38984
0.123738
1.43438
1.43438
1.4717
1.4717
1.50167
0.244778
1.52423
1.5393
0.362644
1.54685
1.54685
0.476886
1.5393
1.52423
0.587076
1.50167
0.69281
8.01274e-32
8.01274e-32
4.38592e-32
0.123969
0.123969
4.38592e-32
0.24493
0.362419
0.24493
0.362419
0.58525
0.475998
0.475998
0.58525
0.789239
0.689787
0.689787
0.789239
0.883267
0.971554
1.12977
1.05381
0.971554
0.883267
1.26187
1.19919
1.12977
1.05381
1.36623
1.3176
1.26187
1.19919
1.44163
1.40761
1.36623
1.3176
1.40761
1.44163
1.48721
1.46819
1.48721
1.46819
1.49864
1.49864
1.50246
0.783772
1.18257
0.875987
1.11577
1.04225
0.96224
0.361744
0.96224
0.875987
1.04225
0.783772
0.685898
0.582695
1.11577
0.474518
1.18257
0.244778
0.124046
1.24244
1.29521
0.124046
1.24244
1.34072
1.37884
1.40946
1.37884
0.244778
1.4325
1.4479
1.45561
0.361744
1.45561
0.474518
1.4479
1.4325
1.40946
0.582695
0.685898
1.34072
1.29521
8.05293e-32
8.05293e-32
4.39641e-32
0.123969
0.123969
4.39641e-32
0.360619
0.244322
0.244322
0.360619
0.579409
0.472446
0.472446
0.579409
0.681145
0.777309
0.777309
0.681145
0.867586
0.95168
1.02933
1.10029
0.867586
0.95168
1.16435
1.2213
1.02933
1.10029
1.31329
1.271
1.16435
1.2213
1.34805
1.37518
1.31329
1.271
1.34805
1.37518
1.4063
1.39462
1.4063
1.39462
1.4102
0.858059
1.01504
0.939874
0.123738
0.858059
0.939874
0.76985
1.01504
0.675526
0.575393
0.46978
1.08333
0.359044
1.14453
0.243562
1.19846
1.24498
0.123738
1.08333
1.28394
1.31524
1.19846
1.24498
0.243562
1.33879
1.35453
1.36241
1.33879
0.359044
1.36241
0.46978
1.35453
1.31524
0.575393
1.28394
0.675526
1.14453
0.76985
8.05311e-32
8.05311e-32
4.38506e-32
0.123353
0.123353
4.38506e-32
0.357018
0.242498
0.242498
0.357018
0.466523
0.570644
0.570644
0.466523
0.669041
0.761393
0.669041
0.761393
0.847409
0.926819
1.06488
0.999381
0.926819
0.847409
1.12311
1.17392
1.06488
0.999381
1.21715
1.25268
1.12311
1.17392
1.28042
1.30029
1.21715
1.25268
1.28042
1.30029
1.31621
1.31223
1.31223
0.751939
0.912514
0.661689
0.565164
0.982351
0.462672
0.354541
1.04494
0.241129
0.122814
1.10009
1.14766
0.122814
0.835633
1.18749
0.912514
1.2195
1.24357
0.241129
1.25966
1.26772
1.14766
1.18749
0.354541
1.26772
1.25966
0.462672
1.24357
1.2195
0.565164
0.661689
1.10009
1.04494
0.751939
0.982351
0.835633
8.01327e-32
8.01327e-32
4.35187e-32
0.122121
0.122121
4.35187e-32
0.239457
0.351614
0.239457
0.351614
0.558952
0.458227
0.558952
0.458227
0.65347
0.741485
0.65347
0.741485
0.82273
0.896957
1.02351
0.96395
0.896957
0.82273
1.11968
1.07547
1.02351
0.96395
1.18439
1.15602
1.11968
1.07547
1.21691
1.2047
1.15602
1.18439
1.21691
1.2047
1.22099
0.880148
0.453188
0.944174
0.348236
0.237479
0.121274
1.00059
1.04924
0.121274
0.552006
1.08999
1.12272
1.14735
0.808697
0.237479
1.1638
1.17204
1.17204
1.00059
0.348236
1.1638
0.453188
1.14735
1.12272
1.08999
0.552006
1.04924
0.644381
0.944174
0.880148
0.730031
0.808697
0.730031
0.644381
7.9334e-32
7.9334e-32
4.29682e-32
0.120272
0.120272
4.29682e-32
0.344405
0.235197
0.235197
0.344405
0.447556
0.544326
0.544326
0.447556
0.634424
0.717575
0.717575
0.634424
0.862084
0.793536
0.923023
0.97618
0.862084
0.793536
1.05858
1.02141
0.97618
0.923023
1.0876
1.10838
1.05858
1.02141
1.12504
1.12087
1.10838
1.0876
1.12087
0.900494
0.232609
0.119116
0.950272
0.991961
0.119116
0.340124
1.02545
1.05064
0.535913
0.623595
0.232609
1.06747
1.0759
1.0759
0.842764
0.340124
1.06747
0.441328
1.05064
1.02545
0.991961
0.535913
0.950272
0.623595
0.900494
0.777243
0.704117
0.704117
0.777243
0.441328
0.842764
7.81346e-32
7.81346e-32
4.21991e-32
0.117805
0.117805
4.21991e-32
0.229717
0.33539
0.229717
0.33539
0.526763
0.434504
0.526763
0.434504
0.689655
0.611897
0.689655
0.611897
0.822186
0.759819
0.876586
0.922866
0.822186
0.759819
0.960903
0.990592
0.876586
0.922866
1.01186
1.02464
0.990592
0.960903
1.0289
1.02464
1.01186
0.893961
0.11634
0.92823
0.11634
0.954011
0.971236
0.226519
0.97986
0.97986
0.516878
0.599325
0.330203
0.971236
0.741259
0.954011
0.427084
0.92823
0.893961
0.516878
0.851296
0.800349
0.599325
0.674189
0.674189
0.741259
0.427084
0.330203
0.800349
0.226519
0.851296
7.65342e-32
7.65342e-32
4.12109e-32
0.114721
4.12109e-32
0.114721
0.324563
0.223016
0.223016
0.324563
0.419069
0.506256
0.419069
0.506256
0.657717
0.585881
0.585881
0.657717
0.721566
0.777252
0.824624
0.863555
0.777252
0.721566
0.893942
0.915703
0.863555
0.824624
0.933146
0.928783
0.915703
0.893942
0.928783
0.112946
0.831646
0.858036
0.875667
0.219206
0.884494
0.31847
0.884494
0.875667
0.31847
0.858036
0.410455
0.831646
0.796568
0.752893
0.494898
0.700736
0.571563
0.640239
0.571563
0.494898
0.640239
0.410455
0.700736
0.219206
0.112946
0.752893
0.796568
7.45321e-32
7.45321e-32
4.00033e-32
0.111016
0.111016
4.00033e-32
0.311923
0.215091
0.215091
0.311923
0.4828
0.401244
0.401244
0.4828
0.621752
0.556371
0.621752
0.556371
0.727271
0.67877
0.798234
0.767128
0.67877
0.727271
0.820512
0.833901
0.798234
0.767128
0.838368
0.820512
0.833901
0.781369
0.210668
0.790406
0.108932
0.790406
0.781369
0.304922
0.763318
0.391434
0.469965
0.540302
0.736301
0.700385
0.655665
0.469965
0.602257
0.540302
0.391434
0.602257
0.304922
0.655665
0.210668
0.700385
0.736301
0.108932
0.763318
7.21277e-32
7.21277e-32
3.85761e-32
0.106692
0.106692
3.85761e-32
0.297466
0.205939
0.205939
0.297466
0.381026
0.456389
0.381026
0.456389
0.523358
0.581753
0.581753
0.523358
0.672234
0.631422
0.704087
0.726897
0.631422
0.672234
0.740606
0.745179
0.726897
0.704087
0.740606
0.200903
0.698223
0.68897
0.289556
0.670486
0.642819
0.370017
0.606038
0.560238
0.442074
0.505536
0.442074
0.505536
0.370017
0.289556
0.560238
0.200903
0.104297
0.606038
0.642819
0.104297
0.670486
0.68897
0.698223
6.93203e-32
6.93203e-32
3.69288e-32
0.101746
0.101746
3.69288e-32
0.281189
0.19556
0.19556
0.281189
0.35841
0.427018
0.35841
0.427018
0.486838
0.537713
0.486838
0.537713
0.579515
0.612136
0.649536
0.635497
0.612136
0.579515
0.649536
0.65422
0.635497
0.599119
0.580188
0.272367
0.55185
0.346202
0.514176
0.272367
0.467261
0.411222
0.411222
0.346202
0.467261
0.189908
0.0990396
0.514176
0.55185
0.0990396
0.580188
0.608596
0.599119
0.608596
0.189908
6.61092e-32
6.61092e-32
0.0961775
3.5061e-32
0.0961775
3.5061e-32
0.263089
0.18395
0.18395
0.263089
0.394683
0.333394
0.394683
0.333394
0.446806
0.489628
0.446806
0.489628
0.546972
0.523045
0.56615
0.561354
0.523045
0.561354
0.546972
0.253355
0.464067
0.319984
0.425471
0.377404
0.319984
0.377404
0.253355
0.425471
0.177683
0.0931596
0.464067
0.493098
0.0931596
0.51249
0.51249
0.522199
0.177683
0.522199
0.493098
6.24937e-32
6.24937e-32
3.29724e-32
0.0899856
0.0899856
3.29724e-32
0.243164
0.171109
0.171109
0.243164
0.359382
0.305974
0.305974
0.359382
0.403258
0.437495
0.437495
0.403258
0.462009
0.476741
0.481656
0.476741
0.462009
0.291361
0.291361
0.232516
0.340617
0.164225
0.0866557
0.380165
0.40991
0.0866557
0.340617
0.380165
0.429779
0.439725
0.439725
0.164225
0.429779
0.40991
0.232516
5.84733e-32
5.84733e-32
3.06628e-32
0.0831696
0.0831696
3.06628e-32
0.221411
0.157034
0.221411
0.157034
0.321111
0.276148
0.321111
0.276148
0.381312
0.356194
0.356194
0.381312
0.396408
0.401443
0.396408
0.149533
0.0795274
0.300861
0.331342
0.0795274
0.351703
0.209849
0.361895
0.361895
0.300861
0.149533
0.351703
0.331342
0.209849
0.260332
0.260332
5.40474e-32
5.40474e-32
2.81318e-32
0.0757288
0.0757288
2.81318e-32
0.141725
0.19783
0.141725
0.19783
0.27987
0.243915
0.27987
0.243915
0.321081
0.305612
0.305612
0.326242
0.321081
0.258135
0.279002
0.0717741
0.0717741
0.289447
0.289447
0.133607
0.279002
0.258135
0.226895
0.185354
0.185354
0.226895
0.133607
4.92157e-32
4.92157e-32
2.53794e-32
0.0676629
2.53794e-32
0.0676629
0.125181
0.17242
0.125181
0.17242
0.235659
0.209275
0.235659
0.209275
0.256802
0.251514
0.251514
0.0633955
0.223146
0.223146
0.21244
0.116446
0.191052
0.15903
0.15903
0.116446
0.0633955
0.191052
0.21244
4.3978e-32
4.3978e-32
2.24054e-32
0.0589717
0.0589717
2.24054e-32
0.145182
0.107403
0.107403
0.145182
0.172228
0.188479
0.172228
0.188479
0.193901
0.152802
0.0980496
0.130877
0.0980496
0.0543917
0.130877
0.152802
0.0543917
0.163777
0.163777
3.8334e-32
3.8334e-32
1.92098e-32
0.0496552
0.0496552
1.92098e-32
0.116115
0.0883891
0.0883891
0.116115
0.132776
0.132776
0.138333
0.078419
0.078419
0.0447625
0.100897
0.112148
0.0447625
0.112148
0.100897
3.22838e-32
3.22838e-32
1.57926e-32
0.0397135
1.57926e-32
0.0397135
0.0681414
0.0852212
0.0681414
0.0852212
0.0909193
0.0690895
0.0345084
0.0690895
0.0575545
0.0345084
0.0575545
2.58276e-32
2.58276e-32
0.029147
1.21539e-32
0.029147
1.21539e-32
0.0466602
0.0466602
0.0525011
0.0236297
0.0354568
0.0236297
0.0354568
1.89654e-32
1.89654e-32
8.29383e-33
0.0179561
0.0179561
8.29383e-33
0.0239463
0.0121266
0.0121266
1.16976e-32
1.16976e-32
4.21254e-33
4.21254e-33
0.00614107
1.73997e-35
4.02445e-33
4.02445e-33
