1.79052e-35
4.14137e-33
4.14137e-33
4.33484e-33
1.20372e-32
0.00631948
0.0124788
4.33484e-33
1.20372e-32
0.0124788
8.53453e-33
0.0243154
1.95156e-32
0.0184773
0.0246418
0.0364858
0.0364858
0.0184773
0.0243154
1.95156e-32
8.53453e-33
1.25064e-32
0.0355091
2.65761e-32
0.0299925
0.0592235
0.0710931
0.0480142
0.0540242
1.25064e-32
0.0355091
0.0480142
0.0710931
0.0592235
0.0299925
2.65761e-32
1.62502e-32
0.0408645
0.0460593
3.32186e-32
0.070117
0.0806911
0.10382
0.0876916
0.115397
0.0935554
0.115397
0.0876916
0.0408645
3.32186e-32
0.0460593
1.62502e-32
0.0806911
0.070117
0.10382
1.97658e-32
3.94427e-32
0.0510929
0.0559657
0.0909491
0.100888
0.134666
0.119478
0.0559657
3.94427e-32
0.0510929
1.97658e-32
0.168519
0.142339
0.157226
0.136622
0.136622
0.134666
0.157226
0.0909491
0.168519
0.119478
0.100888
2.30532e-32
0.0652281
4.52484e-32
0.0606773
0.11051
0.119812
0.163628
0.149382
0.193933
0.177212
0.196577
0.218584
4.52484e-32
0.0652281
0.0606773
2.30532e-32
0.11051
0.163628
0.119812
0.149382
0.199513
0.2296
0.193933
0.2296
0.196577
0.218584
0.177212
2.61123e-32
0.0738462
5.06357e-32
0.0696176
0.128799
0.137465
0.190707
0.177403
0.265593
0.242471
0.215324
0.23345
0.258785
0.287063
0.29781
0.264226
2.61123e-32
0.0738462
5.06357e-32
0.0696176
0.128799
0.137465
0.190707
0.177403
0.287063
0.265593
0.23345
0.29781
0.215324
0.258785
0.242471
2.89432e-32
0.0818203
5.56046e-32
0.0779137
0.145815
0.153846
0.215902
0.20354
0.267842
0.309542
0.28795
0.250957
0.314437
0.340903
0.361852
0.330352
0.0779137
2.89432e-32
0.0818203
5.56046e-32
0.335663
0.372338
0.372338
0.330352
0.153846
0.215902
0.145815
0.20354
0.28795
0.340903
0.361852
0.267842
0.250957
0.314437
0.309542
3.15459e-32
0.0891507
6.01556e-32
0.0855658
0.227793
0.16156
0.168954
0.239213
0.299755
0.350432
0.330369
0.284109
0.366466
0.39112
0.421722
0.392308
0.40784
0.442165
0.452398
0.41302
6.01556e-32
0.0855658
3.15459e-32
0.0891507
0.239213
0.168954
0.227793
0.16156
0.452398
0.442165
0.40784
0.392308
0.330369
0.284109
0.299755
0.350432
0.39112
0.421722
0.366466
3.39208e-32
0.0958379
6.42891e-32
0.0925745
0.176033
0.260642
0.250163
0.182793
0.0925745
0.0958379
6.42891e-32
3.39208e-32
0.329189
0.388262
0.369729
0.314783
0.41487
0.477421
0.450093
0.437713
0.490471
0.507287
0.527238
0.475315
0.537226
0.495528
0.490471
0.537226
0.182793
0.260642
0.250163
0.176033
0.388262
0.329189
0.369729
0.314783
0.527238
0.507287
0.437713
0.475315
0.477421
0.41487
0.450093
3.6068e-32
0.101883
6.80057e-32
0.0989406
0.189236
0.195362
0.280189
0.27065
0.0989406
0.101883
6.80057e-32
3.6068e-32
0.356146
0.423034
0.40603
0.342978
0.195362
0.27065
0.280189
0.189236
0.459652
0.480684
0.503705
0.528948
0.5627
0.567704
0.596856
0.538084
0.626081
0.582429
0.616332
0.577495
0.577495
0.626081
0.616332
0.5627
0.342978
0.423034
0.356146
0.40603
0.596856
0.503705
0.528948
0.480684
0.459652
0.538084
0.567704
3.79879e-32
0.104665
0.107287
7.13062e-32
0.201171
0.206663
0.297859
0.289259
0.380629
0.454753
0.439275
0.368697
0.104665
0.107287
7.13062e-32
3.79879e-32
0.297859
0.206663
0.289259
0.201171
0.500812
0.520035
0.576306
0.553147
0.380629
0.439275
0.368697
0.454753
0.59615
0.623419
0.661254
0.629707
0.653739
0.66818
0.689714
0.708727
0.718246
0.66818
0.672999
0.718246
0.653739
0.689714
0.708727
0.629707
0.520035
0.623419
0.553147
0.500812
0.661254
0.59615
0.576306
3.9681e-32
7.41913e-32
0.109748
0.112051
0.21184
0.2167
0.313653
0.30599
0.402642
0.483421
0.469467
0.391945
0.109748
0.112051
7.41913e-32
3.9681e-32
0.538356
0.555772
0.619499
0.598422
0.313653
0.2167
0.30599
0.21184
0.469467
0.483421
0.402642
0.391945
0.674435
0.649515
0.720433
0.691495
0.555772
0.538356
0.598422
0.619499
0.747722
0.72426
0.785165
0.757375
0.761824
0.803731
0.766528
0.813026
0.813026
0.747722
0.761824
0.803731
0.72426
0.691495
0.649515
0.757375
0.674435
0.720433
0.785165
4.11478e-32
0.116176
7.66619e-32
0.114193
0.221245
0.225474
0.327576
0.320848
0.42219
0.509045
0.412724
0.496613
0.572287
0.5879
0.658536
0.639537
0.114193
0.116176
7.66619e-32
4.11478e-32
0.225474
0.327576
0.320848
0.221245
0.774402
0.720759
0.698184
0.748068
0.509045
0.42219
0.496613
0.412724
0.639537
0.572287
0.5879
0.658536
0.855398
0.821056
0.789063
0.819321
0.698184
0.774402
0.720759
0.748068
0.85774
0.84397
0.900671
0.882538
0.909749
0.862335
0.85774
0.909749
0.821056
0.855398
0.819321
0.84397
0.900671
0.882538
0.789063
4.23885e-32
0.119663
7.87189e-32
0.117999
0.229389
0.232988
0.339632
0.333837
0.439277
0.431042
0.531632
0.520718
0.602614
0.616428
0.693423
0.676497
4.23885e-32
7.87189e-32
0.117999
0.119663
0.799435
0.742165
0.762401
0.823169
0.229389
0.232988
0.339632
0.333837
0.531632
0.439277
0.520718
0.431042
0.875562
0.919437
0.888191
0.848155
0.676497
0.693423
0.602614
0.616428
0.742165
0.762401
0.799435
0.823169
0.954677
0.981188
0.919441
0.94182
0.919437
0.875562
0.848155
0.888191
0.959758
0.955271
1.00777
0.9989
0.954677
1.00777
0.981188
0.9989
0.94182
0.955271
0.919441
4.34038e-32
0.122515
8.03631e-32
0.121168
0.236274
0.239245
0.349824
0.344961
0.446901
0.453911
0.551188
0.541788
0.629345
0.641363
0.724171
0.709314
0.121168
0.122515
8.03631e-32
4.34038e-32
0.845606
0.78147
0.799371
0.866747
0.236274
0.344961
0.349824
0.239245
0.977293
0.949137
0.926109
0.901547
0.453911
0.551188
0.541788
0.446901
0.709314
0.724171
0.641363
0.629345
1.02016
1.05459
1.01878
0.988249
0.866747
0.78147
0.799371
0.845606
0.977293
0.926109
0.901547
0.949137
1.05378
1.04064
1.08049
1.0978
1.01878
0.988249
1.05459
1.02016
1.10646
1.05817
1.05378
1.04064
1.0978
1.08049
1.10646
4.4194e-32
0.124731
8.15951e-32
0.123702
0.241904
0.244247
0.358157
0.354223
0.123702
0.124731
8.15951e-32
4.4194e-32
0.46031
0.466095
0.56772
0.559831
0.652487
0.662715
0.75079
0.737996
0.905148
0.886593
0.816108
0.831681
0.354223
0.241904
0.358157
0.244247
0.970978
1.00391
1.02898
0.949253
0.46031
0.56772
0.559831
0.466095
1.08862
1.079
1.12089
1.05041
0.75079
0.662715
0.737996
0.652487
0.905148
0.831681
0.816108
0.886593
1.13982
1.15453
1.17985
1.11845
1.02898
0.970978
0.949253
1.00391
1.12089
1.08862
1.05041
1.079
1.15266
1.15694
1.20523
1.19676
1.13982
1.11845
1.15453
1.17985
1.20523
1.15266
1.19676
4.47594e-32
0.126314
8.24155e-32
0.125601
0.246279
0.247997
0.364634
0.361627
0.471271
0.475836
0.581235
0.574854
0.125601
0.126314
8.24155e-32
4.47594e-32
0.361627
0.364634
0.246279
0.247997
0.672051
0.680492
0.773291
0.762555
0.859345
0.938388
0.922412
0.846094
1.01019
1.05252
1.07452
0.991289
0.471271
0.574854
0.581235
0.475836
1.13122
1.18011
1.15138
1.10594
0.672051
0.762555
0.680492
0.773291
1.22105
1.25394
1.18873
1.21789
0.922412
0.938388
0.859345
0.846094
1.01019
1.05252
0.991289
1.07452
1.25132
1.27869
1.29522
1.23877
1.15138
1.13122
1.18011
1.10594
1.18873
1.25394
1.21789
1.22105
1.25551
1.23877
1.3035
1.3035
1.25132
1.27869
1.29522
4.51003e-32
0.127263
8.28247e-32
0.126867
0.249403
0.250496
0.369259
0.367178
0.479792
0.483137
0.591739
0.586863
0.688043
0.783001
0.694702
0.791685
0.126867
0.127263
8.28247e-32
4.51003e-32
0.250496
0.367178
0.369259
0.249403
0.586863
0.591739
0.483137
0.479792
0.882374
0.966482
0.953077
0.871439
1.095
1.11394
1.02767
1.04375
1.23227
1.20707
1.17684
1.15485
0.783001
0.688043
0.791685
0.694702
1.2515
1.28007
1.32011
1.28801
0.871439
0.882374
0.953077
0.966482
1.31652
1.37647
1.33693
1.35227
1.11394
1.04375
1.095
1.02767
1.23227
1.17684
1.20707
1.15485
1.40073
1.34921
1.39263
1.3533
1.2515
1.28007
1.28801
1.32011
1.33693
1.31652
1.40073
1.39263
1.35227
1.34921
1.37647
4.52169e-32
0.127579
8.28229e-32
0.1275
0.251277
0.251745
0.372032
0.370876
0.485874
0.488002
0.599239
0.595864
0.1275
0.127579
8.28229e-32
4.52169e-32
0.700473
0.80598
0.799344
0.705353
0.900781
0.989445
0.978604
0.892156
0.370876
0.372032
0.251745
0.251277
0.595864
0.599239
0.488002
0.485874
0.700473
0.705353
0.799344
0.80598
1.13135
1.05842
1.14724
1.07169
1.27741
1.25571
1.21589
1.19718
1.30678
1.33162
1.37838
1.35023
0.978604
0.892156
0.900781
0.989445
1.41754
1.41382
1.449
1.38594
1.05842
1.13135
1.14724
1.07169
1.44578
1.47266
1.48848
1.43378
1.25571
1.27741
1.21589
1.19718
1.37838
1.33162
1.35023
1.30678
1.4964
1.44979
1.44578
1.4964
1.41754
1.38594
1.48848
1.449
1.41382
1.43378
1.47266
4.51092e-32
0.127263
8.241e-32
0.1275
0.251902
0.251745
0.372956
0.372725
0.489523
0.490434
0.603737
0.601862
0.709346
0.71245
0.816184
0.811593
0.1275
0.127263
8.241e-32
4.51092e-32
0.251745
0.372725
0.372956
0.251902
0.914576
1.00729
0.999006
0.908256
1.09401
1.17446
1.16161
1.08355
0.490434
0.489523
0.601862
0.603737
0.811593
0.709346
0.816184
0.71245
0.914576
0.908256
1.00729
0.999006
1.29735
1.31554
1.24838
1.23295
1.35461
1.37573
1.42878
1.40456
1.47453
1.44707
1.51285
1.482
1.08355
1.16161
1.09401
1.17446
1.56679
1.54363
1.52881
1.50928
1.23295
1.24838
1.31554
1.29735
1.54055
1.58227
1.59001
1.54447
1.42878
1.40456
1.35461
1.37573
1.44707
1.47453
1.482
1.51285
1.54055
1.52881
1.59001
1.58227
1.50928
1.54363
1.56679
4.47771e-32
0.126314
8.1586e-32
0.126867
0.251277
0.250496
0.372032
0.372725
0.604861
0.490739
0.490434
0.605236
0.126867
0.126314
8.1586e-32
4.47771e-32
0.714668
0.715998
0.822305
0.819755
0.923768
1.02003
1.0143
0.919748
0.250496
0.372725
0.372032
0.251277
0.604861
0.605236
0.490739
0.490434
1.11074
1.19561
1.18579
1.10308
1.27435
1.33199
1.26218
1.3467
0.819755
0.822305
0.715998
0.714668
1.0143
0.919748
0.923768
1.02003
1.19561
1.11074
1.10308
1.18579
1.39501
1.45105
1.47136
1.41244
1.49994
1.52329
1.56807
1.54154
1.60242
1.63572
1.57573
1.60558
1.26218
1.33199
1.3467
1.27435
1.62154
1.63303
1.65839
1.67354
1.39501
1.47136
1.45105
1.41244
1.68112
1.68112
1.63687
1.63303
1.52329
1.56807
1.49994
1.54154
1.67354
1.65839
1.60558
1.57573
1.63572
1.62154
1.60242
4.42206e-32
0.124731
8.03504e-32
0.125602
0.249403
0.247997
0.369259
0.370876
0.603737
0.604861
0.489523
0.488002
0.716442
0.715998
0.824344
0.823834
0.125602
0.124731
8.03504e-32
4.42206e-32
0.247997
0.370876
0.369259
0.249403
0.928363
1.02767
1.02448
0.926641
1.12189
1.21071
1.20391
1.11702
0.604861
0.603737
0.488002
0.489523
0.823834
0.716442
0.824344
0.715998
1.2938
1.3709
1.28489
1.35967
1.42802
1.48972
1.50614
1.44176
0.928363
0.926641
1.02767
1.02448
1.11702
1.20391
1.21071
1.12189
1.28489
1.35967
1.3709
1.2938
1.54459
1.59246
1.56384
1.6147
1.63319
1.69531
1.65857
1.66667
1.72482
1.69281
1.74702
1.71153
1.42802
1.48972
1.44176
1.50614
1.76929
1.72278
1.72654
1.76186
1.54459
1.56384
1.6147
1.59246
1.72278
1.76929
1.76186
1.71153
1.66667
1.65857
1.63319
1.69531
1.72482
1.69281
1.74702
4.34393e-32
0.122515
7.87026e-32
0.123702
0.246279
0.244247
0.364634
0.367178
0.483137
0.599239
0.601862
0.485874
0.123702
0.122515
7.87026e-32
4.34393e-32
0.714668
0.71245
0.822305
0.823834
0.928363
1.03021
0.928938
1.02957
0.244247
0.367178
0.364634
0.246279
0.601862
0.599239
0.485874
0.483137
1.12746
1.21976
1.21599
1.12537
1.38041
1.30676
1.38818
1.3011
0.71245
0.714668
0.822305
0.823834
0.928938
1.02957
1.03021
0.928363
1.45366
1.46373
1.52061
1.53315
1.58106
1.59624
1.65279
1.63481
1.12746
1.21976
1.12537
1.21599
1.38818
1.30676
1.3011
1.38041
1.53315
1.45366
1.52061
1.46373
1.68171
1.72162
1.70263
1.74561
1.81054
1.78161
1.78002
1.75442
1.80938
1.8323
1.84684
1.79836
1.58106
1.65279
1.59624
1.63481
1.80938
1.85411
1.81306
1.85411
1.74561
1.72162
1.68171
1.70263
1.79836
1.81054
1.78161
1.8323
1.84684
1.75442
1.78002
4.2433e-32
0.119663
7.66419e-32
0.121168
0.241904
0.361627
0.239245
0.358157
0.475836
0.591739
0.595864
0.479792
0.121168
0.119663
7.66419e-32
4.2433e-32
0.709346
0.705353
0.816184
0.819755
0.239245
0.361627
0.358157
0.241904
0.923768
0.926641
1.02767
1.02957
1.12746
1.22277
1.22202
1.12816
0.479792
0.595864
0.591739
0.475836
0.705353
0.819755
0.709346
0.816184
1.39422
1.31324
1.39854
1.31081
1.47836
1.47196
1.55243
1.54376
0.926641
1.02767
1.02957
0.923768
1.22202
1.22277
1.12746
1.12816
1.60939
1.68237
1.66864
1.62051
1.78669
1.72133
1.73782
1.7673
1.39854
1.31324
1.31081
1.39422
1.47196
1.54376
1.55243
1.47836
1.60939
1.62051
1.66864
1.68237
1.83857
1.80642
1.82884
1.86414
1.8925
1.91384
1.88165
1.86367
1.93523
1.89606
1.92809
1.89245
1.7673
1.73782
1.72133
1.78669
1.93523
1.89245
1.92809
1.88165
1.91384
1.83857
1.8925
1.80642
1.86367
1.82884
1.86414
4.12011e-32
0.116176
7.41676e-32
0.117999
0.117999
0.116176
7.41676e-32
4.12011e-32
0.236274
0.349824
0.354223
0.232988
0.466095
0.581235
0.586863
0.471271
0.700473
0.694702
0.80598
0.811593
0.354223
0.349824
0.236274
0.232988
0.919748
0.914576
1.02003
1.02448
0.586863
0.581235
0.466095
0.471271
1.12189
1.21976
1.22202
1.12537
1.31324
1.40199
1.40113
1.31405
0.694702
0.811593
0.700473
0.80598
0.914576
1.02003
0.919748
1.02448
1.48293
1.48567
1.56399
1.55917
1.6296
1.63667
1.69398
1.70347
1.21976
1.12189
1.12537
1.22202
1.31324
1.31405
1.40113
1.40199
1.7521
1.76417
1.81858
1.80378
1.84887
1.9079
1.86654
1.88725
1.48293
1.55917
1.48567
1.56399
1.6296
1.70347
1.63667
1.69398
1.7521
1.81858
1.80378
1.76417
1.97037
1.9434
1.91879
1.94254
2.00529
1.9913
1.96104
1.97164
1.97164
1.97517
2.01229
2.01229
1.84887
1.88725
1.9079
1.86654
2.00529
1.9434
1.96104
1.9913
1.94254
1.97037
1.91879
3.97434e-32
0.112051
7.12788e-32
0.114193
0.229389
0.225474
0.339632
0.344961
0.114193
0.112051
7.12788e-32
3.97434e-32
0.344961
0.339632
0.229389
0.225474
0.453911
0.56772
0.574854
0.46031
0.688043
0.680492
0.791685
0.799344
0.908256
0.900781
1.00729
1.0143
0.46031
0.453911
0.574854
0.56772
1.11074
1.21071
1.21599
1.11702
0.799344
0.791685
0.688043
0.680492
1.30676
1.39854
1.40113
1.31081
1.48659
1.56784
1.56688
1.48567
0.908256
1.00729
0.900781
1.0143
1.21071
1.21599
1.11074
1.11702
1.64475
1.71612
1.64172
1.71085
1.77404
1.78172
1.84133
1.8311
1.39854
1.31081
1.40113
1.30676
1.48567
1.56688
1.48659
1.56784
1.88183
1.89477
1.94186
1.9261
1.99473
2.0165
1.96377
1.98248
1.71085
1.64172
1.64475
1.71612
1.78172
1.77404
1.84133
1.8311
1.88183
1.94186
1.9261
1.89477
2.06438
2.04383
2.0189
2.0362
2.05008
2.04661
2.07812
2.085
2.04661
2.085
2.0362
2.07812
1.96377
2.0189
2.0165
1.98248
2.04383
2.06438
1.99473
3.80592e-32
0.109748
0.107287
6.79747e-32
0.221245
0.2167
0.327576
0.333837
0.439277
0.551188
0.559831
0.446901
0.109748
0.107287
6.79747e-32
3.80592e-32
0.2167
0.333837
0.327576
0.221245
0.559831
0.551188
0.439277
0.446901
0.672051
0.662715
0.773291
0.783001
0.892156
0.882374
0.989445
0.999006
1.10308
1.09401
1.19561
1.20391
0.662715
0.783001
0.672051
0.773291
1.2938
1.38818
1.39422
1.3011
0.892156
0.989445
0.999006
0.882374
1.56688
1.48293
1.47836
1.56399
1.72033
1.64576
1.64475
1.71928
1.09401
1.10308
1.20391
1.19561
1.3011
1.39422
1.38818
1.2938
1.7872
1.85497
1.84929
1.79049
1.90534
1.96609
1.91356
1.95519
1.56688
1.48293
1.47836
1.56399
1.72033
1.64475
1.71928
1.64576
2.0523
2.03569
2.01238
1.99868
2.08574
2.0661
2.08985
2.1126
1.7872
1.85497
1.84929
1.79049
1.90534
1.96609
1.91356
1.95519
2.03569
1.99868
2.0523
2.01238
2.10685
2.14631
2.11707
2.13281
2.15307
2.15307
2.12048
2.11707
2.10685
2.1126
2.13281
2.14631
2.08574
2.08985
2.0661
3.61482e-32
6.42544e-32
0.104665
0.101883
0.21184
0.206663
0.313653
0.320848
0.42219
0.531632
0.541788
0.431042
0.104665
0.101883
6.42544e-32
3.61482e-32
0.652487
0.641363
0.75079
0.762555
0.206663
0.320848
0.313653
0.21184
0.431042
0.42219
0.541788
0.531632
0.641363
0.762555
0.75079
0.652487
0.871439
0.859345
0.966482
0.978604
1.07169
1.17446
1.18579
1.08355
1.27435
1.3709
1.38041
1.28489
0.871439
0.978604
0.966482
0.859345
1.47196
1.55243
1.55917
1.46373
1.17446
1.18579
1.07169
1.08355
1.63667
1.71612
1.64172
1.71928
1.85951
1.79159
1.79049
1.85838
1.3709
1.27435
1.28489
1.38041
1.55917
1.47196
1.55243
1.46373
1.97456
1.91944
1.92296
1.98061
2.03229
2.06635
2.02358
2.07783
1.63667
1.71612
1.64172
1.71928
1.85951
1.79049
1.79159
1.85838
2.15001
2.13265
2.11711
2.10274
2.17643
2.156
2.17272
2.19631
1.91944
1.98061
1.97456
1.92296
2.07783
2.06635
2.02358
2.03229
2.10274
2.13265
2.11711
2.15001
2.18612
2.18277
2.20959
2.21624
2.21624
2.18277
2.17272
2.19631
2.20959
2.17643
2.156
3.401e-32
0.0958379
6.01172e-32
0.0989406
0.0989406
0.0958379
6.01172e-32
3.401e-32
0.201171
0.195362
0.297859
0.30599
0.402642
0.509045
0.520718
0.412724
0.629345
0.616428
0.724171
0.737996
0.30599
0.297859
0.201171
0.195362
0.846094
0.831681
0.938388
0.953077
0.520718
0.402642
0.509045
0.412724
0.724171
0.616428
0.737996
0.629345
0.846094
0.953077
0.938388
0.831681
1.05842
1.04375
1.14724
1.16161
1.24838
1.3467
1.35967
1.26218
1.45366
1.54376
1.44176
1.53315
1.14724
1.16161
1.04375
1.05842
1.62051
1.71085
1.6296
1.70347
1.24838
1.26218
1.35967
1.3467
1.85497
1.85838
1.7872
1.78172
1.98424
1.92413
1.98545
1.92296
1.54376
1.45366
1.44176
1.53315
1.71085
1.6296
1.62051
1.70347
2.04223
2.09313
2.08676
2.0385
2.13799
2.16468
2.17668
2.12886
1.78172
1.7872
1.85838
1.85497
1.98545
1.92296
1.92413
1.98424
2.2351
2.20908
2.2171
2.19412
2.23356
2.24346
2.26776
2.25468
2.0385
2.04223
2.08676
2.09313
2.12886
2.13799
2.17668
2.16468
2.20908
2.2351
2.19412
2.2171
2.24676
2.27431
2.27431
2.24346
2.25468
2.26776
2.23356
3.16442e-32
0.0891507
5.55626e-32
0.0925746
3.16442e-32
0.0925746
0.0891507
5.55626e-32
0.189236
0.182793
0.280189
0.289259
0.289259
0.280189
0.189236
0.182793
0.391945
0.380629
0.483421
0.496613
0.602614
0.5879
0.693423
0.709314
0.816109
0.799371
0.905148
0.922412
0.496613
0.483421
0.380629
0.391945
1.02767
1.01019
1.11394
1.13135
0.5879
0.709314
0.693423
0.602614
0.816109
0.922412
0.905148
0.799371
1.01019
1.02767
1.13135
1.11394
1.21589
1.31554
1.33199
1.23295
1.42802
1.50614
1.41244
1.52061
1.69398
1.60939
1.59624
1.68237
1.21589
1.31554
1.33199
1.23295
1.84929
1.76417
1.77404
1.84133
1.41244
1.52061
1.50614
1.42802
1.98061
1.98424
1.91356
1.91944
2.04223
2.09696
2.09823
2.04348
1.69398
1.68237
1.59624
1.60939
1.77404
1.84929
1.76417
1.84133
2.19266
2.14451
2.14842
2.186
2.23081
2.26276
2.25032
2.22131
1.98061
1.91944
1.91356
1.98424
2.04348
2.09696
2.04223
2.09823
2.27297
2.28918
2.30772
2.28842
2.29893
2.30218
2.32062
2.32708
2.14842
2.14451
2.186
2.19266
2.26276
2.22131
2.25032
2.23081
2.32708
2.27297
2.32062
2.29893
2.28918
2.30772
2.28842
0.0855658
0.0818203
5.05899e-32
2.90505e-32
2.90505e-32
0.0818203
5.05899e-32
0.0855658
0.176033
0.168954
0.260642
0.27065
0.176033
0.168954
0.27065
0.260642
0.356146
0.454753
0.469468
0.368697
0.469468
0.454753
0.356146
0.368697
0.572287
0.555772
0.658536
0.676497
0.78147
0.762401
0.866747
0.886593
0.991289
0.970978
1.07452
1.095
0.658536
0.555772
0.676497
0.572287
1.19718
1.17684
1.27741
1.29735
0.762401
0.78147
0.886593
0.866747
1.07452
0.991289
1.095
0.970978
1.19718
1.29735
1.27741
1.17684
1.48972
1.39501
1.37573
1.47136
1.66864
1.58106
1.65279
1.56384
1.8311
1.73782
1.81858
1.7521
1.48972
1.47136
1.39501
1.37573
1.97456
1.89477
1.96609
1.90534
1.66864
1.56384
1.58106
1.65279
2.03229
2.09313
2.0385
2.09696
2.19665
2.19798
2.14973
2.14843
1.8311
1.81858
1.73782
1.7521
1.89477
1.90534
1.97456
1.96609
2.24166
2.27932
2.27242
2.23759
2.31087
2.32339
2.3362
2.30105
2.0385
2.09313
2.09696
2.03229
2.14843
2.14973
2.19665
2.19798
2.33939
2.35526
2.36799
2.34901
2.34901
2.35222
2.37437
2.37437
2.27242
2.23759
2.27932
2.24166
2.31087
2.3362
2.32339
2.36799
2.35526
2.30105
2.33939
0.0779137
0.0738462
4.5199e-32
2.62287e-32
0.250163
0.239213
0.16156
0.153846
2.62287e-32
0.0738462
4.5199e-32
0.0779137
0.16156
0.153846
0.239213
0.250163
0.329189
0.423034
0.439275
0.342978
0.423034
0.329189
0.342978
0.439275
0.538356
0.520035
0.619499
0.639537
0.520035
0.639537
0.619499
0.538356
0.742166
0.720759
0.823169
0.845606
0.949253
0.926109
1.02898
1.05252
1.13122
1.23227
1.25572
1.15485
0.720759
0.742166
0.845606
0.823169
1.35461
1.33162
1.42878
1.45105
0.926109
1.02898
0.949253
1.05252
1.23227
1.15485
1.25572
1.13122
1.33162
1.45105
1.35461
1.42878
1.52329
1.54459
1.6147
1.63481
1.80378
1.70263
1.78669
1.72133
1.94186
1.86654
1.95519
1.88184
1.63481
1.6147
1.52329
1.54459
2.01238
2.08676
2.07783
2.02358
1.70263
1.72133
1.80378
1.78669
2.19266
2.13799
2.19665
2.14451
2.24302
2.28484
2.28346
2.24166
1.95519
1.94186
1.88184
1.86654
2.08676
2.02358
2.01238
2.07783
2.34616
2.31788
2.32208
2.35326
2.37831
2.36823
2.39715
2.38404
2.19266
2.14451
2.13799
2.19665
2.24302
2.28484
2.28346
2.24166
2.39671
2.40974
2.39354
2.41604
2.39354
2.40974
2.38404
2.41604
2.34616
2.32208
2.35326
2.31788
2.39715
2.37831
2.36823
0.0696176
0.0652281
3.93896e-32
2.31786e-32
0.227793
0.215902
0.145815
0.137465
2.31786e-32
0.0652281
3.93896e-32
0.0696176
0.40603
0.388262
0.299755
0.314783
0.145815
0.137465
0.215902
0.227793
0.299755
0.388262
0.40603
0.314783
0.500812
0.480684
0.576306
0.598422
0.598422
0.576306
0.500812
0.480684
0.698184
0.674435
0.774402
0.799435
0.698184
0.799435
0.774402
0.674435
0.901547
0.875562
0.977293
1.00391
1.10594
1.079
1.18011
1.20707
1.30678
1.28007
1.37838
1.40456
0.977293
0.901547
1.00391
0.875562
1.59246
1.49994
1.56807
1.47453
1.079
1.18011
1.20707
1.10594
1.28007
1.40456
1.37838
1.30678
1.59246
1.47453
1.49994
1.56807
1.74561
1.65857
1.7673
1.68171
1.9079
1.9261
1.82884
1.84888
2.06635
1.98248
2.0523
1.99868
1.65857
1.7673
1.74561
1.68171
2.11711
2.17668
2.186
2.12886
1.82884
1.9079
1.9261
1.84888
2.23081
2.27932
2.23759
2.28346
2.32348
2.32208
2.35752
2.35895
1.99868
1.98248
2.06635
2.0523
2.186
2.12886
2.17668
2.11711
2.40734
2.41462
2.38982
2.3855
2.43238
2.42298
2.43327
2.44573
2.23759
2.27932
2.23081
2.28346
2.35895
2.32348
2.32208
2.35752
2.43552
2.43238
2.45197
2.45197
2.40734
2.38982
2.42298
2.44573
2.3855
2.41462
2.43327
0.0606774
0.0559657
3.31617e-32
1.99002e-32
0.20354
0.190707
0.128799
0.119812
1.99002e-32
0.0559657
3.31617e-32
0.0606774
0.369729
0.350432
0.267842
0.284109
0.128799
0.119812
0.190707
0.20354
0.553147
0.528948
0.459652
0.437713
0.267842
0.350432
0.369729
0.284109
0.459652
0.437713
0.528948
0.553147
0.649515
0.623419
0.720433
0.748068
0.649515
0.748068
0.720433
0.623419
0.848155
0.819322
0.919437
0.949137
0.819322
0.848155
0.949137
0.919437
1.02016
1.12089
1.15138
1.05041
1.2515
1.22105
1.32011
1.35023
1.44707
1.54154
1.41754
1.51285
1.02016
1.15138
1.12089
1.05041
1.60558
1.72162
1.69531
1.63319
1.22105
1.32011
1.35023
1.2515
1.51285
1.41754
1.54154
1.44707
1.69531
1.60558
1.63319
1.72162
1.88725
1.78162
1.86414
1.80642
1.94254
2.03569
2.0165
1.96377
2.08574
2.15001
2.16468
2.10274
1.86414
1.88725
1.78162
1.80642
2.26276
2.20908
2.22131
2.27242
2.03569
1.96377
1.94254
2.0165
2.31087
2.35326
2.31788
2.35752
2.42043
2.39126
2.38982
2.41898
2.16468
2.08574
2.10274
2.15001
2.26276
2.22131
2.27242
2.20908
2.44062
2.45611
2.46352
2.44502
2.47588
2.46542
2.46853
2.48206
2.35752
2.31087
2.35326
2.31788
2.39126
2.41898
2.38982
2.42043
2.44502
2.45611
2.46352
2.46542
2.48206
2.47588
2.44062
0.0510929
0.0460593
2.65156e-32
1.63936e-32
0.177403
0.163629
0.11051
0.100888
1.63936e-32
0.0460593
2.65156e-32
0.0510929
0.330369
0.309542
0.23345
0.250957
0.11051
0.100888
0.163629
0.177403
0.503705
0.477421
0.41487
0.39112
0.23345
0.309542
0.330369
0.250957
0.59615
0.691495
0.661254
0.567704
0.41487
0.39112
0.477421
0.503705
0.59615
0.567704
0.661254
0.691495
0.789063
0.757375
0.855399
0.888191
0.789063
0.888191
0.757375
0.855399
0.988249
0.954677
1.05459
1.08862
1.05459
0.954677
0.988249
1.08862
1.18873
1.15453
1.25394
1.28801
1.482
1.38594
1.35227
1.449
1.63572
1.66667
1.54363
1.57573
1.15453
1.28801
1.25394
1.18873
1.72482
1.81054
1.83857
1.75442
1.449
1.35227
1.482
1.38594
1.63572
1.54363
1.66667
1.57573
1.72482
1.81054
1.75442
1.83857
1.99473
1.97037
1.8925
1.91879
2.04383
2.1126
2.13265
2.06611
2.2351
2.19413
2.25032
2.17643
1.99473
1.97037
1.8925
1.91879
2.30105
2.28842
2.34616
2.3362
2.1126
2.06611
2.04383
2.13265
2.41462
2.37831
2.3855
2.41898
2.46944
2.46796
2.44649
2.44502
2.17643
2.2351
2.19413
2.25032
2.3362
2.34616
2.30105
2.28842
2.49258
2.50008
2.48334
2.48781
2.49566
2.50623
2.50623
2.49258
2.3855
2.41462
2.41898
2.37831
2.46796
2.50008
2.44649
2.46944
2.48781
2.48334
2.44502
0.0408646
0.0355091
1.94513e-32
1.26588e-32
1.26588e-32
0.0355091
1.94513e-32
0.0408646
0.149382
0.134666
0.0909491
0.0806911
0.28795
0.265593
0.196577
0.215324
0.0909491
0.0806911
0.134666
0.149382
0.340903
0.450093
0.421722
0.366466
0.196577
0.265593
0.28795
0.215324
0.538085
0.629707
0.596857
0.507287
0.366466
0.340903
0.421722
0.450093
0.72426
0.821057
0.785165
0.689714
0.538085
0.507287
0.596857
0.629707
0.72426
0.689714
0.785165
0.821057
0.919442
0.882539
0.981188
1.01878
0.919442
1.01878
0.981188
0.882539
1.11845
1.08049
1.17985
1.21789
1.21789
1.08049
1.17985
1.11845
1.41382
1.31652
1.37647
1.27869
1.47266
1.50928
1.60242
1.56679
1.65839
1.78002
1.74702
1.69281
1.37647
1.27869
1.41382
1.31652
1.8323
1.9434
1.91384
1.86367
1.47266
1.56679
1.50928
1.60242
1.74702
1.65839
1.78002
1.69281
1.9434
1.8323
1.91384
1.86367
2.08985
1.9913
2.06438
2.0189
2.19631
2.13281
2.2171
2.156
2.27297
2.25468
2.30772
2.32339
1.9913
2.06438
2.08985
2.0189
2.35526
2.40734
2.36823
2.39715
2.13281
2.2171
2.156
2.19631
2.43327
2.46352
2.44062
2.46796
2.50609
2.48781
2.4893
2.50459
2.27297
2.32339
2.30772
2.25468
2.36823
2.39715
2.35526
2.40734
2.52441
2.51684
2.51377
2.51829
2.51829
2.50459
2.51377
2.52441
2.46352
2.44062
2.43327
2.46796
2.4893
2.50609
2.48781
8.69601e-33
0.0243154
1.19693e-32
0.0299925
0.0299925
0.0243154
1.19693e-32
8.69601e-33
0.119478
0.10382
0.070117
0.0592235
0.070117
0.0592235
0.10382
0.119478
0.242471
0.218585
0.157226
0.177212
0.392308
0.361852
0.314437
0.287063
0.157226
0.218585
0.177212
0.242471
0.475315
0.5627
0.527238
0.442165
0.314437
0.287063
0.361852
0.392308
0.653739
0.747722
0.616332
0.708727
0.475315
0.442165
0.527238
0.5627
0.84397
0.94182
0.900671
0.803731
0.653739
0.616332
0.708727
0.747722
0.84397
0.803731
0.900671
0.94182
1.04064
0.9989
1.0978
1.13982
1.04064
1.13982
0.9989
1.0978
1.19676
1.29522
1.23877
1.33694
1.19676
1.33694
1.29522
1.23877
1.48848
1.52881
1.39263
1.43378
1.58227
1.71153
1.62154
1.67354
1.76186
1.84684
1.88165
1.79836
1.48848
1.39263
1.52881
1.43378
1.92809
2.0362
2.00529
1.96104
1.67354
1.58227
1.62154
1.71153
1.88165
1.76186
1.84684
1.79836
2.00529
1.92809
2.0362
1.96104
2.14631
2.17272
2.07812
2.10685
2.26776
2.20959
2.28918
2.23356
2.33939
2.36799
2.38404
2.32062
2.07812
2.17272
2.10685
2.14631
2.42298
2.44573
2.40974
2.45611
2.23356
2.26776
2.28918
2.20959
2.48334
2.50459
2.47588
2.50008
2.53046
2.51829
2.52895
2.5198
2.32062
2.33939
2.38404
2.36799
2.42298
2.45611
2.44573
2.40974
2.52895
2.532
2.53655
2.53655
2.50008
2.53046
2.5198
2.50459
2.48334
2.47588
2.51829
0.0184773
0.0124788
4.06975e-33
4.50534e-33
4.50534e-33
0.0124788
4.06975e-33
0.0184773
0.0480142
0.0364858
0.0710931
0.0876916
0.0876916
0.0710931
0.0480142
0.0364858
0.193933
0.168519
0.115397
0.136622
0.115397
0.136622
0.168519
0.193933
0.330352
0.29781
0.258785
0.2296
0.40784
0.490471
0.452398
0.372338
0.258785
0.2296
0.29781
0.330352
0.577495
0.66818
0.626081
0.537226
0.40784
0.372338
0.452398
0.490471
0.761824
0.85774
0.813026
0.718246
0.577495
0.537226
0.626081
0.66818
0.955272
1.05378
1.00777
0.909749
0.761824
0.718246
0.813026
0.85774
1.05378
0.955272
0.909749
1.00777
1.10646
1.20523
1.25132
1.15266
1.15266
1.25132
1.10646
1.20523
1.44578
1.3035
1.34921
1.40073
1.44578
1.3035
1.40073
1.34921
1.4964
1.59001
1.63303
1.54055
1.68112
1.76929
1.80938
1.72278
1.93523
1.97164
1.85411
1.89246
1.59001
1.4964
1.63303
1.54055
2.01229
2.11707
2.085
2.04661
1.80938
1.76929
1.68112
1.72278
1.85411
1.97164
1.89246
1.93523
2.01229
2.11707
2.085
2.04661
2.18277
2.15307
2.21624
2.24346
2.29893
2.27431
2.34901
2.32708
2.43238
2.37437
2.39354
2.41604
2.21624
2.24346
2.15307
2.18277
2.49258
2.48206
2.46542
2.45197
2.27431
2.32708
2.29893
2.34901
2.50623
2.51377
2.52895
2.52441
2.54111
2.53807
2.53655
2.54263
2.41604
2.37437
2.39354
2.43238
2.45197
2.46542
2.49258
2.48206
2.53655
2.52895
2.53807
2.54263
2.50623
2.52441
2.51377
1.05622e-34
0.00631947
0.00631947
1.05622e-34
0.0540242
0.0246418
0.0246418
0.0540242
0.142339
0.0935554
0.0935554
0.142339
0.199513
0.264226
0.199513
0.264226
0.335663
0.41302
0.495528
0.58243
0.335663
0.41302
0.673
0.766528
0.58243
0.495528
0.862335
0.959758
0.766528
0.673
1.05817
1.15694
0.862335
0.959758
1.05817
1.15694
1.25551
1.3533
1.25551
1.3533
1.44979
1.54447
1.54447
1.44979
1.63687
1.72654
1.81306
1.89606
2.05008
1.97517
1.72654
1.63687
2.18612
2.12048
1.89606
1.81306
1.97517
2.05008
2.18612
2.12048
2.24676
2.30218
2.39671
2.35222
2.46853
2.43552
2.24676
2.30218
2.51684
2.49566
2.39671
2.35222
2.54111
2.532
2.54415
2.54111
2.43552
2.46853
2.49566
2.532
2.51684
1.10646
1.4964
1.40073
0.0124788
1.20523
1.3035
1.20523
1.3035
1.10646
0.168519
0.2296
1.00777
1.40073
0.372338
0.909749
0.813026
1.4964
0.718246
0.626081
1.59001
0.537226
0.452398
1.68112
0.29781
1.76929
1.85411
0.115397
0.0710931
1.93523
0.0364858
2.01229
2.085
0.0124788
1.59001
1.68112
2.15307
2.21624
1.85411
2.27431
0.0364858
2.32708
2.37437
0.0710931
2.41604
2.45197
0.115397
2.48206
2.50623
0.168519
2.37437
2.52441
2.41604
2.53655
0.2296
2.54263
2.54263
0.29781
2.53655
2.52441
0.372338
2.50623
2.48206
0.452398
2.45197
0.537226
2.32708
0.626081
2.27431
2.21624
0.718246
2.15307
2.085
0.813026
2.01229
1.93523
0.909749
1.76929
1.00777
4.06975e-33
4.06975e-33
4.50534e-33
0.0184773
0.0184773
4.50534e-33
0.0876916
0.0480142
0.0480142
0.0876916
0.136622
0.193933
0.136622
0.193933
0.330352
0.258785
0.258785
0.330352
0.490471
0.40784
0.66818
0.577495
0.40784
0.490471
0.761824
0.85774
0.66818
0.577495
1.05378
0.955272
0.761824
0.85774
1.15266
1.25132
0.955272
1.05378
1.15266
1.25132
1.44578
1.34921
1.44578
1.34921
1.54055
1.63303
1.63303
1.54055
1.80938
1.72278
1.97164
1.89246
2.04661
2.11707
1.72278
1.80938
2.24346
2.18277
1.97164
1.89246
2.11707
2.04661
2.18277
2.24346
2.29893
2.34901
2.43238
2.39354
2.46542
2.49258
2.34901
2.29893
2.52895
2.51377
2.43238
2.39354
2.54111
2.53807
2.53807
2.52895
2.49258
2.46542
2.51377
1.39263
1.29522
1.29522
1.19676
1.39263
1.0978
0.10382
0.9989
0.900671
1.48848
0.803731
1.58227
0.708727
0.616332
0.527238
1.67354
0.442165
1.76186
0.361852
0.287063
0.218585
1.84684
0.157226
1.92809
0.0592235
0.0243154
2.00529
2.07812
0.0243154
2.14631
1.48848
2.20959
2.26776
1.67354
0.0592235
2.32062
2.36799
1.92809
2.40974
0.10382
2.44573
0.157226
2.47588
2.50008
2.51829
2.26776
0.218585
2.53046
0.287063
2.40974
2.53655
2.53655
2.53046
0.361852
2.51829
0.442165
2.50008
2.47588
2.44573
0.527238
0.616332
2.36799
2.32062
0.708727
2.20959
0.803731
2.14631
2.07812
2.00529
0.900671
0.9989
1.84684
1.76186
1.0978
1.58227
1.19676
1.19693e-32
1.19693e-32
8.69601e-33
0.0299925
0.0299925
8.69601e-33
0.119478
0.070117
0.070117
0.119478
0.177212
0.242471
0.242471
0.177212
0.392308
0.314437
0.314437
0.392308
0.5627
0.475315
0.653739
0.747722
0.475315
0.5627
0.84397
0.94182
0.747722
0.653739
1.04064
1.13982
0.94182
0.84397
1.33694
1.23877
1.04064
1.13982
1.33694
1.23877
1.43378
1.52881
1.52881
1.43378
1.71153
1.62154
1.62154
1.71153
1.88165
1.79836
2.0362
1.96104
2.10685
2.17272
1.88165
1.79836
2.23356
2.28918
1.96104
2.0362
2.17272
2.10685
2.23356
2.28918
2.33939
2.38404
2.42298
2.45611
2.48334
2.50459
2.38404
2.33939
2.52895
2.5198
2.42298
2.45611
2.532
2.52895
2.5198
2.48334
2.50459
1.37647
1.17985
1.47266
0.0355091
1.08049
0.981188
0.882539
1.56679
0.785165
0.265593
0.340903
1.65839
0.689714
0.596857
0.507287
1.74702
0.421722
1.8323
0.196577
1.91384
0.134666
1.9913
0.0806911
2.06438
2.13281
0.0355091
2.19631
1.37647
2.25468
0.0806911
2.30772
2.35526
2.39715
1.74702
1.8323
0.134666
2.43327
0.196577
2.46352
2.48781
2.50609
0.265593
2.19631
2.51829
0.340903
2.30772
2.35526
2.52441
2.52441
2.51829
0.421722
2.50609
0.507287
2.48781
2.46352
2.43327
0.596857
2.39715
0.689714
2.25468
0.785165
0.882539
2.13281
2.06438
1.9913
0.981188
1.91384
1.08049
1.65839
1.17985
1.56679
1.27869
1.47266
1.27869
1.94513e-32
1.94513e-32
1.26588e-32
0.0408646
0.0408646
1.26588e-32
0.0909491
0.149382
0.0909491
0.149382
0.215324
0.28795
0.28795
0.215324
0.450093
0.366466
0.366466
0.450093
0.538085
0.629707
0.72426
0.821057
0.538085
0.629707
0.919442
1.01878
0.821057
0.72426
1.21789
1.11845
0.919442
1.01878
1.41382
1.31652
1.11845
1.21789
1.41382
1.31652
1.60242
1.50928
1.60242
1.50928
1.69281
1.78002
1.78002
1.69281
1.9434
1.86367
2.08985
2.0189
2.156
2.2171
1.86367
1.9434
2.27297
2.32339
2.0189
2.08985
2.2171
2.156
2.27297
2.32339
2.40734
2.36823
2.44062
2.46796
2.4893
2.50459
2.36823
2.40734
2.51684
2.51377
2.46796
2.44062
2.51377
2.50459
2.4893
1.54363
0.954677
0.855399
1.63572
0.757375
0.661254
1.72482
0.567704
0.477421
1.81054
0.39112
0.309542
1.8925
0.23345
0.163629
1.97037
0.100888
0.0460593
2.04383
2.1126
0.0460593
1.05459
1.15453
2.17643
2.2351
1.35227
2.28842
0.100888
2.3362
2.37831
0.163629
2.41462
2.44502
0.23345
2.46944
2.48781
0.309542
2.04383
2.50008
2.1126
2.50623
0.39112
2.50623
2.50008
0.477421
2.3362
2.37831
2.48781
2.46944
0.567704
2.44502
2.41462
0.661254
0.757375
2.28842
2.2351
0.855399
2.17643
0.954677
1.97037
1.05459
1.8925
1.81054
1.15453
1.72482
1.63572
1.25394
1.54363
1.449
1.35227
1.25394
1.449
2.65156e-32
2.65156e-32
1.63936e-32
0.0510929
0.0510929
1.63936e-32
0.177403
0.11051
0.11051
0.177403
0.330369
0.250957
0.250957
0.330369
0.503705
0.41487
0.41487
0.503705
0.691495
0.59615
0.789063
0.888191
0.691495
0.59615
1.08862
0.988249
0.789063
0.888191
1.28801
1.18873
1.08862
0.988249
1.482
1.38594
1.28801
1.18873
1.38594
1.482
1.66667
1.57573
1.57573
1.66667
1.83857
1.75442
1.75442
1.83857
1.99473
1.91879
2.13265
2.06611
2.19413
2.25032
1.91879
1.99473
2.34616
2.30105
2.06611
2.13265
2.25032
2.19413
2.34616
2.30105
2.3855
2.41898
2.44649
2.46796
2.48334
2.49258
2.41898
2.3855
2.49258
2.49566
2.44649
2.48334
2.46796
0.819322
0.720433
1.69531
0.623419
1.78162
0.528948
0.437713
0.350432
1.86414
0.267842
1.94254
0.190707
0.119812
0.0559657
2.0165
2.08574
0.0559657
2.15001
0.919437
2.20908
2.26276
1.12089
0.119812
2.31087
2.35326
1.41754
2.38982
0.190707
2.42043
0.267842
2.44502
2.46352
2.47588
1.86414
0.350432
2.48206
0.437713
2.08574
2.48206
2.47588
2.46352
0.528948
2.26276
2.44502
0.623419
2.42043
2.38982
2.35326
0.720433
2.31087
0.819322
2.20908
2.15001
0.919437
1.02016
2.0165
1.94254
1.12089
1.78162
1.22105
1.69531
1.60558
1.51285
1.32011
1.41754
1.32011
1.22105
1.51285
1.02016
1.60558
3.31617e-32
3.31617e-32
1.99002e-32
0.0606774
0.0606774
1.99002e-32
0.20354
0.128799
0.128799
0.20354
0.369729
0.284109
0.369729
0.284109
0.459652
0.553147
0.459652
0.553147
0.649515
0.748068
0.848155
0.949137
0.649515
0.748068
1.15138
1.05041
0.949137
0.848155
1.35023
1.2515
1.15138
1.05041
1.54154
1.44707
1.35023
1.2515
1.44707
1.54154
1.72162
1.63319
1.72162
1.63319
1.88725
1.80642
1.88725
1.80642
2.03569
1.96377
2.10274
2.16468
2.27242
2.22131
1.96377
2.03569
2.31788
2.35752
2.16468
2.10274
2.22131
2.27242
2.35752
2.31788
2.41898
2.39126
2.45611
2.44062
2.46542
2.46853
2.39126
2.41898
2.45611
2.46542
2.44062
1.74561
0.576306
1.82884
0.480684
0.388262
0.299755
1.9079
0.215902
1.98248
0.137465
0.0652281
2.0523
2.11711
0.0652281
2.17668
0.774402
2.23081
0.137465
2.27932
2.32208
2.35895
1.18011
1.28007
0.215902
2.38982
0.299755
2.41462
2.43327
2.44573
0.388262
1.74561
2.45197
0.480684
1.9079
1.98248
2.45197
2.44573
2.43327
0.576306
2.17668
2.41462
0.674435
2.38982
2.35895
2.32208
0.774402
2.27932
0.875562
2.23081
2.11711
0.977293
2.0523
1.079
1.82884
1.18011
1.28007
1.65857
1.56807
1.47453
1.37838
1.37838
1.47453
1.079
1.56807
0.977293
1.65857
0.875562
0.674435
3.93896e-32
3.93896e-32
2.31786e-32
0.0696176
0.0696176
2.31786e-32
0.145815
0.227793
0.145815
0.227793
0.40603
0.314783
0.314783
0.40603
0.500812
0.598422
0.500812
0.598422
0.799435
0.698184
1.00391
0.901547
0.698184
0.799435
1.10594
1.20707
0.901547
1.00391
1.30678
1.40456
1.10594
1.20707
1.49994
1.59246
1.40456
1.30678
1.49994
1.59246
1.7673
1.68171
1.7673
1.68171
1.9261
1.84888
1.84888
1.9261
2.06635
1.99868
2.186
2.12886
2.23759
2.28346
1.99868
2.06635
2.35752
2.32348
2.186
2.12886
2.23759
2.28346
2.35752
2.32348
2.40734
2.3855
2.43238
2.42298
2.43552
2.43238
2.3855
2.42298
2.40734
1.86654
0.329189
0.239213
1.94186
0.153846
0.0738462
2.01238
2.07783
0.0738462
0.423034
0.520035
2.13799
2.19266
0.720759
2.24166
0.153846
2.28484
2.32208
0.239213
2.35326
2.37831
0.329189
2.39715
2.40974
0.423034
1.52329
2.41604
1.6147
2.41604
0.520035
2.40974
2.39715
0.619499
1.94186
2.01238
2.37831
2.35326
0.720759
2.32208
2.28484
0.823169
2.24166
2.19266
0.926109
2.13799
2.07783
1.02898
1.13122
1.86654
1.78669
1.23227
1.70263
1.33162
1.42878
1.42878
1.33162
1.23227
1.52329
1.13122
1.02898
1.6147
0.926109
0.823169
1.70263
0.619499
1.78669
4.5199e-32
4.5199e-32
2.62287e-32
0.0779137
0.0779137
2.62287e-32
0.250163
0.16156
0.16156
0.250163
0.342978
0.439275
0.439275
0.342978
0.639537
0.538356
0.538356
0.639537
0.742166
0.845606
0.949253
1.05252
0.742166
0.845606
1.25572
1.15485
1.05252
0.949253
1.35461
1.45105
1.15485
1.25572
1.54459
1.63481
1.35461
1.45105
1.63481
1.54459
1.80378
1.72133
1.72133
1.80378
1.88184
1.95519
1.95519
1.88184
2.08676
2.02358
2.19665
2.14451
2.28346
2.24302
2.08676
2.02358
2.31788
2.34616
2.19665
2.14451
2.24302
2.28346
2.34616
2.31788
2.36823
2.38404
2.39671
2.39354
2.39354
2.38404
2.36823
0.168954
0.0818203
1.96609
2.03229
0.0818203
2.09313
0.260642
2.14843
2.19798
0.454753
0.168954
2.24166
2.27932
0.762401
2.31087
0.260642
2.3362
0.356146
2.35526
2.36799
2.37437
1.27741
0.454753
2.37437
0.555772
1.56384
2.36799
2.35526
2.3362
0.658536
1.81858
2.31087
0.762401
2.27932
2.24166
2.19798
0.866747
2.14843
0.970978
2.09313
2.03229
1.96609
1.07452
1.89477
1.17684
1.73782
1.65279
1.27741
1.37573
1.47136
1.37573
1.47136
1.17684
1.56384
1.07452
0.970978
0.866747
1.65279
1.73782
0.658536
0.555772
1.81858
0.356146
1.89477
5.05899e-32
5.05899e-32
2.90505e-32
0.0855658
0.0855658
2.90505e-32
0.176033
0.27065
0.176033
0.27065
0.469468
0.368697
0.469468
0.368697
0.676497
0.572287
0.572287
0.676497
0.78147
0.886593
1.095
0.991289
0.78147
0.886593
1.29735
1.19718
0.991289
1.095
1.39501
1.48972
1.19718
1.29735
1.58106
1.66864
1.39501
1.48972
1.58106
1.66864
1.8311
1.7521
1.8311
1.7521
1.97456
1.90534
1.97456
1.90534
2.0385
2.09696
2.19665
2.14973
2.27242
2.23759
2.09696
2.0385
2.30105
2.32339
2.19665
2.14973
2.23759
2.27242
2.32339
2.30105
2.34901
2.33939
2.34901
2.35222
2.33939
1.98061
2.04223
0.0891507
0.0891507
2.09823
2.14842
0.182793
2.19266
2.23081
0.483421
0.5879
2.26276
0.280189
2.28842
0.380629
2.30772
2.32062
2.32708
1.11394
0.483421
2.32708
1.31554
1.41244
0.5879
2.32062
2.30772
2.28842
1.68237
0.693423
2.26276
0.799371
2.23081
2.19266
1.98061
2.14842
0.905148
2.09823
1.01019
2.04223
1.91356
1.11394
1.84133
1.21589
1.76417
1.59624
1.31554
1.50614
1.41244
1.21589
1.50614
1.59624
1.01019
0.905148
0.799371
1.68237
0.693423
1.76417
0.380629
1.84133
0.280189
1.91356
0.182793
5.55626e-32
5.55626e-32
3.16442e-32
0.0925746
3.16442e-32
0.0925746
0.289259
0.189236
0.189236
0.289259
0.496613
0.391945
0.496613
0.391945
0.602614
0.709314
0.602614
0.709314
0.922412
0.816109
1.13135
1.02767
0.816109
0.922412
1.33199
1.23295
1.13135
1.02767
1.52061
1.42802
1.23295
1.33199
1.69398
1.60939
1.42802
1.52061
1.69398
1.60939
1.77404
1.84929
1.77404
1.84929
1.98424
1.91944
1.98424
1.91944
2.04348
2.09696
2.186
2.14451
2.22131
2.25032
2.04348
2.09696
2.28918
2.27297
2.14451
2.186
2.22131
2.25032
2.28918
2.27297
2.30218
2.29893
2.29893
0.0958379
2.04223
2.09313
2.13799
0.195362
2.17668
2.20908
0.297859
2.2351
2.25468
0.402642
2.26776
2.27431
0.831681
0.509045
0.938388
2.27431
2.26776
0.616428
2.25468
2.2351
1.3467
1.44176
0.724171
2.20908
2.17668
0.831681
2.13799
2.09313
0.938388
2.04223
1.98545
1.04375
1.92296
1.85497
1.14724
1.78172
1.70347
1.24838
1.62051
1.53315
1.3467
1.44176
1.24838
1.14724
1.53315
1.04375
1.62051
0.724171
1.70347
0.616428
0.509045
1.78172
0.402642
0.297859
1.85497
0.195362
0.0958379
1.92296
1.98545
6.01172e-32
6.01172e-32
3.401e-32
0.0989406
0.0989406
3.401e-32
0.201171
0.30599
0.201171
0.30599
0.412724
0.520718
0.520718
0.412724
0.737996
0.629345
0.737996
0.629345
0.953077
0.846094
1.16161
1.05842
0.846094
0.953077
1.35967
1.26218
1.16161
1.05842
1.45366
1.54376
1.35967
1.26218
1.6296
1.71085
1.45366
1.54376
1.6296
1.71085
1.7872
1.85838
1.7872
1.85838
1.98424
1.92413
1.98424
1.92413
2.08676
2.0385
2.12886
2.16468
2.2171
2.19412
2.0385
2.08676
2.23356
2.24346
2.12886
2.16468
2.19412
2.2171
2.23356
2.24676
2.24346
2.07783
0.206663
2.11711
2.15001
2.17643
0.313653
2.19631
0.42219
2.20959
0.531632
2.21624
2.21624
0.531632
0.859345
2.20959
0.641363
2.19631
2.17643
1.17446
2.15001
0.75079
2.11711
0.859345
2.07783
2.03229
1.63667
1.98061
0.966482
1.92296
1.07169
1.85951
1.79049
1.71612
1.17446
1.27435
1.55243
1.46373
1.3709
1.3709
1.27435
1.46373
1.07169
0.966482
1.55243
1.63667
0.75079
0.641363
1.71612
0.42219
1.79049
0.313653
0.206663
0.101883
1.85951
1.92296
0.101883
1.98061
2.03229
6.42544e-32
6.42544e-32
3.61482e-32
0.104665
0.104665
3.61482e-32
0.320848
0.21184
0.21184
0.320848
0.541788
0.431042
0.431042
0.541788
0.652487
0.762555
0.652487
0.762555
0.871439
0.978604
1.18579
1.08355
0.871439
0.978604
1.38041
1.28489
1.18579
1.08355
1.55917
1.47196
1.28489
1.38041
1.71928
1.64172
1.55917
1.47196
1.71928
1.64172
1.79159
1.85838
1.79159
1.85838
1.91944
1.97456
1.91944
1.97456
2.02358
2.06635
2.10274
2.13265
2.17272
2.156
2.02358
2.06635
2.18612
2.18277
2.13265
2.10274
2.17272
2.156
2.18277
0.2167
2.0523
2.08574
2.1126
0.327576
2.13281
0.327576
0.439277
2.14631
0.551188
0.662715
2.15307
2.15307
0.551188
2.14631
0.989445
0.662715
2.13281
2.1126
2.08574
0.773291
1.38818
1.47836
2.0523
0.882374
2.01238
1.96609
1.91356
0.989445
1.85497
1.09401
1.79049
1.72033
1.64475
1.19561
1.56399
1.2938
1.2938
1.38818
1.19561
1.47836
1.09401
0.882374
1.56399
0.773291
1.64475
0.439277
1.72033
1.79049
0.2167
0.107287
1.85497
1.91356
0.107287
1.96609
2.01238
6.79747e-32
6.79747e-32
3.80592e-32
0.109748
0.109748
3.80592e-32
0.333837
0.221245
0.221245
0.333837
0.559831
0.446901
0.559831
0.446901
0.783001
0.672051
0.672051
0.783001
0.892156
0.999006
1.10308
1.20391
0.892156
0.999006
1.39422
1.3011
1.10308
1.20391
1.48293
1.56688
1.3011
1.39422
1.64576
1.71928
1.56688
1.48293
1.71928
1.64576
1.7872
1.84929
1.84929
1.7872
1.90534
1.95519
1.95519
1.90534
1.99868
2.03569
2.0661
2.08985
2.10685
2.11707
1.99868
2.03569
2.11707
2.12048
2.08985
2.0661
2.10685
2.04383
0.339632
2.06438
0.112051
2.07812
0.453911
2.085
2.085
0.56772
0.56772
0.680492
2.07812
2.06438
0.680492
2.04383
2.0165
0.791685
1.98248
1.94186
0.900781
1.89477
1.39854
1.84133
1.00729
1.78172
1.71612
1.11074
1.64475
1.56784
1.21071
1.48567
1.30676
1.30676
1.21071
1.39854
1.11074
1.00729
1.48567
0.900781
0.791685
1.56784
1.64475
0.453911
0.339632
1.71612
0.225474
1.78172
1.84133
0.112051
2.0165
1.89477
1.94186
1.98248
0.225474
7.12788e-32
7.12788e-32
3.97434e-32
0.114193
0.114193
3.97434e-32
0.229389
0.344961
0.229389
0.344961
0.574854
0.46031
0.46031
0.574854
0.799344
0.688043
0.688043
0.799344
1.0143
0.908256
1.21599
1.11702
0.908256
1.0143
1.31081
1.40113
1.21599
1.11702
1.48659
1.56688
1.40113
1.31081
1.64172
1.71085
1.56688
1.48659
1.64172
1.71085
1.8311
1.77404
1.8311
1.77404
1.88183
1.9261
1.9261
1.88183
1.99473
1.96377
2.0362
2.0189
2.05008
2.04661
1.99473
1.96377
2.04661
2.0189
2.0362
0.349824
2.00529
0.466095
2.01229
2.01229
2.00529
0.349824
0.581235
1.9913
0.694702
1.97037
1.94254
1.9079
0.914576
0.80598
1.86654
0.914576
1.81858
1.21976
1.76417
1.70347
1.40199
1.02003
1.63667
1.12189
1.56399
1.48567
1.21976
1.31324
1.31324
1.12189
1.02003
1.40199
1.48567
0.80598
0.694702
0.581235
1.56399
0.466095
1.63667
0.232988
0.116176
1.70347
1.76417
0.116176
1.9913
1.81858
1.86654
1.9079
0.232988
1.94254
1.97037
7.41676e-32
7.41676e-32
4.12011e-32
0.117999
0.117999
4.12011e-32
0.354223
0.236274
0.236274
0.354223
0.586863
0.471271
0.586863
0.471271
0.811593
0.700473
0.700473
0.811593
1.02448
0.919748
1.22202
1.12537
0.919748
1.02448
1.40113
1.31405
1.12537
1.22202
1.55917
1.48293
1.40113
1.31405
1.69398
1.6296
1.48293
1.55917
1.6296
1.69398
1.7521
1.80378
1.7521
1.80378
1.84887
1.88725
1.84887
1.88725
1.91879
1.9434
1.96104
1.97164
1.97517
1.97164
1.9434
1.91879
1.96104
0.475836
1.93523
1.93523
0.119663
1.92809
0.591739
1.91384
0.705353
1.8925
0.591739
0.705353
1.86414
1.82884
0.816184
1.78669
0.923768
1.73782
1.68237
1.22277
1.62051
1.02767
1.55243
1.12746
1.47836
1.39854
1.31324
1.22277
1.31324
1.12746
1.02767
0.923768
1.39854
0.816184
1.47836
0.475836
1.55243
0.358157
1.62051
0.239245
1.68237
1.73782
0.119663
1.92809
1.78669
1.82884
0.239245
1.86414
1.8925
1.91384
0.358157
7.66419e-32
7.66419e-32
4.2433e-32
0.121168
0.121168
4.2433e-32
0.241904
0.361627
0.241904
0.361627
0.595864
0.479792
0.595864
0.479792
0.819755
0.709346
0.709346
0.819755
0.926641
1.02957
1.22202
1.12816
1.02957
0.926641
1.31081
1.39422
1.12816
1.22202
1.54376
1.47196
1.39422
1.31081
1.66864
1.60939
1.54376
1.47196
1.60939
1.66864
1.72133
1.7673
1.72133
1.7673
1.83857
1.80642
1.83857
1.80642
1.86367
1.88165
1.89245
1.89606
1.89245
1.86367
1.88165
1.84684
0.599239
1.8323
1.81054
0.71245
1.78161
1.74561
0.822305
1.70263
0.599239
1.65279
0.928363
1.59624
0.928363
1.53315
1.03021
1.03021
1.46373
1.38818
1.12746
1.30676
1.21976
1.21976
1.12746
1.30676
0.822305
1.38818
0.71245
1.46373
0.483137
0.364634
1.53315
0.244247
0.122515
1.59624
1.65279
0.122515
1.85411
1.70263
1.85411
1.74561
1.78161
0.244247
1.81054
1.8323
0.364634
1.84684
0.483137
7.87026e-32
7.87026e-32
4.34393e-32
0.123702
0.123702
4.34393e-32
0.367178
0.246279
0.367178
0.246279
0.485874
0.601862
0.601862
0.485874
0.823834
0.714668
0.714668
0.823834
0.928938
1.02957
1.12537
1.21599
1.02957
0.928938
1.38041
1.3011
1.21599
1.12537
1.45366
1.52061
1.38041
1.3011
1.63481
1.58106
1.52061
1.45366
1.58106
1.63481
1.68171
1.72162
1.72162
1.68171
1.75442
1.78002
1.78002
1.75442
1.79836
1.80938
1.81306
1.80938
1.79836
0.603737
1.72482
0.715998
1.69531
1.65857
1.6147
0.369259
0.824344
1.56384
0.603737
0.928363
1.50614
1.44176
1.3709
1.02767
1.2938
1.12189
1.21071
1.12189
1.02767
1.21071
0.928363
1.2938
0.824344
0.715998
1.3709
0.488002
1.44176
0.247997
0.124731
1.50614
1.56384
0.124731
1.74702
1.6147
1.65857
1.69531
1.76929
0.247997
1.72482
1.74702
1.76186
0.369259
0.488002
1.76929
1.76186
8.03504e-32
8.03504e-32
4.42206e-32
0.125602
0.125602
4.42206e-32
0.370876
0.249403
0.249403
0.370876
0.604861
0.489523
0.489523
0.604861
0.823834
0.716442
0.716442
0.823834
1.02448
0.926641
1.20391
1.11702
1.02448
0.926641
1.35967
1.28489
1.20391
1.11702
1.48972
1.42802
1.35967
1.28489
1.54459
1.59246
1.42802
1.48972
1.54459
1.59246
1.66667
1.63319
1.66667
1.63319
1.69281
1.71153
1.71153
1.69281
1.72278
1.72654
1.72278
0.715998
1.60558
1.56807
1.52329
0.822305
1.47136
0.372032
0.923768
1.41244
0.605236
1.3467
1.27435
1.02003
1.19561
1.11074
1.11074
1.02003
0.923768
1.19561
0.822305
1.27435
0.715998
0.490434
1.3467
1.41244
0.250496
0.126314
1.47136
1.52329
0.126314
1.63572
1.56807
1.60558
1.67354
1.68112
0.250496
1.63572
1.65839
1.67354
0.372032
1.68112
0.490434
1.65839
0.605236
8.1586e-32
8.1586e-32
4.47771e-32
0.126867
0.126867
4.47771e-32
0.372725
0.251277
0.251277
0.372725
0.604861
0.490739
0.604861
0.490739
0.819755
0.714668
0.714668
0.819755
0.919748
1.0143
1.10308
1.18579
0.919748
1.0143
1.26218
1.33199
1.18579
1.10308
1.39501
1.45105
1.33199
1.26218
1.54154
1.49994
1.45105
1.39501
1.49994
1.54154
1.60242
1.57573
1.57573
1.60242
1.63303
1.62154
1.62154
1.63303
1.63687
1.42878
0.816184
1.37573
0.127263
1.31554
0.914576
1.24838
1.17446
1.00729
0.603737
0.71245
1.09401
1.00729
1.09401
0.914576
0.816184
1.17446
1.24838
0.490434
0.372956
1.31554
0.251745
1.37573
1.42878
0.127263
1.47453
1.47453
1.51285
1.51285
1.54363
0.251745
1.56679
1.58227
0.372956
1.59001
1.59001
0.490434
1.58227
1.56679
0.603737
1.54363
0.71245
8.241e-32
8.241e-32
4.51092e-32
0.1275
0.1275
4.51092e-32
0.251902
0.372725
0.251902
0.372725
0.601862
0.489523
0.489523
0.601862
0.811593
0.709346
0.709346
0.811593
0.908256
0.999006
1.16161
1.08355
0.999006
0.908256
1.29735
1.23295
1.16161
1.08355
1.40456
1.35461
1.29735
1.23295
1.482
1.44707
1.40456
1.35461
1.44707
1.482
1.52881
1.50928
1.52881
1.50928
1.54055
1.54055
1.54447
0.80598
1.21589
0.900781
1.14724
1.07169
0.989445
0.372032
0.989445
0.900781
1.07169
0.80598
0.705353
0.599239
1.14724
0.488002
1.21589
0.251745
0.127579
1.27741
1.33162
0.127579
1.27741
1.37838
1.41754
1.449
1.41754
0.251745
1.47266
1.48848
1.4964
0.372032
1.4964
0.488002
1.48848
1.47266
1.449
0.599239
0.705353
1.37838
1.33162
8.28229e-32
8.28229e-32
4.52169e-32
0.1275
0.1275
4.52169e-32
0.370876
0.251277
0.251277
0.370876
0.595864
0.485874
0.485874
0.595864
0.700473
0.799344
0.799344
0.700473
0.892156
0.978604
1.05842
1.13135
0.892156
0.978604
1.19718
1.25571
1.05842
1.13135
1.35023
1.30678
1.19718
1.25571
1.38594
1.41382
1.35023
1.30678
1.38594
1.41382
1.44578
1.43378
1.44578
1.43378
1.44979
0.882374
1.04375
0.966482
0.127263
0.882374
0.966482
0.791685
1.04375
0.694702
0.591739
0.483137
1.11394
0.369259
1.17684
0.250496
1.23227
1.28007
0.127263
1.11394
1.32011
1.35227
1.23227
1.28007
0.250496
1.37647
1.39263
1.40073
1.37647
0.369259
1.40073
0.483137
1.39263
1.35227
0.591739
1.32011
0.694702
1.17684
0.791685
8.28247e-32
8.28247e-32
4.51003e-32
0.126867
0.126867
4.51003e-32
0.367178
0.249403
0.249403
0.367178
0.479792
0.586863
0.586863
0.479792
0.688043
0.783001
0.688043
0.783001
0.871439
0.953077
1.095
1.02767
0.953077
0.871439
1.15485
1.20707
1.095
1.02767
1.2515
1.28801
1.15485
1.20707
1.31652
1.33693
1.2515
1.28801
1.31652
1.33693
1.3533
1.34921
1.34921
0.773291
0.938388
0.680492
0.581235
1.01019
0.475836
0.364634
1.07452
0.247997
0.126314
1.13122
1.18011
0.126314
0.859345
1.22105
0.938388
1.25394
1.27869
0.247997
1.29522
1.3035
1.18011
1.22105
0.364634
1.3035
1.29522
0.475836
1.27869
1.25394
0.581235
0.680492
1.13122
1.07452
0.773291
1.01019
0.859345
8.24155e-32
8.24155e-32
4.47594e-32
0.125601
0.125601
4.47594e-32
0.246279
0.361627
0.246279
0.361627
0.574854
0.471271
0.574854
0.471271
0.672051
0.762555
0.672051
0.762555
0.846094
0.922412
1.05252
0.991289
0.922412
0.846094
1.15138
1.10594
1.05252
0.991289
1.21789
1.18873
1.15138
1.10594
1.25132
1.23877
1.18873
1.21789
1.25132
1.23877
1.25551
0.905148
0.466095
0.970978
0.358157
0.244247
0.124731
1.02898
1.079
0.124731
0.56772
1.12089
1.15453
1.17985
0.831681
0.244247
1.19676
1.20523
1.20523
1.02898
0.358157
1.19676
0.466095
1.17985
1.15453
1.12089
0.56772
1.079
0.662715
0.970978
0.905148
0.75079
0.831681
0.75079
0.662715
8.15951e-32
8.15951e-32
4.4194e-32
0.123702
0.123702
4.4194e-32
0.354223
0.241904
0.241904
0.354223
0.46031
0.559831
0.559831
0.46031
0.652487
0.737996
0.737996
0.652487
0.886593
0.816108
0.949253
1.00391
0.886593
0.816108
1.08862
1.05041
1.00391
0.949253
1.11845
1.13982
1.08862
1.05041
1.15694
1.15266
1.13982
1.11845
1.15266
0.926109
0.239245
0.122515
0.977293
1.02016
0.122515
0.349824
1.05459
1.08049
0.551188
0.641363
0.239245
1.0978
1.10646
1.10646
0.866747
0.349824
1.0978
0.453911
1.08049
1.05459
1.02016
0.551188
0.977293
0.641363
0.926109
0.799371
0.724171
0.724171
0.799371
0.453911
0.866747
8.03631e-32
8.03631e-32
4.34038e-32
0.121168
0.121168
4.34038e-32
0.236274
0.344961
0.236274
0.344961
0.541788
0.446901
0.541788
0.446901
0.709314
0.629345
0.709314
0.629345
0.845606
0.78147
0.901547
0.949137
0.845606
0.78147
0.988249
1.01878
0.901547
0.949137
1.04064
1.05378
1.01878
0.988249
1.05817
1.05378
1.04064
0.919437
0.119663
0.954677
0.119663
0.981188
0.9989
0.232988
1.00777
1.00777
0.531632
0.616428
0.339632
0.9989
0.762401
0.981188
0.439277
0.954677
0.919437
0.531632
0.875562
0.823169
0.616428
0.693423
0.693423
0.762401
0.439277
0.339632
0.823169
0.232988
0.875562
7.87189e-32
7.87189e-32
4.23885e-32
0.117999
4.23885e-32
0.117999
0.333837
0.229389
0.229389
0.333837
0.431042
0.520718
0.431042
0.520718
0.676497
0.602614
0.602614
0.676497
0.742165
0.799435
0.848155
0.888191
0.799435
0.742165
0.919441
0.94182
0.888191
0.848155
0.959758
0.955271
0.94182
0.919441
0.955271
0.116176
0.855398
0.882538
0.900671
0.225474
0.909749
0.327576
0.909749
0.900671
0.327576
0.882538
0.42219
0.855398
0.819321
0.774402
0.509045
0.720759
0.5879
0.658536
0.5879
0.509045
0.658536
0.42219
0.720759
0.225474
0.116176
0.774402
0.819321
7.66619e-32
7.66619e-32
4.11478e-32
0.114193
0.114193
4.11478e-32
0.320848
0.221245
0.221245
0.320848
0.496613
0.412724
0.412724
0.496613
0.639537
0.572287
0.639537
0.572287
0.748068
0.698184
0.821056
0.789063
0.698184
0.748068
0.84397
0.85774
0.821056
0.789063
0.862335
0.84397
0.85774
0.803731
0.2167
0.813026
0.112051
0.813026
0.803731
0.313653
0.785165
0.402642
0.483421
0.555772
0.757375
0.720433
0.674435
0.483421
0.619499
0.555772
0.402642
0.619499
0.313653
0.674435
0.2167
0.720433
0.757375
0.112051
0.785165
7.41913e-32
7.41913e-32
3.9681e-32
0.109748
0.109748
3.9681e-32
0.30599
0.21184
0.21184
0.30599
0.391945
0.469467
0.391945
0.469467
0.538356
0.598422
0.598422
0.538356
0.691495
0.649515
0.72426
0.747722
0.649515
0.691495
0.761824
0.766528
0.747722
0.72426
0.761824
0.206663
0.718246
0.708727
0.297859
0.689714
0.661254
0.380629
0.623419
0.576306
0.454753
0.520035
0.454753
0.520035
0.380629
0.297859
0.576306
0.206663
0.107287
0.623419
0.661254
0.107287
0.689714
0.708727
0.718246
7.13062e-32
7.13062e-32
3.79879e-32
0.104665
0.104665
3.79879e-32
0.289259
0.201171
0.201171
0.289259
0.368697
0.439275
0.368697
0.439275
0.500812
0.553147
0.500812
0.553147
0.59615
0.629707
0.66818
0.653739
0.629707
0.59615
0.66818
0.672999
0.653739
0.616332
0.596856
0.280189
0.567704
0.356146
0.528948
0.280189
0.480684
0.423034
0.423034
0.356146
0.480684
0.195362
0.101883
0.528948
0.567704
0.101883
0.596856
0.626081
0.616332
0.626081
0.195362
6.80057e-32
6.80057e-32
0.0989406
3.6068e-32
0.0989406
3.6068e-32
0.27065
0.189236
0.189236
0.27065
0.40603
0.342978
0.40603
0.342978
0.459652
0.503705
0.459652
0.503705
0.5627
0.538084
0.582429
0.577495
0.538084
0.577495
0.5627
0.260642
0.477421
0.329189
0.437713
0.388262
0.329189
0.388262
0.260642
0.437713
0.182793
0.0958379
0.477421
0.507287
0.0958379
0.527238
0.527238
0.537226
0.182793
0.537226
0.507287
6.42891e-32
6.42891e-32
3.39208e-32
0.0925745
0.0925745
3.39208e-32
0.250163
0.176033
0.176033
0.250163
0.369729
0.314783
0.314783
0.369729
0.41487
0.450093
0.450093
0.41487
0.475315
0.490471
0.495528
0.490471
0.475315
0.299755
0.299755
0.239213
0.350432
0.168954
0.0891507
0.39112
0.421722
0.0891507
0.350432
0.39112
0.442165
0.452398
0.452398
0.168954
0.442165
0.421722
0.239213
6.01556e-32
6.01556e-32
3.15459e-32
0.0855658
0.0855658
3.15459e-32
0.227793
0.16156
0.227793
0.16156
0.330369
0.284109
0.330369
0.284109
0.392308
0.366466
0.366466
0.392308
0.40784
0.41302
0.40784
0.153846
0.0818203
0.309542
0.340903
0.0818203
0.361852
0.215902
0.372338
0.372338
0.309542
0.153846
0.361852
0.340903
0.215902
0.267842
0.267842
5.56046e-32
5.56046e-32
2.89432e-32
0.0779137
0.0779137
2.89432e-32
0.145815
0.20354
0.145815
0.20354
0.28795
0.250957
0.28795
0.250957
0.330352
0.314437
0.314437
0.335663
0.330352
0.265593
0.287063
0.0738462
0.0738462
0.29781
0.29781
0.137465
0.287063
0.265593
0.23345
0.190707
0.190707
0.23345
0.137465
5.06357e-32
5.06357e-32
2.61123e-32
0.0696176
2.61123e-32
0.0696176
0.128799
0.177403
0.128799
0.177403
0.242471
0.215324
0.242471
0.215324
0.264226
0.258785
0.258785
0.0652281
0.2296
0.2296
0.218584
0.119812
0.196577
0.163628
0.163628
0.119812
0.0652281
0.196577
0.218584
4.52484e-32
4.52484e-32
2.30532e-32
0.0606773
0.0606773
2.30532e-32
0.149382
0.11051
0.11051
0.149382
0.177212
0.193933
0.177212
0.193933
0.199513
0.157226
0.100888
0.134666
0.100888
0.0559657
0.134666
0.157226
0.0559657
0.168519
0.168519
3.94427e-32
3.94427e-32
1.97658e-32
0.0510929
0.0510929
1.97658e-32
0.119478
0.0909491
0.0909491
0.119478
0.136622
0.136622
0.142339
0.0806911
0.0806911
0.0460593
0.10382
0.115397
0.0460593
0.115397
0.10382
3.32186e-32
3.32186e-32
1.62502e-32
0.0408645
1.62502e-32
0.0408645
0.070117
0.0876916
0.070117
0.0876916
0.0935554
0.0710931
0.0355091
0.0710931
0.0592235
0.0355091
0.0592235
2.65761e-32
2.65761e-32
0.0299925
1.25064e-32
0.0299925
1.25064e-32
0.0480142
0.0480142
0.0540242
0.0243154
0.0364858
0.0243154
0.0364858
1.95156e-32
1.95156e-32
8.53453e-33
0.0184773
0.0184773
8.53453e-33
0.0246418
0.0124788
0.0124788
1.20372e-32
1.20372e-32
4.33484e-33
4.33484e-33
0.00631948
1.79052e-35
4.14137e-33
4.14137e-33
