1.80101e-35
4.16563e-33
4.16563e-33
4.36031e-33
1.21077e-32
0.00635651
0.0125519
4.36031e-33
1.21077e-32
0.0125519
8.58458e-33
0.0244578
1.96298e-32
0.0185856
0.0247859
0.0366995
0.0366995
0.0185856
0.0244578
1.96298e-32
8.58458e-33
1.25796e-32
0.0357168
2.67316e-32
0.0301681
0.0595701
0.0715092
0.048295
0.0543405
1.25796e-32
0.0357168
0.048295
0.0715092
0.0595701
0.0301681
2.67316e-32
1.63453e-32
0.0411036
0.0463286
3.34127e-32
0.0705268
0.0811629
0.104427
0.0882046
0.116072
0.0941023
0.116072
0.0882046
0.0411036
3.34127e-32
0.0463286
1.63453e-32
0.0811629
0.0705268
0.104427
1.98813e-32
3.96729e-32
0.0513915
0.0562926
0.0914803
0.101477
0.135453
0.120176
0.0562926
3.96729e-32
0.0513915
1.98813e-32
0.169503
0.143171
0.158145
0.13742
0.13742
0.135453
0.158145
0.0914803
0.169503
0.120176
0.101477
2.31878e-32
0.0656085
4.55122e-32
0.0610315
0.111155
0.120511
0.164583
0.150255
0.195066
0.178247
0.197725
0.21986
4.55122e-32
0.0656085
0.0610315
2.31878e-32
0.111155
0.164583
0.120511
0.150255
0.200677
0.230941
0.195066
0.230941
0.197725
0.21986
0.178247
2.62646e-32
0.0742764
5.09304e-32
0.0700234
0.129549
0.138266
0.191819
0.178438
0.267141
0.243885
0.21658
0.23481
0.260294
0.288736
0.299547
0.265767
2.62646e-32
0.0742764
5.09304e-32
0.0700234
0.129549
0.138266
0.191819
0.178438
0.288736
0.267141
0.23481
0.299547
0.21658
0.260294
0.243885
2.91117e-32
0.0822963
5.59279e-32
0.0783672
0.146664
0.154741
0.217159
0.204726
0.269401
0.311344
0.289627
0.252418
0.316269
0.342888
0.363959
0.332277
0.0783672
2.91117e-32
0.0822963
5.59279e-32
0.337618
0.374506
0.374506
0.332277
0.154741
0.217159
0.146664
0.204726
0.289627
0.342888
0.363959
0.269401
0.252418
0.316269
0.311344
3.17293e-32
0.0896685
6.05048e-32
0.0860632
0.229118
0.162499
0.169936
0.240604
0.301497
0.352469
0.332291
0.285762
0.368597
0.393394
0.424175
0.394591
0.410213
0.444736
0.455029
0.415424
6.05048e-32
0.0860632
3.17293e-32
0.0896685
0.240604
0.169936
0.229118
0.162499
0.455029
0.444736
0.410213
0.394591
0.332291
0.285762
0.301497
0.352469
0.393394
0.424175
0.368597
3.41177e-32
0.0963938
6.46617e-32
0.0931119
0.177055
0.262154
0.251615
0.183853
0.0931119
0.0963938
6.46617e-32
3.41177e-32
0.331099
0.390515
0.371877
0.316611
0.41728
0.480193
0.452708
0.440254
0.493321
0.510232
0.530299
0.478076
0.540345
0.498407
0.493321
0.540345
0.183853
0.262154
0.251615
0.177055
0.390515
0.331099
0.371877
0.316611
0.530299
0.510232
0.440254
0.478076
0.480193
0.41728
0.452708
3.6277e-32
0.102473
6.83993e-32
0.099514
0.190333
0.196493
0.281813
0.27222
0.099514
0.102473
6.83993e-32
3.6277e-32
0.358209
0.425486
0.408385
0.344966
0.196493
0.27222
0.281813
0.190333
0.462318
0.48347
0.506627
0.532013
0.565964
0.570995
0.600316
0.541206
0.62971
0.585808
0.619904
0.580845
0.580845
0.62971
0.619904
0.565964
0.344966
0.425486
0.358209
0.408385
0.600316
0.506627
0.532013
0.48347
0.462318
0.541206
0.570995
3.82078e-32
0.105271
0.107907
7.17183e-32
0.202336
0.207859
0.299582
0.290933
0.382831
0.457384
0.441818
0.370832
0.105271
0.107907
7.17183e-32
3.82078e-32
0.299582
0.207859
0.290933
0.202336
0.503712
0.523044
0.57964
0.55635
0.382831
0.441818
0.370832
0.457384
0.599602
0.627026
0.665079
0.633354
0.657524
0.67205
0.693704
0.712827
0.722401
0.67205
0.676896
0.722401
0.657524
0.693704
0.712827
0.633354
0.523044
0.627026
0.55635
0.503712
0.665079
0.599602
0.57964
3.99104e-32
7.46195e-32
0.110383
0.112698
0.213064
0.217951
0.315465
0.307759
0.404968
0.486213
0.472181
0.39421
0.110383
0.112698
7.46195e-32
3.99104e-32
0.541467
0.558982
0.623077
0.601882
0.315465
0.217951
0.307759
0.213064
0.472181
0.486213
0.404968
0.39421
0.67833
0.653269
0.724593
0.695492
0.558982
0.541467
0.601882
0.623077
0.752043
0.728446
0.789698
0.761748
0.766227
0.808371
0.770957
0.817719
0.817719
0.752043
0.766227
0.808371
0.728446
0.695492
0.653269
0.761748
0.67833
0.724593
0.789698
4.13853e-32
0.116846
7.71038e-32
0.114852
0.222522
0.226774
0.329466
0.3227
0.424625
0.511981
0.415106
0.499479
0.57559
0.59129
0.662332
0.643227
0.114852
0.116846
7.71038e-32
4.13853e-32
0.226774
0.329466
0.3227
0.222522
0.778865
0.724913
0.702211
0.752384
0.511981
0.424625
0.499479
0.415106
0.643227
0.57559
0.59129
0.662332
0.860326
0.825792
0.793614
0.824042
0.702211
0.778865
0.724913
0.752384
0.862686
0.848836
0.905859
0.887622
0.914989
0.867307
0.862686
0.914989
0.825792
0.860326
0.824042
0.848836
0.905859
0.887622
0.793614
4.26329e-32
0.120353
7.91722e-32
0.118679
0.230711
0.23433
0.341588
0.335761
0.441807
0.433525
0.534693
0.523718
0.606086
0.619976
0.697413
0.680394
4.26329e-32
7.91722e-32
0.118679
0.120353
0.804037
0.746439
0.766787
0.827904
0.230711
0.23433
0.341588
0.335761
0.534693
0.441807
0.523718
0.433525
0.880596
0.924722
0.893302
0.853036
0.680394
0.697413
0.606086
0.619976
0.746439
0.766787
0.804037
0.827904
0.960163
0.986826
0.924731
0.947238
0.924722
0.880596
0.853036
0.893302
0.965279
0.960766
1.01356
1.00464
0.960163
1.01356
0.986826
1.00464
0.947238
0.960766
0.924731
4.36538e-32
0.12322
8.08254e-32
0.121866
0.237634
0.240622
0.351837
0.346946
0.449473
0.456521
0.554356
0.544905
0.632964
0.645049
0.728331
0.713392
0.121866
0.12322
8.08254e-32
4.36538e-32
0.850464
0.785961
0.803961
0.871722
0.237634
0.346946
0.351837
0.240622
0.982898
0.954586
0.931423
0.906725
0.456521
0.554356
0.544905
0.449473
0.713392
0.728331
0.645049
0.632964
1.02601
1.06063
1.02462
0.993921
0.871722
0.785961
0.803961
0.850464
0.982898
0.931423
0.906725
0.954586
1.05983
1.04661
1.08668
1.10409
1.02462
0.993921
1.06063
1.02601
1.1128
1.06424
1.05983
1.04661
1.10409
1.08668
1.1128
4.44484e-32
0.125448
8.20642e-32
0.124414
0.243295
0.245651
0.360216
0.356259
0.124414
0.125448
8.20642e-32
4.44484e-32
0.462955
0.468773
0.570979
0.563047
0.656234
0.666518
0.755096
0.742232
0.910334
0.891677
0.82079
0.836448
0.356259
0.243295
0.360216
0.245651
0.976537
1.00966
1.03487
0.954693
0.462955
0.570979
0.563047
0.468773
1.09485
1.08517
1.12729
1.05642
0.755096
0.666518
0.742232
0.656234
0.910334
0.836448
0.82079
0.891677
1.14634
1.16113
1.18659
1.12485
1.03487
0.976537
0.954693
1.00966
1.12729
1.09485
1.05642
1.08517
1.15925
1.16356
1.21211
1.2036
1.14634
1.12485
1.16113
1.18659
1.21211
1.15925
1.2036
4.50169e-32
0.12704
8.28891e-32
0.126324
0.247694
0.249422
0.366728
0.363705
0.473977
0.478566
0.584568
0.578152
0.126324
0.12704
8.28891e-32
4.50169e-32
0.363705
0.366728
0.247694
0.249422
0.675904
0.684392
0.77772
0.766925
0.864263
0.943755
0.927692
0.850939
1.01596
1.05854
1.08066
0.996959
0.473977
0.578152
0.584568
0.478566
1.13767
1.18684
1.15795
1.11225
0.675904
0.766925
0.684392
0.77772
1.22801
1.26108
1.19552
1.22483
0.927692
0.943755
0.864263
0.850939
1.01596
1.05854
0.996959
1.08066
1.25845
1.28597
1.30259
1.24583
1.15795
1.13767
1.18684
1.11225
1.19552
1.26108
1.22483
1.22801
1.26267
1.24583
1.31092
1.31092
1.25845
1.28597
1.30259
4.53597e-32
0.127994
8.33005e-32
0.127596
0.250835
0.251934
0.371377
0.369285
0.482544
0.485907
0.59513
0.590227
0.691984
0.787482
0.698679
0.796213
0.127596
0.127994
8.33005e-32
4.53597e-32
0.251934
0.369285
0.371377
0.250835
0.590227
0.59513
0.485907
0.482544
0.887417
0.972
0.958523
0.876422
1.10124
1.12028
1.03354
1.0497
1.23928
1.21394
1.18354
1.16143
0.787482
0.691984
0.796213
0.698679
1.25862
1.28735
1.32761
1.29534
0.876422
0.887417
0.958523
0.972
1.324
1.38428
1.34453
1.35994
1.12028
1.0497
1.10124
1.03354
1.23928
1.18354
1.21394
1.16143
1.40867
1.35687
1.40053
1.36099
1.25862
1.28735
1.29534
1.32761
1.34453
1.324
1.40867
1.40053
1.35994
1.35687
1.38428
4.54769e-32
0.128312
8.32987e-32
0.128232
0.252719
0.25319
0.374166
0.373004
0.488659
0.490799
0.60267
0.599277
0.128232
0.128312
8.32987e-32
4.54769e-32
0.704481
0.810585
0.803914
0.709388
0.905923
0.995086
0.984187
0.89725
0.373004
0.374166
0.25319
0.252719
0.599277
0.60267
0.490799
0.488659
0.704481
0.709388
0.803914
0.810585
1.13779
1.06445
1.15377
1.07779
1.28466
1.26285
1.22279
1.20399
1.3142
1.33917
1.38618
1.35789
0.984187
0.89725
0.905923
0.995086
1.42556
1.42183
1.45719
1.3938
1.06445
1.13779
1.15377
1.07779
1.45397
1.48099
1.49689
1.4419
1.26285
1.28466
1.22279
1.20399
1.38618
1.33917
1.35789
1.3142
1.50485
1.458
1.45397
1.50485
1.42556
1.3938
1.49689
1.45719
1.42183
1.4419
1.48099
4.53686e-32
0.127994
8.28836e-32
0.128232
0.253347
0.25319
0.375096
0.374863
0.492328
0.493244
0.607192
0.605308
0.713402
0.716523
0.820845
0.816229
0.128232
0.127994
8.28836e-32
4.53686e-32
0.25319
0.374863
0.375096
0.253347
0.919792
1.01303
1.0047
0.913437
1.10023
1.18113
1.16821
1.08972
0.493244
0.492328
0.605308
0.607192
0.816229
0.713402
0.820845
0.716523
0.919792
0.913437
1.01303
1.0047
1.3047
1.32299
1.25546
1.23995
1.36228
1.38351
1.43685
1.4125
1.48285
1.45524
1.52138
1.49037
1.08972
1.16821
1.10023
1.18113
1.57561
1.55233
1.53743
1.51779
1.23995
1.25546
1.32299
1.3047
1.54924
1.59117
1.59896
1.55318
1.43685
1.4125
1.36228
1.38351
1.45524
1.48285
1.49037
1.52138
1.54924
1.53743
1.59896
1.59117
1.51779
1.55233
1.57561
4.50347e-32
0.12704
8.2055e-32
0.127596
0.252719
0.251934
0.374166
0.374863
0.608322
0.49355
0.493244
0.608699
0.127596
0.12704
8.2055e-32
4.50347e-32
0.718753
0.72009
0.826998
0.824434
0.929033
1.02583
1.02007
0.924991
0.251934
0.374863
0.374166
0.252719
0.608322
0.608699
0.49355
0.493244
1.11705
1.20239
1.19252
1.10935
1.28156
1.33953
1.26933
1.35431
0.824434
0.826998
0.72009
0.718753
1.02007
0.924991
0.929033
1.02583
1.20239
1.11705
1.10935
1.19252
1.40289
1.45923
1.47965
1.42041
1.50839
1.53186
1.57688
1.55021
1.61143
1.64489
1.58459
1.6146
1.26933
1.33953
1.35431
1.28156
1.63065
1.6422
1.66768
1.68291
1.40289
1.47965
1.45923
1.42041
1.69054
1.69054
1.64606
1.6422
1.53186
1.57688
1.50839
1.55021
1.68291
1.66768
1.6146
1.58459
1.64489
1.63065
1.61143
4.44751e-32
0.125448
8.08126e-32
0.126324
0.250835
0.249422
0.371377
0.373004
0.607192
0.608322
0.492328
0.490799
0.720536
0.72009
0.829049
0.828536
0.126324
0.125448
8.08126e-32
4.44751e-32
0.249422
0.373004
0.371377
0.250835
0.933652
1.03351
1.03031
0.931921
1.12826
1.21757
1.21074
1.12336
0.608322
0.607192
0.490799
0.492328
0.828536
0.720536
0.829049
0.72009
1.30112
1.37864
1.29216
1.36735
1.43607
1.49811
1.51461
1.44988
0.933652
0.931921
1.03351
1.03031
1.12336
1.21074
1.21757
1.12826
1.29216
1.36735
1.37864
1.30112
1.55327
1.6014
1.57262
1.62375
1.64235
1.70478
1.66785
1.67601
1.73445
1.70228
1.75677
1.7211
1.43607
1.49811
1.44988
1.51461
1.77915
1.73241
1.73619
1.77169
1.55327
1.57262
1.62375
1.6014
1.73241
1.77915
1.77169
1.7211
1.67601
1.66785
1.64235
1.70478
1.73445
1.70228
1.75677
4.36896e-32
0.12322
7.91558e-32
0.124414
0.247694
0.245652
0.366728
0.369285
0.485907
0.60267
0.605308
0.488659
0.124414
0.12322
7.91558e-32
4.36896e-32
0.718753
0.716523
0.826998
0.828536
0.933652
1.03607
0.93423
1.03543
0.245652
0.369285
0.366728
0.247694
0.605308
0.60267
0.488659
0.485907
1.13386
1.22667
1.22287
1.13176
1.3882
1.31415
1.39601
1.30845
0.716523
0.718753
0.826998
0.828536
0.93423
1.03543
1.03607
0.933652
1.46185
1.47196
1.52916
1.54176
1.58993
1.60518
1.66203
1.64396
1.13386
1.22667
1.13176
1.22287
1.39601
1.31415
1.30845
1.3882
1.54176
1.46185
1.52916
1.47196
1.69111
1.73123
1.71213
1.75534
1.8206
1.79153
1.78994
1.7642
1.81945
1.84247
1.85709
1.80837
1.58993
1.66203
1.60518
1.64396
1.81945
1.8644
1.82315
1.8644
1.75534
1.73123
1.69111
1.71213
1.80837
1.8206
1.79153
1.84247
1.85709
1.7642
1.78994
4.26776e-32
0.120353
7.70837e-32
0.121866
0.243295
0.363705
0.240622
0.360216
0.478566
0.59513
0.599277
0.482544
0.121866
0.120353
7.70837e-32
4.26776e-32
0.713402
0.709388
0.820845
0.824434
0.240622
0.363705
0.360216
0.243295
0.929033
0.931921
1.03351
1.03543
1.13386
1.2297
1.22894
1.13456
0.482544
0.599277
0.59513
0.478566
0.709388
0.824434
0.713402
0.820845
1.40208
1.32066
1.40642
1.31822
1.48667
1.48024
1.56114
1.55242
0.931921
1.03351
1.03543
0.929033
1.22894
1.2297
1.13386
1.13456
1.6184
1.69176
1.67796
1.62957
1.79662
1.73093
1.7475
1.77714
1.40642
1.32066
1.31822
1.40208
1.48024
1.55242
1.56114
1.48667
1.6184
1.62957
1.67796
1.69176
1.84878
1.81646
1.83898
1.87447
1.90297
1.92441
1.89207
1.874
1.94592
1.90655
1.93874
1.90293
1.77714
1.7475
1.73093
1.79662
1.94592
1.90293
1.93874
1.89207
1.92441
1.84878
1.90297
1.81646
1.874
1.83898
1.87447
4.1439e-32
0.116846
7.45957e-32
0.118679
0.118679
0.116846
7.45957e-32
4.1439e-32
0.237634
0.351837
0.35626
0.23433
0.468773
0.584568
0.590227
0.473977
0.704481
0.698679
0.810585
0.816229
0.35626
0.351837
0.237634
0.23433
0.924991
0.919792
1.02583
1.03031
0.590227
0.584568
0.468773
0.473977
1.12826
1.22667
1.22894
1.13176
1.32066
1.40989
1.40902
1.32148
0.698679
0.816229
0.704481
0.810585
0.919792
1.02583
0.924991
1.03031
1.49126
1.49402
1.57275
1.56791
1.63871
1.64582
1.70342
1.71296
1.22667
1.12826
1.13176
1.22894
1.32066
1.32148
1.40902
1.40989
1.76185
1.77398
1.82867
1.8138
1.85912
1.91844
1.87687
1.89768
1.49126
1.56791
1.49402
1.57275
1.63871
1.71296
1.64582
1.70342
1.76185
1.82867
1.8138
1.77398
1.98122
1.95413
1.92938
1.95325
2.01631
2.00226
1.97185
1.9825
1.9825
1.98605
2.02335
2.02335
1.85912
1.89768
1.91844
1.87687
2.01631
1.95413
1.97185
2.00226
1.95325
1.98122
1.92938
3.99731e-32
0.112698
7.16908e-32
0.114852
0.230711
0.226774
0.341588
0.346946
0.114852
0.112698
7.16908e-32
3.99731e-32
0.346946
0.341588
0.230711
0.226774
0.456521
0.570979
0.578152
0.462955
0.691984
0.684392
0.796213
0.803914
0.913437
0.905923
1.01303
1.02007
0.462955
0.456521
0.578152
0.570979
1.11705
1.21757
1.22287
1.12336
0.803914
0.796213
0.691984
0.684392
1.31415
1.40642
1.40902
1.31822
1.49494
1.57662
1.57566
1.49402
0.913437
1.01303
0.905923
1.02007
1.21757
1.22287
1.11705
1.12336
1.65393
1.72568
1.65089
1.72038
1.7839
1.79161
1.85153
1.84125
1.40642
1.31822
1.40902
1.31415
1.49402
1.57566
1.49494
1.57662
1.89224
1.90523
1.95256
1.93673
2.00569
2.02757
1.97458
1.99338
1.72038
1.65089
1.65393
1.72568
1.79161
1.7839
1.85153
1.84125
1.89224
1.95256
1.93673
1.90523
2.07568
2.05503
2.02998
2.04737
2.06131
2.05783
2.08949
2.0964
2.05783
2.0964
2.04737
2.08949
1.97458
2.02998
2.02757
1.99338
2.05503
2.07568
2.00569
3.82795e-32
0.110383
0.107907
6.83681e-32
0.222522
0.217951
0.329466
0.335761
0.441807
0.554357
0.563047
0.449473
0.110383
0.107907
6.83681e-32
3.82795e-32
0.217951
0.335761
0.329466
0.222522
0.563047
0.554357
0.441807
0.449473
0.675904
0.666518
0.77772
0.787482
0.89725
0.887417
0.995086
1.0047
1.10935
1.10023
1.20239
1.21074
0.666518
0.787482
0.675904
0.77772
1.30112
1.39601
1.40208
1.30845
0.89725
0.995086
1.0047
0.887417
1.57566
1.49126
1.48667
1.57275
1.72991
1.65495
1.65393
1.72885
1.10023
1.10935
1.21074
1.20239
1.30845
1.40208
1.39601
1.30112
1.79712
1.86523
1.85952
1.80043
1.91586
1.9769
1.92412
1.96596
1.57566
1.49126
1.48667
1.57275
1.72991
1.65393
1.72885
1.65495
2.06354
2.04685
2.02342
2.00966
2.09713
2.07741
2.10126
2.12412
1.79712
1.86523
1.85952
1.80043
1.91586
1.9769
1.92412
1.96596
2.04685
2.00966
2.06354
2.02342
2.11835
2.15799
2.12862
2.14442
2.16478
2.16478
2.13204
2.12862
2.11835
2.12412
2.14442
2.15799
2.09713
2.10126
2.07741
3.63578e-32
6.46268e-32
0.105271
0.102473
0.213064
0.207859
0.315465
0.3227
0.424625
0.534693
0.544905
0.433525
0.105271
0.102473
6.46268e-32
3.63578e-32
0.656234
0.645049
0.755096
0.766925
0.207859
0.3227
0.315465
0.213064
0.433525
0.424625
0.544905
0.534693
0.645049
0.766925
0.755096
0.656234
0.876422
0.864263
0.972
0.984187
1.07779
1.18113
1.19252
1.08972
1.28156
1.37864
1.3882
1.29216
0.876422
0.984187
0.972
0.864263
1.48024
1.56114
1.56791
1.47196
1.18113
1.19252
1.07779
1.08972
1.64582
1.72568
1.65089
1.72885
1.8698
1.80153
1.80043
1.86866
1.37864
1.28156
1.29216
1.3882
1.56791
1.48024
1.56114
1.47196
1.98542
1.93002
1.93356
1.99149
2.04342
2.07765
2.03467
2.08918
1.64582
1.72568
1.65089
1.72885
1.8698
1.80043
1.80153
1.86866
2.1617
2.14426
2.12865
2.11421
2.18825
2.16772
2.18452
2.20822
1.93002
1.99149
1.98542
1.93356
2.08918
2.07765
2.03467
2.04342
2.11421
2.14426
2.12865
2.1617
2.19798
2.19461
2.22156
2.22824
2.22824
2.19461
2.18452
2.20822
2.22156
2.18825
2.16772
3.42074e-32
0.0963939
6.04662e-32
0.0995141
0.0995141
0.0963939
6.04662e-32
3.42074e-32
0.202336
0.196493
0.299582
0.307759
0.404968
0.511981
0.523718
0.415106
0.632964
0.619976
0.728331
0.742232
0.307759
0.299582
0.202336
0.196493
0.850939
0.836448
0.943755
0.958523
0.523718
0.404968
0.511981
0.415106
0.728331
0.619976
0.742232
0.632964
0.850939
0.958523
0.943755
0.836448
1.06445
1.0497
1.15377
1.16821
1.25546
1.35431
1.36735
1.26933
1.46185
1.55242
1.44988
1.54176
1.15377
1.16821
1.0497
1.06445
1.62957
1.72038
1.63871
1.71296
1.25546
1.26933
1.36735
1.35431
1.86523
1.86866
1.79712
1.79161
1.99514
1.93474
1.99635
1.93356
1.55242
1.46185
1.44988
1.54176
1.72038
1.63871
1.62957
1.71296
2.05341
2.10455
2.09815
2.04967
2.14962
2.17644
2.18849
2.14045
1.79161
1.79712
1.86866
1.86523
1.99635
1.93356
1.93474
1.99514
2.24718
2.22104
2.2291
2.20602
2.24564
2.25557
2.27999
2.26685
2.04967
2.05341
2.09815
2.10455
2.14045
2.14962
2.18849
2.17644
2.22104
2.24718
2.20602
2.2291
2.25889
2.28657
2.28657
2.25557
2.26685
2.27999
2.24564
3.18282e-32
0.0896686
5.58856e-32
0.0931119
3.18282e-32
0.0931119
0.0896686
5.58856e-32
0.190333
0.183853
0.281813
0.290933
0.290933
0.281813
0.190333
0.183853
0.39421
0.382831
0.486213
0.499479
0.606086
0.59129
0.697413
0.713392
0.82079
0.803961
0.910334
0.927692
0.499479
0.486213
0.382831
0.39421
1.03354
1.01596
1.12028
1.13779
0.59129
0.713392
0.697413
0.606086
0.82079
0.927692
0.910334
0.803961
1.01596
1.03354
1.13779
1.12028
1.22279
1.32299
1.33953
1.23995
1.43607
1.51461
1.42041
1.52916
1.70342
1.6184
1.60518
1.69176
1.22279
1.32299
1.33953
1.23995
1.85952
1.77398
1.7839
1.85153
1.42041
1.52916
1.51461
1.43607
1.99149
1.99514
1.92412
1.93002
2.05341
2.10839
2.10968
2.05466
1.70342
1.69176
1.60518
1.6184
1.7839
1.85952
1.77398
1.85153
2.20454
2.15618
2.1601
2.19786
2.24286
2.27495
2.26246
2.23332
1.99149
1.93002
1.92412
1.99514
2.05466
2.10839
2.05341
2.10968
2.28521
2.3015
2.32012
2.30073
2.31129
2.31456
2.33307
2.33956
2.1601
2.15618
2.19786
2.20454
2.27495
2.23332
2.26246
2.24286
2.33956
2.28521
2.33307
2.31129
2.3015
2.32012
2.30073
0.0860633
0.0822963
5.08844e-32
2.92196e-32
2.92196e-32
0.0822963
5.08844e-32
0.0860633
0.177055
0.169936
0.262154
0.27222
0.177055
0.169936
0.27222
0.262154
0.35821
0.457384
0.472181
0.370832
0.472181
0.457384
0.35821
0.370832
0.57559
0.558982
0.662332
0.680394
0.785961
0.766787
0.871722
0.891677
0.996959
0.976537
1.08066
1.10124
0.662332
0.558982
0.680394
0.57559
1.20399
1.18354
1.28466
1.3047
0.766787
0.785961
0.891677
0.871722
1.08066
0.996959
1.10124
0.976537
1.20399
1.3047
1.28466
1.18354
1.49811
1.40289
1.38351
1.47965
1.67796
1.58993
1.66203
1.57262
1.84125
1.7475
1.82867
1.76185
1.49811
1.47965
1.40289
1.38351
1.98542
1.90523
1.9769
1.91586
1.67796
1.57262
1.58993
1.66203
2.04342
2.10455
2.04967
2.10839
2.20855
2.20989
2.16141
2.1601
1.84125
1.82867
1.7475
1.76185
1.90523
1.91586
1.98542
1.9769
2.25376
2.29159
2.28466
2.24968
2.32327
2.33586
2.34872
2.31341
2.04967
2.10455
2.10839
2.04342
2.1601
2.16141
2.20855
2.20989
2.35193
2.36786
2.38065
2.36158
2.36158
2.36481
2.38705
2.38705
2.28466
2.24968
2.29159
2.25376
2.32327
2.34872
2.33586
2.38065
2.36786
2.31341
2.35193
0.0783672
0.0742764
4.54624e-32
2.63816e-32
0.251615
0.240604
0.162499
0.154741
2.63816e-32
0.0742764
4.54624e-32
0.0783672
0.162499
0.154741
0.240604
0.251615
0.331099
0.425486
0.441818
0.344966
0.425486
0.331099
0.344966
0.441818
0.541467
0.523044
0.623077
0.643227
0.523044
0.643227
0.623077
0.541467
0.746439
0.724914
0.827904
0.850464
0.954693
0.931423
1.03487
1.05854
1.13767
1.23928
1.26285
1.16143
0.724914
0.746439
0.850464
0.827904
1.36228
1.33917
1.43685
1.45923
0.931423
1.03487
0.954693
1.05854
1.23928
1.16143
1.26285
1.13767
1.33917
1.45923
1.36228
1.43685
1.53186
1.55327
1.62375
1.64396
1.8138
1.71213
1.79662
1.73093
1.95256
1.87687
1.96596
1.89224
1.64396
1.62375
1.53186
1.55327
2.02342
2.09815
2.08918
2.03467
1.71213
1.73093
1.8138
1.79662
2.20454
2.14962
2.20855
2.15618
2.25512
2.29714
2.29575
2.25376
1.96596
1.95256
1.89224
1.87687
2.09815
2.03467
2.02342
2.08918
2.35871
2.33031
2.33453
2.36585
2.391
2.38088
2.40993
2.39676
2.20454
2.15618
2.14962
2.20855
2.25512
2.29714
2.29575
2.25376
2.40948
2.42257
2.4063
2.42889
2.4063
2.42257
2.39676
2.42889
2.35871
2.33453
2.36585
2.33031
2.40993
2.391
2.38088
0.0700234
0.0656086
3.96195e-32
2.33139e-32
0.229118
0.217159
0.146664
0.138266
2.33139e-32
0.0656086
3.96195e-32
0.0700234
0.408385
0.390515
0.301497
0.316611
0.146664
0.138266
0.217159
0.229118
0.301497
0.390515
0.408385
0.316611
0.503712
0.48347
0.57964
0.601882
0.601882
0.57964
0.503712
0.48347
0.702211
0.67833
0.778865
0.804037
0.702211
0.804037
0.778865
0.67833
0.906725
0.880596
0.982898
1.00966
1.11225
1.08517
1.18684
1.21394
1.3142
1.28735
1.38618
1.4125
0.982898
0.906725
1.00966
0.880596
1.6014
1.50839
1.57688
1.48285
1.08517
1.18684
1.21394
1.11225
1.28735
1.4125
1.38618
1.3142
1.6014
1.48285
1.50839
1.57688
1.75534
1.66785
1.77714
1.69111
1.91844
1.93673
1.83898
1.85912
2.07765
1.99338
2.06354
2.00966
1.66785
1.77714
1.75534
1.69111
2.12865
2.18849
2.19786
2.14045
1.83898
1.91844
1.93673
1.85912
2.24286
2.29159
2.24968
2.29575
2.33594
2.33453
2.37013
2.37156
2.00966
1.99338
2.07765
2.06354
2.19786
2.14045
2.18849
2.12865
2.42016
2.42746
2.40256
2.39823
2.4453
2.43586
2.44619
2.45871
2.24968
2.29159
2.24286
2.29575
2.37156
2.33594
2.33453
2.37013
2.44845
2.4453
2.46497
2.46497
2.42016
2.40256
2.43586
2.45871
2.39823
2.42746
2.44619
0.0610315
0.0562926
3.33555e-32
2.00165e-32
0.204726
0.191819
0.129549
0.120511
2.00165e-32
0.0562926
3.33555e-32
0.0610315
0.371877
0.352469
0.269401
0.285762
0.129549
0.120511
0.191819
0.204726
0.556351
0.532013
0.462318
0.440254
0.269401
0.352469
0.371877
0.285762
0.462318
0.440254
0.532013
0.556351
0.653269
0.627026
0.724593
0.752384
0.653269
0.752384
0.724593
0.627026
0.853037
0.824042
0.924722
0.954586
0.824042
0.853037
0.954586
0.924722
1.02601
1.12729
1.15795
1.05642
1.25862
1.22801
1.32761
1.35789
1.45524
1.55021
1.42556
1.52138
1.02601
1.15795
1.12729
1.05642
1.6146
1.73123
1.70478
1.64235
1.22801
1.32761
1.35789
1.25862
1.52138
1.42556
1.55021
1.45524
1.70478
1.6146
1.64235
1.73123
1.89768
1.79153
1.87447
1.81646
1.95325
2.04685
2.02757
1.97458
2.09713
2.1617
2.17644
2.11421
1.87447
1.89768
1.79153
1.81646
2.27495
2.22104
2.23332
2.28466
2.04685
1.97458
1.95325
2.02757
2.32327
2.36585
2.33031
2.37013
2.4333
2.40401
2.40256
2.43184
2.17644
2.09713
2.11421
2.1617
2.27495
2.23332
2.28466
2.22104
2.45357
2.46913
2.47656
2.45799
2.48897
2.47848
2.4816
2.49518
2.37013
2.32327
2.36585
2.33031
2.40401
2.43184
2.40256
2.4333
2.45799
2.46913
2.47656
2.47848
2.49518
2.48897
2.45357
0.0513915
0.0463286
2.66707e-32
1.64895e-32
0.178438
0.164583
0.111155
0.101477
1.64895e-32
0.0463286
2.66707e-32
0.0513915
0.332291
0.311344
0.23481
0.252418
0.111155
0.101477
0.164583
0.178438
0.506627
0.480193
0.41728
0.393394
0.23481
0.311344
0.332291
0.252418
0.599602
0.695492
0.665079
0.570995
0.41728
0.393394
0.480193
0.506627
0.599602
0.570995
0.665079
0.695492
0.793614
0.761748
0.860327
0.893303
0.793614
0.893303
0.761748
0.860327
0.993922
0.960163
1.06063
1.09485
1.06063
0.960163
0.993922
1.09485
1.19552
1.16113
1.26108
1.29534
1.49037
1.3938
1.35995
1.45719
1.64489
1.67601
1.55233
1.58459
1.16113
1.29534
1.26108
1.19552
1.73445
1.8206
1.84878
1.7642
1.45719
1.35995
1.49037
1.3938
1.64489
1.55233
1.67601
1.58459
1.73445
1.8206
1.7642
1.84878
2.00569
1.98122
1.90297
1.92938
2.05503
2.12412
2.14426
2.07741
2.24718
2.20602
2.26246
2.18825
2.00569
1.98122
1.90297
1.92938
2.31341
2.30073
2.35871
2.34872
2.12412
2.07741
2.05503
2.14426
2.42746
2.391
2.39823
2.43184
2.48251
2.48102
2.45947
2.45799
2.18825
2.24718
2.20602
2.26246
2.34872
2.35871
2.31341
2.30073
2.50574
2.51327
2.49646
2.50095
2.50883
2.51944
2.51944
2.50574
2.39823
2.42746
2.43184
2.391
2.48102
2.51327
2.45947
2.48251
2.50095
2.49646
2.45799
0.0411036
0.0357169
1.95652e-32
1.2733e-32
1.2733e-32
0.0357169
1.95652e-32
0.0411036
0.150255
0.135453
0.0914803
0.0811629
0.289627
0.267141
0.197725
0.21658
0.0914803
0.0811629
0.135453
0.150255
0.342888
0.452708
0.424175
0.368597
0.197725
0.267141
0.289627
0.21658
0.541206
0.633354
0.600316
0.510232
0.368597
0.342888
0.424175
0.452708
0.728446
0.825792
0.789698
0.693704
0.541206
0.510232
0.600316
0.633354
0.728446
0.693704
0.789698
0.825792
0.924731
0.887622
0.986826
1.02462
0.924731
1.02462
0.986826
0.887622
1.12485
1.08668
1.18659
1.22483
1.22483
1.08668
1.18659
1.12485
1.42183
1.324
1.38428
1.28597
1.48099
1.51779
1.61143
1.57561
1.66768
1.78994
1.75677
1.70228
1.38428
1.28597
1.42183
1.324
1.84247
1.95413
1.92441
1.874
1.48099
1.57561
1.51779
1.61143
1.75677
1.66768
1.78994
1.70228
1.95413
1.84247
1.92441
1.874
2.10126
2.00226
2.07568
2.02998
2.20822
2.14442
2.2291
2.16772
2.28521
2.26685
2.32012
2.33586
2.00226
2.07568
2.10126
2.02998
2.36786
2.42016
2.38088
2.40993
2.14442
2.2291
2.16772
2.20822
2.44619
2.47656
2.45357
2.48102
2.5193
2.50095
2.50245
2.51779
2.28521
2.33586
2.32012
2.26685
2.38088
2.40993
2.36786
2.42016
2.53769
2.53009
2.52701
2.53156
2.53156
2.51779
2.52701
2.53769
2.47656
2.45357
2.44619
2.48102
2.50245
2.5193
2.50095
8.747e-33
0.0244578
1.20394e-32
0.0301681
0.0301681
0.0244578
1.20394e-32
8.747e-33
0.120176
0.104427
0.0705268
0.0595701
0.0705268
0.0595701
0.104427
0.120176
0.243885
0.21986
0.158145
0.178247
0.394591
0.363959
0.316269
0.288737
0.158145
0.21986
0.178247
0.243885
0.478076
0.565964
0.530299
0.444736
0.316269
0.288737
0.363959
0.394591
0.657524
0.752043
0.619904
0.712828
0.478076
0.444736
0.530299
0.565964
0.848837
0.947238
0.905859
0.808371
0.657524
0.619904
0.712828
0.752043
0.848837
0.808371
0.905859
0.947238
1.04661
1.00464
1.10409
1.14634
1.04661
1.14634
1.00464
1.10409
1.2036
1.30259
1.24583
1.34453
1.2036
1.34453
1.30259
1.24583
1.49689
1.53743
1.40053
1.4419
1.59117
1.7211
1.63065
1.68291
1.77169
1.85709
1.89207
1.80837
1.49689
1.40053
1.53743
1.4419
1.93874
2.04737
2.01631
1.97185
1.68291
1.59117
1.63065
1.7211
1.89207
1.77169
1.85709
1.80837
2.01631
1.93874
2.04737
1.97185
2.15799
2.18452
2.08949
2.11835
2.27999
2.22156
2.3015
2.24564
2.35193
2.38065
2.39676
2.33307
2.08949
2.18452
2.11835
2.15799
2.43586
2.45871
2.42257
2.46913
2.24564
2.27999
2.3015
2.22156
2.49646
2.51779
2.48897
2.51327
2.54377
2.53156
2.54225
2.53307
2.33307
2.35193
2.39676
2.38065
2.43586
2.46913
2.45871
2.42257
2.54225
2.54531
2.54988
2.54988
2.51327
2.54377
2.53307
2.51779
2.49646
2.48897
2.53156
0.0185856
0.0125519
4.09362e-33
4.5318e-33
4.5318e-33
0.0125519
4.09362e-33
0.0185856
0.048295
0.0366995
0.0715092
0.0882046
0.0882046
0.0715092
0.048295
0.0366995
0.195066
0.169503
0.116072
0.13742
0.116072
0.13742
0.169503
0.195066
0.332277
0.299547
0.260294
0.230941
0.410213
0.493321
0.455029
0.374507
0.260294
0.230941
0.299547
0.332277
0.580845
0.67205
0.62971
0.540345
0.410213
0.374507
0.455029
0.493321
0.766227
0.862686
0.817719
0.722401
0.580845
0.540345
0.62971
0.67205
0.960766
1.05983
1.01356
0.914989
0.766227
0.722401
0.817719
0.862686
1.05983
0.960766
0.914989
1.01356
1.1128
1.21211
1.25845
1.15925
1.15925
1.25845
1.1128
1.21211
1.45397
1.31092
1.35687
1.40867
1.45397
1.31092
1.40867
1.35687
1.50485
1.59896
1.6422
1.54924
1.69054
1.77915
1.81945
1.73241
1.94592
1.9825
1.8644
1.90293
1.59896
1.50485
1.6422
1.54924
2.02335
2.12862
2.0964
2.05783
1.81945
1.77915
1.69054
1.73241
1.8644
1.9825
1.90293
1.94592
2.02335
2.12862
2.0964
2.05783
2.19461
2.16478
2.22824
2.25557
2.31129
2.28657
2.36158
2.33956
2.4453
2.38705
2.4063
2.42889
2.22824
2.25557
2.16478
2.19461
2.50574
2.49518
2.47848
2.46497
2.28657
2.33956
2.31129
2.36158
2.51944
2.52701
2.54225
2.53769
2.55446
2.55141
2.54988
2.55599
2.42889
2.38705
2.4063
2.4453
2.46497
2.47848
2.50574
2.49518
2.54988
2.54225
2.55141
2.55599
2.51944
2.53769
2.52701
1.06241e-34
0.00635654
0.00635654
1.06241e-34
0.0543405
0.0247859
0.0247859
0.0543405
0.143171
0.0941023
0.0941023
0.143171
0.200677
0.265767
0.200677
0.265767
0.337618
0.415424
0.498407
0.585808
0.337618
0.415424
0.676896
0.770958
0.585808
0.498407
0.867307
0.965279
0.770958
0.676896
1.06424
1.16356
0.867307
0.965279
1.06424
1.16356
1.26267
1.36099
1.26267
1.36099
1.458
1.55318
1.55318
1.458
1.64606
1.73619
1.82315
1.90655
2.06131
1.98605
1.73619
1.64606
2.19798
2.13205
1.90655
1.82315
1.98605
2.06131
2.19798
2.13205
2.25889
2.31456
2.40948
2.36481
2.4816
2.44845
2.25889
2.31456
2.53009
2.50883
2.40948
2.36481
2.55446
2.54531
2.55751
2.55446
2.44845
2.4816
2.50883
2.54531
2.53009
1.1128
1.50485
1.40867
0.0125519
1.21211
1.31092
1.21211
1.31092
1.1128
0.169503
0.230941
1.01356
1.40867
0.374507
0.914989
0.817719
1.50485
0.722401
0.62971
1.59896
0.540345
0.455029
1.69054
0.299547
1.77915
1.8644
0.116072
0.0715092
1.94592
0.0366995
2.02335
2.0964
0.0125519
1.59896
1.69054
2.16478
2.22824
1.8644
2.28657
0.0366995
2.33956
2.38705
0.0715092
2.42889
2.46497
0.116072
2.49518
2.51944
0.169503
2.38705
2.53769
2.42889
2.54988
0.230941
2.55599
2.55599
0.299547
2.54988
2.53769
0.374507
2.51944
2.49518
0.455029
2.46497
0.540345
2.33956
0.62971
2.28657
2.22824
0.722401
2.16478
2.0964
0.817719
2.02335
1.94592
0.914989
1.77915
1.01356
4.09362e-33
4.09362e-33
4.5318e-33
0.0185856
0.0185856
4.5318e-33
0.0882046
0.048295
0.048295
0.0882046
0.13742
0.195066
0.13742
0.195066
0.332277
0.260294
0.260294
0.332277
0.493321
0.410213
0.67205
0.580845
0.410213
0.493321
0.766227
0.862686
0.67205
0.580845
1.05983
0.960766
0.766227
0.862686
1.15925
1.25845
0.960766
1.05983
1.15925
1.25845
1.45397
1.35687
1.45397
1.35687
1.54924
1.6422
1.6422
1.54924
1.81945
1.73241
1.9825
1.90293
2.05783
2.12862
1.73241
1.81945
2.25557
2.19461
1.9825
1.90293
2.12862
2.05783
2.19461
2.25557
2.31129
2.36158
2.4453
2.4063
2.47848
2.50574
2.36158
2.31129
2.54225
2.52701
2.4453
2.4063
2.55446
2.55141
2.55141
2.54225
2.50574
2.47848
2.52701
1.40053
1.30259
1.30259
1.2036
1.40053
1.10409
0.104427
1.00464
0.905859
1.49689
0.808371
1.59117
0.712828
0.619904
0.530299
1.68291
0.444736
1.77169
0.363959
0.288737
0.21986
1.85709
0.158145
1.93874
0.0595701
0.0244578
2.01631
2.08949
0.0244578
2.15799
1.49689
2.22156
2.27999
1.68291
0.0595701
2.33307
2.38065
1.93874
2.42257
0.104427
2.45871
0.158145
2.48897
2.51327
2.53156
2.27999
0.21986
2.54377
0.288737
2.42257
2.54988
2.54988
2.54377
0.363959
2.53156
0.444736
2.51327
2.48897
2.45871
0.530299
0.619904
2.38065
2.33307
0.712828
2.22156
0.808371
2.15799
2.08949
2.01631
0.905859
1.00464
1.85709
1.77169
1.10409
1.59117
1.2036
1.20394e-32
1.20394e-32
8.747e-33
0.0301681
0.0301681
8.747e-33
0.120176
0.0705268
0.0705268
0.120176
0.178247
0.243885
0.243885
0.178247
0.394591
0.316269
0.316269
0.394591
0.565964
0.478076
0.657524
0.752043
0.478076
0.565964
0.848837
0.947238
0.752043
0.657524
1.04661
1.14634
0.947238
0.848837
1.34453
1.24583
1.04661
1.14634
1.34453
1.24583
1.4419
1.53743
1.53743
1.4419
1.7211
1.63065
1.63065
1.7211
1.89207
1.80837
2.04737
1.97185
2.11835
2.18452
1.89207
1.80837
2.24564
2.3015
1.97185
2.04737
2.18452
2.11835
2.24564
2.3015
2.35193
2.39676
2.43586
2.46913
2.49646
2.51779
2.39676
2.35193
2.54225
2.53307
2.43586
2.46913
2.54531
2.54225
2.53307
2.49646
2.51779
1.38428
1.18659
1.48099
0.0357169
1.08668
0.986826
0.887622
1.57561
0.789698
0.267141
0.342888
1.66768
0.693704
0.600316
0.510232
1.75677
0.424175
1.84247
0.197725
1.92441
0.135453
2.00226
0.0811629
2.07568
2.14442
0.0357169
2.20822
1.38428
2.26685
0.0811629
2.32012
2.36786
2.40993
1.75677
1.84247
0.135453
2.44619
0.197725
2.47656
2.50095
2.5193
0.267141
2.20822
2.53156
0.342888
2.32012
2.36786
2.53769
2.53769
2.53156
0.424175
2.5193
0.510232
2.50095
2.47656
2.44619
0.600316
2.40993
0.693704
2.26685
0.789698
0.887622
2.14442
2.07568
2.00226
0.986826
1.92441
1.08668
1.66768
1.18659
1.57561
1.28597
1.48099
1.28597
1.95652e-32
1.95652e-32
1.2733e-32
0.0411036
0.0411036
1.2733e-32
0.0914803
0.150255
0.0914803
0.150255
0.21658
0.289627
0.289627
0.21658
0.452708
0.368597
0.368597
0.452708
0.541206
0.633354
0.728446
0.825792
0.541206
0.633354
0.924731
1.02462
0.825792
0.728446
1.22483
1.12485
0.924731
1.02462
1.42183
1.324
1.12485
1.22483
1.42183
1.324
1.61143
1.51779
1.61143
1.51779
1.70228
1.78994
1.78994
1.70228
1.95413
1.874
2.10126
2.02998
2.16772
2.2291
1.874
1.95413
2.28521
2.33586
2.02998
2.10126
2.2291
2.16772
2.28521
2.33586
2.42016
2.38088
2.45357
2.48102
2.50245
2.51779
2.38088
2.42016
2.53009
2.52701
2.48102
2.45357
2.52701
2.51779
2.50245
1.55233
0.960163
0.860327
1.64489
0.761748
0.665079
1.73445
0.570995
0.480193
1.8206
0.393394
0.311344
1.90297
0.23481
0.164583
1.98122
0.101477
0.0463286
2.05503
2.12412
0.0463286
1.06063
1.16113
2.18825
2.24718
1.35995
2.30073
0.101477
2.34872
2.391
0.164583
2.42746
2.45799
0.23481
2.48251
2.50095
0.311344
2.05503
2.51327
2.12412
2.51944
0.393394
2.51944
2.51327
0.480193
2.34872
2.391
2.50095
2.48251
0.570995
2.45799
2.42746
0.665079
0.761748
2.30073
2.24718
0.860327
2.18825
0.960163
1.98122
1.06063
1.90297
1.8206
1.16113
1.73445
1.64489
1.26108
1.55233
1.45719
1.35995
1.26108
1.45719
2.66707e-32
2.66707e-32
1.64895e-32
0.0513915
0.0513915
1.64895e-32
0.178438
0.111155
0.111155
0.178438
0.332291
0.252418
0.252418
0.332291
0.506627
0.41728
0.41728
0.506627
0.695492
0.599602
0.793614
0.893303
0.695492
0.599602
1.09485
0.993922
0.793614
0.893303
1.29534
1.19552
1.09485
0.993922
1.49037
1.3938
1.29534
1.19552
1.3938
1.49037
1.67601
1.58459
1.58459
1.67601
1.84878
1.7642
1.7642
1.84878
2.00569
1.92938
2.14426
2.07741
2.20602
2.26246
1.92938
2.00569
2.35871
2.31341
2.07741
2.14426
2.26246
2.20602
2.35871
2.31341
2.39823
2.43184
2.45947
2.48102
2.49646
2.50574
2.43184
2.39823
2.50574
2.50883
2.45947
2.49646
2.48102
0.824042
0.724593
1.70478
0.627026
1.79153
0.532013
0.440254
0.352469
1.87447
0.269401
1.95325
0.191819
0.120511
0.0562926
2.02757
2.09713
0.0562926
2.1617
0.924722
2.22104
2.27495
1.12729
0.120511
2.32327
2.36585
1.42556
2.40256
0.191819
2.4333
0.269401
2.45799
2.47656
2.48897
1.87447
0.352469
2.49518
0.440254
2.09713
2.49518
2.48897
2.47656
0.532013
2.27495
2.45799
0.627026
2.4333
2.40256
2.36585
0.724593
2.32327
0.824042
2.22104
2.1617
0.924722
1.02601
2.02757
1.95325
1.12729
1.79153
1.22801
1.70478
1.6146
1.52138
1.32761
1.42556
1.32761
1.22801
1.52138
1.02601
1.6146
3.33555e-32
3.33555e-32
2.00165e-32
0.0610315
0.0610315
2.00165e-32
0.204726
0.129549
0.129549
0.204726
0.371877
0.285762
0.371877
0.285762
0.462318
0.556351
0.462318
0.556351
0.653269
0.752384
0.853037
0.954586
0.653269
0.752384
1.15795
1.05642
0.954586
0.853037
1.35789
1.25862
1.15795
1.05642
1.55021
1.45524
1.35789
1.25862
1.45524
1.55021
1.73123
1.64235
1.73123
1.64235
1.89768
1.81646
1.89768
1.81646
2.04685
1.97458
2.11421
2.17644
2.28466
2.23332
1.97458
2.04685
2.33031
2.37013
2.17644
2.11421
2.23332
2.28466
2.37013
2.33031
2.43184
2.40401
2.46913
2.45357
2.47848
2.4816
2.40401
2.43184
2.46913
2.47848
2.45357
1.75534
0.57964
1.83898
0.48347
0.390515
0.301497
1.91844
0.217159
1.99338
0.138266
0.0656086
2.06354
2.12865
0.0656086
2.18849
0.778865
2.24286
0.138266
2.29159
2.33453
2.37156
1.18684
1.28735
0.217159
2.40256
0.301497
2.42746
2.44619
2.45871
0.390515
1.75534
2.46497
0.48347
1.91844
1.99338
2.46497
2.45871
2.44619
0.57964
2.18849
2.42746
0.67833
2.40256
2.37156
2.33453
0.778865
2.29159
0.880596
2.24286
2.12865
0.982898
2.06354
1.08517
1.83898
1.18684
1.28735
1.66785
1.57688
1.48285
1.38618
1.38618
1.48285
1.08517
1.57688
0.982898
1.66785
0.880596
0.67833
3.96195e-32
3.96195e-32
2.33139e-32
0.0700234
0.0700234
2.33139e-32
0.146664
0.229118
0.146664
0.229118
0.408385
0.316611
0.316611
0.408385
0.503712
0.601882
0.503712
0.601882
0.804037
0.702211
1.00966
0.906725
0.702211
0.804037
1.11225
1.21394
0.906725
1.00966
1.3142
1.4125
1.11225
1.21394
1.50839
1.6014
1.4125
1.3142
1.50839
1.6014
1.77714
1.69111
1.77714
1.69111
1.93673
1.85912
1.85912
1.93673
2.07765
2.00966
2.19786
2.14045
2.24968
2.29575
2.00966
2.07765
2.37013
2.33594
2.19786
2.14045
2.24968
2.29575
2.37013
2.33594
2.42016
2.39823
2.4453
2.43586
2.44845
2.4453
2.39823
2.43586
2.42016
1.87687
0.331099
0.240604
1.95256
0.154741
0.0742764
2.02342
2.08918
0.0742764
0.425486
0.523044
2.14962
2.20454
0.724914
2.25376
0.154741
2.29714
2.33453
0.240604
2.36585
2.391
0.331099
2.40993
2.42257
0.425486
1.53186
2.42889
1.62375
2.42889
0.523044
2.42257
2.40993
0.623077
1.95256
2.02342
2.391
2.36585
0.724914
2.33453
2.29714
0.827904
2.25376
2.20454
0.931423
2.14962
2.08918
1.03487
1.13767
1.87687
1.79662
1.23928
1.71213
1.33917
1.43685
1.43685
1.33917
1.23928
1.53186
1.13767
1.03487
1.62375
0.931423
0.827904
1.71213
0.623077
1.79662
4.54624e-32
4.54624e-32
2.63816e-32
0.0783672
0.0783672
2.63816e-32
0.251615
0.162499
0.162499
0.251615
0.344966
0.441818
0.441818
0.344966
0.643227
0.541467
0.541467
0.643227
0.746439
0.850464
0.954693
1.05854
0.746439
0.850464
1.26285
1.16143
1.05854
0.954693
1.36228
1.45923
1.16143
1.26285
1.55327
1.64396
1.36228
1.45923
1.64396
1.55327
1.8138
1.73093
1.73093
1.8138
1.89224
1.96596
1.96596
1.89224
2.09815
2.03467
2.20855
2.15618
2.29575
2.25512
2.09815
2.03467
2.33031
2.35871
2.20855
2.15618
2.25512
2.29575
2.35871
2.33031
2.38088
2.39676
2.40948
2.4063
2.4063
2.39676
2.38088
0.169936
0.0822963
1.9769
2.04342
0.0822963
2.10455
0.262154
2.1601
2.20989
0.457384
0.169936
2.25376
2.29159
0.766787
2.32327
0.262154
2.34872
0.35821
2.36786
2.38065
2.38705
1.28466
0.457384
2.38705
0.558982
1.57262
2.38065
2.36786
2.34872
0.662332
1.82867
2.32327
0.766787
2.29159
2.25376
2.20989
0.871722
2.1601
0.976537
2.10455
2.04342
1.9769
1.08066
1.90523
1.18354
1.7475
1.66203
1.28466
1.38351
1.47965
1.38351
1.47965
1.18354
1.57262
1.08066
0.976537
0.871722
1.66203
1.7475
0.662332
0.558982
1.82867
0.35821
1.90523
5.08844e-32
5.08844e-32
2.92196e-32
0.0860633
0.0860633
2.92196e-32
0.177055
0.27222
0.177055
0.27222
0.472181
0.370832
0.472181
0.370832
0.680394
0.57559
0.57559
0.680394
0.785961
0.891677
1.10124
0.996959
0.785961
0.891677
1.3047
1.20399
0.996959
1.10124
1.40289
1.49811
1.20399
1.3047
1.58993
1.67796
1.40289
1.49811
1.58993
1.67796
1.84125
1.76185
1.84125
1.76185
1.98542
1.91586
1.98542
1.91586
2.04967
2.10839
2.20855
2.16141
2.28466
2.24968
2.10839
2.04967
2.31341
2.33586
2.20855
2.16141
2.24968
2.28466
2.33586
2.31341
2.36158
2.35193
2.36158
2.36481
2.35193
1.99149
2.05341
0.0896686
0.0896686
2.10968
2.1601
0.183853
2.20454
2.24286
0.486213
0.59129
2.27495
0.281813
2.30073
0.382831
2.32012
2.33307
2.33956
1.12028
0.486213
2.33956
1.32299
1.42041
0.59129
2.33307
2.32012
2.30073
1.69176
0.697413
2.27495
0.803961
2.24286
2.20454
1.99149
2.1601
0.910334
2.10968
1.01596
2.05341
1.92412
1.12028
1.85153
1.22279
1.77398
1.60518
1.32299
1.51461
1.42041
1.22279
1.51461
1.60518
1.01596
0.910334
0.803961
1.69176
0.697413
1.77398
0.382831
1.85153
0.281813
1.92412
0.183853
5.58856e-32
5.58856e-32
3.18282e-32
0.0931119
3.18282e-32
0.0931119
0.290933
0.190333
0.190333
0.290933
0.499479
0.39421
0.499479
0.39421
0.606086
0.713392
0.606086
0.713392
0.927692
0.82079
1.13779
1.03354
0.82079
0.927692
1.33953
1.23995
1.13779
1.03354
1.52916
1.43607
1.23995
1.33953
1.70342
1.6184
1.43607
1.52916
1.70342
1.6184
1.7839
1.85952
1.7839
1.85952
1.99514
1.93002
1.99514
1.93002
2.05466
2.10839
2.19786
2.15618
2.23332
2.26246
2.05466
2.10839
2.3015
2.28521
2.15618
2.19786
2.23332
2.26246
2.3015
2.28521
2.31456
2.31129
2.31129
0.0963939
2.05341
2.10455
2.14962
0.196493
2.18849
2.22104
0.299582
2.24718
2.26685
0.404968
2.27999
2.28657
0.836448
0.511981
0.943755
2.28657
2.27999
0.619976
2.26685
2.24718
1.35431
1.44988
0.728331
2.22104
2.18849
0.836448
2.14962
2.10455
0.943755
2.05341
1.99635
1.0497
1.93356
1.86523
1.15377
1.79161
1.71296
1.25546
1.62957
1.54176
1.35431
1.44988
1.25546
1.15377
1.54176
1.0497
1.62957
0.728331
1.71296
0.619976
0.511981
1.79161
0.404968
0.299582
1.86523
0.196493
0.0963939
1.93356
1.99635
6.04662e-32
6.04662e-32
3.42074e-32
0.0995141
0.0995141
3.42074e-32
0.202336
0.307759
0.202336
0.307759
0.415106
0.523718
0.523718
0.415106
0.742232
0.632964
0.742232
0.632964
0.958523
0.850939
1.16821
1.06445
0.850939
0.958523
1.36735
1.26933
1.16821
1.06445
1.46185
1.55242
1.36735
1.26933
1.63871
1.72038
1.46185
1.55242
1.63871
1.72038
1.79712
1.86866
1.79712
1.86866
1.99514
1.93474
1.99514
1.93474
2.09815
2.04967
2.14045
2.17644
2.2291
2.20602
2.04967
2.09815
2.24564
2.25557
2.14045
2.17644
2.20602
2.2291
2.24564
2.25889
2.25557
2.08918
0.207859
2.12865
2.1617
2.18825
0.315465
2.20822
0.424625
2.22156
0.534693
2.22824
2.22824
0.534693
0.864263
2.22156
0.645049
2.20822
2.18825
1.18113
2.1617
0.755096
2.12865
0.864263
2.08918
2.04342
1.64582
1.99149
0.972
1.93356
1.07779
1.8698
1.80043
1.72568
1.18113
1.28156
1.56114
1.47196
1.37864
1.37864
1.28156
1.47196
1.07779
0.972
1.56114
1.64582
0.755096
0.645049
1.72568
0.424625
1.80043
0.315465
0.207859
0.102473
1.8698
1.93356
0.102473
1.99149
2.04342
6.46268e-32
6.46268e-32
3.63578e-32
0.105271
0.105271
3.63578e-32
0.3227
0.213064
0.213064
0.3227
0.544905
0.433525
0.433525
0.544905
0.656234
0.766925
0.656234
0.766925
0.876422
0.984187
1.19252
1.08972
0.876422
0.984187
1.3882
1.29216
1.19252
1.08972
1.56791
1.48024
1.29216
1.3882
1.72885
1.65089
1.56791
1.48024
1.72885
1.65089
1.80153
1.86866
1.80153
1.86866
1.93002
1.98542
1.93002
1.98542
2.03467
2.07765
2.11421
2.14426
2.18452
2.16772
2.03467
2.07765
2.19798
2.19461
2.14426
2.11421
2.18452
2.16772
2.19461
0.217951
2.06354
2.09713
2.12412
0.329466
2.14442
0.329466
0.441807
2.15799
0.554357
0.666518
2.16478
2.16478
0.554357
2.15799
0.995086
0.666518
2.14442
2.12412
2.09713
0.77772
1.39601
1.48667
2.06354
0.887417
2.02342
1.9769
1.92412
0.995086
1.86523
1.10023
1.80043
1.72991
1.65393
1.20239
1.57275
1.30112
1.30112
1.39601
1.20239
1.48667
1.10023
0.887417
1.57275
0.77772
1.65393
0.441807
1.72991
1.80043
0.217951
0.107907
1.86523
1.92412
0.107907
1.9769
2.02342
6.83681e-32
6.83681e-32
3.82795e-32
0.110383
0.110383
3.82795e-32
0.335761
0.222522
0.222522
0.335761
0.563047
0.449473
0.563047
0.449473
0.787482
0.675904
0.675904
0.787482
0.89725
1.0047
1.10935
1.21074
0.89725
1.0047
1.40208
1.30845
1.10935
1.21074
1.49126
1.57566
1.30845
1.40208
1.65495
1.72885
1.57566
1.49126
1.72885
1.65495
1.79712
1.85952
1.85952
1.79712
1.91586
1.96596
1.96596
1.91586
2.00966
2.04685
2.07741
2.10126
2.11835
2.12862
2.00966
2.04685
2.12862
2.13204
2.10126
2.07741
2.11835
2.05503
0.341588
2.07568
0.112698
2.08949
0.456521
2.0964
2.0964
0.570979
0.570979
0.684392
2.08949
2.07568
0.684392
2.05503
2.02757
0.796213
1.99338
1.95256
0.905923
1.90523
1.40642
1.85153
1.01303
1.79161
1.72568
1.11705
1.65393
1.57662
1.21757
1.49402
1.31415
1.31415
1.21757
1.40642
1.11705
1.01303
1.49402
0.905923
0.796213
1.57662
1.65393
0.456521
0.341588
1.72568
0.226774
1.79161
1.85153
0.112698
2.02757
1.90523
1.95256
1.99338
0.226774
7.16908e-32
7.16908e-32
3.99731e-32
0.114852
0.114852
3.99731e-32
0.230711
0.346946
0.230711
0.346946
0.578152
0.462955
0.462955
0.578152
0.803914
0.691984
0.691984
0.803914
1.02007
0.913437
1.22287
1.12336
0.913437
1.02007
1.31822
1.40902
1.22287
1.12336
1.49494
1.57566
1.40902
1.31822
1.65089
1.72038
1.57566
1.49494
1.65089
1.72038
1.84125
1.7839
1.84125
1.7839
1.89224
1.93673
1.93673
1.89224
2.00569
1.97458
2.04737
2.02998
2.06131
2.05783
2.00569
1.97458
2.05783
2.02998
2.04737
0.351837
2.01631
0.468773
2.02335
2.02335
2.01631
0.351837
0.584568
2.00226
0.698679
1.98122
1.95325
1.91844
0.919792
0.810585
1.87687
0.919792
1.82867
1.22667
1.77398
1.71296
1.40989
1.02583
1.64582
1.12826
1.57275
1.49402
1.22667
1.32066
1.32066
1.12826
1.02583
1.40989
1.49402
0.810585
0.698679
0.584568
1.57275
0.468773
1.64582
0.23433
0.116846
1.71296
1.77398
0.116846
2.00226
1.82867
1.87687
1.91844
0.23433
1.95325
1.98122
7.45957e-32
7.45957e-32
4.1439e-32
0.118679
0.118679
4.1439e-32
0.35626
0.237634
0.237634
0.35626
0.590227
0.473977
0.590227
0.473977
0.816229
0.704481
0.704481
0.816229
1.03031
0.924991
1.22894
1.13176
0.924991
1.03031
1.40902
1.32148
1.13176
1.22894
1.56791
1.49126
1.40902
1.32148
1.70342
1.63871
1.49126
1.56791
1.63871
1.70342
1.76185
1.8138
1.76185
1.8138
1.85912
1.89768
1.85912
1.89768
1.92938
1.95413
1.97185
1.9825
1.98605
1.9825
1.95413
1.92938
1.97185
0.478566
1.94592
1.94592
0.120353
1.93874
0.59513
1.92441
0.709388
1.90297
0.59513
0.709388
1.87447
1.83898
0.820845
1.79662
0.929033
1.7475
1.69176
1.2297
1.62957
1.03351
1.56114
1.13386
1.48667
1.40642
1.32066
1.2297
1.32066
1.13386
1.03351
0.929033
1.40642
0.820845
1.48667
0.478566
1.56114
0.360216
1.62957
0.240622
1.69176
1.7475
0.120353
1.93874
1.79662
1.83898
0.240622
1.87447
1.90297
1.92441
0.360216
7.70837e-32
7.70837e-32
4.26776e-32
0.121866
0.121866
4.26776e-32
0.243295
0.363705
0.243295
0.363705
0.599277
0.482544
0.599277
0.482544
0.824434
0.713402
0.713402
0.824434
0.931921
1.03543
1.22894
1.13456
1.03543
0.931921
1.31822
1.40208
1.13456
1.22894
1.55242
1.48024
1.40208
1.31822
1.67796
1.6184
1.55242
1.48024
1.6184
1.67796
1.73093
1.77714
1.73093
1.77714
1.84878
1.81646
1.84878
1.81646
1.874
1.89207
1.90293
1.90655
1.90293
1.874
1.89207
1.85709
0.60267
1.84247
1.8206
0.716523
1.79153
1.75534
0.826998
1.71213
0.60267
1.66203
0.933652
1.60518
0.933652
1.54176
1.03607
1.03607
1.47196
1.39601
1.13386
1.31415
1.22667
1.22667
1.13386
1.31415
0.826998
1.39601
0.716523
1.47196
0.485907
0.366728
1.54176
0.245652
0.12322
1.60518
1.66203
0.12322
1.8644
1.71213
1.8644
1.75534
1.79153
0.245652
1.8206
1.84247
0.366728
1.85709
0.485907
7.91558e-32
7.91558e-32
4.36896e-32
0.124414
0.124414
4.36896e-32
0.369285
0.247694
0.369285
0.247694
0.488659
0.605308
0.605308
0.488659
0.828536
0.718753
0.718753
0.828536
0.93423
1.03543
1.13176
1.22287
1.03543
0.93423
1.3882
1.30845
1.22287
1.13176
1.46185
1.52916
1.3882
1.30845
1.64396
1.58993
1.52916
1.46185
1.58993
1.64396
1.69111
1.73123
1.73123
1.69111
1.7642
1.78994
1.78994
1.7642
1.80837
1.81945
1.82315
1.81945
1.80837
0.607192
1.73445
0.72009
1.70478
1.66785
1.62375
0.371377
0.829049
1.57262
0.607192
0.933652
1.51461
1.44988
1.37864
1.03351
1.30112
1.12826
1.21757
1.12826
1.03351
1.21757
0.933652
1.30112
0.829049
0.72009
1.37864
0.490799
1.44988
0.249422
0.125448
1.51461
1.57262
0.125448
1.75677
1.62375
1.66785
1.70478
1.77915
0.249422
1.73445
1.75677
1.77169
0.371377
0.490799
1.77915
1.77169
8.08126e-32
8.08126e-32
4.44751e-32
0.126324
0.126324
4.44751e-32
0.373004
0.250835
0.250835
0.373004
0.608322
0.492328
0.492328
0.608322
0.828536
0.720536
0.720536
0.828536
1.03031
0.931921
1.21074
1.12336
1.03031
0.931921
1.36735
1.29216
1.21074
1.12336
1.49811
1.43607
1.36735
1.29216
1.55327
1.6014
1.43607
1.49811
1.55327
1.6014
1.67601
1.64235
1.67601
1.64235
1.70228
1.7211
1.7211
1.70228
1.73241
1.73619
1.73241
0.72009
1.6146
1.57688
1.53186
0.826998
1.47965
0.374166
0.929033
1.42041
0.608699
1.35431
1.28156
1.02583
1.20239
1.11705
1.11705
1.02583
0.929033
1.20239
0.826998
1.28156
0.72009
0.493244
1.35431
1.42041
0.251934
0.12704
1.47965
1.53186
0.12704
1.64489
1.57688
1.6146
1.68291
1.69054
0.251934
1.64489
1.66768
1.68291
0.374166
1.69054
0.493244
1.66768
0.608699
8.2055e-32
8.2055e-32
4.50347e-32
0.127596
0.127596
4.50347e-32
0.374863
0.252719
0.252719
0.374863
0.608322
0.49355
0.608322
0.49355
0.824434
0.718753
0.718753
0.824434
0.924991
1.02007
1.10935
1.19252
0.924991
1.02007
1.26933
1.33953
1.19252
1.10935
1.40289
1.45923
1.33953
1.26933
1.55021
1.50839
1.45923
1.40289
1.50839
1.55021
1.61143
1.58459
1.58459
1.61143
1.6422
1.63065
1.63065
1.6422
1.64606
1.43685
0.820845
1.38351
0.127994
1.32299
0.919792
1.25546
1.18113
1.01303
0.607192
0.716523
1.10023
1.01303
1.10023
0.919792
0.820845
1.18113
1.25546
0.493244
0.375096
1.32299
0.25319
1.38351
1.43685
0.127994
1.48285
1.48285
1.52138
1.52138
1.55233
0.25319
1.57561
1.59117
0.375096
1.59896
1.59896
0.493244
1.59117
1.57561
0.607192
1.55233
0.716523
8.28836e-32
8.28836e-32
4.53686e-32
0.128232
0.128232
4.53686e-32
0.253347
0.374863
0.253347
0.374863
0.605308
0.492328
0.492328
0.605308
0.816229
0.713402
0.713402
0.816229
0.913437
1.0047
1.16821
1.08972
1.0047
0.913437
1.3047
1.23995
1.16821
1.08972
1.4125
1.36228
1.3047
1.23995
1.49037
1.45524
1.4125
1.36228
1.45524
1.49037
1.53743
1.51779
1.53743
1.51779
1.54924
1.54924
1.55318
0.810585
1.22279
0.905923
1.15377
1.07779
0.995086
0.374166
0.995086
0.905923
1.07779
0.810585
0.709388
0.60267
1.15377
0.490799
1.22279
0.25319
0.128312
1.28466
1.33917
0.128312
1.28466
1.38618
1.42556
1.45719
1.42556
0.25319
1.48099
1.49689
1.50485
0.374166
1.50485
0.490799
1.49689
1.48099
1.45719
0.60267
0.709388
1.38618
1.33917
8.32987e-32
8.32987e-32
4.54769e-32
0.128232
0.128232
4.54769e-32
0.373004
0.252719
0.252719
0.373004
0.599277
0.488659
0.488659
0.599277
0.704481
0.803914
0.803914
0.704481
0.89725
0.984187
1.06445
1.13779
0.89725
0.984187
1.20399
1.26285
1.06445
1.13779
1.35789
1.3142
1.20399
1.26285
1.3938
1.42183
1.35789
1.3142
1.3938
1.42183
1.45397
1.4419
1.45397
1.4419
1.458
0.887417
1.0497
0.972
0.127994
0.887417
0.972
0.796213
1.0497
0.698679
0.59513
0.485907
1.12028
0.371377
1.18354
0.251934
1.23928
1.28735
0.127994
1.12028
1.32761
1.35994
1.23928
1.28735
0.251934
1.38428
1.40053
1.40867
1.38428
0.371377
1.40867
0.485907
1.40053
1.35994
0.59513
1.32761
0.698679
1.18354
0.796213
8.33005e-32
8.33005e-32
4.53597e-32
0.127596
0.127596
4.53597e-32
0.369285
0.250835
0.250835
0.369285
0.482544
0.590227
0.590227
0.482544
0.691984
0.787482
0.691984
0.787482
0.876422
0.958523
1.10124
1.03354
0.958523
0.876422
1.16143
1.21394
1.10124
1.03354
1.25862
1.29534
1.16143
1.21394
1.324
1.34453
1.25862
1.29534
1.324
1.34453
1.36099
1.35687
1.35687
0.77772
0.943755
0.684392
0.584568
1.01596
0.478566
0.366728
1.08066
0.249422
0.12704
1.13767
1.18684
0.12704
0.864263
1.22801
0.943755
1.26108
1.28597
0.249422
1.30259
1.31092
1.18684
1.22801
0.366728
1.31092
1.30259
0.478566
1.28597
1.26108
0.584568
0.684392
1.13767
1.08066
0.77772
1.01596
0.864263
8.28891e-32
8.28891e-32
4.50169e-32
0.126324
0.126324
4.50169e-32
0.247694
0.363705
0.247694
0.363705
0.578152
0.473977
0.578152
0.473977
0.675904
0.766925
0.675904
0.766925
0.850939
0.927692
1.05854
0.996959
0.927692
0.850939
1.15795
1.11225
1.05854
0.996959
1.22483
1.19552
1.15795
1.11225
1.25845
1.24583
1.19552
1.22483
1.25845
1.24583
1.26267
0.910334
0.468773
0.976537
0.360216
0.245651
0.125448
1.03487
1.08517
0.125448
0.570979
1.12729
1.16113
1.18659
0.836448
0.245651
1.2036
1.21211
1.21211
1.03487
0.360216
1.2036
0.468773
1.18659
1.16113
1.12729
0.570979
1.08517
0.666518
0.976537
0.910334
0.755096
0.836448
0.755096
0.666518
8.20642e-32
8.20642e-32
4.44484e-32
0.124414
0.124414
4.44484e-32
0.356259
0.243295
0.243295
0.356259
0.462955
0.563047
0.563047
0.462955
0.656234
0.742232
0.742232
0.656234
0.891677
0.82079
0.954693
1.00966
0.891677
0.82079
1.09485
1.05642
1.00966
0.954693
1.12485
1.14634
1.09485
1.05642
1.16356
1.15925
1.14634
1.12485
1.15925
0.931423
0.240622
0.12322
0.982898
1.02601
0.12322
0.351837
1.06063
1.08668
0.554356
0.645049
0.240622
1.10409
1.1128
1.1128
0.871722
0.351837
1.10409
0.456521
1.08668
1.06063
1.02601
0.554356
0.982898
0.645049
0.931423
0.803961
0.728331
0.728331
0.803961
0.456521
0.871722
8.08254e-32
8.08254e-32
4.36538e-32
0.121866
0.121866
4.36538e-32
0.237634
0.346946
0.237634
0.346946
0.544905
0.449473
0.544905
0.449473
0.713392
0.632964
0.713392
0.632964
0.850464
0.785961
0.906725
0.954586
0.850464
0.785961
0.993921
1.02462
0.906725
0.954586
1.04661
1.05983
1.02462
0.993921
1.06424
1.05983
1.04661
0.924722
0.120353
0.960163
0.120353
0.986826
1.00464
0.23433
1.01356
1.01356
0.534693
0.619976
0.341588
1.00464
0.766787
0.986826
0.441807
0.960163
0.924722
0.534693
0.880596
0.827904
0.619976
0.697413
0.697413
0.766787
0.441807
0.341588
0.827904
0.23433
0.880596
7.91722e-32
7.91722e-32
4.26329e-32
0.118679
4.26329e-32
0.118679
0.335761
0.230711
0.230711
0.335761
0.433525
0.523718
0.433525
0.523718
0.680394
0.606086
0.606086
0.680394
0.746439
0.804037
0.853036
0.893302
0.804037
0.746439
0.924731
0.947238
0.893302
0.853036
0.965279
0.960766
0.947238
0.924731
0.960766
0.116846
0.860326
0.887622
0.905859
0.226774
0.914989
0.329466
0.914989
0.905859
0.329466
0.887622
0.424625
0.860326
0.824042
0.778865
0.511981
0.724913
0.59129
0.662332
0.59129
0.511981
0.662332
0.424625
0.724913
0.226774
0.116846
0.778865
0.824042
7.71038e-32
7.71038e-32
4.13853e-32
0.114852
0.114852
4.13853e-32
0.3227
0.222522
0.222522
0.3227
0.499479
0.415106
0.415106
0.499479
0.643227
0.57559
0.643227
0.57559
0.752384
0.702211
0.825792
0.793614
0.702211
0.752384
0.848836
0.862686
0.825792
0.793614
0.867307
0.848836
0.862686
0.808371
0.217951
0.817719
0.112698
0.817719
0.808371
0.315465
0.789698
0.404968
0.486213
0.558982
0.761748
0.724593
0.67833
0.486213
0.623077
0.558982
0.404968
0.623077
0.315465
0.67833
0.217951
0.724593
0.761748
0.112698
0.789698
7.46195e-32
7.46195e-32
3.99104e-32
0.110383
0.110383
3.99104e-32
0.307759
0.213064
0.213064
0.307759
0.39421
0.472181
0.39421
0.472181
0.541467
0.601882
0.601882
0.541467
0.695492
0.653269
0.728446
0.752043
0.653269
0.695492
0.766227
0.770957
0.752043
0.728446
0.766227
0.207859
0.722401
0.712827
0.299582
0.693704
0.665079
0.382831
0.627026
0.57964
0.457384
0.523044
0.457384
0.523044
0.382831
0.299582
0.57964
0.207859
0.107907
0.627026
0.665079
0.107907
0.693704
0.712827
0.722401
7.17183e-32
7.17183e-32
3.82078e-32
0.105271
0.105271
3.82078e-32
0.290933
0.202336
0.202336
0.290933
0.370832
0.441818
0.370832
0.441818
0.503712
0.55635
0.503712
0.55635
0.599602
0.633354
0.67205
0.657524
0.633354
0.599602
0.67205
0.676896
0.657524
0.619904
0.600316
0.281813
0.570995
0.358209
0.532013
0.281813
0.48347
0.425486
0.425486
0.358209
0.48347
0.196493
0.102473
0.532013
0.570995
0.102473
0.600316
0.62971
0.619904
0.62971
0.196493
6.83993e-32
6.83993e-32
0.099514
3.6277e-32
0.099514
3.6277e-32
0.27222
0.190333
0.190333
0.27222
0.408385
0.344966
0.408385
0.344966
0.462318
0.506627
0.462318
0.506627
0.565964
0.541206
0.585808
0.580845
0.541206
0.580845
0.565964
0.262154
0.480193
0.331099
0.440254
0.390515
0.331099
0.390515
0.262154
0.440254
0.183853
0.0963938
0.480193
0.510232
0.0963938
0.530299
0.530299
0.540345
0.183853
0.540345
0.510232
6.46617e-32
6.46617e-32
3.41177e-32
0.0931119
0.0931119
3.41177e-32
0.251615
0.177055
0.177055
0.251615
0.371877
0.316611
0.316611
0.371877
0.41728
0.452708
0.452708
0.41728
0.478076
0.493321
0.498407
0.493321
0.478076
0.301497
0.301497
0.240604
0.352469
0.169936
0.0896685
0.393394
0.424175
0.0896685
0.352469
0.393394
0.444736
0.455029
0.455029
0.169936
0.444736
0.424175
0.240604
6.05048e-32
6.05048e-32
3.17293e-32
0.0860632
0.0860632
3.17293e-32
0.229118
0.162499
0.229118
0.162499
0.332291
0.285762
0.332291
0.285762
0.394591
0.368597
0.368597
0.394591
0.410213
0.415424
0.410213
0.154741
0.0822963
0.311344
0.342888
0.0822963
0.363959
0.217159
0.374506
0.374506
0.311344
0.154741
0.363959
0.342888
0.217159
0.269401
0.269401
5.59279e-32
5.59279e-32
2.91117e-32
0.0783672
0.0783672
2.91117e-32
0.146664
0.204726
0.146664
0.204726
0.289627
0.252418
0.289627
0.252418
0.332277
0.316269
0.316269
0.337618
0.332277
0.267141
0.288736
0.0742764
0.0742764
0.299547
0.299547
0.138266
0.288736
0.267141
0.23481
0.191819
0.191819
0.23481
0.138266
5.09304e-32
5.09304e-32
2.62646e-32
0.0700234
2.62646e-32
0.0700234
0.129549
0.178438
0.129549
0.178438
0.243885
0.21658
0.243885
0.21658
0.265767
0.260294
0.260294
0.0656085
0.230941
0.230941
0.21986
0.120511
0.197725
0.164583
0.164583
0.120511
0.0656085
0.197725
0.21986
4.55122e-32
4.55122e-32
2.31878e-32
0.0610315
0.0610315
2.31878e-32
0.150255
0.111155
0.111155
0.150255
0.178247
0.195066
0.178247
0.195066
0.200677
0.158145
0.101477
0.135453
0.101477
0.0562926
0.135453
0.158145
0.0562926
0.169503
0.169503
3.96729e-32
3.96729e-32
1.98813e-32
0.0513915
0.0513915
1.98813e-32
0.120176
0.0914803
0.0914803
0.120176
0.13742
0.13742
0.143171
0.0811629
0.0811629
0.0463286
0.104427
0.116072
0.0463286
0.116072
0.104427
3.34127e-32
3.34127e-32
1.63453e-32
0.0411036
1.63453e-32
0.0411036
0.0705268
0.0882046
0.0705268
0.0882046
0.0941023
0.0715092
0.0357168
0.0715092
0.0595701
0.0357168
0.0595701
2.67316e-32
2.67316e-32
0.0301681
1.25796e-32
0.0301681
1.25796e-32
0.048295
0.048295
0.0543405
0.0244578
0.0366995
0.0244578
0.0366995
1.96298e-32
1.96298e-32
8.58458e-33
0.0185856
0.0185856
8.58458e-33
0.0247859
0.0125519
0.0125519
1.21077e-32
1.21077e-32
4.36031e-33
4.36031e-33
0.00635651
1.80101e-35
4.16563e-33
4.16563e-33
