1.3864e-35
3.20667e-33
3.20667e-33
3.35655e-33
9.32117e-33
0.00489318
0.00966262
3.35655e-33
9.32117e-33
0.00966262
6.60899e-33
0.0188299
1.51138e-32
0.0143082
0.0190808
0.0282543
0.0282543
0.0143082
0.0188299
1.51138e-32
6.60899e-33
9.68581e-33
0.0275016
2.05846e-32
0.0232277
0.0458675
0.0550599
0.0371833
0.0418382
9.68581e-33
0.0275016
0.0371833
0.0550599
0.0458675
0.0232277
2.05846e-32
1.2587e-32
0.0316517
0.0356779
2.57334e-32
0.0543073
0.0625023
0.0804166
0.0679193
0.0893831
0.0724599
0.0893831
0.0679193
0.0316517
2.57334e-32
0.0356779
1.2587e-32
0.0625023
0.0543073
0.0804166
1.53126e-32
3.05604e-32
0.0395801
0.0433586
0.0704527
0.0781585
0.104324
0.0925515
0.0433586
3.05604e-32
0.0395801
1.53126e-32
0.130547
0.110259
0.121799
0.10583
0.10583
0.104324
0.121799
0.0704527
0.130547
0.0925515
0.0781585
1.78626e-32
0.0505437
3.50655e-32
0.0470131
0.0856197
0.0928362
0.126783
0.115735
0.150246
0.137293
0.152309
0.169358
3.50655e-32
0.0505437
0.0470131
1.78626e-32
0.0856197
0.126783
0.0928362
0.115735
0.154567
0.177891
0.150246
0.177891
0.152309
0.169358
0.137293
2.02369e-32
0.0572334
3.92487e-32
0.0539505
0.0998081
0.106535
0.147793
0.137469
0.205817
0.187881
0.166849
0.180912
0.20052
0.222451
0.230778
0.204735
2.02369e-32
0.0572334
3.92487e-32
0.0539505
0.0998081
0.106535
0.147793
0.137469
0.222451
0.205817
0.180912
0.230778
0.166849
0.20052
0.187881
2.24356e-32
0.0634275
4.311e-32
0.0603924
0.113018
0.119256
0.167354
0.157754
0.207608
0.239924
0.223164
0.194498
0.243687
0.264226
0.28046
0.25602
0.0603924
2.24356e-32
0.0634275
4.311e-32
0.260134
0.288586
0.288586
0.25602
0.119256
0.167354
0.113018
0.157754
0.223164
0.264226
0.28046
0.207608
0.194498
0.243687
0.239924
2.44587e-32
0.0691261
4.66494e-32
0.0663387
0.176591
0.125249
0.130998
0.185466
0.232397
0.271678
0.256095
0.220241
0.28407
0.303217
0.326936
0.304099
0.316135
0.34278
0.350712
0.32015
4.66494e-32
0.0663387
2.44587e-32
0.0691261
0.185466
0.130998
0.176591
0.125249
0.350712
0.34278
0.316135
0.304099
0.256095
0.220241
0.232397
0.271678
0.303217
0.326936
0.28407
2.63062e-32
0.0743292
4.98669e-32
0.0717895
0.136502
0.202129
0.193978
0.141762
0.0717895
0.0743292
4.98669e-32
2.63062e-32
0.255279
0.301081
0.286674
0.244076
0.321667
0.370207
0.348972
0.339422
0.380272
0.393362
0.40883
0.368523
0.416574
0.384192
0.380272
0.416574
0.141762
0.202129
0.193978
0.136502
0.301081
0.255279
0.286674
0.244076
0.40883
0.393362
0.339422
0.368523
0.370207
0.321667
0.348972
2.79781e-32
0.0790367
5.27626e-32
0.0767448
0.146777
0.151547
0.217343
0.209917
0.0767448
0.0790367
5.27626e-32
2.79781e-32
0.276254
0.328131
0.3149
0.266005
0.151547
0.209917
0.217343
0.146777
0.35648
0.372842
0.390641
0.410273
0.436386
0.440331
0.46294
0.417298
0.485606
0.451685
0.478044
0.447858
0.447858
0.485606
0.478044
0.436386
0.266005
0.328131
0.276254
0.3149
0.46294
0.390641
0.410273
0.372842
0.35648
0.417298
0.440331
2.94744e-32
0.0812046
0.0832487
5.53363e-32
0.156073
0.160354
0.231108
0.224406
0.295323
0.352829
0.340774
0.286027
0.0812046
0.0832487
5.53363e-32
2.94744e-32
0.231108
0.160354
0.224406
0.156073
0.388507
0.403477
0.447133
0.429104
0.295323
0.340774
0.286027
0.352829
0.46246
0.483686
0.513042
0.488492
0.507133
0.518337
0.535124
0.549877
0.557263
0.518337
0.522074
0.557263
0.507133
0.535124
0.549877
0.488492
0.403477
0.483686
0.429104
0.388507
0.513042
0.46246
0.447133
3.0795e-32
5.75881e-32
0.0851689
0.0869652
0.16439
0.168182
0.243424
0.237447
0.312484
0.375175
0.364296
0.304142
0.0851689
0.0869652
5.75881e-32
3.0795e-32
0.41775
0.431327
0.480789
0.464362
0.243424
0.168182
0.237447
0.16439
0.364296
0.375175
0.312484
0.304142
0.523429
0.504009
0.559135
0.53659
0.431327
0.41775
0.464362
0.480789
0.580227
0.562018
0.609388
0.587813
0.591172
0.623802
0.594824
0.631018
0.631018
0.580227
0.591172
0.623802
0.562018
0.53659
0.504009
0.587813
0.523429
0.559135
0.609388
3.194e-32
0.0901861
5.95181e-32
0.0886376
0.171729
0.175031
0.254291
0.249039
0.327739
0.395169
0.32035
0.385466
0.444207
0.456392
0.511239
0.496414
0.0886376
0.0901861
5.95181e-32
3.194e-32
0.175031
0.254291
0.249039
0.171729
0.601221
0.559559
0.541946
0.580679
0.395169
0.327739
0.385466
0.32035
0.496414
0.444207
0.456392
0.511239
0.664137
0.637358
0.612511
0.636112
0.541946
0.601221
0.559559
0.580679
0.665847
0.655152
0.69931
0.685222
0.706364
0.669416
0.665847
0.706364
0.637358
0.664137
0.636112
0.655152
0.69931
0.685222
0.612511
3.29094e-32
0.0929115
6.11261e-32
0.0916108
0.178089
0.180902
0.263709
0.259181
0.341087
0.334652
0.41281
0.404283
0.46788
0.478672
0.538483
0.525262
3.29094e-32
6.11261e-32
0.0916108
0.0929115
0.620761
0.576269
0.592076
0.639298
0.178089
0.180902
0.263709
0.259181
0.41281
0.341087
0.404283
0.334652
0.680019
0.714126
0.689727
0.658614
0.525262
0.538483
0.46788
0.478672
0.576269
0.592076
0.620761
0.639298
0.741524
0.762139
0.714013
0.731408
0.714126
0.680019
0.658614
0.689727
0.745351
0.741863
0.78281
0.775913
0.741524
0.78281
0.762139
0.775913
0.731408
0.741863
0.714013
3.37031e-32
0.0951414
6.24123e-32
0.0940884
0.183471
0.185795
0.271678
0.267875
0.347046
0.352528
0.4281
0.420749
0.488767
0.498167
0.562523
0.550904
0.0940884
0.0951414
6.24123e-32
3.37031e-32
0.656834
0.606979
0.620979
0.673367
0.183471
0.267875
0.271678
0.185795
0.759354
0.737335
0.719536
0.700327
0.352528
0.4281
0.420749
0.347046
0.550904
0.562523
0.498167
0.488767
0.792708
0.819504
0.791504
0.767756
0.673367
0.606979
0.620979
0.656834
0.759354
0.719536
0.700327
0.737335
0.818739
0.808515
0.839667
0.85314
0.791504
0.767756
0.819504
0.792708
0.859886
0.822151
0.818739
0.808515
0.85314
0.839667
0.859886
3.43213e-32
0.0968758
6.33765e-32
0.0960705
0.187874
0.189709
0.278199
0.27512
0.0960705
0.0968758
6.33765e-32
3.43213e-32
0.357534
0.362062
0.441037
0.434862
0.50687
0.514877
0.583357
0.57334
0.703428
0.688899
0.634077
0.64627
0.27512
0.187874
0.278199
0.189709
0.754662
0.780183
0.799821
0.737648
0.357534
0.441037
0.434862
0.362062
0.846138
0.838773
0.871406
0.81638
0.583357
0.514877
0.57334
0.50687
0.703428
0.64627
0.634077
0.688899
0.886012
0.897625
0.917355
0.86937
0.799821
0.754662
0.737648
0.780183
0.871406
0.846138
0.81638
0.838773
0.896016
0.899353
0.937141
0.930539
0.886012
0.86937
0.897625
0.917355
0.937141
0.896016
0.930539
3.47638e-32
0.0981146
6.40189e-32
0.0975571
0.191299
0.192645
0.28327
0.280916
0.366115
0.36969
0.451622
0.446623
0.0975571
0.0981146
6.40189e-32
3.47638e-32
0.280916
0.28327
0.191299
0.192645
0.522187
0.528802
0.600986
0.592572
0.667948
0.729481
0.716956
0.657561
0.785397
0.818269
0.835527
0.770579
0.366115
0.446623
0.451622
0.36969
0.87972
0.917844
0.895308
0.859886
0.522187
0.592572
0.528802
0.600986
0.949786
0.975453
0.92443
0.947168
0.716956
0.729481
0.667948
0.657561
0.785397
0.818269
0.770579
0.835527
0.973249
0.994769
1.00768
0.963457
0.895308
0.87972
0.917844
0.859886
0.92443
0.975453
0.947168
0.949786
0.976517
0.963457
1.01414
1.01414
0.973249
0.994769
1.00768
3.50307e-32
0.0988579
6.43394e-32
0.0985482
0.193746
0.194602
0.286893
0.285262
0.372789
0.37541
0.459854
0.456032
0.53472
0.608598
0.539942
0.61541
0.0985482
0.0988579
6.43394e-32
3.50307e-32
0.194602
0.285262
0.286893
0.193746
0.456032
0.459854
0.37541
0.372789
0.686013
0.751526
0.741005
0.677432
0.851595
0.866472
0.799119
0.811742
0.958819
0.939014
0.915548
0.898274
0.608598
0.53472
0.61541
0.539942
0.973694
0.996152
1.02744
1.00221
0.677432
0.686013
0.741005
0.751526
1.02448
1.0715
1.04043
1.05258
0.866472
0.811742
0.851595
0.799119
0.958819
0.915548
0.939014
0.898274
1.09047
1.05002
1.08414
1.05322
0.973694
0.996152
1.00221
1.02744
1.04043
1.02448
1.09047
1.08414
1.05258
1.05002
1.0715
3.5122e-32
0.0991057
6.43379e-32
0.0990437
0.195213
0.19558
0.289066
0.28816
0.377556
0.379224
0.465735
0.463089
0.0990437
0.0991057
6.43379e-32
3.5122e-32
0.544467
0.626628
0.621419
0.548297
0.700465
0.769563
0.761045
0.693691
0.28816
0.289066
0.19558
0.195213
0.463089
0.465735
0.379224
0.377556
0.544467
0.548297
0.621419
0.626628
0.88016
0.823268
0.892657
0.833696
0.99433
0.977258
0.946258
0.931543
1.01716
1.03672
1.0733
1.05113
0.761045
0.693691
0.700465
0.769563
1.10396
1.10089
1.1286
1.07907
0.823268
0.88016
0.892657
0.833696
1.12591
1.14714
1.15954
1.11652
0.977258
0.99433
0.946258
0.931543
1.0733
1.03672
1.05113
1.01716
1.16574
1.12905
1.12591
1.16574
1.10396
1.07907
1.15954
1.1286
1.10089
1.11652
1.14714
3.50377e-32
0.0988579
6.40146e-32
0.0990437
0.195703
0.19558
0.28979
0.289609
0.380416
0.381131
0.469263
0.467793
0.55143
0.553867
0.634641
0.631035
0.0990437
0.0988579
6.40146e-32
3.50377e-32
0.19558
0.289609
0.28979
0.195703
0.711304
0.783591
0.777078
0.706336
0.851259
0.914081
0.903964
0.843026
0.381131
0.380416
0.467793
0.469263
0.631035
0.55143
0.634641
0.553867
0.711304
0.706336
0.783591
0.777078
1.01004
1.02438
0.97185
0.959694
1.05483
1.0715
1.11305
1.09394
1.14892
1.12724
1.17898
1.15463
0.843026
0.903964
0.851259
0.914081
1.22133
1.20314
1.19134
1.17602
0.959694
0.97185
1.02438
1.01004
1.20055
1.23348
1.23957
1.20363
1.11305
1.09394
1.05483
1.0715
1.12724
1.14892
1.15463
1.17898
1.20055
1.19134
1.23957
1.23348
1.17602
1.20314
1.22133
3.47777e-32
0.0981146
6.33694e-32
0.0985482
0.195213
0.194602
0.289066
0.289609
0.470145
0.381369
0.381131
0.470439
0.0985482
0.0981146
6.33694e-32
3.47777e-32
0.555608
0.556652
0.639449
0.637446
0.71853
0.793611
0.789102
0.715368
0.194602
0.289609
0.289066
0.195213
0.470145
0.470439
0.381369
0.381131
0.864431
0.930743
0.923007
0.858394
0.992323
1.03735
0.982726
1.04896
0.637446
0.639449
0.556652
0.555608
0.789102
0.715368
0.71853
0.793611
0.930743
0.864431
0.858394
0.923007
1.08671
1.13064
1.14669
1.10048
1.16899
1.18746
1.22265
1.20165
1.2495
1.27585
1.22852
1.25214
0.982726
1.03735
1.04896
0.992323
1.26453
1.27357
1.2937
1.30563
1.08671
1.14669
1.13064
1.10048
1.3116
1.3116
1.27659
1.27357
1.18746
1.22265
1.16899
1.20165
1.30563
1.2937
1.25214
1.22852
1.27585
1.26453
1.2495
3.43421e-32
0.0968758
6.24023e-32
0.0975571
0.193746
0.192645
0.286893
0.28816
0.469263
0.470145
0.380416
0.379224
0.557
0.556652
0.641052
0.640651
0.0975571
0.0968758
6.24023e-32
3.43421e-32
0.192645
0.28816
0.286893
0.193746
0.722143
0.799624
0.797119
0.720788
0.873212
0.942646
0.93729
0.869371
0.470145
0.469263
0.379224
0.380416
0.640651
0.557
0.641052
0.556652
1.00768
1.06808
1.00064
1.05921
1.11279
1.16122
1.17421
1.12366
0.722143
0.720788
0.799624
0.797119
0.869371
0.93729
0.942646
0.873212
1.00064
1.05921
1.06808
1.00768
1.20432
1.24196
1.21957
1.25959
1.27402
1.3231
1.29414
1.30039
1.34639
1.32098
1.36391
1.33574
1.11279
1.16122
1.12366
1.17421
1.3815
1.34462
1.34758
1.37563
1.20432
1.21957
1.25959
1.24196
1.34462
1.3815
1.37563
1.33574
1.30039
1.29414
1.27402
1.3231
1.34639
1.32098
1.36391
3.37309e-32
0.0951414
6.11133e-32
0.0960705
0.191299
0.189709
0.28327
0.285262
0.37541
0.465735
0.467793
0.377556
0.0960705
0.0951414
6.11133e-32
3.37309e-32
0.555608
0.553867
0.639449
0.640651
0.722143
0.801628
0.722594
0.801127
0.189709
0.285262
0.28327
0.191299
0.467793
0.465735
0.377556
0.37541
0.877603
0.949787
0.946811
0.875957
1.0756
1.01791
1.08174
1.01344
0.553867
0.555608
0.639449
0.640651
0.722594
0.801127
0.801628
0.722143
1.13308
1.14105
1.18568
1.19562
1.23322
1.24526
1.28982
1.27555
0.877603
0.949787
0.875957
0.946811
1.08174
1.01791
1.01344
1.0756
1.19562
1.13308
1.18568
1.14105
1.31252
1.344
1.32914
1.36309
1.41443
1.39155
1.39014
1.36991
1.41336
1.43165
1.44317
1.40464
1.23322
1.28982
1.24526
1.27555
1.41336
1.44894
1.41627
1.44894
1.36309
1.344
1.31252
1.32914
1.40464
1.41443
1.39155
1.43165
1.44317
1.36991
1.39014
3.29441e-32
0.0929115
5.95024e-32
0.0940884
0.187874
0.280916
0.185795
0.278199
0.36969
0.459854
0.463089
0.372789
0.0940884
0.0929115
5.95024e-32
3.29441e-32
0.55143
0.548297
0.634641
0.637446
0.185795
0.280916
0.278199
0.187874
0.71853
0.720788
0.799624
0.801127
0.877603
0.952167
0.951572
0.878152
0.372789
0.463089
0.459854
0.36969
0.548297
0.637446
0.55143
0.634641
1.08652
1.02303
1.08994
1.02111
1.15264
1.14757
1.2109
1.20402
0.720788
0.799624
0.801127
0.71853
0.951572
0.952167
0.877603
0.878152
1.2557
1.31333
1.30242
1.26453
1.3958
1.34402
1.35714
1.38035
1.08994
1.02303
1.02111
1.08652
1.14757
1.20402
1.2109
1.15264
1.2557
1.26453
1.30242
1.31333
1.43677
1.4113
1.42918
1.45717
1.47968
1.49662
1.47092
1.45667
1.51362
1.48236
1.50795
1.4795
1.38035
1.35714
1.34402
1.3958
1.51362
1.4795
1.50795
1.47092
1.49662
1.43677
1.47968
1.4113
1.45667
1.42918
1.45717
3.19817e-32
0.0901861
5.75696e-32
0.0916108
0.0916108
0.0901861
5.75696e-32
3.19817e-32
0.183471
0.271678
0.27512
0.180902
0.362062
0.451622
0.456032
0.366115
0.544467
0.539942
0.626628
0.631035
0.27512
0.271678
0.183471
0.180902
0.715368
0.711304
0.793611
0.797119
0.456032
0.451622
0.362062
0.366115
0.873212
0.949787
0.951572
0.875957
1.02303
1.09267
1.09199
1.02367
0.539942
0.631035
0.544467
0.626628
0.711304
0.793611
0.715368
0.797119
1.15626
1.15843
1.22008
1.21626
1.27176
1.27738
1.32257
1.33013
0.949787
0.873212
0.875957
0.951572
1.02303
1.02367
1.09199
1.09267
1.36852
1.37814
1.42124
1.40943
1.44517
1.49214
1.45929
1.47563
1.15626
1.21626
1.15843
1.22008
1.27176
1.33013
1.27738
1.32257
1.36852
1.42124
1.40943
1.37814
1.54185
1.52026
1.50068
1.51969
1.56968
1.55853
1.53429
1.54273
1.54273
1.54554
1.57526
1.57526
1.44517
1.47563
1.49214
1.45929
1.56968
1.52026
1.53429
1.55853
1.51969
1.54185
1.50068
3.08436e-32
0.0869652
5.5315e-32
0.0886376
0.178089
0.175031
0.263709
0.267875
0.0886376
0.0869652
5.5315e-32
3.08436e-32
0.267875
0.263709
0.178089
0.175031
0.352528
0.441037
0.446623
0.357534
0.53472
0.528802
0.61541
0.621419
0.706336
0.700465
0.783591
0.789102
0.357534
0.352528
0.446623
0.441037
0.864431
0.942646
0.946811
0.869371
0.621419
0.61541
0.53472
0.528802
1.01791
1.08994
1.09199
1.02111
1.15916
1.22314
1.22237
1.15843
0.706336
0.783591
0.700465
0.789102
0.942646
0.946811
0.864431
0.869371
1.2838
1.34021
1.28139
1.33601
1.38602
1.39214
1.43942
1.43124
1.08994
1.02111
1.09199
1.01791
1.15843
1.22237
1.15916
1.22314
1.47152
1.48187
1.51934
1.50671
1.56137
1.57885
1.5367
1.55171
1.33601
1.28139
1.2838
1.34021
1.39214
1.38602
1.43942
1.43124
1.47152
1.51934
1.50671
1.48187
1.61711
1.60067
1.58065
1.59447
1.60556
1.60278
1.6281
1.6336
1.60278
1.6336
1.59447
1.6281
1.5367
1.58065
1.57885
1.55171
1.60067
1.61711
1.56137
2.95299e-32
0.0851689
0.0832487
5.27384e-32
0.171729
0.168182
0.254291
0.259181
0.341087
0.4281
0.434862
0.347046
0.0851689
0.0832487
5.27384e-32
2.95299e-32
0.168182
0.259181
0.254291
0.171729
0.434862
0.4281
0.341087
0.347046
0.522187
0.514877
0.600986
0.608598
0.693691
0.686013
0.769563
0.777078
0.858394
0.851259
0.930744
0.93729
0.514877
0.608598
0.522187
0.600986
1.00768
1.08174
1.08652
1.01344
0.693691
0.769563
0.777078
0.686013
1.22237
1.15626
1.15264
1.22008
1.34356
1.2846
1.2838
1.34272
0.851259
0.858394
0.93729
0.930744
1.01344
1.08652
1.08174
1.00768
1.39651
1.45032
1.44578
1.39914
1.49033
1.53877
1.49692
1.53003
1.22237
1.15626
1.15264
1.22008
1.34356
1.2838
1.34272
1.2846
1.60763
1.59427
1.57571
1.56471
1.63439
1.61859
1.63759
1.65592
1.39651
1.45032
1.44578
1.39914
1.49033
1.53877
1.49692
1.53003
1.59427
1.56471
1.60763
1.57571
1.65122
1.68297
1.65941
1.67213
1.6884
1.6884
1.66214
1.65941
1.65122
1.65592
1.67213
1.68297
1.63439
1.63759
1.61859
2.80406e-32
4.98399e-32
0.0812046
0.0790367
0.16439
0.160354
0.243424
0.249039
0.327739
0.41281
0.420749
0.334652
0.0812046
0.0790367
4.98399e-32
2.80406e-32
0.50687
0.498167
0.583357
0.592572
0.160354
0.249039
0.243424
0.16439
0.334652
0.327739
0.420749
0.41281
0.498167
0.592572
0.583357
0.50687
0.677432
0.667948
0.751526
0.761045
0.833696
0.914081
0.923007
0.843026
0.992323
1.06808
1.0756
1.00064
0.677432
0.761045
0.751526
0.667948
1.14757
1.2109
1.21626
1.14105
0.914081
0.923007
0.833696
0.843026
1.27738
1.34021
1.28139
1.34272
1.45396
1.40001
1.39914
1.45305
1.06808
0.992323
1.00064
1.0756
1.21626
1.14757
1.2109
1.14105
1.54557
1.50162
1.50445
1.55043
1.59172
1.61893
1.58472
1.62818
1.27738
1.34021
1.28139
1.34272
1.45396
1.39914
1.40001
1.45305
1.6861
1.67209
1.65968
1.64809
1.70735
1.69084
1.70428
1.72336
1.50162
1.55043
1.54557
1.50445
1.62818
1.61893
1.58472
1.59172
1.64809
1.67209
1.65968
1.6861
1.71507
1.71237
1.73406
1.73942
1.73942
1.71237
1.70428
1.72336
1.73406
1.70735
1.69084
2.63757e-32
0.0743292
4.66196e-32
0.0767449
0.0767449
0.0743292
4.66196e-32
2.63757e-32
0.156073
0.151547
0.231108
0.237447
0.312484
0.395169
0.404283
0.32035
0.488767
0.478672
0.562523
0.57334
0.237447
0.231108
0.156073
0.151547
0.657561
0.64627
0.729481
0.741005
0.404283
0.312484
0.395169
0.32035
0.562523
0.478672
0.57334
0.488767
0.657561
0.741005
0.729481
0.64627
0.823268
0.811742
0.892657
0.903964
0.97185
1.04896
1.05921
0.982727
1.13308
1.20402
1.12366
1.19562
0.892657
0.903964
0.811742
0.823268
1.26453
1.33601
1.27176
1.33013
0.97185
0.982727
1.05921
1.04896
1.45032
1.45305
1.39651
1.39214
1.55334
1.50539
1.55431
1.50445
1.20402
1.13308
1.12366
1.19562
1.33601
1.27176
1.26453
1.33013
1.59972
1.64052
1.63538
1.59672
1.67654
1.69796
1.70766
1.66917
1.39214
1.39651
1.45305
1.45032
1.55431
1.50445
1.50539
1.55334
1.75477
1.73377
1.74018
1.72166
1.75346
1.76145
1.78116
1.77058
1.59672
1.59972
1.63538
1.64052
1.66917
1.67654
1.70766
1.69796
1.73377
1.75477
1.72166
1.74018
1.76411
1.78646
1.78646
1.76145
1.77058
1.78116
1.75346
2.45352e-32
0.0691261
4.30773e-32
0.0717896
2.45352e-32
0.0717896
0.0691261
4.30773e-32
0.146777
0.141762
0.217343
0.224406
0.224406
0.217343
0.146777
0.141762
0.304142
0.295323
0.375175
0.385466
0.46788
0.456392
0.538483
0.550904
0.634077
0.620979
0.703428
0.716956
0.385466
0.375175
0.295323
0.304142
0.799119
0.785398
0.866473
0.88016
0.456392
0.550904
0.538483
0.46788
0.634077
0.716956
0.703428
0.620979
0.785398
0.799119
0.88016
0.866473
0.946258
1.02438
1.03735
0.959694
1.11279
1.17421
1.10048
1.18568
1.32257
1.2557
1.24526
1.31333
0.946258
1.02438
1.03735
0.959694
1.44578
1.37814
1.38602
1.43942
1.10048
1.18568
1.17421
1.11279
1.55043
1.55334
1.49692
1.50162
1.59972
1.6436
1.64463
1.60073
1.32257
1.31333
1.24526
1.2557
1.38602
1.44578
1.37814
1.43942
1.7206
1.68181
1.68497
1.71521
1.75138
1.77721
1.76711
1.74368
1.55043
1.50162
1.49692
1.55334
1.60073
1.6436
1.59972
1.64463
1.78542
1.79855
1.81363
1.79798
1.80645
1.80908
1.82409
1.82933
1.68497
1.68181
1.71521
1.7206
1.77721
1.74368
1.76711
1.75138
1.82933
1.78542
1.82409
1.80645
1.79855
1.81363
1.79798
0.0663387
0.0634275
3.92132e-32
2.2519e-32
2.2519e-32
0.0634275
3.92132e-32
0.0663387
0.136502
0.130998
0.202129
0.209917
0.136502
0.130998
0.209917
0.202129
0.276254
0.352829
0.364296
0.286027
0.364296
0.352829
0.276254
0.286027
0.444207
0.431327
0.511239
0.525262
0.606979
0.592076
0.673367
0.688899
0.770579
0.754662
0.835527
0.851595
0.511239
0.431327
0.525262
0.444207
0.931543
0.915548
0.99433
1.01004
0.592076
0.606979
0.688899
0.673367
0.835527
0.770579
0.851595
0.754662
0.931543
1.01004
0.99433
0.915548
1.16122
1.08671
1.0715
1.14669
1.30242
1.23322
1.28982
1.21957
1.43124
1.35714
1.42124
1.36852
1.16122
1.14669
1.08671
1.0715
1.54557
1.48187
1.53877
1.49034
1.30242
1.21957
1.23322
1.28982
1.59172
1.64052
1.59672
1.6436
1.72383
1.72491
1.68603
1.68497
1.43124
1.42124
1.35714
1.36852
1.48187
1.49034
1.54557
1.53877
1.76019
1.79067
1.78506
1.75689
1.81624
1.82638
1.83682
1.80825
1.59672
1.64052
1.6436
1.59172
1.68497
1.68603
1.72383
1.72491
1.83937
1.85231
1.86267
1.84719
1.84719
1.8498
1.86786
1.86786
1.78506
1.75689
1.79067
1.76019
1.81624
1.83682
1.82638
1.86267
1.85231
1.80825
1.83937
0.0603924
0.0572334
3.50271e-32
2.03272e-32
0.193978
0.185466
0.125249
0.119256
2.03272e-32
0.0572334
3.50271e-32
0.0603924
0.125249
0.119256
0.185466
0.193978
0.255279
0.328131
0.340774
0.266005
0.328131
0.255279
0.266005
0.340774
0.41775
0.403477
0.480789
0.496414
0.403477
0.496414
0.480789
0.41775
0.576269
0.559559
0.639298
0.656834
0.737648
0.719536
0.799821
0.818269
0.87972
0.958819
0.977258
0.898274
0.559559
0.576269
0.656834
0.639298
1.05483
1.03672
1.11305
1.13064
0.719536
0.799821
0.737648
0.818269
0.958819
0.898274
0.977258
0.87972
1.03672
1.13064
1.05483
1.11305
1.18746
1.20432
1.25959
1.27555
1.40943
1.32914
1.3958
1.34402
1.51934
1.45929
1.53003
1.47152
1.27555
1.25959
1.18746
1.20432
1.57571
1.63538
1.62818
1.58472
1.32914
1.34402
1.40943
1.3958
1.7206
1.67654
1.72383
1.68181
1.76129
1.79516
1.79404
1.76019
1.53003
1.51934
1.47152
1.45929
1.63538
1.58472
1.57571
1.62818
1.84493
1.82195
1.82538
1.85073
1.87113
1.86289
1.88649
1.87577
1.7206
1.68181
1.67654
1.72383
1.76129
1.79516
1.79404
1.76019
1.8861
1.89676
1.88352
1.90191
1.88352
1.89676
1.87577
1.90191
1.84493
1.82538
1.85073
1.82195
1.88649
1.87113
1.86289
0.0539505
0.0505437
3.05192e-32
1.79599e-32
0.176591
0.167354
0.113018
0.106535
1.79599e-32
0.0505437
3.05192e-32
0.0539505
0.3149
0.301081
0.232397
0.244076
0.113018
0.106535
0.167354
0.176591
0.232397
0.301081
0.3149
0.244076
0.388507
0.372842
0.447133
0.464362
0.464362
0.447133
0.388507
0.372842
0.541946
0.523429
0.601221
0.620761
0.541946
0.620761
0.601221
0.523429
0.700327
0.680019
0.759354
0.780183
0.859886
0.838773
0.917844
0.939014
1.01716
0.996153
1.0733
1.09394
0.759354
0.700327
0.780183
0.680019
1.24196
1.16899
1.22265
1.14892
0.838773
0.917844
0.939014
0.859886
0.996153
1.09394
1.0733
1.01716
1.24196
1.14892
1.16899
1.22265
1.36309
1.29414
1.38035
1.31252
1.49214
1.50671
1.42918
1.44517
1.61893
1.55171
1.60763
1.56471
1.29414
1.38035
1.36309
1.31252
1.65968
1.70766
1.71521
1.66917
1.42918
1.49214
1.50671
1.44517
1.75138
1.79067
1.75689
1.79404
1.82652
1.82538
1.85421
1.85537
1.56471
1.55171
1.61893
1.60763
1.71521
1.66917
1.70766
1.65968
1.89482
1.90078
1.88053
1.87701
1.91528
1.9076
1.91603
1.92623
1.75689
1.79067
1.75138
1.79404
1.85537
1.82652
1.82538
1.85421
1.91785
1.91528
1.93134
1.93134
1.89482
1.88053
1.9076
1.92623
1.87701
1.90078
1.91603
0.0470131
0.0433586
2.56894e-32
1.54168e-32
0.157754
0.147793
0.0998081
0.0928362
1.54168e-32
0.0433586
2.56894e-32
0.0470131
0.286674
0.271678
0.207608
0.220241
0.0998081
0.0928362
0.147793
0.157754
0.429104
0.410273
0.35648
0.339422
0.207608
0.271678
0.286674
0.220241
0.35648
0.339422
0.410273
0.429104
0.504009
0.483686
0.559135
0.580679
0.504009
0.580679
0.559135
0.483686
0.658614
0.636112
0.714126
0.737335
0.636112
0.658614
0.737335
0.714126
0.792708
0.871406
0.895308
0.81638
0.973694
0.949787
1.02744
1.05113
1.12724
1.20165
1.10396
1.17898
0.792708
0.895308
0.871406
0.81638
1.25214
1.344
1.3231
1.27402
0.949787
1.02744
1.05113
0.973694
1.17898
1.10396
1.20165
1.12724
1.3231
1.25214
1.27402
1.344
1.47563
1.39155
1.45717
1.4113
1.51969
1.59427
1.57885
1.5367
1.63439
1.6861
1.69796
1.64809
1.45717
1.47563
1.39155
1.4113
1.77721
1.73377
1.74368
1.78506
1.59427
1.5367
1.51969
1.57885
1.81624
1.85073
1.82195
1.85421
1.90554
1.88171
1.88053
1.90435
1.69796
1.63439
1.64809
1.6861
1.77721
1.74368
1.78506
1.73377
1.92205
1.93474
1.94082
1.92566
1.95095
1.94237
1.94492
1.95603
1.85421
1.81624
1.85073
1.82195
1.88171
1.90435
1.88053
1.90554
1.92566
1.93474
1.94082
1.94237
1.95603
1.95095
1.92205
0.0395801
0.0356779
2.05377e-32
1.26982e-32
0.137469
0.126783
0.0856197
0.0781585
1.26982e-32
0.0356779
2.05377e-32
0.0395801
0.256095
0.239924
0.180912
0.194498
0.0856197
0.0781585
0.126783
0.137469
0.390641
0.370207
0.321667
0.303217
0.180912
0.239924
0.256095
0.194498
0.46246
0.53659
0.513042
0.440331
0.321667
0.303217
0.370207
0.390641
0.46246
0.440331
0.513042
0.53659
0.612511
0.587813
0.664137
0.689727
0.612511
0.689727
0.587813
0.664137
0.767756
0.741524
0.819504
0.846138
0.819504
0.741524
0.767756
0.846138
0.92443
0.897625
0.975453
1.00221
1.15463
1.07907
1.05258
1.1286
1.27585
1.30039
1.20314
1.22852
0.897625
1.00221
0.975453
0.92443
1.34639
1.41443
1.43677
1.36991
1.1286
1.05258
1.15463
1.07907
1.27585
1.20314
1.30039
1.22852
1.34639
1.41443
1.36991
1.43677
1.56137
1.54185
1.47968
1.50068
1.60067
1.65592
1.67209
1.61859
1.75477
1.72166
1.76711
1.70735
1.56137
1.54185
1.47968
1.50068
1.80825
1.79798
1.84493
1.83682
1.65592
1.61859
1.60067
1.67209
1.90078
1.87113
1.87701
1.90435
1.94568
1.94447
1.92687
1.92566
1.70735
1.75477
1.72166
1.76711
1.83682
1.84493
1.80825
1.79798
1.96467
1.97085
1.95708
1.96076
1.96721
1.9759
1.9759
1.96467
1.87701
1.90078
1.90435
1.87113
1.94447
1.97085
1.92687
1.94568
1.96076
1.95708
1.92566
0.0316517
0.0275016
1.50641e-32
9.80394e-33
9.80394e-33
0.0275016
1.50641e-32
0.0316517
0.115735
0.104324
0.0704527
0.0625023
0.223164
0.205817
0.152309
0.166849
0.0704527
0.0625023
0.104324
0.115735
0.264227
0.348972
0.326936
0.28407
0.152309
0.205817
0.223164
0.166849
0.417298
0.488492
0.46294
0.393362
0.28407
0.264227
0.326936
0.348972
0.562018
0.637358
0.609388
0.535124
0.417298
0.393362
0.46294
0.488492
0.562018
0.535124
0.609388
0.637358
0.714013
0.685222
0.762139
0.791504
0.714013
0.791504
0.762139
0.685222
0.86937
0.839667
0.917355
0.947169
0.947169
0.839667
0.917355
0.86937
1.10089
1.02448
1.0715
0.994769
1.14714
1.17602
1.2495
1.22133
1.2937
1.39014
1.36391
1.32098
1.0715
0.994769
1.10089
1.02448
1.43166
1.52026
1.49662
1.45667
1.14714
1.22133
1.17602
1.2495
1.36391
1.2937
1.39014
1.32098
1.52026
1.43166
1.49662
1.45667
1.63759
1.55853
1.61711
1.58065
1.72336
1.67213
1.74018
1.69084
1.78542
1.77058
1.81363
1.82638
1.55853
1.61711
1.63759
1.58065
1.85231
1.89483
1.86289
1.88649
1.67213
1.74018
1.69084
1.72336
1.91603
1.94082
1.92205
1.94447
1.97579
1.96076
1.96199
1.97455
1.78542
1.82638
1.81363
1.77058
1.86289
1.88649
1.85231
1.89483
1.99087
1.98463
1.98211
1.98583
1.98583
1.97455
1.98211
1.99087
1.94082
1.92205
1.91603
1.94447
1.96199
1.97579
1.96076
6.73407e-33
0.0188299
9.26857e-33
0.0232277
0.0232277
0.0188299
9.26857e-33
6.73407e-33
0.0925515
0.0804166
0.0543073
0.0458675
0.0543073
0.0458675
0.0804166
0.0925515
0.187881
0.169358
0.1218
0.137293
0.304099
0.28046
0.243687
0.222451
0.1218
0.169358
0.137293
0.187881
0.368523
0.436386
0.40883
0.34278
0.243687
0.222451
0.28046
0.304099
0.507133
0.580228
0.478044
0.549877
0.368523
0.34278
0.40883
0.436386
0.655152
0.731408
0.69931
0.623802
0.507133
0.478044
0.549877
0.580228
0.655152
0.623802
0.69931
0.731408
0.808515
0.775913
0.85314
0.886012
0.808515
0.886012
0.775913
0.85314
0.930539
1.00768
0.963457
1.04043
0.930539
1.04043
1.00768
0.963457
1.15954
1.19134
1.08414
1.11652
1.23348
1.33574
1.26453
1.30563
1.37563
1.44317
1.47092
1.40464
1.15954
1.08414
1.19134
1.11652
1.50795
1.59447
1.56968
1.53429
1.30563
1.23348
1.26453
1.33574
1.47092
1.37563
1.44317
1.40464
1.56968
1.50795
1.59447
1.53429
1.68297
1.70428
1.6281
1.65122
1.78116
1.73406
1.79855
1.75346
1.83937
1.86267
1.87577
1.82409
1.6281
1.70428
1.65122
1.68297
1.9076
1.92623
1.89676
1.93474
1.75346
1.78116
1.79855
1.73406
1.95708
1.97455
1.95095
1.97085
1.99586
1.98583
1.99461
1.98708
1.82409
1.83937
1.87577
1.86267
1.9076
1.93474
1.92623
1.89676
1.99461
1.99712
2.00088
2.00088
1.97085
1.99586
1.98708
1.97455
1.95708
1.95095
1.98583
0.0143082
0.00966262
3.15122e-33
3.48858e-33
3.48858e-33
0.00966262
3.15122e-33
0.0143082
0.0371833
0.0282543
0.0550599
0.0679193
0.0679193
0.0550599
0.0371833
0.0282543
0.150246
0.130547
0.0893831
0.10583
0.0893831
0.10583
0.130547
0.150246
0.25602
0.230778
0.20052
0.177892
0.316135
0.380272
0.350712
0.288586
0.20052
0.177892
0.230778
0.25602
0.447858
0.518337
0.485606
0.416574
0.316135
0.288586
0.350712
0.380272
0.591172
0.665847
0.631018
0.557263
0.447858
0.416574
0.485606
0.518337
0.741863
0.81874
0.78281
0.706364
0.591172
0.557263
0.631018
0.665847
0.81874
0.741863
0.706364
0.78281
0.859886
0.937141
0.973249
0.896016
0.896016
0.973249
0.859886
0.937141
1.12591
1.01414
1.05002
1.09047
1.12591
1.01414
1.09047
1.05002
1.16574
1.23957
1.27357
1.20055
1.3116
1.3815
1.41336
1.34462
1.51362
1.54273
1.44894
1.4795
1.23957
1.16574
1.27357
1.20055
1.57526
1.65941
1.6336
1.60278
1.41336
1.3815
1.3116
1.34462
1.44894
1.54273
1.4795
1.51362
1.57526
1.65941
1.6336
1.60278
1.71237
1.6884
1.73942
1.76145
1.80645
1.78646
1.84719
1.82933
1.91528
1.86786
1.88352
1.90191
1.73942
1.76145
1.6884
1.71237
1.96467
1.95603
1.94237
1.93134
1.78646
1.82933
1.80645
1.84719
1.9759
1.98211
1.99461
1.99087
2.00464
2.00213
2.00088
2.00589
1.90191
1.86786
1.88352
1.91528
1.93134
1.94237
1.96467
1.95603
2.00088
1.99461
2.00213
2.00589
1.9759
1.99087
1.98211
8.1786e-35
0.00489319
0.00489319
8.1786e-35
0.0418382
0.0190808
0.0190808
0.0418382
0.110259
0.0724599
0.0724599
0.110259
0.154567
0.204736
0.154567
0.204736
0.260134
0.32015
0.384192
0.451685
0.260134
0.32015
0.522074
0.594824
0.451685
0.384192
0.669416
0.745351
0.594824
0.522074
0.822151
0.899353
0.669416
0.745351
0.822151
0.899353
0.976517
1.05322
0.976517
1.05322
1.12905
1.20363
1.20363
1.12905
1.27659
1.34758
1.41627
1.48236
1.60556
1.54554
1.34758
1.27659
1.71507
1.66214
1.48236
1.41627
1.54554
1.60556
1.71507
1.66214
1.76411
1.80908
1.8861
1.8498
1.94492
1.91785
1.76411
1.80908
1.98463
1.96721
1.8861
1.8498
2.00464
1.99712
2.00715
2.00464
1.91785
1.94492
1.96721
1.99712
1.98463
0.859886
1.16574
1.09047
0.00966262
0.937141
1.01414
0.937141
1.01414
0.859886
0.130547
0.177892
0.78281
1.09047
0.288586
0.706364
0.631018
1.16574
0.557263
0.485606
1.23957
0.416574
0.350712
1.3116
0.230778
1.3815
1.44894
0.0893831
0.0550599
1.51362
0.0282543
1.57526
1.6336
0.00966262
1.23957
1.3116
1.6884
1.73942
1.44894
1.78646
0.0282543
1.82933
1.86786
0.0550599
1.90191
1.93134
0.0893831
1.95603
1.9759
0.130547
1.86786
1.99087
1.90191
2.00088
0.177892
2.00589
2.00589
0.230778
2.00088
1.99087
0.288586
1.9759
1.95603
0.350712
1.93134
0.416574
1.82933
0.485606
1.78646
1.73942
0.557263
1.6884
1.6336
0.631018
1.57526
1.51362
0.706364
1.3815
0.78281
3.15122e-33
3.15122e-33
3.48858e-33
0.0143082
0.0143082
3.48858e-33
0.0679193
0.0371833
0.0371833
0.0679193
0.10583
0.150246
0.10583
0.150246
0.25602
0.20052
0.20052
0.25602
0.380272
0.316135
0.518337
0.447858
0.316135
0.380272
0.591172
0.665847
0.518337
0.447858
0.81874
0.741863
0.591172
0.665847
0.896016
0.973249
0.741863
0.81874
0.896016
0.973249
1.12591
1.05002
1.12591
1.05002
1.20055
1.27357
1.27357
1.20055
1.41336
1.34462
1.54273
1.4795
1.60278
1.65941
1.34462
1.41336
1.76145
1.71237
1.54273
1.4795
1.65941
1.60278
1.71237
1.76145
1.80645
1.84719
1.91528
1.88352
1.94237
1.96467
1.84719
1.80645
1.99461
1.98211
1.91528
1.88352
2.00464
2.00213
2.00213
1.99461
1.96467
1.94237
1.98211
1.08414
1.00768
1.00768
0.930539
1.08414
0.85314
0.0804166
0.775913
0.69931
1.15954
0.623802
1.23348
0.549877
0.478044
0.40883
1.30563
0.34278
1.37563
0.28046
0.222451
0.169358
1.44317
0.1218
1.50795
0.0458675
0.0188299
1.56968
1.6281
0.0188299
1.68297
1.15954
1.73406
1.78116
1.30563
0.0458675
1.82409
1.86267
1.50795
1.89676
0.0804166
1.92623
0.1218
1.95095
1.97085
1.98583
1.78116
0.169358
1.99586
0.222451
1.89676
2.00088
2.00088
1.99586
0.28046
1.98583
0.34278
1.97085
1.95095
1.92623
0.40883
0.478044
1.86267
1.82409
0.549877
1.73406
0.623802
1.68297
1.6281
1.56968
0.69931
0.775913
1.44317
1.37563
0.85314
1.23348
0.930539
9.26857e-33
9.26857e-33
6.73407e-33
0.0232277
0.0232277
6.73407e-33
0.0925515
0.0543073
0.0543073
0.0925515
0.137293
0.187881
0.187881
0.137293
0.304099
0.243687
0.243687
0.304099
0.436386
0.368523
0.507133
0.580228
0.368523
0.436386
0.655152
0.731408
0.580228
0.507133
0.808515
0.886012
0.731408
0.655152
1.04043
0.963457
0.808515
0.886012
1.04043
0.963457
1.11652
1.19134
1.19134
1.11652
1.33574
1.26453
1.26453
1.33574
1.47092
1.40464
1.59447
1.53429
1.65122
1.70428
1.47092
1.40464
1.75346
1.79855
1.53429
1.59447
1.70428
1.65122
1.75346
1.79855
1.83937
1.87577
1.9076
1.93474
1.95708
1.97455
1.87577
1.83937
1.99461
1.98708
1.9076
1.93474
1.99712
1.99461
1.98708
1.95708
1.97455
1.0715
0.917355
1.14714
0.0275016
0.839667
0.762139
0.685222
1.22133
0.609388
0.205817
0.264227
1.2937
0.535124
0.46294
0.393362
1.36391
0.326936
1.43166
0.152309
1.49662
0.104324
1.55853
0.0625023
1.61711
1.67213
0.0275016
1.72336
1.0715
1.77058
0.0625023
1.81363
1.85231
1.88649
1.36391
1.43166
0.104324
1.91603
0.152309
1.94082
1.96076
1.97579
0.205817
1.72336
1.98583
0.264227
1.81363
1.85231
1.99087
1.99087
1.98583
0.326936
1.97579
0.393362
1.96076
1.94082
1.91603
0.46294
1.88649
0.535124
1.77058
0.609388
0.685222
1.67213
1.61711
1.55853
0.762139
1.49662
0.839667
1.2937
0.917355
1.22133
0.994769
1.14714
0.994769
1.50641e-32
1.50641e-32
9.80394e-33
0.0316517
0.0316517
9.80394e-33
0.0704527
0.115735
0.0704527
0.115735
0.166849
0.223164
0.223164
0.166849
0.348972
0.28407
0.28407
0.348972
0.417298
0.488492
0.562018
0.637358
0.417298
0.488492
0.714013
0.791504
0.637358
0.562018
0.947169
0.86937
0.714013
0.791504
1.10089
1.02448
0.86937
0.947169
1.10089
1.02448
1.2495
1.17602
1.2495
1.17602
1.32098
1.39014
1.39014
1.32098
1.52026
1.45667
1.63759
1.58065
1.69084
1.74018
1.45667
1.52026
1.78542
1.82638
1.58065
1.63759
1.74018
1.69084
1.78542
1.82638
1.89483
1.86289
1.92205
1.94447
1.96199
1.97455
1.86289
1.89483
1.98463
1.98211
1.94447
1.92205
1.98211
1.97455
1.96199
1.20314
0.741524
0.664137
1.27585
0.587813
0.513042
1.34639
0.440331
0.370207
1.41443
0.303217
0.239924
1.47968
0.180912
0.126783
1.54185
0.0781585
0.0356779
1.60067
1.65592
0.0356779
0.819504
0.897625
1.70735
1.75477
1.05258
1.79798
0.0781585
1.83682
1.87113
0.126783
1.90078
1.92566
0.180912
1.94568
1.96076
0.239924
1.60067
1.97085
1.65592
1.9759
0.303217
1.9759
1.97085
0.370207
1.83682
1.87113
1.96076
1.94568
0.440331
1.92566
1.90078
0.513042
0.587813
1.79798
1.75477
0.664137
1.70735
0.741524
1.54185
0.819504
1.47968
1.41443
0.897625
1.34639
1.27585
0.975453
1.20314
1.1286
1.05258
0.975453
1.1286
2.05377e-32
2.05377e-32
1.26982e-32
0.0395801
0.0395801
1.26982e-32
0.137469
0.0856197
0.0856197
0.137469
0.256095
0.194498
0.194498
0.256095
0.390641
0.321667
0.321667
0.390641
0.53659
0.46246
0.612511
0.689727
0.53659
0.46246
0.846138
0.767756
0.612511
0.689727
1.00221
0.92443
0.846138
0.767756
1.15463
1.07907
1.00221
0.92443
1.07907
1.15463
1.30039
1.22852
1.22852
1.30039
1.43677
1.36991
1.36991
1.43677
1.56137
1.50068
1.67209
1.61859
1.72166
1.76711
1.50068
1.56137
1.84493
1.80825
1.61859
1.67209
1.76711
1.72166
1.84493
1.80825
1.87701
1.90435
1.92687
1.94447
1.95708
1.96467
1.90435
1.87701
1.96467
1.96721
1.92687
1.95708
1.94447
0.636112
0.559135
1.3231
0.483686
1.39155
0.410273
0.339422
0.271678
1.45717
0.207608
1.51969
0.147793
0.0928362
0.0433586
1.57885
1.63439
0.0433586
1.6861
0.714126
1.73377
1.77721
0.871406
0.0928362
1.81624
1.85073
1.10396
1.88053
0.147793
1.90554
0.207608
1.92566
1.94082
1.95095
1.45717
0.271678
1.95603
0.339422
1.63439
1.95603
1.95095
1.94082
0.410273
1.77721
1.92566
0.483686
1.90554
1.88053
1.85073
0.559135
1.81624
0.636112
1.73377
1.6861
0.714126
0.792708
1.57885
1.51969
0.871406
1.39155
0.949787
1.3231
1.25214
1.17898
1.02744
1.10396
1.02744
0.949787
1.17898
0.792708
1.25214
2.56894e-32
2.56894e-32
1.54168e-32
0.0470131
0.0470131
1.54168e-32
0.157754
0.0998081
0.0998081
0.157754
0.286674
0.220241
0.286674
0.220241
0.35648
0.429104
0.35648
0.429104
0.504009
0.580679
0.658614
0.737335
0.504009
0.580679
0.895308
0.81638
0.737335
0.658614
1.05113
0.973694
0.895308
0.81638
1.20165
1.12724
1.05113
0.973694
1.12724
1.20165
1.344
1.27402
1.344
1.27402
1.47563
1.4113
1.47563
1.4113
1.59427
1.5367
1.64809
1.69796
1.78506
1.74368
1.5367
1.59427
1.82195
1.85421
1.69796
1.64809
1.74368
1.78506
1.85421
1.82195
1.90435
1.88171
1.93474
1.92205
1.94237
1.94492
1.88171
1.90435
1.93474
1.94237
1.92205
1.36309
0.447133
1.42918
0.372842
0.301081
0.232397
1.49214
0.167354
1.55171
0.106535
0.0505437
1.60763
1.65968
0.0505437
1.70766
0.601221
1.75138
0.106535
1.79067
1.82538
1.85537
0.917844
0.996153
0.167354
1.88053
0.232397
1.90078
1.91603
1.92623
0.301081
1.36309
1.93134
0.372842
1.49214
1.55171
1.93134
1.92623
1.91603
0.447133
1.70766
1.90078
0.523429
1.88053
1.85537
1.82538
0.601221
1.79067
0.680019
1.75138
1.65968
0.759354
1.60763
0.838773
1.42918
0.917844
0.996153
1.29414
1.22265
1.14892
1.0733
1.0733
1.14892
0.838773
1.22265
0.759354
1.29414
0.680019
0.523429
3.05192e-32
3.05192e-32
1.79599e-32
0.0539505
0.0539505
1.79599e-32
0.113018
0.176591
0.113018
0.176591
0.3149
0.244076
0.244076
0.3149
0.388507
0.464362
0.388507
0.464362
0.620761
0.541946
0.780183
0.700327
0.541946
0.620761
0.859886
0.939014
0.700327
0.780183
1.01716
1.09394
0.859886
0.939014
1.16899
1.24196
1.09394
1.01716
1.16899
1.24196
1.38035
1.31252
1.38035
1.31252
1.50671
1.44517
1.44517
1.50671
1.61893
1.56471
1.71521
1.66917
1.75689
1.79404
1.56471
1.61893
1.85421
1.82652
1.71521
1.66917
1.75689
1.79404
1.85421
1.82652
1.89482
1.87701
1.91528
1.9076
1.91785
1.91528
1.87701
1.9076
1.89482
1.45929
0.255279
0.185466
1.51934
0.119256
0.0572334
1.57571
1.62818
0.0572334
0.328131
0.403477
1.67654
1.7206
0.559559
1.76019
0.119256
1.79516
1.82538
0.185466
1.85073
1.87113
0.255279
1.88649
1.89676
0.328131
1.18746
1.90191
1.25959
1.90191
0.403477
1.89676
1.88649
0.480789
1.51934
1.57571
1.87113
1.85073
0.559559
1.82538
1.79516
0.639298
1.76019
1.7206
0.719536
1.67654
1.62818
0.799821
0.87972
1.45929
1.3958
0.958819
1.32914
1.03672
1.11305
1.11305
1.03672
0.958819
1.18746
0.87972
0.799821
1.25959
0.719536
0.639298
1.32914
0.480789
1.3958
3.50271e-32
3.50271e-32
2.03272e-32
0.0603924
0.0603924
2.03272e-32
0.193978
0.125249
0.125249
0.193978
0.266005
0.340774
0.340774
0.266005
0.496414
0.41775
0.41775
0.496414
0.576269
0.656834
0.737648
0.818269
0.576269
0.656834
0.977258
0.898274
0.818269
0.737648
1.05483
1.13064
0.898274
0.977258
1.20432
1.27555
1.05483
1.13064
1.27555
1.20432
1.40943
1.34402
1.34402
1.40943
1.47152
1.53003
1.53003
1.47152
1.63538
1.58472
1.72383
1.68181
1.79404
1.76129
1.63538
1.58472
1.82195
1.84493
1.72383
1.68181
1.76129
1.79404
1.84493
1.82195
1.86289
1.87577
1.8861
1.88352
1.88352
1.87577
1.86289
0.130998
0.0634275
1.53877
1.59172
0.0634275
1.64052
0.202129
1.68497
1.72491
0.352829
0.130998
1.76019
1.79067
0.592076
1.81624
0.202129
1.83682
0.276254
1.85231
1.86267
1.86786
0.99433
0.352829
1.86786
0.431327
1.21957
1.86267
1.85231
1.83682
0.511239
1.42124
1.81624
0.592076
1.79067
1.76019
1.72491
0.673367
1.68497
0.754662
1.64052
1.59172
1.53877
0.835527
1.48187
0.915548
1.35714
1.28982
0.99433
1.0715
1.14669
1.0715
1.14669
0.915548
1.21957
0.835527
0.754662
0.673367
1.28982
1.35714
0.511239
0.431327
1.42124
0.276254
1.48187
3.92132e-32
3.92132e-32
2.2519e-32
0.0663387
0.0663387
2.2519e-32
0.136502
0.209917
0.136502
0.209917
0.364296
0.286027
0.364296
0.286027
0.525262
0.444207
0.444207
0.525262
0.606979
0.688899
0.851595
0.770579
0.606979
0.688899
1.01004
0.931543
0.770579
0.851595
1.08671
1.16122
0.931543
1.01004
1.23322
1.30242
1.08671
1.16122
1.23322
1.30242
1.43124
1.36852
1.43124
1.36852
1.54557
1.49034
1.54557
1.49034
1.59672
1.6436
1.72383
1.68603
1.78506
1.75689
1.6436
1.59672
1.80825
1.82638
1.72383
1.68603
1.75689
1.78506
1.82638
1.80825
1.84719
1.83937
1.84719
1.8498
1.83937
1.55043
1.59972
0.0691261
0.0691261
1.64463
1.68497
0.141762
1.7206
1.75138
0.375175
0.456392
1.77721
0.217343
1.79798
0.295323
1.81363
1.82409
1.82933
0.866473
0.375175
1.82933
1.02438
1.10048
0.456392
1.82409
1.81363
1.79798
1.31333
0.538483
1.77721
0.620979
1.75138
1.7206
1.55043
1.68497
0.703428
1.64463
0.785398
1.59972
1.49692
0.866473
1.43942
0.946258
1.37814
1.24526
1.02438
1.17421
1.10048
0.946258
1.17421
1.24526
0.785398
0.703428
0.620979
1.31333
0.538483
1.37814
0.295323
1.43942
0.217343
1.49692
0.141762
4.30773e-32
4.30773e-32
2.45352e-32
0.0717896
2.45352e-32
0.0717896
0.224406
0.146777
0.146777
0.224406
0.385466
0.304142
0.385466
0.304142
0.46788
0.550904
0.46788
0.550904
0.716956
0.634077
0.88016
0.799119
0.634077
0.716956
1.03735
0.959694
0.88016
0.799119
1.18568
1.11279
0.959694
1.03735
1.32257
1.2557
1.11279
1.18568
1.32257
1.2557
1.38602
1.44578
1.38602
1.44578
1.55334
1.50162
1.55334
1.50162
1.60073
1.6436
1.71521
1.68181
1.74368
1.76711
1.60073
1.6436
1.79855
1.78542
1.68181
1.71521
1.74368
1.76711
1.79855
1.78542
1.80908
1.80645
1.80645
0.0743292
1.59972
1.64052
1.67654
0.151547
1.70766
1.73377
0.231108
1.75477
1.77058
0.312484
1.78116
1.78646
0.64627
0.395169
0.729481
1.78646
1.78116
0.478672
1.77058
1.75477
1.04896
1.12366
0.562523
1.73377
1.70766
0.64627
1.67654
1.64052
0.729481
1.59972
1.55431
0.811742
1.50445
1.45032
0.892657
1.39214
1.33013
0.97185
1.26453
1.19562
1.04896
1.12366
0.97185
0.892657
1.19562
0.811742
1.26453
0.562523
1.33013
0.478672
0.395169
1.39214
0.312484
0.231108
1.45032
0.151547
0.0743292
1.50445
1.55431
4.66196e-32
4.66196e-32
2.63757e-32
0.0767449
0.0767449
2.63757e-32
0.156073
0.237447
0.156073
0.237447
0.32035
0.404283
0.404283
0.32035
0.57334
0.488767
0.57334
0.488767
0.741005
0.657561
0.903964
0.823268
0.657561
0.741005
1.05921
0.982727
0.903964
0.823268
1.13308
1.20402
1.05921
0.982727
1.27176
1.33601
1.13308
1.20402
1.27176
1.33601
1.39651
1.45305
1.39651
1.45305
1.55334
1.50539
1.55334
1.50539
1.63538
1.59672
1.66917
1.69796
1.74018
1.72166
1.59672
1.63538
1.75346
1.76145
1.66917
1.69796
1.72166
1.74018
1.75346
1.76411
1.76145
1.62818
0.160354
1.65968
1.6861
1.70735
0.243424
1.72336
0.327739
1.73406
0.41281
1.73942
1.73942
0.41281
0.667948
1.73406
0.498167
1.72336
1.70735
0.914081
1.6861
0.583357
1.65968
0.667948
1.62818
1.59172
1.27738
1.55043
0.751526
1.50445
0.833696
1.45396
1.39914
1.34021
0.914081
0.992323
1.2109
1.14105
1.06808
1.06808
0.992323
1.14105
0.833696
0.751526
1.2109
1.27738
0.583357
0.498167
1.34021
0.327739
1.39914
0.243424
0.160354
0.0790367
1.45396
1.50445
0.0790367
1.55043
1.59172
4.98399e-32
4.98399e-32
2.80406e-32
0.0812046
0.0812046
2.80406e-32
0.249039
0.16439
0.16439
0.249039
0.420749
0.334652
0.334652
0.420749
0.50687
0.592572
0.50687
0.592572
0.677432
0.761045
0.923007
0.843026
0.677432
0.761045
1.0756
1.00064
0.923007
0.843026
1.21626
1.14757
1.00064
1.0756
1.34272
1.28139
1.21626
1.14757
1.34272
1.28139
1.40001
1.45305
1.40001
1.45305
1.50162
1.54557
1.50162
1.54557
1.58472
1.61893
1.64809
1.67209
1.70428
1.69084
1.58472
1.61893
1.71507
1.71237
1.67209
1.64809
1.70428
1.69084
1.71237
0.168182
1.60763
1.63439
1.65592
0.254291
1.67213
0.254291
0.341087
1.68297
0.4281
0.514877
1.6884
1.6884
0.4281
1.68297
0.769563
0.514877
1.67213
1.65592
1.63439
0.600986
1.08174
1.15264
1.60763
0.686013
1.57571
1.53877
1.49692
0.769563
1.45032
0.851259
1.39914
1.34356
1.2838
0.930744
1.22008
1.00768
1.00768
1.08174
0.930744
1.15264
0.851259
0.686013
1.22008
0.600986
1.2838
0.341087
1.34356
1.39914
0.168182
0.0832487
1.45032
1.49692
0.0832487
1.53877
1.57571
5.27384e-32
5.27384e-32
2.95299e-32
0.0851689
0.0851689
2.95299e-32
0.259181
0.171729
0.171729
0.259181
0.434862
0.347046
0.434862
0.347046
0.608598
0.522187
0.522187
0.608598
0.693691
0.777078
0.858394
0.93729
0.693691
0.777078
1.08652
1.01344
0.858394
0.93729
1.15626
1.22237
1.01344
1.08652
1.2846
1.34272
1.22237
1.15626
1.34272
1.2846
1.39651
1.44578
1.44578
1.39651
1.49033
1.53003
1.53003
1.49033
1.56471
1.59427
1.61859
1.63759
1.65122
1.65941
1.56471
1.59427
1.65941
1.66214
1.63759
1.61859
1.65122
1.60067
0.263709
1.61711
0.0869652
1.6281
0.352528
1.6336
1.6336
0.441037
0.441037
0.528802
1.6281
1.61711
0.528802
1.60067
1.57885
0.61541
1.55171
1.51934
0.700465
1.48187
1.08994
1.43942
0.783591
1.39214
1.34021
0.864431
1.2838
1.22314
0.942646
1.15843
1.01791
1.01791
0.942646
1.08994
0.864431
0.783591
1.15843
0.700465
0.61541
1.22314
1.2838
0.352528
0.263709
1.34021
0.175031
1.39214
1.43942
0.0869652
1.57885
1.48187
1.51934
1.55171
0.175031
5.5315e-32
5.5315e-32
3.08436e-32
0.0886376
0.0886376
3.08436e-32
0.178089
0.267875
0.178089
0.267875
0.446623
0.357534
0.357534
0.446623
0.621419
0.53472
0.53472
0.621419
0.789102
0.706336
0.946811
0.869371
0.706336
0.789102
1.02111
1.09199
0.946811
0.869371
1.15916
1.22237
1.09199
1.02111
1.28139
1.33601
1.22237
1.15916
1.28139
1.33601
1.43124
1.38602
1.43124
1.38602
1.47152
1.50671
1.50671
1.47152
1.56137
1.5367
1.59447
1.58065
1.60556
1.60278
1.56137
1.5367
1.60278
1.58065
1.59447
0.271678
1.56968
0.362062
1.57526
1.57526
1.56968
0.271678
0.451622
1.55853
0.539942
1.54185
1.51969
1.49214
0.711304
0.626628
1.45929
0.711304
1.42124
0.949787
1.37814
1.33013
1.09267
0.793611
1.27738
0.873212
1.22008
1.15843
0.949787
1.02303
1.02303
0.873212
0.793611
1.09267
1.15843
0.626628
0.539942
0.451622
1.22008
0.362062
1.27738
0.180902
0.0901861
1.33013
1.37814
0.0901861
1.55853
1.42124
1.45929
1.49214
0.180902
1.51969
1.54185
5.75696e-32
5.75696e-32
3.19817e-32
0.0916108
0.0916108
3.19817e-32
0.27512
0.183471
0.183471
0.27512
0.456032
0.366115
0.456032
0.366115
0.631035
0.544467
0.544467
0.631035
0.797119
0.715368
0.951572
0.875957
0.715368
0.797119
1.09199
1.02367
0.875957
0.951572
1.21626
1.15626
1.09199
1.02367
1.32257
1.27176
1.15626
1.21626
1.27176
1.32257
1.36852
1.40943
1.36852
1.40943
1.44517
1.47563
1.44517
1.47563
1.50068
1.52026
1.53429
1.54273
1.54554
1.54273
1.52026
1.50068
1.53429
0.36969
1.51362
1.51362
0.0929115
1.50795
0.459854
1.49662
0.548297
1.47968
0.459854
0.548297
1.45717
1.42918
0.634641
1.3958
0.71853
1.35714
1.31333
0.952167
1.26453
0.799624
1.2109
0.877603
1.15264
1.08994
1.02303
0.952167
1.02303
0.877603
0.799624
0.71853
1.08994
0.634641
1.15264
0.36969
1.2109
0.278199
1.26453
0.185795
1.31333
1.35714
0.0929115
1.50795
1.3958
1.42918
0.185795
1.45717
1.47968
1.49662
0.278199
5.95024e-32
5.95024e-32
3.29441e-32
0.0940884
0.0940884
3.29441e-32
0.187874
0.280916
0.187874
0.280916
0.463089
0.372789
0.463089
0.372789
0.637446
0.55143
0.55143
0.637446
0.720788
0.801127
0.951572
0.878152
0.801127
0.720788
1.02111
1.08652
0.878152
0.951572
1.20402
1.14757
1.08652
1.02111
1.30242
1.2557
1.20402
1.14757
1.2557
1.30242
1.34402
1.38035
1.34402
1.38035
1.43677
1.4113
1.43677
1.4113
1.45667
1.47092
1.4795
1.48236
1.4795
1.45667
1.47092
1.44317
0.465735
1.43165
1.41443
0.553867
1.39155
1.36309
0.639449
1.32914
0.465735
1.28982
0.722143
1.24526
0.722143
1.19562
0.801628
0.801628
1.14105
1.08174
0.877603
1.01791
0.949787
0.949787
0.877603
1.01791
0.639449
1.08174
0.553867
1.14105
0.37541
0.28327
1.19562
0.189709
0.0951414
1.24526
1.28982
0.0951414
1.44894
1.32914
1.44894
1.36309
1.39155
0.189709
1.41443
1.43165
0.28327
1.44317
0.37541
6.11133e-32
6.11133e-32
3.37309e-32
0.0960705
0.0960705
3.37309e-32
0.285262
0.191299
0.285262
0.191299
0.377556
0.467793
0.467793
0.377556
0.640651
0.555608
0.555608
0.640651
0.722594
0.801127
0.875957
0.946811
0.801127
0.722594
1.0756
1.01344
0.946811
0.875957
1.13308
1.18568
1.0756
1.01344
1.27555
1.23322
1.18568
1.13308
1.23322
1.27555
1.31252
1.344
1.344
1.31252
1.36991
1.39014
1.39014
1.36991
1.40464
1.41336
1.41627
1.41336
1.40464
0.469263
1.34639
0.556652
1.3231
1.29414
1.25959
0.286893
0.641052
1.21957
0.469263
0.722143
1.17421
1.12366
1.06808
0.799624
1.00768
0.873212
0.942646
0.873212
0.799624
0.942646
0.722143
1.00768
0.641052
0.556652
1.06808
0.379224
1.12366
0.192645
0.0968758
1.17421
1.21957
0.0968758
1.36391
1.25959
1.29414
1.3231
1.3815
0.192645
1.34639
1.36391
1.37563
0.286893
0.379224
1.3815
1.37563
6.24023e-32
6.24023e-32
3.43421e-32
0.0975571
0.0975571
3.43421e-32
0.28816
0.193746
0.193746
0.28816
0.470145
0.380416
0.380416
0.470145
0.640651
0.557
0.557
0.640651
0.797119
0.720788
0.93729
0.869371
0.797119
0.720788
1.05921
1.00064
0.93729
0.869371
1.16122
1.11279
1.05921
1.00064
1.20432
1.24196
1.11279
1.16122
1.20432
1.24196
1.30039
1.27402
1.30039
1.27402
1.32098
1.33574
1.33574
1.32098
1.34462
1.34758
1.34462
0.556652
1.25214
1.22265
1.18746
0.639449
1.14669
0.289066
0.71853
1.10048
0.470439
1.04896
0.992323
0.793611
0.930743
0.864431
0.864431
0.793611
0.71853
0.930743
0.639449
0.992323
0.556652
0.381131
1.04896
1.10048
0.194602
0.0981146
1.14669
1.18746
0.0981146
1.27585
1.22265
1.25214
1.30563
1.3116
0.194602
1.27585
1.2937
1.30563
0.289066
1.3116
0.381131
1.2937
0.470439
6.33694e-32
6.33694e-32
3.47777e-32
0.0985482
0.0985482
3.47777e-32
0.289609
0.195213
0.195213
0.289609
0.470145
0.381369
0.470145
0.381369
0.637446
0.555608
0.555608
0.637446
0.715368
0.789102
0.858394
0.923007
0.715368
0.789102
0.982726
1.03735
0.923007
0.858394
1.08671
1.13064
1.03735
0.982726
1.20165
1.16899
1.13064
1.08671
1.16899
1.20165
1.2495
1.22852
1.22852
1.2495
1.27357
1.26453
1.26453
1.27357
1.27659
1.11305
0.634641
1.0715
0.0988579
1.02438
0.711304
0.97185
0.914081
0.783591
0.469263
0.553867
0.851259
0.783591
0.851259
0.711304
0.634641
0.914081
0.97185
0.381131
0.28979
1.02438
0.19558
1.0715
1.11305
0.0988579
1.14892
1.14892
1.17898
1.17898
1.20314
0.19558
1.22133
1.23348
0.28979
1.23957
1.23957
0.381131
1.23348
1.22133
0.469263
1.20314
0.553867
6.40146e-32
6.40146e-32
3.50377e-32
0.0990437
0.0990437
3.50377e-32
0.195703
0.289609
0.195703
0.289609
0.467793
0.380416
0.380416
0.467793
0.631035
0.55143
0.55143
0.631035
0.706336
0.777078
0.903964
0.843026
0.777078
0.706336
1.01004
0.959694
0.903964
0.843026
1.09394
1.05483
1.01004
0.959694
1.15463
1.12724
1.09394
1.05483
1.12724
1.15463
1.19134
1.17602
1.19134
1.17602
1.20055
1.20055
1.20363
0.626628
0.946258
0.700465
0.892657
0.833696
0.769563
0.289066
0.769563
0.700465
0.833696
0.626628
0.548297
0.465735
0.892657
0.379224
0.946258
0.19558
0.0991057
0.99433
1.03672
0.0991057
0.99433
1.0733
1.10396
1.1286
1.10396
0.19558
1.14714
1.15954
1.16574
0.289066
1.16574
0.379224
1.15954
1.14714
1.1286
0.465735
0.548297
1.0733
1.03672
6.43379e-32
6.43379e-32
3.5122e-32
0.0990437
0.0990437
3.5122e-32
0.28816
0.195213
0.195213
0.28816
0.463089
0.377556
0.377556
0.463089
0.544467
0.621419
0.621419
0.544467
0.693691
0.761045
0.823268
0.88016
0.693691
0.761045
0.931543
0.977258
0.823268
0.88016
1.05113
1.01716
0.931543
0.977258
1.07907
1.10089
1.05113
1.01716
1.07907
1.10089
1.12591
1.11652
1.12591
1.11652
1.12905
0.686013
0.811742
0.751526
0.0988579
0.686013
0.751526
0.61541
0.811742
0.539942
0.459854
0.37541
0.866472
0.286893
0.915548
0.194602
0.958819
0.996152
0.0988579
0.866472
1.02744
1.05258
0.958819
0.996152
0.194602
1.0715
1.08414
1.09047
1.0715
0.286893
1.09047
0.37541
1.08414
1.05258
0.459854
1.02744
0.539942
0.915548
0.61541
6.43394e-32
6.43394e-32
3.50307e-32
0.0985482
0.0985482
3.50307e-32
0.285262
0.193746
0.193746
0.285262
0.372789
0.456032
0.456032
0.372789
0.53472
0.608598
0.53472
0.608598
0.677432
0.741005
0.851595
0.799119
0.741005
0.677432
0.898274
0.939014
0.851595
0.799119
0.973694
1.00221
0.898274
0.939014
1.02448
1.04043
0.973694
1.00221
1.02448
1.04043
1.05322
1.05002
1.05002
0.600986
0.729481
0.528802
0.451622
0.785397
0.36969
0.28327
0.835527
0.192645
0.0981146
0.87972
0.917844
0.0981146
0.667948
0.949786
0.729481
0.975453
0.994769
0.192645
1.00768
1.01414
0.917844
0.949786
0.28327
1.01414
1.00768
0.36969
0.994769
0.975453
0.451622
0.528802
0.87972
0.835527
0.600986
0.785397
0.667948
6.40189e-32
6.40189e-32
3.47638e-32
0.0975571
0.0975571
3.47638e-32
0.191299
0.280916
0.191299
0.280916
0.446623
0.366115
0.446623
0.366115
0.522187
0.592572
0.522187
0.592572
0.657561
0.716956
0.818269
0.770579
0.716956
0.657561
0.895308
0.859886
0.818269
0.770579
0.947168
0.92443
0.895308
0.859886
0.973249
0.963457
0.92443
0.947168
0.973249
0.963457
0.976517
0.703428
0.362062
0.754662
0.278199
0.189709
0.0968758
0.799821
0.838773
0.0968758
0.441037
0.871406
0.897625
0.917355
0.64627
0.189709
0.930539
0.937141
0.937141
0.799821
0.278199
0.930539
0.362062
0.917355
0.897625
0.871406
0.441037
0.838773
0.514877
0.754662
0.703428
0.583357
0.64627
0.583357
0.514877
6.33765e-32
6.33765e-32
3.43213e-32
0.0960705
0.0960705
3.43213e-32
0.27512
0.187874
0.187874
0.27512
0.357534
0.434862
0.434862
0.357534
0.50687
0.57334
0.57334
0.50687
0.688899
0.634077
0.737648
0.780183
0.688899
0.634077
0.846138
0.81638
0.780183
0.737648
0.86937
0.886012
0.846138
0.81638
0.899353
0.896016
0.886012
0.86937
0.896016
0.719536
0.185795
0.0951414
0.759354
0.792708
0.0951414
0.271678
0.819504
0.839667
0.4281
0.498167
0.185795
0.85314
0.859886
0.859886
0.673367
0.271678
0.85314
0.352528
0.839667
0.819504
0.792708
0.4281
0.759354
0.498167
0.719536
0.620979
0.562523
0.562523
0.620979
0.352528
0.673367
6.24123e-32
6.24123e-32
3.37031e-32
0.0940884
0.0940884
3.37031e-32
0.183471
0.267875
0.183471
0.267875
0.420749
0.347046
0.420749
0.347046
0.550904
0.488767
0.550904
0.488767
0.656834
0.606979
0.700327
0.737335
0.656834
0.606979
0.767756
0.791504
0.700327
0.737335
0.808515
0.818739
0.791504
0.767756
0.822151
0.818739
0.808515
0.714126
0.0929115
0.741524
0.0929115
0.762139
0.775913
0.180902
0.78281
0.78281
0.41281
0.478672
0.263709
0.775913
0.592076
0.762139
0.341087
0.741524
0.714126
0.41281
0.680019
0.639298
0.478672
0.538483
0.538483
0.592076
0.341087
0.263709
0.639298
0.180902
0.680019
6.11261e-32
6.11261e-32
3.29094e-32
0.0916108
3.29094e-32
0.0916108
0.259181
0.178089
0.178089
0.259181
0.334652
0.404283
0.334652
0.404283
0.525262
0.46788
0.46788
0.525262
0.576269
0.620761
0.658614
0.689727
0.620761
0.576269
0.714013
0.731408
0.689727
0.658614
0.745351
0.741863
0.731408
0.714013
0.741863
0.0901861
0.664137
0.685222
0.69931
0.175031
0.706364
0.254291
0.706364
0.69931
0.254291
0.685222
0.327739
0.664137
0.636112
0.601221
0.395169
0.559559
0.456392
0.511239
0.456392
0.395169
0.511239
0.327739
0.559559
0.175031
0.0901861
0.601221
0.636112
5.95181e-32
5.95181e-32
3.194e-32
0.0886376
0.0886376
3.194e-32
0.249039
0.171729
0.171729
0.249039
0.385466
0.32035
0.32035
0.385466
0.496414
0.444207
0.496414
0.444207
0.580679
0.541946
0.637358
0.612511
0.541946
0.580679
0.655152
0.665847
0.637358
0.612511
0.669416
0.655152
0.665847
0.623802
0.168182
0.631018
0.0869652
0.631018
0.623802
0.243424
0.609388
0.312484
0.375175
0.431327
0.587813
0.559135
0.523429
0.375175
0.480789
0.431327
0.312484
0.480789
0.243424
0.523429
0.168182
0.559135
0.587813
0.0869652
0.609388
5.75881e-32
5.75881e-32
3.0795e-32
0.0851689
0.0851689
3.0795e-32
0.237447
0.16439
0.16439
0.237447
0.304142
0.364296
0.304142
0.364296
0.41775
0.464362
0.464362
0.41775
0.53659
0.504009
0.562018
0.580227
0.504009
0.53659
0.591172
0.594824
0.580227
0.562018
0.591172
0.160354
0.557263
0.549877
0.231108
0.535124
0.513042
0.295323
0.483686
0.447133
0.352829
0.403477
0.352829
0.403477
0.295323
0.231108
0.447133
0.160354
0.0832487
0.483686
0.513042
0.0832487
0.535124
0.549877
0.557263
5.53363e-32
5.53363e-32
2.94744e-32
0.0812046
0.0812046
2.94744e-32
0.224406
0.156073
0.156073
0.224406
0.286027
0.340774
0.286027
0.340774
0.388507
0.429104
0.388507
0.429104
0.46246
0.488492
0.518337
0.507133
0.488492
0.46246
0.518337
0.522074
0.507133
0.478044
0.46294
0.217343
0.440331
0.276254
0.410273
0.217343
0.372842
0.328131
0.328131
0.276254
0.372842
0.151547
0.0790367
0.410273
0.440331
0.0790367
0.46294
0.485606
0.478044
0.485606
0.151547
5.27626e-32
5.27626e-32
0.0767448
2.79781e-32
0.0767448
2.79781e-32
0.209917
0.146777
0.146777
0.209917
0.3149
0.266005
0.3149
0.266005
0.35648
0.390641
0.35648
0.390641
0.436386
0.417298
0.451685
0.447858
0.417298
0.447858
0.436386
0.202129
0.370207
0.255279
0.339422
0.301081
0.255279
0.301081
0.202129
0.339422
0.141762
0.0743292
0.370207
0.393362
0.0743292
0.40883
0.40883
0.416574
0.141762
0.416574
0.393362
4.98669e-32
4.98669e-32
2.63062e-32
0.0717895
0.0717895
2.63062e-32
0.193978
0.136502
0.136502
0.193978
0.286674
0.244076
0.244076
0.286674
0.321667
0.348972
0.348972
0.321667
0.368523
0.380272
0.384192
0.380272
0.368523
0.232397
0.232397
0.185466
0.271678
0.130998
0.0691261
0.303217
0.326936
0.0691261
0.271678
0.303217
0.34278
0.350712
0.350712
0.130998
0.34278
0.326936
0.185466
4.66494e-32
4.66494e-32
2.44587e-32
0.0663387
0.0663387
2.44587e-32
0.176591
0.125249
0.176591
0.125249
0.256095
0.220241
0.256095
0.220241
0.304099
0.28407
0.28407
0.304099
0.316135
0.32015
0.316135
0.119256
0.0634275
0.239924
0.264226
0.0634275
0.28046
0.167354
0.288586
0.288586
0.239924
0.119256
0.28046
0.264226
0.167354
0.207608
0.207608
4.311e-32
4.311e-32
2.24356e-32
0.0603924
0.0603924
2.24356e-32
0.113018
0.157754
0.113018
0.157754
0.223164
0.194498
0.223164
0.194498
0.25602
0.243687
0.243687
0.260134
0.25602
0.205817
0.222451
0.0572334
0.0572334
0.230778
0.230778
0.106535
0.222451
0.205817
0.180912
0.147793
0.147793
0.180912
0.106535
3.92487e-32
3.92487e-32
2.02369e-32
0.0539505
2.02369e-32
0.0539505
0.0998081
0.137469
0.0998081
0.137469
0.187881
0.166849
0.187881
0.166849
0.204735
0.20052
0.20052
0.0505437
0.177891
0.177891
0.169358
0.0928362
0.152309
0.126783
0.126783
0.0928362
0.0505437
0.152309
0.169358
3.50655e-32
3.50655e-32
1.78626e-32
0.0470131
0.0470131
1.78626e-32
0.115735
0.0856197
0.0856197
0.115735
0.137293
0.150246
0.137293
0.150246
0.154567
0.121799
0.0781585
0.104324
0.0781585
0.0433586
0.104324
0.121799
0.0433586
0.130547
0.130547
3.05604e-32
3.05604e-32
1.53126e-32
0.0395801
0.0395801
1.53126e-32
0.0925515
0.0704527
0.0704527
0.0925515
0.10583
0.10583
0.110259
0.0625023
0.0625023
0.0356779
0.0804166
0.0893831
0.0356779
0.0893831
0.0804166
2.57334e-32
2.57334e-32
1.2587e-32
0.0316517
1.2587e-32
0.0316517
0.0543073
0.0679193
0.0543073
0.0679193
0.0724599
0.0550599
0.0275016
0.0550599
0.0458675
0.0275016
0.0458675
2.05846e-32
2.05846e-32
0.0232277
9.68581e-33
0.0232277
9.68581e-33
0.0371833
0.0371833
0.0418382
0.0188299
0.0282543
0.0188299
0.0282543
1.51138e-32
1.51138e-32
6.60899e-33
0.0143082
0.0143082
6.60899e-33
0.0190808
0.00966262
0.00966262
9.32117e-33
9.32117e-33
3.35655e-33
3.35655e-33
0.00489318
1.3864e-35
3.20667e-33
3.20667e-33
