1.82239e-35
4.21509e-33
4.21509e-33
4.41208e-33
1.22514e-32
0.00643198
0.0127009
4.41208e-33
1.22514e-32
0.0127009
8.68642e-33
0.0247479
1.98625e-32
0.0188061
0.02508
0.0371348
0.0371348
0.0188061
0.0247479
1.98625e-32
8.68642e-33
1.27287e-32
0.0361401
2.70482e-32
0.0305257
0.0602761
0.0723567
0.0488676
0.0549847
1.27287e-32
0.0361401
0.0488676
0.0723567
0.0602761
0.0305257
2.70482e-32
1.65388e-32
0.0415904
0.046877
3.3808e-32
0.0713622
0.0821238
0.105664
0.0892495
0.117447
0.0952171
0.117447
0.0892495
0.0415904
3.3808e-32
0.046877
1.65388e-32
0.0821238
0.0713622
0.105664
2.01165e-32
4.01418e-32
0.0519995
0.0569582
0.0925628
0.102677
0.137055
0.121599
0.0569582
4.01418e-32
0.0519995
2.01165e-32
0.171508
0.144866
0.160015
0.139047
0.139047
0.137055
0.160015
0.0925628
0.171508
0.121599
0.102677
2.34618e-32
0.0663834
4.60493e-32
0.0617527
0.112469
0.121935
0.166528
0.152031
0.197372
0.180354
0.200061
0.222458
4.60493e-32
0.0663834
0.0617527
2.34618e-32
0.112469
0.166528
0.121935
0.152031
0.20305
0.23367
0.197372
0.23367
0.200061
0.222458
0.180354
2.65745e-32
0.0751525
5.15307e-32
0.0708498
0.131079
0.139897
0.194082
0.180545
0.270294
0.246765
0.219137
0.237582
0.263369
0.292145
0.303082
0.268906
2.65745e-32
0.0751525
5.15307e-32
0.0708498
0.131079
0.139897
0.194082
0.180545
0.292145
0.270294
0.237582
0.303082
0.219137
0.263369
0.246765
2.94547e-32
0.0832656
5.65861e-32
0.0792909
0.148393
0.156564
0.219718
0.20714
0.272576
0.315014
0.293044
0.255395
0.319999
0.34693
0.36825
0.336197
0.0792909
2.94547e-32
0.0832656
5.65861e-32
0.341601
0.378922
0.378922
0.336197
0.156564
0.219718
0.148393
0.20714
0.293044
0.34693
0.36825
0.272576
0.255395
0.319999
0.315014
3.21027e-32
0.0907231
6.12158e-32
0.0870762
0.231816
0.164412
0.171935
0.243435
0.305045
0.356617
0.336205
0.289127
0.372939
0.398025
0.429168
0.39924
0.415046
0.449972
0.460386
0.420318
6.12158e-32
0.0870762
3.21027e-32
0.0907231
0.243435
0.171935
0.231816
0.164412
0.460386
0.449972
0.415046
0.39924
0.336205
0.289127
0.305045
0.356617
0.398025
0.429168
0.372939
3.45185e-32
0.0975258
6.54205e-32
0.0942062
0.179136
0.265234
0.254574
0.186013
0.0942062
0.0975258
6.54205e-32
3.45185e-32
0.33499
0.395104
0.37625
0.320334
0.422188
0.485836
0.458033
0.445428
0.499124
0.516229
0.536533
0.4837
0.546697
0.50427
0.499124
0.546697
0.186013
0.265234
0.254574
0.179136
0.395104
0.33499
0.37625
0.320334
0.536533
0.516229
0.445428
0.4837
0.485836
0.422188
0.458033
3.67026e-32
0.103675
6.92007e-32
0.100682
0.192567
0.198798
0.285118
0.275415
0.100682
0.103675
6.92007e-32
3.67026e-32
0.362412
0.430478
0.41318
0.349016
0.198798
0.275415
0.285118
0.192567
0.467747
0.489142
0.512577
0.538256
0.572611
0.577695
0.60736
0.547561
0.637099
0.592688
0.627178
0.587667
0.587667
0.637099
0.627178
0.572611
0.349016
0.430478
0.362412
0.41318
0.60736
0.512577
0.538256
0.489142
0.467747
0.547561
0.577695
3.86554e-32
0.106504
0.109171
7.25573e-32
0.204707
0.210293
0.30309
0.294343
0.387314
0.462741
0.446997
0.375178
0.106504
0.109171
7.25573e-32
3.86554e-32
0.30309
0.210293
0.294343
0.204707
0.509617
0.52917
0.586429
0.562873
0.387314
0.446997
0.375178
0.462741
0.606631
0.634369
0.672869
0.640779
0.665232
0.679928
0.701828
0.721176
0.730861
0.679928
0.684831
0.730861
0.665232
0.701828
0.721176
0.640779
0.52917
0.634369
0.562873
0.509617
0.672869
0.606631
0.586429
4.03773e-32
7.54913e-32
0.111674
0.114015
0.215557
0.2205
0.319154
0.31136
0.409703
0.491898
0.477707
0.398823
0.111674
0.114015
7.54913e-32
4.03773e-32
0.547804
0.565517
0.630361
0.608925
0.319154
0.2205
0.31136
0.215557
0.477707
0.491898
0.409703
0.398823
0.686259
0.660913
0.733063
0.70363
0.565517
0.547804
0.608925
0.630361
0.760842
0.736969
0.798927
0.770651
0.775191
0.817818
0.779977
0.827275
0.827275
0.760842
0.775191
0.817818
0.736969
0.70363
0.660913
0.770651
0.686259
0.733063
0.798927
4.18688e-32
0.11821
7.80035e-32
0.116194
0.225122
0.229422
0.333312
0.326471
0.429582
0.517957
0.419956
0.505314
0.582313
0.598191
0.670061
0.65074
0.116194
0.11821
7.80035e-32
4.18688e-32
0.229422
0.333312
0.326471
0.225122
0.78795
0.733371
0.710412
0.761169
0.517957
0.429582
0.505314
0.419956
0.65074
0.582313
0.598191
0.670061
0.870359
0.835432
0.80288
0.833653
0.710412
0.78795
0.733371
0.761169
0.872756
0.858745
0.91642
0.897972
0.925656
0.877431
0.872756
0.925656
0.835432
0.870359
0.833653
0.858745
0.91642
0.897972
0.80288
4.31304e-32
0.121756
8.0095e-32
0.120064
0.233403
0.237063
0.345571
0.339679
0.446957
0.438583
0.540924
0.529826
0.613153
0.627199
0.705537
0.688326
4.31304e-32
8.0095e-32
0.120064
0.121756
0.813407
0.755139
0.775715
0.837541
0.233403
0.237063
0.345571
0.339679
0.540924
0.446957
0.529826
0.438583
0.890844
0.935481
0.903707
0.862975
0.688326
0.705537
0.613153
0.627199
0.755139
0.775715
0.813407
0.837541
0.971332
0.998302
0.935501
0.958268
0.935481
0.890844
0.862975
0.903707
0.976518
0.971953
1.02534
1.01632
0.971332
1.02534
0.998302
1.01632
0.958268
0.971953
0.935501
4.41627e-32
0.124655
8.17666e-32
0.123286
0.240404
0.243424
0.355934
0.350989
0.454709
0.461836
0.560807
0.551251
0.640333
0.652552
0.7368
0.721694
0.123286
0.124655
8.17666e-32
4.41627e-32
0.860354
0.795104
0.813305
0.881849
0.240404
0.350989
0.355934
0.243424
0.994307
0.965679
0.942238
0.917265
0.461836
0.560807
0.551251
0.454709
0.721694
0.7368
0.652552
0.640333
1.03791
1.07293
1.03652
1.00547
0.881849
0.795104
0.813305
0.860354
0.994307
0.942238
0.917265
0.965679
1.07213
1.05876
1.09928
1.11689
1.03652
1.00547
1.07293
1.03791
1.1257
1.07659
1.07213
1.05876
1.11689
1.09928
1.1257
4.49661e-32
0.126909
8.30191e-32
0.125863
0.246127
0.24851
0.364406
0.360406
0.125863
0.126909
8.30191e-32
4.49661e-32
0.468341
0.474223
0.577615
0.569595
0.663862
0.67426
0.763862
0.750855
0.920888
0.902026
0.830321
0.846152
0.360406
0.246127
0.364406
0.24851
0.987853
1.02136
1.04686
0.965768
0.468341
0.577615
0.569595
0.474223
1.10754
1.09773
1.14034
1.06867
0.763862
0.67426
0.750855
0.663862
0.920888
0.846152
0.830321
0.902026
1.15961
1.17456
1.20031
1.13788
1.04686
0.987853
0.965768
1.02136
1.14034
1.10754
1.06867
1.09773
1.17267
1.17703
1.22612
1.21751
1.15961
1.13788
1.17456
1.20031
1.22612
1.17267
1.21751
4.55409e-32
0.128517
8.38531e-32
0.127794
0.250576
0.252322
0.37099
0.367933
0.479485
0.484125
0.591354
0.584867
0.127794
0.128517
8.38531e-32
4.55409e-32
0.367933
0.37099
0.250576
0.252322
0.68375
0.692331
0.786735
0.775821
0.874273
0.954677
0.938438
0.860803
1.02771
1.07078
1.09315
1.0085
0.479485
0.584867
0.591354
0.484125
1.15081
1.20053
1.17133
1.12511
0.68375
0.775821
0.692331
0.786735
1.24217
1.27562
1.20932
1.23897
0.938438
0.954677
0.874273
0.860803
1.02771
1.07078
1.0085
1.09315
1.27298
1.30079
1.3176
1.26021
1.17133
1.15081
1.20053
1.12511
1.20932
1.27562
1.23897
1.24217
1.27723
1.26021
1.32602
1.32602
1.27298
1.30079
1.3176
4.58875e-32
0.129482
8.42691e-32
0.12908
0.253751
0.254862
0.375691
0.373576
0.488146
0.491547
0.602032
0.597075
0.700006
0.796604
0.706775
0.805431
0.12908
0.129482
8.42691e-32
4.58875e-32
0.254862
0.373576
0.375691
0.253751
0.597075
0.602032
0.491547
0.488146
0.89768
0.983231
0.969607
0.886565
1.11395
1.1332
1.04548
1.06182
1.25354
1.22793
1.19717
1.17483
0.796604
0.700006
0.805431
0.706775
1.27312
1.30215
1.34286
1.31025
0.886565
0.89768
0.969607
0.983231
1.33924
1.40017
1.36
1.37557
1.1332
1.06182
1.11395
1.04548
1.25354
1.19717
1.22793
1.17483
1.42484
1.37247
1.41661
1.37664
1.27312
1.30215
1.31025
1.34286
1.36
1.33924
1.42484
1.41661
1.37557
1.37247
1.40017
4.6006e-32
0.129804
8.42672e-32
0.129723
0.255656
0.256132
0.37851
0.377335
0.494329
0.496492
0.609654
0.606224
0.129723
0.129804
8.42672e-32
4.6006e-32
0.71264
0.81996
0.813215
0.7176
0.916388
1.00657
0.99555
0.907621
0.377335
0.37851
0.256132
0.255656
0.606224
0.609654
0.496492
0.494329
0.71264
0.7176
0.813215
0.81996
1.1509
1.07673
1.16705
1.09021
1.29941
1.27737
1.23685
1.21785
1.32929
1.35453
1.40207
1.37347
0.99555
0.907621
0.916388
1.00657
1.44188
1.43812
1.47386
1.40978
1.07673
1.1509
1.16705
1.09021
1.47062
1.49792
1.514
1.45842
1.27737
1.29941
1.23685
1.21785
1.40207
1.35453
1.37347
1.32929
1.52205
1.47469
1.47062
1.52205
1.44188
1.40978
1.514
1.47386
1.43812
1.45842
1.49792
4.58965e-32
0.129482
8.38476e-32
0.129723
0.256291
0.256132
0.37945
0.379215
0.498037
0.498964
0.614226
0.612321
0.721659
0.724814
0.83033
0.825664
0.129723
0.129482
8.38476e-32
4.58965e-32
0.256132
0.379215
0.37945
0.256291
0.930407
1.0247
1.01628
0.923983
1.1129
1.1947
1.18165
1.10226
0.498964
0.498037
0.612321
0.614226
0.825664
0.721659
0.83033
0.724814
0.930407
0.923983
1.0247
1.01628
1.31967
1.33815
1.26987
1.25419
1.37788
1.39935
1.45328
1.42867
1.49978
1.47188
1.53873
1.5074
1.10226
1.18165
1.1129
1.1947
1.59356
1.57002
1.55498
1.53512
1.25419
1.26987
1.33815
1.31967
1.56691
1.60928
1.61716
1.57089
1.45328
1.42867
1.37788
1.39935
1.47188
1.49978
1.5074
1.53873
1.56691
1.55498
1.61716
1.60928
1.53512
1.57002
1.59356
4.5559e-32
0.128517
8.30099e-32
0.12908
0.255656
0.254862
0.37851
0.379215
0.615368
0.499273
0.498964
0.61575
0.12908
0.128517
8.30099e-32
4.5559e-32
0.727068
0.728419
0.83655
0.833959
0.939748
1.03764
1.03182
0.935662
0.254862
0.379215
0.37851
0.255656
0.615368
0.61575
0.499273
0.498964
1.1299
1.21619
1.20622
1.12211
1.29625
1.35486
1.28389
1.3698
0.833959
0.83655
0.728419
0.727068
1.03182
0.935662
0.939748
1.03764
1.21619
1.1299
1.12211
1.20622
1.41893
1.47589
1.49652
1.43663
1.52559
1.5493
1.59482
1.56787
1.62975
1.66356
1.60262
1.63294
1.28389
1.35486
1.3698
1.29625
1.64918
1.66085
1.68659
1.70199
1.41893
1.49652
1.47589
1.43663
1.70969
1.70969
1.66475
1.66085
1.5493
1.59482
1.52559
1.56787
1.70199
1.68659
1.63294
1.60262
1.66356
1.64918
1.62975
4.49932e-32
0.126909
8.17537e-32
0.127794
0.253751
0.252322
0.375691
0.377335
0.614226
0.615368
0.498037
0.496492
0.72887
0.728419
0.838623
0.838105
0.127794
0.126909
8.17537e-32
4.49932e-32
0.252322
0.377335
0.375691
0.253751
0.944416
1.0454
1.04217
0.942666
1.14122
1.23153
1.22463
1.13627
0.615368
0.614226
0.496492
0.498037
0.838105
0.72887
0.838623
0.728419
1.31601
1.39439
1.30695
1.38298
1.45246
1.51517
1.53184
1.46641
0.944416
0.942666
1.0454
1.04217
1.13627
1.22463
1.23153
1.14122
1.30695
1.38298
1.39439
1.31601
1.57093
1.61958
1.59049
1.64217
1.66097
1.72406
1.68674
1.69499
1.75404
1.72155
1.7766
1.74057
1.45246
1.51517
1.46641
1.53184
1.79922
1.752
1.75581
1.79167
1.57093
1.59049
1.64217
1.61958
1.752
1.79922
1.79167
1.74057
1.69499
1.68674
1.66097
1.72406
1.75404
1.72155
1.7766
4.41988e-32
0.124655
8.00784e-32
0.125863
0.250576
0.24851
0.37099
0.373576
0.491547
0.609654
0.612321
0.494329
0.125863
0.124655
8.00784e-32
4.41988e-32
0.727068
0.724814
0.83655
0.838105
0.944416
1.04799
0.945001
1.04734
0.24851
0.373576
0.37099
0.250576
0.612321
0.609654
0.494329
0.491547
1.14688
1.24072
1.23689
1.14476
1.40404
1.32918
1.41193
1.32342
0.724814
0.727068
0.83655
0.838105
0.945001
1.04734
1.04799
0.944416
1.4785
1.48872
1.54654
1.55928
1.60797
1.62338
1.68084
1.66258
1.14688
1.24072
1.14476
1.23689
1.41193
1.32918
1.32342
1.40404
1.55928
1.4785
1.54654
1.48872
1.71023
1.75077
1.73147
1.77513
1.84107
1.8117
1.8101
1.78409
1.83992
1.86317
1.87794
1.82873
1.60797
1.68084
1.62338
1.66258
1.83992
1.88533
1.84366
1.88533
1.77513
1.75077
1.71023
1.73147
1.82873
1.84107
1.8117
1.86317
1.87794
1.78409
1.8101
4.31756e-32
0.121756
7.79832e-32
0.123286
0.246127
0.367933
0.243424
0.364406
0.484125
0.602032
0.606224
0.488146
0.123286
0.121756
7.79832e-32
4.31756e-32
0.721659
0.7176
0.830331
0.833959
0.243424
0.367933
0.364406
0.246127
0.939748
0.942666
1.0454
1.04734
1.14688
1.24379
1.24302
1.14759
0.488146
0.606224
0.602032
0.484125
0.7176
0.833959
0.721659
0.830331
1.41807
1.33576
1.42245
1.33329
1.50358
1.49708
1.57885
1.57004
0.942666
1.0454
1.04734
0.939748
1.24302
1.24379
1.14688
1.14759
1.63673
1.71086
1.69693
1.64802
1.81682
1.75045
1.76718
1.79714
1.42245
1.33576
1.33329
1.41807
1.49708
1.57004
1.57885
1.50358
1.63673
1.64802
1.69693
1.71086
1.86953
1.83687
1.85962
1.89547
1.92427
1.94593
1.91327
1.89501
1.96765
1.9279
1.9604
1.92424
1.79714
1.76718
1.75045
1.81682
1.96765
1.92424
1.9604
1.91327
1.94593
1.86953
1.92427
1.83687
1.89501
1.85962
1.89547
4.19231e-32
0.11821
7.54672e-32
0.120064
0.120064
0.11821
7.54672e-32
4.19231e-32
0.240404
0.355934
0.360406
0.237063
0.474223
0.591354
0.597075
0.479485
0.71264
0.706775
0.81996
0.825664
0.360406
0.355934
0.240404
0.237063
0.935662
0.930407
1.03764
1.04217
0.597075
0.591354
0.474223
0.479485
1.14122
1.24072
1.24302
1.14476
1.33576
1.42596
1.42508
1.33658
0.706775
0.825664
0.71264
0.81996
0.930407
1.03764
0.935662
1.04217
1.50822
1.511
1.59058
1.58569
1.65725
1.66442
1.72264
1.73228
1.24072
1.14122
1.14476
1.24302
1.33576
1.33658
1.42508
1.42596
1.78168
1.79393
1.84919
1.83417
1.87996
1.93987
1.89788
1.91892
1.50822
1.58569
1.511
1.59058
1.65725
1.73228
1.66442
1.72264
1.78168
1.84919
1.83417
1.79393
2.00328
1.97593
1.95094
1.97503
2.03872
2.02453
1.99383
2.00458
2.00458
2.00817
2.04583
2.04583
1.87996
1.91892
1.93987
1.89788
2.03872
1.97593
1.99383
2.02453
1.97503
2.00328
1.95094
4.04406e-32
0.114015
7.25295e-32
0.116194
0.233403
0.229422
0.345571
0.350989
0.116194
0.114015
7.25295e-32
4.04406e-32
0.350989
0.345571
0.233403
0.229422
0.461836
0.577615
0.584867
0.468341
0.700006
0.692331
0.805431
0.813215
0.923983
0.916388
1.0247
1.03182
0.468341
0.461836
0.584867
0.577615
1.1299
1.23153
1.23689
1.13627
0.813215
0.805431
0.700006
0.692331
1.32918
1.42245
1.42508
1.33329
1.51193
1.59449
1.59352
1.511
0.923983
1.0247
0.916388
1.03182
1.23153
1.23689
1.1299
1.13627
1.67262
1.74512
1.66955
1.73977
1.80395
1.81174
1.87227
1.86188
1.42245
1.33329
1.42508
1.32918
1.511
1.59352
1.51193
1.59449
1.9134
1.92652
1.97432
1.95833
2.02799
2.05007
1.99657
2.01555
1.73977
1.66955
1.67262
1.74512
1.81174
1.80395
1.87227
1.86188
1.9134
1.97432
1.95833
1.92652
2.09866
2.0778
2.05251
2.07008
2.08416
2.08064
2.1126
2.11957
2.08064
2.11957
2.07008
2.1126
1.99657
2.05251
2.05007
2.01555
2.0778
2.09866
2.02799
3.87279e-32
0.111674
0.109171
6.91692e-32
0.225122
0.2205
0.333312
0.339679
0.446957
0.560807
0.569595
0.454709
0.111674
0.109171
6.91692e-32
3.87279e-32
0.2205
0.339679
0.333312
0.225122
0.569595
0.560807
0.446957
0.454709
0.68375
0.67426
0.786735
0.796604
0.907621
0.89768
1.00657
1.01628
1.12211
1.1129
1.21619
1.22463
0.67426
0.796604
0.68375
0.786735
1.31601
1.41193
1.41807
1.32342
0.907621
1.00657
1.01628
0.89768
1.59352
1.50822
1.50358
1.59058
1.7494
1.67365
1.67262
1.74833
1.1129
1.12211
1.22463
1.21619
1.32342
1.41807
1.41193
1.31601
1.8173
1.8861
1.88034
1.82064
1.93725
1.99889
1.94559
1.98784
1.59352
1.50822
1.50358
1.59058
1.7494
1.67262
1.74833
1.67365
2.08638
2.06953
2.04587
2.03198
2.1203
2.10039
2.12448
2.14754
1.8173
1.8861
1.88034
1.82064
1.93725
1.99889
1.94559
1.98784
2.06953
2.03198
2.08638
2.04587
2.14173
2.18173
2.15209
2.16804
2.18859
2.18859
2.15555
2.15209
2.14173
2.14754
2.16804
2.18173
2.1203
2.12448
2.10039
3.67843e-32
6.53852e-32
0.106504
0.103675
0.215557
0.210293
0.319154
0.326471
0.429582
0.540924
0.551251
0.438583
0.106504
0.103675
6.53852e-32
3.67843e-32
0.663862
0.652552
0.763862
0.775821
0.210293
0.326471
0.319154
0.215557
0.438583
0.429582
0.551251
0.540924
0.652552
0.775821
0.763862
0.663862
0.886565
0.874273
0.983231
0.99555
1.09021
1.19471
1.20622
1.10226
1.29625
1.39439
1.40404
1.30695
0.886565
0.99555
0.983231
0.874273
1.49708
1.57885
1.58569
1.48872
1.19471
1.20622
1.09021
1.10226
1.66442
1.74512
1.66955
1.74833
1.89071
1.82175
1.82064
1.88956
1.39439
1.29625
1.30695
1.40404
1.58569
1.49708
1.57885
1.48872
2.00749
1.95154
1.95511
2.01362
2.06606
2.10062
2.05723
2.11226
1.66442
1.74512
1.66955
1.74833
1.89071
1.82064
1.82175
1.88956
2.18546
2.16787
2.1521
2.13753
2.21226
2.19155
2.2085
2.23242
1.95154
2.01362
2.00749
1.95511
2.11226
2.10062
2.05723
2.06606
2.13753
2.16787
2.1521
2.18546
2.22209
2.21869
2.24588
2.25263
2.25263
2.21869
2.2085
2.23242
2.24588
2.21226
2.19155
3.46093e-32
0.0975258
6.11768e-32
0.100682
0.100682
0.0975258
6.11768e-32
3.46093e-32
0.204707
0.198798
0.30309
0.31136
0.409703
0.517957
0.529826
0.419956
0.640333
0.6272
0.7368
0.750855
0.31136
0.30309
0.204707
0.198798
0.860803
0.846152
0.954677
0.969607
0.529826
0.409703
0.517957
0.419956
0.7368
0.6272
0.750855
0.640333
0.860803
0.969607
0.954677
0.846152
1.07673
1.06182
1.16705
1.18165
1.26987
1.3698
1.38298
1.28389
1.4785
1.57004
1.46641
1.55928
1.16705
1.18165
1.06182
1.07673
1.64802
1.73977
1.65725
1.73228
1.26987
1.28389
1.38298
1.3698
1.8861
1.88956
1.8173
1.81174
2.0173
1.9563
2.01853
1.95511
1.57004
1.4785
1.46641
1.55928
1.73977
1.65725
1.64802
1.73228
2.07614
2.12777
2.12131
2.07236
2.17327
2.20034
2.2125
2.16401
1.81174
1.8173
1.88956
1.8861
2.01853
1.95511
1.9563
2.0173
2.27173
2.24535
2.25349
2.23019
2.27017
2.2802
2.30483
2.29157
2.07236
2.07614
2.12131
2.12777
2.16401
2.17327
2.2125
2.20034
2.24535
2.27173
2.23019
2.25349
2.28355
2.31147
2.31147
2.2802
2.29157
2.30483
2.27017
3.22026e-32
0.0907231
5.65433e-32
0.0942062
3.22026e-32
0.0942062
0.0907231
5.65433e-32
0.192567
0.186013
0.285118
0.294343
0.294343
0.285118
0.192567
0.186013
0.398823
0.387315
0.491898
0.505314
0.613153
0.598191
0.705537
0.721694
0.830321
0.813305
0.920888
0.938438
0.505314
0.491898
0.387315
0.398823
1.04548
1.02771
1.1332
1.1509
0.598191
0.721694
0.705537
0.613153
0.830321
0.938438
0.920888
0.813305
1.02771
1.04548
1.1509
1.1332
1.23685
1.33815
1.35486
1.25419
1.45246
1.53184
1.43663
1.54654
1.72264
1.63673
1.62338
1.71086
1.23685
1.33815
1.35486
1.25419
1.88034
1.79393
1.80395
1.87227
1.43663
1.54654
1.53184
1.45246
2.01362
2.0173
1.94559
1.95154
2.07614
2.13165
2.13294
2.0774
1.72264
1.71086
1.62338
1.63673
1.80395
1.88034
1.79393
1.87227
2.22869
2.17988
2.18384
2.22195
2.26736
2.29974
2.28714
2.25773
2.01362
1.95154
1.94559
2.0173
2.0774
2.13165
2.07614
2.13294
2.31009
2.32653
2.34531
2.32575
2.33641
2.3397
2.35838
2.36492
2.18384
2.17988
2.22195
2.22869
2.29974
2.25773
2.28714
2.26736
2.36492
2.31009
2.35838
2.33641
2.32653
2.34531
2.32575
0.0870762
0.0832656
5.14842e-32
2.95639e-32
2.95639e-32
0.0832656
5.14842e-32
0.0870762
0.179136
0.171935
0.265234
0.275415
0.179136
0.171935
0.275415
0.265234
0.362412
0.462741
0.477707
0.375178
0.477707
0.462741
0.362412
0.375178
0.582313
0.565517
0.670061
0.688326
0.795104
0.775716
0.881849
0.902026
1.0085
0.987853
1.09315
1.11395
0.670061
0.565517
0.688326
0.582313
1.21785
1.19717
1.29941
1.31967
0.775716
0.795104
0.902026
0.881849
1.09315
1.0085
1.11395
0.987853
1.21785
1.31967
1.29941
1.19717
1.51517
1.41893
1.39935
1.49652
1.69693
1.60797
1.68084
1.59049
1.86188
1.76718
1.84919
1.78168
1.51517
1.49652
1.41893
1.39935
2.00749
1.92652
1.9989
1.93725
1.69693
1.59049
1.60797
1.68084
2.06606
2.12777
2.07236
2.13165
2.23274
2.23409
2.18516
2.18384
1.86188
1.84919
1.76718
1.78168
1.92652
1.93725
2.00749
1.9989
2.27836
2.31653
2.30953
2.27424
2.34849
2.36118
2.37415
2.33854
2.07236
2.12777
2.13165
2.06606
2.18384
2.18516
2.23274
2.23409
2.37739
2.39346
2.40636
2.38713
2.38713
2.39038
2.41281
2.41281
2.30953
2.27424
2.31653
2.27836
2.34849
2.37415
2.36118
2.40636
2.39346
2.33854
2.37739
0.0792909
0.0751525
4.5999e-32
2.66928e-32
0.254574
0.243435
0.164412
0.156564
2.66928e-32
0.0751525
4.5999e-32
0.0792909
0.164412
0.156564
0.243435
0.254574
0.33499
0.430478
0.446998
0.349016
0.430478
0.33499
0.349016
0.446998
0.547804
0.52917
0.630362
0.65074
0.52917
0.65074
0.630362
0.547804
0.755139
0.733371
0.837541
0.860354
0.965768
0.942239
1.04686
1.07078
1.15081
1.25354
1.27737
1.17483
0.733371
0.755139
0.860354
0.837541
1.37788
1.35453
1.45328
1.47589
0.942239
1.04686
0.965768
1.07078
1.25354
1.17483
1.27737
1.15081
1.35453
1.47589
1.37788
1.45328
1.5493
1.57093
1.64217
1.66258
1.83417
1.73147
1.81682
1.75045
1.97432
1.89788
1.98784
1.9134
1.66258
1.64217
1.5493
1.57093
2.04587
2.12131
2.11226
2.05723
1.73147
1.75045
1.83417
1.81682
2.22869
2.17327
2.23274
2.17988
2.27973
2.32212
2.32072
2.27836
1.98784
1.97432
1.9134
1.89788
2.12131
2.05723
2.04587
2.11226
2.38423
2.35558
2.35984
2.39143
2.4168
2.40659
2.43588
2.4226
2.22869
2.17988
2.17327
2.23274
2.27973
2.32212
2.32072
2.27836
2.43543
2.44862
2.43222
2.45501
2.43222
2.44862
2.4226
2.45501
2.38423
2.35984
2.39143
2.35558
2.43588
2.4168
2.40659
0.0708499
0.0663834
4.00877e-32
2.35893e-32
0.231816
0.219718
0.148393
0.139897
2.35893e-32
0.0663834
4.00877e-32
0.0708499
0.41318
0.395105
0.305046
0.320334
0.148393
0.139897
0.219718
0.231816
0.305046
0.395105
0.41318
0.320334
0.509617
0.489142
0.586429
0.608925
0.608925
0.586429
0.509617
0.489142
0.710412
0.686259
0.78795
0.813407
0.710412
0.813407
0.78795
0.686259
0.917265
0.890844
0.994307
1.02136
1.12511
1.09773
1.20053
1.22793
1.32929
1.30215
1.40207
1.42867
0.994307
0.917265
1.02136
0.890844
1.61958
1.52559
1.59482
1.49978
1.09773
1.20053
1.22793
1.12511
1.30215
1.42867
1.40207
1.32929
1.61958
1.49978
1.52559
1.59482
1.77513
1.68674
1.79714
1.71023
1.93987
1.95833
1.85962
1.87996
2.10062
2.01555
2.08638
2.03198
1.68674
1.79714
1.77513
1.71023
2.1521
2.2125
2.22195
2.16401
1.85962
1.93987
1.95833
1.87996
2.26736
2.31653
2.27424
2.32072
2.36126
2.35984
2.39575
2.39718
2.03198
2.01555
2.10062
2.08638
2.22195
2.16401
2.2125
2.1521
2.44619
2.45356
2.42845
2.42408
2.47154
2.46203
2.47245
2.48506
2.27424
2.31653
2.26736
2.32072
2.39718
2.36126
2.35984
2.39575
2.47472
2.47154
2.49138
2.49138
2.44619
2.42845
2.46203
2.48506
2.42408
2.45356
2.47245
0.0617527
0.0569582
3.37502e-32
2.02533e-32
0.20714
0.194082
0.131079
0.121935
2.02533e-32
0.0569582
3.37502e-32
0.0617527
0.37625
0.356617
0.272576
0.289127
0.131079
0.121935
0.194082
0.20714
0.562873
0.538256
0.467747
0.445428
0.272576
0.356617
0.37625
0.289127
0.467747
0.445428
0.538256
0.562873
0.660913
0.63437
0.733063
0.761169
0.660913
0.761169
0.733063
0.63437
0.862975
0.833653
0.935481
0.96568
0.833653
0.862975
0.96568
0.935481
1.03791
1.14034
1.17133
1.06867
1.27312
1.24217
1.34286
1.37347
1.47188
1.56787
1.44188
1.53873
1.03791
1.17133
1.14034
1.06867
1.63294
1.75077
1.72406
1.66097
1.24217
1.34286
1.37347
1.27312
1.53873
1.44188
1.56787
1.47188
1.72406
1.63294
1.66097
1.75077
1.91892
1.8117
1.89547
1.83687
1.97503
2.06953
2.05007
1.99657
2.1203
2.18547
2.20034
2.13753
1.89547
1.91892
1.8117
1.83687
2.29974
2.24535
2.25773
2.30953
2.06953
1.99657
1.97503
2.05007
2.34849
2.39143
2.35558
2.39575
2.45945
2.42991
2.42845
2.45798
2.20034
2.1203
2.13753
2.18547
2.29974
2.25773
2.30953
2.24535
2.47988
2.49556
2.50306
2.48434
2.51557
2.50499
2.50813
2.52183
2.39575
2.34849
2.39143
2.35558
2.42991
2.45798
2.42845
2.45945
2.48434
2.49556
2.50306
2.50499
2.52183
2.51557
2.47988
0.0519995
0.046877
2.69866e-32
1.66848e-32
0.180545
0.166528
0.112468
0.102677
1.66848e-32
0.046877
2.69866e-32
0.0519995
0.336205
0.315014
0.237582
0.255395
0.112468
0.102677
0.166528
0.180545
0.512577
0.485836
0.422188
0.398025
0.237582
0.315014
0.336205
0.255395
0.606631
0.70363
0.672869
0.577695
0.422188
0.398025
0.485836
0.512577
0.606631
0.577695
0.672869
0.70363
0.80288
0.770651
0.870359
0.903708
0.80288
0.903708
0.770651
0.870359
1.00547
0.971332
1.07293
1.10754
1.07293
0.971332
1.00547
1.10754
1.20932
1.17456
1.27562
1.31025
1.5074
1.40978
1.37557
1.47386
1.66356
1.69499
1.57002
1.60262
1.17456
1.31025
1.27562
1.20932
1.75404
1.84107
1.86953
1.78409
1.47386
1.37557
1.5074
1.40978
1.66356
1.57002
1.69499
1.60262
1.75404
1.84107
1.78409
1.86953
2.02799
2.00328
1.92427
1.95094
2.0778
2.14754
2.16787
2.10039
2.27173
2.23019
2.28714
2.21226
2.02799
2.00328
1.92427
1.95094
2.33854
2.32575
2.38423
2.37415
2.14754
2.10039
2.0778
2.16787
2.45356
2.4168
2.42408
2.45798
2.50906
2.50756
2.48583
2.48434
2.21226
2.27173
2.23019
2.28714
2.37415
2.38423
2.33854
2.32575
2.53247
2.54006
2.52312
2.52765
2.53559
2.54628
2.54628
2.53247
2.42408
2.45356
2.45798
2.4168
2.50756
2.54006
2.48583
2.50906
2.52765
2.52312
2.48434
0.0415904
0.0361401
1.97972e-32
1.28839e-32
1.28839e-32
0.0361401
1.97972e-32
0.0415904
0.152031
0.137055
0.0925628
0.0821238
0.293044
0.270294
0.200061
0.219137
0.0925628
0.0821238
0.137055
0.152031
0.34693
0.458033
0.429168
0.37294
0.200061
0.270294
0.293044
0.219137
0.547561
0.640779
0.60736
0.516229
0.37294
0.34693
0.429168
0.458033
0.736969
0.835432
0.798927
0.701829
0.547561
0.516229
0.60736
0.640779
0.736969
0.701829
0.798927
0.835432
0.935501
0.897972
0.998302
1.03652
0.935501
1.03652
0.998302
0.897972
1.13788
1.09928
1.20031
1.23897
1.23897
1.09928
1.20031
1.13788
1.43812
1.33924
1.40017
1.30079
1.49792
1.53512
1.62975
1.59356
1.68659
1.8101
1.7766
1.72155
1.40017
1.30079
1.43812
1.33924
1.86317
1.97593
1.94593
1.89502
1.49792
1.59356
1.53512
1.62975
1.7766
1.68659
1.8101
1.72155
1.97593
1.86317
1.94593
1.89502
2.12448
2.02453
2.09866
2.05252
2.23242
2.16804
2.25349
2.19155
2.31009
2.29157
2.34531
2.36118
2.02453
2.09866
2.12448
2.05252
2.39346
2.44619
2.40659
2.43588
2.16804
2.25349
2.19155
2.23242
2.47245
2.50306
2.47988
2.50756
2.54614
2.52765
2.52916
2.54462
2.31009
2.36118
2.34531
2.29157
2.40659
2.43588
2.39346
2.44619
2.56467
2.55701
2.55391
2.55849
2.55849
2.54462
2.55391
2.56467
2.50306
2.47988
2.47245
2.50756
2.52916
2.54614
2.52765
8.85077e-33
0.0247479
1.21822e-32
0.0305258
0.0305258
0.0247479
1.21822e-32
8.85077e-33
0.121599
0.105664
0.0713622
0.0602761
0.0713622
0.0602761
0.105664
0.121599
0.246766
0.222458
0.160015
0.180354
0.39924
0.36825
0.319999
0.292145
0.160015
0.222458
0.180354
0.246766
0.4837
0.572611
0.536533
0.449972
0.319999
0.292145
0.36825
0.39924
0.665232
0.760842
0.627178
0.721176
0.4837
0.449972
0.536533
0.572611
0.858745
0.958268
0.91642
0.817818
0.665232
0.627178
0.721176
0.760842
0.858745
0.817818
0.91642
0.958268
1.05877
1.01632
1.11689
1.15961
1.05877
1.15961
1.01632
1.11689
1.21751
1.3176
1.26021
1.36
1.21751
1.36
1.3176
1.26021
1.514
1.55498
1.41661
1.45842
1.60928
1.74057
1.64918
1.70199
1.79167
1.87794
1.91327
1.82873
1.514
1.41661
1.55498
1.45842
1.9604
2.07008
2.03872
1.99383
1.70199
1.60928
1.64918
1.74057
1.91327
1.79167
1.87794
1.82873
2.03872
1.9604
2.07008
1.99383
2.18173
2.2085
2.1126
2.14173
2.30483
2.24588
2.32653
2.27017
2.37739
2.40636
2.4226
2.35838
2.1126
2.2085
2.14173
2.18173
2.46203
2.48506
2.44862
2.49556
2.27017
2.30483
2.32653
2.24588
2.52312
2.54462
2.51557
2.54006
2.5708
2.55849
2.56927
2.56001
2.35838
2.37739
2.4226
2.40636
2.46203
2.49556
2.48506
2.44862
2.56927
2.57235
2.57696
2.57696
2.54006
2.5708
2.56001
2.54462
2.52312
2.51557
2.55849
0.0188061
0.0127009
4.14222e-33
4.5856e-33
4.5856e-33
0.0127009
4.14222e-33
0.0188061
0.0488676
0.0371348
0.0723567
0.0892495
0.0892495
0.0723567
0.0488676
0.0371348
0.197372
0.171508
0.117447
0.139047
0.117447
0.139047
0.171508
0.197372
0.336197
0.303083
0.263369
0.23367
0.415046
0.499124
0.460386
0.378922
0.263369
0.23367
0.303083
0.336197
0.587667
0.679928
0.637099
0.546697
0.415046
0.378922
0.460386
0.499124
0.775191
0.872756
0.827275
0.730861
0.587667
0.546697
0.637099
0.679928
0.971953
1.07213
1.02534
0.925656
0.775191
0.730861
0.827275
0.872756
1.07213
0.971953
0.925656
1.02534
1.1257
1.22612
1.27298
1.17267
1.17267
1.27298
1.1257
1.22612
1.47062
1.32602
1.37247
1.42484
1.47062
1.32602
1.42484
1.37247
1.52205
1.61716
1.66085
1.56691
1.70969
1.79922
1.83992
1.752
1.96765
2.00458
1.88533
1.92424
1.61716
1.52205
1.66085
1.56691
2.04583
2.15209
2.11957
2.08064
1.83992
1.79922
1.70969
1.752
1.88533
2.00458
1.92424
1.96765
2.04583
2.15209
2.11957
2.08064
2.21869
2.18859
2.25263
2.2802
2.33641
2.31147
2.38713
2.36492
2.47154
2.41281
2.43222
2.45501
2.25263
2.2802
2.18859
2.21869
2.53247
2.52183
2.50499
2.49138
2.31147
2.36492
2.33641
2.38713
2.54628
2.55391
2.56927
2.56467
2.58157
2.57849
2.57696
2.58311
2.45501
2.41281
2.43222
2.47154
2.49138
2.50499
2.53247
2.52183
2.57696
2.56927
2.57849
2.58311
2.54628
2.56467
2.55391
1.07501e-34
0.006432
0.006432
1.07501e-34
0.0549847
0.0250799
0.0250799
0.0549847
0.144866
0.0952171
0.0952171
0.144866
0.20305
0.268906
0.20305
0.268906
0.341601
0.420318
0.50427
0.592688
0.341601
0.420318
0.684832
0.779977
0.592688
0.50427
0.877431
0.976518
0.779977
0.684832
1.07659
1.17703
0.877431
0.976518
1.07659
1.17703
1.27724
1.37664
1.27724
1.37664
1.47469
1.57089
1.57089
1.47469
1.66475
1.75581
1.84366
1.9279
2.08416
2.00817
1.75581
1.66475
2.22209
2.15555
1.9279
1.84366
2.00817
2.08416
2.22209
2.15555
2.28355
2.3397
2.43543
2.39038
2.50813
2.47472
2.28355
2.3397
2.55701
2.53559
2.43543
2.39038
2.58157
2.57235
2.58465
2.58157
2.47472
2.50813
2.53559
2.57235
2.55701
1.1257
1.52205
1.42484
0.0127009
1.22612
1.32602
1.22612
1.32602
1.1257
0.171508
0.23367
1.02534
1.42484
0.378922
0.925656
0.827275
1.52205
0.730861
0.637099
1.61716
0.546697
0.460386
1.70969
0.303083
1.79922
1.88533
0.117447
0.0723567
1.96765
0.0371348
2.04583
2.11957
0.0127009
1.61716
1.70969
2.18859
2.25263
1.88533
2.31147
0.0371348
2.36492
2.41281
0.0723567
2.45501
2.49138
0.117447
2.52183
2.54628
0.171508
2.41281
2.56467
2.45501
2.57696
0.23367
2.58311
2.58311
0.303083
2.57696
2.56467
0.378922
2.54628
2.52183
0.460386
2.49138
0.546697
2.36492
0.637099
2.31147
2.25263
0.730861
2.18859
2.11957
0.827275
2.04583
1.96765
0.925656
1.79922
1.02534
4.14222e-33
4.14222e-33
4.5856e-33
0.0188061
0.0188061
4.5856e-33
0.0892495
0.0488676
0.0488676
0.0892495
0.139047
0.197372
0.139047
0.197372
0.336197
0.263369
0.263369
0.336197
0.499124
0.415046
0.679928
0.587667
0.415046
0.499124
0.775191
0.872756
0.679928
0.587667
1.07213
0.971953
0.775191
0.872756
1.17267
1.27298
0.971953
1.07213
1.17267
1.27298
1.47062
1.37247
1.47062
1.37247
1.56691
1.66085
1.66085
1.56691
1.83992
1.752
2.00458
1.92424
2.08064
2.15209
1.752
1.83992
2.2802
2.21869
2.00458
1.92424
2.15209
2.08064
2.21869
2.2802
2.33641
2.38713
2.47154
2.43222
2.50499
2.53247
2.38713
2.33641
2.56927
2.55391
2.47154
2.43222
2.58157
2.57849
2.57849
2.56927
2.53247
2.50499
2.55391
1.41661
1.3176
1.3176
1.21751
1.41661
1.11689
0.105664
1.01632
0.91642
1.514
0.817818
1.60928
0.721176
0.627178
0.536533
1.70199
0.449972
1.79167
0.36825
0.292145
0.222458
1.87794
0.160015
1.9604
0.0602761
0.0247479
2.03872
2.1126
0.0247479
2.18173
1.514
2.24588
2.30483
1.70199
0.0602761
2.35838
2.40636
1.9604
2.44862
0.105664
2.48506
0.160015
2.51557
2.54006
2.55849
2.30483
0.222458
2.5708
0.292145
2.44862
2.57696
2.57696
2.5708
0.36825
2.55849
0.449972
2.54006
2.51557
2.48506
0.536533
0.627178
2.40636
2.35838
0.721176
2.24588
0.817818
2.18173
2.1126
2.03872
0.91642
1.01632
1.87794
1.79167
1.11689
1.60928
1.21751
1.21822e-32
1.21822e-32
8.85077e-33
0.0305258
0.0305258
8.85077e-33
0.121599
0.0713622
0.0713622
0.121599
0.180354
0.246766
0.246766
0.180354
0.39924
0.319999
0.319999
0.39924
0.572611
0.4837
0.665232
0.760842
0.4837
0.572611
0.858745
0.958268
0.760842
0.665232
1.05877
1.15961
0.958268
0.858745
1.36
1.26021
1.05877
1.15961
1.36
1.26021
1.45842
1.55498
1.55498
1.45842
1.74057
1.64918
1.64918
1.74057
1.91327
1.82873
2.07008
1.99383
2.14173
2.2085
1.91327
1.82873
2.27017
2.32653
1.99383
2.07008
2.2085
2.14173
2.27017
2.32653
2.37739
2.4226
2.46203
2.49556
2.52312
2.54462
2.4226
2.37739
2.56927
2.56001
2.46203
2.49556
2.57235
2.56927
2.56001
2.52312
2.54462
1.40017
1.20031
1.49792
0.0361401
1.09928
0.998302
0.897972
1.59356
0.798927
0.270294
0.34693
1.68659
0.701829
0.60736
0.516229
1.7766
0.429168
1.86317
0.200061
1.94593
0.137055
2.02453
0.0821238
2.09866
2.16804
0.0361401
2.23242
1.40017
2.29157
0.0821238
2.34531
2.39346
2.43588
1.7766
1.86317
0.137055
2.47245
0.200061
2.50306
2.52765
2.54614
0.270294
2.23242
2.55849
0.34693
2.34531
2.39346
2.56467
2.56467
2.55849
0.429168
2.54614
0.516229
2.52765
2.50306
2.47245
0.60736
2.43588
0.701829
2.29157
0.798927
0.897972
2.16804
2.09866
2.02453
0.998302
1.94593
1.09928
1.68659
1.20031
1.59356
1.30079
1.49792
1.30079
1.97972e-32
1.97972e-32
1.28839e-32
0.0415904
0.0415904
1.28839e-32
0.0925628
0.152031
0.0925628
0.152031
0.219137
0.293044
0.293044
0.219137
0.458033
0.37294
0.37294
0.458033
0.547561
0.640779
0.736969
0.835432
0.547561
0.640779
0.935501
1.03652
0.835432
0.736969
1.23897
1.13788
0.935501
1.03652
1.43812
1.33924
1.13788
1.23897
1.43812
1.33924
1.62975
1.53512
1.62975
1.53512
1.72155
1.8101
1.8101
1.72155
1.97593
1.89502
2.12448
2.05252
2.19155
2.25349
1.89502
1.97593
2.31009
2.36118
2.05252
2.12448
2.25349
2.19155
2.31009
2.36118
2.44619
2.40659
2.47988
2.50756
2.52916
2.54462
2.40659
2.44619
2.55701
2.55391
2.50756
2.47988
2.55391
2.54462
2.52916
1.57002
0.971332
0.870359
1.66356
0.770651
0.672869
1.75404
0.577695
0.485836
1.84107
0.398025
0.315014
1.92427
0.237582
0.166528
2.00328
0.102677
0.046877
2.0778
2.14754
0.046877
1.07293
1.17456
2.21226
2.27173
1.37557
2.32575
0.102677
2.37415
2.4168
0.166528
2.45356
2.48434
0.237582
2.50906
2.52765
0.315014
2.0778
2.54006
2.14754
2.54628
0.398025
2.54628
2.54006
0.485836
2.37415
2.4168
2.52765
2.50906
0.577695
2.48434
2.45356
0.672869
0.770651
2.32575
2.27173
0.870359
2.21226
0.971332
2.00328
1.07293
1.92427
1.84107
1.17456
1.75404
1.66356
1.27562
1.57002
1.47386
1.37557
1.27562
1.47386
2.69866e-32
2.69866e-32
1.66848e-32
0.0519995
0.0519995
1.66848e-32
0.180545
0.112468
0.112468
0.180545
0.336205
0.255395
0.255395
0.336205
0.512577
0.422188
0.422188
0.512577
0.70363
0.606631
0.80288
0.903708
0.70363
0.606631
1.10754
1.00547
0.80288
0.903708
1.31025
1.20932
1.10754
1.00547
1.5074
1.40978
1.31025
1.20932
1.40978
1.5074
1.69499
1.60262
1.60262
1.69499
1.86953
1.78409
1.78409
1.86953
2.02799
1.95094
2.16787
2.10039
2.23019
2.28714
1.95094
2.02799
2.38423
2.33854
2.10039
2.16787
2.28714
2.23019
2.38423
2.33854
2.42408
2.45798
2.48583
2.50756
2.52312
2.53247
2.45798
2.42408
2.53247
2.53559
2.48583
2.52312
2.50756
0.833653
0.733063
1.72406
0.63437
1.8117
0.538256
0.445428
0.356617
1.89547
0.272576
1.97503
0.194082
0.121935
0.0569582
2.05007
2.1203
0.0569582
2.18547
0.935481
2.24535
2.29974
1.14034
0.121935
2.34849
2.39143
1.44188
2.42845
0.194082
2.45945
0.272576
2.48434
2.50306
2.51557
1.89547
0.356617
2.52183
0.445428
2.1203
2.52183
2.51557
2.50306
0.538256
2.29974
2.48434
0.63437
2.45945
2.42845
2.39143
0.733063
2.34849
0.833653
2.24535
2.18547
0.935481
1.03791
2.05007
1.97503
1.14034
1.8117
1.24217
1.72406
1.63294
1.53873
1.34286
1.44188
1.34286
1.24217
1.53873
1.03791
1.63294
3.37502e-32
3.37502e-32
2.02533e-32
0.0617527
0.0617527
2.02533e-32
0.20714
0.131079
0.131079
0.20714
0.37625
0.289127
0.37625
0.289127
0.467747
0.562873
0.467747
0.562873
0.660913
0.761169
0.862975
0.96568
0.660913
0.761169
1.17133
1.06867
0.96568
0.862975
1.37347
1.27312
1.17133
1.06867
1.56787
1.47188
1.37347
1.27312
1.47188
1.56787
1.75077
1.66097
1.75077
1.66097
1.91892
1.83687
1.91892
1.83687
2.06953
1.99657
2.13753
2.20034
2.30953
2.25773
1.99657
2.06953
2.35558
2.39575
2.20034
2.13753
2.25773
2.30953
2.39575
2.35558
2.45798
2.42991
2.49556
2.47988
2.50499
2.50813
2.42991
2.45798
2.49556
2.50499
2.47988
1.77513
0.586429
1.85962
0.489142
0.395105
0.305046
1.93987
0.219718
2.01555
0.139897
0.0663834
2.08638
2.1521
0.0663834
2.2125
0.78795
2.26736
0.139897
2.31653
2.35984
2.39718
1.20053
1.30215
0.219718
2.42845
0.305046
2.45356
2.47245
2.48506
0.395105
1.77513
2.49138
0.489142
1.93987
2.01555
2.49138
2.48506
2.47245
0.586429
2.2125
2.45356
0.686259
2.42845
2.39718
2.35984
0.78795
2.31653
0.890844
2.26736
2.1521
0.994307
2.08638
1.09773
1.85962
1.20053
1.30215
1.68674
1.59482
1.49978
1.40207
1.40207
1.49978
1.09773
1.59482
0.994307
1.68674
0.890844
0.686259
4.00877e-32
4.00877e-32
2.35893e-32
0.0708499
0.0708499
2.35893e-32
0.148393
0.231816
0.148393
0.231816
0.41318
0.320334
0.320334
0.41318
0.509617
0.608925
0.509617
0.608925
0.813407
0.710412
1.02136
0.917265
0.710412
0.813407
1.12511
1.22793
0.917265
1.02136
1.32929
1.42867
1.12511
1.22793
1.52559
1.61958
1.42867
1.32929
1.52559
1.61958
1.79714
1.71023
1.79714
1.71023
1.95833
1.87996
1.87996
1.95833
2.10062
2.03198
2.22195
2.16401
2.27424
2.32072
2.03198
2.10062
2.39575
2.36126
2.22195
2.16401
2.27424
2.32072
2.39575
2.36126
2.44619
2.42408
2.47154
2.46203
2.47472
2.47154
2.42408
2.46203
2.44619
1.89788
0.33499
0.243435
1.97432
0.156564
0.0751525
2.04587
2.11226
0.0751525
0.430478
0.52917
2.17327
2.22869
0.733371
2.27836
0.156564
2.32212
2.35984
0.243435
2.39143
2.4168
0.33499
2.43588
2.44862
0.430478
1.5493
2.45501
1.64217
2.45501
0.52917
2.44862
2.43588
0.630362
1.97432
2.04587
2.4168
2.39143
0.733371
2.35984
2.32212
0.837541
2.27836
2.22869
0.942239
2.17327
2.11226
1.04686
1.15081
1.89788
1.81682
1.25354
1.73147
1.35453
1.45328
1.45328
1.35453
1.25354
1.5493
1.15081
1.04686
1.64217
0.942239
0.837541
1.73147
0.630362
1.81682
4.5999e-32
4.5999e-32
2.66928e-32
0.0792909
0.0792909
2.66928e-32
0.254574
0.164412
0.164412
0.254574
0.349016
0.446998
0.446998
0.349016
0.65074
0.547804
0.547804
0.65074
0.755139
0.860354
0.965768
1.07078
0.755139
0.860354
1.27737
1.17483
1.07078
0.965768
1.37788
1.47589
1.17483
1.27737
1.57093
1.66258
1.37788
1.47589
1.66258
1.57093
1.83417
1.75045
1.75045
1.83417
1.9134
1.98784
1.98784
1.9134
2.12131
2.05723
2.23274
2.17988
2.32072
2.27973
2.12131
2.05723
2.35558
2.38423
2.23274
2.17988
2.27973
2.32072
2.38423
2.35558
2.40659
2.4226
2.43543
2.43222
2.43222
2.4226
2.40659
0.171935
0.0832656
1.9989
2.06606
0.0832656
2.12777
0.265234
2.18384
2.23409
0.462741
0.171935
2.27836
2.31653
0.775716
2.34849
0.265234
2.37415
0.362412
2.39346
2.40636
2.41281
1.29941
0.462741
2.41281
0.565517
1.59049
2.40636
2.39346
2.37415
0.670061
1.84919
2.34849
0.775716
2.31653
2.27836
2.23409
0.881849
2.18384
0.987853
2.12777
2.06606
1.9989
1.09315
1.92652
1.19717
1.76718
1.68084
1.29941
1.39935
1.49652
1.39935
1.49652
1.19717
1.59049
1.09315
0.987853
0.881849
1.68084
1.76718
0.670061
0.565517
1.84919
0.362412
1.92652
5.14842e-32
5.14842e-32
2.95639e-32
0.0870762
0.0870762
2.95639e-32
0.179136
0.275415
0.179136
0.275415
0.477707
0.375178
0.477707
0.375178
0.688326
0.582313
0.582313
0.688326
0.795104
0.902026
1.11395
1.0085
0.795104
0.902026
1.31967
1.21785
1.0085
1.11395
1.41893
1.51517
1.21785
1.31967
1.60797
1.69693
1.41893
1.51517
1.60797
1.69693
1.86188
1.78168
1.86188
1.78168
2.00749
1.93725
2.00749
1.93725
2.07236
2.13165
2.23274
2.18516
2.30953
2.27424
2.13165
2.07236
2.33854
2.36118
2.23274
2.18516
2.27424
2.30953
2.36118
2.33854
2.38713
2.37739
2.38713
2.39038
2.37739
2.01362
2.07614
0.0907231
0.0907231
2.13294
2.18384
0.186013
2.22869
2.26736
0.491898
0.598191
2.29974
0.285118
2.32575
0.387315
2.34531
2.35838
2.36492
1.1332
0.491898
2.36492
1.33815
1.43663
0.598191
2.35838
2.34531
2.32575
1.71086
0.705537
2.29974
0.813305
2.26736
2.22869
2.01362
2.18384
0.920888
2.13294
1.02771
2.07614
1.94559
1.1332
1.87227
1.23685
1.79393
1.62338
1.33815
1.53184
1.43663
1.23685
1.53184
1.62338
1.02771
0.920888
0.813305
1.71086
0.705537
1.79393
0.387315
1.87227
0.285118
1.94559
0.186013
5.65433e-32
5.65433e-32
3.22026e-32
0.0942062
3.22026e-32
0.0942062
0.294343
0.192567
0.192567
0.294343
0.505314
0.398823
0.505314
0.398823
0.613153
0.721694
0.613153
0.721694
0.938438
0.830321
1.1509
1.04548
0.830321
0.938438
1.35486
1.25419
1.1509
1.04548
1.54654
1.45246
1.25419
1.35486
1.72264
1.63673
1.45246
1.54654
1.72264
1.63673
1.80395
1.88034
1.80395
1.88034
2.0173
1.95154
2.0173
1.95154
2.0774
2.13165
2.22195
2.17988
2.25773
2.28714
2.0774
2.13165
2.32653
2.31009
2.17988
2.22195
2.25773
2.28714
2.32653
2.31009
2.3397
2.33641
2.33641
0.0975258
2.07614
2.12777
2.17327
0.198798
2.2125
2.24535
0.30309
2.27173
2.29157
0.409703
2.30483
2.31147
0.846152
0.517957
0.954677
2.31147
2.30483
0.6272
2.29157
2.27173
1.3698
1.46641
0.7368
2.24535
2.2125
0.846152
2.17327
2.12777
0.954677
2.07614
2.01853
1.06182
1.95511
1.8861
1.16705
1.81174
1.73228
1.26987
1.64802
1.55928
1.3698
1.46641
1.26987
1.16705
1.55928
1.06182
1.64802
0.7368
1.73228
0.6272
0.517957
1.81174
0.409703
0.30309
1.8861
0.198798
0.0975258
1.95511
2.01853
6.11768e-32
6.11768e-32
3.46093e-32
0.100682
0.100682
3.46093e-32
0.204707
0.31136
0.204707
0.31136
0.419956
0.529826
0.529826
0.419956
0.750855
0.640333
0.750855
0.640333
0.969607
0.860803
1.18165
1.07673
0.860803
0.969607
1.38298
1.28389
1.18165
1.07673
1.4785
1.57004
1.38298
1.28389
1.65725
1.73977
1.4785
1.57004
1.65725
1.73977
1.8173
1.88956
1.8173
1.88956
2.0173
1.9563
2.0173
1.9563
2.12131
2.07236
2.16401
2.20034
2.25349
2.23019
2.07236
2.12131
2.27017
2.2802
2.16401
2.20034
2.23019
2.25349
2.27017
2.28355
2.2802
2.11226
0.210293
2.1521
2.18546
2.21226
0.319154
2.23242
0.429582
2.24588
0.540924
2.25263
2.25263
0.540924
0.874273
2.24588
0.652552
2.23242
2.21226
1.19471
2.18546
0.763862
2.1521
0.874273
2.11226
2.06606
1.66442
2.01362
0.983231
1.95511
1.09021
1.89071
1.82064
1.74512
1.19471
1.29625
1.57885
1.48872
1.39439
1.39439
1.29625
1.48872
1.09021
0.983231
1.57885
1.66442
0.763862
0.652552
1.74512
0.429582
1.82064
0.319154
0.210293
0.103675
1.89071
1.95511
0.103675
2.01362
2.06606
6.53852e-32
6.53852e-32
3.67843e-32
0.106504
0.106504
3.67843e-32
0.326471
0.215557
0.215557
0.326471
0.551251
0.438583
0.438583
0.551251
0.663862
0.775821
0.663862
0.775821
0.886565
0.99555
1.20622
1.10226
0.886565
0.99555
1.40404
1.30695
1.20622
1.10226
1.58569
1.49708
1.30695
1.40404
1.74833
1.66955
1.58569
1.49708
1.74833
1.66955
1.82175
1.88956
1.82175
1.88956
1.95154
2.00749
1.95154
2.00749
2.05723
2.10062
2.13753
2.16787
2.2085
2.19155
2.05723
2.10062
2.22209
2.21869
2.16787
2.13753
2.2085
2.19155
2.21869
0.2205
2.08638
2.1203
2.14754
0.333312
2.16804
0.333312
0.446957
2.18173
0.560807
0.67426
2.18859
2.18859
0.560807
2.18173
1.00657
0.67426
2.16804
2.14754
2.1203
0.786735
1.41193
1.50358
2.08638
0.89768
2.04587
1.99889
1.94559
1.00657
1.8861
1.1129
1.82064
1.7494
1.67262
1.21619
1.59058
1.31601
1.31601
1.41193
1.21619
1.50358
1.1129
0.89768
1.59058
0.786735
1.67262
0.446957
1.7494
1.82064
0.2205
0.109171
1.8861
1.94559
0.109171
1.99889
2.04587
6.91692e-32
6.91692e-32
3.87279e-32
0.111674
0.111674
3.87279e-32
0.339679
0.225122
0.225122
0.339679
0.569595
0.454709
0.569595
0.454709
0.796604
0.68375
0.68375
0.796604
0.907621
1.01628
1.12211
1.22463
0.907621
1.01628
1.41807
1.32342
1.12211
1.22463
1.50822
1.59352
1.32342
1.41807
1.67365
1.74833
1.59352
1.50822
1.74833
1.67365
1.8173
1.88034
1.88034
1.8173
1.93725
1.98784
1.98784
1.93725
2.03198
2.06953
2.10039
2.12448
2.14173
2.15209
2.03198
2.06953
2.15209
2.15555
2.12448
2.10039
2.14173
2.0778
0.345571
2.09866
0.114015
2.1126
0.461836
2.11957
2.11957
0.577615
0.577615
0.692331
2.1126
2.09866
0.692331
2.0778
2.05007
0.805431
2.01555
1.97432
0.916388
1.92652
1.42245
1.87227
1.0247
1.81174
1.74512
1.1299
1.67262
1.59449
1.23153
1.511
1.32918
1.32918
1.23153
1.42245
1.1299
1.0247
1.511
0.916388
0.805431
1.59449
1.67262
0.461836
0.345571
1.74512
0.229422
1.81174
1.87227
0.114015
2.05007
1.92652
1.97432
2.01555
0.229422
7.25295e-32
7.25295e-32
4.04406e-32
0.116194
0.116194
4.04406e-32
0.233403
0.350989
0.233403
0.350989
0.584867
0.468341
0.468341
0.584867
0.813215
0.700006
0.700006
0.813215
1.03182
0.923983
1.23689
1.13627
0.923983
1.03182
1.33329
1.42508
1.23689
1.13627
1.51193
1.59352
1.42508
1.33329
1.66955
1.73977
1.59352
1.51193
1.66955
1.73977
1.86188
1.80395
1.86188
1.80395
1.9134
1.95833
1.95833
1.9134
2.02799
1.99657
2.07008
2.05251
2.08416
2.08064
2.02799
1.99657
2.08064
2.05251
2.07008
0.355934
2.03872
0.474223
2.04583
2.04583
2.03872
0.355934
0.591354
2.02453
0.706775
2.00328
1.97503
1.93987
0.930407
0.81996
1.89788
0.930407
1.84919
1.24072
1.79393
1.73228
1.42596
1.03764
1.66442
1.14122
1.59058
1.511
1.24072
1.33576
1.33576
1.14122
1.03764
1.42596
1.511
0.81996
0.706775
0.591354
1.59058
0.474223
1.66442
0.237063
0.11821
1.73228
1.79393
0.11821
2.02453
1.84919
1.89788
1.93987
0.237063
1.97503
2.00328
7.54672e-32
7.54672e-32
4.19231e-32
0.120064
0.120064
4.19231e-32
0.360406
0.240404
0.240404
0.360406
0.597075
0.479485
0.597075
0.479485
0.825664
0.71264
0.71264
0.825664
1.04217
0.935662
1.24302
1.14476
0.935662
1.04217
1.42508
1.33658
1.14476
1.24302
1.58569
1.50822
1.42508
1.33658
1.72264
1.65725
1.50822
1.58569
1.65725
1.72264
1.78168
1.83417
1.78168
1.83417
1.87996
1.91892
1.87996
1.91892
1.95094
1.97593
1.99383
2.00458
2.00817
2.00458
1.97593
1.95094
1.99383
0.484125
1.96765
1.96765
0.121756
1.9604
0.602032
1.94593
0.7176
1.92427
0.602032
0.7176
1.89547
1.85962
0.830331
1.81682
0.939748
1.76718
1.71086
1.24379
1.64802
1.0454
1.57885
1.14688
1.50358
1.42245
1.33576
1.24379
1.33576
1.14688
1.0454
0.939748
1.42245
0.830331
1.50358
0.484125
1.57885
0.364406
1.64802
0.243424
1.71086
1.76718
0.121756
1.9604
1.81682
1.85962
0.243424
1.89547
1.92427
1.94593
0.364406
7.79832e-32
7.79832e-32
4.31756e-32
0.123286
0.123286
4.31756e-32
0.246127
0.367933
0.246127
0.367933
0.606224
0.488146
0.606224
0.488146
0.833959
0.721659
0.721659
0.833959
0.942666
1.04734
1.24302
1.14759
1.04734
0.942666
1.33329
1.41807
1.14759
1.24302
1.57004
1.49708
1.41807
1.33329
1.69693
1.63673
1.57004
1.49708
1.63673
1.69693
1.75045
1.79714
1.75045
1.79714
1.86953
1.83687
1.86953
1.83687
1.89501
1.91327
1.92424
1.9279
1.92424
1.89501
1.91327
1.87794
0.609654
1.86317
1.84107
0.724814
1.8117
1.77513
0.83655
1.73147
0.609654
1.68084
0.944416
1.62338
0.944416
1.55928
1.04799
1.04799
1.48872
1.41193
1.14688
1.32918
1.24072
1.24072
1.14688
1.32918
0.83655
1.41193
0.724814
1.48872
0.491547
0.37099
1.55928
0.24851
0.124655
1.62338
1.68084
0.124655
1.88533
1.73147
1.88533
1.77513
1.8117
0.24851
1.84107
1.86317
0.37099
1.87794
0.491547
8.00784e-32
8.00784e-32
4.41988e-32
0.125863
0.125863
4.41988e-32
0.373576
0.250576
0.373576
0.250576
0.494329
0.612321
0.612321
0.494329
0.838105
0.727068
0.727068
0.838105
0.945001
1.04734
1.14476
1.23689
1.04734
0.945001
1.40404
1.32342
1.23689
1.14476
1.4785
1.54654
1.40404
1.32342
1.66258
1.60797
1.54654
1.4785
1.60797
1.66258
1.71023
1.75077
1.75077
1.71023
1.78409
1.8101
1.8101
1.78409
1.82873
1.83992
1.84366
1.83992
1.82873
0.614226
1.75404
0.728419
1.72406
1.68674
1.64217
0.375691
0.838623
1.59049
0.614226
0.944416
1.53184
1.46641
1.39439
1.0454
1.31601
1.14122
1.23153
1.14122
1.0454
1.23153
0.944416
1.31601
0.838623
0.728419
1.39439
0.496492
1.46641
0.252322
0.126909
1.53184
1.59049
0.126909
1.7766
1.64217
1.68674
1.72406
1.79922
0.252322
1.75404
1.7766
1.79167
0.375691
0.496492
1.79922
1.79167
8.17537e-32
8.17537e-32
4.49932e-32
0.127794
0.127794
4.49932e-32
0.377335
0.253751
0.253751
0.377335
0.615368
0.498037
0.498037
0.615368
0.838105
0.72887
0.72887
0.838105
1.04217
0.942666
1.22463
1.13627
1.04217
0.942666
1.38298
1.30695
1.22463
1.13627
1.51517
1.45246
1.38298
1.30695
1.57093
1.61958
1.45246
1.51517
1.57093
1.61958
1.69499
1.66097
1.69499
1.66097
1.72155
1.74057
1.74057
1.72155
1.752
1.75581
1.752
0.728419
1.63294
1.59482
1.5493
0.83655
1.49652
0.37851
0.939748
1.43663
0.61575
1.3698
1.29625
1.03764
1.21619
1.1299
1.1299
1.03764
0.939748
1.21619
0.83655
1.29625
0.728419
0.498964
1.3698
1.43663
0.254862
0.128517
1.49652
1.5493
0.128517
1.66356
1.59482
1.63294
1.70199
1.70969
0.254862
1.66356
1.68659
1.70199
0.37851
1.70969
0.498964
1.68659
0.61575
8.30099e-32
8.30099e-32
4.5559e-32
0.12908
0.12908
4.5559e-32
0.379215
0.255656
0.255656
0.379215
0.615368
0.499273
0.615368
0.499273
0.833959
0.727068
0.727068
0.833959
0.935662
1.03182
1.12211
1.20622
0.935662
1.03182
1.28389
1.35486
1.20622
1.12211
1.41893
1.47589
1.35486
1.28389
1.56787
1.52559
1.47589
1.41893
1.52559
1.56787
1.62975
1.60262
1.60262
1.62975
1.66085
1.64918
1.64918
1.66085
1.66475
1.45328
0.83033
1.39935
0.129482
1.33815
0.930407
1.26987
1.1947
1.0247
0.614226
0.724814
1.1129
1.0247
1.1129
0.930407
0.83033
1.1947
1.26987
0.498964
0.37945
1.33815
0.256132
1.39935
1.45328
0.129482
1.49978
1.49978
1.53873
1.53873
1.57002
0.256132
1.59356
1.60928
0.37945
1.61716
1.61716
0.498964
1.60928
1.59356
0.614226
1.57002
0.724814
8.38476e-32
8.38476e-32
4.58965e-32
0.129723
0.129723
4.58965e-32
0.256291
0.379215
0.256291
0.379215
0.612321
0.498037
0.498037
0.612321
0.825664
0.721659
0.721659
0.825664
0.923983
1.01628
1.18165
1.10226
1.01628
0.923983
1.31967
1.25419
1.18165
1.10226
1.42867
1.37788
1.31967
1.25419
1.5074
1.47188
1.42867
1.37788
1.47188
1.5074
1.55498
1.53512
1.55498
1.53512
1.56691
1.56691
1.57089
0.81996
1.23685
0.916388
1.16705
1.09021
1.00657
0.37851
1.00657
0.916388
1.09021
0.81996
0.7176
0.609654
1.16705
0.496492
1.23685
0.256132
0.129804
1.29941
1.35453
0.129804
1.29941
1.40207
1.44188
1.47386
1.44188
0.256132
1.49792
1.514
1.52205
0.37851
1.52205
0.496492
1.514
1.49792
1.47386
0.609654
0.7176
1.40207
1.35453
8.42672e-32
8.42672e-32
4.6006e-32
0.129723
0.129723
4.6006e-32
0.377335
0.255656
0.255656
0.377335
0.606224
0.494329
0.494329
0.606224
0.71264
0.813215
0.813215
0.71264
0.907621
0.99555
1.07673
1.1509
0.907621
0.99555
1.21785
1.27737
1.07673
1.1509
1.37347
1.32929
1.21785
1.27737
1.40978
1.43812
1.37347
1.32929
1.40978
1.43812
1.47062
1.45842
1.47062
1.45842
1.47469
0.89768
1.06182
0.983231
0.129482
0.89768
0.983231
0.805431
1.06182
0.706775
0.602032
0.491547
1.1332
0.375691
1.19717
0.254862
1.25354
1.30215
0.129482
1.1332
1.34286
1.37557
1.25354
1.30215
0.254862
1.40017
1.41661
1.42484
1.40017
0.375691
1.42484
0.491547
1.41661
1.37557
0.602032
1.34286
0.706775
1.19717
0.805431
8.42691e-32
8.42691e-32
4.58875e-32
0.12908
0.12908
4.58875e-32
0.373576
0.253751
0.253751
0.373576
0.488146
0.597075
0.597075
0.488146
0.700006
0.796604
0.700006
0.796604
0.886565
0.969607
1.11395
1.04548
0.969607
0.886565
1.17483
1.22793
1.11395
1.04548
1.27312
1.31025
1.17483
1.22793
1.33924
1.36
1.27312
1.31025
1.33924
1.36
1.37664
1.37247
1.37247
0.786735
0.954677
0.692331
0.591354
1.02771
0.484125
0.37099
1.09315
0.252322
0.128517
1.15081
1.20053
0.128517
0.874273
1.24217
0.954677
1.27562
1.30079
0.252322
1.3176
1.32602
1.20053
1.24217
0.37099
1.32602
1.3176
0.484125
1.30079
1.27562
0.591354
0.692331
1.15081
1.09315
0.786735
1.02771
0.874273
8.38531e-32
8.38531e-32
4.55409e-32
0.127794
0.127794
4.55409e-32
0.250576
0.367933
0.250576
0.367933
0.584867
0.479485
0.584867
0.479485
0.68375
0.775821
0.68375
0.775821
0.860803
0.938438
1.07078
1.0085
0.938438
0.860803
1.17133
1.12511
1.07078
1.0085
1.23897
1.20932
1.17133
1.12511
1.27298
1.26021
1.20932
1.23897
1.27298
1.26021
1.27723
0.920888
0.474223
0.987853
0.364406
0.24851
0.126909
1.04686
1.09773
0.126909
0.577615
1.14034
1.17456
1.20031
0.846152
0.24851
1.21751
1.22612
1.22612
1.04686
0.364406
1.21751
0.474223
1.20031
1.17456
1.14034
0.577615
1.09773
0.67426
0.987853
0.920888
0.763862
0.846152
0.763862
0.67426
8.30191e-32
8.30191e-32
4.49661e-32
0.125863
0.125863
4.49661e-32
0.360406
0.246127
0.246127
0.360406
0.468341
0.569595
0.569595
0.468341
0.663862
0.750855
0.750855
0.663862
0.902026
0.830321
0.965768
1.02136
0.902026
0.830321
1.10754
1.06867
1.02136
0.965768
1.13788
1.15961
1.10754
1.06867
1.17703
1.17267
1.15961
1.13788
1.17267
0.942238
0.243424
0.124655
0.994307
1.03791
0.124655
0.355934
1.07293
1.09928
0.560807
0.652552
0.243424
1.11689
1.1257
1.1257
0.881849
0.355934
1.11689
0.461836
1.09928
1.07293
1.03791
0.560807
0.994307
0.652552
0.942238
0.813305
0.7368
0.7368
0.813305
0.461836
0.881849
8.17666e-32
8.17666e-32
4.41627e-32
0.123286
0.123286
4.41627e-32
0.240404
0.350989
0.240404
0.350989
0.551251
0.454709
0.551251
0.454709
0.721694
0.640333
0.721694
0.640333
0.860354
0.795104
0.917265
0.965679
0.860354
0.795104
1.00547
1.03652
0.917265
0.965679
1.05876
1.07213
1.03652
1.00547
1.07659
1.07213
1.05876
0.935481
0.121756
0.971332
0.121756
0.998302
1.01632
0.237063
1.02534
1.02534
0.540924
0.627199
0.345571
1.01632
0.775715
0.998302
0.446957
0.971332
0.935481
0.540924
0.890844
0.837541
0.627199
0.705537
0.705537
0.775715
0.446957
0.345571
0.837541
0.237063
0.890844
8.0095e-32
8.0095e-32
4.31304e-32
0.120064
4.31304e-32
0.120064
0.339679
0.233403
0.233403
0.339679
0.438583
0.529826
0.438583
0.529826
0.688326
0.613153
0.613153
0.688326
0.755139
0.813407
0.862975
0.903707
0.813407
0.755139
0.935501
0.958268
0.903707
0.862975
0.976518
0.971953
0.958268
0.935501
0.971953
0.11821
0.870359
0.897972
0.91642
0.229422
0.925656
0.333312
0.925656
0.91642
0.333312
0.897972
0.429582
0.870359
0.833653
0.78795
0.517957
0.733371
0.598191
0.670061
0.598191
0.517957
0.670061
0.429582
0.733371
0.229422
0.11821
0.78795
0.833653
7.80035e-32
7.80035e-32
4.18688e-32
0.116194
0.116194
4.18688e-32
0.326471
0.225122
0.225122
0.326471
0.505314
0.419956
0.419956
0.505314
0.65074
0.582313
0.65074
0.582313
0.761169
0.710412
0.835432
0.80288
0.710412
0.761169
0.858745
0.872756
0.835432
0.80288
0.877431
0.858745
0.872756
0.817818
0.2205
0.827275
0.114015
0.827275
0.817818
0.319154
0.798927
0.409703
0.491898
0.565517
0.770651
0.733063
0.686259
0.491898
0.630361
0.565517
0.409703
0.630361
0.319154
0.686259
0.2205
0.733063
0.770651
0.114015
0.798927
7.54913e-32
7.54913e-32
4.03773e-32
0.111674
0.111674
4.03773e-32
0.31136
0.215557
0.215557
0.31136
0.398823
0.477707
0.398823
0.477707
0.547804
0.608925
0.608925
0.547804
0.70363
0.660913
0.736969
0.760842
0.660913
0.70363
0.775191
0.779977
0.760842
0.736969
0.775191
0.210293
0.730861
0.721176
0.30309
0.701828
0.672869
0.387314
0.634369
0.586429
0.462741
0.52917
0.462741
0.52917
0.387314
0.30309
0.586429
0.210293
0.109171
0.634369
0.672869
0.109171
0.701828
0.721176
0.730861
7.25573e-32
7.25573e-32
3.86554e-32
0.106504
0.106504
3.86554e-32
0.294343
0.204707
0.204707
0.294343
0.375178
0.446997
0.375178
0.446997
0.509617
0.562873
0.509617
0.562873
0.606631
0.640779
0.679928
0.665232
0.640779
0.606631
0.679928
0.684831
0.665232
0.627178
0.60736
0.285118
0.577695
0.362412
0.538256
0.285118
0.489142
0.430478
0.430478
0.362412
0.489142
0.198798
0.103675
0.538256
0.577695
0.103675
0.60736
0.637099
0.627178
0.637099
0.198798
6.92007e-32
6.92007e-32
0.100682
3.67026e-32
0.100682
3.67026e-32
0.275415
0.192567
0.192567
0.275415
0.41318
0.349016
0.41318
0.349016
0.467747
0.512577
0.467747
0.512577
0.572611
0.547561
0.592688
0.587667
0.547561
0.587667
0.572611
0.265234
0.485836
0.33499
0.445428
0.395104
0.33499
0.395104
0.265234
0.445428
0.186013
0.0975258
0.485836
0.516229
0.0975258
0.536533
0.536533
0.546697
0.186013
0.546697
0.516229
6.54205e-32
6.54205e-32
3.45185e-32
0.0942062
0.0942062
3.45185e-32
0.254574
0.179136
0.179136
0.254574
0.37625
0.320334
0.320334
0.37625
0.422188
0.458033
0.458033
0.422188
0.4837
0.499124
0.50427
0.499124
0.4837
0.305045
0.305045
0.243435
0.356617
0.171935
0.0907231
0.398025
0.429168
0.0907231
0.356617
0.398025
0.449972
0.460386
0.460386
0.171935
0.449972
0.429168
0.243435
6.12158e-32
6.12158e-32
3.21027e-32
0.0870762
0.0870762
3.21027e-32
0.231816
0.164412
0.231816
0.164412
0.336205
0.289127
0.336205
0.289127
0.39924
0.372939
0.372939
0.39924
0.415046
0.420318
0.415046
0.156564
0.0832656
0.315014
0.34693
0.0832656
0.36825
0.219718
0.378922
0.378922
0.315014
0.156564
0.36825
0.34693
0.219718
0.272576
0.272576
5.65861e-32
5.65861e-32
2.94547e-32
0.0792909
0.0792909
2.94547e-32
0.148393
0.20714
0.148393
0.20714
0.293044
0.255395
0.293044
0.255395
0.336197
0.319999
0.319999
0.341601
0.336197
0.270294
0.292145
0.0751525
0.0751525
0.303082
0.303082
0.139897
0.292145
0.270294
0.237582
0.194082
0.194082
0.237582
0.139897
5.15307e-32
5.15307e-32
2.65745e-32
0.0708498
2.65745e-32
0.0708498
0.131079
0.180545
0.131079
0.180545
0.246765
0.219137
0.246765
0.219137
0.268906
0.263369
0.263369
0.0663834
0.23367
0.23367
0.222458
0.121935
0.200061
0.166528
0.166528
0.121935
0.0663834
0.200061
0.222458
4.60493e-32
4.60493e-32
2.34618e-32
0.0617527
0.0617527
2.34618e-32
0.152031
0.112469
0.112469
0.152031
0.180354
0.197372
0.180354
0.197372
0.20305
0.160015
0.102677
0.137055
0.102677
0.0569582
0.137055
0.160015
0.0569582
0.171508
0.171508
4.01418e-32
4.01418e-32
2.01165e-32
0.0519995
0.0519995
2.01165e-32
0.121599
0.0925628
0.0925628
0.121599
0.139047
0.139047
0.144866
0.0821238
0.0821238
0.046877
0.105664
0.117447
0.046877
0.117447
0.105664
3.3808e-32
3.3808e-32
1.65388e-32
0.0415904
1.65388e-32
0.0415904
0.0713622
0.0892495
0.0713622
0.0892495
0.0952171
0.0723567
0.0361401
0.0723567
0.0602761
0.0361401
0.0602761
2.70482e-32
2.70482e-32
0.0305257
1.27287e-32
0.0305257
1.27287e-32
0.0488676
0.0488676
0.0549847
0.0247479
0.0371348
0.0247479
0.0371348
1.98625e-32
1.98625e-32
8.68642e-33
0.0188061
0.0188061
8.68642e-33
0.02508
0.0127009
0.0127009
1.22514e-32
1.22514e-32
4.41208e-33
4.41208e-33
0.00643198
1.82239e-35
4.21509e-33
4.21509e-33
