1.85544e-35
4.29152e-33
4.29152e-33
4.49201e-33
1.24733e-32
0.0065486
0.0129311
4.49201e-33
1.24733e-32
0.0129311
8.84372e-33
0.025196
2.02221e-32
0.0191468
0.0255346
0.0378072
0.0378072
0.0191468
0.025196
2.02221e-32
8.84372e-33
1.29591e-32
0.0367939
2.75373e-32
0.0310783
0.0613667
0.0736659
0.0497525
0.0559801
1.29591e-32
0.0367939
0.0497525
0.0736659
0.0613667
0.0310783
2.75373e-32
1.68378e-32
0.0423425
0.0477242
3.44187e-32
0.0726532
0.0836083
0.107574
0.0908637
0.11957
0.0969397
0.11957
0.0908637
0.0423425
3.44187e-32
0.0477242
1.68378e-32
0.0836083
0.0726532
0.107574
2.04798e-32
4.0866e-32
0.0529388
0.0579865
0.0942355
0.104531
0.13953
0.123796
0.0579865
4.0866e-32
0.0529388
2.04798e-32
0.174606
0.147484
0.162905
0.14156
0.14156
0.13953
0.162905
0.0942355
0.174606
0.123796
0.104531
2.38849e-32
0.0675803
4.68791e-32
0.0628669
0.114498
0.124134
0.169532
0.154775
0.200935
0.18361
0.20367
0.226472
4.68791e-32
0.0675803
0.0628669
2.38849e-32
0.114498
0.169532
0.124134
0.154775
0.206716
0.237886
0.200935
0.237886
0.20367
0.226472
0.18361
2.70531e-32
0.0765056
5.24579e-32
0.0721265
0.133441
0.142417
0.197578
0.183799
0.275165
0.251215
0.223089
0.241862
0.268118
0.297409
0.308544
0.273755
2.70531e-32
0.0765056
5.24579e-32
0.0721265
0.133441
0.142417
0.197578
0.183799
0.297409
0.275165
0.241862
0.308544
0.223089
0.268118
0.251215
2.99845e-32
0.0847626
5.76027e-32
0.0807176
0.151064
0.159379
0.22367
0.210868
0.27748
0.320682
0.29832
0.259994
0.325762
0.353173
0.374877
0.342251
0.0807176
2.99845e-32
0.0847626
5.76027e-32
0.347753
0.385741
0.385741
0.342251
0.159379
0.22367
0.151064
0.210868
0.29832
0.353173
0.374877
0.27748
0.259994
0.325762
0.320682
3.26792e-32
0.0923518
6.23139e-32
0.0886406
0.235983
0.167367
0.175023
0.247807
0.310525
0.363024
0.34225
0.294325
0.379646
0.405177
0.43688
0.406419
0.422511
0.458058
0.468659
0.427877
6.23139e-32
0.0886406
3.26792e-32
0.0923518
0.247807
0.175023
0.235983
0.167367
0.468659
0.458058
0.422511
0.406419
0.34225
0.294325
0.310525
0.363024
0.405177
0.43688
0.379646
3.51375e-32
0.0992739
6.65921e-32
0.0958961
0.182351
0.26999
0.259142
0.189348
0.0958961
0.0992739
6.65921e-32
3.51375e-32
0.340998
0.402192
0.383005
0.326084
0.429769
0.494552
0.466257
0.453419
0.508086
0.525491
0.546159
0.492386
0.556505
0.513326
0.508086
0.556505
0.189348
0.26999
0.259142
0.182351
0.402192
0.340998
0.383005
0.326084
0.546159
0.525491
0.453419
0.492386
0.494552
0.429769
0.466257
3.73598e-32
0.10553
7.04381e-32
0.102485
0.196017
0.202356
0.290223
0.28035
0.102485
0.10553
7.04381e-32
3.73598e-32
0.368901
0.438186
0.420585
0.355271
0.202356
0.28035
0.290223
0.196017
0.476131
0.497902
0.521765
0.547895
0.582875
0.58804
0.618237
0.557377
0.648509
0.603313
0.63841
0.598201
0.598201
0.648509
0.63841
0.582875
0.355271
0.438186
0.368901
0.420585
0.618237
0.521765
0.547895
0.497902
0.476131
0.557377
0.58804
3.93465e-32
0.108409
0.111121
7.38528e-32
0.208368
0.214051
0.308508
0.299608
0.394238
0.471012
0.454995
0.38189
0.108409
0.111121
7.38528e-32
3.93465e-32
0.308508
0.214051
0.299608
0.208368
0.518735
0.538629
0.596912
0.572944
0.394238
0.454995
0.38189
0.471012
0.617485
0.645709
0.684896
0.652244
0.677135
0.692093
0.714373
0.734066
0.743924
0.692093
0.697085
0.743924
0.677135
0.714373
0.734066
0.652244
0.538629
0.645709
0.572944
0.518735
0.684896
0.617485
0.596912
4.10981e-32
7.68373e-32
0.113668
0.11605
0.219407
0.224434
0.324849
0.316921
0.417014
0.500676
0.486239
0.405946
0.113668
0.11605
7.68373e-32
4.10981e-32
0.557587
0.575608
0.641608
0.619799
0.324849
0.224434
0.316921
0.219407
0.486239
0.500676
0.417014
0.405946
0.698502
0.672715
0.746139
0.716194
0.575608
0.557587
0.619799
0.641608
0.774426
0.750128
0.813176
0.784397
0.789031
0.832403
0.793903
0.842028
0.842028
0.774426
0.789031
0.832403
0.750128
0.716194
0.672715
0.784397
0.698502
0.746139
0.813176
4.26152e-32
0.120316
7.93925e-32
0.118265
0.229136
0.23351
0.339251
0.332292
0.437235
0.527183
0.427444
0.514323
0.592694
0.608845
0.681993
0.662338
0.118265
0.120316
7.93925e-32
4.26152e-32
0.23351
0.339251
0.332292
0.229136
0.801976
0.746428
0.723073
0.774733
0.527183
0.437235
0.514323
0.427444
0.662338
0.592694
0.608845
0.681993
0.885846
0.850315
0.817185
0.84849
0.723073
0.801976
0.746428
0.774733
0.888302
0.874043
0.932723
0.913948
0.942123
0.89306
0.888302
0.942123
0.850315
0.885846
0.84849
0.874043
0.932723
0.913948
0.817185
4.38984e-32
0.123923
8.15196e-32
0.122202
0.237559
0.241281
0.351719
0.345726
0.454908
0.44639
0.550544
0.539256
0.624064
0.63835
0.718076
0.700571
4.38984e-32
8.15196e-32
0.122202
0.123923
0.82787
0.76857
0.789498
0.852418
0.237559
0.241281
0.351719
0.345726
0.550544
0.454908
0.539256
0.44639
0.906663
0.952088
0.919769
0.878316
0.700571
0.718076
0.624064
0.63835
0.76857
0.789498
0.82787
0.852418
0.988571
1.01602
0.952125
0.975294
0.952088
0.906663
0.878316
0.919769
0.993866
0.989222
1.04353
1.03435
0.988571
1.04353
1.01602
1.03435
0.975294
0.989222
0.952125
4.49483e-32
0.126871
8.32195e-32
0.125479
0.244679
0.247751
0.362258
0.357229
0.462791
0.470039
0.570765
0.561046
0.651708
0.664134
0.749871
0.734509
0.125479
0.126871
8.32195e-32
4.49483e-32
0.87562
0.809218
0.827727
0.897479
0.244679
0.357229
0.362258
0.247751
1.01192
0.982802
0.958932
0.933535
0.470039
0.570765
0.561046
0.462791
0.734509
0.749871
0.664134
0.651708
1.05629
1.09192
1.05489
1.02329
0.897479
0.809218
0.827727
0.87562
1.01192
0.958932
0.933535
0.982802
1.09113
1.07752
1.11873
1.13665
1.05489
1.02329
1.09192
1.05629
1.14561
1.09567
1.09113
1.07752
1.13665
1.11873
1.14561
4.57653e-32
0.129163
8.44932e-32
0.128099
0.2505
0.252922
0.370873
0.366806
0.128099
0.129163
8.44932e-32
4.57653e-32
0.476655
0.482636
0.587857
0.579701
0.675635
0.686208
0.777391
0.764164
0.937178
0.917998
0.845031
0.861129
0.366806
0.2505
0.370873
0.252922
1.00532
1.03943
1.06535
0.98286
0.476655
0.587857
0.579701
0.482636
1.12711
1.11711
1.16046
1.08756
0.777391
0.686208
0.764164
0.675635
0.937178
0.861129
0.845031
0.917998
1.18009
1.19528
1.22148
1.15799
1.06535
1.00532
0.98286
1.03943
1.16046
1.12711
1.08756
1.11711
1.19338
1.19782
1.24774
1.23898
1.18009
1.15799
1.19528
1.22148
1.24774
1.19338
1.23898
4.63498e-32
0.130799
8.53412e-32
0.130063
0.255023
0.256799
0.377569
0.37446
0.487987
0.492705
0.601827
0.595231
0.130063
0.130799
8.53412e-32
4.63498e-32
0.37446
0.377569
0.255023
0.256799
0.695858
0.704583
0.800648
0.789551
0.889721
0.971532
0.955022
0.876027
1.04584
1.08968
1.11242
1.02631
0.487987
0.595231
0.601827
0.492705
1.17108
1.22166
1.19198
1.14495
0.695858
0.789551
0.704583
0.800648
1.26402
1.29805
1.23063
1.26079
0.955022
0.971532
0.889721
0.876027
1.04584
1.08968
1.02631
1.11242
1.29538
1.32365
1.34075
1.2824
1.19198
1.17108
1.22166
1.14495
1.23063
1.29805
1.26079
1.26402
1.29971
1.2824
1.34931
1.34931
1.29538
1.32365
1.34075
4.67022e-32
0.13178
8.57642e-32
0.131371
0.258252
0.259381
0.382348
0.380198
0.496793
0.500251
0.612684
0.607644
0.712388
0.810682
0.719269
0.819655
0.131371
0.13178
8.57642e-32
4.67022e-32
0.259381
0.380198
0.382348
0.258252
0.607644
0.612684
0.500251
0.496793
0.913518
1.00056
0.986711
0.902219
1.13357
1.15314
1.06391
1.08051
1.27555
1.24952
1.21821
1.1955
0.810682
0.712388
0.819655
0.719269
1.29548
1.325
1.3664
1.33325
0.902219
0.913518
0.986711
1.00056
1.36274
1.42469
1.38385
1.39966
1.15314
1.08051
1.13357
1.06391
1.27555
1.21821
1.24952
1.1955
1.44977
1.39654
1.4414
1.40078
1.29548
1.325
1.33325
1.3664
1.38385
1.36274
1.44977
1.4414
1.39966
1.39654
1.42469
4.68227e-32
0.132107
8.57623e-32
0.132025
0.260189
0.260672
0.385215
0.38402
0.50308
0.505279
0.620433
0.616946
0.132025
0.132107
8.57623e-32
4.68227e-32
0.725232
0.834425
0.827569
0.730275
0.932536
1.02428
1.01308
0.923624
0.38402
0.385215
0.260672
0.260189
0.616946
0.620433
0.505279
0.50308
0.725232
0.730275
0.827569
0.834425
1.17113
1.09567
1.18754
1.10937
1.32217
1.29977
1.25854
1.23923
1.35258
1.37823
1.42657
1.39751
1.01308
0.923624
0.932536
1.02428
1.46706
1.46326
1.49958
1.43444
1.09567
1.17113
1.18754
1.10937
1.49631
1.52405
1.54039
1.4839
1.29977
1.32217
1.25854
1.23923
1.42657
1.37823
1.39751
1.35258
1.54858
1.50045
1.49631
1.54858
1.46706
1.43444
1.54039
1.49958
1.46326
1.4839
1.52405
4.67114e-32
0.13178
8.53356e-32
0.132025
0.260835
0.260672
0.38617
0.385931
0.50685
0.507792
0.625081
0.623144
0.734401
0.737608
0.844968
0.840224
0.132025
0.13178
8.53356e-32
4.67114e-32
0.260672
0.385931
0.38617
0.260835
0.946786
1.04271
1.03416
0.940257
1.13243
1.21564
1.20238
1.12163
0.507792
0.50685
0.623144
0.625081
0.840224
0.734401
0.844968
0.737608
0.946786
0.940257
1.04271
1.03416
1.34275
1.36154
1.29209
1.27616
1.40196
1.42377
1.47861
1.4536
1.52589
1.49755
1.56549
1.53366
1.12163
1.20238
1.13243
1.21564
1.62123
1.5973
1.58203
1.56185
1.27616
1.29209
1.36154
1.34275
1.59417
1.63722
1.64522
1.59821
1.47861
1.4536
1.40196
1.42377
1.49755
1.52589
1.53366
1.56549
1.59417
1.58203
1.64522
1.63722
1.56185
1.5973
1.62123
4.63681e-32
0.130799
8.44838e-32
0.131371
0.260189
0.259381
0.385215
0.385931
0.626243
0.508107
0.507792
0.62663
0.131371
0.130799
8.44838e-32
4.63681e-32
0.739899
0.741273
0.85129
0.848656
0.95628
1.05587
1.04995
0.952128
0.259381
0.385931
0.385215
0.260189
0.626243
0.62663
0.508107
0.507792
1.14971
1.23748
1.22734
1.14179
1.3189
1.37852
1.30634
1.3937
0.848656
0.85129
0.741273
0.739899
1.04995
0.952128
0.95628
1.05587
1.23748
1.14971
1.14179
1.22734
1.44366
1.50158
1.52254
1.46165
1.55211
1.5762
1.62247
1.59509
1.65799
1.69234
1.63042
1.66121
1.30634
1.37852
1.3937
1.3189
1.67774
1.68961
1.71575
1.73139
1.44366
1.52254
1.50158
1.46165
1.73923
1.73923
1.69357
1.68961
1.5762
1.62247
1.55211
1.59509
1.73139
1.71575
1.66121
1.63042
1.69234
1.67774
1.65799
4.57928e-32
0.129163
8.32064e-32
0.130063
0.258252
0.256799
0.382348
0.38402
0.625081
0.626243
0.50685
0.505279
0.741732
0.741273
0.853397
0.85287
0.130063
0.129163
8.32064e-32
4.57928e-32
0.256799
0.38402
0.382348
0.258252
0.961025
1.06376
1.06047
0.959247
1.16122
1.25306
1.24605
1.15618
0.626243
0.625081
0.505279
0.50685
0.85287
0.741732
0.853397
0.741273
1.33898
1.41868
1.32978
1.40708
1.47772
1.54148
1.55842
1.4919
0.961025
0.959247
1.06376
1.06047
1.15618
1.24605
1.25306
1.16122
1.32978
1.40708
1.41868
1.33898
1.59817
1.64762
1.61803
1.67056
1.68969
1.75378
1.71585
1.72426
1.78425
1.75125
1.80717
1.77058
1.47772
1.54148
1.4919
1.55842
1.83015
1.78219
1.78607
1.82248
1.59817
1.61803
1.67056
1.64762
1.78219
1.83015
1.82248
1.77058
1.72426
1.71585
1.68969
1.75378
1.78425
1.75125
1.80717
4.4985e-32
0.126871
8.15027e-32
0.128099
0.255023
0.252922
0.377569
0.380198
0.500251
0.620433
0.623145
0.50308
0.128099
0.126871
8.15027e-32
4.4985e-32
0.739899
0.737608
0.85129
0.85287
0.961025
1.06638
0.961619
1.06573
0.252922
0.380198
0.377569
0.255023
0.623145
0.620433
0.50308
0.500251
1.16697
1.2624
1.25851
1.16481
1.42848
1.35235
1.4365
1.3465
0.737608
0.739899
0.85129
0.85287
0.961619
1.06573
1.06638
0.961025
1.50418
1.51456
1.57335
1.58628
1.63578
1.65143
1.70982
1.69129
1.16697
1.2624
1.16481
1.25851
1.4365
1.35235
1.3465
1.42848
1.58628
1.50418
1.57335
1.51456
1.73971
1.7809
1.76127
1.80563
1.87262
1.84279
1.84118
1.81476
1.87148
1.89507
1.91007
1.86011
1.63578
1.70982
1.65143
1.69129
1.87148
1.91758
1.87527
1.91758
1.80563
1.7809
1.73971
1.76127
1.86011
1.87262
1.84279
1.89507
1.91007
1.81476
1.84118
4.39444e-32
0.123923
7.93718e-32
0.125479
0.2505
0.374461
0.247751
0.370873
0.492705
0.612684
0.616946
0.496793
0.125479
0.123923
7.93718e-32
4.39444e-32
0.734401
0.730275
0.844968
0.848656
0.247751
0.374461
0.370873
0.2505
0.95628
0.959247
1.06376
1.06573
1.16697
1.26552
1.26474
1.16769
0.496793
0.616946
0.612684
0.492705
0.730275
0.848656
0.734401
0.844968
1.44273
1.35904
1.44718
1.35653
1.52965
1.52305
1.60616
1.59721
0.959247
1.06376
1.06573
0.95628
1.26474
1.26552
1.16697
1.16769
1.66499
1.74031
1.72616
1.67645
1.84795
1.78054
1.79753
1.82798
1.44718
1.35904
1.35653
1.44273
1.52305
1.59721
1.60616
1.52965
1.66499
1.67645
1.72616
1.74031
1.90151
1.86834
1.89143
1.92784
1.95708
1.97908
1.94593
1.92739
2.00113
1.96079
1.99377
1.95707
1.82798
1.79753
1.78054
1.84795
2.00113
1.95707
1.99377
1.94593
1.97908
1.90151
1.95708
1.86834
1.92739
1.89143
1.92784
4.26704e-32
0.120316
7.68128e-32
0.122202
0.122202
0.120316
7.68128e-32
4.26704e-32
0.244679
0.362258
0.366806
0.241281
0.482636
0.601827
0.607644
0.487987
0.725232
0.719269
0.834425
0.840224
0.366806
0.362258
0.244679
0.241281
0.952128
0.946786
1.05587
1.06047
0.607644
0.601827
0.482636
0.487987
1.16122
1.2624
1.26474
1.16481
1.35904
1.45074
1.44985
1.35987
0.719269
0.840224
0.725232
0.834425
0.946786
1.05587
0.952128
1.06047
1.53437
1.53719
1.61807
1.61311
1.68582
1.69311
1.75227
1.76205
1.2624
1.16122
1.16481
1.26474
1.35904
1.35987
1.44985
1.45074
1.81224
1.82468
1.8808
1.86556
1.91207
1.97289
1.93025
1.95163
1.53437
1.61311
1.53719
1.61807
1.68582
1.76205
1.69311
1.75227
1.81224
1.8808
1.86556
1.82468
2.03727
2.00952
1.98414
2.00859
2.07325
2.05884
2.02769
2.03861
2.03861
2.04226
2.08046
2.08046
1.91207
1.95163
1.97289
1.93025
2.07325
2.00952
2.02769
2.05884
2.00859
2.03727
1.98414
4.11625e-32
0.11605
7.38246e-32
0.118265
0.237559
0.23351
0.351719
0.357229
0.118265
0.11605
7.38246e-32
4.11625e-32
0.357229
0.351719
0.237559
0.23351
0.470039
0.587857
0.595231
0.476655
0.712388
0.704583
0.819655
0.827569
0.940257
0.932536
1.04271
1.04995
0.476655
0.470039
0.595231
0.587857
1.14971
1.25306
1.25851
1.15618
0.827569
0.819655
0.712388
0.704583
1.35235
1.44718
1.44985
1.35653
1.53814
1.62204
1.62105
1.53719
0.940257
1.04271
0.932536
1.04995
1.25306
1.25851
1.14971
1.15618
1.70143
1.77508
1.69831
1.76965
1.83485
1.84275
1.90423
1.89369
1.44718
1.35653
1.44985
1.35235
1.53719
1.62105
1.53814
1.62204
1.946
1.95931
2.00785
1.99163
2.06234
2.08473
2.03044
2.04969
1.76965
1.69831
1.70143
1.77508
1.84275
1.83485
1.90423
1.89369
1.946
2.00785
1.99163
1.95931
2.13404
2.11287
2.08723
2.10506
2.11934
2.11577
2.14818
2.15526
2.11577
2.15526
2.10506
2.14818
2.03044
2.08723
2.08473
2.04969
2.11287
2.13404
2.06234
3.94202e-32
0.113668
0.111121
7.04061e-32
0.229136
0.224434
0.339251
0.345726
0.454908
0.570765
0.579701
0.462791
0.113668
0.111121
7.04061e-32
3.94202e-32
0.224434
0.345726
0.339251
0.229136
0.579701
0.570765
0.454908
0.462791
0.695859
0.686208
0.800648
0.810682
0.923625
0.913518
1.02428
1.03416
1.14179
1.13243
1.23748
1.24605
0.686208
0.810682
0.695859
0.800648
1.33898
1.4365
1.44273
1.3465
0.923625
1.02428
1.03416
0.913518
1.62105
1.53437
1.52965
1.61807
1.77943
1.70247
1.70143
1.77834
1.13243
1.14179
1.24605
1.23748
1.3465
1.44273
1.4365
1.33898
1.8484
1.91827
1.91242
1.85178
1.9702
2.03277
1.97866
2.02156
1.62105
1.53437
1.52965
1.61807
1.77943
1.70143
1.77834
1.70247
2.12155
2.10447
2.08045
2.06636
2.15597
2.13579
2.16022
2.18361
1.8484
1.91827
1.91242
1.85178
1.9702
2.03277
1.97866
2.02156
2.10447
2.06636
2.12155
2.08045
2.17773
2.21829
2.18824
2.2044
2.22525
2.22525
2.19175
2.18824
2.17773
2.18361
2.2044
2.21829
2.15597
2.16022
2.13579
3.74428e-32
6.65563e-32
0.108409
0.10553
0.219407
0.214051
0.324849
0.332292
0.437235
0.550544
0.561046
0.44639
0.108409
0.10553
6.65563e-32
3.74428e-32
0.675635
0.664134
0.777391
0.789551
0.214051
0.332292
0.324849
0.219407
0.44639
0.437235
0.561046
0.550544
0.664134
0.789551
0.777391
0.675635
0.902219
0.889721
1.00056
1.01308
1.10937
1.21564
1.22734
1.12163
1.3189
1.41868
1.42848
1.32978
0.902219
1.01308
1.00056
0.889721
1.52305
1.60616
1.61311
1.51456
1.21564
1.22734
1.10937
1.12163
1.69311
1.77508
1.69831
1.77834
1.92294
1.85291
1.85178
1.92177
1.41868
1.3189
1.32978
1.42848
1.61311
1.52305
1.60616
1.51456
2.04149
1.9847
1.98832
2.04771
2.10092
2.136
2.09197
2.1478
1.69311
1.77508
1.69831
1.77834
1.92294
1.85178
1.85291
1.92177
2.22206
2.20422
2.18822
2.17345
2.24923
2.22824
2.24543
2.26967
1.9847
2.04771
2.04149
1.98832
2.1478
2.136
2.09197
2.10092
2.17345
2.20422
2.18822
2.22206
2.25922
2.25577
2.28333
2.29016
2.29016
2.25577
2.24543
2.26967
2.28333
2.24923
2.22824
3.52299e-32
0.0992739
6.22742e-32
0.102485
0.102485
0.0992739
6.22742e-32
3.52299e-32
0.208368
0.202356
0.308508
0.316921
0.417014
0.527184
0.539256
0.427444
0.651708
0.63835
0.749871
0.764164
0.316921
0.308508
0.208368
0.202356
0.876027
0.861129
0.971532
0.986711
0.539256
0.417014
0.527184
0.427444
0.749871
0.63835
0.764164
0.651708
0.876027
0.986711
0.971532
0.861129
1.09567
1.08051
1.18754
1.20238
1.29209
1.3937
1.40708
1.30634
1.50418
1.59721
1.4919
1.58628
1.18754
1.20238
1.08051
1.09567
1.67645
1.76965
1.68582
1.76205
1.29209
1.30634
1.40708
1.3937
1.91827
1.92177
1.8484
1.84275
2.05144
1.98953
2.05268
1.98832
1.59721
1.50418
1.4919
1.58628
1.76965
1.68582
1.67645
1.76205
2.11115
2.16353
2.15698
2.10731
2.20968
2.23713
2.24946
2.20029
1.84275
1.8484
1.92177
1.91827
2.05268
1.98832
1.98953
2.05144
2.30951
2.28276
2.29103
2.26741
2.30795
2.31811
2.34307
2.32963
2.10731
2.11115
2.15698
2.16353
2.20029
2.20968
2.24946
2.23713
2.28276
2.30951
2.26741
2.29103
2.3215
2.34979
2.34979
2.31811
2.32963
2.34307
2.30795
3.27809e-32
0.0923518
5.75592e-32
0.0958961
3.27809e-32
0.0958961
0.0923518
5.75592e-32
0.196017
0.189348
0.290223
0.299608
0.299608
0.290223
0.196017
0.189348
0.405946
0.394238
0.500676
0.514323
0.624064
0.608845
0.718077
0.734509
0.845032
0.827727
0.937178
0.955022
0.514323
0.500676
0.394238
0.405946
1.06391
1.04584
1.15314
1.17113
0.608845
0.734509
0.718077
0.624064
0.845032
0.955022
0.937178
0.827727
1.04584
1.06391
1.17113
1.15314
1.25854
1.36154
1.37852
1.27616
1.47772
1.55842
1.46165
1.57335
1.75227
1.66499
1.65143
1.74031
1.25854
1.36154
1.37852
1.27616
1.91242
1.82468
1.83485
1.90423
1.46165
1.57335
1.55842
1.47772
2.04771
2.05144
1.97866
1.9847
2.11115
2.16746
2.16877
2.11243
1.75227
1.74031
1.65143
1.66499
1.83485
1.91242
1.82468
1.90423
2.26587
2.21638
2.22039
2.25903
2.30507
2.3379
2.32513
2.29532
2.04771
1.9847
1.97866
2.05144
2.11243
2.16746
2.11115
2.16877
2.34839
2.36505
2.38407
2.36425
2.37506
2.3784
2.39732
2.40395
2.22039
2.21638
2.25903
2.26587
2.3379
2.29532
2.32513
2.30507
2.40395
2.34839
2.39732
2.37506
2.36505
2.38407
2.36425
0.0886406
0.0847627
5.24105e-32
3.00956e-32
3.00956e-32
0.0847627
5.24105e-32
0.0886406
0.182351
0.175023
0.26999
0.28035
0.182351
0.175023
0.28035
0.26999
0.368901
0.471012
0.486239
0.38189
0.486239
0.471012
0.368901
0.38189
0.592694
0.575608
0.681993
0.700571
0.809218
0.789498
0.897479
0.917998
1.02631
1.00532
1.11242
1.13357
0.681993
0.575608
0.700571
0.592694
1.23923
1.21821
1.32217
1.34275
0.789498
0.809218
0.917998
0.897479
1.11242
1.02631
1.13357
1.00532
1.23923
1.34275
1.32217
1.21821
1.54148
1.44366
1.42377
1.52254
1.72616
1.63578
1.70982
1.61803
1.89369
1.79753
1.8808
1.81224
1.54148
1.52254
1.44366
1.42377
2.04149
1.95931
2.03277
1.9702
1.72616
1.61803
1.63578
1.70982
2.10092
2.16353
2.10731
2.16746
2.26997
2.27134
2.22173
2.22039
1.89369
1.8808
1.79753
1.81224
1.95931
1.9702
2.04149
2.03277
2.31621
2.3549
2.34782
2.31204
2.38728
2.40015
2.41329
2.37721
2.10731
2.16353
2.16746
2.10092
2.22039
2.22173
2.26997
2.27134
2.41657
2.43285
2.44591
2.42644
2.42644
2.42974
2.45245
2.45245
2.34782
2.31204
2.3549
2.31621
2.38728
2.41329
2.40015
2.44591
2.43285
2.37721
2.41657
0.0807176
0.0765057
4.68279e-32
2.71736e-32
0.259142
0.247807
0.167367
0.159379
2.71736e-32
0.0765057
4.68279e-32
0.0807176
0.167367
0.159379
0.247807
0.259142
0.340998
0.438186
0.454995
0.355271
0.438186
0.340998
0.355271
0.454995
0.557587
0.538629
0.641608
0.662339
0.538629
0.662339
0.641608
0.557587
0.76857
0.746428
0.852418
0.87562
0.98286
0.958932
1.06535
1.08968
1.17108
1.27555
1.29977
1.1955
0.746428
0.76857
0.87562
0.852418
1.40196
1.37823
1.47861
1.50158
0.958932
1.06535
0.98286
1.08968
1.27555
1.1955
1.29977
1.17108
1.37823
1.50158
1.40196
1.47861
1.5762
1.59817
1.67056
1.69129
1.86556
1.76127
1.84795
1.78054
2.00785
1.93025
2.02156
1.946
1.69129
1.67056
1.5762
1.59817
2.08045
2.15698
2.1478
2.09197
1.76127
1.78054
1.86556
1.84795
2.26587
2.20968
2.26997
2.21638
2.31761
2.36056
2.35915
2.31621
2.02156
2.00785
1.946
1.93025
2.15698
2.09197
2.08045
2.1478
2.4235
2.39447
2.39878
2.43078
2.45648
2.44615
2.4758
2.46236
2.26587
2.21638
2.20968
2.26997
2.31761
2.36056
2.35915
2.31621
2.47536
2.48871
2.47211
2.49517
2.47211
2.48871
2.46236
2.49517
2.4235
2.39878
2.43078
2.39447
2.4758
2.45648
2.44615
0.0721265
0.0675803
4.0811e-32
2.40148e-32
0.235983
0.22367
0.151064
0.142417
2.40148e-32
0.0675803
4.0811e-32
0.0721265
0.420585
0.402192
0.310525
0.326084
0.151064
0.142417
0.22367
0.235983
0.310525
0.402192
0.420585
0.326084
0.518735
0.497902
0.596912
0.619799
0.619799
0.596912
0.518735
0.497902
0.723073
0.698502
0.801976
0.82787
0.723073
0.82787
0.801976
0.698502
0.933535
0.906663
1.01192
1.03943
1.14495
1.11711
1.22166
1.24952
1.35258
1.325
1.42657
1.4536
1.01192
0.933535
1.03943
0.906663
1.64762
1.55211
1.62247
1.52589
1.11711
1.22166
1.24952
1.14495
1.325
1.4536
1.42657
1.35258
1.64762
1.52589
1.55211
1.62247
1.80563
1.71585
1.82798
1.73971
1.97289
1.99163
1.89143
1.91207
2.136
2.04969
2.12155
2.06636
1.71585
1.82798
1.80563
1.73971
2.18822
2.24946
2.25903
2.20029
1.89143
1.97289
1.99163
1.91207
2.30507
2.3549
2.31204
2.35915
2.40022
2.39878
2.43515
2.43661
2.06636
2.04969
2.136
2.12155
2.25903
2.20029
2.24946
2.18822
2.48625
2.4937
2.46828
2.46385
2.51191
2.50228
2.51282
2.5256
2.31204
2.3549
2.30507
2.35915
2.43661
2.40022
2.39878
2.43515
2.51513
2.51191
2.53199
2.53199
2.48625
2.46828
2.50228
2.5256
2.46385
2.4937
2.51282
0.0628669
0.0579865
3.43598e-32
2.0619e-32
0.210868
0.197578
0.133441
0.124134
2.0619e-32
0.0579865
3.43598e-32
0.0628669
0.383005
0.363024
0.27748
0.294325
0.133441
0.124134
0.197578
0.210868
0.572944
0.547895
0.476131
0.453419
0.27748
0.363024
0.383005
0.294325
0.476131
0.453419
0.547895
0.572944
0.672715
0.645709
0.746139
0.774733
0.672715
0.774733
0.746139
0.645709
0.878316
0.84849
0.952088
0.982802
0.84849
0.878316
0.982802
0.952088
1.05629
1.16046
1.19198
1.08756
1.29548
1.26402
1.3664
1.39751
1.49755
1.59509
1.46706
1.56549
1.05629
1.19198
1.16046
1.08756
1.66121
1.7809
1.75378
1.68969
1.26402
1.3664
1.39751
1.29548
1.56549
1.46706
1.59509
1.49755
1.75378
1.66121
1.68969
1.7809
1.95163
1.84279
1.92784
1.86834
2.00859
2.10447
2.08473
2.03044
2.15597
2.22206
2.23713
2.17345
1.92784
1.95163
1.84279
1.86834
2.3379
2.28276
2.29532
2.34782
2.10447
2.03044
2.00859
2.08473
2.38728
2.43078
2.39447
2.43515
2.49966
2.46975
2.46828
2.49817
2.23713
2.15597
2.17345
2.22206
2.3379
2.29532
2.34782
2.28276
2.52035
2.53623
2.54381
2.52486
2.55647
2.54577
2.54895
2.56281
2.43515
2.38728
2.43078
2.39447
2.46975
2.49817
2.46828
2.49966
2.52486
2.53623
2.54381
2.54577
2.56281
2.55647
2.52035
0.0529388
0.0477243
2.74746e-32
1.69864e-32
0.183799
0.169532
0.114498
0.104531
1.69864e-32
0.0477243
2.74746e-32
0.0529388
0.34225
0.320682
0.241862
0.259994
0.114498
0.104531
0.169532
0.183799
0.521765
0.494552
0.429769
0.405177
0.241862
0.320682
0.34225
0.259994
0.617485
0.716194
0.684896
0.588041
0.429769
0.405177
0.494552
0.521765
0.617485
0.588041
0.684896
0.716194
0.817185
0.784397
0.885846
0.91977
0.817185
0.91977
0.784397
0.885846
1.02329
0.988571
1.09192
1.12711
1.09192
0.988571
1.02329
1.12711
1.23063
1.19528
1.29805
1.33325
1.53366
1.43444
1.39966
1.49958
1.69234
1.72426
1.5973
1.63042
1.19528
1.33325
1.29805
1.23063
1.78425
1.87262
1.90151
1.81476
1.49958
1.39966
1.53366
1.43444
1.69234
1.5973
1.72426
1.63042
1.78425
1.87262
1.81476
1.90151
2.06234
2.03727
1.95708
1.98414
2.11287
2.18361
2.20422
2.13579
2.30951
2.26741
2.32513
2.24923
2.06234
2.03727
1.95708
1.98414
2.37721
2.36425
2.4235
2.41329
2.18361
2.13579
2.11287
2.20422
2.4937
2.45648
2.46385
2.49817
2.54988
2.54836
2.52637
2.52486
2.24923
2.30951
2.26741
2.32513
2.41329
2.4235
2.37721
2.36425
2.57357
2.58126
2.56411
2.56869
2.57673
2.58755
2.58755
2.57357
2.46385
2.4937
2.49817
2.45648
2.54836
2.58126
2.52637
2.54988
2.56869
2.56411
2.52486
0.0423425
0.0367939
2.01555e-32
1.3117e-32
1.3117e-32
0.0367939
2.01555e-32
0.0423425
0.154775
0.13953
0.0942354
0.0836083
0.29832
0.275165
0.20367
0.223089
0.0942354
0.0836083
0.13953
0.154775
0.353173
0.466257
0.43688
0.379646
0.20367
0.275165
0.29832
0.223089
0.557377
0.652244
0.618237
0.525491
0.379646
0.353173
0.43688
0.466257
0.750128
0.850316
0.813176
0.714373
0.557377
0.525491
0.618237
0.652244
0.750128
0.714373
0.813176
0.850316
0.952125
0.913949
1.01602
1.05489
0.952125
1.05489
1.01602
0.913949
1.15799
1.11873
1.22148
1.26079
1.26079
1.11873
1.22148
1.15799
1.46326
1.36274
1.42469
1.32365
1.52405
1.56185
1.65799
1.62123
1.71575
1.84118
1.80717
1.75125
1.42469
1.32365
1.46326
1.36274
1.89507
2.00952
1.97908
1.92739
1.52405
1.62123
1.56185
1.65799
1.80717
1.71575
1.84118
1.75125
2.00952
1.89507
1.97908
1.92739
2.16022
2.05884
2.13404
2.08723
2.26967
2.20441
2.29103
2.22824
2.34839
2.32963
2.38408
2.40015
2.05884
2.13404
2.16022
2.08723
2.43285
2.48625
2.44615
2.4758
2.20441
2.29103
2.22824
2.26967
2.51282
2.54381
2.52035
2.54836
2.5874
2.56869
2.57022
2.58587
2.34839
2.40015
2.38408
2.32963
2.44615
2.4758
2.43285
2.48625
2.60616
2.59841
2.59527
2.5999
2.5999
2.58587
2.59527
2.60616
2.54381
2.52035
2.51282
2.54836
2.57022
2.5874
2.56869
9.01104e-33
0.025196
1.2403e-32
0.0310783
0.0310783
0.025196
1.2403e-32
9.01104e-33
0.123796
0.107574
0.0726531
0.0613667
0.0726531
0.0613667
0.107574
0.123796
0.251215
0.226472
0.162905
0.18361
0.406419
0.374877
0.325762
0.297409
0.162905
0.226472
0.18361
0.251215
0.492386
0.582876
0.546159
0.458058
0.325762
0.297409
0.374877
0.406419
0.677135
0.774426
0.63841
0.734066
0.492386
0.458058
0.546159
0.582876
0.874043
0.975294
0.932724
0.832403
0.677135
0.63841
0.734066
0.774426
0.874043
0.832403
0.932724
0.975294
1.07752
1.03435
1.13665
1.18009
1.07752
1.18009
1.03435
1.13665
1.23898
1.34075
1.2824
1.38385
1.23898
1.38385
1.34075
1.2824
1.54039
1.58203
1.4414
1.4839
1.63722
1.77058
1.67774
1.7314
1.82248
1.91007
1.94593
1.86011
1.54039
1.4414
1.58203
1.4839
1.99377
2.10506
2.07325
2.02769
1.7314
1.63722
1.67774
1.77058
1.94593
1.82248
1.91007
1.86011
2.07325
1.99377
2.10506
2.02769
2.21829
2.24543
2.14818
2.17773
2.34307
2.28333
2.36505
2.30795
2.41658
2.44591
2.46236
2.39732
2.14818
2.24543
2.17773
2.21829
2.50228
2.5256
2.48871
2.53623
2.30795
2.34307
2.36505
2.28333
2.56411
2.58587
2.55647
2.58126
2.61235
2.5999
2.6108
2.60144
2.39732
2.41658
2.46236
2.44591
2.50228
2.53623
2.5256
2.48871
2.6108
2.61393
2.61858
2.61858
2.58126
2.61235
2.60144
2.58587
2.56411
2.55647
2.5999
0.0191468
0.0129311
4.21731e-33
4.66868e-33
4.66868e-33
0.0129311
4.21731e-33
0.0191468
0.0497525
0.0378072
0.073666
0.0908638
0.0908638
0.073666
0.0497525
0.0378072
0.200935
0.174606
0.11957
0.14156
0.11957
0.14156
0.174606
0.200935
0.342251
0.308544
0.268118
0.237886
0.422511
0.508086
0.468659
0.385741
0.268118
0.237886
0.308544
0.342251
0.598201
0.692093
0.648509
0.556505
0.422511
0.385741
0.468659
0.508086
0.789032
0.888302
0.842029
0.743924
0.598201
0.556505
0.648509
0.692093
0.989222
1.09113
1.04353
0.942123
0.789032
0.743924
0.842029
0.888302
1.09113
0.989222
0.942123
1.04353
1.14561
1.24774
1.29538
1.19338
1.19338
1.29538
1.14561
1.24774
1.49631
1.34931
1.39654
1.44977
1.49631
1.34931
1.44977
1.39654
1.54858
1.64522
1.68961
1.59417
1.73923
1.83015
1.87148
1.78219
2.00113
2.03861
1.91758
1.95707
1.64522
1.54858
1.68961
1.59417
2.08046
2.18824
2.15526
2.11577
1.87148
1.83015
1.73923
1.78219
1.91758
2.03861
1.95707
2.00113
2.08046
2.18824
2.15526
2.11577
2.25577
2.22525
2.29017
2.31811
2.37506
2.3498
2.42644
2.40395
2.51191
2.45245
2.47211
2.49517
2.29017
2.31811
2.22525
2.25577
2.57357
2.56281
2.54577
2.53199
2.3498
2.40395
2.37506
2.42644
2.58755
2.59527
2.6108
2.60616
2.62325
2.62014
2.61858
2.6248
2.49517
2.45245
2.47211
2.51191
2.53199
2.54577
2.57357
2.56281
2.61858
2.6108
2.62014
2.6248
2.58755
2.60616
2.59527
1.0945e-34
0.0065486
0.0065486
1.0945e-34
0.0559801
0.0255346
0.0255346
0.0559801
0.147484
0.0969397
0.0969397
0.147484
0.206716
0.273755
0.206716
0.273755
0.347753
0.427877
0.513326
0.603313
0.347753
0.427877
0.697085
0.793903
0.603313
0.513326
0.89306
0.993867
0.793903
0.697085
1.09567
1.19782
0.89306
0.993867
1.09567
1.19782
1.29971
1.40078
1.29971
1.40078
1.50045
1.59821
1.59821
1.50045
1.69357
1.78607
1.87527
1.96079
2.11934
2.04226
1.78607
1.69357
2.25922
2.19175
1.96079
1.87527
2.04226
2.11934
2.25922
2.19175
2.3215
2.3784
2.47536
2.42974
2.54895
2.51513
2.3215
2.3784
2.59841
2.57673
2.47536
2.42974
2.62325
2.61393
2.62636
2.62325
2.51513
2.54895
2.57673
2.61393
2.59841
1.14561
1.54858
1.44977
0.0129311
1.24774
1.34931
1.24774
1.34931
1.14561
0.174606
0.237886
1.04353
1.44977
0.385741
0.942123
0.842029
1.54858
0.743924
0.648509
1.64522
0.556505
0.468659
1.73923
0.308544
1.83015
1.91758
0.11957
0.073666
2.00113
0.0378072
2.08046
2.15526
0.0129311
1.64522
1.73923
2.22525
2.29017
1.91758
2.3498
0.0378072
2.40395
2.45245
0.073666
2.49517
2.53199
0.11957
2.56281
2.58755
0.174606
2.45245
2.60616
2.49517
2.61858
0.237886
2.6248
2.6248
0.308544
2.61858
2.60616
0.385741
2.58755
2.56281
0.468659
2.53199
0.556505
2.40395
0.648509
2.3498
2.29017
0.743924
2.22525
2.15526
0.842029
2.08046
2.00113
0.942123
1.83015
1.04353
4.21731e-33
4.21731e-33
4.66868e-33
0.0191468
0.0191468
4.66868e-33
0.0908638
0.0497525
0.0497525
0.0908638
0.14156
0.200935
0.14156
0.200935
0.342251
0.268118
0.268118
0.342251
0.508086
0.422511
0.692093
0.598201
0.422511
0.508086
0.789032
0.888302
0.692093
0.598201
1.09113
0.989222
0.789032
0.888302
1.19338
1.29538
0.989222
1.09113
1.19338
1.29538
1.49631
1.39654
1.49631
1.39654
1.59417
1.68961
1.68961
1.59417
1.87148
1.78219
2.03861
1.95707
2.11577
2.18824
1.78219
1.87148
2.31811
2.25577
2.03861
1.95707
2.18824
2.11577
2.25577
2.31811
2.37506
2.42644
2.51191
2.47211
2.54577
2.57357
2.42644
2.37506
2.6108
2.59527
2.51191
2.47211
2.62325
2.62014
2.62014
2.6108
2.57357
2.54577
2.59527
1.4414
1.34075
1.34075
1.23898
1.4414
1.13665
0.107574
1.03435
0.932724
1.54039
0.832403
1.63722
0.734066
0.63841
0.546159
1.7314
0.458058
1.82248
0.374877
0.297409
0.226472
1.91007
0.162905
1.99377
0.0613667
0.025196
2.07325
2.14818
0.025196
2.21829
1.54039
2.28333
2.34307
1.7314
0.0613667
2.39732
2.44591
1.99377
2.48871
0.107574
2.5256
0.162905
2.55647
2.58126
2.5999
2.34307
0.226472
2.61235
0.297409
2.48871
2.61858
2.61858
2.61235
0.374877
2.5999
0.458058
2.58126
2.55647
2.5256
0.546159
0.63841
2.44591
2.39732
0.734066
2.28333
0.832403
2.21829
2.14818
2.07325
0.932724
1.03435
1.91007
1.82248
1.13665
1.63722
1.23898
1.2403e-32
1.2403e-32
9.01104e-33
0.0310783
0.0310783
9.01104e-33
0.123796
0.0726531
0.0726531
0.123796
0.18361
0.251215
0.251215
0.18361
0.406419
0.325762
0.325762
0.406419
0.582876
0.492386
0.677135
0.774426
0.492386
0.582876
0.874043
0.975294
0.774426
0.677135
1.07752
1.18009
0.975294
0.874043
1.38385
1.2824
1.07752
1.18009
1.38385
1.2824
1.4839
1.58203
1.58203
1.4839
1.77058
1.67774
1.67774
1.77058
1.94593
1.86011
2.10506
2.02769
2.17773
2.24543
1.94593
1.86011
2.30795
2.36505
2.02769
2.10506
2.24543
2.17773
2.30795
2.36505
2.41658
2.46236
2.50228
2.53623
2.56411
2.58587
2.46236
2.41658
2.6108
2.60144
2.50228
2.53623
2.61393
2.6108
2.60144
2.56411
2.58587
1.42469
1.22148
1.52405
0.0367939
1.11873
1.01602
0.913949
1.62123
0.813176
0.275165
0.353173
1.71575
0.714373
0.618237
0.525491
1.80717
0.43688
1.89507
0.20367
1.97908
0.13953
2.05884
0.0836083
2.13404
2.20441
0.0367939
2.26967
1.42469
2.32963
0.0836083
2.38408
2.43285
2.4758
1.80717
1.89507
0.13953
2.51282
0.20367
2.54381
2.56869
2.5874
0.275165
2.26967
2.5999
0.353173
2.38408
2.43285
2.60616
2.60616
2.5999
0.43688
2.5874
0.525491
2.56869
2.54381
2.51282
0.618237
2.4758
0.714373
2.32963
0.813176
0.913949
2.20441
2.13404
2.05884
1.01602
1.97908
1.11873
1.71575
1.22148
1.62123
1.32365
1.52405
1.32365
2.01555e-32
2.01555e-32
1.3117e-32
0.0423425
0.0423425
1.3117e-32
0.0942354
0.154775
0.0942354
0.154775
0.223089
0.29832
0.29832
0.223089
0.466257
0.379646
0.379646
0.466257
0.557377
0.652244
0.750128
0.850316
0.557377
0.652244
0.952125
1.05489
0.850316
0.750128
1.26079
1.15799
0.952125
1.05489
1.46326
1.36274
1.15799
1.26079
1.46326
1.36274
1.65799
1.56185
1.65799
1.56185
1.75125
1.84118
1.84118
1.75125
2.00952
1.92739
2.16022
2.08723
2.22824
2.29103
1.92739
2.00952
2.34839
2.40015
2.08723
2.16022
2.29103
2.22824
2.34839
2.40015
2.48625
2.44615
2.52035
2.54836
2.57022
2.58587
2.44615
2.48625
2.59841
2.59527
2.54836
2.52035
2.59527
2.58587
2.57022
1.5973
0.988571
0.885846
1.69234
0.784397
0.684896
1.78425
0.588041
0.494552
1.87262
0.405177
0.320682
1.95708
0.241862
0.169532
2.03727
0.104531
0.0477243
2.11287
2.18361
0.0477243
1.09192
1.19528
2.24923
2.30951
1.39966
2.36425
0.104531
2.41329
2.45648
0.169532
2.4937
2.52486
0.241862
2.54988
2.56869
0.320682
2.11287
2.58126
2.18361
2.58755
0.405177
2.58755
2.58126
0.494552
2.41329
2.45648
2.56869
2.54988
0.588041
2.52486
2.4937
0.684896
0.784397
2.36425
2.30951
0.885846
2.24923
0.988571
2.03727
1.09192
1.95708
1.87262
1.19528
1.78425
1.69234
1.29805
1.5973
1.49958
1.39966
1.29805
1.49958
2.74746e-32
2.74746e-32
1.69864e-32
0.0529388
0.0529388
1.69864e-32
0.183799
0.114498
0.114498
0.183799
0.34225
0.259994
0.259994
0.34225
0.521765
0.429769
0.429769
0.521765
0.716194
0.617485
0.817185
0.91977
0.716194
0.617485
1.12711
1.02329
0.817185
0.91977
1.33325
1.23063
1.12711
1.02329
1.53366
1.43444
1.33325
1.23063
1.43444
1.53366
1.72426
1.63042
1.63042
1.72426
1.90151
1.81476
1.81476
1.90151
2.06234
1.98414
2.20422
2.13579
2.26741
2.32513
1.98414
2.06234
2.4235
2.37721
2.13579
2.20422
2.32513
2.26741
2.4235
2.37721
2.46385
2.49817
2.52637
2.54836
2.56411
2.57357
2.49817
2.46385
2.57357
2.57673
2.52637
2.56411
2.54836
0.84849
0.746139
1.75378
0.645709
1.84279
0.547895
0.453419
0.363024
1.92784
0.27748
2.00859
0.197578
0.124134
0.0579865
2.08473
2.15597
0.0579865
2.22206
0.952088
2.28276
2.3379
1.16046
0.124134
2.38728
2.43078
1.46706
2.46828
0.197578
2.49966
0.27748
2.52486
2.54381
2.55647
1.92784
0.363024
2.56281
0.453419
2.15597
2.56281
2.55647
2.54381
0.547895
2.3379
2.52486
0.645709
2.49966
2.46828
2.43078
0.746139
2.38728
0.84849
2.28276
2.22206
0.952088
1.05629
2.08473
2.00859
1.16046
1.84279
1.26402
1.75378
1.66121
1.56549
1.3664
1.46706
1.3664
1.26402
1.56549
1.05629
1.66121
3.43598e-32
3.43598e-32
2.0619e-32
0.0628669
0.0628669
2.0619e-32
0.210868
0.133441
0.133441
0.210868
0.383005
0.294325
0.383005
0.294325
0.476131
0.572944
0.476131
0.572944
0.672715
0.774733
0.878316
0.982802
0.672715
0.774733
1.19198
1.08756
0.982802
0.878316
1.39751
1.29548
1.19198
1.08756
1.59509
1.49755
1.39751
1.29548
1.49755
1.59509
1.7809
1.68969
1.7809
1.68969
1.95163
1.86834
1.95163
1.86834
2.10447
2.03044
2.17345
2.23713
2.34782
2.29532
2.03044
2.10447
2.39447
2.43515
2.23713
2.17345
2.29532
2.34782
2.43515
2.39447
2.49817
2.46975
2.53623
2.52035
2.54577
2.54895
2.46975
2.49817
2.53623
2.54577
2.52035
1.80563
0.596912
1.89143
0.497902
0.402192
0.310525
1.97289
0.22367
2.04969
0.142417
0.0675803
2.12155
2.18822
0.0675803
2.24946
0.801976
2.30507
0.142417
2.3549
2.39878
2.43661
1.22166
1.325
0.22367
2.46828
0.310525
2.4937
2.51282
2.5256
0.402192
1.80563
2.53199
0.497902
1.97289
2.04969
2.53199
2.5256
2.51282
0.596912
2.24946
2.4937
0.698502
2.46828
2.43661
2.39878
0.801976
2.3549
0.906663
2.30507
2.18822
1.01192
2.12155
1.11711
1.89143
1.22166
1.325
1.71585
1.62247
1.52589
1.42657
1.42657
1.52589
1.11711
1.62247
1.01192
1.71585
0.906663
0.698502
4.0811e-32
4.0811e-32
2.40148e-32
0.0721265
0.0721265
2.40148e-32
0.151064
0.235983
0.151064
0.235983
0.420585
0.326084
0.326084
0.420585
0.518735
0.619799
0.518735
0.619799
0.82787
0.723073
1.03943
0.933535
0.723073
0.82787
1.14495
1.24952
0.933535
1.03943
1.35258
1.4536
1.14495
1.24952
1.55211
1.64762
1.4536
1.35258
1.55211
1.64762
1.82798
1.73971
1.82798
1.73971
1.99163
1.91207
1.91207
1.99163
2.136
2.06636
2.25903
2.20029
2.31204
2.35915
2.06636
2.136
2.43515
2.40022
2.25903
2.20029
2.31204
2.35915
2.43515
2.40022
2.48625
2.46385
2.51191
2.50228
2.51513
2.51191
2.46385
2.50228
2.48625
1.93025
0.340998
0.247807
2.00785
0.159379
0.0765057
2.08045
2.1478
0.0765057
0.438186
0.538629
2.20968
2.26587
0.746428
2.31621
0.159379
2.36056
2.39878
0.247807
2.43078
2.45648
0.340998
2.4758
2.48871
0.438186
1.5762
2.49517
1.67056
2.49517
0.538629
2.48871
2.4758
0.641608
2.00785
2.08045
2.45648
2.43078
0.746428
2.39878
2.36056
0.852418
2.31621
2.26587
0.958932
2.20968
2.1478
1.06535
1.17108
1.93025
1.84795
1.27555
1.76127
1.37823
1.47861
1.47861
1.37823
1.27555
1.5762
1.17108
1.06535
1.67056
0.958932
0.852418
1.76127
0.641608
1.84795
4.68279e-32
4.68279e-32
2.71736e-32
0.0807176
0.0807176
2.71736e-32
0.259142
0.167367
0.167367
0.259142
0.355271
0.454995
0.454995
0.355271
0.662339
0.557587
0.557587
0.662339
0.76857
0.87562
0.98286
1.08968
0.76857
0.87562
1.29977
1.1955
1.08968
0.98286
1.40196
1.50158
1.1955
1.29977
1.59817
1.69129
1.40196
1.50158
1.69129
1.59817
1.86556
1.78054
1.78054
1.86556
1.946
2.02156
2.02156
1.946
2.15698
2.09197
2.26997
2.21638
2.35915
2.31761
2.15698
2.09197
2.39447
2.4235
2.26997
2.21638
2.31761
2.35915
2.4235
2.39447
2.44615
2.46236
2.47536
2.47211
2.47211
2.46236
2.44615
0.175023
0.0847627
2.03277
2.10092
0.0847627
2.16353
0.26999
2.22039
2.27134
0.471012
0.175023
2.31621
2.3549
0.789498
2.38728
0.26999
2.41329
0.368901
2.43285
2.44591
2.45245
1.32217
0.471012
2.45245
0.575608
1.61803
2.44591
2.43285
2.41329
0.681993
1.8808
2.38728
0.789498
2.3549
2.31621
2.27134
0.897479
2.22039
1.00532
2.16353
2.10092
2.03277
1.11242
1.95931
1.21821
1.79753
1.70982
1.32217
1.42377
1.52254
1.42377
1.52254
1.21821
1.61803
1.11242
1.00532
0.897479
1.70982
1.79753
0.681993
0.575608
1.8808
0.368901
1.95931
5.24105e-32
5.24105e-32
3.00956e-32
0.0886406
0.0886406
3.00956e-32
0.182351
0.28035
0.182351
0.28035
0.486239
0.38189
0.486239
0.38189
0.700571
0.592694
0.592694
0.700571
0.809218
0.917998
1.13357
1.02631
0.809218
0.917998
1.34275
1.23923
1.02631
1.13357
1.44366
1.54148
1.23923
1.34275
1.63578
1.72616
1.44366
1.54148
1.63578
1.72616
1.89369
1.81224
1.89369
1.81224
2.04149
1.9702
2.04149
1.9702
2.10731
2.16746
2.26997
2.22173
2.34782
2.31204
2.16746
2.10731
2.37721
2.40015
2.26997
2.22173
2.31204
2.34782
2.40015
2.37721
2.42644
2.41657
2.42644
2.42974
2.41657
2.04771
2.11115
0.0923518
0.0923518
2.16877
2.22039
0.189348
2.26587
2.30507
0.500676
0.608845
2.3379
0.290223
2.36425
0.394238
2.38407
2.39732
2.40395
1.15314
0.500676
2.40395
1.36154
1.46165
0.608845
2.39732
2.38407
2.36425
1.74031
0.718077
2.3379
0.827727
2.30507
2.26587
2.04771
2.22039
0.937178
2.16877
1.04584
2.11115
1.97866
1.15314
1.90423
1.25854
1.82468
1.65143
1.36154
1.55842
1.46165
1.25854
1.55842
1.65143
1.04584
0.937178
0.827727
1.74031
0.718077
1.82468
0.394238
1.90423
0.290223
1.97866
0.189348
5.75592e-32
5.75592e-32
3.27809e-32
0.0958961
3.27809e-32
0.0958961
0.299608
0.196017
0.196017
0.299608
0.514323
0.405946
0.514323
0.405946
0.624064
0.734509
0.624064
0.734509
0.955022
0.845032
1.17113
1.06391
0.845032
0.955022
1.37852
1.27616
1.17113
1.06391
1.57335
1.47772
1.27616
1.37852
1.75227
1.66499
1.47772
1.57335
1.75227
1.66499
1.83485
1.91242
1.83485
1.91242
2.05144
1.9847
2.05144
1.9847
2.11243
2.16746
2.25903
2.21638
2.29532
2.32513
2.11243
2.16746
2.36505
2.34839
2.21638
2.25903
2.29532
2.32513
2.36505
2.34839
2.3784
2.37506
2.37506
0.0992739
2.11115
2.16353
2.20968
0.202356
2.24946
2.28276
0.308508
2.30951
2.32963
0.417014
2.34307
2.34979
0.861129
0.527184
0.971532
2.34979
2.34307
0.63835
2.32963
2.30951
1.3937
1.4919
0.749871
2.28276
2.24946
0.861129
2.20968
2.16353
0.971532
2.11115
2.05268
1.08051
1.98832
1.91827
1.18754
1.84275
1.76205
1.29209
1.67645
1.58628
1.3937
1.4919
1.29209
1.18754
1.58628
1.08051
1.67645
0.749871
1.76205
0.63835
0.527184
1.84275
0.417014
0.308508
1.91827
0.202356
0.0992739
1.98832
2.05268
6.22742e-32
6.22742e-32
3.52299e-32
0.102485
0.102485
3.52299e-32
0.208368
0.316921
0.208368
0.316921
0.427444
0.539256
0.539256
0.427444
0.764164
0.651708
0.764164
0.651708
0.986711
0.876027
1.20238
1.09567
0.876027
0.986711
1.40708
1.30634
1.20238
1.09567
1.50418
1.59721
1.40708
1.30634
1.68582
1.76965
1.50418
1.59721
1.68582
1.76965
1.8484
1.92177
1.8484
1.92177
2.05144
1.98953
2.05144
1.98953
2.15698
2.10731
2.20029
2.23713
2.29103
2.26741
2.10731
2.15698
2.30795
2.31811
2.20029
2.23713
2.26741
2.29103
2.30795
2.3215
2.31811
2.1478
0.214051
2.18822
2.22206
2.24923
0.324849
2.26967
0.437235
2.28333
0.550544
2.29016
2.29016
0.550544
0.889721
2.28333
0.664134
2.26967
2.24923
1.21564
2.22206
0.777391
2.18822
0.889721
2.1478
2.10092
1.69311
2.04771
1.00056
1.98832
1.10937
1.92294
1.85178
1.77508
1.21564
1.3189
1.60616
1.51456
1.41868
1.41868
1.3189
1.51456
1.10937
1.00056
1.60616
1.69311
0.777391
0.664134
1.77508
0.437235
1.85178
0.324849
0.214051
0.10553
1.92294
1.98832
0.10553
2.04771
2.10092
6.65563e-32
6.65563e-32
3.74428e-32
0.108409
0.108409
3.74428e-32
0.332292
0.219407
0.219407
0.332292
0.561046
0.44639
0.44639
0.561046
0.675635
0.789551
0.675635
0.789551
0.902219
1.01308
1.22734
1.12163
0.902219
1.01308
1.42848
1.32978
1.22734
1.12163
1.61311
1.52305
1.32978
1.42848
1.77834
1.69831
1.61311
1.52305
1.77834
1.69831
1.85291
1.92177
1.85291
1.92177
1.9847
2.04149
1.9847
2.04149
2.09197
2.136
2.17345
2.20422
2.24543
2.22824
2.09197
2.136
2.25922
2.25577
2.20422
2.17345
2.24543
2.22824
2.25577
0.224434
2.12155
2.15597
2.18361
0.339251
2.2044
0.339251
0.454908
2.21829
0.570765
0.686208
2.22525
2.22525
0.570765
2.21829
1.02428
0.686208
2.2044
2.18361
2.15597
0.800648
1.4365
1.52965
2.12155
0.913518
2.08045
2.03277
1.97866
1.02428
1.91827
1.13243
1.85178
1.77943
1.70143
1.23748
1.61807
1.33898
1.33898
1.4365
1.23748
1.52965
1.13243
0.913518
1.61807
0.800648
1.70143
0.454908
1.77943
1.85178
0.224434
0.111121
1.91827
1.97866
0.111121
2.03277
2.08045
7.04061e-32
7.04061e-32
3.94202e-32
0.113668
0.113668
3.94202e-32
0.345726
0.229136
0.229136
0.345726
0.579701
0.462791
0.579701
0.462791
0.810682
0.695859
0.695859
0.810682
0.923625
1.03416
1.14179
1.24605
0.923625
1.03416
1.44273
1.3465
1.14179
1.24605
1.53437
1.62105
1.3465
1.44273
1.70247
1.77834
1.62105
1.53437
1.77834
1.70247
1.8484
1.91242
1.91242
1.8484
1.9702
2.02156
2.02156
1.9702
2.06636
2.10447
2.13579
2.16022
2.17773
2.18824
2.06636
2.10447
2.18824
2.19175
2.16022
2.13579
2.17773
2.11287
0.351719
2.13404
0.11605
2.14818
0.470039
2.15526
2.15526
0.587857
0.587857
0.704583
2.14818
2.13404
0.704583
2.11287
2.08473
0.819655
2.04969
2.00785
0.932536
1.95931
1.44718
1.90423
1.04271
1.84275
1.77508
1.14971
1.70143
1.62204
1.25306
1.53719
1.35235
1.35235
1.25306
1.44718
1.14971
1.04271
1.53719
0.932536
0.819655
1.62204
1.70143
0.470039
0.351719
1.77508
0.23351
1.84275
1.90423
0.11605
2.08473
1.95931
2.00785
2.04969
0.23351
7.38246e-32
7.38246e-32
4.11625e-32
0.118265
0.118265
4.11625e-32
0.237559
0.357229
0.237559
0.357229
0.595231
0.476655
0.476655
0.595231
0.827569
0.712388
0.712388
0.827569
1.04995
0.940257
1.25851
1.15618
0.940257
1.04995
1.35653
1.44985
1.25851
1.15618
1.53814
1.62105
1.44985
1.35653
1.69831
1.76965
1.62105
1.53814
1.69831
1.76965
1.89369
1.83485
1.89369
1.83485
1.946
1.99163
1.99163
1.946
2.06234
2.03044
2.10506
2.08723
2.11934
2.11577
2.06234
2.03044
2.11577
2.08723
2.10506
0.362258
2.07325
0.482636
2.08046
2.08046
2.07325
0.362258
0.601827
2.05884
0.719269
2.03727
2.00859
1.97289
0.946786
0.834425
1.93025
0.946786
1.8808
1.2624
1.82468
1.76205
1.45074
1.05587
1.69311
1.16122
1.61807
1.53719
1.2624
1.35904
1.35904
1.16122
1.05587
1.45074
1.53719
0.834425
0.719269
0.601827
1.61807
0.482636
1.69311
0.241281
0.120316
1.76205
1.82468
0.120316
2.05884
1.8808
1.93025
1.97289
0.241281
2.00859
2.03727
7.68128e-32
7.68128e-32
4.26704e-32
0.122202
0.122202
4.26704e-32
0.366806
0.244679
0.244679
0.366806
0.607644
0.487987
0.607644
0.487987
0.840224
0.725232
0.725232
0.840224
1.06047
0.952128
1.26474
1.16481
0.952128
1.06047
1.44985
1.35987
1.16481
1.26474
1.61311
1.53437
1.44985
1.35987
1.75227
1.68582
1.53437
1.61311
1.68582
1.75227
1.81224
1.86556
1.81224
1.86556
1.91207
1.95163
1.91207
1.95163
1.98414
2.00952
2.02769
2.03861
2.04226
2.03861
2.00952
1.98414
2.02769
0.492705
2.00113
2.00113
0.123923
1.99377
0.612684
1.97908
0.730275
1.95708
0.612684
0.730275
1.92784
1.89143
0.844968
1.84795
0.95628
1.79753
1.74031
1.26552
1.67645
1.06376
1.60616
1.16697
1.52965
1.44718
1.35904
1.26552
1.35904
1.16697
1.06376
0.95628
1.44718
0.844968
1.52965
0.492705
1.60616
0.370873
1.67645
0.247751
1.74031
1.79753
0.123923
1.99377
1.84795
1.89143
0.247751
1.92784
1.95708
1.97908
0.370873
7.93718e-32
7.93718e-32
4.39444e-32
0.125479
0.125479
4.39444e-32
0.2505
0.374461
0.2505
0.374461
0.616946
0.496793
0.616946
0.496793
0.848656
0.734401
0.734401
0.848656
0.959247
1.06573
1.26474
1.16769
1.06573
0.959247
1.35653
1.44273
1.16769
1.26474
1.59721
1.52305
1.44273
1.35653
1.72616
1.66499
1.59721
1.52305
1.66499
1.72616
1.78054
1.82798
1.78054
1.82798
1.90151
1.86834
1.90151
1.86834
1.92739
1.94593
1.95707
1.96079
1.95707
1.92739
1.94593
1.91007
0.620433
1.89507
1.87262
0.737608
1.84279
1.80563
0.85129
1.76127
0.620433
1.70982
0.961025
1.65143
0.961025
1.58628
1.06638
1.06638
1.51456
1.4365
1.16697
1.35235
1.2624
1.2624
1.16697
1.35235
0.85129
1.4365
0.737608
1.51456
0.500251
0.377569
1.58628
0.252922
0.126871
1.65143
1.70982
0.126871
1.91758
1.76127
1.91758
1.80563
1.84279
0.252922
1.87262
1.89507
0.377569
1.91007
0.500251
8.15027e-32
8.15027e-32
4.4985e-32
0.128099
0.128099
4.4985e-32
0.380198
0.255023
0.380198
0.255023
0.50308
0.623145
0.623145
0.50308
0.85287
0.739899
0.739899
0.85287
0.961619
1.06573
1.16481
1.25851
1.06573
0.961619
1.42848
1.3465
1.25851
1.16481
1.50418
1.57335
1.42848
1.3465
1.69129
1.63578
1.57335
1.50418
1.63578
1.69129
1.73971
1.7809
1.7809
1.73971
1.81476
1.84118
1.84118
1.81476
1.86011
1.87148
1.87527
1.87148
1.86011
0.625081
1.78425
0.741273
1.75378
1.71585
1.67056
0.382348
0.853397
1.61803
0.625081
0.961025
1.55842
1.4919
1.41868
1.06376
1.33898
1.16122
1.25306
1.16122
1.06376
1.25306
0.961025
1.33898
0.853397
0.741273
1.41868
0.505279
1.4919
0.256799
0.129163
1.55842
1.61803
0.129163
1.80717
1.67056
1.71585
1.75378
1.83015
0.256799
1.78425
1.80717
1.82248
0.382348
0.505279
1.83015
1.82248
8.32064e-32
8.32064e-32
4.57928e-32
0.130063
0.130063
4.57928e-32
0.38402
0.258252
0.258252
0.38402
0.626243
0.50685
0.50685
0.626243
0.85287
0.741732
0.741732
0.85287
1.06047
0.959247
1.24605
1.15618
1.06047
0.959247
1.40708
1.32978
1.24605
1.15618
1.54148
1.47772
1.40708
1.32978
1.59817
1.64762
1.47772
1.54148
1.59817
1.64762
1.72426
1.68969
1.72426
1.68969
1.75125
1.77058
1.77058
1.75125
1.78219
1.78607
1.78219
0.741273
1.66121
1.62247
1.5762
0.85129
1.52254
0.385215
0.95628
1.46165
0.62663
1.3937
1.3189
1.05587
1.23748
1.14971
1.14971
1.05587
0.95628
1.23748
0.85129
1.3189
0.741273
0.507792
1.3937
1.46165
0.259381
0.130799
1.52254
1.5762
0.130799
1.69234
1.62247
1.66121
1.73139
1.73923
0.259381
1.69234
1.71575
1.73139
0.385215
1.73923
0.507792
1.71575
0.62663
8.44838e-32
8.44838e-32
4.63681e-32
0.131371
0.131371
4.63681e-32
0.385931
0.260189
0.260189
0.385931
0.626243
0.508107
0.626243
0.508107
0.848656
0.739899
0.739899
0.848656
0.952128
1.04995
1.14179
1.22734
0.952128
1.04995
1.30634
1.37852
1.22734
1.14179
1.44366
1.50158
1.37852
1.30634
1.59509
1.55211
1.50158
1.44366
1.55211
1.59509
1.65799
1.63042
1.63042
1.65799
1.68961
1.67774
1.67774
1.68961
1.69357
1.47861
0.844968
1.42377
0.13178
1.36154
0.946786
1.29209
1.21564
1.04271
0.625081
0.737608
1.13243
1.04271
1.13243
0.946786
0.844968
1.21564
1.29209
0.507792
0.38617
1.36154
0.260672
1.42377
1.47861
0.13178
1.52589
1.52589
1.56549
1.56549
1.5973
0.260672
1.62123
1.63722
0.38617
1.64522
1.64522
0.507792
1.63722
1.62123
0.625081
1.5973
0.737608
8.53356e-32
8.53356e-32
4.67114e-32
0.132025
0.132025
4.67114e-32
0.260835
0.385931
0.260835
0.385931
0.623144
0.50685
0.50685
0.623144
0.840224
0.734401
0.734401
0.840224
0.940257
1.03416
1.20238
1.12163
1.03416
0.940257
1.34275
1.27616
1.20238
1.12163
1.4536
1.40196
1.34275
1.27616
1.53366
1.49755
1.4536
1.40196
1.49755
1.53366
1.58203
1.56185
1.58203
1.56185
1.59417
1.59417
1.59821
0.834425
1.25854
0.932536
1.18754
1.10937
1.02428
0.385215
1.02428
0.932536
1.10937
0.834425
0.730275
0.620433
1.18754
0.505279
1.25854
0.260672
0.132107
1.32217
1.37823
0.132107
1.32217
1.42657
1.46706
1.49958
1.46706
0.260672
1.52405
1.54039
1.54858
0.385215
1.54858
0.505279
1.54039
1.52405
1.49958
0.620433
0.730275
1.42657
1.37823
8.57623e-32
8.57623e-32
4.68227e-32
0.132025
0.132025
4.68227e-32
0.38402
0.260189
0.260189
0.38402
0.616946
0.50308
0.50308
0.616946
0.725232
0.827569
0.827569
0.725232
0.923624
1.01308
1.09567
1.17113
0.923624
1.01308
1.23923
1.29977
1.09567
1.17113
1.39751
1.35258
1.23923
1.29977
1.43444
1.46326
1.39751
1.35258
1.43444
1.46326
1.49631
1.4839
1.49631
1.4839
1.50045
0.913518
1.08051
1.00056
0.13178
0.913518
1.00056
0.819655
1.08051
0.719269
0.612684
0.500251
1.15314
0.382348
1.21821
0.259381
1.27555
1.325
0.13178
1.15314
1.3664
1.39966
1.27555
1.325
0.259381
1.42469
1.4414
1.44977
1.42469
0.382348
1.44977
0.500251
1.4414
1.39966
0.612684
1.3664
0.719269
1.21821
0.819655
8.57642e-32
8.57642e-32
4.67022e-32
0.131371
0.131371
4.67022e-32
0.380198
0.258252
0.258252
0.380198
0.496793
0.607644
0.607644
0.496793
0.712388
0.810682
0.712388
0.810682
0.902219
0.986711
1.13357
1.06391
0.986711
0.902219
1.1955
1.24952
1.13357
1.06391
1.29548
1.33325
1.1955
1.24952
1.36274
1.38385
1.29548
1.33325
1.36274
1.38385
1.40078
1.39654
1.39654
0.800648
0.971532
0.704583
0.601827
1.04584
0.492705
0.377569
1.11242
0.256799
0.130799
1.17108
1.22166
0.130799
0.889721
1.26402
0.971532
1.29805
1.32365
0.256799
1.34075
1.34931
1.22166
1.26402
0.377569
1.34931
1.34075
0.492705
1.32365
1.29805
0.601827
0.704583
1.17108
1.11242
0.800648
1.04584
0.889721
8.53412e-32
8.53412e-32
4.63498e-32
0.130063
0.130063
4.63498e-32
0.255023
0.37446
0.255023
0.37446
0.595231
0.487987
0.595231
0.487987
0.695858
0.789551
0.695858
0.789551
0.876027
0.955022
1.08968
1.02631
0.955022
0.876027
1.19198
1.14495
1.08968
1.02631
1.26079
1.23063
1.19198
1.14495
1.29538
1.2824
1.23063
1.26079
1.29538
1.2824
1.29971
0.937178
0.482636
1.00532
0.370873
0.252922
0.129163
1.06535
1.11711
0.129163
0.587857
1.16046
1.19528
1.22148
0.861129
0.252922
1.23898
1.24774
1.24774
1.06535
0.370873
1.23898
0.482636
1.22148
1.19528
1.16046
0.587857
1.11711
0.686208
1.00532
0.937178
0.777391
0.861129
0.777391
0.686208
8.44932e-32
8.44932e-32
4.57653e-32
0.128099
0.128099
4.57653e-32
0.366806
0.2505
0.2505
0.366806
0.476655
0.579701
0.579701
0.476655
0.675635
0.764164
0.764164
0.675635
0.917998
0.845031
0.98286
1.03943
0.917998
0.845031
1.12711
1.08756
1.03943
0.98286
1.15799
1.18009
1.12711
1.08756
1.19782
1.19338
1.18009
1.15799
1.19338
0.958932
0.247751
0.126871
1.01192
1.05629
0.126871
0.362258
1.09192
1.11873
0.570765
0.664134
0.247751
1.13665
1.14561
1.14561
0.897479
0.362258
1.13665
0.470039
1.11873
1.09192
1.05629
0.570765
1.01192
0.664134
0.958932
0.827727
0.749871
0.749871
0.827727
0.470039
0.897479
8.32195e-32
8.32195e-32
4.49483e-32
0.125479
0.125479
4.49483e-32
0.244679
0.357229
0.244679
0.357229
0.561046
0.462791
0.561046
0.462791
0.734509
0.651708
0.734509
0.651708
0.87562
0.809218
0.933535
0.982802
0.87562
0.809218
1.02329
1.05489
0.933535
0.982802
1.07752
1.09113
1.05489
1.02329
1.09567
1.09113
1.07752
0.952088
0.123923
0.988571
0.123923
1.01602
1.03435
0.241281
1.04353
1.04353
0.550544
0.63835
0.351719
1.03435
0.789498
1.01602
0.454908
0.988571
0.952088
0.550544
0.906663
0.852418
0.63835
0.718076
0.718076
0.789498
0.454908
0.351719
0.852418
0.241281
0.906663
8.15196e-32
8.15196e-32
4.38984e-32
0.122202
4.38984e-32
0.122202
0.345726
0.237559
0.237559
0.345726
0.44639
0.539256
0.44639
0.539256
0.700571
0.624064
0.624064
0.700571
0.76857
0.82787
0.878316
0.919769
0.82787
0.76857
0.952125
0.975294
0.919769
0.878316
0.993866
0.989222
0.975294
0.952125
0.989222
0.120316
0.885846
0.913948
0.932723
0.23351
0.942123
0.339251
0.942123
0.932723
0.339251
0.913948
0.437235
0.885846
0.84849
0.801976
0.527183
0.746428
0.608845
0.681993
0.608845
0.527183
0.681993
0.437235
0.746428
0.23351
0.120316
0.801976
0.84849
7.93925e-32
7.93925e-32
4.26152e-32
0.118265
0.118265
4.26152e-32
0.332292
0.229136
0.229136
0.332292
0.514323
0.427444
0.427444
0.514323
0.662338
0.592694
0.662338
0.592694
0.774733
0.723073
0.850315
0.817185
0.723073
0.774733
0.874043
0.888302
0.850315
0.817185
0.89306
0.874043
0.888302
0.832403
0.224434
0.842028
0.11605
0.842028
0.832403
0.324849
0.813176
0.417014
0.500676
0.575608
0.784397
0.746139
0.698502
0.500676
0.641608
0.575608
0.417014
0.641608
0.324849
0.698502
0.224434
0.746139
0.784397
0.11605
0.813176
7.68373e-32
7.68373e-32
4.10981e-32
0.113668
0.113668
4.10981e-32
0.316921
0.219407
0.219407
0.316921
0.405946
0.486239
0.405946
0.486239
0.557587
0.619799
0.619799
0.557587
0.716194
0.672715
0.750128
0.774426
0.672715
0.716194
0.789031
0.793903
0.774426
0.750128
0.789031
0.214051
0.743924
0.734066
0.308508
0.714373
0.684896
0.394238
0.645709
0.596912
0.471012
0.538629
0.471012
0.538629
0.394238
0.308508
0.596912
0.214051
0.111121
0.645709
0.684896
0.111121
0.714373
0.734066
0.743924
7.38528e-32
7.38528e-32
3.93465e-32
0.108409
0.108409
3.93465e-32
0.299608
0.208368
0.208368
0.299608
0.38189
0.454995
0.38189
0.454995
0.518735
0.572944
0.518735
0.572944
0.617485
0.652244
0.692093
0.677135
0.652244
0.617485
0.692093
0.697085
0.677135
0.63841
0.618237
0.290223
0.58804
0.368901
0.547895
0.290223
0.497902
0.438186
0.438186
0.368901
0.497902
0.202356
0.10553
0.547895
0.58804
0.10553
0.618237
0.648509
0.63841
0.648509
0.202356
7.04381e-32
7.04381e-32
0.102485
3.73598e-32
0.102485
3.73598e-32
0.28035
0.196017
0.196017
0.28035
0.420585
0.355271
0.420585
0.355271
0.476131
0.521765
0.476131
0.521765
0.582875
0.557377
0.603313
0.598201
0.557377
0.598201
0.582875
0.26999
0.494552
0.340998
0.453419
0.402192
0.340998
0.402192
0.26999
0.453419
0.189348
0.0992739
0.494552
0.525491
0.0992739
0.546159
0.546159
0.556505
0.189348
0.556505
0.525491
6.65921e-32
6.65921e-32
3.51375e-32
0.0958961
0.0958961
3.51375e-32
0.259142
0.182351
0.182351
0.259142
0.383005
0.326084
0.326084
0.383005
0.429769
0.466257
0.466257
0.429769
0.492386
0.508086
0.513326
0.508086
0.492386
0.310525
0.310525
0.247807
0.363024
0.175023
0.0923518
0.405177
0.43688
0.0923518
0.363024
0.405177
0.458058
0.468659
0.468659
0.175023
0.458058
0.43688
0.247807
6.23139e-32
6.23139e-32
3.26792e-32
0.0886406
0.0886406
3.26792e-32
0.235983
0.167367
0.235983
0.167367
0.34225
0.294325
0.34225
0.294325
0.406419
0.379646
0.379646
0.406419
0.422511
0.427877
0.422511
0.159379
0.0847626
0.320682
0.353173
0.0847626
0.374877
0.22367
0.385741
0.385741
0.320682
0.159379
0.374877
0.353173
0.22367
0.27748
0.27748
5.76027e-32
5.76027e-32
2.99845e-32
0.0807176
0.0807176
2.99845e-32
0.151064
0.210868
0.151064
0.210868
0.29832
0.259994
0.29832
0.259994
0.342251
0.325762
0.325762
0.347753
0.342251
0.275165
0.297409
0.0765056
0.0765056
0.308544
0.308544
0.142417
0.297409
0.275165
0.241862
0.197578
0.197578
0.241862
0.142417
5.24579e-32
5.24579e-32
2.70531e-32
0.0721265
2.70531e-32
0.0721265
0.133441
0.183799
0.133441
0.183799
0.251215
0.223089
0.251215
0.223089
0.273755
0.268118
0.268118
0.0675803
0.237886
0.237886
0.226472
0.124134
0.20367
0.169532
0.169532
0.124134
0.0675803
0.20367
0.226472
4.68791e-32
4.68791e-32
2.38849e-32
0.0628669
0.0628669
2.38849e-32
0.154775
0.114498
0.114498
0.154775
0.18361
0.200935
0.18361
0.200935
0.206716
0.162905
0.104531
0.13953
0.104531
0.0579865
0.13953
0.162905
0.0579865
0.174606
0.174606
4.0866e-32
4.0866e-32
2.04798e-32
0.0529388
0.0529388
2.04798e-32
0.123796
0.0942355
0.0942355
0.123796
0.14156
0.14156
0.147484
0.0836083
0.0836083
0.0477242
0.107574
0.11957
0.0477242
0.11957
0.107574
3.44187e-32
3.44187e-32
1.68378e-32
0.0423425
1.68378e-32
0.0423425
0.0726532
0.0908637
0.0726532
0.0908637
0.0969397
0.0736659
0.0367939
0.0736659
0.0613667
0.0367939
0.0613667
2.75373e-32
2.75373e-32
0.0310783
1.29591e-32
0.0310783
1.29591e-32
0.0497525
0.0497525
0.0559801
0.025196
0.0378072
0.025196
0.0378072
2.02221e-32
2.02221e-32
8.84372e-33
0.0191468
0.0191468
8.84372e-33
0.0255346
0.0129311
0.0129311
1.24733e-32
1.24733e-32
4.49201e-33
4.49201e-33
0.0065486
1.85544e-35
4.29152e-33
4.29152e-33
