1.90128e-35
4.39755e-33
4.39755e-33
4.603e-33
1.27813e-32
0.00671041
0.0132504
4.603e-33
1.27813e-32
0.0132504
9.06206e-33
0.0258178
2.07209e-32
0.0196195
0.026165
0.0387403
0.0387403
0.0196195
0.0258178
2.07209e-32
9.06206e-33
1.32787e-32
0.0377011
2.82159e-32
0.0318449
0.0628799
0.0754825
0.0509798
0.0573611
1.32787e-32
0.0377011
0.0509798
0.0754825
0.0628799
0.0318449
2.82159e-32
1.72527e-32
0.0433859
0.0488997
3.52659e-32
0.0744437
0.0856678
0.110224
0.0931033
0.122516
0.099329
0.122516
0.0931033
0.0433859
3.52659e-32
0.0488997
1.72527e-32
0.0856678
0.0744437
0.110224
2.09838e-32
4.18706e-32
0.0542419
0.0594129
0.0965554
0.107103
0.142963
0.126844
0.0594129
4.18706e-32
0.0542419
2.09838e-32
0.178903
0.151115
0.166914
0.145045
0.145045
0.142963
0.166914
0.0965554
0.178903
0.126844
0.107103
2.44719e-32
0.0692405
4.80299e-32
0.0644124
0.117314
0.127184
0.173698
0.158581
0.205878
0.188126
0.208676
0.232039
4.80299e-32
0.0692405
0.0644124
2.44719e-32
0.117314
0.173698
0.127184
0.158581
0.211801
0.243734
0.205878
0.243734
0.208676
0.232039
0.188126
2.77171e-32
0.0783824
5.37438e-32
0.0738971
0.136718
0.145911
0.202428
0.188313
0.28192
0.257386
0.228568
0.247799
0.274705
0.304711
0.31612
0.280481
2.77171e-32
0.0783824
5.37438e-32
0.0738971
0.136718
0.145911
0.202428
0.188313
0.304711
0.28192
0.247799
0.31612
0.228568
0.274705
0.257386
3.07193e-32
0.0868388
5.90125e-32
0.0826962
0.154768
0.163284
0.229151
0.21604
0.284282
0.328543
0.305639
0.266371
0.333755
0.361832
0.384068
0.350649
0.0826962
3.07193e-32
0.0868388
5.90125e-32
0.356286
0.395199
0.395199
0.350649
0.163284
0.229151
0.154768
0.21604
0.305639
0.361832
0.384068
0.284282
0.266371
0.333755
0.328543
3.34788e-32
0.0946102
6.38365e-32
0.09081
0.241761
0.171464
0.179304
0.25387
0.318124
0.371909
0.350633
0.301534
0.388946
0.415094
0.447574
0.416376
0.432862
0.469271
0.480133
0.43836
6.38365e-32
0.09081
3.34788e-32
0.0946102
0.25387
0.179304
0.241761
0.171464
0.480133
0.469271
0.432862
0.416376
0.350633
0.301534
0.318124
0.371909
0.415094
0.447574
0.388946
3.59958e-32
0.101698
6.82166e-32
0.0982393
0.186807
0.276585
0.265477
0.193972
0.0982393
0.101698
6.82166e-32
3.59958e-32
0.349328
0.412018
0.392371
0.334057
0.440279
0.506638
0.477661
0.464498
0.520514
0.538333
0.559506
0.504429
0.570106
0.525882
0.520514
0.570106
0.193972
0.276585
0.265477
0.186807
0.412018
0.349328
0.392371
0.334057
0.559506
0.538333
0.464498
0.504429
0.506638
0.440279
0.477661
3.82709e-32
0.108102
7.21536e-32
0.104985
0.2008
0.207289
0.297299
0.287192
0.104985
0.108102
7.21536e-32
3.82709e-32
0.377897
0.448873
0.430852
0.363943
0.207289
0.287192
0.297299
0.2008
0.487755
0.510046
0.534503
0.561259
0.597107
0.602384
0.633318
0.570986
0.664328
0.618044
0.653983
0.612807
0.612807
0.664328
0.653983
0.597107
0.363943
0.448873
0.377897
0.430852
0.633318
0.534503
0.561259
0.510046
0.487755
0.570986
0.602384
4.03045e-32
0.111049
0.113825
7.56486e-32
0.213444
0.21926
0.316017
0.306907
0.403835
0.482479
0.466082
0.391195
0.111049
0.113825
7.56486e-32
4.03045e-32
0.316017
0.21926
0.306907
0.213444
0.531376
0.551742
0.611443
0.586905
0.403835
0.466082
0.391195
0.482479
0.632532
0.661428
0.701568
0.668138
0.693636
0.708958
0.731763
0.751934
0.762033
0.708958
0.714071
0.762033
0.693636
0.731763
0.751934
0.668138
0.551742
0.661428
0.586905
0.531376
0.701568
0.632532
0.611443
4.20973e-32
7.87029e-32
0.116432
0.118869
0.224743
0.229888
0.332743
0.324628
0.427147
0.512842
0.498065
0.41582
0.116432
0.118869
7.87029e-32
4.20973e-32
0.571149
0.589594
0.657196
0.634873
0.332743
0.229888
0.324628
0.224743
0.498065
0.512842
0.427147
0.41582
0.715471
0.689075
0.764264
0.73361
0.589594
0.571149
0.634873
0.657196
0.793256
0.768368
0.832925
0.803449
0.808216
0.852618
0.813205
0.862477
0.862477
0.793256
0.808216
0.852618
0.768368
0.73361
0.689075
0.803449
0.715471
0.764264
0.832925
4.36499e-32
0.123235
8.13175e-32
0.121137
0.2347
0.239175
0.347482
0.34036
0.447842
0.539971
0.437822
0.52681
0.607081
0.62361
0.698529
0.678414
0.121137
0.123235
8.13175e-32
4.36499e-32
0.239175
0.347482
0.34036
0.2347
0.821414
0.764523
0.740621
0.793531
0.539971
0.447842
0.52681
0.437822
0.678414
0.607081
0.62361
0.698529
0.907309
0.870942
0.837011
0.869051
0.740621
0.821414
0.764523
0.793531
0.909847
0.895243
0.955317
0.936089
0.964943
0.91472
0.909847
0.964943
0.870942
0.907309
0.869051
0.895243
0.955317
0.936089
0.837011
4.49629e-32
0.126926
8.34938e-32
0.125165
0.243319
0.247127
0.360239
0.354107
0.465925
0.45721
0.563874
0.552325
0.639184
0.653802
0.735453
0.717541
4.49629e-32
8.34938e-32
0.125165
0.126926
0.847913
0.787182
0.808597
0.873032
0.243319
0.247127
0.360239
0.354107
0.563874
0.465925
0.552325
0.45721
0.928582
0.975098
0.942027
0.899575
0.717541
0.735453
0.639184
0.653802
0.787182
0.808597
0.847913
0.873032
1.01246
1.04056
0.975161
0.998888
0.975098
0.928582
0.899575
0.942027
1.01791
1.01315
1.06874
1.05934
1.01246
1.06874
1.04056
1.05934
0.998888
1.01315
0.975161
4.6037e-32
0.129942
8.52328e-32
0.128518
0.250604
0.253746
0.371022
0.365877
0.473992
0.481406
0.584563
0.57462
0.667469
0.680183
0.767983
0.752266
0.128518
0.129942
8.52328e-32
4.6037e-32
0.896771
0.828773
0.84771
0.919135
0.250604
0.365877
0.371022
0.253746
1.03631
1.00653
0.98206
0.956077
0.481406
0.584563
0.57462
0.473992
0.752266
0.767983
0.680183
0.667469
1.08174
1.11823
1.08034
1.04798
0.919135
0.828773
0.84771
0.896771
1.03631
0.98206
0.956077
1.00653
1.11744
1.10351
1.14568
1.16402
1.08034
1.04798
1.11823
1.08174
1.1732
1.12209
1.11744
1.10351
1.16402
1.14568
1.1732
4.68728e-32
0.132286
8.65357e-32
0.131198
0.256558
0.259037
0.379835
0.375674
0.131198
0.132286
8.65357e-32
4.68728e-32
0.488174
0.494293
0.602047
0.593705
0.691948
0.702763
0.796134
0.782604
0.959744
0.940125
0.865412
0.881878
0.375674
0.256558
0.379835
0.259037
1.02951
1.06446
1.09097
1.00654
0.488174
0.602047
0.593705
0.494293
1.15423
1.14396
1.18834
1.11373
0.796134
0.702763
0.782604
0.691948
0.959744
0.881878
0.865412
0.940125
1.20847
1.22398
1.2508
1.18583
1.09097
1.02951
1.00654
1.06446
1.18834
1.15423
1.11373
1.14396
1.22207
1.22661
1.27768
1.26871
1.20847
1.18583
1.22398
1.2508
1.27768
1.22207
1.26871
4.74708e-32
0.13396
8.74032e-32
0.133207
0.261185
0.263002
0.386684
0.383504
0.499766
0.504591
0.616336
0.60959
0.133207
0.13396
8.74032e-32
4.74708e-32
0.383504
0.386684
0.261185
0.263002
0.712634
0.721557
0.81992
0.808571
0.91112
0.99488
0.977994
0.897115
1.07095
1.11585
1.1391
1.05098
0.499766
0.60959
0.616336
0.504591
1.19915
1.25093
1.22057
1.17244
0.712634
0.808571
0.721557
0.81992
1.29429
1.32911
1.26013
1.29101
0.977994
0.99488
0.91112
0.897115
1.07095
1.11585
1.05098
1.1391
1.32641
1.35531
1.37281
1.31312
1.22057
1.19915
1.25093
1.17244
1.26013
1.32911
1.29101
1.29429
1.33085
1.31312
1.38157
1.38157
1.32641
1.35531
1.37281
4.78313e-32
0.134963
8.78358e-32
0.134545
0.264489
0.265643
0.391572
0.389373
0.508774
0.512309
0.62744
0.622286
0.729539
0.830182
0.736576
0.839359
0.134545
0.134963
8.78358e-32
4.78313e-32
0.265643
0.389373
0.391572
0.264489
0.622286
0.62744
0.512309
0.508774
0.935455
1.02456
1.0104
0.923901
1.16073
1.18074
1.08942
1.10641
1.30603
1.27941
1.24734
1.22412
0.830182
0.729539
0.839359
0.736576
1.32645
1.35662
1.39899
1.3651
0.923901
0.935455
1.0104
1.02456
1.39527
1.45863
1.41688
1.43303
1.18074
1.10641
1.16073
1.08942
1.30603
1.24734
1.27941
1.22412
1.48429
1.42987
1.47573
1.4342
1.32645
1.35662
1.3651
1.39899
1.41688
1.39527
1.48429
1.47573
1.43303
1.42987
1.45863
4.79545e-32
0.135298
8.78339e-32
0.135214
0.266469
0.266964
0.394504
0.393282
0.515203
0.517452
0.635365
0.631799
0.135214
0.135298
8.78339e-32
4.79545e-32
0.742674
0.854462
0.847451
0.747831
0.9549
1.04882
1.03737
0.945789
0.393282
0.394504
0.266964
0.266469
0.631799
0.635365
0.517452
0.515203
0.742674
0.747831
0.847451
0.854462
1.19913
1.1219
1.21591
1.13591
1.35367
1.33078
1.28857
1.26883
1.38482
1.41104
1.4605
1.43079
1.03737
0.945789
0.9549
1.04882
1.50191
1.49806
1.53518
1.46857
1.1219
1.19913
1.21591
1.13591
1.53187
1.5602
1.57692
1.51918
1.33078
1.35367
1.28857
1.26883
1.4605
1.41104
1.43079
1.38482
1.58529
1.5361
1.53187
1.58529
1.50191
1.46857
1.57692
1.53518
1.49806
1.51918
1.5602
4.78406e-32
0.134963
8.73974e-32
0.135214
0.26713
0.266964
0.395481
0.395237
0.519059
0.520022
0.640118
0.638138
0.75205
0.755329
0.865241
0.860391
0.135214
0.134963
8.73974e-32
4.78406e-32
0.266964
0.395237
0.395481
0.26713
0.969469
1.06766
1.05891
0.962794
1.15948
1.24464
1.23107
1.14844
0.520022
0.519059
0.638138
0.640118
0.860391
0.75205
0.865241
0.755329
0.969469
0.962794
1.06766
1.05891
1.37471
1.39391
1.32286
1.30658
1.43529
1.45757
1.51366
1.48812
1.56202
1.53306
1.60252
1.57
1.14844
1.23107
1.15948
1.24464
1.65952
1.63505
1.61947
1.59883
1.30658
1.32286
1.39391
1.37471
1.63188
1.67587
1.68405
1.63602
1.51366
1.48812
1.43529
1.45757
1.53306
1.56202
1.57
1.60252
1.63188
1.61947
1.68405
1.67587
1.59883
1.63505
1.65952
4.74895e-32
0.13396
8.65261e-32
0.134545
0.266469
0.265643
0.394504
0.395237
0.641306
0.520344
0.520022
0.641702
0.134545
0.13396
8.65261e-32
4.74895e-32
0.757672
0.759076
0.871704
0.869011
0.979175
1.0811
1.07505
0.97493
0.265643
0.395237
0.394504
0.266469
0.641306
0.641702
0.520344
0.520022
1.17714
1.26695
1.25659
1.16905
1.35025
1.41126
1.33742
1.42677
0.869011
0.871704
0.759076
0.757672
1.07505
0.97493
0.979175
1.0811
1.26695
1.17714
1.16905
1.25659
1.4779
1.53714
1.55854
1.49627
1.58881
1.61341
1.66072
1.63276
1.69708
1.73215
1.66888
1.70033
1.33742
1.41126
1.42677
1.35025
1.71727
1.7294
1.75608
1.77207
1.4779
1.55854
1.53714
1.49627
1.78008
1.78008
1.73345
1.7294
1.61341
1.66072
1.58881
1.63276
1.77207
1.75608
1.70033
1.66888
1.73215
1.71727
1.69708
4.6901e-32
0.132286
8.52194e-32
0.133207
0.264489
0.263002
0.391572
0.393282
0.640118
0.641306
0.519059
0.517452
0.759545
0.759076
0.873858
0.87332
0.133207
0.132286
8.52194e-32
4.6901e-32
0.263002
0.393282
0.391572
0.264489
0.984025
1.08917
1.08581
0.982207
1.1889
1.28287
1.27571
1.18375
0.641306
0.640118
0.517452
0.519059
0.87332
0.759545
0.873858
0.759076
1.37076
1.45228
1.36137
1.44044
1.51269
1.57789
1.59519
1.52717
0.984025
0.982207
1.08917
1.08581
1.18375
1.27571
1.28287
1.1889
1.36137
1.44044
1.45228
1.37076
1.63585
1.68641
1.65613
1.70983
1.72941
1.79489
1.75613
1.76475
1.82602
1.79233
1.84944
1.81208
1.51269
1.57789
1.52717
1.59519
1.87292
1.82396
1.82792
1.86509
1.63585
1.65613
1.70983
1.68641
1.82396
1.87292
1.86509
1.81208
1.76475
1.75613
1.72941
1.79489
1.82602
1.79233
1.84944
4.60746e-32
0.129942
8.34765e-32
0.131198
0.261185
0.259037
0.386684
0.389373
0.512309
0.635365
0.638138
0.515203
0.131198
0.129942
8.34765e-32
4.60746e-32
0.757672
0.755329
0.871704
0.87332
0.984025
1.09185
0.984632
1.09118
0.259037
0.389373
0.386684
0.261185
0.638138
0.635365
0.515203
0.512309
1.19478
1.29242
1.28844
1.19257
1.4623
1.38443
1.47049
1.37845
0.755329
0.757672
0.871704
0.87332
0.984632
1.09118
1.09185
0.984025
1.53971
1.55031
1.61044
1.62364
1.67426
1.69024
1.74992
1.731
1.19478
1.29242
1.19257
1.28844
1.47049
1.38443
1.37845
1.4623
1.62364
1.53971
1.61044
1.55031
1.78048
1.82257
1.80249
1.84782
1.91625
1.88577
1.88416
1.85717
1.91511
1.93917
1.95449
1.90349
1.67426
1.74992
1.69024
1.731
1.91511
1.96216
1.91899
1.96216
1.84782
1.82257
1.78048
1.80249
1.90349
1.91625
1.88577
1.93917
1.95449
1.85717
1.88416
4.50099e-32
0.126926
8.12963e-32
0.128518
0.256558
0.383504
0.253746
0.379835
0.504591
0.62744
0.631799
0.508774
0.128518
0.126926
8.12963e-32
4.50099e-32
0.75205
0.747831
0.865241
0.869011
0.253746
0.383504
0.379835
0.256558
0.979175
0.982207
1.08917
1.09118
1.19478
1.2956
1.2948
1.19551
0.508774
0.631799
0.62744
0.504591
0.747831
0.869011
0.75205
0.865241
1.47686
1.39126
1.4814
1.3887
1.56572
1.55898
1.64393
1.6348
0.982207
1.08917
1.09118
0.979175
1.2948
1.2956
1.19478
1.19551
1.70408
1.78103
1.76659
1.71578
1.891
1.82216
1.83949
1.87062
1.4814
1.39126
1.3887
1.47686
1.55898
1.6348
1.64393
1.56572
1.70408
1.71578
1.76659
1.78103
1.94572
1.91184
1.9354
1.97258
2.00244
2.02489
1.99108
1.97215
2.04741
2.00625
2.0399
2.00246
1.87062
1.83949
1.82216
1.891
2.04741
2.00246
2.0399
1.99108
2.02489
1.94572
2.00244
1.91184
1.97215
1.9354
1.97258
4.37063e-32
0.123235
7.86778e-32
0.125165
0.125165
0.123235
7.86778e-32
4.37063e-32
0.250604
0.371022
0.375674
0.247127
0.494293
0.616336
0.622286
0.499766
0.742674
0.736576
0.854462
0.860391
0.375674
0.371022
0.250604
0.247127
0.97493
0.969469
1.0811
1.08581
0.622286
0.616336
0.494293
0.499766
1.1889
1.29242
1.2948
1.19257
1.39126
1.48504
1.48413
1.39211
0.736576
0.860391
0.742674
0.854462
0.969469
1.0811
0.97493
1.08581
1.57054
1.57342
1.6561
1.65103
1.72534
1.73278
1.79324
1.80322
1.29242
1.1889
1.19257
1.2948
1.39126
1.39211
1.48413
1.48504
1.8545
1.86719
1.92451
1.90896
1.95645
2.01853
1.975
1.99685
1.57054
1.65103
1.57342
1.6561
1.72534
1.80322
1.73278
1.79324
1.8545
1.92451
1.90896
1.86719
2.08423
2.05594
2.03004
2.05497
2.12095
2.10625
2.07449
2.08563
2.08563
2.08935
2.12831
2.12831
1.95645
1.99685
2.01853
1.975
2.12095
2.05594
2.07449
2.10625
2.05497
2.08423
2.03004
4.21633e-32
0.118869
7.56197e-32
0.121137
0.243319
0.239176
0.360239
0.365877
0.121137
0.118869
7.56197e-32
4.21633e-32
0.365877
0.360239
0.243319
0.239176
0.481406
0.602047
0.60959
0.488174
0.729539
0.721557
0.839359
0.847451
0.962794
0.9549
1.06766
1.07505
0.488174
0.481406
0.60959
0.602047
1.17714
1.28287
1.28844
1.18375
0.847451
0.839359
0.729539
0.721557
1.38443
1.4814
1.48413
1.3887
1.57439
1.66015
1.65914
1.57342
0.962794
1.06766
0.9549
1.07505
1.28287
1.28844
1.17714
1.18375
1.74127
1.81652
1.73809
1.81098
1.87757
1.88563
1.9484
1.93765
1.4814
1.3887
1.48413
1.38443
1.57342
1.65914
1.57439
1.66015
1.99106
2.00464
2.05417
2.03763
2.10979
2.13262
2.07725
2.09687
1.81098
1.73809
1.74127
1.81652
1.88563
1.87757
1.9484
1.93765
1.99106
2.05417
2.03763
2.00464
2.18292
2.16133
2.13519
2.15337
2.16795
2.1643
2.19734
2.20456
2.1643
2.20456
2.15337
2.19734
2.07725
2.13519
2.13262
2.09687
2.16133
2.18292
2.10979
4.038e-32
0.116432
0.113825
7.21208e-32
0.2347
0.229888
0.347482
0.354107
0.465925
0.584563
0.593705
0.473992
0.116432
0.113825
7.21208e-32
4.038e-32
0.229888
0.354107
0.347482
0.2347
0.593705
0.584563
0.465925
0.473992
0.712634
0.702763
0.819921
0.830182
0.945789
0.935455
1.04882
1.05891
1.16905
1.15948
1.26695
1.27571
0.702763
0.830182
0.712634
0.819921
1.37076
1.47049
1.47686
1.37845
0.945789
1.04882
1.05891
0.935455
1.65914
1.57054
1.56572
1.6561
1.82095
1.74234
1.74127
1.81984
1.15948
1.16905
1.27571
1.26695
1.37845
1.47686
1.47049
1.37076
1.89139
1.96272
1.95675
1.89484
2.01573
2.07958
2.02436
2.06815
1.65914
1.57054
1.56572
1.6561
1.82095
1.74127
1.81984
1.74234
2.17014
2.15273
2.12822
2.11386
2.20524
2.18467
2.20959
2.23342
1.89139
1.96272
1.95675
1.89484
2.01573
2.07958
2.02436
2.06815
2.15273
2.11386
2.17014
2.12822
2.22744
2.26878
2.23816
2.25462
2.27586
2.27586
2.24174
2.23816
2.22744
2.23342
2.25462
2.26878
2.20524
2.20959
2.18467
3.8356e-32
6.81799e-32
0.111049
0.108102
0.224743
0.219261
0.332743
0.34036
0.447842
0.563874
0.57462
0.45721
0.111049
0.108102
6.81799e-32
3.8356e-32
0.691948
0.680183
0.796134
0.808571
0.219261
0.34036
0.332743
0.224743
0.45721
0.447842
0.57462
0.563874
0.680183
0.808571
0.796134
0.691948
0.923901
0.911121
1.02456
1.03737
1.13591
1.24464
1.25659
1.14844
1.35025
1.45228
1.4623
1.36137
0.923901
1.03737
1.02456
0.911121
1.55898
1.64393
1.65103
1.55031
1.24464
1.25659
1.13591
1.14844
1.73278
1.81652
1.73809
1.81984
1.96749
1.896
1.89484
1.9663
1.45228
1.35025
1.36137
1.4623
1.65103
1.55898
1.64393
1.55031
2.08846
2.03052
2.03421
2.0948
2.14908
2.18486
2.13996
2.19688
1.73278
1.81652
1.73809
1.81984
1.96749
1.89484
1.896
1.9663
2.27258
2.25441
2.23809
2.22304
2.30027
2.27889
2.29642
2.3211
2.03052
2.0948
2.08846
2.03421
2.19688
2.18486
2.13996
2.14908
2.22304
2.25441
2.23809
2.27258
2.31046
2.30695
2.33501
2.34198
2.34198
2.30695
2.29642
2.3211
2.33501
2.30027
2.27889
3.60904e-32
0.101698
6.37959e-32
0.104985
0.104985
0.101698
6.37959e-32
3.60904e-32
0.213444
0.207289
0.316017
0.324628
0.427147
0.539971
0.552325
0.437822
0.667469
0.653802
0.767983
0.782604
0.324628
0.316017
0.213444
0.207289
0.897115
0.881878
0.99488
1.0104
0.552325
0.427147
0.539971
0.437822
0.767983
0.653802
0.782604
0.667469
0.897115
1.0104
0.99488
0.881878
1.1219
1.10641
1.21591
1.23107
1.32286
1.42677
1.44044
1.33742
1.53971
1.6348
1.52717
1.62364
1.21591
1.23107
1.10641
1.1219
1.71578
1.81098
1.72534
1.80322
1.32286
1.33742
1.44044
1.42677
1.96272
1.9663
1.89139
1.88563
2.09861
2.03544
2.09987
2.03421
1.6348
1.53971
1.52717
1.62364
1.81098
1.72534
1.71578
1.80322
2.1595
2.2129
2.20623
2.15559
2.25994
2.28793
2.30048
2.25038
1.88563
1.89139
1.9663
1.96272
2.09987
2.03421
2.03544
2.09861
2.36165
2.33441
2.34284
2.31878
2.36007
2.37042
2.39583
2.38214
2.15559
2.1595
2.20623
2.2129
2.25038
2.25994
2.30048
2.28793
2.33441
2.36165
2.31878
2.34284
2.37388
2.40268
2.40268
2.37042
2.38214
2.39583
2.36007
3.3583e-32
0.0946102
5.89679e-32
0.0982393
3.3583e-32
0.0982393
0.0946102
5.89679e-32
0.2008
0.193972
0.2973
0.306908
0.306908
0.2973
0.2008
0.193972
0.41582
0.403835
0.512842
0.52681
0.639184
0.62361
0.735453
0.752266
0.865412
0.84771
0.959744
0.977995
0.52681
0.512842
0.403835
0.41582
1.08942
1.07095
1.18074
1.19913
0.62361
0.752266
0.735453
0.639184
0.865412
0.977995
0.959744
0.84771
1.07095
1.08942
1.19913
1.18074
1.28857
1.39391
1.41126
1.30658
1.51269
1.59519
1.49627
1.61044
1.79324
1.70408
1.69024
1.78103
1.28857
1.39391
1.41126
1.30658
1.95675
1.86719
1.87757
1.9484
1.49627
1.61044
1.59519
1.51269
2.0948
2.09861
2.02436
2.03052
2.1595
2.21691
2.21824
2.1608
1.79324
1.78103
1.69024
1.70408
1.87757
1.95675
1.86719
1.9484
2.31719
2.26676
2.27085
2.31023
2.35712
2.39054
2.37755
2.34719
2.0948
2.03052
2.02436
2.09861
2.1608
2.21691
2.1595
2.21824
2.40124
2.4182
2.43755
2.41737
2.42839
2.43179
2.45103
2.45778
2.27085
2.26676
2.31023
2.31719
2.39054
2.34719
2.37755
2.35712
2.45778
2.40124
2.45103
2.42839
2.4182
2.43755
2.41737
0.09081
0.0868388
5.36953e-32
3.08331e-32
3.08331e-32
0.0868388
5.36953e-32
0.09081
0.186807
0.179304
0.276585
0.287192
0.186807
0.179304
0.287192
0.276585
0.377897
0.482479
0.498065
0.391195
0.498065
0.482479
0.377897
0.391195
0.607082
0.589594
0.698529
0.717541
0.828773
0.808597
0.919135
0.940125
1.05098
1.02951
1.1391
1.16073
0.698529
0.589594
0.717541
0.607082
1.26883
1.24734
1.35367
1.37471
0.808597
0.828773
0.940125
0.919135
1.1391
1.05098
1.16073
1.02951
1.26883
1.37471
1.35367
1.24734
1.57789
1.4779
1.45757
1.55854
1.76659
1.67426
1.74992
1.65613
1.93765
1.83949
1.92451
1.8545
1.57789
1.55854
1.4779
1.45757
2.08846
2.00464
2.07958
2.01573
1.76659
1.65613
1.67426
1.74992
2.14908
2.2129
2.15559
2.21691
2.32136
2.32275
2.27222
2.27085
1.93765
1.92451
1.83949
1.8545
2.00464
2.01573
2.08846
2.07958
2.36846
2.40784
2.40064
2.36421
2.4408
2.45391
2.46727
2.43056
2.15559
2.2129
2.21691
2.14908
2.27085
2.27222
2.32136
2.32275
2.47062
2.48717
2.50046
2.48066
2.48066
2.48401
2.50711
2.50711
2.40064
2.36421
2.40784
2.36846
2.4408
2.46727
2.45391
2.50046
2.48717
2.43056
2.47062
0.0826962
0.0783825
4.79775e-32
2.78405e-32
0.265478
0.25387
0.171464
0.163284
2.78405e-32
0.0783825
4.79775e-32
0.0826962
0.171464
0.163284
0.25387
0.265478
0.349328
0.448873
0.466082
0.363943
0.448873
0.349328
0.363943
0.466082
0.571149
0.551742
0.657196
0.678414
0.551742
0.678414
0.657196
0.571149
0.787182
0.764523
0.873032
0.896772
1.00654
0.98206
1.09097
1.11585
1.19915
1.30603
1.33078
1.22412
0.764523
0.787182
0.896772
0.873032
1.43529
1.41104
1.51366
1.53714
0.98206
1.09097
1.00654
1.11585
1.30603
1.22412
1.33078
1.19915
1.41104
1.53714
1.43529
1.51366
1.61341
1.63586
1.70983
1.731
1.90896
1.80249
1.891
1.82216
2.05417
1.975
2.06815
1.99106
1.731
1.70983
1.61341
1.63586
2.12822
2.20623
2.19688
2.13996
1.80249
1.82216
1.90896
1.891
2.31719
2.25994
2.32136
2.26676
2.36987
2.4136
2.41216
2.36846
2.06815
2.05417
1.99106
1.975
2.20623
2.13996
2.12822
2.19688
2.47765
2.44812
2.4525
2.48506
2.5112
2.50069
2.53085
2.51718
2.31719
2.26676
2.25994
2.32136
2.36987
2.4136
2.41216
2.36846
2.5304
2.54398
2.5271
2.55055
2.5271
2.54398
2.51718
2.55055
2.47765
2.4525
2.48506
2.44812
2.53085
2.5112
2.50069
0.0738971
0.0692406
4.18142e-32
2.46049e-32
0.241761
0.229151
0.154768
0.145911
2.46049e-32
0.0692406
4.18142e-32
0.0738971
0.430852
0.412018
0.318124
0.334057
0.154768
0.145911
0.229151
0.241761
0.318124
0.412018
0.430852
0.334057
0.531376
0.510046
0.611443
0.634873
0.634873
0.611443
0.531376
0.510046
0.740621
0.715471
0.821414
0.847913
0.740621
0.847913
0.821414
0.715471
0.956077
0.928582
1.03631
1.06446
1.17244
1.14396
1.25093
1.27941
1.38482
1.35662
1.4605
1.48812
1.03631
0.956077
1.06446
0.928582
1.68641
1.58881
1.66072
1.56202
1.14396
1.25093
1.27941
1.17244
1.35662
1.48812
1.4605
1.38482
1.68641
1.56202
1.58881
1.66072
1.84782
1.75613
1.87062
1.78048
2.01853
2.03763
1.9354
1.95645
2.18486
2.09687
2.17014
2.11386
1.75613
1.87062
1.84782
1.78048
2.23809
2.30048
2.31023
2.25038
1.9354
2.01853
2.03763
1.95645
2.35712
2.40784
2.36421
2.41216
2.45396
2.4525
2.4895
2.49099
2.11386
2.09687
2.18486
2.17014
2.31023
2.25038
2.30048
2.23809
2.54147
2.54904
2.52319
2.5187
2.56756
2.55777
2.56848
2.58147
2.36421
2.40784
2.35712
2.41216
2.49099
2.45396
2.4525
2.4895
2.57083
2.56756
2.58796
2.58796
2.54147
2.52319
2.55777
2.58147
2.5187
2.54904
2.56848
0.0644124
0.0594129
3.52056e-32
2.11264e-32
0.21604
0.202428
0.136718
0.127184
2.11264e-32
0.0594129
3.52056e-32
0.0644124
0.392371
0.371909
0.284282
0.301534
0.136718
0.127184
0.202428
0.21604
0.586905
0.561259
0.487755
0.464498
0.284282
0.371909
0.392371
0.301534
0.487755
0.464498
0.561259
0.586905
0.689075
0.661428
0.764264
0.793531
0.689075
0.793531
0.764264
0.661428
0.899575
0.869051
0.975098
1.00653
0.869051
0.899575
1.00653
0.975098
1.08174
1.18834
1.22057
1.11373
1.32645
1.29429
1.39899
1.43079
1.53306
1.63276
1.50191
1.60252
1.08174
1.22057
1.18834
1.11373
1.70033
1.82257
1.79489
1.72941
1.29429
1.39899
1.43079
1.32645
1.60252
1.50191
1.63276
1.53306
1.79489
1.70033
1.72941
1.82257
1.99685
1.88577
1.97258
1.91184
2.05497
2.15273
2.13262
2.07725
2.20524
2.27258
2.28793
2.22304
1.97258
1.99685
1.88577
1.91184
2.39054
2.33441
2.34719
2.40064
2.15273
2.07725
2.05497
2.13262
2.4408
2.48506
2.44812
2.4895
2.5551
2.52469
2.52319
2.55359
2.28793
2.20524
2.22304
2.27258
2.39054
2.34719
2.40064
2.33441
2.57613
2.59227
2.59998
2.58072
2.61284
2.60196
2.6052
2.61928
2.4895
2.4408
2.48506
2.44812
2.52469
2.55359
2.52319
2.5551
2.58072
2.59227
2.59998
2.60196
2.61928
2.61284
2.57613
0.0542419
0.0488997
2.81516e-32
1.74049e-32
0.188313
0.173698
0.117314
0.107103
1.74049e-32
0.0488997
2.81516e-32
0.0542419
0.350633
0.328544
0.247799
0.266371
0.117314
0.107103
0.173698
0.188313
0.534503
0.506638
0.440279
0.415094
0.247799
0.328544
0.350633
0.266371
0.632533
0.73361
0.701568
0.602384
0.440279
0.415094
0.506638
0.534503
0.632533
0.602384
0.701568
0.73361
0.837011
0.803449
0.907309
0.942027
0.837011
0.942027
0.803449
0.907309
1.04798
1.01246
1.11823
1.15423
1.11823
1.01246
1.04798
1.15423
1.26013
1.22398
1.32911
1.3651
1.57
1.46857
1.43303
1.53518
1.73215
1.76475
1.63505
1.66889
1.22398
1.3651
1.32911
1.26013
1.82602
1.91625
1.94572
1.85717
1.53518
1.43303
1.57
1.46857
1.73215
1.63505
1.76475
1.66889
1.82602
1.91625
1.85717
1.94572
2.10979
2.08423
2.00244
2.03004
2.16133
2.23342
2.25441
2.18467
2.36165
2.31878
2.37755
2.30027
2.10979
2.08423
2.00244
2.03004
2.43056
2.41737
2.47765
2.46727
2.23342
2.18467
2.16133
2.25441
2.54904
2.5112
2.5187
2.55359
2.60614
2.6046
2.58225
2.58072
2.30027
2.36165
2.31878
2.37755
2.46727
2.47765
2.43056
2.41737
2.63021
2.63802
2.6206
2.62525
2.63342
2.64441
2.64441
2.63021
2.5187
2.54904
2.55359
2.5112
2.6046
2.63802
2.58225
2.60614
2.62525
2.6206
2.58072
0.0433859
0.0377011
2.06527e-32
1.34405e-32
1.34405e-32
0.0377011
2.06527e-32
0.0433859
0.158581
0.142963
0.0965554
0.0856678
0.305639
0.28192
0.208676
0.228568
0.0965554
0.0856678
0.142963
0.158581
0.361832
0.477661
0.447574
0.388946
0.208676
0.28192
0.305639
0.228568
0.570986
0.668138
0.633318
0.538333
0.388946
0.361832
0.447574
0.477661
0.768368
0.870942
0.832926
0.731763
0.570986
0.538333
0.633318
0.668138
0.768368
0.731763
0.832926
0.870942
0.975161
0.936089
1.04056
1.08034
0.975161
1.08034
1.04056
0.936089
1.18583
1.14568
1.2508
1.29101
1.29101
1.14568
1.2508
1.18583
1.49806
1.39527
1.45863
1.35531
1.5602
1.59883
1.69708
1.65952
1.75608
1.88416
1.84944
1.79233
1.45863
1.35531
1.49806
1.39527
1.93917
2.05594
2.02489
1.97215
1.5602
1.65952
1.59883
1.69708
1.84944
1.75608
1.88416
1.79233
2.05594
1.93917
2.02489
1.97215
2.20959
2.10625
2.18292
2.13519
2.3211
2.25462
2.34284
2.27889
2.40124
2.38214
2.43755
2.45391
2.10625
2.18292
2.20959
2.13519
2.48717
2.54147
2.50069
2.53085
2.25462
2.34284
2.27889
2.3211
2.56848
2.59998
2.57613
2.6046
2.64426
2.62525
2.62681
2.6427
2.40124
2.45391
2.43755
2.38214
2.50069
2.53085
2.48717
2.54147
2.66331
2.65544
2.65225
2.65695
2.65695
2.6427
2.65225
2.66331
2.59998
2.57613
2.56848
2.6046
2.62681
2.64426
2.62525
9.2335e-33
0.0258178
1.27092e-32
0.0318449
0.0318449
0.0258178
1.27092e-32
9.2335e-33
0.126844
0.110224
0.0744437
0.0628799
0.0744437
0.0628799
0.110224
0.126844
0.257386
0.232039
0.166914
0.188126
0.416376
0.384068
0.333755
0.304711
0.166914
0.232039
0.188126
0.257386
0.504429
0.597107
0.559506
0.469271
0.333755
0.304711
0.384068
0.416376
0.693636
0.793256
0.653983
0.751934
0.504429
0.469271
0.559506
0.597107
0.895243
0.998888
0.955317
0.852618
0.693636
0.653983
0.751934
0.793256
0.895243
0.852618
0.955317
0.998888
1.10351
1.05934
1.16402
1.20847
1.10351
1.20847
1.05934
1.16402
1.26871
1.37281
1.31312
1.41688
1.26871
1.41688
1.37281
1.31312
1.57692
1.61947
1.47573
1.51918
1.67587
1.81208
1.71727
1.77207
1.86509
1.95449
1.99108
1.90349
1.57692
1.47573
1.61947
1.51918
2.0399
2.15337
2.12095
2.07449
1.77207
1.67587
1.71727
1.81208
1.99108
1.86509
1.95449
1.90349
2.12095
2.0399
2.15337
2.07449
2.26878
2.29642
2.19734
2.22744
2.39583
2.33501
2.4182
2.36007
2.47062
2.50046
2.51718
2.45103
2.19734
2.29642
2.22744
2.26878
2.55777
2.58147
2.54398
2.59227
2.36007
2.39583
2.4182
2.33501
2.6206
2.6427
2.61284
2.63802
2.6696
2.65695
2.66802
2.65852
2.45103
2.47062
2.51718
2.50046
2.55777
2.59227
2.58147
2.54398
2.66802
2.67119
2.67592
2.67592
2.63802
2.6696
2.65852
2.6427
2.6206
2.61284
2.65695
0.0196195
0.0132505
4.32151e-33
4.78403e-33
4.78403e-33
0.0132505
4.32151e-33
0.0196195
0.0509798
0.0387403
0.0754825
0.0931033
0.0931033
0.0754825
0.0509798
0.0387403
0.205878
0.178903
0.122516
0.145045
0.122516
0.145045
0.178903
0.205878
0.350649
0.31612
0.274705
0.243734
0.432862
0.520514
0.480133
0.395199
0.274705
0.243734
0.31612
0.350649
0.612807
0.708958
0.664328
0.570106
0.432862
0.395199
0.480133
0.520514
0.808216
0.909847
0.862477
0.762033
0.612807
0.570106
0.664328
0.708958
1.01315
1.11744
1.06874
0.964943
0.808216
0.762033
0.862477
0.909847
1.11744
1.01315
0.964943
1.06874
1.1732
1.27768
1.32641
1.22207
1.22207
1.32641
1.1732
1.27768
1.53187
1.38157
1.42987
1.48429
1.53187
1.38157
1.48429
1.42987
1.58529
1.68405
1.7294
1.63188
1.78008
1.87292
1.91511
1.82396
2.04741
2.08563
1.96216
2.00246
1.68405
1.58529
1.7294
1.63188
2.12831
2.23816
2.20456
2.1643
1.91511
1.87292
1.78008
1.82396
1.96216
2.08563
2.00246
2.04741
2.12831
2.23816
2.20456
2.1643
2.30695
2.27586
2.34198
2.37043
2.42839
2.40268
2.48066
2.45778
2.56756
2.50711
2.5271
2.55055
2.34198
2.37043
2.27586
2.30695
2.63021
2.61928
2.60196
2.58797
2.40268
2.45778
2.42839
2.48066
2.64441
2.65225
2.66802
2.66331
2.68066
2.6775
2.67592
2.68224
2.55055
2.50711
2.5271
2.56756
2.58797
2.60196
2.63021
2.61928
2.67592
2.66802
2.6775
2.68224
2.64441
2.66331
2.65225
1.12153e-34
0.0067104
0.0067104
1.12153e-34
0.0573612
0.026165
0.026165
0.0573612
0.151115
0.099329
0.099329
0.151115
0.211801
0.280481
0.211801
0.280481
0.356286
0.43836
0.525882
0.618044
0.356286
0.43836
0.714071
0.813205
0.618044
0.525882
0.91472
1.01791
0.813205
0.714071
1.12209
1.22661
0.91472
1.01791
1.12209
1.22661
1.33085
1.4342
1.33085
1.4342
1.5361
1.63602
1.63602
1.5361
1.73345
1.82792
1.91899
2.00625
2.16795
2.08935
1.82792
1.73345
2.31046
2.24174
2.00625
1.91899
2.08935
2.16795
2.31046
2.24174
2.37388
2.43179
2.5304
2.48401
2.6052
2.57083
2.37388
2.43179
2.65544
2.63342
2.5304
2.48401
2.68066
2.67119
2.68382
2.68066
2.57083
2.6052
2.63342
2.67119
2.65544
1.1732
1.58529
1.48429
0.0132505
1.27768
1.38157
1.27768
1.38157
1.1732
0.178903
0.243734
1.06874
1.48429
0.395199
0.964943
0.862477
1.58529
0.762033
0.664328
1.68405
0.570106
0.480133
1.78008
0.31612
1.87292
1.96216
0.122516
0.0754825
2.04741
0.0387403
2.12831
2.20456
0.0132505
1.68405
1.78008
2.27586
2.34198
1.96216
2.40268
0.0387403
2.45778
2.50711
0.0754825
2.55055
2.58797
0.122516
2.61928
2.64441
0.178903
2.50711
2.66331
2.55055
2.67592
0.243734
2.68224
2.68224
0.31612
2.67592
2.66331
0.395199
2.64441
2.61928
0.480133
2.58797
0.570106
2.45778
0.664328
2.40268
2.34198
0.762033
2.27586
2.20456
0.862477
2.12831
2.04741
0.964943
1.87292
1.06874
4.32151e-33
4.32151e-33
4.78403e-33
0.0196195
0.0196195
4.78403e-33
0.0931033
0.0509798
0.0509798
0.0931033
0.145045
0.205878
0.145045
0.205878
0.350649
0.274705
0.274705
0.350649
0.520514
0.432862
0.708958
0.612807
0.432862
0.520514
0.808216
0.909847
0.708958
0.612807
1.11744
1.01315
0.808216
0.909847
1.22207
1.32641
1.01315
1.11744
1.22207
1.32641
1.53187
1.42987
1.53187
1.42987
1.63188
1.7294
1.7294
1.63188
1.91511
1.82396
2.08563
2.00246
2.1643
2.23816
1.82396
1.91511
2.37043
2.30695
2.08563
2.00246
2.23816
2.1643
2.30695
2.37043
2.42839
2.48066
2.56756
2.5271
2.60196
2.63021
2.48066
2.42839
2.66802
2.65225
2.56756
2.5271
2.68066
2.6775
2.6775
2.66802
2.63021
2.60196
2.65225
1.47573
1.37281
1.37281
1.26871
1.47573
1.16402
0.110224
1.05934
0.955317
1.57692
0.852618
1.67587
0.751934
0.653983
0.559506
1.77207
0.469271
1.86509
0.384068
0.304711
0.232039
1.95449
0.166914
2.0399
0.0628799
0.0258178
2.12095
2.19734
0.0258178
2.26878
1.57692
2.33501
2.39583
1.77207
0.0628799
2.45103
2.50046
2.0399
2.54398
0.110224
2.58147
0.166914
2.61284
2.63802
2.65695
2.39583
0.232039
2.6696
0.304711
2.54398
2.67592
2.67592
2.6696
0.384068
2.65695
0.469271
2.63802
2.61284
2.58147
0.559506
0.653983
2.50046
2.45103
0.751934
2.33501
0.852618
2.26878
2.19734
2.12095
0.955317
1.05934
1.95449
1.86509
1.16402
1.67587
1.26871
1.27092e-32
1.27092e-32
9.2335e-33
0.0318449
0.0318449
9.2335e-33
0.126844
0.0744437
0.0744437
0.126844
0.188126
0.257386
0.257386
0.188126
0.416376
0.333755
0.333755
0.416376
0.597107
0.504429
0.693636
0.793256
0.504429
0.597107
0.895243
0.998888
0.793256
0.693636
1.10351
1.20847
0.998888
0.895243
1.41688
1.31312
1.10351
1.20847
1.41688
1.31312
1.51918
1.61947
1.61947
1.51918
1.81208
1.71727
1.71727
1.81208
1.99108
1.90349
2.15337
2.07449
2.22744
2.29642
1.99108
1.90349
2.36007
2.4182
2.07449
2.15337
2.29642
2.22744
2.36007
2.4182
2.47062
2.51718
2.55777
2.59227
2.6206
2.6427
2.51718
2.47062
2.66802
2.65852
2.55777
2.59227
2.67119
2.66802
2.65852
2.6206
2.6427
1.45863
1.2508
1.5602
0.0377011
1.14568
1.04056
0.936089
1.65952
0.832926
0.28192
0.361832
1.75608
0.731763
0.633318
0.538333
1.84944
0.447574
1.93917
0.208676
2.02489
0.142963
2.10625
0.0856678
2.18292
2.25462
0.0377011
2.3211
1.45863
2.38214
0.0856678
2.43755
2.48717
2.53085
1.84944
1.93917
0.142963
2.56848
0.208676
2.59998
2.62525
2.64426
0.28192
2.3211
2.65695
0.361832
2.43755
2.48717
2.66331
2.66331
2.65695
0.447574
2.64426
0.538333
2.62525
2.59998
2.56848
0.633318
2.53085
0.731763
2.38214
0.832926
0.936089
2.25462
2.18292
2.10625
1.04056
2.02489
1.14568
1.75608
1.2508
1.65952
1.35531
1.5602
1.35531
2.06527e-32
2.06527e-32
1.34405e-32
0.0433859
0.0433859
1.34405e-32
0.0965554
0.158581
0.0965554
0.158581
0.228568
0.305639
0.305639
0.228568
0.477661
0.388946
0.388946
0.477661
0.570986
0.668138
0.768368
0.870942
0.570986
0.668138
0.975161
1.08034
0.870942
0.768368
1.29101
1.18583
0.975161
1.08034
1.49806
1.39527
1.18583
1.29101
1.49806
1.39527
1.69708
1.59883
1.69708
1.59883
1.79233
1.88416
1.88416
1.79233
2.05594
1.97215
2.20959
2.13519
2.27889
2.34284
1.97215
2.05594
2.40124
2.45391
2.13519
2.20959
2.34284
2.27889
2.40124
2.45391
2.54147
2.50069
2.57613
2.6046
2.62681
2.6427
2.50069
2.54147
2.65544
2.65225
2.6046
2.57613
2.65225
2.6427
2.62681
1.63505
1.01246
0.907309
1.73215
0.803449
0.701568
1.82602
0.602384
0.506638
1.91625
0.415094
0.328544
2.00244
0.247799
0.173698
2.08423
0.107103
0.0488997
2.16133
2.23342
0.0488997
1.11823
1.22398
2.30027
2.36165
1.43303
2.41737
0.107103
2.46727
2.5112
0.173698
2.54904
2.58072
0.247799
2.60614
2.62525
0.328544
2.16133
2.63802
2.23342
2.64441
0.415094
2.64441
2.63802
0.506638
2.46727
2.5112
2.62525
2.60614
0.602384
2.58072
2.54904
0.701568
0.803449
2.41737
2.36165
0.907309
2.30027
1.01246
2.08423
1.11823
2.00244
1.91625
1.22398
1.82602
1.73215
1.32911
1.63505
1.53518
1.43303
1.32911
1.53518
2.81516e-32
2.81516e-32
1.74049e-32
0.0542419
0.0542419
1.74049e-32
0.188313
0.117314
0.117314
0.188313
0.350633
0.266371
0.266371
0.350633
0.534503
0.440279
0.440279
0.534503
0.73361
0.632533
0.837011
0.942027
0.73361
0.632533
1.15423
1.04798
0.837011
0.942027
1.3651
1.26013
1.15423
1.04798
1.57
1.46857
1.3651
1.26013
1.46857
1.57
1.76475
1.66889
1.66889
1.76475
1.94572
1.85717
1.85717
1.94572
2.10979
2.03004
2.25441
2.18467
2.31878
2.37755
2.03004
2.10979
2.47765
2.43056
2.18467
2.25441
2.37755
2.31878
2.47765
2.43056
2.5187
2.55359
2.58225
2.6046
2.6206
2.63021
2.55359
2.5187
2.63021
2.63342
2.58225
2.6206
2.6046
0.869051
0.764264
1.79489
0.661428
1.88577
0.561259
0.464498
0.371909
1.97258
0.284282
2.05497
0.202428
0.127184
0.0594129
2.13262
2.20524
0.0594129
2.27258
0.975098
2.33441
2.39054
1.18834
0.127184
2.4408
2.48506
1.50191
2.52319
0.202428
2.5551
0.284282
2.58072
2.59998
2.61284
1.97258
0.371909
2.61928
0.464498
2.20524
2.61928
2.61284
2.59998
0.561259
2.39054
2.58072
0.661428
2.5551
2.52319
2.48506
0.764264
2.4408
0.869051
2.33441
2.27258
0.975098
1.08174
2.13262
2.05497
1.18834
1.88577
1.29429
1.79489
1.70033
1.60252
1.39899
1.50191
1.39899
1.29429
1.60252
1.08174
1.70033
3.52056e-32
3.52056e-32
2.11264e-32
0.0644124
0.0644124
2.11264e-32
0.21604
0.136718
0.136718
0.21604
0.392371
0.301534
0.392371
0.301534
0.487755
0.586905
0.487755
0.586905
0.689075
0.793531
0.899575
1.00653
0.689075
0.793531
1.22057
1.11373
1.00653
0.899575
1.43079
1.32645
1.22057
1.11373
1.63276
1.53306
1.43079
1.32645
1.53306
1.63276
1.82257
1.72941
1.82257
1.72941
1.99685
1.91184
1.99685
1.91184
2.15273
2.07725
2.22304
2.28793
2.40064
2.34719
2.07725
2.15273
2.44812
2.4895
2.28793
2.22304
2.34719
2.40064
2.4895
2.44812
2.55359
2.52469
2.59227
2.57613
2.60196
2.6052
2.52469
2.55359
2.59227
2.60196
2.57613
1.84782
0.611443
1.9354
0.510046
0.412018
0.318124
2.01853
0.229151
2.09687
0.145911
0.0692406
2.17014
2.23809
0.0692406
2.30048
0.821414
2.35712
0.145911
2.40784
2.4525
2.49099
1.25093
1.35662
0.229151
2.52319
0.318124
2.54904
2.56848
2.58147
0.412018
1.84782
2.58796
0.510046
2.01853
2.09687
2.58796
2.58147
2.56848
0.611443
2.30048
2.54904
0.715471
2.52319
2.49099
2.4525
0.821414
2.40784
0.928582
2.35712
2.23809
1.03631
2.17014
1.14396
1.9354
1.25093
1.35662
1.75613
1.66072
1.56202
1.4605
1.4605
1.56202
1.14396
1.66072
1.03631
1.75613
0.928582
0.715471
4.18142e-32
4.18142e-32
2.46049e-32
0.0738971
0.0738971
2.46049e-32
0.154768
0.241761
0.154768
0.241761
0.430852
0.334057
0.334057
0.430852
0.531376
0.634873
0.531376
0.634873
0.847913
0.740621
1.06446
0.956077
0.740621
0.847913
1.17244
1.27941
0.956077
1.06446
1.38482
1.48812
1.17244
1.27941
1.58881
1.68641
1.48812
1.38482
1.58881
1.68641
1.87062
1.78048
1.87062
1.78048
2.03763
1.95645
1.95645
2.03763
2.18486
2.11386
2.31023
2.25038
2.36421
2.41216
2.11386
2.18486
2.4895
2.45396
2.31023
2.25038
2.36421
2.41216
2.4895
2.45396
2.54147
2.5187
2.56756
2.55777
2.57083
2.56756
2.5187
2.55777
2.54147
1.975
0.349328
0.25387
2.05417
0.163284
0.0783825
2.12822
2.19688
0.0783825
0.448873
0.551742
2.25994
2.31719
0.764523
2.36846
0.163284
2.4136
2.4525
0.25387
2.48506
2.5112
0.349328
2.53085
2.54398
0.448873
1.61341
2.55055
1.70983
2.55055
0.551742
2.54398
2.53085
0.657196
2.05417
2.12822
2.5112
2.48506
0.764523
2.4525
2.4136
0.873032
2.36846
2.31719
0.98206
2.25994
2.19688
1.09097
1.19915
1.975
1.891
1.30603
1.80249
1.41104
1.51366
1.51366
1.41104
1.30603
1.61341
1.19915
1.09097
1.70983
0.98206
0.873032
1.80249
0.657196
1.891
4.79775e-32
4.79775e-32
2.78405e-32
0.0826962
0.0826962
2.78405e-32
0.265478
0.171464
0.171464
0.265478
0.363943
0.466082
0.466082
0.363943
0.678414
0.571149
0.571149
0.678414
0.787182
0.896772
1.00654
1.11585
0.787182
0.896772
1.33078
1.22412
1.11585
1.00654
1.43529
1.53714
1.22412
1.33078
1.63586
1.731
1.43529
1.53714
1.731
1.63586
1.90896
1.82216
1.82216
1.90896
1.99106
2.06815
2.06815
1.99106
2.20623
2.13996
2.32136
2.26676
2.41216
2.36987
2.20623
2.13996
2.44812
2.47765
2.32136
2.26676
2.36987
2.41216
2.47765
2.44812
2.50069
2.51718
2.5304
2.5271
2.5271
2.51718
2.50069
0.179304
0.0868388
2.07958
2.14908
0.0868388
2.2129
0.276585
2.27085
2.32275
0.482479
0.179304
2.36846
2.40784
0.808597
2.4408
0.276585
2.46727
0.377897
2.48717
2.50046
2.50711
1.35367
0.482479
2.50711
0.589594
1.65613
2.50046
2.48717
2.46727
0.698529
1.92451
2.4408
0.808597
2.40784
2.36846
2.32275
0.919135
2.27085
1.02951
2.2129
2.14908
2.07958
1.1391
2.00464
1.24734
1.83949
1.74992
1.35367
1.45757
1.55854
1.45757
1.55854
1.24734
1.65613
1.1391
1.02951
0.919135
1.74992
1.83949
0.698529
0.589594
1.92451
0.377897
2.00464
5.36953e-32
5.36953e-32
3.08331e-32
0.09081
0.09081
3.08331e-32
0.186807
0.287192
0.186807
0.287192
0.498065
0.391195
0.498065
0.391195
0.717541
0.607082
0.607082
0.717541
0.828773
0.940125
1.16073
1.05098
0.828773
0.940125
1.37471
1.26883
1.05098
1.16073
1.4779
1.57789
1.26883
1.37471
1.67426
1.76659
1.4779
1.57789
1.67426
1.76659
1.93765
1.8545
1.93765
1.8545
2.08846
2.01573
2.08846
2.01573
2.15559
2.21691
2.32136
2.27222
2.40064
2.36421
2.21691
2.15559
2.43056
2.45391
2.32136
2.27222
2.36421
2.40064
2.45391
2.43056
2.48066
2.47062
2.48066
2.48401
2.47062
2.0948
2.1595
0.0946102
0.0946102
2.21824
2.27085
0.193972
2.31719
2.35712
0.512842
0.62361
2.39054
0.2973
2.41737
0.403835
2.43755
2.45103
2.45778
1.18074
0.512842
2.45778
1.39391
1.49627
0.62361
2.45103
2.43755
2.41737
1.78103
0.735453
2.39054
0.84771
2.35712
2.31719
2.0948
2.27085
0.959744
2.21824
1.07095
2.1595
2.02436
1.18074
1.9484
1.28857
1.86719
1.69024
1.39391
1.59519
1.49627
1.28857
1.59519
1.69024
1.07095
0.959744
0.84771
1.78103
0.735453
1.86719
0.403835
1.9484
0.2973
2.02436
0.193972
5.89679e-32
5.89679e-32
3.3583e-32
0.0982393
3.3583e-32
0.0982393
0.306908
0.2008
0.2008
0.306908
0.52681
0.41582
0.52681
0.41582
0.639184
0.752266
0.639184
0.752266
0.977995
0.865412
1.19913
1.08942
0.865412
0.977995
1.41126
1.30658
1.19913
1.08942
1.61044
1.51269
1.30658
1.41126
1.79324
1.70408
1.51269
1.61044
1.79324
1.70408
1.87757
1.95675
1.87757
1.95675
2.09861
2.03052
2.09861
2.03052
2.1608
2.21691
2.31023
2.26676
2.34719
2.37755
2.1608
2.21691
2.4182
2.40124
2.26676
2.31023
2.34719
2.37755
2.4182
2.40124
2.43179
2.42839
2.42839
0.101698
2.1595
2.2129
2.25994
0.207289
2.30048
2.33441
0.316017
2.36165
2.38214
0.427147
2.39583
2.40268
0.881878
0.539971
0.99488
2.40268
2.39583
0.653802
2.38214
2.36165
1.42677
1.52717
0.767983
2.33441
2.30048
0.881878
2.25994
2.2129
0.99488
2.1595
2.09987
1.10641
2.03421
1.96272
1.21591
1.88563
1.80322
1.32286
1.71578
1.62364
1.42677
1.52717
1.32286
1.21591
1.62364
1.10641
1.71578
0.767983
1.80322
0.653802
0.539971
1.88563
0.427147
0.316017
1.96272
0.207289
0.101698
2.03421
2.09987
6.37959e-32
6.37959e-32
3.60904e-32
0.104985
0.104985
3.60904e-32
0.213444
0.324628
0.213444
0.324628
0.437822
0.552325
0.552325
0.437822
0.782604
0.667469
0.782604
0.667469
1.0104
0.897115
1.23107
1.1219
0.897115
1.0104
1.44044
1.33742
1.23107
1.1219
1.53971
1.6348
1.44044
1.33742
1.72534
1.81098
1.53971
1.6348
1.72534
1.81098
1.89139
1.9663
1.89139
1.9663
2.09861
2.03544
2.09861
2.03544
2.20623
2.15559
2.25038
2.28793
2.34284
2.31878
2.15559
2.20623
2.36007
2.37042
2.25038
2.28793
2.31878
2.34284
2.36007
2.37388
2.37042
2.19688
0.219261
2.23809
2.27258
2.30027
0.332743
2.3211
0.447842
2.33501
0.563874
2.34198
2.34198
0.563874
0.911121
2.33501
0.680183
2.3211
2.30027
1.24464
2.27258
0.796134
2.23809
0.911121
2.19688
2.14908
1.73278
2.0948
1.02456
2.03421
1.13591
1.96749
1.89484
1.81652
1.24464
1.35025
1.64393
1.55031
1.45228
1.45228
1.35025
1.55031
1.13591
1.02456
1.64393
1.73278
0.796134
0.680183
1.81652
0.447842
1.89484
0.332743
0.219261
0.108102
1.96749
2.03421
0.108102
2.0948
2.14908
6.81799e-32
6.81799e-32
3.8356e-32
0.111049
0.111049
3.8356e-32
0.34036
0.224743
0.224743
0.34036
0.57462
0.45721
0.45721
0.57462
0.691948
0.808571
0.691948
0.808571
0.923901
1.03737
1.25659
1.14844
0.923901
1.03737
1.4623
1.36137
1.25659
1.14844
1.65103
1.55898
1.36137
1.4623
1.81984
1.73809
1.65103
1.55898
1.81984
1.73809
1.896
1.9663
1.896
1.9663
2.03052
2.08846
2.03052
2.08846
2.13996
2.18486
2.22304
2.25441
2.29642
2.27889
2.13996
2.18486
2.31046
2.30695
2.25441
2.22304
2.29642
2.27889
2.30695
0.229888
2.17014
2.20524
2.23342
0.347482
2.25462
0.347482
0.465925
2.26878
0.584563
0.702763
2.27586
2.27586
0.584563
2.26878
1.04882
0.702763
2.25462
2.23342
2.20524
0.819921
1.47049
1.56572
2.17014
0.935455
2.12822
2.07958
2.02436
1.04882
1.96272
1.15948
1.89484
1.82095
1.74127
1.26695
1.6561
1.37076
1.37076
1.47049
1.26695
1.56572
1.15948
0.935455
1.6561
0.819921
1.74127
0.465925
1.82095
1.89484
0.229888
0.113825
1.96272
2.02436
0.113825
2.07958
2.12822
7.21208e-32
7.21208e-32
4.038e-32
0.116432
0.116432
4.038e-32
0.354107
0.2347
0.2347
0.354107
0.593705
0.473992
0.593705
0.473992
0.830182
0.712634
0.712634
0.830182
0.945789
1.05891
1.16905
1.27571
0.945789
1.05891
1.47686
1.37845
1.16905
1.27571
1.57054
1.65914
1.37845
1.47686
1.74234
1.81984
1.65914
1.57054
1.81984
1.74234
1.89139
1.95675
1.95675
1.89139
2.01573
2.06815
2.06815
2.01573
2.11386
2.15273
2.18467
2.20959
2.22744
2.23816
2.11386
2.15273
2.23816
2.24174
2.20959
2.18467
2.22744
2.16133
0.360239
2.18292
0.118869
2.19734
0.481406
2.20456
2.20456
0.602047
0.602047
0.721557
2.19734
2.18292
0.721557
2.16133
2.13262
0.839359
2.09687
2.05417
0.9549
2.00464
1.4814
1.9484
1.06766
1.88563
1.81652
1.17714
1.74127
1.66015
1.28287
1.57342
1.38443
1.38443
1.28287
1.4814
1.17714
1.06766
1.57342
0.9549
0.839359
1.66015
1.74127
0.481406
0.360239
1.81652
0.239176
1.88563
1.9484
0.118869
2.13262
2.00464
2.05417
2.09687
0.239176
7.56197e-32
7.56197e-32
4.21633e-32
0.121137
0.121137
4.21633e-32
0.243319
0.365877
0.243319
0.365877
0.60959
0.488174
0.488174
0.60959
0.847451
0.729539
0.729539
0.847451
1.07505
0.962794
1.28844
1.18375
0.962794
1.07505
1.3887
1.48413
1.28844
1.18375
1.57439
1.65914
1.48413
1.3887
1.73809
1.81098
1.65914
1.57439
1.73809
1.81098
1.93765
1.87757
1.93765
1.87757
1.99106
2.03763
2.03763
1.99106
2.10979
2.07725
2.15337
2.13519
2.16795
2.1643
2.10979
2.07725
2.1643
2.13519
2.15337
0.371022
2.12095
0.494293
2.12831
2.12831
2.12095
0.371022
0.616336
2.10625
0.736576
2.08423
2.05497
2.01853
0.969469
0.854462
1.975
0.969469
1.92451
1.29242
1.86719
1.80322
1.48504
1.0811
1.73278
1.1889
1.6561
1.57342
1.29242
1.39126
1.39126
1.1889
1.0811
1.48504
1.57342
0.854462
0.736576
0.616336
1.6561
0.494293
1.73278
0.247127
0.123235
1.80322
1.86719
0.123235
2.10625
1.92451
1.975
2.01853
0.247127
2.05497
2.08423
7.86778e-32
7.86778e-32
4.37063e-32
0.125165
0.125165
4.37063e-32
0.375674
0.250604
0.250604
0.375674
0.622286
0.499766
0.622286
0.499766
0.860391
0.742674
0.742674
0.860391
1.08581
0.97493
1.2948
1.19257
0.97493
1.08581
1.48413
1.39211
1.19257
1.2948
1.65103
1.57054
1.48413
1.39211
1.79324
1.72534
1.57054
1.65103
1.72534
1.79324
1.8545
1.90896
1.8545
1.90896
1.95645
1.99685
1.95645
1.99685
2.03004
2.05594
2.07449
2.08563
2.08935
2.08563
2.05594
2.03004
2.07449
0.504591
2.04741
2.04741
0.126926
2.0399
0.62744
2.02489
0.747831
2.00244
0.62744
0.747831
1.97258
1.9354
0.865241
1.891
0.979175
1.83949
1.78103
1.2956
1.71578
1.08917
1.64393
1.19478
1.56572
1.4814
1.39126
1.2956
1.39126
1.19478
1.08917
0.979175
1.4814
0.865241
1.56572
0.504591
1.64393
0.379835
1.71578
0.253746
1.78103
1.83949
0.126926
2.0399
1.891
1.9354
0.253746
1.97258
2.00244
2.02489
0.379835
8.12963e-32
8.12963e-32
4.50099e-32
0.128518
0.128518
4.50099e-32
0.256558
0.383504
0.256558
0.383504
0.631799
0.508774
0.631799
0.508774
0.869011
0.75205
0.75205
0.869011
0.982207
1.09118
1.2948
1.19551
1.09118
0.982207
1.3887
1.47686
1.19551
1.2948
1.6348
1.55898
1.47686
1.3887
1.76659
1.70408
1.6348
1.55898
1.70408
1.76659
1.82216
1.87062
1.82216
1.87062
1.94572
1.91184
1.94572
1.91184
1.97215
1.99108
2.00246
2.00625
2.00246
1.97215
1.99108
1.95449
0.635365
1.93917
1.91625
0.755329
1.88577
1.84782
0.871704
1.80249
0.635365
1.74992
0.984025
1.69024
0.984025
1.62364
1.09185
1.09185
1.55031
1.47049
1.19478
1.38443
1.29242
1.29242
1.19478
1.38443
0.871704
1.47049
0.755329
1.55031
0.512309
0.386684
1.62364
0.259037
0.129942
1.69024
1.74992
0.129942
1.96216
1.80249
1.96216
1.84782
1.88577
0.259037
1.91625
1.93917
0.386684
1.95449
0.512309
8.34765e-32
8.34765e-32
4.60746e-32
0.131198
0.131198
4.60746e-32
0.389373
0.261185
0.389373
0.261185
0.515203
0.638138
0.638138
0.515203
0.87332
0.757672
0.757672
0.87332
0.984632
1.09118
1.19257
1.28844
1.09118
0.984632
1.4623
1.37845
1.28844
1.19257
1.53971
1.61044
1.4623
1.37845
1.731
1.67426
1.61044
1.53971
1.67426
1.731
1.78048
1.82257
1.82257
1.78048
1.85717
1.88416
1.88416
1.85717
1.90349
1.91511
1.91899
1.91511
1.90349
0.640118
1.82602
0.759076
1.79489
1.75613
1.70983
0.391572
0.873858
1.65613
0.640118
0.984025
1.59519
1.52717
1.45228
1.08917
1.37076
1.1889
1.28287
1.1889
1.08917
1.28287
0.984025
1.37076
0.873858
0.759076
1.45228
0.517452
1.52717
0.263002
0.132286
1.59519
1.65613
0.132286
1.84944
1.70983
1.75613
1.79489
1.87292
0.263002
1.82602
1.84944
1.86509
0.391572
0.517452
1.87292
1.86509
8.52194e-32
8.52194e-32
4.6901e-32
0.133207
0.133207
4.6901e-32
0.393282
0.264489
0.264489
0.393282
0.641306
0.519059
0.519059
0.641306
0.87332
0.759545
0.759545
0.87332
1.08581
0.982207
1.27571
1.18375
1.08581
0.982207
1.44044
1.36137
1.27571
1.18375
1.57789
1.51269
1.44044
1.36137
1.63585
1.68641
1.51269
1.57789
1.63585
1.68641
1.76475
1.72941
1.76475
1.72941
1.79233
1.81208
1.81208
1.79233
1.82396
1.82792
1.82396
0.759076
1.70033
1.66072
1.61341
0.871704
1.55854
0.394504
0.979175
1.49627
0.641702
1.42677
1.35025
1.0811
1.26695
1.17714
1.17714
1.0811
0.979175
1.26695
0.871704
1.35025
0.759076
0.520022
1.42677
1.49627
0.265643
0.13396
1.55854
1.61341
0.13396
1.73215
1.66072
1.70033
1.77207
1.78008
0.265643
1.73215
1.75608
1.77207
0.394504
1.78008
0.520022
1.75608
0.641702
8.65261e-32
8.65261e-32
4.74895e-32
0.134545
0.134545
4.74895e-32
0.395237
0.266469
0.266469
0.395237
0.641306
0.520344
0.641306
0.520344
0.869011
0.757672
0.757672
0.869011
0.97493
1.07505
1.16905
1.25659
0.97493
1.07505
1.33742
1.41126
1.25659
1.16905
1.4779
1.53714
1.41126
1.33742
1.63276
1.58881
1.53714
1.4779
1.58881
1.63276
1.69708
1.66888
1.66888
1.69708
1.7294
1.71727
1.71727
1.7294
1.73345
1.51366
0.865241
1.45757
0.134963
1.39391
0.969469
1.32286
1.24464
1.06766
0.640118
0.755329
1.15948
1.06766
1.15948
0.969469
0.865241
1.24464
1.32286
0.520022
0.395481
1.39391
0.266964
1.45757
1.51366
0.134963
1.56202
1.56202
1.60252
1.60252
1.63505
0.266964
1.65952
1.67587
0.395481
1.68405
1.68405
0.520022
1.67587
1.65952
0.640118
1.63505
0.755329
8.73974e-32
8.73974e-32
4.78406e-32
0.135214
0.135214
4.78406e-32
0.26713
0.395237
0.26713
0.395237
0.638138
0.519059
0.519059
0.638138
0.860391
0.75205
0.75205
0.860391
0.962794
1.05891
1.23107
1.14844
1.05891
0.962794
1.37471
1.30658
1.23107
1.14844
1.48812
1.43529
1.37471
1.30658
1.57
1.53306
1.48812
1.43529
1.53306
1.57
1.61947
1.59883
1.61947
1.59883
1.63188
1.63188
1.63602
0.854462
1.28857
0.9549
1.21591
1.13591
1.04882
0.394504
1.04882
0.9549
1.13591
0.854462
0.747831
0.635365
1.21591
0.517452
1.28857
0.266964
0.135298
1.35367
1.41104
0.135298
1.35367
1.4605
1.50191
1.53518
1.50191
0.266964
1.5602
1.57692
1.58529
0.394504
1.58529
0.517452
1.57692
1.5602
1.53518
0.635365
0.747831
1.4605
1.41104
8.78339e-32
8.78339e-32
4.79545e-32
0.135214
0.135214
4.79545e-32
0.393282
0.266469
0.266469
0.393282
0.631799
0.515203
0.515203
0.631799
0.742674
0.847451
0.847451
0.742674
0.945789
1.03737
1.1219
1.19913
0.945789
1.03737
1.26883
1.33078
1.1219
1.19913
1.43079
1.38482
1.26883
1.33078
1.46857
1.49806
1.43079
1.38482
1.46857
1.49806
1.53187
1.51918
1.53187
1.51918
1.5361
0.935455
1.10641
1.02456
0.134963
0.935455
1.02456
0.839359
1.10641
0.736576
0.62744
0.512309
1.18074
0.391572
1.24734
0.265643
1.30603
1.35662
0.134963
1.18074
1.39899
1.43303
1.30603
1.35662
0.265643
1.45863
1.47573
1.48429
1.45863
0.391572
1.48429
0.512309
1.47573
1.43303
0.62744
1.39899
0.736576
1.24734
0.839359
8.78358e-32
8.78358e-32
4.78313e-32
0.134545
0.134545
4.78313e-32
0.389373
0.264489
0.264489
0.389373
0.508774
0.622286
0.622286
0.508774
0.729539
0.830182
0.729539
0.830182
0.923901
1.0104
1.16073
1.08942
1.0104
0.923901
1.22412
1.27941
1.16073
1.08942
1.32645
1.3651
1.22412
1.27941
1.39527
1.41688
1.32645
1.3651
1.39527
1.41688
1.4342
1.42987
1.42987
0.81992
0.99488
0.721557
0.616336
1.07095
0.504591
0.386684
1.1391
0.263002
0.13396
1.19915
1.25093
0.13396
0.91112
1.29429
0.99488
1.32911
1.35531
0.263002
1.37281
1.38157
1.25093
1.29429
0.386684
1.38157
1.37281
0.504591
1.35531
1.32911
0.616336
0.721557
1.19915
1.1391
0.81992
1.07095
0.91112
8.74032e-32
8.74032e-32
4.74708e-32
0.133207
0.133207
4.74708e-32
0.261185
0.383504
0.261185
0.383504
0.60959
0.499766
0.60959
0.499766
0.712634
0.808571
0.712634
0.808571
0.897115
0.977994
1.11585
1.05098
0.977994
0.897115
1.22057
1.17244
1.11585
1.05098
1.29101
1.26013
1.22057
1.17244
1.32641
1.31312
1.26013
1.29101
1.32641
1.31312
1.33085
0.959744
0.494293
1.02951
0.379835
0.259037
0.132286
1.09097
1.14396
0.132286
0.602047
1.18834
1.22398
1.2508
0.881878
0.259037
1.26871
1.27768
1.27768
1.09097
0.379835
1.26871
0.494293
1.2508
1.22398
1.18834
0.602047
1.14396
0.702763
1.02951
0.959744
0.796134
0.881878
0.796134
0.702763
8.65357e-32
8.65357e-32
4.68728e-32
0.131198
0.131198
4.68728e-32
0.375674
0.256558
0.256558
0.375674
0.488174
0.593705
0.593705
0.488174
0.691948
0.782604
0.782604
0.691948
0.940125
0.865412
1.00654
1.06446
0.940125
0.865412
1.15423
1.11373
1.06446
1.00654
1.18583
1.20847
1.15423
1.11373
1.22661
1.22207
1.20847
1.18583
1.22207
0.98206
0.253746
0.129942
1.03631
1.08174
0.129942
0.371022
1.11823
1.14568
0.584563
0.680183
0.253746
1.16402
1.1732
1.1732
0.919135
0.371022
1.16402
0.481406
1.14568
1.11823
1.08174
0.584563
1.03631
0.680183
0.98206
0.84771
0.767983
0.767983
0.84771
0.481406
0.919135
8.52328e-32
8.52328e-32
4.6037e-32
0.128518
0.128518
4.6037e-32
0.250604
0.365877
0.250604
0.365877
0.57462
0.473992
0.57462
0.473992
0.752266
0.667469
0.752266
0.667469
0.896771
0.828773
0.956077
1.00653
0.896771
0.828773
1.04798
1.08034
0.956077
1.00653
1.10351
1.11744
1.08034
1.04798
1.12209
1.11744
1.10351
0.975098
0.126926
1.01246
0.126926
1.04056
1.05934
0.247127
1.06874
1.06874
0.563874
0.653802
0.360239
1.05934
0.808597
1.04056
0.465925
1.01246
0.975098
0.563874
0.928582
0.873032
0.653802
0.735453
0.735453
0.808597
0.465925
0.360239
0.873032
0.247127
0.928582
8.34938e-32
8.34938e-32
4.49629e-32
0.125165
4.49629e-32
0.125165
0.354107
0.243319
0.243319
0.354107
0.45721
0.552325
0.45721
0.552325
0.717541
0.639184
0.639184
0.717541
0.787182
0.847913
0.899575
0.942027
0.847913
0.787182
0.975161
0.998888
0.942027
0.899575
1.01791
1.01315
0.998888
0.975161
1.01315
0.123235
0.907309
0.936089
0.955317
0.239175
0.964943
0.347482
0.964943
0.955317
0.347482
0.936089
0.447842
0.907309
0.869051
0.821414
0.539971
0.764523
0.62361
0.698529
0.62361
0.539971
0.698529
0.447842
0.764523
0.239175
0.123235
0.821414
0.869051
8.13175e-32
8.13175e-32
4.36499e-32
0.121137
0.121137
4.36499e-32
0.34036
0.2347
0.2347
0.34036
0.52681
0.437822
0.437822
0.52681
0.678414
0.607081
0.678414
0.607081
0.793531
0.740621
0.870942
0.837011
0.740621
0.793531
0.895243
0.909847
0.870942
0.837011
0.91472
0.895243
0.909847
0.852618
0.229888
0.862477
0.118869
0.862477
0.852618
0.332743
0.832925
0.427147
0.512842
0.589594
0.803449
0.764264
0.715471
0.512842
0.657196
0.589594
0.427147
0.657196
0.332743
0.715471
0.229888
0.764264
0.803449
0.118869
0.832925
7.87029e-32
7.87029e-32
4.20973e-32
0.116432
0.116432
4.20973e-32
0.324628
0.224743
0.224743
0.324628
0.41582
0.498065
0.41582
0.498065
0.571149
0.634873
0.634873
0.571149
0.73361
0.689075
0.768368
0.793256
0.689075
0.73361
0.808216
0.813205
0.793256
0.768368
0.808216
0.21926
0.762033
0.751934
0.316017
0.731763
0.701568
0.403835
0.661428
0.611443
0.482479
0.551742
0.482479
0.551742
0.403835
0.316017
0.611443
0.21926
0.113825
0.661428
0.701568
0.113825
0.731763
0.751934
0.762033
7.56486e-32
7.56486e-32
4.03045e-32
0.111049
0.111049
4.03045e-32
0.306907
0.213444
0.213444
0.306907
0.391195
0.466082
0.391195
0.466082
0.531376
0.586905
0.531376
0.586905
0.632532
0.668138
0.708958
0.693636
0.668138
0.632532
0.708958
0.714071
0.693636
0.653983
0.633318
0.297299
0.602384
0.377897
0.561259
0.297299
0.510046
0.448873
0.448873
0.377897
0.510046
0.207289
0.108102
0.561259
0.602384
0.108102
0.633318
0.664328
0.653983
0.664328
0.207289
7.21536e-32
7.21536e-32
0.104985
3.82709e-32
0.104985
3.82709e-32
0.287192
0.2008
0.2008
0.287192
0.430852
0.363943
0.430852
0.363943
0.487755
0.534503
0.487755
0.534503
0.597107
0.570986
0.618044
0.612807
0.570986
0.612807
0.597107
0.276585
0.506638
0.349328
0.464498
0.412018
0.349328
0.412018
0.276585
0.464498
0.193972
0.101698
0.506638
0.538333
0.101698
0.559506
0.559506
0.570106
0.193972
0.570106
0.538333
6.82166e-32
6.82166e-32
3.59958e-32
0.0982393
0.0982393
3.59958e-32
0.265477
0.186807
0.186807
0.265477
0.392371
0.334057
0.334057
0.392371
0.440279
0.477661
0.477661
0.440279
0.504429
0.520514
0.525882
0.520514
0.504429
0.318124
0.318124
0.25387
0.371909
0.179304
0.0946102
0.415094
0.447574
0.0946102
0.371909
0.415094
0.469271
0.480133
0.480133
0.179304
0.469271
0.447574
0.25387
6.38365e-32
6.38365e-32
3.34788e-32
0.09081
0.09081
3.34788e-32
0.241761
0.171464
0.241761
0.171464
0.350633
0.301534
0.350633
0.301534
0.416376
0.388946
0.388946
0.416376
0.432862
0.43836
0.432862
0.163284
0.0868388
0.328543
0.361832
0.0868388
0.384068
0.229151
0.395199
0.395199
0.328543
0.163284
0.384068
0.361832
0.229151
0.284282
0.284282
5.90125e-32
5.90125e-32
3.07193e-32
0.0826962
0.0826962
3.07193e-32
0.154768
0.21604
0.154768
0.21604
0.305639
0.266371
0.305639
0.266371
0.350649
0.333755
0.333755
0.356286
0.350649
0.28192
0.304711
0.0783824
0.0783824
0.31612
0.31612
0.145911
0.304711
0.28192
0.247799
0.202428
0.202428
0.247799
0.145911
5.37438e-32
5.37438e-32
2.77171e-32
0.0738971
2.77171e-32
0.0738971
0.136718
0.188313
0.136718
0.188313
0.257386
0.228568
0.257386
0.228568
0.280481
0.274705
0.274705
0.0692405
0.243734
0.243734
0.232039
0.127184
0.208676
0.173698
0.173698
0.127184
0.0692405
0.208676
0.232039
4.80299e-32
4.80299e-32
2.44719e-32
0.0644124
0.0644124
2.44719e-32
0.158581
0.117314
0.117314
0.158581
0.188126
0.205878
0.188126
0.205878
0.211801
0.166914
0.107103
0.142963
0.107103
0.0594129
0.142963
0.166914
0.0594129
0.178903
0.178903
4.18706e-32
4.18706e-32
2.09838e-32
0.0542419
0.0542419
2.09838e-32
0.126844
0.0965554
0.0965554
0.126844
0.145045
0.145045
0.151115
0.0856678
0.0856678
0.0488997
0.110224
0.122516
0.0488997
0.122516
0.110224
3.52659e-32
3.52659e-32
1.72527e-32
0.0433859
1.72527e-32
0.0433859
0.0744437
0.0931033
0.0744437
0.0931033
0.099329
0.0754825
0.0377011
0.0754825
0.0628799
0.0377011
0.0628799
2.82159e-32
2.82159e-32
0.0318449
1.32787e-32
0.0318449
1.32787e-32
0.0509798
0.0509798
0.0573611
0.0258178
0.0387403
0.0258178
0.0387403
2.07209e-32
2.07209e-32
9.06206e-33
0.0196195
0.0196195
9.06206e-33
0.026165
0.0132504
0.0132504
1.27813e-32
1.27813e-32
4.603e-33
4.603e-33
0.00671041
1.90128e-35
4.39755e-33
4.39755e-33
