1.92497e-35
4.45234e-33
4.45234e-33
4.66034e-33
1.29404e-32
0.00679401
0.0134155
4.66034e-33
1.29404e-32
0.0134155
9.17486e-33
0.0261391
2.09786e-32
0.0198638
0.0264907
0.0392224
0.0392224
0.0198638
0.0261391
2.09786e-32
9.17486e-33
1.34438e-32
0.0381698
2.85665e-32
0.032241
0.0636616
0.076421
0.0516139
0.0580746
1.34438e-32
0.0381698
0.0516139
0.076421
0.0636616
0.032241
2.85665e-32
1.7467e-32
0.043925
0.0495068
3.57035e-32
0.0753688
0.0867317
0.111593
0.0942603
0.124037
0.100563
0.124037
0.0942603
0.043925
3.57035e-32
0.0495068
1.7467e-32
0.0867317
0.0753688
0.111593
2.12441e-32
4.23895e-32
0.054915
0.0601497
0.0977538
0.108431
0.144737
0.128418
0.0601497
4.23895e-32
0.054915
2.12441e-32
0.181123
0.152991
0.168985
0.146846
0.146846
0.144737
0.168985
0.0977538
0.181123
0.128418
0.108431
2.47752e-32
0.0700981
4.86243e-32
0.0652106
0.118768
0.12876
0.17585
0.160547
0.208431
0.190459
0.211262
0.234915
4.86243e-32
0.0700981
0.0652106
2.47752e-32
0.118768
0.17585
0.12876
0.160547
0.214427
0.246754
0.208431
0.246754
0.211262
0.234915
0.190459
2.806e-32
0.0793517
5.44079e-32
0.0748116
0.13841
0.147716
0.204932
0.190645
0.285409
0.260574
0.231399
0.250865
0.278107
0.308482
0.320032
0.283955
2.806e-32
0.0793517
5.44079e-32
0.0748116
0.13841
0.147716
0.204932
0.190645
0.308482
0.285409
0.250865
0.320032
0.231399
0.278107
0.260574
3.10988e-32
0.087911
5.97405e-32
0.083718
0.156681
0.165301
0.231982
0.218711
0.287794
0.332603
0.309418
0.269665
0.337882
0.366303
0.388815
0.354986
0.083718
3.10988e-32
0.087911
5.97405e-32
0.360693
0.400083
0.400083
0.354986
0.165301
0.231982
0.156681
0.218711
0.309418
0.366303
0.388815
0.287794
0.269665
0.337882
0.332603
3.38917e-32
0.0957764
6.46227e-32
0.0919303
0.244745
0.17358
0.181515
0.257001
0.322048
0.376497
0.354963
0.305256
0.393749
0.420216
0.453097
0.421518
0.438208
0.475062
0.486057
0.443774
6.46227e-32
0.0919303
3.38917e-32
0.0957764
0.257001
0.181515
0.244745
0.17358
0.486057
0.475062
0.438208
0.421518
0.354963
0.305256
0.322048
0.376497
0.420216
0.453097
0.393749
3.64391e-32
0.102949
6.90553e-32
0.0994492
0.189109
0.27999
0.268749
0.196359
0.0994492
0.102949
6.90553e-32
3.64391e-32
0.35363
0.417092
0.397207
0.338174
0.445707
0.512878
0.48355
0.470219
0.526932
0.544964
0.566398
0.510648
0.577128
0.532366
0.526932
0.577128
0.196359
0.27999
0.268749
0.189109
0.417092
0.35363
0.397207
0.338174
0.566398
0.544964
0.470219
0.510648
0.512878
0.445707
0.48355
3.87414e-32
0.10943
7.30393e-32
0.106276
0.203269
0.209836
0.300953
0.290724
0.106276
0.10943
7.30393e-32
3.87414e-32
0.382542
0.454391
0.436153
0.36842
0.209836
0.290724
0.300953
0.203269
0.493756
0.516316
0.54108
0.568159
0.604455
0.60979
0.641104
0.578012
0.672495
0.625649
0.662023
0.620349
0.620349
0.672495
0.662023
0.604455
0.36842
0.454391
0.382542
0.436153
0.641104
0.54108
0.568159
0.516316
0.493756
0.578012
0.60979
4.07992e-32
0.112412
0.115221
7.65757e-32
0.216064
0.22195
0.319894
0.310676
0.408789
0.488398
0.471805
0.395999
0.112412
0.115221
7.65757e-32
4.07992e-32
0.319894
0.22195
0.310676
0.216064
0.537902
0.558511
0.618945
0.594113
0.408789
0.471805
0.395999
0.488398
0.640301
0.669543
0.710175
0.676343
0.702154
0.717665
0.74074
0.761158
0.771381
0.717665
0.722841
0.771381
0.702154
0.74074
0.761158
0.676343
0.558511
0.669543
0.594113
0.537902
0.710175
0.640301
0.618945
4.26131e-32
7.96658e-32
0.117859
0.120325
0.227497
0.232703
0.336818
0.328607
0.432378
0.519122
0.50417
0.420916
0.117859
0.120325
7.96658e-32
4.26131e-32
0.578149
0.596813
0.665243
0.642654
0.336818
0.232703
0.328607
0.227497
0.50417
0.519122
0.432378
0.420916
0.72423
0.69752
0.773619
0.7426
0.596813
0.578149
0.642654
0.665243
0.802976
0.777783
0.843119
0.813283
0.818119
0.863052
0.823169
0.873032
0.873032
0.802976
0.818119
0.863052
0.777783
0.7426
0.69752
0.813283
0.72423
0.773619
0.843119
4.41839e-32
0.124742
8.2311e-32
0.122619
0.237572
0.2421
0.35173
0.344524
0.453316
0.54657
0.443179
0.533255
0.614508
0.631231
0.707064
0.686712
0.122619
0.124742
8.2311e-32
4.41839e-32
0.2421
0.35173
0.344524
0.237572
0.831446
0.773862
0.749678
0.803233
0.54657
0.453316
0.533255
0.443179
0.686712
0.614508
0.631231
0.707064
0.918386
0.881589
0.847243
0.879663
0.749678
0.831446
0.773862
0.803233
0.920967
0.906186
0.966977
0.947516
0.97672
0.9259
0.920967
0.97672
0.881589
0.918386
0.879663
0.906186
0.966977
0.947516
0.847243
4.55123e-32
0.128476
8.45126e-32
0.126694
0.246292
0.250144
0.364637
0.358433
0.471611
0.462795
0.570754
0.559069
0.646988
0.661777
0.744421
0.726299
4.55123e-32
8.45126e-32
0.126694
0.128476
0.858257
0.796787
0.818453
0.88367
0.246292
0.250144
0.364637
0.358433
0.570754
0.471611
0.559069
0.462795
0.939893
0.986972
0.953513
0.910546
0.726299
0.744421
0.646988
0.661777
0.796787
0.818453
0.858257
0.88367
1.02478
1.05323
0.987049
1.01106
0.986972
0.939893
0.910546
0.953513
1.03031
1.0255
1.08174
1.07223
1.02478
1.08174
1.05323
1.07223
1.01106
1.0255
0.987049
4.65989e-32
0.131527
8.62719e-32
0.130086
0.253661
0.25684
0.375545
0.37034
0.479772
0.487272
0.591683
0.581624
0.675603
0.688464
0.777329
0.761429
0.130086
0.131527
8.62719e-32
4.65989e-32
0.907686
0.838864
0.85802
0.93031
0.253661
0.37034
0.375545
0.25684
1.0489
1.01877
0.993994
0.967709
0.487272
0.591683
0.581624
0.479772
0.761429
0.777329
0.688464
0.675603
1.09487
1.1318
1.09347
1.06073
0.93031
0.838864
0.85802
0.907686
1.0489
0.993994
0.967709
1.01877
1.13102
1.11692
1.15958
1.17814
1.09347
1.06073
1.1318
1.09487
1.18743
1.13572
1.13102
1.11692
1.17814
1.15958
1.18743
4.74444e-32
0.133898
8.75898e-32
0.132798
0.259685
0.262192
0.38446
0.380251
0.132798
0.133898
8.75898e-32
4.74444e-32
0.494119
0.500308
0.609369
0.600931
0.700365
0.711305
0.805804
0.792119
0.971387
0.951542
0.875927
0.892583
0.380251
0.259685
0.38446
0.262192
1.04199
1.07737
1.10419
1.01875
0.494119
0.609369
0.600931
0.500308
1.16821
1.15781
1.20272
1.12724
0.805804
0.711305
0.792119
0.700365
0.971387
0.892583
0.875927
0.951542
1.2231
1.23879
1.26592
1.2002
1.10419
1.04199
1.01875
1.07737
1.20272
1.16821
1.12724
1.15781
1.23687
1.24146
1.29312
1.28405
1.2231
1.2002
1.23879
1.26592
1.29312
1.23687
1.28405
4.80492e-32
0.135591
8.84672e-32
0.134829
0.264365
0.266202
0.391387
0.388171
0.505844
0.510725
0.623823
0.616999
0.134829
0.135591
8.84672e-32
4.80492e-32
0.388171
0.391387
0.264365
0.266202
0.721289
0.730315
0.829864
0.818385
0.92216
1.00692
0.989846
0.907994
1.0839
1.12935
1.15287
1.0637
0.505844
0.616999
0.623823
0.510725
1.21363
1.26602
1.23532
1.18661
0.721289
0.818385
0.730315
0.829864
1.30989
1.34513
1.27535
1.30659
0.989846
1.00692
0.92216
0.907994
1.0839
1.12935
1.0637
1.15287
1.34241
1.37163
1.38934
1.32897
1.23532
1.21363
1.26602
1.18661
1.27535
1.34513
1.30659
1.30989
1.3469
1.32897
1.39821
1.39821
1.34241
1.37163
1.38934
4.84139e-32
0.136606
8.89048e-32
0.136183
0.267706
0.268875
0.396332
0.394107
0.514955
0.518531
0.635053
0.62984
0.738388
0.840242
0.745505
0.849523
0.136183
0.136606
8.89048e-32
4.84139e-32
0.268875
0.394107
0.396332
0.267706
0.62984
0.635053
0.518531
0.514955
0.946772
1.03694
1.02262
0.935086
1.17474
1.19498
1.10259
1.11976
1.32174
1.29483
1.26237
1.23889
0.840242
0.738388
0.849523
0.745505
1.34242
1.37293
1.4158
1.38153
0.935086
0.946772
1.02262
1.03694
1.41205
1.47613
1.43391
1.45023
1.19498
1.11976
1.17474
1.10259
1.32174
1.26237
1.29483
1.23889
1.50209
1.44705
1.49343
1.45143
1.34242
1.37293
1.38153
1.4158
1.43391
1.41205
1.50209
1.49343
1.45023
1.44705
1.47613
4.85386e-32
0.136944
8.89029e-32
0.13686
0.26971
0.27021
0.399297
0.398061
0.521458
0.523732
0.643069
0.639462
0.13686
0.136944
8.89029e-32
4.85386e-32
0.751673
0.864797
0.857707
0.756887
0.966436
1.06147
1.04989
0.957222
0.398061
0.399297
0.27021
0.26971
0.639462
0.643069
0.523732
0.521458
0.751673
0.756887
0.857707
0.864797
1.21357
1.13543
1.23054
1.1496
1.36992
1.34677
1.30405
1.28409
1.40144
1.42795
1.47798
1.44795
1.04989
0.957222
0.966436
1.06147
1.51988
1.516
1.55353
1.48617
1.13543
1.21357
1.23054
1.1496
1.5502
1.57884
1.59576
1.53736
1.34677
1.36992
1.30405
1.28409
1.47798
1.42795
1.44795
1.40144
1.60422
1.55448
1.5502
1.60422
1.51988
1.48617
1.59576
1.55353
1.516
1.53736
1.57884
4.84234e-32
0.136606
8.84614e-32
0.13686
0.270378
0.27021
0.400285
0.400038
0.525358
0.526332
0.647875
0.645873
0.761154
0.76447
0.875698
0.870793
0.13686
0.136606
8.84614e-32
4.84234e-32
0.27021
0.400038
0.400285
0.270378
0.981168
1.08052
1.07168
0.974419
1.17343
1.25959
1.24587
1.16226
0.526332
0.525358
0.645873
0.647875
0.870793
0.761154
0.875698
0.76447
0.981168
0.974419
1.08052
1.07168
1.39119
1.4106
1.33872
1.32226
1.45247
1.475
1.53173
1.50591
1.58065
1.55137
1.62161
1.58873
1.16226
1.24587
1.17343
1.25959
1.67926
1.65451
1.63877
1.61789
1.32226
1.33872
1.4106
1.39119
1.65132
1.69579
1.70406
1.65551
1.53173
1.50591
1.45247
1.475
1.55137
1.58065
1.58873
1.62161
1.65132
1.63877
1.70406
1.69579
1.61789
1.65451
1.67926
4.80682e-32
0.135591
8.75801e-32
0.136183
0.26971
0.268875
0.399297
0.400038
0.649077
0.526657
0.526332
0.649477
0.136183
0.135591
8.75801e-32
4.80682e-32
0.76684
0.76826
0.882234
0.879511
0.990983
1.09412
1.088
0.986691
0.268875
0.400038
0.399297
0.26971
0.649077
0.649477
0.526657
0.526332
1.19128
1.28215
1.27167
1.1831
1.36641
1.42814
1.35344
1.44382
0.879511
0.882234
0.76826
0.76684
1.088
0.986691
0.990983
1.09412
1.28215
1.19128
1.1831
1.27167
1.49555
1.55546
1.5771
1.51412
1.60772
1.63259
1.68044
1.65218
1.71722
1.75267
1.68871
1.72049
1.35344
1.42814
1.44382
1.36641
1.73763
1.7499
1.77687
1.79303
1.49555
1.5771
1.55546
1.51412
1.80113
1.80113
1.754
1.7499
1.63259
1.68044
1.60772
1.65218
1.79303
1.77687
1.72049
1.68871
1.75267
1.73763
1.71722
4.74729e-32
0.133898
8.62583e-32
0.134829
0.267706
0.266202
0.396332
0.398061
0.647875
0.649077
0.525358
0.523732
0.768735
0.76826
0.884412
0.883868
0.134829
0.133898
8.62583e-32
4.74729e-32
0.266202
0.398061
0.396332
0.267706
0.995888
1.10227
1.09887
0.994049
1.20317
1.29824
1.291
1.19797
0.649077
0.647875
0.523732
0.525358
0.883868
0.768735
0.884412
0.76826
1.38715
1.46961
1.37765
1.45764
1.53072
1.59666
1.61414
1.54535
0.995888
0.994049
1.10227
1.09887
1.19797
1.291
1.29824
1.20317
1.37765
1.45764
1.46961
1.38715
1.65528
1.7064
1.67577
1.73007
1.74988
1.81607
1.77688
1.78561
1.84754
1.8135
1.87122
1.83347
1.53072
1.59666
1.54535
1.61414
1.89495
1.84547
1.84947
1.88704
1.65528
1.67577
1.73007
1.7064
1.84547
1.89495
1.88704
1.83347
1.78561
1.77688
1.74988
1.81607
1.84754
1.8135
1.87122
4.66369e-32
0.131527
8.44951e-32
0.132798
0.264365
0.262192
0.391387
0.394107
0.518531
0.643069
0.645873
0.521458
0.132798
0.131527
8.44951e-32
4.66369e-32
0.76684
0.76447
0.882234
0.883868
0.995888
1.10499
0.996501
1.10431
0.262192
0.394107
0.391387
0.264365
0.645873
0.643069
0.521458
0.518531
1.20912
1.30789
1.30387
1.20689
1.47973
1.40096
1.48801
1.39492
0.76447
0.76684
0.882234
0.883868
0.996501
1.10431
1.10499
0.995888
1.55802
1.56874
1.62955
1.64289
1.69409
1.71024
1.77057
1.75146
1.20912
1.30789
1.20689
1.30387
1.48801
1.40096
1.39492
1.47973
1.64289
1.55802
1.62955
1.56874
1.80149
1.84404
1.82372
1.86954
1.93871
1.90791
1.9063
1.87901
1.93758
1.96189
1.97737
1.92584
1.69409
1.77057
1.71024
1.75146
1.93758
1.98512
1.9415
1.98512
1.86954
1.84404
1.80149
1.82372
1.92584
1.93871
1.90791
1.96189
1.97737
1.87901
1.9063
4.55599e-32
0.128476
8.22896e-32
0.130086
0.259685
0.388171
0.25684
0.38446
0.510725
0.635053
0.639462
0.514955
0.130086
0.128476
8.22896e-32
4.55599e-32
0.761154
0.756887
0.875698
0.879511
0.25684
0.388171
0.38446
0.259685
0.990983
0.994049
1.10227
1.10431
1.20912
1.31111
1.3103
1.20986
0.514955
0.639462
0.635053
0.510725
0.756887
0.879511
0.761154
0.875698
1.49445
1.40787
1.49904
1.40528
1.58431
1.5775
1.6634
1.65417
0.994049
1.10227
1.10431
0.990983
1.3103
1.31111
1.20912
1.20986
1.72422
1.80201
1.78742
1.73604
1.91317
1.8436
1.86111
1.89258
1.49904
1.40787
1.40528
1.49445
1.5775
1.65417
1.6634
1.58431
1.72422
1.73604
1.78742
1.80201
1.96848
1.93425
1.95805
1.99562
2.02579
2.04848
2.01433
1.9952
2.07123
2.02966
2.06364
2.02583
1.89258
1.86111
1.8436
1.91317
2.07123
2.02583
2.06364
2.01433
2.04848
1.96848
2.02579
1.93425
1.9952
1.95805
1.99562
4.42411e-32
0.124742
7.96405e-32
0.126694
0.126694
0.124742
7.96405e-32
4.42411e-32
0.253661
0.375545
0.380251
0.250144
0.500308
0.623823
0.62984
0.505844
0.751673
0.745505
0.864797
0.870793
0.380251
0.375545
0.253661
0.250144
0.986691
0.981169
1.09412
1.09887
0.62984
0.623823
0.500308
0.505844
1.20317
1.30789
1.3103
1.20689
1.40787
1.50272
1.5018
1.40873
0.745505
0.870793
0.751673
0.864797
0.981169
1.09412
0.986691
1.09887
1.58918
1.5921
1.67569
1.67057
1.74571
1.75322
1.81434
1.82442
1.30789
1.20317
1.20689
1.3103
1.40787
1.40873
1.5018
1.50272
1.87627
1.88909
1.94702
1.93131
1.97931
2.04202
1.99804
2.02013
1.58918
1.67057
1.5921
1.67569
1.74571
1.82442
1.75322
1.81434
1.87627
1.94702
1.93131
1.88909
2.10841
2.07984
2.05367
2.07884
2.1455
2.13065
2.09858
2.10984
2.10984
2.11359
2.15294
2.15294
1.97931
2.02013
2.04202
1.99804
2.1455
2.07984
2.09858
2.13065
2.07884
2.10841
2.05367
4.26799e-32
0.120325
7.65464e-32
0.122619
0.246292
0.2421
0.364637
0.37034
0.122619
0.120325
7.65464e-32
4.26799e-32
0.37034
0.364637
0.246292
0.2421
0.487272
0.609369
0.616999
0.494119
0.738388
0.730315
0.849523
0.857707
0.974419
0.966436
1.08052
1.088
0.494119
0.487272
0.616999
0.609369
1.19128
1.29824
1.30387
1.19797
0.857707
0.849523
0.738388
0.730315
1.40096
1.49904
1.5018
1.40528
1.59307
1.67979
1.67876
1.5921
0.974419
1.08052
0.966436
1.088
1.29824
1.30387
1.19128
1.19797
1.7618
1.83786
1.75858
1.83226
1.89957
1.90771
1.97115
1.96029
1.49904
1.40528
1.5018
1.40096
1.5921
1.67876
1.59307
1.67979
2.01426
2.02797
2.07802
2.06132
2.13421
2.15726
2.10134
2.12115
1.83226
1.75858
1.7618
1.83786
1.90771
1.89957
1.97115
1.96029
2.01426
2.07802
2.06132
2.02797
2.20806
2.18626
2.15987
2.17824
2.19296
2.18928
2.22263
2.22992
2.18928
2.22992
2.17824
2.22263
2.10134
2.15987
2.15726
2.12115
2.18626
2.20806
2.13421
4.08755e-32
0.117859
0.115221
7.3006e-32
0.237572
0.232703
0.35173
0.358433
0.471612
0.591683
0.600931
0.479772
0.117859
0.115221
7.3006e-32
4.08755e-32
0.232703
0.358433
0.35173
0.237572
0.600931
0.591683
0.471612
0.479772
0.721289
0.711305
0.829864
0.840242
0.957222
0.946772
1.06147
1.07168
1.1831
1.17343
1.28215
1.291
0.711305
0.840242
0.721289
0.829864
1.38715
1.48801
1.49445
1.39492
0.957222
1.06147
1.07168
0.946772
1.67876
1.58918
1.58431
1.67569
1.84233
1.76287
1.7618
1.84122
1.17343
1.1831
1.291
1.28215
1.39492
1.49445
1.48801
1.38715
1.91353
1.98561
1.97958
1.91702
2.03918
2.10367
2.04789
2.09213
1.67876
1.58918
1.58431
1.67569
1.84233
1.7618
1.84122
1.76287
2.19514
2.17757
2.1528
2.13831
2.23059
2.20983
2.235
2.25905
1.91353
1.98561
1.97958
1.91702
2.03918
2.10367
2.04789
2.09213
2.17757
2.13831
2.19514
2.1528
2.25302
2.29474
2.26384
2.28045
2.3019
2.3019
2.26746
2.26384
2.25302
2.25905
2.28045
2.29474
2.23059
2.235
2.20983
3.88274e-32
6.90181e-32
0.112412
0.10943
0.227497
0.22195
0.336818
0.344525
0.453316
0.570754
0.581625
0.462795
0.112412
0.10943
6.90181e-32
3.88274e-32
0.700365
0.688464
0.805804
0.818385
0.22195
0.344525
0.336818
0.227497
0.462795
0.453316
0.581625
0.570754
0.688464
0.818385
0.805804
0.700365
0.935087
0.92216
1.03694
1.04989
1.1496
1.25959
1.27167
1.16226
1.36641
1.46961
1.47973
1.37765
0.935087
1.04989
1.03694
0.92216
1.5775
1.6634
1.67057
1.56874
1.25959
1.27167
1.1496
1.16226
1.75322
1.83786
1.75858
1.84122
1.99042
1.91818
1.91702
1.98922
1.46961
1.36641
1.37765
1.47973
1.67057
1.5775
1.6634
1.56874
2.11264
2.05411
2.05783
2.11904
2.17386
2.21
2.16465
2.22214
1.75322
1.83786
1.75858
1.84122
1.99042
1.91702
1.91818
1.98922
2.29857
2.28023
2.26374
2.24856
2.32652
2.30495
2.32264
2.34755
2.05411
2.11904
2.11264
2.05783
2.22214
2.21
2.16465
2.17386
2.24856
2.28023
2.26374
2.29857
2.33682
2.33327
2.36159
2.36862
2.36862
2.33327
2.32264
2.34755
2.36159
2.32652
2.30495
3.65348e-32
0.102949
6.45816e-32
0.106276
0.106276
0.102949
6.45816e-32
3.65348e-32
0.216064
0.209837
0.319894
0.328607
0.432378
0.546571
0.55907
0.443179
0.675603
0.661777
0.777329
0.792119
0.328607
0.319894
0.216064
0.209837
0.907995
0.892583
1.00692
1.02262
0.55907
0.432378
0.546571
0.443179
0.777329
0.661777
0.792119
0.675603
0.907995
1.02262
1.00692
0.892583
1.13543
1.11976
1.23054
1.24587
1.33872
1.44382
1.45764
1.35344
1.55802
1.65417
1.54535
1.64289
1.23054
1.24587
1.11976
1.13543
1.73604
1.83226
1.74571
1.82442
1.33872
1.35344
1.45764
1.44382
1.98561
1.98922
1.91353
1.90771
2.12288
2.05908
2.12416
2.05783
1.65417
1.55802
1.54535
1.64289
1.83226
1.74571
1.73604
1.82442
2.18438
2.23831
2.23157
2.18044
2.2858
2.31406
2.32672
2.27615
1.90771
1.91353
1.98922
1.98561
2.12416
2.05783
2.05908
2.12288
2.38846
2.36097
2.36948
2.34519
2.38688
2.39732
2.42295
2.40914
2.18044
2.18438
2.23157
2.23831
2.27615
2.2858
2.32672
2.31406
2.36097
2.38846
2.34519
2.36948
2.40081
2.42986
2.42986
2.39732
2.40914
2.42295
2.38688
3.39971e-32
0.0957764
5.96954e-32
0.0994492
3.39971e-32
0.0994492
0.0957764
5.96954e-32
0.203269
0.196359
0.300953
0.310676
0.310676
0.300953
0.203269
0.196359
0.420916
0.408789
0.519122
0.533255
0.646988
0.631231
0.744421
0.76143
0.875927
0.858021
0.971387
0.989846
0.533255
0.519122
0.408789
0.420916
1.10259
1.0839
1.19498
1.21357
0.631231
0.76143
0.744421
0.646988
0.875927
0.989846
0.971387
0.858021
1.0839
1.10259
1.21357
1.19498
1.30405
1.4106
1.42814
1.32226
1.53072
1.61414
1.51412
1.62955
1.81434
1.72422
1.71024
1.80201
1.30405
1.4106
1.42814
1.32226
1.97958
1.88909
1.89957
1.97115
1.51412
1.62955
1.61414
1.53072
2.11904
2.12288
2.04789
2.05411
2.18438
2.24234
2.24369
2.18569
1.81434
1.80201
1.71024
1.72422
1.89957
1.97958
1.88909
1.97115
2.34358
2.29268
2.29681
2.33656
2.38388
2.41761
2.4045
2.37386
2.11904
2.05411
2.04789
2.12288
2.18569
2.24234
2.18438
2.24369
2.42841
2.44552
2.46504
2.44468
2.4558
2.45923
2.47864
2.48544
2.29681
2.29268
2.33656
2.34358
2.41761
2.37386
2.4045
2.38388
2.48544
2.42841
2.47864
2.4558
2.44552
2.46504
2.44468
0.0919303
0.087911
5.43588e-32
3.12139e-32
3.12139e-32
0.087911
5.43588e-32
0.0919303
0.189109
0.181515
0.27999
0.290724
0.189109
0.181515
0.290724
0.27999
0.382542
0.488398
0.50417
0.395999
0.50417
0.488398
0.382542
0.395999
0.614508
0.596813
0.707064
0.726299
0.838865
0.818453
0.93031
0.951542
1.0637
1.04199
1.15287
1.17474
0.707064
0.596813
0.726299
0.614508
1.28409
1.26237
1.36992
1.39119
0.818453
0.838865
0.951542
0.93031
1.15287
1.0637
1.17474
1.04199
1.28409
1.39119
1.36992
1.26237
1.59666
1.49555
1.475
1.5771
1.78742
1.69409
1.77057
1.67577
1.96029
1.86111
1.94702
1.87627
1.59666
1.5771
1.49555
1.475
2.11264
2.02797
2.10367
2.03918
1.78742
1.67577
1.69409
1.77057
2.17386
2.23831
2.18044
2.24234
2.34779
2.34919
2.29818
2.29681
1.96029
1.94702
1.86111
1.87627
2.02797
2.03918
2.11264
2.10367
2.39532
2.43506
2.42779
2.39103
2.46831
2.48153
2.49501
2.45798
2.18044
2.23831
2.24234
2.17386
2.29681
2.29818
2.34779
2.34919
2.49839
2.51508
2.52849
2.50852
2.50852
2.5119
2.5352
2.5352
2.42779
2.39103
2.43506
2.39532
2.46831
2.49501
2.48153
2.52849
2.51508
2.45798
2.49839
0.0837181
0.0793518
4.85712e-32
2.81849e-32
0.268749
0.257001
0.17358
0.165301
2.81849e-32
0.0793518
4.85712e-32
0.0837181
0.17358
0.165301
0.257001
0.268749
0.35363
0.454391
0.471805
0.36842
0.454391
0.35363
0.36842
0.471805
0.578149
0.558511
0.665243
0.686712
0.558511
0.686712
0.665243
0.578149
0.796787
0.773862
0.88367
0.907686
1.01875
0.993994
1.10419
1.12935
1.21363
1.32174
1.34677
1.23889
0.773862
0.796787
0.907686
0.88367
1.45247
1.42795
1.53173
1.55546
0.993994
1.10419
1.01875
1.12935
1.32174
1.23889
1.34677
1.21363
1.42795
1.55546
1.45247
1.53173
1.63259
1.65528
1.73007
1.75146
1.93131
1.82372
1.91317
1.8436
2.07802
1.99804
2.09213
2.01426
1.75146
1.73007
1.63259
1.65528
2.1528
2.23157
2.22214
2.16465
1.82372
1.8436
1.93131
1.91317
2.34358
2.2858
2.34779
2.29268
2.39675
2.44087
2.43941
2.39532
2.09213
2.07802
2.01426
1.99804
2.23157
2.16465
2.1528
2.22214
2.50548
2.47569
2.48011
2.51295
2.53931
2.52872
2.55913
2.54535
2.34358
2.29268
2.2858
2.34779
2.39675
2.44087
2.43941
2.39532
2.55868
2.57237
2.55535
2.57899
2.55535
2.57237
2.54535
2.57899
2.50548
2.48011
2.51295
2.47569
2.55913
2.53931
2.52872
0.0748117
0.0700981
4.23325e-32
2.49098e-32
0.244745
0.231982
0.156681
0.147716
2.49098e-32
0.0700981
4.23325e-32
0.0748117
0.436153
0.417092
0.322048
0.338174
0.156681
0.147716
0.231982
0.244745
0.322048
0.417092
0.436153
0.338174
0.537902
0.516316
0.618945
0.642654
0.642654
0.618945
0.537902
0.516316
0.749678
0.72423
0.831446
0.858257
0.749678
0.858257
0.831446
0.72423
0.967709
0.939893
1.0489
1.07737
1.18661
1.15781
1.26602
1.29483
1.40144
1.37293
1.47798
1.50591
1.0489
0.967709
1.07737
0.939893
1.7064
1.60772
1.68044
1.58065
1.15781
1.26602
1.29483
1.18661
1.37293
1.50591
1.47798
1.40144
1.7064
1.58065
1.60772
1.68044
1.86954
1.77688
1.89258
1.80149
2.04202
2.06132
1.95805
1.97931
2.21
2.12115
2.19514
2.13831
1.77688
1.89258
1.86954
1.80149
2.26374
2.32672
2.33656
2.27615
1.95805
2.04202
2.06132
1.97931
2.38388
2.43506
2.39103
2.43941
2.48159
2.48011
2.51743
2.51893
2.13831
2.12115
2.21
2.19514
2.33656
2.27615
2.32672
2.26374
2.56984
2.57747
2.55141
2.54687
2.59615
2.58627
2.59707
2.61016
2.39103
2.43506
2.38388
2.43941
2.51893
2.48159
2.48011
2.51743
2.59944
2.59615
2.61671
2.61671
2.56984
2.55141
2.58627
2.61016
2.54687
2.57747
2.59707
0.0652107
0.0601498
3.56425e-32
2.13885e-32
0.218711
0.204932
0.13841
0.12876
2.13885e-32
0.0601498
3.56425e-32
0.0652107
0.397207
0.376497
0.287794
0.305256
0.13841
0.12876
0.204932
0.218711
0.594113
0.568159
0.493756
0.470219
0.287794
0.376497
0.397207
0.305256
0.493756
0.470219
0.568159
0.594113
0.69752
0.669543
0.773619
0.803234
0.69752
0.803234
0.773619
0.669543
0.910546
0.879663
0.986973
1.01877
0.879663
0.910546
1.01877
0.986973
1.09487
1.20272
1.23532
1.12724
1.34242
1.30989
1.4158
1.44795
1.55137
1.65218
1.51988
1.62161
1.09487
1.23532
1.20272
1.12724
1.72049
1.84404
1.81607
1.74988
1.30989
1.4158
1.44795
1.34242
1.62161
1.51988
1.65218
1.55137
1.81607
1.72049
1.74988
1.84404
2.02013
1.90791
1.99562
1.93425
2.07884
2.17757
2.15726
2.10134
2.23059
2.29857
2.31406
2.24856
1.99562
2.02013
1.90791
1.93425
2.41761
2.36097
2.37386
2.42779
2.17757
2.10134
2.07884
2.15726
2.46831
2.51295
2.47569
2.51743
2.58358
2.55292
2.55141
2.58206
2.31406
2.23059
2.24856
2.29857
2.41761
2.37386
2.42779
2.36097
2.60478
2.62105
2.62882
2.60941
2.64179
2.63083
2.63409
2.64828
2.51743
2.46831
2.51295
2.47569
2.55292
2.58206
2.55141
2.58358
2.60941
2.62105
2.62882
2.63083
2.64828
2.64179
2.60478
0.054915
0.0495069
2.85014e-32
1.76211e-32
0.190645
0.17585
0.118768
0.108431
1.76211e-32
0.0495069
2.85014e-32
0.054915
0.354963
0.332603
0.250865
0.269665
0.118768
0.108431
0.17585
0.190645
0.541081
0.512878
0.445707
0.420216
0.250865
0.332603
0.354963
0.269665
0.640301
0.7426
0.710175
0.60979
0.445707
0.420216
0.512878
0.541081
0.640301
0.60979
0.710175
0.7426
0.847243
0.813283
0.918386
0.953513
0.847243
0.953513
0.813283
0.918386
1.06073
1.02478
1.1318
1.16821
1.1318
1.02478
1.06073
1.16821
1.27535
1.23879
1.34513
1.38153
1.58873
1.48617
1.45023
1.55353
1.75267
1.78561
1.65451
1.68871
1.23879
1.38153
1.34513
1.27535
1.84754
1.93871
1.96848
1.87901
1.55353
1.45023
1.58873
1.48617
1.75267
1.65451
1.78561
1.68871
1.84754
1.93871
1.87901
1.96848
2.13421
2.10841
2.02579
2.05367
2.18626
2.25905
2.28023
2.20983
2.38846
2.34519
2.4045
2.32652
2.13421
2.10841
2.02579
2.05367
2.45798
2.44468
2.50548
2.49501
2.25905
2.20983
2.18626
2.28023
2.57747
2.53931
2.54687
2.58206
2.63503
2.63348
2.61095
2.60941
2.32652
2.38846
2.34519
2.4045
2.49501
2.50548
2.45798
2.44468
2.6593
2.66716
2.64961
2.6543
2.66253
2.6736
2.6736
2.6593
2.54687
2.57747
2.58206
2.53931
2.63348
2.66716
2.61095
2.63503
2.6543
2.64961
2.60941
0.043925
0.0381698
2.09096e-32
1.36077e-32
1.36077e-32
0.0381698
2.09096e-32
0.043925
0.160547
0.144737
0.0977538
0.0867317
0.309418
0.285409
0.211262
0.231399
0.0977538
0.0867317
0.144737
0.160547
0.366303
0.48355
0.453097
0.393749
0.211262
0.285409
0.309418
0.231399
0.578012
0.676343
0.641104
0.544964
0.393749
0.366303
0.453097
0.48355
0.777783
0.881589
0.84312
0.74074
0.578012
0.544964
0.641104
0.676343
0.777783
0.74074
0.84312
0.881589
0.987049
0.947516
1.05323
1.09347
0.987049
1.09347
1.05323
0.947516
1.2002
1.15958
1.26592
1.30659
1.30659
1.15958
1.26592
1.2002
1.516
1.41205
1.47613
1.37163
1.57884
1.61789
1.71722
1.67926
1.77687
1.9063
1.87122
1.8135
1.47613
1.37163
1.516
1.41205
1.96189
2.07984
2.04848
1.9952
1.57884
1.67926
1.61789
1.71722
1.87122
1.77687
1.9063
1.8135
2.07984
1.96189
2.04848
1.9952
2.235
2.13065
2.20806
2.15987
2.34755
2.28045
2.36948
2.30495
2.42841
2.40914
2.46504
2.48153
2.13065
2.20806
2.235
2.15987
2.51508
2.56984
2.52872
2.55913
2.28045
2.36948
2.30495
2.34755
2.59707
2.62882
2.60478
2.63348
2.67345
2.6543
2.65586
2.67188
2.42841
2.48153
2.46504
2.40914
2.52872
2.55913
2.51508
2.56984
2.69265
2.68472
2.68151
2.68624
2.68624
2.67188
2.68151
2.69265
2.62882
2.60478
2.59707
2.63348
2.65586
2.67345
2.6543
9.34843e-33
0.0261391
1.28674e-32
0.032241
0.032241
0.0261391
1.28674e-32
9.34843e-33
0.128418
0.111593
0.0753687
0.0636616
0.0753687
0.0636616
0.111593
0.128418
0.260574
0.234915
0.168985
0.190459
0.421518
0.388815
0.337882
0.308482
0.168985
0.234915
0.190459
0.260574
0.510648
0.604455
0.566398
0.475062
0.337882
0.308482
0.388815
0.421518
0.702154
0.802976
0.662023
0.761159
0.510648
0.475062
0.566398
0.604455
0.906186
1.01106
0.966977
0.863053
0.702154
0.662023
0.761159
0.802976
0.906186
0.863053
0.966977
1.01106
1.11692
1.07223
1.17814
1.2231
1.11692
1.2231
1.07223
1.17814
1.28405
1.38934
1.32897
1.43391
1.28405
1.43391
1.38934
1.32897
1.59576
1.63877
1.49343
1.53736
1.69579
1.83347
1.73763
1.79303
1.88704
1.97737
2.01433
1.92584
1.59576
1.49343
1.63877
1.53736
2.06364
2.17824
2.1455
2.09858
1.79303
1.69579
1.73763
1.83347
2.01433
1.88704
1.97737
1.92584
2.1455
2.06364
2.17824
2.09858
2.29474
2.32264
2.22263
2.25302
2.42295
2.36159
2.44552
2.38688
2.49839
2.52849
2.54535
2.47864
2.22263
2.32264
2.25302
2.29474
2.58627
2.61016
2.57237
2.62105
2.38688
2.42295
2.44552
2.36159
2.64961
2.67188
2.64179
2.66716
2.69898
2.68624
2.6974
2.68782
2.47864
2.49839
2.54535
2.52849
2.58627
2.62105
2.61016
2.57237
2.6974
2.70059
2.70536
2.70536
2.66716
2.69898
2.68782
2.67188
2.64961
2.64179
2.68624
0.0198638
0.0134155
4.37535e-33
4.84363e-33
4.84363e-33
0.0134155
4.37535e-33
0.0198638
0.0516139
0.0392224
0.076421
0.0942603
0.0942603
0.076421
0.0516139
0.0392224
0.208431
0.181123
0.124037
0.146846
0.124037
0.146846
0.181123
0.208431
0.354986
0.320032
0.278107
0.246754
0.438208
0.526932
0.486057
0.400083
0.278107
0.246754
0.320032
0.354986
0.620349
0.717665
0.672495
0.577128
0.438208
0.400083
0.486057
0.526932
0.818119
0.920967
0.873032
0.771381
0.620349
0.577128
0.672495
0.717665
1.0255
1.13102
1.08174
0.97672
0.818119
0.771381
0.873032
0.920967
1.13102
1.0255
0.97672
1.08174
1.18743
1.29312
1.34241
1.23687
1.23687
1.34241
1.18743
1.29312
1.5502
1.39821
1.44705
1.50209
1.5502
1.39821
1.50209
1.44705
1.60422
1.70406
1.7499
1.65132
1.80113
1.89495
1.93758
1.84547
2.07123
2.10984
1.98512
2.02583
1.70406
1.60422
1.7499
1.65132
2.15294
2.26384
2.22992
2.18928
1.93758
1.89495
1.80113
1.84547
1.98512
2.10984
2.02583
2.07123
2.15294
2.26384
2.22992
2.18928
2.33327
2.3019
2.36862
2.39732
2.4558
2.42986
2.50852
2.48544
2.59615
2.5352
2.55535
2.57899
2.36862
2.39732
2.3019
2.33327
2.6593
2.64828
2.63083
2.61671
2.42986
2.48544
2.4558
2.50852
2.6736
2.68151
2.6974
2.69265
2.71013
2.70695
2.70536
2.71172
2.57899
2.5352
2.55535
2.59615
2.61671
2.63083
2.6593
2.64828
2.70536
2.6974
2.70695
2.71172
2.6736
2.69265
2.68151
1.13549e-34
0.00679401
0.00679401
1.13549e-34
0.0580747
0.0264907
0.0264907
0.0580747
0.152991
0.100563
0.100563
0.152991
0.214427
0.283955
0.214427
0.283955
0.360693
0.443774
0.532366
0.62565
0.360693
0.443774
0.722841
0.823169
0.62565
0.532366
0.9259
1.03031
0.823169
0.722841
1.13572
1.24146
0.9259
1.03031
1.13572
1.24146
1.3469
1.45143
1.3469
1.45143
1.55448
1.65551
1.65551
1.55448
1.754
1.84947
1.9415
2.02966
2.19296
2.11359
1.84947
1.754
2.33682
2.26746
2.02966
1.9415
2.11359
2.19296
2.33682
2.26746
2.40081
2.45923
2.55868
2.5119
2.63409
2.59944
2.40081
2.45923
2.68472
2.66253
2.55868
2.5119
2.71013
2.70059
2.71332
2.71013
2.59944
2.63409
2.66253
2.70059
2.68472
1.18743
1.60422
1.50209
0.0134155
1.29312
1.39821
1.29312
1.39821
1.18743
0.181123
0.246754
1.08174
1.50209
0.400083
0.97672
0.873032
1.60422
0.771381
0.672495
1.70406
0.577128
0.486057
1.80113
0.320032
1.89495
1.98512
0.124037
0.076421
2.07123
0.0392224
2.15294
2.22992
0.0134155
1.70406
1.80113
2.3019
2.36862
1.98512
2.42986
0.0392224
2.48544
2.5352
0.076421
2.57899
2.61671
0.124037
2.64828
2.6736
0.181123
2.5352
2.69265
2.57899
2.70536
0.246754
2.71172
2.71172
0.320032
2.70536
2.69265
0.400083
2.6736
2.64828
0.486057
2.61671
0.577128
2.48544
0.672495
2.42986
2.36862
0.771381
2.3019
2.22992
0.873032
2.15294
2.07123
0.97672
1.89495
1.08174
4.37535e-33
4.37535e-33
4.84363e-33
0.0198638
0.0198638
4.84363e-33
0.0942603
0.0516139
0.0516139
0.0942603
0.146846
0.208431
0.146846
0.208431
0.354986
0.278107
0.278107
0.354986
0.526932
0.438208
0.717665
0.620349
0.438208
0.526932
0.818119
0.920967
0.717665
0.620349
1.13102
1.0255
0.818119
0.920967
1.23687
1.34241
1.0255
1.13102
1.23687
1.34241
1.5502
1.44705
1.5502
1.44705
1.65132
1.7499
1.7499
1.65132
1.93758
1.84547
2.10984
2.02583
2.18928
2.26384
1.84547
1.93758
2.39732
2.33327
2.10984
2.02583
2.26384
2.18928
2.33327
2.39732
2.4558
2.50852
2.59615
2.55535
2.63083
2.6593
2.50852
2.4558
2.6974
2.68151
2.59615
2.55535
2.71013
2.70695
2.70695
2.6974
2.6593
2.63083
2.68151
1.49343
1.38934
1.38934
1.28405
1.49343
1.17814
0.111593
1.07223
0.966977
1.59576
0.863053
1.69579
0.761159
0.662023
0.566398
1.79303
0.475062
1.88704
0.388815
0.308482
0.234915
1.97737
0.168985
2.06364
0.0636616
0.0261391
2.1455
2.22263
0.0261391
2.29474
1.59576
2.36159
2.42295
1.79303
0.0636616
2.47864
2.52849
2.06364
2.57237
0.111593
2.61016
0.168985
2.64179
2.66716
2.68624
2.42295
0.234915
2.69898
0.308482
2.57237
2.70536
2.70536
2.69898
0.388815
2.68624
0.475062
2.66716
2.64179
2.61016
0.566398
0.662023
2.52849
2.47864
0.761159
2.36159
0.863053
2.29474
2.22263
2.1455
0.966977
1.07223
1.97737
1.88704
1.17814
1.69579
1.28405
1.28674e-32
1.28674e-32
9.34843e-33
0.032241
0.032241
9.34843e-33
0.128418
0.0753687
0.0753687
0.128418
0.190459
0.260574
0.260574
0.190459
0.421518
0.337882
0.337882
0.421518
0.604455
0.510648
0.702154
0.802976
0.510648
0.604455
0.906186
1.01106
0.802976
0.702154
1.11692
1.2231
1.01106
0.906186
1.43391
1.32897
1.11692
1.2231
1.43391
1.32897
1.53736
1.63877
1.63877
1.53736
1.83347
1.73763
1.73763
1.83347
2.01433
1.92584
2.17824
2.09858
2.25302
2.32264
2.01433
1.92584
2.38688
2.44552
2.09858
2.17824
2.32264
2.25302
2.38688
2.44552
2.49839
2.54535
2.58627
2.62105
2.64961
2.67188
2.54535
2.49839
2.6974
2.68782
2.58627
2.62105
2.70059
2.6974
2.68782
2.64961
2.67188
1.47613
1.26592
1.57884
0.0381698
1.15958
1.05323
0.947516
1.67926
0.84312
0.285409
0.366303
1.77687
0.74074
0.641104
0.544964
1.87122
0.453097
1.96189
0.211262
2.04848
0.144737
2.13065
0.0867317
2.20806
2.28045
0.0381698
2.34755
1.47613
2.40914
0.0867317
2.46504
2.51508
2.55913
1.87122
1.96189
0.144737
2.59707
0.211262
2.62882
2.6543
2.67345
0.285409
2.34755
2.68624
0.366303
2.46504
2.51508
2.69265
2.69265
2.68624
0.453097
2.67345
0.544964
2.6543
2.62882
2.59707
0.641104
2.55913
0.74074
2.40914
0.84312
0.947516
2.28045
2.20806
2.13065
1.05323
2.04848
1.15958
1.77687
1.26592
1.67926
1.37163
1.57884
1.37163
2.09096e-32
2.09096e-32
1.36077e-32
0.043925
0.043925
1.36077e-32
0.0977538
0.160547
0.0977538
0.160547
0.231399
0.309418
0.309418
0.231399
0.48355
0.393749
0.393749
0.48355
0.578012
0.676343
0.777783
0.881589
0.578012
0.676343
0.987049
1.09347
0.881589
0.777783
1.30659
1.2002
0.987049
1.09347
1.516
1.41205
1.2002
1.30659
1.516
1.41205
1.71722
1.61789
1.71722
1.61789
1.8135
1.9063
1.9063
1.8135
2.07984
1.9952
2.235
2.15987
2.30495
2.36948
1.9952
2.07984
2.42841
2.48153
2.15987
2.235
2.36948
2.30495
2.42841
2.48153
2.56984
2.52872
2.60478
2.63348
2.65586
2.67188
2.52872
2.56984
2.68472
2.68151
2.63348
2.60478
2.68151
2.67188
2.65586
1.65451
1.02478
0.918386
1.75267
0.813283
0.710175
1.84754
0.60979
0.512878
1.93871
0.420216
0.332603
2.02579
0.250865
0.17585
2.10841
0.108431
0.0495069
2.18626
2.25905
0.0495069
1.1318
1.23879
2.32652
2.38846
1.45023
2.44468
0.108431
2.49501
2.53931
0.17585
2.57747
2.60941
0.250865
2.63503
2.6543
0.332603
2.18626
2.66716
2.25905
2.6736
0.420216
2.6736
2.66716
0.512878
2.49501
2.53931
2.6543
2.63503
0.60979
2.60941
2.57747
0.710175
0.813283
2.44468
2.38846
0.918386
2.32652
1.02478
2.10841
1.1318
2.02579
1.93871
1.23879
1.84754
1.75267
1.34513
1.65451
1.55353
1.45023
1.34513
1.55353
2.85014e-32
2.85014e-32
1.76211e-32
0.054915
0.054915
1.76211e-32
0.190645
0.118768
0.118768
0.190645
0.354963
0.269665
0.269665
0.354963
0.541081
0.445707
0.445707
0.541081
0.7426
0.640301
0.847243
0.953513
0.7426
0.640301
1.16821
1.06073
0.847243
0.953513
1.38153
1.27535
1.16821
1.06073
1.58873
1.48617
1.38153
1.27535
1.48617
1.58873
1.78561
1.68871
1.68871
1.78561
1.96848
1.87901
1.87901
1.96848
2.13421
2.05367
2.28023
2.20983
2.34519
2.4045
2.05367
2.13421
2.50548
2.45798
2.20983
2.28023
2.4045
2.34519
2.50548
2.45798
2.54687
2.58206
2.61095
2.63348
2.64961
2.6593
2.58206
2.54687
2.6593
2.66253
2.61095
2.64961
2.63348
0.879663
0.773619
1.81607
0.669543
1.90791
0.568159
0.470219
0.376497
1.99562
0.287794
2.07884
0.204932
0.12876
0.0601498
2.15726
2.23059
0.0601498
2.29857
0.986973
2.36097
2.41761
1.20272
0.12876
2.46831
2.51295
1.51988
2.55141
0.204932
2.58358
0.287794
2.60941
2.62882
2.64179
1.99562
0.376497
2.64828
0.470219
2.23059
2.64828
2.64179
2.62882
0.568159
2.41761
2.60941
0.669543
2.58358
2.55141
2.51295
0.773619
2.46831
0.879663
2.36097
2.29857
0.986973
1.09487
2.15726
2.07884
1.20272
1.90791
1.30989
1.81607
1.72049
1.62161
1.4158
1.51988
1.4158
1.30989
1.62161
1.09487
1.72049
3.56425e-32
3.56425e-32
2.13885e-32
0.0652107
0.0652107
2.13885e-32
0.218711
0.13841
0.13841
0.218711
0.397207
0.305256
0.397207
0.305256
0.493756
0.594113
0.493756
0.594113
0.69752
0.803234
0.910546
1.01877
0.69752
0.803234
1.23532
1.12724
1.01877
0.910546
1.44795
1.34242
1.23532
1.12724
1.65218
1.55137
1.44795
1.34242
1.55137
1.65218
1.84404
1.74988
1.84404
1.74988
2.02013
1.93425
2.02013
1.93425
2.17757
2.10134
2.24856
2.31406
2.42779
2.37386
2.10134
2.17757
2.47569
2.51743
2.31406
2.24856
2.37386
2.42779
2.51743
2.47569
2.58206
2.55292
2.62105
2.60478
2.63083
2.63409
2.55292
2.58206
2.62105
2.63083
2.60478
1.86954
0.618945
1.95805
0.516316
0.417092
0.322048
2.04202
0.231982
2.12115
0.147716
0.0700981
2.19514
2.26374
0.0700981
2.32672
0.831446
2.38388
0.147716
2.43506
2.48011
2.51893
1.26602
1.37293
0.231982
2.55141
0.322048
2.57747
2.59707
2.61016
0.417092
1.86954
2.61671
0.516316
2.04202
2.12115
2.61671
2.61016
2.59707
0.618945
2.32672
2.57747
0.72423
2.55141
2.51893
2.48011
0.831446
2.43506
0.939893
2.38388
2.26374
1.0489
2.19514
1.15781
1.95805
1.26602
1.37293
1.77688
1.68044
1.58065
1.47798
1.47798
1.58065
1.15781
1.68044
1.0489
1.77688
0.939893
0.72423
4.23325e-32
4.23325e-32
2.49098e-32
0.0748117
0.0748117
2.49098e-32
0.156681
0.244745
0.156681
0.244745
0.436153
0.338174
0.338174
0.436153
0.537902
0.642654
0.537902
0.642654
0.858257
0.749678
1.07737
0.967709
0.749678
0.858257
1.18661
1.29483
0.967709
1.07737
1.40144
1.50591
1.18661
1.29483
1.60772
1.7064
1.50591
1.40144
1.60772
1.7064
1.89258
1.80149
1.89258
1.80149
2.06132
1.97931
1.97931
2.06132
2.21
2.13831
2.33656
2.27615
2.39103
2.43941
2.13831
2.21
2.51743
2.48159
2.33656
2.27615
2.39103
2.43941
2.51743
2.48159
2.56984
2.54687
2.59615
2.58627
2.59944
2.59615
2.54687
2.58627
2.56984
1.99804
0.35363
0.257001
2.07802
0.165301
0.0793518
2.1528
2.22214
0.0793518
0.454391
0.558511
2.2858
2.34358
0.773862
2.39532
0.165301
2.44087
2.48011
0.257001
2.51295
2.53931
0.35363
2.55913
2.57237
0.454391
1.63259
2.57899
1.73007
2.57899
0.558511
2.57237
2.55913
0.665243
2.07802
2.1528
2.53931
2.51295
0.773862
2.48011
2.44087
0.88367
2.39532
2.34358
0.993994
2.2858
2.22214
1.10419
1.21363
1.99804
1.91317
1.32174
1.82372
1.42795
1.53173
1.53173
1.42795
1.32174
1.63259
1.21363
1.10419
1.73007
0.993994
0.88367
1.82372
0.665243
1.91317
4.85712e-32
4.85712e-32
2.81849e-32
0.0837181
0.0837181
2.81849e-32
0.268749
0.17358
0.17358
0.268749
0.36842
0.471805
0.471805
0.36842
0.686712
0.578149
0.578149
0.686712
0.796787
0.907686
1.01875
1.12935
0.796787
0.907686
1.34677
1.23889
1.12935
1.01875
1.45247
1.55546
1.23889
1.34677
1.65528
1.75146
1.45247
1.55546
1.75146
1.65528
1.93131
1.8436
1.8436
1.93131
2.01426
2.09213
2.09213
2.01426
2.23157
2.16465
2.34779
2.29268
2.43941
2.39675
2.23157
2.16465
2.47569
2.50548
2.34779
2.29268
2.39675
2.43941
2.50548
2.47569
2.52872
2.54535
2.55868
2.55535
2.55535
2.54535
2.52872
0.181515
0.087911
2.10367
2.17386
0.087911
2.23831
0.27999
2.29681
2.34919
0.488398
0.181515
2.39532
2.43506
0.818453
2.46831
0.27999
2.49501
0.382542
2.51508
2.52849
2.5352
1.36992
0.488398
2.5352
0.596813
1.67577
2.52849
2.51508
2.49501
0.707064
1.94702
2.46831
0.818453
2.43506
2.39532
2.34919
0.93031
2.29681
1.04199
2.23831
2.17386
2.10367
1.15287
2.02797
1.26237
1.86111
1.77057
1.36992
1.475
1.5771
1.475
1.5771
1.26237
1.67577
1.15287
1.04199
0.93031
1.77057
1.86111
0.707064
0.596813
1.94702
0.382542
2.02797
5.43588e-32
5.43588e-32
3.12139e-32
0.0919303
0.0919303
3.12139e-32
0.189109
0.290724
0.189109
0.290724
0.50417
0.395999
0.50417
0.395999
0.726299
0.614508
0.614508
0.726299
0.838865
0.951542
1.17474
1.0637
0.838865
0.951542
1.39119
1.28409
1.0637
1.17474
1.49555
1.59666
1.28409
1.39119
1.69409
1.78742
1.49555
1.59666
1.69409
1.78742
1.96029
1.87627
1.96029
1.87627
2.11264
2.03918
2.11264
2.03918
2.18044
2.24234
2.34779
2.29818
2.42779
2.39103
2.24234
2.18044
2.45798
2.48153
2.34779
2.29818
2.39103
2.42779
2.48153
2.45798
2.50852
2.49839
2.50852
2.5119
2.49839
2.11904
2.18438
0.0957764
0.0957764
2.24369
2.29681
0.196359
2.34358
2.38388
0.519122
0.631231
2.41761
0.300953
2.44468
0.408789
2.46504
2.47864
2.48544
1.19498
0.519122
2.48544
1.4106
1.51412
0.631231
2.47864
2.46504
2.44468
1.80201
0.744421
2.41761
0.858021
2.38388
2.34358
2.11904
2.29681
0.971387
2.24369
1.0839
2.18438
2.04789
1.19498
1.97115
1.30405
1.88909
1.71024
1.4106
1.61414
1.51412
1.30405
1.61414
1.71024
1.0839
0.971387
0.858021
1.80201
0.744421
1.88909
0.408789
1.97115
0.300953
2.04789
0.196359
5.96954e-32
5.96954e-32
3.39971e-32
0.0994492
3.39971e-32
0.0994492
0.310676
0.203269
0.203269
0.310676
0.533255
0.420916
0.533255
0.420916
0.646988
0.76143
0.646988
0.76143
0.989846
0.875927
1.21357
1.10259
0.875927
0.989846
1.42814
1.32226
1.21357
1.10259
1.62955
1.53072
1.32226
1.42814
1.81434
1.72422
1.53072
1.62955
1.81434
1.72422
1.89957
1.97958
1.89957
1.97958
2.12288
2.05411
2.12288
2.05411
2.18569
2.24234
2.33656
2.29268
2.37386
2.4045
2.18569
2.24234
2.44552
2.42841
2.29268
2.33656
2.37386
2.4045
2.44552
2.42841
2.45923
2.4558
2.4558
0.102949
2.18438
2.23831
2.2858
0.209837
2.32672
2.36097
0.319894
2.38846
2.40914
0.432378
2.42295
2.42986
0.892583
0.546571
1.00692
2.42986
2.42295
0.661777
2.40914
2.38846
1.44382
1.54535
0.777329
2.36097
2.32672
0.892583
2.2858
2.23831
1.00692
2.18438
2.12416
1.11976
2.05783
1.98561
1.23054
1.90771
1.82442
1.33872
1.73604
1.64289
1.44382
1.54535
1.33872
1.23054
1.64289
1.11976
1.73604
0.777329
1.82442
0.661777
0.546571
1.90771
0.432378
0.319894
1.98561
0.209837
0.102949
2.05783
2.12416
6.45816e-32
6.45816e-32
3.65348e-32
0.106276
0.106276
3.65348e-32
0.216064
0.328607
0.216064
0.328607
0.443179
0.55907
0.55907
0.443179
0.792119
0.675603
0.792119
0.675603
1.02262
0.907995
1.24587
1.13543
0.907995
1.02262
1.45764
1.35344
1.24587
1.13543
1.55802
1.65417
1.45764
1.35344
1.74571
1.83226
1.55802
1.65417
1.74571
1.83226
1.91353
1.98922
1.91353
1.98922
2.12288
2.05908
2.12288
2.05908
2.23157
2.18044
2.27615
2.31406
2.36948
2.34519
2.18044
2.23157
2.38688
2.39732
2.27615
2.31406
2.34519
2.36948
2.38688
2.40081
2.39732
2.22214
0.22195
2.26374
2.29857
2.32652
0.336818
2.34755
0.453316
2.36159
0.570754
2.36862
2.36862
0.570754
0.92216
2.36159
0.688464
2.34755
2.32652
1.25959
2.29857
0.805804
2.26374
0.92216
2.22214
2.17386
1.75322
2.11904
1.03694
2.05783
1.1496
1.99042
1.91702
1.83786
1.25959
1.36641
1.6634
1.56874
1.46961
1.46961
1.36641
1.56874
1.1496
1.03694
1.6634
1.75322
0.805804
0.688464
1.83786
0.453316
1.91702
0.336818
0.22195
0.10943
1.99042
2.05783
0.10943
2.11904
2.17386
6.90181e-32
6.90181e-32
3.88274e-32
0.112412
0.112412
3.88274e-32
0.344525
0.227497
0.227497
0.344525
0.581625
0.462795
0.462795
0.581625
0.700365
0.818385
0.700365
0.818385
0.935087
1.04989
1.27167
1.16226
0.935087
1.04989
1.47973
1.37765
1.27167
1.16226
1.67057
1.5775
1.37765
1.47973
1.84122
1.75858
1.67057
1.5775
1.84122
1.75858
1.91818
1.98922
1.91818
1.98922
2.05411
2.11264
2.05411
2.11264
2.16465
2.21
2.24856
2.28023
2.32264
2.30495
2.16465
2.21
2.33682
2.33327
2.28023
2.24856
2.32264
2.30495
2.33327
0.232703
2.19514
2.23059
2.25905
0.35173
2.28045
0.35173
0.471612
2.29474
0.591683
0.711305
2.3019
2.3019
0.591683
2.29474
1.06147
0.711305
2.28045
2.25905
2.23059
0.829864
1.48801
1.58431
2.19514
0.946772
2.1528
2.10367
2.04789
1.06147
1.98561
1.17343
1.91702
1.84233
1.7618
1.28215
1.67569
1.38715
1.38715
1.48801
1.28215
1.58431
1.17343
0.946772
1.67569
0.829864
1.7618
0.471612
1.84233
1.91702
0.232703
0.115221
1.98561
2.04789
0.115221
2.10367
2.1528
7.3006e-32
7.3006e-32
4.08755e-32
0.117859
0.117859
4.08755e-32
0.358433
0.237572
0.237572
0.358433
0.600931
0.479772
0.600931
0.479772
0.840242
0.721289
0.721289
0.840242
0.957222
1.07168
1.1831
1.291
0.957222
1.07168
1.49445
1.39492
1.1831
1.291
1.58918
1.67876
1.39492
1.49445
1.76287
1.84122
1.67876
1.58918
1.84122
1.76287
1.91353
1.97958
1.97958
1.91353
2.03918
2.09213
2.09213
2.03918
2.13831
2.17757
2.20983
2.235
2.25302
2.26384
2.13831
2.17757
2.26384
2.26746
2.235
2.20983
2.25302
2.18626
0.364637
2.20806
0.120325
2.22263
0.487272
2.22992
2.22992
0.609369
0.609369
0.730315
2.22263
2.20806
0.730315
2.18626
2.15726
0.849523
2.12115
2.07802
0.966436
2.02797
1.49904
1.97115
1.08052
1.90771
1.83786
1.19128
1.7618
1.67979
1.29824
1.5921
1.40096
1.40096
1.29824
1.49904
1.19128
1.08052
1.5921
0.966436
0.849523
1.67979
1.7618
0.487272
0.364637
1.83786
0.2421
1.90771
1.97115
0.120325
2.15726
2.02797
2.07802
2.12115
0.2421
7.65464e-32
7.65464e-32
4.26799e-32
0.122619
0.122619
4.26799e-32
0.246292
0.37034
0.246292
0.37034
0.616999
0.494119
0.494119
0.616999
0.857707
0.738388
0.738388
0.857707
1.088
0.974419
1.30387
1.19797
0.974419
1.088
1.40528
1.5018
1.30387
1.19797
1.59307
1.67876
1.5018
1.40528
1.75858
1.83226
1.67876
1.59307
1.75858
1.83226
1.96029
1.89957
1.96029
1.89957
2.01426
2.06132
2.06132
2.01426
2.13421
2.10134
2.17824
2.15987
2.19296
2.18928
2.13421
2.10134
2.18928
2.15987
2.17824
0.375545
2.1455
0.500308
2.15294
2.15294
2.1455
0.375545
0.623823
2.13065
0.745505
2.10841
2.07884
2.04202
0.981169
0.864797
1.99804
0.981169
1.94702
1.30789
1.88909
1.82442
1.50272
1.09412
1.75322
1.20317
1.67569
1.5921
1.30789
1.40787
1.40787
1.20317
1.09412
1.50272
1.5921
0.864797
0.745505
0.623823
1.67569
0.500308
1.75322
0.250144
0.124742
1.82442
1.88909
0.124742
2.13065
1.94702
1.99804
2.04202
0.250144
2.07884
2.10841
7.96405e-32
7.96405e-32
4.42411e-32
0.126694
0.126694
4.42411e-32
0.380251
0.253661
0.253661
0.380251
0.62984
0.505844
0.62984
0.505844
0.870793
0.751673
0.751673
0.870793
1.09887
0.986691
1.3103
1.20689
0.986691
1.09887
1.5018
1.40873
1.20689
1.3103
1.67057
1.58918
1.5018
1.40873
1.81434
1.74571
1.58918
1.67057
1.74571
1.81434
1.87627
1.93131
1.87627
1.93131
1.97931
2.02013
1.97931
2.02013
2.05367
2.07984
2.09858
2.10984
2.11359
2.10984
2.07984
2.05367
2.09858
0.510725
2.07123
2.07123
0.128476
2.06364
0.635053
2.04848
0.756887
2.02579
0.635053
0.756887
1.99562
1.95805
0.875698
1.91317
0.990983
1.86111
1.80201
1.31111
1.73604
1.10227
1.6634
1.20912
1.58431
1.49904
1.40787
1.31111
1.40787
1.20912
1.10227
0.990983
1.49904
0.875698
1.58431
0.510725
1.6634
0.38446
1.73604
0.25684
1.80201
1.86111
0.128476
2.06364
1.91317
1.95805
0.25684
1.99562
2.02579
2.04848
0.38446
8.22896e-32
8.22896e-32
4.55599e-32
0.130086
0.130086
4.55599e-32
0.259685
0.388171
0.259685
0.388171
0.639462
0.514955
0.639462
0.514955
0.879511
0.761154
0.761154
0.879511
0.994049
1.10431
1.3103
1.20986
1.10431
0.994049
1.40528
1.49445
1.20986
1.3103
1.65417
1.5775
1.49445
1.40528
1.78742
1.72422
1.65417
1.5775
1.72422
1.78742
1.8436
1.89258
1.8436
1.89258
1.96848
1.93425
1.96848
1.93425
1.9952
2.01433
2.02583
2.02966
2.02583
1.9952
2.01433
1.97737
0.643069
1.96189
1.93871
0.76447
1.90791
1.86954
0.882234
1.82372
0.643069
1.77057
0.995888
1.71024
0.995888
1.64289
1.10499
1.10499
1.56874
1.48801
1.20912
1.40096
1.30789
1.30789
1.20912
1.40096
0.882234
1.48801
0.76447
1.56874
0.518531
0.391387
1.64289
0.262192
0.131527
1.71024
1.77057
0.131527
1.98512
1.82372
1.98512
1.86954
1.90791
0.262192
1.93871
1.96189
0.391387
1.97737
0.518531
8.44951e-32
8.44951e-32
4.66369e-32
0.132798
0.132798
4.66369e-32
0.394107
0.264365
0.394107
0.264365
0.521458
0.645873
0.645873
0.521458
0.883868
0.76684
0.76684
0.883868
0.996501
1.10431
1.20689
1.30387
1.10431
0.996501
1.47973
1.39492
1.30387
1.20689
1.55802
1.62955
1.47973
1.39492
1.75146
1.69409
1.62955
1.55802
1.69409
1.75146
1.80149
1.84404
1.84404
1.80149
1.87901
1.9063
1.9063
1.87901
1.92584
1.93758
1.9415
1.93758
1.92584
0.647875
1.84754
0.76826
1.81607
1.77688
1.73007
0.396332
0.884412
1.67577
0.647875
0.995888
1.61414
1.54535
1.46961
1.10227
1.38715
1.20317
1.29824
1.20317
1.10227
1.29824
0.995888
1.38715
0.884412
0.76826
1.46961
0.523732
1.54535
0.266202
0.133898
1.61414
1.67577
0.133898
1.87122
1.73007
1.77688
1.81607
1.89495
0.266202
1.84754
1.87122
1.88704
0.396332
0.523732
1.89495
1.88704
8.62583e-32
8.62583e-32
4.74729e-32
0.134829
0.134829
4.74729e-32
0.398061
0.267706
0.267706
0.398061
0.649077
0.525358
0.525358
0.649077
0.883868
0.768735
0.768735
0.883868
1.09887
0.994049
1.291
1.19797
1.09887
0.994049
1.45764
1.37765
1.291
1.19797
1.59666
1.53072
1.45764
1.37765
1.65528
1.7064
1.53072
1.59666
1.65528
1.7064
1.78561
1.74988
1.78561
1.74988
1.8135
1.83347
1.83347
1.8135
1.84547
1.84947
1.84547
0.76826
1.72049
1.68044
1.63259
0.882234
1.5771
0.399297
0.990983
1.51412
0.649477
1.44382
1.36641
1.09412
1.28215
1.19128
1.19128
1.09412
0.990983
1.28215
0.882234
1.36641
0.76826
0.526332
1.44382
1.51412
0.268875
0.135591
1.5771
1.63259
0.135591
1.75267
1.68044
1.72049
1.79303
1.80113
0.268875
1.75267
1.77687
1.79303
0.399297
1.80113
0.526332
1.77687
0.649477
8.75801e-32
8.75801e-32
4.80682e-32
0.136183
0.136183
4.80682e-32
0.400038
0.26971
0.26971
0.400038
0.649077
0.526657
0.649077
0.526657
0.879511
0.76684
0.76684
0.879511
0.986691
1.088
1.1831
1.27167
0.986691
1.088
1.35344
1.42814
1.27167
1.1831
1.49555
1.55546
1.42814
1.35344
1.65218
1.60772
1.55546
1.49555
1.60772
1.65218
1.71722
1.68871
1.68871
1.71722
1.7499
1.73763
1.73763
1.7499
1.754
1.53173
0.875698
1.475
0.136606
1.4106
0.981168
1.33872
1.25959
1.08052
0.647875
0.76447
1.17343
1.08052
1.17343
0.981168
0.875698
1.25959
1.33872
0.526332
0.400285
1.4106
0.27021
1.475
1.53173
0.136606
1.58065
1.58065
1.62161
1.62161
1.65451
0.27021
1.67926
1.69579
0.400285
1.70406
1.70406
0.526332
1.69579
1.67926
0.647875
1.65451
0.76447
8.84614e-32
8.84614e-32
4.84234e-32
0.13686
0.13686
4.84234e-32
0.270378
0.400038
0.270378
0.400038
0.645873
0.525358
0.525358
0.645873
0.870793
0.761154
0.761154
0.870793
0.974419
1.07168
1.24587
1.16226
1.07168
0.974419
1.39119
1.32226
1.24587
1.16226
1.50591
1.45247
1.39119
1.32226
1.58873
1.55137
1.50591
1.45247
1.55137
1.58873
1.63877
1.61789
1.63877
1.61789
1.65132
1.65132
1.65551
0.864797
1.30405
0.966436
1.23054
1.1496
1.06147
0.399297
1.06147
0.966436
1.1496
0.864797
0.756887
0.643069
1.23054
0.523732
1.30405
0.27021
0.136944
1.36992
1.42795
0.136944
1.36992
1.47798
1.51988
1.55353
1.51988
0.27021
1.57884
1.59576
1.60422
0.399297
1.60422
0.523732
1.59576
1.57884
1.55353
0.643069
0.756887
1.47798
1.42795
8.89029e-32
8.89029e-32
4.85386e-32
0.13686
0.13686
4.85386e-32
0.398061
0.26971
0.26971
0.398061
0.639462
0.521458
0.521458
0.639462
0.751673
0.857707
0.857707
0.751673
0.957222
1.04989
1.13543
1.21357
0.957222
1.04989
1.28409
1.34677
1.13543
1.21357
1.44795
1.40144
1.28409
1.34677
1.48617
1.516
1.44795
1.40144
1.48617
1.516
1.5502
1.53736
1.5502
1.53736
1.55448
0.946772
1.11976
1.03694
0.136606
0.946772
1.03694
0.849523
1.11976
0.745505
0.635053
0.518531
1.19498
0.396332
1.26237
0.268875
1.32174
1.37293
0.136606
1.19498
1.4158
1.45023
1.32174
1.37293
0.268875
1.47613
1.49343
1.50209
1.47613
0.396332
1.50209
0.518531
1.49343
1.45023
0.635053
1.4158
0.745505
1.26237
0.849523
8.89048e-32
8.89048e-32
4.84139e-32
0.136183
0.136183
4.84139e-32
0.394107
0.267706
0.267706
0.394107
0.514955
0.62984
0.62984
0.514955
0.738388
0.840242
0.738388
0.840242
0.935086
1.02262
1.17474
1.10259
1.02262
0.935086
1.23889
1.29483
1.17474
1.10259
1.34242
1.38153
1.23889
1.29483
1.41205
1.43391
1.34242
1.38153
1.41205
1.43391
1.45143
1.44705
1.44705
0.829864
1.00692
0.730315
0.623823
1.0839
0.510725
0.391387
1.15287
0.266202
0.135591
1.21363
1.26602
0.135591
0.92216
1.30989
1.00692
1.34513
1.37163
0.266202
1.38934
1.39821
1.26602
1.30989
0.391387
1.39821
1.38934
0.510725
1.37163
1.34513
0.623823
0.730315
1.21363
1.15287
0.829864
1.0839
0.92216
8.84672e-32
8.84672e-32
4.80492e-32
0.134829
0.134829
4.80492e-32
0.264365
0.388171
0.264365
0.388171
0.616999
0.505844
0.616999
0.505844
0.721289
0.818385
0.721289
0.818385
0.907994
0.989846
1.12935
1.0637
0.989846
0.907994
1.23532
1.18661
1.12935
1.0637
1.30659
1.27535
1.23532
1.18661
1.34241
1.32897
1.27535
1.30659
1.34241
1.32897
1.3469
0.971387
0.500308
1.04199
0.38446
0.262192
0.133898
1.10419
1.15781
0.133898
0.609369
1.20272
1.23879
1.26592
0.892583
0.262192
1.28405
1.29312
1.29312
1.10419
0.38446
1.28405
0.500308
1.26592
1.23879
1.20272
0.609369
1.15781
0.711305
1.04199
0.971387
0.805804
0.892583
0.805804
0.711305
8.75898e-32
8.75898e-32
4.74444e-32
0.132798
0.132798
4.74444e-32
0.380251
0.259685
0.259685
0.380251
0.494119
0.600931
0.600931
0.494119
0.700365
0.792119
0.792119
0.700365
0.951542
0.875927
1.01875
1.07737
0.951542
0.875927
1.16821
1.12724
1.07737
1.01875
1.2002
1.2231
1.16821
1.12724
1.24146
1.23687
1.2231
1.2002
1.23687
0.993994
0.25684
0.131527
1.0489
1.09487
0.131527
0.375545
1.1318
1.15958
0.591683
0.688464
0.25684
1.17814
1.18743
1.18743
0.93031
0.375545
1.17814
0.487272
1.15958
1.1318
1.09487
0.591683
1.0489
0.688464
0.993994
0.85802
0.777329
0.777329
0.85802
0.487272
0.93031
8.62719e-32
8.62719e-32
4.65989e-32
0.130086
0.130086
4.65989e-32
0.253661
0.37034
0.253661
0.37034
0.581624
0.479772
0.581624
0.479772
0.761429
0.675603
0.761429
0.675603
0.907686
0.838864
0.967709
1.01877
0.907686
0.838864
1.06073
1.09347
0.967709
1.01877
1.11692
1.13102
1.09347
1.06073
1.13572
1.13102
1.11692
0.986972
0.128476
1.02478
0.128476
1.05323
1.07223
0.250144
1.08174
1.08174
0.570754
0.661777
0.364637
1.07223
0.818453
1.05323
0.471611
1.02478
0.986972
0.570754
0.939893
0.88367
0.661777
0.744421
0.744421
0.818453
0.471611
0.364637
0.88367
0.250144
0.939893
8.45126e-32
8.45126e-32
4.55123e-32
0.126694
4.55123e-32
0.126694
0.358433
0.246292
0.246292
0.358433
0.462795
0.559069
0.462795
0.559069
0.726299
0.646988
0.646988
0.726299
0.796787
0.858257
0.910546
0.953513
0.858257
0.796787
0.987049
1.01106
0.953513
0.910546
1.03031
1.0255
1.01106
0.987049
1.0255
0.124742
0.918386
0.947516
0.966977
0.2421
0.97672
0.35173
0.97672
0.966977
0.35173
0.947516
0.453316
0.918386
0.879663
0.831446
0.54657
0.773862
0.631231
0.707064
0.631231
0.54657
0.707064
0.453316
0.773862
0.2421
0.124742
0.831446
0.879663
8.2311e-32
8.2311e-32
4.41839e-32
0.122619
0.122619
4.41839e-32
0.344524
0.237572
0.237572
0.344524
0.533255
0.443179
0.443179
0.533255
0.686712
0.614508
0.686712
0.614508
0.803233
0.749678
0.881589
0.847243
0.749678
0.803233
0.906186
0.920967
0.881589
0.847243
0.9259
0.906186
0.920967
0.863052
0.232703
0.873032
0.120325
0.873032
0.863052
0.336818
0.843119
0.432378
0.519122
0.596813
0.813283
0.773619
0.72423
0.519122
0.665243
0.596813
0.432378
0.665243
0.336818
0.72423
0.232703
0.773619
0.813283
0.120325
0.843119
7.96658e-32
7.96658e-32
4.26131e-32
0.117859
0.117859
4.26131e-32
0.328607
0.227497
0.227497
0.328607
0.420916
0.50417
0.420916
0.50417
0.578149
0.642654
0.642654
0.578149
0.7426
0.69752
0.777783
0.802976
0.69752
0.7426
0.818119
0.823169
0.802976
0.777783
0.818119
0.22195
0.771381
0.761158
0.319894
0.74074
0.710175
0.408789
0.669543
0.618945
0.488398
0.558511
0.488398
0.558511
0.408789
0.319894
0.618945
0.22195
0.115221
0.669543
0.710175
0.115221
0.74074
0.761158
0.771381
7.65757e-32
7.65757e-32
4.07992e-32
0.112412
0.112412
4.07992e-32
0.310676
0.216064
0.216064
0.310676
0.395999
0.471805
0.395999
0.471805
0.537902
0.594113
0.537902
0.594113
0.640301
0.676343
0.717665
0.702154
0.676343
0.640301
0.717665
0.722841
0.702154
0.662023
0.641104
0.300953
0.60979
0.382542
0.568159
0.300953
0.516316
0.454391
0.454391
0.382542
0.516316
0.209836
0.10943
0.568159
0.60979
0.10943
0.641104
0.672495
0.662023
0.672495
0.209836
7.30393e-32
7.30393e-32
0.106276
3.87414e-32
0.106276
3.87414e-32
0.290724
0.203269
0.203269
0.290724
0.436153
0.36842
0.436153
0.36842
0.493756
0.54108
0.493756
0.54108
0.604455
0.578012
0.625649
0.620349
0.578012
0.620349
0.604455
0.27999
0.512878
0.35363
0.470219
0.417092
0.35363
0.417092
0.27999
0.470219
0.196359
0.102949
0.512878
0.544964
0.102949
0.566398
0.566398
0.577128
0.196359
0.577128
0.544964
6.90553e-32
6.90553e-32
3.64391e-32
0.0994492
0.0994492
3.64391e-32
0.268749
0.189109
0.189109
0.268749
0.397207
0.338174
0.338174
0.397207
0.445707
0.48355
0.48355
0.445707
0.510648
0.526932
0.532366
0.526932
0.510648
0.322048
0.322048
0.257001
0.376497
0.181515
0.0957764
0.420216
0.453097
0.0957764
0.376497
0.420216
0.475062
0.486057
0.486057
0.181515
0.475062
0.453097
0.257001
6.46227e-32
6.46227e-32
3.38917e-32
0.0919303
0.0919303
3.38917e-32
0.244745
0.17358
0.244745
0.17358
0.354963
0.305256
0.354963
0.305256
0.421518
0.393749
0.393749
0.421518
0.438208
0.443774
0.438208
0.165301
0.087911
0.332603
0.366303
0.087911
0.388815
0.231982
0.400083
0.400083
0.332603
0.165301
0.388815
0.366303
0.231982
0.287794
0.287794
5.97405e-32
5.97405e-32
3.10988e-32
0.083718
0.083718
3.10988e-32
0.156681
0.218711
0.156681
0.218711
0.309418
0.269665
0.309418
0.269665
0.354986
0.337882
0.337882
0.360693
0.354986
0.285409
0.308482
0.0793517
0.0793517
0.320032
0.320032
0.147716
0.308482
0.285409
0.250865
0.204932
0.204932
0.250865
0.147716
5.44079e-32
5.44079e-32
2.806e-32
0.0748116
2.806e-32
0.0748116
0.13841
0.190645
0.13841
0.190645
0.260574
0.231399
0.260574
0.231399
0.283955
0.278107
0.278107
0.0700981
0.246754
0.246754
0.234915
0.12876
0.211262
0.17585
0.17585
0.12876
0.0700981
0.211262
0.234915
4.86243e-32
4.86243e-32
2.47752e-32
0.0652106
0.0652106
2.47752e-32
0.160547
0.118768
0.118768
0.160547
0.190459
0.208431
0.190459
0.208431
0.214427
0.168985
0.108431
0.144737
0.108431
0.0601497
0.144737
0.168985
0.0601497
0.181123
0.181123
4.23895e-32
4.23895e-32
2.12441e-32
0.054915
0.054915
2.12441e-32
0.128418
0.0977538
0.0977538
0.128418
0.146846
0.146846
0.152991
0.0867317
0.0867317
0.0495068
0.111593
0.124037
0.0495068
0.124037
0.111593
3.57035e-32
3.57035e-32
1.7467e-32
0.043925
1.7467e-32
0.043925
0.0753688
0.0942603
0.0753688
0.0942603
0.100563
0.076421
0.0381698
0.076421
0.0636616
0.0381698
0.0636616
2.85665e-32
2.85665e-32
0.032241
1.34438e-32
0.032241
1.34438e-32
0.0516139
0.0516139
0.0580746
0.0261391
0.0392224
0.0261391
0.0392224
2.09786e-32
2.09786e-32
9.17486e-33
0.0198638
0.0198638
9.17486e-33
0.0264907
0.0134155
0.0134155
1.29404e-32
1.29404e-32
4.66034e-33
4.66034e-33
0.00679401
1.92497e-35
4.45234e-33
4.45234e-33
