1.38758e-35
3.2094e-33
3.2094e-33
3.35933e-33
9.32941e-33
0.00489735
0.00967119
3.35933e-33
9.32941e-33
0.00967119
6.61469e-33
0.0188467
1.51273e-32
0.0143208
0.019099
0.0282798
0.0282798
0.0143208
0.0188467
1.51273e-32
6.61469e-33
9.69427e-33
0.0275262
2.06029e-32
0.0232483
0.0459088
0.0551094
0.0372177
0.0418756
9.69427e-33
0.0275262
0.0372177
0.0551094
0.0459088
0.0232483
2.06029e-32
1.25981e-32
0.0316799
0.0357098
2.57564e-32
0.054357
0.0625585
0.0804888
0.0679801
0.0894635
0.072526
0.0894635
0.0679801
0.0316799
2.57564e-32
0.0357098
1.25981e-32
0.0625585
0.054357
0.0804888
1.53261e-32
3.05877e-32
0.0396155
0.0433974
0.070517
0.0782287
0.104418
0.0926344
0.0433974
3.05877e-32
0.0396155
1.53261e-32
0.130664
0.110358
0.121909
0.105926
0.105926
0.104418
0.121909
0.070517
0.130664
0.0926344
0.0782287
1.78784e-32
0.050589
3.50969e-32
0.0470551
0.0856976
0.0929196
0.126897
0.115838
0.150381
0.137417
0.152446
0.16951
3.50969e-32
0.050589
0.0470551
1.78784e-32
0.0856976
0.126897
0.0929196
0.115838
0.154707
0.178051
0.150381
0.178051
0.152446
0.16951
0.137417
2.02548e-32
0.0572847
3.92838e-32
0.0539987
0.0998988
0.106631
0.147926
0.137592
0.206002
0.18805
0.167
0.181074
0.200701
0.222651
0.230986
0.204919
2.02548e-32
0.0572847
3.92838e-32
0.0539987
0.0998988
0.106631
0.147926
0.137592
0.222651
0.206002
0.181074
0.230986
0.167
0.200701
0.18805
2.24556e-32
0.0634844
4.31486e-32
0.0604464
0.113121
0.119363
0.167504
0.157896
0.207794
0.240139
0.223364
0.194674
0.243907
0.264464
0.280712
0.256249
0.0604464
2.24556e-32
0.0634844
4.31486e-32
0.260368
0.288845
0.288845
0.256249
0.119363
0.167504
0.113121
0.157896
0.223364
0.264464
0.280712
0.207794
0.194674
0.243907
0.240139
2.44805e-32
0.0691881
4.66912e-32
0.0663981
0.176749
0.125363
0.131116
0.185632
0.232605
0.271922
0.256325
0.220439
0.284326
0.303489
0.32723
0.304371
0.31642
0.343088
0.351027
0.320437
4.66912e-32
0.0663981
2.44805e-32
0.0691881
0.185632
0.131116
0.176749
0.125363
0.351027
0.343088
0.31642
0.304371
0.256325
0.220439
0.232605
0.271922
0.303489
0.32723
0.284326
2.63296e-32
0.0743958
4.99116e-32
0.0718538
0.136626
0.20231
0.194152
0.141889
0.0718538
0.0743958
4.99116e-32
2.63296e-32
0.255508
0.301351
0.286931
0.244296
0.321957
0.37054
0.349285
0.339726
0.380613
0.393715
0.409197
0.368855
0.416948
0.384538
0.380613
0.416948
0.141889
0.20231
0.194152
0.136626
0.301351
0.255508
0.286931
0.244296
0.409197
0.393715
0.339726
0.368855
0.37054
0.321957
0.349285
2.8003e-32
0.0791076
5.28098e-32
0.0768136
0.14691
0.151683
0.217538
0.210105
0.0768136
0.0791076
5.28098e-32
2.8003e-32
0.276502
0.328426
0.315182
0.266245
0.151683
0.210105
0.217538
0.14691
0.356801
0.373176
0.390991
0.410641
0.436778
0.440726
0.463356
0.417674
0.486042
0.45209
0.478474
0.448261
0.448261
0.486042
0.478474
0.436778
0.266245
0.328426
0.276502
0.315182
0.463356
0.390991
0.410641
0.373176
0.356801
0.417674
0.440726
2.95006e-32
0.0812773
0.0833233
5.53858e-32
0.156214
0.160498
0.231315
0.224608
0.295588
0.353146
0.34108
0.286285
0.0812773
0.0833233
5.53858e-32
2.95006e-32
0.231315
0.160498
0.224608
0.156214
0.388857
0.403839
0.447535
0.429489
0.295588
0.34108
0.286285
0.353146
0.462877
0.484121
0.513503
0.48893
0.507589
0.518802
0.535605
0.550371
0.557763
0.518802
0.522544
0.557763
0.507589
0.535605
0.550371
0.48893
0.403839
0.484121
0.429489
0.388857
0.513503
0.462877
0.447535
3.08224e-32
5.76397e-32
0.0852451
0.0870432
0.164539
0.168333
0.243642
0.23766
0.312765
0.375512
0.364623
0.304416
0.0852451
0.0870432
5.76397e-32
3.08224e-32
0.418126
0.431714
0.48122
0.464778
0.243642
0.168333
0.23766
0.164539
0.364623
0.375512
0.312765
0.304416
0.523899
0.504463
0.559638
0.537071
0.431714
0.418126
0.464778
0.48122
0.580748
0.562523
0.609935
0.588341
0.591704
0.624362
0.595357
0.631585
0.631585
0.580748
0.591704
0.624362
0.562523
0.537071
0.504463
0.588341
0.523899
0.559638
0.609935
3.19684e-32
0.090267
5.95714e-32
0.088717
0.171884
0.175189
0.254519
0.249262
0.328033
0.395524
0.320639
0.385812
0.444607
0.456802
0.511698
0.49686
0.088717
0.090267
5.95714e-32
3.19684e-32
0.175189
0.254519
0.249262
0.171884
0.601761
0.560061
0.542433
0.5812
0.395524
0.328033
0.385812
0.320639
0.49686
0.444607
0.456802
0.511698
0.664734
0.63793
0.613062
0.636683
0.542433
0.601761
0.560061
0.5812
0.666445
0.655741
0.699938
0.685838
0.706998
0.670018
0.666445
0.706998
0.63793
0.664734
0.636683
0.655741
0.699938
0.685838
0.613062
3.29387e-32
0.0929949
6.11809e-32
0.0916928
0.17825
0.181065
0.263946
0.259414
0.341393
0.334953
0.413181
0.404646
0.468301
0.479102
0.538967
0.525733
3.29387e-32
6.11809e-32
0.0916928
0.0929949
0.621318
0.576787
0.592607
0.639872
0.17825
0.181065
0.263946
0.259414
0.413181
0.341393
0.404646
0.334953
0.68063
0.714767
0.690346
0.659207
0.525733
0.538967
0.468301
0.479102
0.576787
0.592607
0.621318
0.639872
0.74219
0.762823
0.714655
0.732064
0.714767
0.68063
0.659207
0.690346
0.74602
0.74253
0.783513
0.77661
0.74219
0.783513
0.762823
0.77661
0.732064
0.74253
0.714655
3.37332e-32
0.0952268
6.24682e-32
0.0941727
0.183637
0.185962
0.271923
0.268115
0.347359
0.352845
0.428484
0.421126
0.489207
0.498614
0.563028
0.551398
0.0941727
0.0952268
6.24682e-32
3.37332e-32
0.657423
0.607525
0.621537
0.673972
0.183637
0.268115
0.271923
0.185962
0.760036
0.737997
0.720182
0.700956
0.352845
0.428484
0.421126
0.347359
0.551398
0.563028
0.498614
0.489207
0.793419
0.820239
0.792215
0.768446
0.673972
0.607525
0.621537
0.657423
0.760036
0.720182
0.700956
0.737997
0.819474
0.809241
0.84042
0.853906
0.792215
0.768446
0.820239
0.793419
0.860658
0.82289
0.819474
0.809241
0.853906
0.84042
0.860658
3.43519e-32
0.0969627
6.34333e-32
0.0961566
0.188044
0.18988
0.278449
0.275367
0.0961566
0.0969627
6.34333e-32
3.43519e-32
0.357856
0.362388
0.441433
0.435252
0.507326
0.515339
0.583881
0.573855
0.70406
0.689517
0.634647
0.64685
0.275367
0.188044
0.278449
0.18988
0.75534
0.780883
0.800539
0.738311
0.357856
0.441433
0.435252
0.362388
0.846897
0.839526
0.872188
0.817114
0.583881
0.515339
0.573855
0.507326
0.70406
0.64685
0.634647
0.689517
0.886807
0.89843
0.918178
0.870151
0.800539
0.75534
0.738311
0.780883
0.872188
0.846897
0.817114
0.839526
0.896821
0.90016
0.937982
0.931374
0.886807
0.870151
0.89843
0.918178
0.937982
0.896821
0.931374
3.47948e-32
0.0982026
6.40762e-32
0.0976445
0.191472
0.192818
0.283525
0.281168
0.366444
0.370022
0.452027
0.447024
0.0976445
0.0982026
6.40762e-32
3.47948e-32
0.281168
0.283525
0.191472
0.192818
0.522657
0.529277
0.601525
0.593104
0.668548
0.730136
0.717599
0.658152
0.786102
0.819003
0.836277
0.771271
0.366444
0.447024
0.452027
0.370022
0.880509
0.918667
0.896111
0.860659
0.522657
0.593104
0.529277
0.601525
0.950638
0.976328
0.92526
0.948018
0.717599
0.730136
0.668548
0.658152
0.786102
0.819003
0.771271
0.836277
0.974122
0.995661
1.00858
0.964322
0.896111
0.880509
0.918667
0.860659
0.92526
0.976328
0.948018
0.950638
0.977393
0.964322
1.01505
1.01505
0.974122
0.995661
1.00858
3.50619e-32
0.0989466
6.4397e-32
0.0986365
0.193921
0.194777
0.28715
0.285518
0.373124
0.375748
0.460267
0.456441
0.535201
0.609144
0.540427
0.615962
0.0986365
0.0989466
6.4397e-32
3.50619e-32
0.194777
0.285518
0.28715
0.193921
0.456441
0.460267
0.375748
0.373124
0.686629
0.752201
0.74167
0.678041
0.852359
0.86725
0.799837
0.81247
0.959679
0.939856
0.91637
0.899081
0.609144
0.535201
0.615962
0.540427
0.974568
0.997046
1.02836
1.00311
0.678041
0.686629
0.74167
0.752201
1.0254
1.07246
1.04136
1.05352
0.86725
0.81247
0.852359
0.799837
0.959679
0.91637
0.939856
0.899081
1.09145
1.05096
1.08511
1.05416
0.974568
0.997046
1.00311
1.02836
1.04136
1.0254
1.09145
1.08511
1.05352
1.05096
1.07246
3.51533e-32
0.0991946
6.43956e-32
0.0991324
0.19539
0.195756
0.289326
0.288419
0.377896
0.379565
0.466153
0.463504
0.0991324
0.0991946
6.43956e-32
3.51533e-32
0.544957
0.627191
0.621977
0.548789
0.701094
0.770253
0.761728
0.694314
0.288419
0.289326
0.195756
0.19539
0.463504
0.466153
0.379565
0.377896
0.544957
0.548789
0.621977
0.627191
0.880949
0.824007
0.893458
0.834444
0.995222
0.978134
0.947107
0.93238
1.01808
1.03765
1.07427
1.05208
0.761728
0.694314
0.701094
0.770253
1.10495
1.10187
1.12961
1.08004
0.824007
0.880949
0.893458
0.834444
1.12692
1.14817
1.16058
1.11752
0.978134
0.995222
0.947107
0.93238
1.07427
1.03765
1.05208
1.01808
1.16679
1.13006
1.12692
1.16679
1.10495
1.08004
1.16058
1.12961
1.10187
1.11752
1.14817
3.50689e-32
0.0989466
6.4072e-32
0.0991324
0.195879
0.195756
0.290051
0.289869
0.380759
0.381473
0.469684
0.468213
0.551926
0.554364
0.635211
0.631601
0.0991324
0.0989466
6.4072e-32
3.50689e-32
0.195756
0.289869
0.290051
0.195879
0.711942
0.784294
0.777775
0.706971
0.852022
0.914901
0.904775
0.843783
0.381473
0.380759
0.468213
0.469684
0.631601
0.551926
0.635211
0.554364
0.711942
0.706971
0.784294
0.777775
1.01094
1.0253
0.972722
0.960556
1.05578
1.07246
1.11405
1.09492
1.14995
1.12825
1.18004
1.15566
0.843783
0.904775
0.852022
0.914901
1.22242
1.20422
1.19241
1.17707
0.960556
0.972722
1.0253
1.01094
1.20163
1.23459
1.24068
1.20471
1.11405
1.09492
1.05578
1.07246
1.12825
1.14995
1.15566
1.18004
1.20163
1.19241
1.24068
1.23459
1.17707
1.20422
1.22242
3.48087e-32
0.0982026
6.34262e-32
0.0986365
0.19539
0.194777
0.289326
0.289869
0.470567
0.381713
0.381473
0.470862
0.0986365
0.0982026
6.34262e-32
3.48087e-32
0.556107
0.557152
0.640023
0.638018
0.719175
0.794324
0.78981
0.716011
0.194777
0.289869
0.289326
0.19539
0.470567
0.470862
0.381713
0.381473
0.865206
0.931578
0.923835
0.859165
0.993213
1.03828
0.983609
1.0499
0.638018
0.640023
0.557152
0.556107
0.78981
0.716011
0.719175
0.794324
0.931578
0.865206
0.859165
0.923835
1.08769
1.13165
1.14772
1.10146
1.17004
1.18852
1.22374
1.20273
1.25062
1.27699
1.22962
1.25326
0.983609
1.03828
1.0499
0.993213
1.26567
1.27471
1.29486
1.3068
1.08769
1.14772
1.13165
1.10146
1.31278
1.31278
1.27773
1.27471
1.18852
1.22374
1.17004
1.20273
1.3068
1.29486
1.25326
1.22962
1.27699
1.26567
1.25062
3.43727e-32
0.0969627
6.24582e-32
0.0976445
0.193921
0.192818
0.28715
0.288419
0.469684
0.470567
0.380759
0.379565
0.557501
0.557152
0.641627
0.641226
0.0976445
0.0969627
6.24582e-32
3.43727e-32
0.192818
0.288419
0.28715
0.193921
0.722791
0.800341
0.797834
0.721436
0.873996
0.943491
0.93813
0.870151
0.470567
0.469684
0.379565
0.380759
0.641226
0.557501
0.641627
0.557152
1.00858
1.06904
1.00154
1.06016
1.11379
1.16226
1.17526
1.12467
0.722791
0.721436
0.800341
0.797834
0.870151
0.93813
0.943491
0.873996
1.00154
1.06016
1.06904
1.00858
1.2054
1.24307
1.22066
1.26072
1.27516
1.32429
1.2953
1.30155
1.34759
1.32217
1.36513
1.33694
1.11379
1.16226
1.12467
1.17526
1.38273
1.34582
1.34878
1.37686
1.2054
1.22066
1.26072
1.24307
1.34582
1.38273
1.37686
1.33694
1.30155
1.2953
1.27516
1.32429
1.34759
1.32217
1.36513
3.3761e-32
0.0952268
6.11681e-32
0.0961566
0.191472
0.18988
0.283525
0.285518
0.375748
0.466153
0.468213
0.377896
0.0961566
0.0952268
6.11681e-32
3.3761e-32
0.556107
0.554364
0.640023
0.641226
0.722791
0.802347
0.723244
0.801845
0.18988
0.285518
0.283525
0.191472
0.468213
0.466153
0.377896
0.375748
0.87839
0.950639
0.94766
0.876743
1.07656
1.01883
1.08271
1.01435
0.554364
0.556107
0.640023
0.641226
0.723244
0.801845
0.802347
0.722791
1.13409
1.14207
1.18674
1.19669
1.23433
1.24638
1.29098
1.27669
0.87839
0.950639
0.876743
0.94766
1.08271
1.01883
1.01435
1.07656
1.19669
1.13409
1.18674
1.14207
1.31369
1.34521
1.33033
1.36431
1.41569
1.39279
1.39139
1.37113
1.41463
1.43293
1.44446
1.4059
1.23433
1.29098
1.24638
1.27669
1.41463
1.45023
1.41754
1.45023
1.36431
1.34521
1.31369
1.33033
1.4059
1.41569
1.39279
1.43293
1.44446
1.37113
1.39139
3.29735e-32
0.0929949
5.95557e-32
0.0941727
0.188044
0.281168
0.185962
0.278449
0.370022
0.460267
0.463504
0.373124
0.0941727
0.0929949
5.95557e-32
3.29735e-32
0.551926
0.548789
0.635211
0.638018
0.185962
0.281168
0.278449
0.188044
0.719175
0.721436
0.800341
0.801845
0.87839
0.953021
0.952425
0.878941
0.373124
0.463504
0.460267
0.370022
0.548789
0.638018
0.551926
0.635211
1.0875
1.02395
1.09091
1.02203
1.15367
1.14859
1.21199
1.2051
0.721436
0.800341
0.801845
0.719175
0.952425
0.953021
0.87839
0.878941
1.25683
1.31451
1.30358
1.26566
1.39705
1.34522
1.35835
1.38159
1.09091
1.02395
1.02203
1.0875
1.14859
1.2051
1.21199
1.15367
1.25683
1.26566
1.30358
1.31451
1.43805
1.41257
1.43046
1.45847
1.481
1.49796
1.47224
1.45797
1.51497
1.48368
1.50929
1.48082
1.38159
1.35835
1.34522
1.39705
1.51497
1.48082
1.50929
1.47224
1.49796
1.43805
1.481
1.41257
1.45797
1.43046
1.45847
3.20102e-32
0.090267
5.76212e-32
0.0916928
0.0916928
0.090267
5.76212e-32
3.20102e-32
0.183637
0.271923
0.275367
0.181065
0.362388
0.452027
0.456441
0.366444
0.544957
0.540427
0.627191
0.631601
0.275367
0.271923
0.183637
0.181065
0.716011
0.711942
0.794324
0.797834
0.456441
0.452027
0.362388
0.366444
0.873996
0.950639
0.952425
0.876743
1.02395
1.09365
1.09297
1.02459
0.540427
0.631601
0.544957
0.627191
0.711942
0.794324
0.716011
0.797834
1.1573
1.15947
1.22117
1.21734
1.2729
1.27852
1.32375
1.33132
0.950639
0.873996
0.876743
0.952425
1.02395
1.02459
1.09297
1.09365
1.36974
1.37937
1.42251
1.41069
1.44647
1.49347
1.46059
1.47694
1.1573
1.21734
1.15947
1.22117
1.2729
1.33132
1.27852
1.32375
1.36974
1.42251
1.41069
1.37937
1.54322
1.52162
1.50202
1.52105
1.57108
1.55992
1.53566
1.5441
1.5441
1.54692
1.57667
1.57667
1.44647
1.47694
1.49347
1.46059
1.57108
1.52162
1.53566
1.55992
1.52105
1.54322
1.50202
3.08711e-32
0.0870432
5.53645e-32
0.088717
0.17825
0.175189
0.263946
0.268115
0.088717
0.0870432
5.53645e-32
3.08711e-32
0.268115
0.263946
0.17825
0.175189
0.352845
0.441433
0.447024
0.357856
0.535201
0.529277
0.615962
0.621977
0.706971
0.701094
0.784294
0.78981
0.357856
0.352845
0.447024
0.441433
0.865206
0.943491
0.94766
0.870151
0.621977
0.615962
0.535201
0.529277
1.01883
1.09091
1.09297
1.02203
1.1602
1.22423
1.22347
1.15947
0.706971
0.784294
0.701094
0.78981
0.943491
0.94766
0.865206
0.870151
1.28495
1.3414
1.28254
1.3372
1.38725
1.39338
1.4407
1.43252
1.09091
1.02203
1.09297
1.01883
1.15947
1.22347
1.1602
1.22423
1.47283
1.48319
1.5207
1.50806
1.56277
1.58026
1.53807
1.55309
1.3372
1.28254
1.28495
1.3414
1.39338
1.38725
1.4407
1.43252
1.47283
1.5207
1.50806
1.48319
1.61855
1.6021
1.58206
1.59589
1.60699
1.60421
1.62955
1.63506
1.60421
1.63506
1.59589
1.62955
1.53807
1.58206
1.58026
1.55309
1.6021
1.61855
1.56277
2.95562e-32
0.0852451
0.0833234
5.27856e-32
0.171884
0.168333
0.254519
0.259414
0.341393
0.428484
0.435252
0.347359
0.0852451
0.0833234
5.27856e-32
2.95562e-32
0.168333
0.259414
0.254519
0.171884
0.435252
0.428484
0.341393
0.347359
0.522657
0.515339
0.601525
0.609145
0.694314
0.686629
0.770253
0.777775
0.859165
0.852022
0.931578
0.93813
0.515339
0.609145
0.522657
0.601525
1.00858
1.08271
1.0875
1.01435
0.694314
0.770253
0.777775
0.686629
1.22347
1.1573
1.15367
1.22117
1.34477
1.28575
1.28495
1.34393
0.852022
0.859165
0.93813
0.931578
1.01435
1.0875
1.08271
1.00858
1.39776
1.45162
1.44707
1.40039
1.49167
1.54014
1.49826
1.53139
1.22347
1.1573
1.15367
1.22117
1.34477
1.28495
1.34393
1.28575
1.60906
1.59569
1.57712
1.56611
1.63585
1.62003
1.63905
1.65739
1.39776
1.45162
1.44707
1.40039
1.49167
1.54014
1.49826
1.53139
1.59569
1.56611
1.60906
1.57712
1.65269
1.68447
1.66088
1.67362
1.6899
1.6899
1.66362
1.66088
1.65269
1.65739
1.67362
1.68447
1.63585
1.63905
1.62003
2.80656e-32
4.98845e-32
0.0812773
0.0791076
0.164539
0.160498
0.243643
0.249262
0.328033
0.413181
0.421126
0.334953
0.0812773
0.0791076
4.98845e-32
2.80656e-32
0.507326
0.498614
0.583881
0.593104
0.160498
0.249262
0.243643
0.164539
0.334953
0.328033
0.421126
0.413181
0.498614
0.593104
0.583881
0.507326
0.678041
0.668548
0.752201
0.761728
0.834444
0.914901
0.923835
0.843783
0.993213
1.06904
1.07656
1.00154
0.678041
0.761728
0.752201
0.668548
1.14859
1.21199
1.21734
1.14207
0.914901
0.923835
0.834444
0.843783
1.27852
1.3414
1.28254
1.34393
1.45525
1.40127
1.40039
1.45434
1.06904
0.993213
1.00154
1.07656
1.21734
1.14859
1.21199
1.14207
1.54695
1.50297
1.50579
1.55181
1.59314
1.62038
1.58613
1.62963
1.27852
1.3414
1.28254
1.34393
1.45525
1.40039
1.40127
1.45434
1.6876
1.67358
1.66116
1.64956
1.70887
1.69235
1.7058
1.72489
1.50297
1.55181
1.54695
1.50579
1.62963
1.62038
1.58613
1.59314
1.64956
1.67358
1.66116
1.6876
1.71659
1.71389
1.7356
1.74096
1.74096
1.71389
1.7058
1.72489
1.7356
1.70887
1.69235
2.63992e-32
0.0743958
4.66613e-32
0.0768136
0.0768136
0.0743958
4.66613e-32
2.63992e-32
0.156214
0.151683
0.231315
0.23766
0.312765
0.395524
0.404646
0.320639
0.489207
0.479102
0.563028
0.573855
0.23766
0.231315
0.156214
0.151683
0.658152
0.64685
0.730136
0.74167
0.404646
0.312765
0.395524
0.320639
0.563028
0.479102
0.573855
0.489207
0.658152
0.74167
0.730136
0.64685
0.824007
0.81247
0.893458
0.904775
0.972722
1.0499
1.06016
0.983609
1.13409
1.2051
1.12467
1.19669
0.893458
0.904775
0.81247
0.824007
1.26566
1.3372
1.2729
1.33132
0.972722
0.983609
1.06016
1.0499
1.45162
1.45434
1.39776
1.39338
1.55473
1.50673
1.5557
1.50579
1.2051
1.13409
1.12467
1.19669
1.3372
1.2729
1.26566
1.33132
1.60115
1.64198
1.63684
1.59815
1.67803
1.69947
1.70918
1.67065
1.39338
1.39776
1.45434
1.45162
1.5557
1.50579
1.50673
1.55473
1.75633
1.73531
1.74173
1.7232
1.75502
1.76301
1.78274
1.77216
1.59815
1.60115
1.63684
1.64198
1.67065
1.67803
1.70918
1.69947
1.73531
1.75633
1.7232
1.74173
1.76568
1.78804
1.78804
1.76301
1.77216
1.78274
1.75502
2.4557e-32
0.0691881
4.31159e-32
0.0718538
2.4557e-32
0.0718538
0.0691881
4.31159e-32
0.14691
0.141889
0.217538
0.224608
0.224608
0.217538
0.14691
0.141889
0.304416
0.295588
0.375512
0.385812
0.468301
0.456802
0.538967
0.551398
0.634647
0.621537
0.70406
0.717599
0.385812
0.375512
0.295588
0.304416
0.799837
0.786102
0.86725
0.880949
0.456802
0.551398
0.538967
0.468301
0.634647
0.717599
0.70406
0.621537
0.786102
0.799837
0.880949
0.86725
0.947107
1.0253
1.03828
0.960556
1.11379
1.17526
1.10146
1.18674
1.32375
1.25683
1.24638
1.31451
0.947107
1.0253
1.03828
0.960556
1.44707
1.37937
1.38725
1.4407
1.10146
1.18674
1.17526
1.11379
1.55181
1.55473
1.49826
1.50297
1.60115
1.64507
1.64609
1.60215
1.32375
1.31451
1.24638
1.25683
1.38725
1.44707
1.37937
1.4407
1.72213
1.68331
1.68647
1.71674
1.75294
1.77879
1.76868
1.74523
1.55181
1.50297
1.49826
1.55473
1.60215
1.64507
1.60115
1.64609
1.78701
1.80015
1.81524
1.79958
1.80805
1.81069
1.82571
1.83095
1.68647
1.68331
1.71674
1.72213
1.77879
1.74523
1.76868
1.75294
1.83095
1.78701
1.82571
1.80805
1.80015
1.81524
1.79958
0.0663981
0.0634844
3.92482e-32
2.2539e-32
2.2539e-32
0.0634844
3.92482e-32
0.0663981
0.136626
0.131116
0.20231
0.210105
0.136626
0.131116
0.210105
0.20231
0.276502
0.353146
0.364623
0.286285
0.364623
0.353146
0.276502
0.286285
0.444607
0.431714
0.511698
0.525733
0.607525
0.592607
0.673972
0.689517
0.771271
0.75534
0.836277
0.852359
0.511698
0.431714
0.525733
0.444607
0.93238
0.91637
0.995222
1.01094
0.592607
0.607525
0.689517
0.673972
0.836277
0.771271
0.852359
0.75534
0.93238
1.01094
0.995222
0.91637
1.16226
1.08769
1.07246
1.14772
1.30358
1.23433
1.29098
1.22066
1.43252
1.35835
1.42251
1.36974
1.16226
1.14772
1.08769
1.07246
1.54695
1.48319
1.54014
1.49167
1.30358
1.22066
1.23433
1.29098
1.59314
1.64198
1.59815
1.64507
1.72537
1.72645
1.68753
1.68647
1.43252
1.42251
1.35835
1.36974
1.48319
1.49167
1.54695
1.54014
1.76175
1.79226
1.78665
1.75845
1.81786
1.828
1.83845
1.80986
1.59815
1.64198
1.64507
1.59314
1.68647
1.68753
1.72537
1.72645
1.84101
1.85395
1.86432
1.84883
1.84883
1.85144
1.86952
1.86952
1.78665
1.75845
1.79226
1.76175
1.81786
1.83845
1.828
1.86432
1.85395
1.80986
1.84101
0.0604464
0.0572847
3.50584e-32
2.03453e-32
0.194152
0.185632
0.125363
0.119363
2.03453e-32
0.0572847
3.50584e-32
0.0604464
0.125363
0.119363
0.185632
0.194152
0.255508
0.328426
0.34108
0.266245
0.328426
0.255508
0.266245
0.34108
0.418126
0.403839
0.48122
0.49686
0.403839
0.49686
0.48122
0.418126
0.576787
0.560061
0.639872
0.657423
0.738311
0.720182
0.800539
0.819003
0.880509
0.959679
0.978134
0.899081
0.560061
0.576787
0.657423
0.639872
1.05578
1.03765
1.11405
1.13165
0.720182
0.800539
0.738311
0.819003
0.959679
0.899081
0.978134
0.880509
1.03765
1.13165
1.05578
1.11405
1.18852
1.2054
1.26072
1.27669
1.41069
1.33033
1.39705
1.34522
1.5207
1.46059
1.53139
1.47283
1.27669
1.26072
1.18852
1.2054
1.57712
1.63684
1.62963
1.58613
1.33033
1.34522
1.41069
1.39705
1.72213
1.67803
1.72537
1.68331
1.76286
1.79675
1.79563
1.76175
1.53139
1.5207
1.47283
1.46059
1.63684
1.58613
1.57712
1.62963
1.84657
1.82357
1.827
1.85237
1.87279
1.86455
1.88816
1.87743
1.72213
1.68331
1.67803
1.72537
1.76286
1.79675
1.79563
1.76175
1.88777
1.89844
1.88519
1.90359
1.88519
1.89844
1.87743
1.90359
1.84657
1.827
1.85237
1.82357
1.88816
1.87279
1.86455
0.0539987
0.050589
3.05465e-32
1.79757e-32
0.176749
0.167504
0.113121
0.106631
1.79757e-32
0.050589
3.05465e-32
0.0539987
0.315182
0.301351
0.232605
0.244296
0.113121
0.106631
0.167504
0.176749
0.232605
0.301351
0.315182
0.244296
0.388857
0.373176
0.447535
0.464778
0.464778
0.447535
0.388857
0.373176
0.542433
0.523899
0.601761
0.621318
0.542433
0.621318
0.601761
0.523899
0.700956
0.68063
0.760036
0.780883
0.860659
0.839526
0.918667
0.939856
1.01808
0.997046
1.07427
1.09492
0.760036
0.700956
0.780883
0.68063
1.24307
1.17004
1.22374
1.14995
0.839526
0.918667
0.939856
0.860659
0.997046
1.09492
1.07427
1.01808
1.24307
1.14995
1.17004
1.22374
1.36431
1.2953
1.38159
1.31369
1.49347
1.50806
1.43046
1.44647
1.62038
1.55309
1.60906
1.56611
1.2953
1.38159
1.36431
1.31369
1.66116
1.70918
1.71674
1.67065
1.43046
1.49347
1.50806
1.44647
1.75294
1.79226
1.75845
1.79563
1.82814
1.827
1.85585
1.85701
1.56611
1.55309
1.62038
1.60906
1.71674
1.67065
1.70918
1.66116
1.8965
1.90246
1.8822
1.87867
1.91698
1.90929
1.91773
1.92793
1.75845
1.79226
1.75294
1.79563
1.85701
1.82814
1.827
1.85585
1.91955
1.91698
1.93305
1.93305
1.8965
1.8822
1.90929
1.92793
1.87867
1.90246
1.91773
0.0470551
0.0433974
2.57123e-32
1.54304e-32
0.157896
0.147926
0.0998988
0.0929196
1.54304e-32
0.0433974
2.57123e-32
0.0470551
0.286931
0.271922
0.207794
0.220439
0.0998988
0.0929196
0.147926
0.157896
0.429489
0.410641
0.356801
0.339726
0.207794
0.271922
0.286931
0.220439
0.356801
0.339726
0.410641
0.429489
0.504463
0.484121
0.559638
0.5812
0.504463
0.5812
0.559638
0.484121
0.659207
0.636683
0.714767
0.737997
0.636683
0.659207
0.737997
0.714767
0.793419
0.872188
0.896111
0.817114
0.974568
0.950639
1.02836
1.05208
1.12825
1.20273
1.10495
1.18004
0.793419
0.896111
0.872188
0.817114
1.25326
1.34521
1.32429
1.27516
0.950639
1.02836
1.05208
0.974568
1.18004
1.10495
1.20273
1.12825
1.32429
1.25326
1.27516
1.34521
1.47694
1.39279
1.45847
1.41257
1.52105
1.59569
1.58026
1.53807
1.63585
1.6876
1.69947
1.64956
1.45847
1.47694
1.39279
1.41257
1.77879
1.73531
1.74523
1.78665
1.59569
1.53807
1.52105
1.58026
1.81786
1.85237
1.82357
1.85585
1.90723
1.88338
1.8822
1.90604
1.69947
1.63585
1.64956
1.6876
1.77879
1.74523
1.78665
1.73531
1.92375
1.93645
1.94254
1.92737
1.95268
1.94409
1.94664
1.95776
1.85585
1.81786
1.85237
1.82357
1.88338
1.90604
1.8822
1.90723
1.92737
1.93645
1.94254
1.94409
1.95776
1.95268
1.92375
0.0396155
0.0357098
2.0556e-32
1.27094e-32
0.137592
0.126897
0.0856976
0.0782287
1.27094e-32
0.0357098
2.0556e-32
0.0396155
0.256325
0.240139
0.181074
0.194674
0.0856976
0.0782287
0.126897
0.137592
0.390991
0.37054
0.321957
0.303489
0.181074
0.240139
0.256325
0.194674
0.462877
0.537071
0.513503
0.440726
0.321957
0.303489
0.37054
0.390991
0.462877
0.440726
0.513503
0.537071
0.613062
0.588341
0.664734
0.690346
0.613062
0.690346
0.588341
0.664734
0.768446
0.74219
0.82024
0.846897
0.82024
0.74219
0.768446
0.846897
0.92526
0.89843
0.976328
1.00311
1.15566
1.08004
1.05352
1.12961
1.27699
1.30155
1.20422
1.22962
0.89843
1.00311
0.976328
0.92526
1.34759
1.41569
1.43805
1.37113
1.12961
1.05352
1.15566
1.08004
1.27699
1.20422
1.30155
1.22962
1.34759
1.41569
1.37113
1.43805
1.56277
1.54322
1.481
1.50202
1.6021
1.65739
1.67358
1.62003
1.75633
1.7232
1.76868
1.70887
1.56277
1.54322
1.481
1.50202
1.80986
1.79958
1.84657
1.83845
1.65739
1.62003
1.6021
1.67358
1.90246
1.87279
1.87867
1.90604
1.9474
1.94619
1.92857
1.92737
1.70887
1.75633
1.7232
1.76868
1.83845
1.84657
1.80986
1.79958
1.96641
1.97259
1.95882
1.9625
1.96895
1.97765
1.97765
1.96641
1.87867
1.90246
1.90604
1.87279
1.94619
1.97259
1.92857
1.9474
1.9625
1.95882
1.92737
0.0316799
0.0275262
1.50775e-32
9.81251e-33
9.81251e-33
0.0275262
1.50775e-32
0.0316799
0.115838
0.104418
0.070517
0.0625585
0.223364
0.206002
0.152446
0.167
0.070517
0.0625585
0.104418
0.115838
0.264464
0.349285
0.32723
0.284326
0.152446
0.206002
0.223364
0.167
0.417674
0.48893
0.463356
0.393715
0.284326
0.264464
0.32723
0.349285
0.562523
0.63793
0.609935
0.535605
0.417674
0.393715
0.463356
0.48893
0.562523
0.535605
0.609935
0.63793
0.714655
0.685838
0.762823
0.792215
0.714655
0.792215
0.762823
0.685838
0.870151
0.840421
0.918178
0.948018
0.948018
0.840421
0.918178
0.870151
1.10187
1.0254
1.07246
0.995662
1.14817
1.17707
1.25062
1.22242
1.29486
1.39139
1.36513
1.32217
1.07246
0.995662
1.10187
1.0254
1.43293
1.52162
1.49796
1.45797
1.14817
1.22242
1.17707
1.25062
1.36513
1.29486
1.39139
1.32217
1.52162
1.43293
1.49796
1.45797
1.63905
1.55992
1.61855
1.58206
1.72489
1.67362
1.74173
1.69235
1.78701
1.77216
1.81524
1.828
1.55992
1.61855
1.63905
1.58206
1.85395
1.8965
1.86455
1.88816
1.67362
1.74173
1.69235
1.72489
1.91773
1.94254
1.92375
1.94619
1.97753
1.9625
1.96373
1.9763
1.78701
1.828
1.81524
1.77216
1.86455
1.88816
1.85395
1.8965
1.99263
1.98639
1.98386
1.98759
1.98759
1.9763
1.98386
1.99263
1.94254
1.92375
1.91773
1.94619
1.96373
1.97753
1.9625
6.73988e-33
0.0188467
9.27676e-33
0.0232483
0.0232483
0.0188467
9.27676e-33
6.73988e-33
0.0926344
0.0804888
0.054357
0.0459088
0.054357
0.0459088
0.0804888
0.0926344
0.18805
0.16951
0.121909
0.137417
0.304371
0.280712
0.243907
0.222651
0.121909
0.16951
0.137417
0.18805
0.368855
0.436778
0.409197
0.343088
0.243907
0.222651
0.280712
0.304371
0.50759
0.580748
0.478474
0.550371
0.368855
0.343088
0.409197
0.436778
0.655741
0.732064
0.699938
0.624362
0.50759
0.478474
0.550371
0.580748
0.655741
0.624362
0.699938
0.732064
0.809241
0.77661
0.853906
0.886807
0.809241
0.886807
0.77661
0.853906
0.931374
1.00858
0.964323
1.04136
0.931374
1.04136
1.00858
0.964323
1.16058
1.19241
1.08511
1.11752
1.23459
1.33694
1.26567
1.3068
1.37686
1.44446
1.47224
1.4059
1.16058
1.08511
1.19241
1.11752
1.50929
1.59589
1.57108
1.53566
1.3068
1.23459
1.26567
1.33694
1.47224
1.37686
1.44446
1.4059
1.57108
1.50929
1.59589
1.53566
1.68447
1.7058
1.62955
1.65269
1.78274
1.7356
1.80015
1.75502
1.84101
1.86432
1.87743
1.82571
1.62955
1.7058
1.65269
1.68447
1.90929
1.92793
1.89844
1.93645
1.75502
1.78274
1.80015
1.7356
1.95882
1.9763
1.95268
1.97259
1.99762
1.98759
1.99637
1.98883
1.82571
1.84101
1.87743
1.86432
1.90929
1.93645
1.92793
1.89844
1.99637
1.99889
2.00265
2.00265
1.97259
1.99762
1.98883
1.9763
1.95882
1.95268
1.98759
0.0143208
0.0096712
3.1539e-33
3.49148e-33
3.49148e-33
0.0096712
3.1539e-33
0.0143208
0.0372177
0.0282798
0.0551094
0.0679801
0.0679801
0.0551094
0.0372177
0.0282798
0.150381
0.130664
0.0894635
0.105926
0.0894635
0.105926
0.130664
0.150381
0.256249
0.230986
0.200701
0.178051
0.31642
0.380613
0.351027
0.288845
0.200701
0.178051
0.230986
0.256249
0.448261
0.518802
0.486042
0.416948
0.31642
0.288845
0.351027
0.380613
0.591704
0.666445
0.631585
0.557763
0.448261
0.416948
0.486042
0.518802
0.74253
0.819474
0.783513
0.706998
0.591704
0.557763
0.631585
0.666445
0.819474
0.74253
0.706998
0.783513
0.860658
0.937982
0.974122
0.896821
0.896821
0.974122
0.860658
0.937982
1.12692
1.01505
1.05096
1.09145
1.12692
1.01505
1.09145
1.05096
1.16679
1.24068
1.27471
1.20163
1.31278
1.38273
1.41463
1.34582
1.51497
1.5441
1.45023
1.48082
1.24068
1.16679
1.27471
1.20163
1.57667
1.66089
1.63506
1.60421
1.41463
1.38273
1.31278
1.34582
1.45023
1.5441
1.48082
1.51497
1.57667
1.66089
1.63506
1.60421
1.71389
1.6899
1.74096
1.76301
1.80805
1.78804
1.84883
1.83095
1.91698
1.86952
1.88519
1.90359
1.74096
1.76301
1.6899
1.71389
1.96641
1.95776
1.94409
1.93305
1.78804
1.83095
1.80805
1.84883
1.97765
1.98386
1.99637
1.99263
2.00641
2.0039
2.00265
2.00766
1.90359
1.86952
1.88519
1.91698
1.93305
1.94409
1.96641
1.95776
2.00265
1.99637
2.0039
2.00766
1.97765
1.99263
1.98386
8.18604e-35
0.00489735
0.00489735
8.18604e-35
0.0418756
0.019099
0.019099
0.0418756
0.110358
0.072526
0.072526
0.110358
0.154707
0.204919
0.154707
0.204919
0.260368
0.320437
0.384538
0.45209
0.260368
0.320437
0.522544
0.595358
0.45209
0.384538
0.670018
0.74602
0.595358
0.522544
0.82289
0.90016
0.670018
0.74602
0.82289
0.90016
0.977393
1.05416
0.977393
1.05416
1.13006
1.20471
1.20471
1.13006
1.27773
1.34878
1.41754
1.48368
1.60699
1.54692
1.34878
1.27773
1.71659
1.66362
1.48368
1.41754
1.54692
1.60699
1.71659
1.66362
1.76568
1.81069
1.88777
1.85144
1.94664
1.91955
1.76568
1.81069
1.98639
1.96895
1.88777
1.85144
2.00641
1.99889
2.00892
2.00641
1.91955
1.94664
1.96895
1.99889
1.98639
0.860658
1.16679
1.09145
0.0096712
0.937982
1.01505
0.937982
1.01505
0.860658
0.130664
0.178051
0.783513
1.09145
0.288845
0.706998
0.631585
1.16679
0.557763
0.486042
1.24068
0.416948
0.351027
1.31278
0.230986
1.38273
1.45023
0.0894635
0.0551094
1.51497
0.0282798
1.57667
1.63506
0.0096712
1.24068
1.31278
1.6899
1.74096
1.45023
1.78804
0.0282798
1.83095
1.86952
0.0551094
1.90359
1.93305
0.0894635
1.95776
1.97765
0.130664
1.86952
1.99263
1.90359
2.00265
0.178051
2.00766
2.00766
0.230986
2.00265
1.99263
0.288845
1.97765
1.95776
0.351027
1.93305
0.416948
1.83095
0.486042
1.78804
1.74096
0.557763
1.6899
1.63506
0.631585
1.57667
1.51497
0.706998
1.38273
0.783513
3.1539e-33
3.1539e-33
3.49148e-33
0.0143208
0.0143208
3.49148e-33
0.0679801
0.0372177
0.0372177
0.0679801
0.105926
0.150381
0.105926
0.150381
0.256249
0.200701
0.200701
0.256249
0.380613
0.31642
0.518802
0.448261
0.31642
0.380613
0.591704
0.666445
0.518802
0.448261
0.819474
0.74253
0.591704
0.666445
0.896821
0.974122
0.74253
0.819474
0.896821
0.974122
1.12692
1.05096
1.12692
1.05096
1.20163
1.27471
1.27471
1.20163
1.41463
1.34582
1.5441
1.48082
1.60421
1.66089
1.34582
1.41463
1.76301
1.71389
1.5441
1.48082
1.66089
1.60421
1.71389
1.76301
1.80805
1.84883
1.91698
1.88519
1.94409
1.96641
1.84883
1.80805
1.99637
1.98386
1.91698
1.88519
2.00641
2.0039
2.0039
1.99637
1.96641
1.94409
1.98386
1.08511
1.00858
1.00858
0.931374
1.08511
0.853906
0.0804888
0.77661
0.699938
1.16058
0.624362
1.23459
0.550371
0.478474
0.409197
1.3068
0.343088
1.37686
0.280712
0.222651
0.16951
1.44446
0.121909
1.50929
0.0459088
0.0188467
1.57108
1.62955
0.0188467
1.68447
1.16058
1.7356
1.78274
1.3068
0.0459088
1.82571
1.86432
1.50929
1.89844
0.0804888
1.92793
0.121909
1.95268
1.97259
1.98759
1.78274
0.16951
1.99762
0.222651
1.89844
2.00265
2.00265
1.99762
0.280712
1.98759
0.343088
1.97259
1.95268
1.92793
0.409197
0.478474
1.86432
1.82571
0.550371
1.7356
0.624362
1.68447
1.62955
1.57108
0.699938
0.77661
1.44446
1.37686
0.853906
1.23459
0.931374
9.27676e-33
9.27676e-33
6.73988e-33
0.0232483
0.0232483
6.73988e-33
0.0926344
0.054357
0.054357
0.0926344
0.137417
0.18805
0.18805
0.137417
0.304371
0.243907
0.243907
0.304371
0.436778
0.368855
0.50759
0.580748
0.368855
0.436778
0.655741
0.732064
0.580748
0.50759
0.809241
0.886807
0.732064
0.655741
1.04136
0.964323
0.809241
0.886807
1.04136
0.964323
1.11752
1.19241
1.19241
1.11752
1.33694
1.26567
1.26567
1.33694
1.47224
1.4059
1.59589
1.53566
1.65269
1.7058
1.47224
1.4059
1.75502
1.80015
1.53566
1.59589
1.7058
1.65269
1.75502
1.80015
1.84101
1.87743
1.90929
1.93645
1.95882
1.9763
1.87743
1.84101
1.99637
1.98883
1.90929
1.93645
1.99889
1.99637
1.98883
1.95882
1.9763
1.07246
0.918178
1.14817
0.0275262
0.840421
0.762823
0.685838
1.22242
0.609935
0.206002
0.264464
1.29486
0.535605
0.463356
0.393715
1.36513
0.32723
1.43293
0.152446
1.49796
0.104418
1.55992
0.0625585
1.61855
1.67362
0.0275262
1.72489
1.07246
1.77216
0.0625585
1.81524
1.85395
1.88816
1.36513
1.43293
0.104418
1.91773
0.152446
1.94254
1.9625
1.97753
0.206002
1.72489
1.98759
0.264464
1.81524
1.85395
1.99263
1.99263
1.98759
0.32723
1.97753
0.393715
1.9625
1.94254
1.91773
0.463356
1.88816
0.535605
1.77216
0.609935
0.685838
1.67362
1.61855
1.55992
0.762823
1.49796
0.840421
1.29486
0.918178
1.22242
0.995662
1.14817
0.995662
1.50775e-32
1.50775e-32
9.81251e-33
0.0316799
0.0316799
9.81251e-33
0.070517
0.115838
0.070517
0.115838
0.167
0.223364
0.223364
0.167
0.349285
0.284326
0.284326
0.349285
0.417674
0.48893
0.562523
0.63793
0.417674
0.48893
0.714655
0.792215
0.63793
0.562523
0.948018
0.870151
0.714655
0.792215
1.10187
1.0254
0.870151
0.948018
1.10187
1.0254
1.25062
1.17707
1.25062
1.17707
1.32217
1.39139
1.39139
1.32217
1.52162
1.45797
1.63905
1.58206
1.69235
1.74173
1.45797
1.52162
1.78701
1.828
1.58206
1.63905
1.74173
1.69235
1.78701
1.828
1.8965
1.86455
1.92375
1.94619
1.96373
1.9763
1.86455
1.8965
1.98639
1.98386
1.94619
1.92375
1.98386
1.9763
1.96373
1.20422
0.74219
0.664734
1.27699
0.588341
0.513503
1.34759
0.440726
0.37054
1.41569
0.303489
0.240139
1.481
0.181074
0.126897
1.54322
0.0782287
0.0357098
1.6021
1.65739
0.0357098
0.82024
0.89843
1.70887
1.75633
1.05352
1.79958
0.0782287
1.83845
1.87279
0.126897
1.90246
1.92737
0.181074
1.9474
1.9625
0.240139
1.6021
1.97259
1.65739
1.97765
0.303489
1.97765
1.97259
0.37054
1.83845
1.87279
1.9625
1.9474
0.440726
1.92737
1.90246
0.513503
0.588341
1.79958
1.75633
0.664734
1.70887
0.74219
1.54322
0.82024
1.481
1.41569
0.89843
1.34759
1.27699
0.976328
1.20422
1.12961
1.05352
0.976328
1.12961
2.0556e-32
2.0556e-32
1.27094e-32
0.0396155
0.0396155
1.27094e-32
0.137592
0.0856976
0.0856976
0.137592
0.256325
0.194674
0.194674
0.256325
0.390991
0.321957
0.321957
0.390991
0.537071
0.462877
0.613062
0.690346
0.537071
0.462877
0.846897
0.768446
0.613062
0.690346
1.00311
0.92526
0.846897
0.768446
1.15566
1.08004
1.00311
0.92526
1.08004
1.15566
1.30155
1.22962
1.22962
1.30155
1.43805
1.37113
1.37113
1.43805
1.56277
1.50202
1.67358
1.62003
1.7232
1.76868
1.50202
1.56277
1.84657
1.80986
1.62003
1.67358
1.76868
1.7232
1.84657
1.80986
1.87867
1.90604
1.92857
1.94619
1.95882
1.96641
1.90604
1.87867
1.96641
1.96895
1.92857
1.95882
1.94619
0.636683
0.559638
1.32429
0.484121
1.39279
0.410641
0.339726
0.271922
1.45847
0.207794
1.52105
0.147926
0.0929196
0.0433974
1.58026
1.63585
0.0433974
1.6876
0.714767
1.73531
1.77879
0.872188
0.0929196
1.81786
1.85237
1.10495
1.8822
0.147926
1.90723
0.207794
1.92737
1.94254
1.95268
1.45847
0.271922
1.95776
0.339726
1.63585
1.95776
1.95268
1.94254
0.410641
1.77879
1.92737
0.484121
1.90723
1.8822
1.85237
0.559638
1.81786
0.636683
1.73531
1.6876
0.714767
0.793419
1.58026
1.52105
0.872188
1.39279
0.950639
1.32429
1.25326
1.18004
1.02836
1.10495
1.02836
0.950639
1.18004
0.793419
1.25326
2.57123e-32
2.57123e-32
1.54304e-32
0.0470551
0.0470551
1.54304e-32
0.157896
0.0998988
0.0998988
0.157896
0.286931
0.220439
0.286931
0.220439
0.356801
0.429489
0.356801
0.429489
0.504463
0.5812
0.659207
0.737997
0.504463
0.5812
0.896111
0.817114
0.737997
0.659207
1.05208
0.974568
0.896111
0.817114
1.20273
1.12825
1.05208
0.974568
1.12825
1.20273
1.34521
1.27516
1.34521
1.27516
1.47694
1.41257
1.47694
1.41257
1.59569
1.53807
1.64956
1.69947
1.78665
1.74523
1.53807
1.59569
1.82357
1.85585
1.69947
1.64956
1.74523
1.78665
1.85585
1.82357
1.90604
1.88338
1.93645
1.92375
1.94409
1.94664
1.88338
1.90604
1.93645
1.94409
1.92375
1.36431
0.447535
1.43046
0.373176
0.301351
0.232605
1.49347
0.167504
1.55309
0.106631
0.050589
1.60906
1.66116
0.050589
1.70918
0.601761
1.75294
0.106631
1.79226
1.827
1.85701
0.918667
0.997046
0.167504
1.8822
0.232605
1.90246
1.91773
1.92793
0.301351
1.36431
1.93305
0.373176
1.49347
1.55309
1.93305
1.92793
1.91773
0.447535
1.70918
1.90246
0.523899
1.8822
1.85701
1.827
0.601761
1.79226
0.68063
1.75294
1.66116
0.760036
1.60906
0.839526
1.43046
0.918667
0.997046
1.2953
1.22374
1.14995
1.07427
1.07427
1.14995
0.839526
1.22374
0.760036
1.2953
0.68063
0.523899
3.05465e-32
3.05465e-32
1.79757e-32
0.0539987
0.0539987
1.79757e-32
0.113121
0.176749
0.113121
0.176749
0.315182
0.244296
0.244296
0.315182
0.388857
0.464778
0.388857
0.464778
0.621318
0.542433
0.780883
0.700956
0.542433
0.621318
0.860659
0.939856
0.700956
0.780883
1.01808
1.09492
0.860659
0.939856
1.17004
1.24307
1.09492
1.01808
1.17004
1.24307
1.38159
1.31369
1.38159
1.31369
1.50806
1.44647
1.44647
1.50806
1.62038
1.56611
1.71674
1.67065
1.75845
1.79563
1.56611
1.62038
1.85585
1.82814
1.71674
1.67065
1.75845
1.79563
1.85585
1.82814
1.8965
1.87867
1.91698
1.90929
1.91955
1.91698
1.87867
1.90929
1.8965
1.46059
0.255508
0.185632
1.5207
0.119363
0.0572847
1.57712
1.62963
0.0572847
0.328426
0.403839
1.67803
1.72213
0.560061
1.76175
0.119363
1.79675
1.827
0.185632
1.85237
1.87279
0.255508
1.88816
1.89844
0.328426
1.18852
1.90359
1.26072
1.90359
0.403839
1.89844
1.88816
0.48122
1.5207
1.57712
1.87279
1.85237
0.560061
1.827
1.79675
0.639872
1.76175
1.72213
0.720182
1.67803
1.62963
0.800539
0.880509
1.46059
1.39705
0.959679
1.33033
1.03765
1.11405
1.11405
1.03765
0.959679
1.18852
0.880509
0.800539
1.26072
0.720182
0.639872
1.33033
0.48122
1.39705
3.50584e-32
3.50584e-32
2.03453e-32
0.0604464
0.0604464
2.03453e-32
0.194152
0.125363
0.125363
0.194152
0.266245
0.34108
0.34108
0.266245
0.49686
0.418126
0.418126
0.49686
0.576787
0.657423
0.738311
0.819003
0.576787
0.657423
0.978134
0.899081
0.819003
0.738311
1.05578
1.13165
0.899081
0.978134
1.2054
1.27669
1.05578
1.13165
1.27669
1.2054
1.41069
1.34522
1.34522
1.41069
1.47283
1.53139
1.53139
1.47283
1.63684
1.58613
1.72537
1.68331
1.79563
1.76286
1.63684
1.58613
1.82357
1.84657
1.72537
1.68331
1.76286
1.79563
1.84657
1.82357
1.86455
1.87743
1.88777
1.88519
1.88519
1.87743
1.86455
0.131116
0.0634844
1.54014
1.59314
0.0634844
1.64198
0.20231
1.68647
1.72645
0.353146
0.131116
1.76175
1.79226
0.592607
1.81786
0.20231
1.83845
0.276502
1.85395
1.86432
1.86952
0.995222
0.353146
1.86952
0.431714
1.22066
1.86432
1.85395
1.83845
0.511698
1.42251
1.81786
0.592607
1.79226
1.76175
1.72645
0.673972
1.68647
0.75534
1.64198
1.59314
1.54014
0.836277
1.48319
0.91637
1.35835
1.29098
0.995222
1.07246
1.14772
1.07246
1.14772
0.91637
1.22066
0.836277
0.75534
0.673972
1.29098
1.35835
0.511698
0.431714
1.42251
0.276502
1.48319
3.92482e-32
3.92482e-32
2.2539e-32
0.0663981
0.0663981
2.2539e-32
0.136626
0.210105
0.136626
0.210105
0.364623
0.286285
0.364623
0.286285
0.525733
0.444607
0.444607
0.525733
0.607525
0.689517
0.852359
0.771271
0.607525
0.689517
1.01094
0.93238
0.771271
0.852359
1.08769
1.16226
0.93238
1.01094
1.23433
1.30358
1.08769
1.16226
1.23433
1.30358
1.43252
1.36974
1.43252
1.36974
1.54695
1.49167
1.54695
1.49167
1.59815
1.64507
1.72537
1.68753
1.78665
1.75845
1.64507
1.59815
1.80986
1.828
1.72537
1.68753
1.75845
1.78665
1.828
1.80986
1.84883
1.84101
1.84883
1.85144
1.84101
1.55181
1.60115
0.0691881
0.0691881
1.64609
1.68647
0.141889
1.72213
1.75294
0.375512
0.456802
1.77879
0.217538
1.79958
0.295588
1.81524
1.82571
1.83095
0.86725
0.375512
1.83095
1.0253
1.10146
0.456802
1.82571
1.81524
1.79958
1.31451
0.538967
1.77879
0.621537
1.75294
1.72213
1.55181
1.68647
0.70406
1.64609
0.786102
1.60115
1.49826
0.86725
1.4407
0.947107
1.37937
1.24638
1.0253
1.17526
1.10146
0.947107
1.17526
1.24638
0.786102
0.70406
0.621537
1.31451
0.538967
1.37937
0.295588
1.4407
0.217538
1.49826
0.141889
4.31159e-32
4.31159e-32
2.4557e-32
0.0718538
2.4557e-32
0.0718538
0.224608
0.14691
0.14691
0.224608
0.385812
0.304416
0.385812
0.304416
0.468301
0.551398
0.468301
0.551398
0.717599
0.634647
0.880949
0.799837
0.634647
0.717599
1.03828
0.960556
0.880949
0.799837
1.18674
1.11379
0.960556
1.03828
1.32375
1.25683
1.11379
1.18674
1.32375
1.25683
1.38725
1.44707
1.38725
1.44707
1.55473
1.50297
1.55473
1.50297
1.60215
1.64507
1.71674
1.68331
1.74523
1.76868
1.60215
1.64507
1.80015
1.78701
1.68331
1.71674
1.74523
1.76868
1.80015
1.78701
1.81069
1.80805
1.80805
0.0743958
1.60115
1.64198
1.67803
0.151683
1.70918
1.73531
0.231315
1.75633
1.77216
0.312765
1.78274
1.78804
0.64685
0.395524
0.730136
1.78804
1.78274
0.479102
1.77216
1.75633
1.0499
1.12467
0.563028
1.73531
1.70918
0.64685
1.67803
1.64198
0.730136
1.60115
1.5557
0.81247
1.50579
1.45162
0.893458
1.39338
1.33132
0.972722
1.26566
1.19669
1.0499
1.12467
0.972722
0.893458
1.19669
0.81247
1.26566
0.563028
1.33132
0.479102
0.395524
1.39338
0.312765
0.231315
1.45162
0.151683
0.0743958
1.50579
1.5557
4.66613e-32
4.66613e-32
2.63992e-32
0.0768136
0.0768136
2.63992e-32
0.156214
0.23766
0.156214
0.23766
0.320639
0.404646
0.404646
0.320639
0.573855
0.489207
0.573855
0.489207
0.74167
0.658152
0.904775
0.824007
0.658152
0.74167
1.06016
0.983609
0.904775
0.824007
1.13409
1.2051
1.06016
0.983609
1.2729
1.3372
1.13409
1.2051
1.2729
1.3372
1.39776
1.45434
1.39776
1.45434
1.55473
1.50673
1.55473
1.50673
1.63684
1.59815
1.67065
1.69947
1.74173
1.7232
1.59815
1.63684
1.75502
1.76301
1.67065
1.69947
1.7232
1.74173
1.75502
1.76568
1.76301
1.62963
0.160498
1.66116
1.6876
1.70887
0.243643
1.72489
0.328033
1.7356
0.413181
1.74096
1.74096
0.413181
0.668548
1.7356
0.498614
1.72489
1.70887
0.914901
1.6876
0.583881
1.66116
0.668548
1.62963
1.59314
1.27852
1.55181
0.752201
1.50579
0.834444
1.45525
1.40039
1.3414
0.914901
0.993213
1.21199
1.14207
1.06904
1.06904
0.993213
1.14207
0.834444
0.752201
1.21199
1.27852
0.583881
0.498614
1.3414
0.328033
1.40039
0.243643
0.160498
0.0791076
1.45525
1.50579
0.0791076
1.55181
1.59314
4.98845e-32
4.98845e-32
2.80656e-32
0.0812773
0.0812773
2.80656e-32
0.249262
0.164539
0.164539
0.249262
0.421126
0.334953
0.334953
0.421126
0.507326
0.593104
0.507326
0.593104
0.678041
0.761728
0.923835
0.843783
0.678041
0.761728
1.07656
1.00154
0.923835
0.843783
1.21734
1.14859
1.00154
1.07656
1.34393
1.28254
1.21734
1.14859
1.34393
1.28254
1.40127
1.45434
1.40127
1.45434
1.50297
1.54695
1.50297
1.54695
1.58613
1.62038
1.64956
1.67358
1.7058
1.69235
1.58613
1.62038
1.71659
1.71389
1.67358
1.64956
1.7058
1.69235
1.71389
0.168333
1.60906
1.63585
1.65739
0.254519
1.67362
0.254519
0.341393
1.68447
0.428484
0.515339
1.6899
1.6899
0.428484
1.68447
0.770253
0.515339
1.67362
1.65739
1.63585
0.601525
1.08271
1.15367
1.60906
0.686629
1.57712
1.54014
1.49826
0.770253
1.45162
0.852022
1.40039
1.34477
1.28495
0.931578
1.22117
1.00858
1.00858
1.08271
0.931578
1.15367
0.852022
0.686629
1.22117
0.601525
1.28495
0.341393
1.34477
1.40039
0.168333
0.0833234
1.45162
1.49826
0.0833234
1.54014
1.57712
5.27856e-32
5.27856e-32
2.95562e-32
0.0852451
0.0852451
2.95562e-32
0.259414
0.171884
0.171884
0.259414
0.435252
0.347359
0.435252
0.347359
0.609145
0.522657
0.522657
0.609145
0.694314
0.777775
0.859165
0.93813
0.694314
0.777775
1.0875
1.01435
0.859165
0.93813
1.1573
1.22347
1.01435
1.0875
1.28575
1.34393
1.22347
1.1573
1.34393
1.28575
1.39776
1.44707
1.44707
1.39776
1.49167
1.53139
1.53139
1.49167
1.56611
1.59569
1.62003
1.63905
1.65269
1.66088
1.56611
1.59569
1.66088
1.66362
1.63905
1.62003
1.65269
1.6021
0.263946
1.61855
0.0870432
1.62955
0.352845
1.63506
1.63506
0.441433
0.441433
0.529277
1.62955
1.61855
0.529277
1.6021
1.58026
0.615962
1.55309
1.5207
0.701094
1.48319
1.09091
1.4407
0.784294
1.39338
1.3414
0.865206
1.28495
1.22423
0.943491
1.15947
1.01883
1.01883
0.943491
1.09091
0.865206
0.784294
1.15947
0.701094
0.615962
1.22423
1.28495
0.352845
0.263946
1.3414
0.175189
1.39338
1.4407
0.0870432
1.58026
1.48319
1.5207
1.55309
0.175189
5.53645e-32
5.53645e-32
3.08711e-32
0.088717
0.088717
3.08711e-32
0.17825
0.268115
0.17825
0.268115
0.447024
0.357856
0.357856
0.447024
0.621977
0.535201
0.535201
0.621977
0.78981
0.706971
0.94766
0.870151
0.706971
0.78981
1.02203
1.09297
0.94766
0.870151
1.1602
1.22347
1.09297
1.02203
1.28254
1.3372
1.22347
1.1602
1.28254
1.3372
1.43252
1.38725
1.43252
1.38725
1.47283
1.50806
1.50806
1.47283
1.56277
1.53807
1.59589
1.58206
1.60699
1.60421
1.56277
1.53807
1.60421
1.58206
1.59589
0.271923
1.57108
0.362388
1.57667
1.57667
1.57108
0.271923
0.452027
1.55992
0.540427
1.54322
1.52105
1.49347
0.711942
0.627191
1.46059
0.711942
1.42251
0.950639
1.37937
1.33132
1.09365
0.794324
1.27852
0.873996
1.22117
1.15947
0.950639
1.02395
1.02395
0.873996
0.794324
1.09365
1.15947
0.627191
0.540427
0.452027
1.22117
0.362388
1.27852
0.181065
0.090267
1.33132
1.37937
0.090267
1.55992
1.42251
1.46059
1.49347
0.181065
1.52105
1.54322
5.76212e-32
5.76212e-32
3.20102e-32
0.0916928
0.0916928
3.20102e-32
0.275367
0.183637
0.183637
0.275367
0.456441
0.366444
0.456441
0.366444
0.631601
0.544957
0.544957
0.631601
0.797834
0.716011
0.952425
0.876743
0.716011
0.797834
1.09297
1.02459
0.876743
0.952425
1.21734
1.1573
1.09297
1.02459
1.32375
1.2729
1.1573
1.21734
1.2729
1.32375
1.36974
1.41069
1.36974
1.41069
1.44647
1.47694
1.44647
1.47694
1.50202
1.52162
1.53566
1.5441
1.54692
1.5441
1.52162
1.50202
1.53566
0.370022
1.51497
1.51497
0.0929949
1.50929
0.460267
1.49796
0.548789
1.481
0.460267
0.548789
1.45847
1.43046
0.635211
1.39705
0.719175
1.35835
1.31451
0.953021
1.26566
0.800341
1.21199
0.87839
1.15367
1.09091
1.02395
0.953021
1.02395
0.87839
0.800341
0.719175
1.09091
0.635211
1.15367
0.370022
1.21199
0.278449
1.26566
0.185962
1.31451
1.35835
0.0929949
1.50929
1.39705
1.43046
0.185962
1.45847
1.481
1.49796
0.278449
5.95557e-32
5.95557e-32
3.29735e-32
0.0941727
0.0941727
3.29735e-32
0.188044
0.281168
0.188044
0.281168
0.463504
0.373124
0.463504
0.373124
0.638018
0.551926
0.551926
0.638018
0.721436
0.801845
0.952425
0.878941
0.801845
0.721436
1.02203
1.0875
0.878941
0.952425
1.2051
1.14859
1.0875
1.02203
1.30358
1.25683
1.2051
1.14859
1.25683
1.30358
1.34522
1.38159
1.34522
1.38159
1.43805
1.41257
1.43805
1.41257
1.45797
1.47224
1.48082
1.48368
1.48082
1.45797
1.47224
1.44446
0.466153
1.43293
1.41569
0.554364
1.39279
1.36431
0.640023
1.33033
0.466153
1.29098
0.722791
1.24638
0.722791
1.19669
0.802347
0.802347
1.14207
1.08271
0.87839
1.01883
0.950639
0.950639
0.87839
1.01883
0.640023
1.08271
0.554364
1.14207
0.375748
0.283525
1.19669
0.18988
0.0952268
1.24638
1.29098
0.0952268
1.45023
1.33033
1.45023
1.36431
1.39279
0.18988
1.41569
1.43293
0.283525
1.44446
0.375748
6.11681e-32
6.11681e-32
3.3761e-32
0.0961566
0.0961566
3.3761e-32
0.285518
0.191472
0.285518
0.191472
0.377896
0.468213
0.468213
0.377896
0.641226
0.556107
0.556107
0.641226
0.723244
0.801845
0.876743
0.94766
0.801845
0.723244
1.07656
1.01435
0.94766
0.876743
1.13409
1.18674
1.07656
1.01435
1.27669
1.23433
1.18674
1.13409
1.23433
1.27669
1.31369
1.34521
1.34521
1.31369
1.37113
1.39139
1.39139
1.37113
1.4059
1.41463
1.41754
1.41463
1.4059
0.469684
1.34759
0.557152
1.32429
1.2953
1.26072
0.28715
0.641627
1.22066
0.469684
0.722791
1.17526
1.12467
1.06904
0.800341
1.00858
0.873996
0.943491
0.873996
0.800341
0.943491
0.722791
1.00858
0.641627
0.557152
1.06904
0.379565
1.12467
0.192818
0.0969627
1.17526
1.22066
0.0969627
1.36513
1.26072
1.2953
1.32429
1.38273
0.192818
1.34759
1.36513
1.37686
0.28715
0.379565
1.38273
1.37686
6.24582e-32
6.24582e-32
3.43727e-32
0.0976445
0.0976445
3.43727e-32
0.288419
0.193921
0.193921
0.288419
0.470567
0.380759
0.380759
0.470567
0.641226
0.557501
0.557501
0.641226
0.797834
0.721436
0.93813
0.870151
0.797834
0.721436
1.06016
1.00154
0.93813
0.870151
1.16226
1.11379
1.06016
1.00154
1.2054
1.24307
1.11379
1.16226
1.2054
1.24307
1.30155
1.27516
1.30155
1.27516
1.32217
1.33694
1.33694
1.32217
1.34582
1.34878
1.34582
0.557152
1.25326
1.22374
1.18852
0.640023
1.14772
0.289326
0.719175
1.10146
0.470862
1.0499
0.993213
0.794324
0.931578
0.865206
0.865206
0.794324
0.719175
0.931578
0.640023
0.993213
0.557152
0.381473
1.0499
1.10146
0.194777
0.0982026
1.14772
1.18852
0.0982026
1.27699
1.22374
1.25326
1.3068
1.31278
0.194777
1.27699
1.29486
1.3068
0.289326
1.31278
0.381473
1.29486
0.470862
6.34262e-32
6.34262e-32
3.48087e-32
0.0986365
0.0986365
3.48087e-32
0.289869
0.19539
0.19539
0.289869
0.470567
0.381713
0.470567
0.381713
0.638018
0.556107
0.556107
0.638018
0.716011
0.78981
0.859165
0.923835
0.716011
0.78981
0.983609
1.03828
0.923835
0.859165
1.08769
1.13165
1.03828
0.983609
1.20273
1.17004
1.13165
1.08769
1.17004
1.20273
1.25062
1.22962
1.22962
1.25062
1.27471
1.26567
1.26567
1.27471
1.27773
1.11405
0.635211
1.07246
0.0989466
1.0253
0.711942
0.972722
0.914901
0.784294
0.469684
0.554364
0.852022
0.784294
0.852022
0.711942
0.635211
0.914901
0.972722
0.381473
0.290051
1.0253
0.195756
1.07246
1.11405
0.0989466
1.14995
1.14995
1.18004
1.18004
1.20422
0.195756
1.22242
1.23459
0.290051
1.24068
1.24068
0.381473
1.23459
1.22242
0.469684
1.20422
0.554364
6.4072e-32
6.4072e-32
3.50689e-32
0.0991324
0.0991324
3.50689e-32
0.195879
0.289869
0.195879
0.289869
0.468213
0.380759
0.380759
0.468213
0.631601
0.551926
0.551926
0.631601
0.706971
0.777775
0.904775
0.843783
0.777775
0.706971
1.01094
0.960556
0.904775
0.843783
1.09492
1.05578
1.01094
0.960556
1.15566
1.12825
1.09492
1.05578
1.12825
1.15566
1.19241
1.17707
1.19241
1.17707
1.20163
1.20163
1.20471
0.627191
0.947107
0.701094
0.893458
0.834444
0.770253
0.289326
0.770253
0.701094
0.834444
0.627191
0.548789
0.466153
0.893458
0.379565
0.947107
0.195756
0.0991946
0.995222
1.03765
0.0991946
0.995222
1.07427
1.10495
1.12961
1.10495
0.195756
1.14817
1.16058
1.16679
0.289326
1.16679
0.379565
1.16058
1.14817
1.12961
0.466153
0.548789
1.07427
1.03765
6.43956e-32
6.43956e-32
3.51533e-32
0.0991324
0.0991324
3.51533e-32
0.288419
0.19539
0.19539
0.288419
0.463504
0.377896
0.377896
0.463504
0.544957
0.621977
0.621977
0.544957
0.694314
0.761728
0.824007
0.880949
0.694314
0.761728
0.93238
0.978134
0.824007
0.880949
1.05208
1.01808
0.93238
0.978134
1.08004
1.10187
1.05208
1.01808
1.08004
1.10187
1.12692
1.11752
1.12692
1.11752
1.13006
0.686629
0.81247
0.752201
0.0989466
0.686629
0.752201
0.615962
0.81247
0.540427
0.460267
0.375748
0.86725
0.28715
0.91637
0.194777
0.959679
0.997046
0.0989466
0.86725
1.02836
1.05352
0.959679
0.997046
0.194777
1.07246
1.08511
1.09145
1.07246
0.28715
1.09145
0.375748
1.08511
1.05352
0.460267
1.02836
0.540427
0.91637
0.615962
6.4397e-32
6.4397e-32
3.50619e-32
0.0986365
0.0986365
3.50619e-32
0.285518
0.193921
0.193921
0.285518
0.373124
0.456441
0.456441
0.373124
0.535201
0.609144
0.535201
0.609144
0.678041
0.74167
0.852359
0.799837
0.74167
0.678041
0.899081
0.939856
0.852359
0.799837
0.974568
1.00311
0.899081
0.939856
1.0254
1.04136
0.974568
1.00311
1.0254
1.04136
1.05416
1.05096
1.05096
0.601525
0.730136
0.529277
0.452027
0.786102
0.370022
0.283525
0.836277
0.192818
0.0982026
0.880509
0.918667
0.0982026
0.668548
0.950638
0.730136
0.976328
0.995661
0.192818
1.00858
1.01505
0.918667
0.950638
0.283525
1.01505
1.00858
0.370022
0.995661
0.976328
0.452027
0.529277
0.880509
0.836277
0.601525
0.786102
0.668548
6.40762e-32
6.40762e-32
3.47948e-32
0.0976445
0.0976445
3.47948e-32
0.191472
0.281168
0.191472
0.281168
0.447024
0.366444
0.447024
0.366444
0.522657
0.593104
0.522657
0.593104
0.658152
0.717599
0.819003
0.771271
0.717599
0.658152
0.896111
0.860659
0.819003
0.771271
0.948018
0.92526
0.896111
0.860659
0.974122
0.964322
0.92526
0.948018
0.974122
0.964322
0.977393
0.70406
0.362388
0.75534
0.278449
0.18988
0.0969627
0.800539
0.839526
0.0969627
0.441433
0.872188
0.89843
0.918178
0.64685
0.18988
0.931374
0.937982
0.937982
0.800539
0.278449
0.931374
0.362388
0.918178
0.89843
0.872188
0.441433
0.839526
0.515339
0.75534
0.70406
0.583881
0.64685
0.583881
0.515339
6.34333e-32
6.34333e-32
3.43519e-32
0.0961566
0.0961566
3.43519e-32
0.275367
0.188044
0.188044
0.275367
0.357856
0.435252
0.435252
0.357856
0.507326
0.573855
0.573855
0.507326
0.689517
0.634647
0.738311
0.780883
0.689517
0.634647
0.846897
0.817114
0.780883
0.738311
0.870151
0.886807
0.846897
0.817114
0.90016
0.896821
0.886807
0.870151
0.896821
0.720182
0.185962
0.0952268
0.760036
0.793419
0.0952268
0.271923
0.820239
0.84042
0.428484
0.498614
0.185962
0.853906
0.860658
0.860658
0.673972
0.271923
0.853906
0.352845
0.84042
0.820239
0.793419
0.428484
0.760036
0.498614
0.720182
0.621537
0.563028
0.563028
0.621537
0.352845
0.673972
6.24682e-32
6.24682e-32
3.37332e-32
0.0941727
0.0941727
3.37332e-32
0.183637
0.268115
0.183637
0.268115
0.421126
0.347359
0.421126
0.347359
0.551398
0.489207
0.551398
0.489207
0.657423
0.607525
0.700956
0.737997
0.657423
0.607525
0.768446
0.792215
0.700956
0.737997
0.809241
0.819474
0.792215
0.768446
0.82289
0.819474
0.809241
0.714767
0.0929949
0.74219
0.0929949
0.762823
0.77661
0.181065
0.783513
0.783513
0.413181
0.479102
0.263946
0.77661
0.592607
0.762823
0.341393
0.74219
0.714767
0.413181
0.68063
0.639872
0.479102
0.538967
0.538967
0.592607
0.341393
0.263946
0.639872
0.181065
0.68063
6.11809e-32
6.11809e-32
3.29387e-32
0.0916928
3.29387e-32
0.0916928
0.259414
0.17825
0.17825
0.259414
0.334953
0.404646
0.334953
0.404646
0.525733
0.468301
0.468301
0.525733
0.576787
0.621318
0.659207
0.690346
0.621318
0.576787
0.714655
0.732064
0.690346
0.659207
0.74602
0.74253
0.732064
0.714655
0.74253
0.090267
0.664734
0.685838
0.699938
0.175189
0.706998
0.254519
0.706998
0.699938
0.254519
0.685838
0.328033
0.664734
0.636683
0.601761
0.395524
0.560061
0.456802
0.511698
0.456802
0.395524
0.511698
0.328033
0.560061
0.175189
0.090267
0.601761
0.636683
5.95714e-32
5.95714e-32
3.19684e-32
0.088717
0.088717
3.19684e-32
0.249262
0.171884
0.171884
0.249262
0.385812
0.320639
0.320639
0.385812
0.49686
0.444607
0.49686
0.444607
0.5812
0.542433
0.63793
0.613062
0.542433
0.5812
0.655741
0.666445
0.63793
0.613062
0.670018
0.655741
0.666445
0.624362
0.168333
0.631585
0.0870432
0.631585
0.624362
0.243642
0.609935
0.312765
0.375512
0.431714
0.588341
0.559638
0.523899
0.375512
0.48122
0.431714
0.312765
0.48122
0.243642
0.523899
0.168333
0.559638
0.588341
0.0870432
0.609935
5.76397e-32
5.76397e-32
3.08224e-32
0.0852451
0.0852451
3.08224e-32
0.23766
0.164539
0.164539
0.23766
0.304416
0.364623
0.304416
0.364623
0.418126
0.464778
0.464778
0.418126
0.537071
0.504463
0.562523
0.580748
0.504463
0.537071
0.591704
0.595357
0.580748
0.562523
0.591704
0.160498
0.557763
0.550371
0.231315
0.535605
0.513503
0.295588
0.484121
0.447535
0.353146
0.403839
0.353146
0.403839
0.295588
0.231315
0.447535
0.160498
0.0833233
0.484121
0.513503
0.0833233
0.535605
0.550371
0.557763
5.53858e-32
5.53858e-32
2.95006e-32
0.0812773
0.0812773
2.95006e-32
0.224608
0.156214
0.156214
0.224608
0.286285
0.34108
0.286285
0.34108
0.388857
0.429489
0.388857
0.429489
0.462877
0.48893
0.518802
0.507589
0.48893
0.462877
0.518802
0.522544
0.507589
0.478474
0.463356
0.217538
0.440726
0.276502
0.410641
0.217538
0.373176
0.328426
0.328426
0.276502
0.373176
0.151683
0.0791076
0.410641
0.440726
0.0791076
0.463356
0.486042
0.478474
0.486042
0.151683
5.28098e-32
5.28098e-32
0.0768136
2.8003e-32
0.0768136
2.8003e-32
0.210105
0.14691
0.14691
0.210105
0.315182
0.266245
0.315182
0.266245
0.356801
0.390991
0.356801
0.390991
0.436778
0.417674
0.45209
0.448261
0.417674
0.448261
0.436778
0.20231
0.37054
0.255508
0.339726
0.301351
0.255508
0.301351
0.20231
0.339726
0.141889
0.0743958
0.37054
0.393715
0.0743958
0.409197
0.409197
0.416948
0.141889
0.416948
0.393715
4.99116e-32
4.99116e-32
2.63296e-32
0.0718538
0.0718538
2.63296e-32
0.194152
0.136626
0.136626
0.194152
0.286931
0.244296
0.244296
0.286931
0.321957
0.349285
0.349285
0.321957
0.368855
0.380613
0.384538
0.380613
0.368855
0.232605
0.232605
0.185632
0.271922
0.131116
0.0691881
0.303489
0.32723
0.0691881
0.271922
0.303489
0.343088
0.351027
0.351027
0.131116
0.343088
0.32723
0.185632
4.66912e-32
4.66912e-32
2.44805e-32
0.0663981
0.0663981
2.44805e-32
0.176749
0.125363
0.176749
0.125363
0.256325
0.220439
0.256325
0.220439
0.304371
0.284326
0.284326
0.304371
0.31642
0.320437
0.31642
0.119363
0.0634844
0.240139
0.264464
0.0634844
0.280712
0.167504
0.288845
0.288845
0.240139
0.119363
0.280712
0.264464
0.167504
0.207794
0.207794
4.31486e-32
4.31486e-32
2.24556e-32
0.0604464
0.0604464
2.24556e-32
0.113121
0.157896
0.113121
0.157896
0.223364
0.194674
0.223364
0.194674
0.256249
0.243907
0.243907
0.260368
0.256249
0.206002
0.222651
0.0572847
0.0572847
0.230986
0.230986
0.106631
0.222651
0.206002
0.181074
0.147926
0.147926
0.181074
0.106631
3.92838e-32
3.92838e-32
2.02548e-32
0.0539987
2.02548e-32
0.0539987
0.0998988
0.137592
0.0998988
0.137592
0.18805
0.167
0.18805
0.167
0.204919
0.200701
0.200701
0.050589
0.178051
0.178051
0.16951
0.0929196
0.152446
0.126897
0.126897
0.0929196
0.050589
0.152446
0.16951
3.50969e-32
3.50969e-32
1.78784e-32
0.0470551
0.0470551
1.78784e-32
0.115838
0.0856976
0.0856976
0.115838
0.137417
0.150381
0.137417
0.150381
0.154707
0.121909
0.0782287
0.104418
0.0782287
0.0433974
0.104418
0.121909
0.0433974
0.130664
0.130664
3.05877e-32
3.05877e-32
1.53261e-32
0.0396155
0.0396155
1.53261e-32
0.0926344
0.070517
0.070517
0.0926344
0.105926
0.105926
0.110358
0.0625585
0.0625585
0.0357098
0.0804888
0.0894635
0.0357098
0.0894635
0.0804888
2.57564e-32
2.57564e-32
1.25981e-32
0.0316799
1.25981e-32
0.0316799
0.054357
0.0679801
0.054357
0.0679801
0.072526
0.0551094
0.0275262
0.0551094
0.0459088
0.0275262
0.0459088
2.06029e-32
2.06029e-32
0.0232483
9.69427e-33
0.0232483
9.69427e-33
0.0372177
0.0372177
0.0418756
0.0188467
0.0282798
0.0188467
0.0282798
1.51273e-32
1.51273e-32
6.61469e-33
0.0143208
0.0143208
6.61469e-33
0.019099
0.00967119
0.00967119
9.32941e-33
9.32941e-33
3.35933e-33
3.35933e-33
0.00489735
1.38758e-35
3.2094e-33
3.2094e-33
