1.937e-35
4.48016e-33
4.48016e-33
4.68953e-33
1.30212e-32
0.00683646
0.0134993
4.68953e-33
1.30212e-32
0.0134993
9.23222e-33
0.0263023
2.11095e-32
0.0199878
0.026656
0.0394673
0.0394673
0.0199878
0.0263023
2.11095e-32
9.23222e-33
1.35278e-32
0.0384079
2.87445e-32
0.0324422
0.0640588
0.0768977
0.0519358
0.0584371
1.35278e-32
0.0384079
0.0519358
0.0768977
0.0640588
0.0324422
2.87445e-32
1.75759e-32
0.0441988
0.0498153
3.59258e-32
0.0758384
0.0872722
0.112289
0.094848
0.12481
0.10119
0.12481
0.094848
0.0441988
3.59258e-32
0.0498153
1.75759e-32
0.0872722
0.0758384
0.112289
2.13764e-32
4.26531e-32
0.0552569
0.060524
0.0983624
0.109106
0.145638
0.129218
0.060524
4.26531e-32
0.0552569
2.13764e-32
0.182251
0.153944
0.170037
0.14776
0.14776
0.145638
0.170037
0.0983624
0.182251
0.129218
0.109106
2.49292e-32
0.0705336
4.89262e-32
0.0656161
0.119506
0.12956
0.176943
0.161546
0.209727
0.191643
0.212575
0.236375
4.89262e-32
0.0705336
0.0656161
2.49292e-32
0.119506
0.176943
0.12956
0.161546
0.215761
0.248289
0.209727
0.248289
0.212575
0.236375
0.191643
2.82342e-32
0.0798441
5.47452e-32
0.0752761
0.13927
0.148633
0.206204
0.191829
0.287181
0.262193
0.232836
0.252423
0.279835
0.310398
0.32202
0.285719
2.82342e-32
0.0798441
5.47452e-32
0.0752761
0.13927
0.148633
0.206204
0.191829
0.310398
0.287181
0.252423
0.32202
0.232836
0.279835
0.262193
3.12916e-32
0.0884555
6.01102e-32
0.084237
0.157652
0.166325
0.23342
0.220067
0.289578
0.334665
0.311338
0.271337
0.339979
0.368575
0.391225
0.357188
0.084237
3.12916e-32
0.0884555
6.01102e-32
0.362931
0.402564
0.402564
0.357188
0.166325
0.23342
0.157652
0.220067
0.311338
0.368575
0.391225
0.289578
0.271337
0.339979
0.334665
3.41014e-32
0.0963687
6.5022e-32
0.0924993
0.24626
0.174654
0.182637
0.258591
0.324041
0.378828
0.357161
0.307146
0.396188
0.422817
0.455902
0.42413
0.440923
0.478003
0.489066
0.446524
6.5022e-32
0.0924993
3.41014e-32
0.0963687
0.258591
0.182637
0.24626
0.174654
0.489066
0.478003
0.440923
0.42413
0.357161
0.307146
0.324041
0.378828
0.422817
0.455902
0.396188
3.66642e-32
0.103585
6.94813e-32
0.100064
0.190277
0.281719
0.27041
0.197572
0.100064
0.103585
6.94813e-32
3.66642e-32
0.355814
0.419669
0.399663
0.340264
0.448463
0.516047
0.48654
0.473124
0.530191
0.548331
0.569898
0.513806
0.580695
0.535658
0.530191
0.580695
0.197572
0.281719
0.27041
0.190277
0.419669
0.355814
0.399663
0.340264
0.569898
0.548331
0.473124
0.513806
0.516047
0.448463
0.48654
3.89803e-32
0.110105
7.3489e-32
0.106931
0.204523
0.21113
0.302809
0.292518
0.106931
0.110105
7.3489e-32
3.89803e-32
0.3849
0.457193
0.438845
0.370693
0.21113
0.292518
0.302809
0.204523
0.496804
0.5195
0.544421
0.571663
0.608187
0.613551
0.645058
0.58158
0.676643
0.629512
0.666106
0.624178
0.624178
0.676643
0.666106
0.608187
0.370693
0.457193
0.3849
0.438845
0.645058
0.544421
0.571663
0.5195
0.496804
0.58158
0.613551
4.10504e-32
0.113104
0.11593
7.70464e-32
0.217395
0.223316
0.321863
0.312589
0.411305
0.491404
0.474712
0.398438
0.113104
0.11593
7.70464e-32
4.10504e-32
0.321863
0.223316
0.312589
0.217395
0.541215
0.561949
0.622754
0.597773
0.411305
0.474712
0.398438
0.491404
0.644245
0.673663
0.714546
0.68051
0.70648
0.722086
0.745298
0.765843
0.776128
0.722086
0.727294
0.776128
0.70648
0.745298
0.765843
0.68051
0.561949
0.673663
0.597773
0.541215
0.714546
0.644245
0.622754
4.28751e-32
8.01548e-32
0.118583
0.121064
0.228896
0.234133
0.338887
0.330628
0.435034
0.522311
0.50727
0.423504
0.118583
0.121064
8.01548e-32
4.28751e-32
0.581704
0.600479
0.669329
0.646605
0.338887
0.234133
0.330628
0.228896
0.50727
0.522311
0.435034
0.423504
0.728677
0.701808
0.77837
0.747165
0.600479
0.581704
0.646605
0.669329
0.807912
0.782564
0.848296
0.818276
0.823147
0.868351
0.828229
0.878391
0.878391
0.807912
0.823147
0.868351
0.782564
0.747165
0.701808
0.818276
0.728677
0.77837
0.848296
4.44552e-32
0.125507
8.28155e-32
0.123372
0.23903
0.243585
0.353887
0.346639
0.456096
0.549922
0.445899
0.536527
0.618278
0.6351
0.711397
0.690925
0.123372
0.125507
8.28155e-32
4.44552e-32
0.243585
0.353887
0.346639
0.23903
0.836539
0.778604
0.754276
0.80816
0.549922
0.456096
0.536527
0.445899
0.690925
0.618278
0.6351
0.711397
0.92401
0.886994
0.852439
0.885051
0.754276
0.836539
0.778604
0.80816
0.926613
0.911741
0.972898
0.953318
0.9827
0.931576
0.926613
0.9827
0.886994
0.92401
0.885051
0.911741
0.972898
0.953318
0.852439
4.57913e-32
0.129262
8.503e-32
0.127471
0.247801
0.251676
0.366869
0.36063
0.474499
0.46563
0.574247
0.562494
0.65095
0.665826
0.748974
0.730746
4.57913e-32
8.503e-32
0.127471
0.129262
0.863508
0.801664
0.823457
0.889071
0.247801
0.251676
0.366869
0.36063
0.574247
0.474499
0.562494
0.46563
0.945636
0.993001
0.959345
0.916116
0.730746
0.748974
0.65095
0.665826
0.801664
0.823457
0.863508
0.889071
1.03104
1.05966
0.993085
1.01724
0.993001
0.945636
0.916116
0.959345
1.03661
1.03177
1.08835
1.07878
1.03104
1.08835
1.05966
1.07878
1.01724
1.03177
0.993085
4.68843e-32
0.132332
8.67994e-32
0.130883
0.255214
0.258411
0.377841
0.372606
0.482706
0.490251
0.595298
0.585181
0.679732
0.692668
0.782074
0.766082
0.130883
0.132332
8.67994e-32
4.68843e-32
0.913227
0.843988
0.863255
0.935983
0.255214
0.372606
0.377841
0.258411
1.05529
1.02498
1.00005
0.973614
0.490251
0.595298
0.585181
0.482706
0.766082
0.782074
0.692668
0.679732
1.10154
1.13869
1.10014
1.06719
0.935983
0.843988
0.863255
0.913227
1.05529
1.00005
0.973614
1.02498
1.13791
1.12373
1.16664
1.18531
1.10014
1.06719
1.13869
1.10154
1.19465
1.14264
1.13791
1.12373
1.18531
1.16664
1.19465
4.77346e-32
0.134717
8.81249e-32
0.13361
0.261272
0.263794
0.386807
0.382574
0.13361
0.134717
8.81249e-32
4.77346e-32
0.497136
0.503361
0.613087
0.604599
0.704638
0.715642
0.810714
0.79695
0.977297
0.957338
0.881265
0.898018
0.382574
0.261272
0.386807
0.263794
1.04832
1.08393
1.1109
1.02496
0.497136
0.613087
0.604599
0.503361
1.17532
1.16485
1.21002
1.13409
0.810714
0.715642
0.79695
0.704638
0.977297
0.898018
0.881265
0.957338
1.23053
1.2463
1.2736
1.20749
1.1109
1.04832
1.02496
1.08393
1.21002
1.17532
1.13409
1.16485
1.24438
1.249
1.30096
1.29183
1.23053
1.20749
1.2463
1.2736
1.30096
1.24438
1.29183
4.8343e-32
0.136419
8.90074e-32
0.135653
0.26598
0.267828
0.393775
0.390541
0.508929
0.513839
0.627623
0.620761
0.135653
0.136419
8.90074e-32
4.8343e-32
0.390541
0.393775
0.26598
0.267828
0.725683
0.734761
0.834911
0.823367
0.927764
1.01304
0.995862
0.913517
1.09048
1.13621
1.15986
1.07016
0.508929
0.620761
0.627623
0.513839
1.22098
1.27368
1.24281
1.19381
0.725683
0.823367
0.734761
0.834911
1.31781
1.35326
1.28308
1.3145
0.995862
1.01304
0.927764
0.913517
1.09048
1.13621
1.07016
1.15986
1.35054
1.37992
1.39773
1.33701
1.24281
1.22098
1.27368
1.19381
1.28308
1.35326
1.3145
1.31781
1.35505
1.33701
1.40665
1.40665
1.35054
1.37992
1.39773
4.87098e-32
0.13744
8.94476e-32
0.137015
0.26934
0.270515
0.398748
0.39651
0.518093
0.52169
0.638918
0.633675
0.742879
0.845349
0.750038
0.854683
0.137015
0.13744
8.94476e-32
4.87098e-32
0.270515
0.39651
0.398748
0.26934
0.633675
0.638918
0.52169
0.518093
0.952516
1.04323
1.02883
0.940764
1.18186
1.2022
1.10927
1.12654
1.32972
1.30265
1.26999
1.24638
0.845349
0.742879
0.854683
0.750038
1.35052
1.38121
1.42433
1.38986
0.940764
0.952516
1.02883
1.04323
1.42057
1.48501
1.44256
1.45896
1.2022
1.12654
1.18186
1.10927
1.32972
1.26999
1.30265
1.24638
1.51113
1.45577
1.50241
1.46018
1.35052
1.38121
1.38986
1.42433
1.44256
1.42057
1.51113
1.50241
1.45896
1.45577
1.48501
4.88352e-32
0.13778
8.94456e-32
0.137695
0.271355
0.271858
0.40173
0.400488
0.524633
0.526921
0.646979
0.643352
0.137695
0.13778
8.94456e-32
4.88352e-32
0.75624
0.870044
0.862914
0.761485
0.972291
1.06789
1.05625
0.963025
0.400488
0.40173
0.271858
0.271355
0.643352
0.646979
0.526921
0.524633
0.75624
0.761485
0.862914
0.870044
1.2209
1.1423
1.23796
1.15654
1.37817
1.35489
1.31191
1.29184
1.40988
1.43654
1.48686
1.45666
1.05625
0.963025
0.972291
1.06789
1.529
1.5251
1.56284
1.4951
1.1423
1.2209
1.23796
1.15654
1.5595
1.5883
1.60531
1.54659
1.35489
1.37817
1.31191
1.29184
1.48686
1.43654
1.45666
1.40988
1.61383
1.56381
1.5595
1.61383
1.529
1.4951
1.60531
1.56284
1.5251
1.54659
1.5883
4.87193e-32
0.13744
8.90016e-32
0.137695
0.272027
0.271858
0.402724
0.402476
0.528555
0.529535
0.651813
0.649799
0.765776
0.769111
0.881006
0.876074
0.137695
0.13744
8.90016e-32
4.87193e-32
0.271858
0.402476
0.402724
0.272027
0.987107
1.08705
1.07816
0.980319
1.18051
1.26717
1.25339
1.16928
0.529535
0.528555
0.649799
0.651813
0.876074
0.765776
0.881006
0.769111
0.987107
0.980319
1.08705
1.07816
1.39956
1.41907
1.34677
1.33022
1.46119
1.48384
1.54091
1.51494
1.5901
1.56067
1.6313
1.59824
1.16928
1.25339
1.18051
1.26717
1.68927
1.66438
1.64856
1.62756
1.33022
1.34677
1.41907
1.39956
1.66119
1.7059
1.71422
1.6654
1.54091
1.51494
1.46119
1.48384
1.56067
1.5901
1.59824
1.6313
1.66119
1.64856
1.71422
1.7059
1.62756
1.66438
1.68927
4.83621e-32
0.136419
8.81152e-32
0.137015
0.271355
0.270515
0.40173
0.402476
0.653021
0.529862
0.529535
0.653424
0.137015
0.136419
8.81152e-32
4.83621e-32
0.771494
0.772922
0.887579
0.88484
0.996976
1.10072
1.09457
0.99266
0.270515
0.402476
0.40173
0.271355
0.653021
0.653424
0.529862
0.529535
1.19846
1.28986
1.27933
1.19023
1.37462
1.4367
1.36157
1.45247
0.88484
0.887579
0.772922
0.771494
1.09457
0.99266
0.996976
1.10072
1.28986
1.19846
1.19023
1.27933
1.5045
1.56476
1.58652
1.52317
1.61732
1.64233
1.69044
1.66203
1.72744
1.76307
1.69877
1.73072
1.36157
1.4367
1.45247
1.37462
1.74797
1.76031
1.78741
1.80367
1.5045
1.58652
1.56476
1.52317
1.81181
1.81181
1.76442
1.76031
1.64233
1.69044
1.61732
1.66203
1.80367
1.78741
1.73072
1.69877
1.76307
1.74797
1.72744
4.77633e-32
0.134717
8.67857e-32
0.135653
0.26934
0.267828
0.398748
0.400488
0.651813
0.653021
0.528555
0.526921
0.773399
0.772922
0.88977
0.889222
0.135653
0.134717
8.67857e-32
4.77633e-32
0.267828
0.400488
0.398748
0.26934
1.00191
1.10892
1.10551
1.00006
1.21042
1.30604
1.29876
1.20519
0.653021
0.651813
0.526921
0.528555
0.889222
0.773399
0.88977
0.772922
1.39547
1.4784
1.38591
1.46636
1.53986
1.60618
1.62375
1.55457
1.00191
1.00006
1.10892
1.10551
1.20519
1.29876
1.30604
1.21042
1.38591
1.46636
1.4784
1.39547
1.66513
1.71654
1.68573
1.74033
1.76027
1.82681
1.7874
1.7962
1.85846
1.82424
1.88227
1.84432
1.53986
1.60618
1.55457
1.62375
1.90613
1.85639
1.86041
1.89817
1.66513
1.68573
1.74033
1.71654
1.85639
1.90613
1.89817
1.84432
1.7962
1.7874
1.76027
1.82681
1.85846
1.82424
1.88227
4.69225e-32
0.132332
8.50124e-32
0.13361
0.26598
0.263794
0.393775
0.39651
0.52169
0.646979
0.649799
0.524633
0.13361
0.132332
8.50124e-32
4.69225e-32
0.771494
0.769111
0.887579
0.889222
1.00191
1.11165
1.00253
1.11097
0.263794
0.39651
0.393775
0.26598
0.649799
0.646979
0.524633
0.52169
1.21639
1.31575
1.3117
1.21415
1.48858
1.40936
1.4969
1.40328
0.769111
0.771494
0.887579
0.889222
1.00253
1.11097
1.11165
1.00191
1.56732
1.57809
1.63925
1.65266
1.70415
1.72038
1.78105
1.76183
1.21639
1.31575
1.21415
1.3117
1.4969
1.40936
1.40328
1.48858
1.65266
1.56732
1.63925
1.57809
1.81214
1.85493
1.83449
1.88056
1.95011
1.91914
1.91753
1.89009
1.94898
1.97341
1.98897
1.93717
1.70415
1.78105
1.72038
1.76183
1.94898
1.99676
1.95292
1.99676
1.88056
1.85493
1.81214
1.83449
1.93717
1.95011
1.91914
1.97341
1.98897
1.89009
1.91753
4.58392e-32
0.129263
8.2794e-32
0.130883
0.261272
0.390541
0.258411
0.386807
0.513839
0.638918
0.643352
0.518093
0.130883
0.129263
8.2794e-32
4.58392e-32
0.765776
0.761485
0.881006
0.88484
0.258411
0.390541
0.386807
0.261272
0.996976
1.00006
1.10892
1.11097
1.21639
1.31898
1.31817
1.21714
0.518093
0.643352
0.638918
0.513839
0.761485
0.88484
0.765776
0.881006
1.50337
1.4163
1.50799
1.41369
1.59375
1.5869
1.67327
1.664
1.00006
1.10892
1.11097
0.996976
1.31817
1.31898
1.21639
1.21714
1.73444
1.81265
1.79799
1.74632
1.92441
1.85447
1.87207
1.90372
1.50799
1.4163
1.41369
1.50337
1.5869
1.664
1.67327
1.59375
1.73444
1.74632
1.79799
1.81265
1.98003
1.94561
1.96953
2.0073
2.03763
2.06044
2.02612
2.00689
2.08331
2.04153
2.07568
2.03768
1.90372
1.87207
1.85447
1.92441
2.08331
2.03768
2.07568
2.02612
2.06044
1.98003
2.03763
1.94561
2.00689
1.96953
2.0073
4.45126e-32
0.125507
8.01293e-32
0.127471
0.127471
0.125507
8.01293e-32
4.45126e-32
0.255214
0.377841
0.382574
0.251676
0.503362
0.627623
0.633675
0.508929
0.75624
0.750038
0.870044
0.876074
0.382574
0.377841
0.255214
0.251676
0.99266
0.987107
1.10072
1.10551
0.633675
0.627623
0.503362
0.508929
1.21042
1.31575
1.31817
1.21415
1.4163
1.51169
1.51076
1.41716
0.750038
0.876074
0.75624
0.870044
0.987107
1.10072
0.99266
1.10551
1.59864
1.60157
1.68563
1.68048
1.75603
1.76359
1.82505
1.83518
1.31575
1.21042
1.21415
1.31817
1.4163
1.41716
1.51076
1.51169
1.88731
1.90019
1.95843
1.94265
1.9909
2.05394
2.00973
2.03193
1.59864
1.68048
1.60157
1.68563
1.75603
1.83518
1.76359
1.82505
1.88731
1.95843
1.94265
1.90019
2.12067
2.09195
2.06565
2.09095
2.15795
2.14302
2.11079
2.12211
2.12211
2.12589
2.16542
2.16542
1.9909
2.03193
2.05394
2.00973
2.15795
2.09195
2.11079
2.14302
2.09095
2.12067
2.06565
4.29422e-32
0.121064
7.70169e-32
0.123372
0.247801
0.243585
0.366869
0.372606
0.123372
0.121064
7.70169e-32
4.29422e-32
0.372606
0.366869
0.247801
0.243585
0.490251
0.613087
0.620761
0.497136
0.742879
0.734761
0.854683
0.862914
0.980319
0.972291
1.08705
1.09457
0.497136
0.490251
0.620761
0.613087
1.19846
1.30604
1.3117
1.20519
0.862914
0.854683
0.742879
0.734761
1.40936
1.50799
1.51076
1.41369
1.60255
1.68975
1.68872
1.60157
0.980319
1.08705
0.972291
1.09457
1.30604
1.3117
1.19846
1.20519
1.77221
1.84868
1.76898
1.84306
1.91073
1.91891
1.98268
1.97177
1.50799
1.41369
1.51076
1.40936
1.60157
1.68872
1.60255
1.68975
2.02603
2.0398
2.09011
2.07333
2.1466
2.16976
2.11355
2.13347
1.84306
1.76898
1.77221
1.84868
1.91891
1.91073
1.98268
1.97177
2.02603
2.09011
2.07333
2.0398
2.22081
2.1989
2.17238
2.19084
2.20564
2.20194
2.23545
2.24278
2.20194
2.24278
2.19084
2.23545
2.11355
2.17238
2.16976
2.13347
2.1989
2.22081
2.1466
4.11272e-32
0.118583
0.11593
7.34556e-32
0.23903
0.234133
0.353887
0.36063
0.474499
0.595298
0.604599
0.482706
0.118583
0.11593
7.34556e-32
4.11272e-32
0.234133
0.36063
0.353887
0.23903
0.604599
0.595298
0.474499
0.482706
0.725683
0.715642
0.834912
0.845349
0.963025
0.952516
1.06789
1.07816
1.19024
1.18051
1.28986
1.29876
0.715642
0.845349
0.725683
0.834912
1.39547
1.4969
1.50337
1.40328
0.963025
1.06789
1.07816
0.952516
1.68872
1.59864
1.59375
1.68563
1.85318
1.77329
1.77221
1.85206
1.18051
1.19024
1.29876
1.28986
1.40328
1.50337
1.4969
1.39547
1.92476
1.99721
1.99116
1.92826
2.05106
2.11589
2.05982
2.10429
1.68872
1.59864
1.59375
1.68563
1.85318
1.77221
1.85206
1.77329
2.20782
2.19016
2.16527
2.1507
2.24344
2.22258
2.24787
2.27204
1.92476
1.99721
1.99116
1.92826
2.05106
2.11589
2.05982
2.10429
2.19016
2.1507
2.20782
2.16527
2.26598
2.30791
2.27686
2.29354
2.3151
2.3151
2.28049
2.27686
2.26598
2.27204
2.29354
2.30791
2.24344
2.24787
2.22258
3.90669e-32
6.94439e-32
0.113104
0.110105
0.228896
0.223316
0.338887
0.346639
0.456096
0.574247
0.585181
0.46563
0.113104
0.110105
6.94439e-32
3.90669e-32
0.704638
0.692668
0.810714
0.823367
0.223316
0.346639
0.338887
0.228896
0.46563
0.456096
0.585181
0.574247
0.692668
0.823367
0.810714
0.704638
0.940764
0.927765
1.04323
1.05625
1.15654
1.26717
1.27933
1.16928
1.37462
1.4784
1.48858
1.38591
0.940764
1.05625
1.04323
0.927765
1.5869
1.67327
1.68048
1.57809
1.26717
1.27933
1.15654
1.16928
1.76359
1.84868
1.76898
1.85206
2.00205
1.92943
1.92826
2.00084
1.4784
1.37462
1.38591
1.48858
1.68048
1.5869
1.67327
1.57809
2.1249
2.06607
2.06981
2.13133
2.18642
2.22274
2.17717
2.23494
1.76359
1.84868
1.76898
1.85206
2.00205
1.92826
1.92943
2.00084
2.31174
2.29332
2.27675
2.26149
2.33983
2.31815
2.33593
2.36095
2.06607
2.13133
2.1249
2.06981
2.23494
2.22274
2.17717
2.18642
2.26149
2.29332
2.27675
2.31174
2.35018
2.34661
2.37506
2.38212
2.38212
2.34661
2.33593
2.36095
2.37506
2.33983
2.31815
3.67605e-32
0.103585
6.49806e-32
0.106931
0.106931
0.103585
6.49806e-32
3.67605e-32
0.217395
0.21113
0.321863
0.330628
0.435034
0.549922
0.562494
0.445899
0.679732
0.665826
0.782074
0.79695
0.330628
0.321863
0.217395
0.21113
0.913517
0.898018
1.01304
1.02883
0.562494
0.435034
0.549922
0.445899
0.782074
0.665826
0.79695
0.679732
0.913517
1.02883
1.01304
0.898018
1.1423
1.12654
1.23796
1.25339
1.34677
1.45247
1.46636
1.36157
1.56732
1.664
1.55457
1.65266
1.23796
1.25339
1.12654
1.1423
1.74632
1.84306
1.75603
1.83518
1.34677
1.36157
1.46636
1.45247
1.99721
2.00084
1.92476
1.91891
2.13519
2.07106
2.13647
2.06981
1.664
1.56732
1.55457
1.65266
1.84306
1.75603
1.74632
1.83518
2.19699
2.25118
2.24442
2.19303
2.2989
2.3273
2.34002
2.28921
1.91891
1.92476
2.00084
1.99721
2.13647
2.06981
2.07106
2.13519
2.40205
2.37443
2.38299
2.35858
2.40046
2.41096
2.4367
2.42282
2.19303
2.19699
2.24442
2.25118
2.28921
2.2989
2.34002
2.3273
2.37443
2.40205
2.35858
2.38299
2.41446
2.44364
2.44364
2.41096
2.42282
2.4367
2.40046
3.42075e-32
0.0963687
6.00648e-32
0.100064
3.42075e-32
0.100064
0.0963687
6.00648e-32
0.204523
0.197572
0.302809
0.312589
0.312589
0.302809
0.204523
0.197572
0.423504
0.411305
0.522311
0.536527
0.65095
0.635101
0.748974
0.766082
0.881265
0.863255
0.977297
0.995862
0.536527
0.522311
0.411305
0.423504
1.10927
1.09048
1.2022
1.2209
0.635101
0.766082
0.748974
0.65095
0.881265
0.995862
0.977297
0.863255
1.09048
1.10927
1.2209
1.2022
1.31191
1.41907
1.4367
1.33022
1.53986
1.62375
1.52317
1.63925
1.82505
1.73444
1.72038
1.81265
1.31191
1.41907
1.4367
1.33022
1.99116
1.90019
1.91073
1.98268
1.52317
1.63925
1.62375
1.53986
2.13133
2.13519
2.05982
2.06607
2.19699
2.25524
2.25659
2.19831
1.82505
1.81265
1.72038
1.73444
1.91073
1.99116
1.90019
1.98268
2.35695
2.30582
2.30996
2.3499
2.39744
2.43132
2.41816
2.38738
2.13133
2.06607
2.05982
2.13519
2.19831
2.25524
2.19699
2.25659
2.44217
2.45936
2.47897
2.45852
2.46969
2.47313
2.49263
2.49946
2.30996
2.30582
2.3499
2.35695
2.43132
2.38738
2.41816
2.39744
2.49946
2.44217
2.49263
2.46969
2.45936
2.47897
2.45852
0.0924993
0.0884556
5.46957e-32
3.14074e-32
3.14074e-32
0.0884556
5.46957e-32
0.0924993
0.190277
0.182637
0.281719
0.292518
0.190277
0.182637
0.292518
0.281719
0.384901
0.491404
0.50727
0.398438
0.50727
0.491404
0.384901
0.398438
0.618278
0.600479
0.711397
0.730746
0.843988
0.823457
0.935983
0.957338
1.07016
1.04832
1.15986
1.18186
0.711397
0.600479
0.730746
0.618278
1.29184
1.26999
1.37817
1.39956
0.823457
0.843988
0.957338
0.935983
1.15986
1.07016
1.18186
1.04832
1.29184
1.39956
1.37817
1.26999
1.60618
1.5045
1.48384
1.58652
1.79799
1.70415
1.78105
1.68573
1.97177
1.87207
1.95843
1.88731
1.60618
1.58652
1.5045
1.48384
2.1249
2.0398
2.11589
2.05106
1.79799
1.68573
1.70415
1.78105
2.18642
2.25118
2.19303
2.25524
2.36118
2.36259
2.31135
2.30996
1.97177
1.95843
1.87207
1.88731
2.0398
2.05106
2.1249
2.11589
2.40893
2.44885
2.44155
2.40462
2.48225
2.49553
2.50906
2.47188
2.19303
2.25118
2.25524
2.18642
2.30996
2.31135
2.36118
2.36259
2.51247
2.52922
2.54269
2.52264
2.52264
2.52603
2.54943
2.54943
2.44155
2.40462
2.44885
2.40893
2.48225
2.50906
2.49553
2.54269
2.52922
2.47188
2.51247
0.0842371
0.0798441
4.88728e-32
2.83599e-32
0.27041
0.258591
0.174654
0.166325
2.83599e-32
0.0798441
4.88728e-32
0.0842371
0.174654
0.166325
0.258591
0.27041
0.355814
0.457193
0.474712
0.370693
0.457193
0.355814
0.370693
0.474712
0.581704
0.561949
0.669329
0.690925
0.561949
0.690925
0.669329
0.581704
0.801664
0.778604
0.889071
0.913228
1.02496
1.00005
1.1109
1.13621
1.22098
1.32972
1.35489
1.24638
0.778604
0.801664
0.913228
0.889071
1.46119
1.43654
1.54091
1.56476
1.00005
1.1109
1.02496
1.13621
1.32972
1.24638
1.35489
1.22098
1.43654
1.56476
1.46119
1.54091
1.64233
1.66513
1.74033
1.76184
1.94265
1.83449
1.92441
1.85447
2.09011
2.00973
2.10429
2.02603
1.76184
1.74033
1.64233
1.66513
2.16527
2.24442
2.23494
2.17717
1.83449
1.85447
1.94265
1.92441
2.35695
2.2989
2.36118
2.30582
2.41036
2.45468
2.45322
2.40893
2.10429
2.09011
2.02603
2.00973
2.24442
2.17717
2.16527
2.23494
2.51958
2.48966
2.4941
2.52708
2.55355
2.54292
2.57346
2.55962
2.35695
2.30582
2.2989
2.36118
2.41036
2.45468
2.45322
2.40893
2.57301
2.58675
2.56966
2.5934
2.56966
2.58675
2.55962
2.5934
2.51958
2.4941
2.52708
2.48966
2.57346
2.55355
2.54292
0.0752762
0.0705337
4.25957e-32
2.50647e-32
0.24626
0.23342
0.157652
0.148633
2.50647e-32
0.0705337
4.25957e-32
0.0752762
0.438845
0.419669
0.324041
0.340264
0.157652
0.148633
0.23342
0.24626
0.324041
0.419669
0.438845
0.340264
0.541215
0.5195
0.622754
0.646605
0.646605
0.622754
0.541215
0.5195
0.754276
0.728677
0.836539
0.863509
0.754276
0.863509
0.836539
0.728677
0.973614
0.945636
1.05529
1.08393
1.19381
1.16485
1.27368
1.30265
1.40988
1.38121
1.48686
1.51494
1.05529
0.973614
1.08393
0.945636
1.71654
1.61732
1.69044
1.5901
1.16485
1.27368
1.30265
1.19381
1.38121
1.51494
1.48686
1.40988
1.71654
1.5901
1.61732
1.69044
1.88056
1.7874
1.90372
1.81214
2.05394
2.07333
1.96953
1.9909
2.22274
2.13347
2.20782
2.1507
1.7874
1.90372
1.88056
1.81214
2.27675
2.34002
2.3499
2.28921
1.96953
2.05394
2.07333
1.9909
2.39744
2.44885
2.40462
2.45322
2.49558
2.4941
2.53158
2.53308
2.1507
2.13347
2.22274
2.20782
2.3499
2.28921
2.34002
2.27675
2.58421
2.59188
2.5657
2.56115
2.61063
2.60071
2.61156
2.6247
2.40462
2.44885
2.39744
2.45322
2.53308
2.49558
2.4941
2.53158
2.61393
2.61063
2.63128
2.63128
2.58421
2.5657
2.60071
2.6247
2.56115
2.59188
2.61156
0.0656162
0.0605241
3.58644e-32
2.15217e-32
0.220067
0.206204
0.13927
0.12956
2.15217e-32
0.0605241
3.58644e-32
0.0656162
0.399663
0.378828
0.289578
0.307146
0.13927
0.12956
0.206204
0.220067
0.597774
0.571663
0.496804
0.473124
0.289578
0.378828
0.399663
0.307146
0.496804
0.473124
0.571663
0.597774
0.701808
0.673663
0.77837
0.80816
0.701808
0.80816
0.77837
0.673663
0.916116
0.885051
0.993001
1.02498
0.885051
0.916116
1.02498
0.993001
1.10154
1.21002
1.24281
1.13409
1.35052
1.31781
1.42433
1.45666
1.56067
1.66203
1.529
1.6313
1.10154
1.24281
1.21002
1.13409
1.73072
1.85493
1.82681
1.76027
1.31781
1.42433
1.45666
1.35052
1.6313
1.529
1.66203
1.56067
1.82681
1.73072
1.76027
1.85493
2.03193
1.91914
2.0073
1.94561
2.09095
2.19016
2.16976
2.11355
2.24344
2.31174
2.3273
2.26149
2.0073
2.03193
1.91914
1.94561
2.43132
2.37443
2.38738
2.44155
2.19016
2.11355
2.09095
2.16976
2.48225
2.52708
2.48966
2.53158
2.59801
2.56722
2.5657
2.59647
2.3273
2.24344
2.26149
2.31174
2.43132
2.38738
2.44155
2.37443
2.6193
2.63563
2.64343
2.62394
2.65645
2.64544
2.64872
2.66296
2.53158
2.48225
2.52708
2.48966
2.56722
2.59647
2.5657
2.59801
2.62394
2.63563
2.64343
2.64544
2.66296
2.65645
2.6193
0.055257
0.0498153
2.86791e-32
1.7731e-32
0.191829
0.176943
0.119506
0.109106
1.7731e-32
0.0498153
2.86791e-32
0.055257
0.357162
0.334665
0.252423
0.271337
0.119506
0.109106
0.176943
0.191829
0.544421
0.516047
0.448463
0.422817
0.252423
0.334665
0.357162
0.271337
0.644245
0.747165
0.714546
0.613551
0.448463
0.422817
0.516047
0.544421
0.644245
0.613551
0.714546
0.747165
0.852439
0.818277
0.924011
0.959345
0.852439
0.959345
0.818277
0.924011
1.06719
1.03104
1.13869
1.17532
1.13869
1.03104
1.06719
1.17532
1.28308
1.2463
1.35326
1.38986
1.59824
1.4951
1.45896
1.56284
1.76308
1.7962
1.66438
1.69877
1.2463
1.38986
1.35326
1.28308
1.85846
1.95011
1.98003
1.89009
1.56284
1.45896
1.59824
1.4951
1.76308
1.66438
1.7962
1.69877
1.85846
1.95011
1.89009
1.98003
2.1466
2.12067
2.03763
2.06565
2.1989
2.27204
2.29332
2.22258
2.40205
2.35858
2.41816
2.33983
2.1466
2.12067
2.03763
2.06565
2.47188
2.45852
2.51958
2.50906
2.27204
2.22258
2.1989
2.29332
2.59188
2.55355
2.56115
2.59647
2.64967
2.64811
2.62548
2.62394
2.33983
2.40205
2.35858
2.41816
2.50906
2.51958
2.47188
2.45852
2.67403
2.68192
2.6643
2.66901
2.67727
2.68839
2.68839
2.67403
2.56115
2.59188
2.59647
2.55355
2.64811
2.68192
2.62548
2.64967
2.66901
2.6643
2.62394
0.0441988
0.0384079
2.10401e-32
1.36926e-32
1.36926e-32
0.0384079
2.10401e-32
0.0441988
0.161546
0.145638
0.0983623
0.0872722
0.311338
0.287181
0.212575
0.232836
0.0983623
0.0872722
0.145638
0.161546
0.368575
0.486541
0.455902
0.396188
0.212575
0.287181
0.311338
0.232836
0.58158
0.68051
0.645058
0.548332
0.396188
0.368575
0.455902
0.486541
0.782564
0.886995
0.848296
0.745298
0.58158
0.548332
0.645058
0.68051
0.782564
0.745298
0.848296
0.886995
0.993085
0.953318
1.05966
1.10014
0.993085
1.10014
1.05966
0.953318
1.20749
1.16664
1.2736
1.3145
1.3145
1.16664
1.2736
1.20749
1.5251
1.42057
1.48501
1.37992
1.5883
1.62757
1.72744
1.68927
1.78741
1.91753
1.88227
1.82424
1.48501
1.37992
1.5251
1.42057
1.97341
2.09195
2.06044
2.00689
1.5883
1.68927
1.62757
1.72744
1.88227
1.78741
1.91753
1.82424
2.09195
1.97341
2.06044
2.00689
2.24787
2.14302
2.22081
2.17238
2.36095
2.29354
2.38299
2.31815
2.44217
2.42282
2.47897
2.49553
2.14302
2.22081
2.24787
2.17238
2.52922
2.58421
2.54292
2.57346
2.29354
2.38299
2.31815
2.36095
2.61156
2.64343
2.6193
2.64811
2.68824
2.66901
2.67058
2.68666
2.44217
2.49553
2.47897
2.42282
2.54292
2.57346
2.52922
2.58421
2.7075
2.69954
2.69632
2.70108
2.70108
2.68666
2.69632
2.7075
2.64343
2.6193
2.61156
2.64811
2.67058
2.68824
2.66901
9.40686e-33
0.0263023
1.29478e-32
0.0324422
0.0324422
0.0263023
1.29478e-32
9.40686e-33
0.129218
0.112289
0.0758384
0.0640588
0.0758384
0.0640588
0.112289
0.129218
0.262193
0.236375
0.170037
0.191643
0.42413
0.391226
0.339979
0.310398
0.170037
0.236375
0.191643
0.262193
0.513806
0.608187
0.569898
0.478003
0.339979
0.310398
0.391226
0.42413
0.70648
0.807912
0.666106
0.765843
0.513806
0.478003
0.569898
0.608187
0.911741
1.01725
0.972898
0.868351
0.70648
0.666106
0.765843
0.807912
0.911741
0.868351
0.972898
1.01725
1.12373
1.07878
1.18531
1.23053
1.12373
1.23053
1.07878
1.18531
1.29183
1.39773
1.33701
1.44256
1.29183
1.44256
1.39773
1.33701
1.60531
1.64856
1.50241
1.54659
1.7059
1.84432
1.74797
1.80367
1.89817
1.98897
2.02612
1.93717
1.60531
1.50241
1.64856
1.54659
2.07568
2.19084
2.15795
2.11079
1.80367
1.7059
1.74797
1.84432
2.02612
1.89817
1.98897
1.93717
2.15795
2.07568
2.19084
2.11079
2.30791
2.33593
2.23545
2.26598
2.4367
2.37506
2.45936
2.40046
2.51247
2.54269
2.55962
2.49263
2.23545
2.33593
2.26598
2.30791
2.60071
2.6247
2.58675
2.63563
2.40046
2.4367
2.45936
2.37506
2.6643
2.68666
2.65645
2.68192
2.71386
2.70108
2.71227
2.70266
2.49263
2.51247
2.55962
2.54269
2.60071
2.63563
2.6247
2.58675
2.71227
2.71548
2.72026
2.72026
2.68192
2.71386
2.70266
2.68666
2.6643
2.65645
2.70108
0.0199878
0.0134993
4.40271e-33
4.87395e-33
4.87395e-33
0.0134993
4.40271e-33
0.0199878
0.0519358
0.0394674
0.0768977
0.094848
0.094848
0.0768977
0.0519358
0.0394674
0.209727
0.182251
0.12481
0.14776
0.12481
0.14776
0.182251
0.209727
0.357188
0.32202
0.279835
0.248289
0.440923
0.530191
0.489066
0.402564
0.279835
0.248289
0.32202
0.357188
0.624178
0.722086
0.676643
0.580695
0.440923
0.402564
0.489066
0.530191
0.823147
0.926614
0.878391
0.776128
0.624178
0.580695
0.676643
0.722086
1.03177
1.13791
1.08835
0.9827
0.823147
0.776128
0.878391
0.926614
1.13791
1.03177
0.9827
1.08835
1.19465
1.30096
1.35054
1.24438
1.24438
1.35054
1.19465
1.30096
1.5595
1.40665
1.45577
1.51113
1.5595
1.40665
1.51113
1.45577
1.61383
1.71422
1.76031
1.66119
1.81181
1.90613
1.94898
1.85639
2.08331
2.12211
1.99676
2.03768
1.71422
1.61383
1.76031
1.66119
2.16542
2.27686
2.24278
2.20194
1.94898
1.90613
1.81181
1.85639
1.99676
2.12211
2.03768
2.08331
2.16542
2.27686
2.24278
2.20194
2.34661
2.3151
2.38212
2.41096
2.46969
2.44364
2.52264
2.49946
2.61063
2.54943
2.56966
2.5934
2.38212
2.41096
2.3151
2.34661
2.67403
2.66296
2.64544
2.63128
2.44364
2.49946
2.46969
2.52264
2.68839
2.69632
2.71227
2.7075
2.72506
2.72186
2.72026
2.72665
2.5934
2.54943
2.56966
2.61063
2.63128
2.64544
2.67403
2.66296
2.72026
2.71227
2.72186
2.72665
2.68839
2.7075
2.69632
1.14258e-34
0.00683649
0.00683649
1.14258e-34
0.0584371
0.026656
0.026656
0.0584371
0.153944
0.10119
0.10119
0.153944
0.215761
0.285719
0.215761
0.285719
0.362931
0.446524
0.535658
0.629512
0.362931
0.446524
0.727294
0.828229
0.629512
0.535658
0.931576
1.03661
0.828229
0.727294
1.14264
1.249
0.931576
1.03661
1.14264
1.249
1.35505
1.46018
1.35505
1.46018
1.56381
1.6654
1.6654
1.56381
1.76442
1.86041
1.95292
2.04153
2.20564
2.12589
1.86041
1.76442
2.35018
2.28049
2.04153
1.95292
2.12589
2.20564
2.35018
2.28049
2.41446
2.47313
2.57301
2.52603
2.64872
2.61393
2.41446
2.47313
2.69954
2.67727
2.57301
2.52603
2.72506
2.71548
2.72825
2.72506
2.61393
2.64872
2.67727
2.71548
2.69954
1.19465
1.61383
1.51113
0.0134993
1.30096
1.40665
1.30096
1.40665
1.19465
0.182251
0.248289
1.08835
1.51113
0.402564
0.9827
0.878391
1.61383
0.776128
0.676643
1.71422
0.580695
0.489066
1.81181
0.32202
1.90613
1.99676
0.12481
0.0768977
2.08331
0.0394674
2.16542
2.24278
0.0134993
1.71422
1.81181
2.3151
2.38212
1.99676
2.44364
0.0394674
2.49946
2.54943
0.0768977
2.5934
2.63128
0.12481
2.66296
2.68839
0.182251
2.54943
2.7075
2.5934
2.72026
0.248289
2.72665
2.72665
0.32202
2.72026
2.7075
0.402564
2.68839
2.66296
0.489066
2.63128
0.580695
2.49946
0.676643
2.44364
2.38212
0.776128
2.3151
2.24278
0.878391
2.16542
2.08331
0.9827
1.90613
1.08835
4.40271e-33
4.40271e-33
4.87395e-33
0.0199878
0.0199878
4.87395e-33
0.094848
0.0519358
0.0519358
0.094848
0.14776
0.209727
0.14776
0.209727
0.357188
0.279835
0.279835
0.357188
0.530191
0.440923
0.722086
0.624178
0.440923
0.530191
0.823147
0.926614
0.722086
0.624178
1.13791
1.03177
0.823147
0.926614
1.24438
1.35054
1.03177
1.13791
1.24438
1.35054
1.5595
1.45577
1.5595
1.45577
1.66119
1.76031
1.76031
1.66119
1.94898
1.85639
2.12211
2.03768
2.20194
2.27686
1.85639
1.94898
2.41096
2.34661
2.12211
2.03768
2.27686
2.20194
2.34661
2.41096
2.46969
2.52264
2.61063
2.56966
2.64544
2.67403
2.52264
2.46969
2.71227
2.69632
2.61063
2.56966
2.72506
2.72186
2.72186
2.71227
2.67403
2.64544
2.69632
1.50241
1.39773
1.39773
1.29183
1.50241
1.18531
0.112289
1.07878
0.972898
1.60531
0.868351
1.7059
0.765843
0.666106
0.569898
1.80367
0.478003
1.89817
0.391226
0.310398
0.236375
1.98897
0.170037
2.07568
0.0640588
0.0263023
2.15795
2.23545
0.0263023
2.30791
1.60531
2.37506
2.4367
1.80367
0.0640588
2.49263
2.54269
2.07568
2.58675
0.112289
2.6247
0.170037
2.65645
2.68192
2.70108
2.4367
0.236375
2.71386
0.310398
2.58675
2.72026
2.72026
2.71386
0.391226
2.70108
0.478003
2.68192
2.65645
2.6247
0.569898
0.666106
2.54269
2.49263
0.765843
2.37506
0.868351
2.30791
2.23545
2.15795
0.972898
1.07878
1.98897
1.89817
1.18531
1.7059
1.29183
1.29478e-32
1.29478e-32
9.40686e-33
0.0324422
0.0324422
9.40686e-33
0.129218
0.0758384
0.0758384
0.129218
0.191643
0.262193
0.262193
0.191643
0.42413
0.339979
0.339979
0.42413
0.608187
0.513806
0.70648
0.807912
0.513806
0.608187
0.911741
1.01725
0.807912
0.70648
1.12373
1.23053
1.01725
0.911741
1.44256
1.33701
1.12373
1.23053
1.44256
1.33701
1.54659
1.64856
1.64856
1.54659
1.84432
1.74797
1.74797
1.84432
2.02612
1.93717
2.19084
2.11079
2.26598
2.33593
2.02612
1.93717
2.40046
2.45936
2.11079
2.19084
2.33593
2.26598
2.40046
2.45936
2.51247
2.55962
2.60071
2.63563
2.6643
2.68666
2.55962
2.51247
2.71227
2.70266
2.60071
2.63563
2.71548
2.71227
2.70266
2.6643
2.68666
1.48501
1.2736
1.5883
0.0384079
1.16664
1.05966
0.953318
1.68927
0.848296
0.287181
0.368575
1.78741
0.745298
0.645058
0.548332
1.88227
0.455902
1.97341
0.212575
2.06044
0.145638
2.14302
0.0872722
2.22081
2.29354
0.0384079
2.36095
1.48501
2.42282
0.0872722
2.47897
2.52922
2.57346
1.88227
1.97341
0.145638
2.61156
0.212575
2.64343
2.66901
2.68824
0.287181
2.36095
2.70108
0.368575
2.47897
2.52922
2.7075
2.7075
2.70108
0.455902
2.68824
0.548332
2.66901
2.64343
2.61156
0.645058
2.57346
0.745298
2.42282
0.848296
0.953318
2.29354
2.22081
2.14302
1.05966
2.06044
1.16664
1.78741
1.2736
1.68927
1.37992
1.5883
1.37992
2.10401e-32
2.10401e-32
1.36926e-32
0.0441988
0.0441988
1.36926e-32
0.0983623
0.161546
0.0983623
0.161546
0.232836
0.311338
0.311338
0.232836
0.486541
0.396188
0.396188
0.486541
0.58158
0.68051
0.782564
0.886995
0.58158
0.68051
0.993085
1.10014
0.886995
0.782564
1.3145
1.20749
0.993085
1.10014
1.5251
1.42057
1.20749
1.3145
1.5251
1.42057
1.72744
1.62757
1.72744
1.62757
1.82424
1.91753
1.91753
1.82424
2.09195
2.00689
2.24787
2.17238
2.31815
2.38299
2.00689
2.09195
2.44217
2.49553
2.17238
2.24787
2.38299
2.31815
2.44217
2.49553
2.58421
2.54292
2.6193
2.64811
2.67058
2.68666
2.54292
2.58421
2.69954
2.69632
2.64811
2.6193
2.69632
2.68666
2.67058
1.66438
1.03104
0.924011
1.76308
0.818277
0.714546
1.85846
0.613551
0.516047
1.95011
0.422817
0.334665
2.03763
0.252423
0.176943
2.12067
0.109106
0.0498153
2.1989
2.27204
0.0498153
1.13869
1.2463
2.33983
2.40205
1.45896
2.45852
0.109106
2.50906
2.55355
0.176943
2.59188
2.62394
0.252423
2.64967
2.66901
0.334665
2.1989
2.68192
2.27204
2.68839
0.422817
2.68839
2.68192
0.516047
2.50906
2.55355
2.66901
2.64967
0.613551
2.62394
2.59188
0.714546
0.818277
2.45852
2.40205
0.924011
2.33983
1.03104
2.12067
1.13869
2.03763
1.95011
1.2463
1.85846
1.76308
1.35326
1.66438
1.56284
1.45896
1.35326
1.56284
2.86791e-32
2.86791e-32
1.7731e-32
0.055257
0.055257
1.7731e-32
0.191829
0.119506
0.119506
0.191829
0.357162
0.271337
0.271337
0.357162
0.544421
0.448463
0.448463
0.544421
0.747165
0.644245
0.852439
0.959345
0.747165
0.644245
1.17532
1.06719
0.852439
0.959345
1.38986
1.28308
1.17532
1.06719
1.59824
1.4951
1.38986
1.28308
1.4951
1.59824
1.7962
1.69877
1.69877
1.7962
1.98003
1.89009
1.89009
1.98003
2.1466
2.06565
2.29332
2.22258
2.35858
2.41816
2.06565
2.1466
2.51958
2.47188
2.22258
2.29332
2.41816
2.35858
2.51958
2.47188
2.56115
2.59647
2.62548
2.64811
2.6643
2.67403
2.59647
2.56115
2.67403
2.67727
2.62548
2.6643
2.64811
0.885051
0.77837
1.82681
0.673663
1.91914
0.571663
0.473124
0.378828
2.0073
0.289578
2.09095
0.206204
0.12956
0.0605241
2.16976
2.24344
0.0605241
2.31174
0.993001
2.37443
2.43132
1.21002
0.12956
2.48225
2.52708
1.529
2.5657
0.206204
2.59801
0.289578
2.62394
2.64343
2.65645
2.0073
0.378828
2.66296
0.473124
2.24344
2.66296
2.65645
2.64343
0.571663
2.43132
2.62394
0.673663
2.59801
2.5657
2.52708
0.77837
2.48225
0.885051
2.37443
2.31174
0.993001
1.10154
2.16976
2.09095
1.21002
1.91914
1.31781
1.82681
1.73072
1.6313
1.42433
1.529
1.42433
1.31781
1.6313
1.10154
1.73072
3.58644e-32
3.58644e-32
2.15217e-32
0.0656162
0.0656162
2.15217e-32
0.220067
0.13927
0.13927
0.220067
0.399663
0.307146
0.399663
0.307146
0.496804
0.597774
0.496804
0.597774
0.701808
0.80816
0.916116
1.02498
0.701808
0.80816
1.24281
1.13409
1.02498
0.916116
1.45666
1.35052
1.24281
1.13409
1.66203
1.56067
1.45666
1.35052
1.56067
1.66203
1.85493
1.76027
1.85493
1.76027
2.03193
1.94561
2.03193
1.94561
2.19016
2.11355
2.26149
2.3273
2.44155
2.38738
2.11355
2.19016
2.48966
2.53158
2.3273
2.26149
2.38738
2.44155
2.53158
2.48966
2.59647
2.56722
2.63563
2.6193
2.64544
2.64872
2.56722
2.59647
2.63563
2.64544
2.6193
1.88056
0.622754
1.96953
0.5195
0.419669
0.324041
2.05394
0.23342
2.13347
0.148633
0.0705337
2.20782
2.27675
0.0705337
2.34002
0.836539
2.39744
0.148633
2.44885
2.4941
2.53308
1.27368
1.38121
0.23342
2.5657
0.324041
2.59188
2.61156
2.6247
0.419669
1.88056
2.63128
0.5195
2.05394
2.13347
2.63128
2.6247
2.61156
0.622754
2.34002
2.59188
0.728677
2.5657
2.53308
2.4941
0.836539
2.44885
0.945636
2.39744
2.27675
1.05529
2.20782
1.16485
1.96953
1.27368
1.38121
1.7874
1.69044
1.5901
1.48686
1.48686
1.5901
1.16485
1.69044
1.05529
1.7874
0.945636
0.728677
4.25957e-32
4.25957e-32
2.50647e-32
0.0752762
0.0752762
2.50647e-32
0.157652
0.24626
0.157652
0.24626
0.438845
0.340264
0.340264
0.438845
0.541215
0.646605
0.541215
0.646605
0.863509
0.754276
1.08393
0.973614
0.754276
0.863509
1.19381
1.30265
0.973614
1.08393
1.40988
1.51494
1.19381
1.30265
1.61732
1.71654
1.51494
1.40988
1.61732
1.71654
1.90372
1.81214
1.90372
1.81214
2.07333
1.9909
1.9909
2.07333
2.22274
2.1507
2.3499
2.28921
2.40462
2.45322
2.1507
2.22274
2.53158
2.49558
2.3499
2.28921
2.40462
2.45322
2.53158
2.49558
2.58421
2.56115
2.61063
2.60071
2.61393
2.61063
2.56115
2.60071
2.58421
2.00973
0.355814
0.258591
2.09011
0.166325
0.0798441
2.16527
2.23494
0.0798441
0.457193
0.561949
2.2989
2.35695
0.778604
2.40893
0.166325
2.45468
2.4941
0.258591
2.52708
2.55355
0.355814
2.57346
2.58675
0.457193
1.64233
2.5934
1.74033
2.5934
0.561949
2.58675
2.57346
0.669329
2.09011
2.16527
2.55355
2.52708
0.778604
2.4941
2.45468
0.889071
2.40893
2.35695
1.00005
2.2989
2.23494
1.1109
1.22098
2.00973
1.92441
1.32972
1.83449
1.43654
1.54091
1.54091
1.43654
1.32972
1.64233
1.22098
1.1109
1.74033
1.00005
0.889071
1.83449
0.669329
1.92441
4.88728e-32
4.88728e-32
2.83599e-32
0.0842371
0.0842371
2.83599e-32
0.27041
0.174654
0.174654
0.27041
0.370693
0.474712
0.474712
0.370693
0.690925
0.581704
0.581704
0.690925
0.801664
0.913228
1.02496
1.13621
0.801664
0.913228
1.35489
1.24638
1.13621
1.02496
1.46119
1.56476
1.24638
1.35489
1.66513
1.76184
1.46119
1.56476
1.76184
1.66513
1.94265
1.85447
1.85447
1.94265
2.02603
2.10429
2.10429
2.02603
2.24442
2.17717
2.36118
2.30582
2.45322
2.41036
2.24442
2.17717
2.48966
2.51958
2.36118
2.30582
2.41036
2.45322
2.51958
2.48966
2.54292
2.55962
2.57301
2.56966
2.56966
2.55962
2.54292
0.182637
0.0884556
2.11589
2.18642
0.0884556
2.25118
0.281719
2.30996
2.36259
0.491404
0.182637
2.40893
2.44885
0.823457
2.48225
0.281719
2.50906
0.384901
2.52922
2.54269
2.54943
1.37817
0.491404
2.54943
0.600479
1.68573
2.54269
2.52922
2.50906
0.711397
1.95843
2.48225
0.823457
2.44885
2.40893
2.36259
0.935983
2.30996
1.04832
2.25118
2.18642
2.11589
1.15986
2.0398
1.26999
1.87207
1.78105
1.37817
1.48384
1.58652
1.48384
1.58652
1.26999
1.68573
1.15986
1.04832
0.935983
1.78105
1.87207
0.711397
0.600479
1.95843
0.384901
2.0398
5.46957e-32
5.46957e-32
3.14074e-32
0.0924993
0.0924993
3.14074e-32
0.190277
0.292518
0.190277
0.292518
0.50727
0.398438
0.50727
0.398438
0.730746
0.618278
0.618278
0.730746
0.843988
0.957338
1.18186
1.07016
0.843988
0.957338
1.39956
1.29184
1.07016
1.18186
1.5045
1.60618
1.29184
1.39956
1.70415
1.79799
1.5045
1.60618
1.70415
1.79799
1.97177
1.88731
1.97177
1.88731
2.1249
2.05106
2.1249
2.05106
2.19303
2.25524
2.36118
2.31135
2.44155
2.40462
2.25524
2.19303
2.47188
2.49553
2.36118
2.31135
2.40462
2.44155
2.49553
2.47188
2.52264
2.51247
2.52264
2.52603
2.51247
2.13133
2.19699
0.0963687
0.0963687
2.25659
2.30996
0.197572
2.35695
2.39744
0.522311
0.635101
2.43132
0.302809
2.45852
0.411305
2.47897
2.49263
2.49946
1.2022
0.522311
2.49946
1.41907
1.52317
0.635101
2.49263
2.47897
2.45852
1.81265
0.748974
2.43132
0.863255
2.39744
2.35695
2.13133
2.30996
0.977297
2.25659
1.09048
2.19699
2.05982
1.2022
1.98268
1.31191
1.90019
1.72038
1.41907
1.62375
1.52317
1.31191
1.62375
1.72038
1.09048
0.977297
0.863255
1.81265
0.748974
1.90019
0.411305
1.98268
0.302809
2.05982
0.197572
6.00648e-32
6.00648e-32
3.42075e-32
0.100064
3.42075e-32
0.100064
0.312589
0.204523
0.204523
0.312589
0.536527
0.423504
0.536527
0.423504
0.65095
0.766082
0.65095
0.766082
0.995862
0.881265
1.2209
1.10927
0.881265
0.995862
1.4367
1.33022
1.2209
1.10927
1.63925
1.53986
1.33022
1.4367
1.82505
1.73444
1.53986
1.63925
1.82505
1.73444
1.91073
1.99116
1.91073
1.99116
2.13519
2.06607
2.13519
2.06607
2.19831
2.25524
2.3499
2.30582
2.38738
2.41816
2.19831
2.25524
2.45936
2.44217
2.30582
2.3499
2.38738
2.41816
2.45936
2.44217
2.47313
2.46969
2.46969
0.103585
2.19699
2.25118
2.2989
0.21113
2.34002
2.37443
0.321863
2.40205
2.42282
0.435034
2.4367
2.44364
0.898018
0.549922
1.01304
2.44364
2.4367
0.665826
2.42282
2.40205
1.45247
1.55457
0.782074
2.37443
2.34002
0.898018
2.2989
2.25118
1.01304
2.19699
2.13647
1.12654
2.06981
1.99721
1.23796
1.91891
1.83518
1.34677
1.74632
1.65266
1.45247
1.55457
1.34677
1.23796
1.65266
1.12654
1.74632
0.782074
1.83518
0.665826
0.549922
1.91891
0.435034
0.321863
1.99721
0.21113
0.103585
2.06981
2.13647
6.49806e-32
6.49806e-32
3.67605e-32
0.106931
0.106931
3.67605e-32
0.217395
0.330628
0.217395
0.330628
0.445899
0.562494
0.562494
0.445899
0.79695
0.679732
0.79695
0.679732
1.02883
0.913517
1.25339
1.1423
0.913517
1.02883
1.46636
1.36157
1.25339
1.1423
1.56732
1.664
1.46636
1.36157
1.75603
1.84306
1.56732
1.664
1.75603
1.84306
1.92476
2.00084
1.92476
2.00084
2.13519
2.07106
2.13519
2.07106
2.24442
2.19303
2.28921
2.3273
2.38299
2.35858
2.19303
2.24442
2.40046
2.41096
2.28921
2.3273
2.35858
2.38299
2.40046
2.41446
2.41096
2.23494
0.223316
2.27675
2.31174
2.33983
0.338887
2.36095
0.456096
2.37506
0.574247
2.38212
2.38212
0.574247
0.927765
2.37506
0.692668
2.36095
2.33983
1.26717
2.31174
0.810714
2.27675
0.927765
2.23494
2.18642
1.76359
2.13133
1.04323
2.06981
1.15654
2.00205
1.92826
1.84868
1.26717
1.37462
1.67327
1.57809
1.4784
1.4784
1.37462
1.57809
1.15654
1.04323
1.67327
1.76359
0.810714
0.692668
1.84868
0.456096
1.92826
0.338887
0.223316
0.110105
2.00205
2.06981
0.110105
2.13133
2.18642
6.94439e-32
6.94439e-32
3.90669e-32
0.113104
0.113104
3.90669e-32
0.346639
0.228896
0.228896
0.346639
0.585181
0.46563
0.46563
0.585181
0.704638
0.823367
0.704638
0.823367
0.940764
1.05625
1.27933
1.16928
0.940764
1.05625
1.48858
1.38591
1.27933
1.16928
1.68048
1.5869
1.38591
1.48858
1.85206
1.76898
1.68048
1.5869
1.85206
1.76898
1.92943
2.00084
1.92943
2.00084
2.06607
2.1249
2.06607
2.1249
2.17717
2.22274
2.26149
2.29332
2.33593
2.31815
2.17717
2.22274
2.35018
2.34661
2.29332
2.26149
2.33593
2.31815
2.34661
0.234133
2.20782
2.24344
2.27204
0.353887
2.29354
0.353887
0.474499
2.30791
0.595298
0.715642
2.3151
2.3151
0.595298
2.30791
1.06789
0.715642
2.29354
2.27204
2.24344
0.834912
1.4969
1.59375
2.20782
0.952516
2.16527
2.11589
2.05982
1.06789
1.99721
1.18051
1.92826
1.85318
1.77221
1.28986
1.68563
1.39547
1.39547
1.4969
1.28986
1.59375
1.18051
0.952516
1.68563
0.834912
1.77221
0.474499
1.85318
1.92826
0.234133
0.11593
1.99721
2.05982
0.11593
2.11589
2.16527
7.34556e-32
7.34556e-32
4.11272e-32
0.118583
0.118583
4.11272e-32
0.36063
0.23903
0.23903
0.36063
0.604599
0.482706
0.604599
0.482706
0.845349
0.725683
0.725683
0.845349
0.963025
1.07816
1.19024
1.29876
0.963025
1.07816
1.50337
1.40328
1.19024
1.29876
1.59864
1.68872
1.40328
1.50337
1.77329
1.85206
1.68872
1.59864
1.85206
1.77329
1.92476
1.99116
1.99116
1.92476
2.05106
2.10429
2.10429
2.05106
2.1507
2.19016
2.22258
2.24787
2.26598
2.27686
2.1507
2.19016
2.27686
2.28049
2.24787
2.22258
2.26598
2.1989
0.366869
2.22081
0.121064
2.23545
0.490251
2.24278
2.24278
0.613087
0.613087
0.734761
2.23545
2.22081
0.734761
2.1989
2.16976
0.854683
2.13347
2.09011
0.972291
2.0398
1.50799
1.98268
1.08705
1.91891
1.84868
1.19846
1.77221
1.68975
1.30604
1.60157
1.40936
1.40936
1.30604
1.50799
1.19846
1.08705
1.60157
0.972291
0.854683
1.68975
1.77221
0.490251
0.366869
1.84868
0.243585
1.91891
1.98268
0.121064
2.16976
2.0398
2.09011
2.13347
0.243585
7.70169e-32
7.70169e-32
4.29422e-32
0.123372
0.123372
4.29422e-32
0.247801
0.372606
0.247801
0.372606
0.620761
0.497136
0.497136
0.620761
0.862914
0.742879
0.742879
0.862914
1.09457
0.980319
1.3117
1.20519
0.980319
1.09457
1.41369
1.51076
1.3117
1.20519
1.60255
1.68872
1.51076
1.41369
1.76898
1.84306
1.68872
1.60255
1.76898
1.84306
1.97177
1.91073
1.97177
1.91073
2.02603
2.07333
2.07333
2.02603
2.1466
2.11355
2.19084
2.17238
2.20564
2.20194
2.1466
2.11355
2.20194
2.17238
2.19084
0.377841
2.15795
0.503362
2.16542
2.16542
2.15795
0.377841
0.627623
2.14302
0.750038
2.12067
2.09095
2.05394
0.987107
0.870044
2.00973
0.987107
1.95843
1.31575
1.90019
1.83518
1.51169
1.10072
1.76359
1.21042
1.68563
1.60157
1.31575
1.4163
1.4163
1.21042
1.10072
1.51169
1.60157
0.870044
0.750038
0.627623
1.68563
0.503362
1.76359
0.251676
0.125507
1.83518
1.90019
0.125507
2.14302
1.95843
2.00973
2.05394
0.251676
2.09095
2.12067
8.01293e-32
8.01293e-32
4.45126e-32
0.127471
0.127471
4.45126e-32
0.382574
0.255214
0.255214
0.382574
0.633675
0.508929
0.633675
0.508929
0.876074
0.75624
0.75624
0.876074
1.10551
0.99266
1.31817
1.21415
0.99266
1.10551
1.51076
1.41716
1.21415
1.31817
1.68048
1.59864
1.51076
1.41716
1.82505
1.75603
1.59864
1.68048
1.75603
1.82505
1.88731
1.94265
1.88731
1.94265
1.9909
2.03193
1.9909
2.03193
2.06565
2.09195
2.11079
2.12211
2.12589
2.12211
2.09195
2.06565
2.11079
0.513839
2.08331
2.08331
0.129263
2.07568
0.638918
2.06044
0.761485
2.03763
0.638918
0.761485
2.0073
1.96953
0.881006
1.92441
0.996976
1.87207
1.81265
1.31898
1.74632
1.10892
1.67327
1.21639
1.59375
1.50799
1.4163
1.31898
1.4163
1.21639
1.10892
0.996976
1.50799
0.881006
1.59375
0.513839
1.67327
0.386807
1.74632
0.258411
1.81265
1.87207
0.129263
2.07568
1.92441
1.96953
0.258411
2.0073
2.03763
2.06044
0.386807
8.2794e-32
8.2794e-32
4.58392e-32
0.130883
0.130883
4.58392e-32
0.261272
0.390541
0.261272
0.390541
0.643352
0.518093
0.643352
0.518093
0.88484
0.765776
0.765776
0.88484
1.00006
1.11097
1.31817
1.21714
1.11097
1.00006
1.41369
1.50337
1.21714
1.31817
1.664
1.5869
1.50337
1.41369
1.79799
1.73444
1.664
1.5869
1.73444
1.79799
1.85447
1.90372
1.85447
1.90372
1.98003
1.94561
1.98003
1.94561
2.00689
2.02612
2.03768
2.04153
2.03768
2.00689
2.02612
1.98897
0.646979
1.97341
1.95011
0.769111
1.91914
1.88056
0.887579
1.83449
0.646979
1.78105
1.00191
1.72038
1.00191
1.65266
1.11165
1.11165
1.57809
1.4969
1.21639
1.40936
1.31575
1.31575
1.21639
1.40936
0.887579
1.4969
0.769111
1.57809
0.52169
0.393775
1.65266
0.263794
0.132332
1.72038
1.78105
0.132332
1.99676
1.83449
1.99676
1.88056
1.91914
0.263794
1.95011
1.97341
0.393775
1.98897
0.52169
8.50124e-32
8.50124e-32
4.69225e-32
0.13361
0.13361
4.69225e-32
0.39651
0.26598
0.39651
0.26598
0.524633
0.649799
0.649799
0.524633
0.889222
0.771494
0.771494
0.889222
1.00253
1.11097
1.21415
1.3117
1.11097
1.00253
1.48858
1.40328
1.3117
1.21415
1.56732
1.63925
1.48858
1.40328
1.76183
1.70415
1.63925
1.56732
1.70415
1.76183
1.81214
1.85493
1.85493
1.81214
1.89009
1.91753
1.91753
1.89009
1.93717
1.94898
1.95292
1.94898
1.93717
0.651813
1.85846
0.772922
1.82681
1.7874
1.74033
0.398748
0.88977
1.68573
0.651813
1.00191
1.62375
1.55457
1.4784
1.10892
1.39547
1.21042
1.30604
1.21042
1.10892
1.30604
1.00191
1.39547
0.88977
0.772922
1.4784
0.526921
1.55457
0.267828
0.134717
1.62375
1.68573
0.134717
1.88227
1.74033
1.7874
1.82681
1.90613
0.267828
1.85846
1.88227
1.89817
0.398748
0.526921
1.90613
1.89817
8.67857e-32
8.67857e-32
4.77633e-32
0.135653
0.135653
4.77633e-32
0.400488
0.26934
0.26934
0.400488
0.653021
0.528555
0.528555
0.653021
0.889222
0.773399
0.773399
0.889222
1.10551
1.00006
1.29876
1.20519
1.10551
1.00006
1.46636
1.38591
1.29876
1.20519
1.60618
1.53986
1.46636
1.38591
1.66513
1.71654
1.53986
1.60618
1.66513
1.71654
1.7962
1.76027
1.7962
1.76027
1.82424
1.84432
1.84432
1.82424
1.85639
1.86041
1.85639
0.772922
1.73072
1.69044
1.64233
0.887579
1.58652
0.40173
0.996976
1.52317
0.653424
1.45247
1.37462
1.10072
1.28986
1.19846
1.19846
1.10072
0.996976
1.28986
0.887579
1.37462
0.772922
0.529535
1.45247
1.52317
0.270515
0.136419
1.58652
1.64233
0.136419
1.76307
1.69044
1.73072
1.80367
1.81181
0.270515
1.76307
1.78741
1.80367
0.40173
1.81181
0.529535
1.78741
0.653424
8.81152e-32
8.81152e-32
4.83621e-32
0.137015
0.137015
4.83621e-32
0.402476
0.271355
0.271355
0.402476
0.653021
0.529862
0.653021
0.529862
0.88484
0.771494
0.771494
0.88484
0.99266
1.09457
1.19023
1.27933
0.99266
1.09457
1.36157
1.4367
1.27933
1.19023
1.5045
1.56476
1.4367
1.36157
1.66203
1.61732
1.56476
1.5045
1.61732
1.66203
1.72744
1.69877
1.69877
1.72744
1.76031
1.74797
1.74797
1.76031
1.76442
1.54091
0.881006
1.48384
0.13744
1.41907
0.987107
1.34677
1.26717
1.08705
0.651813
0.769111
1.18051
1.08705
1.18051
0.987107
0.881006
1.26717
1.34677
0.529535
0.402724
1.41907
0.271858
1.48384
1.54091
0.13744
1.5901
1.5901
1.6313
1.6313
1.66438
0.271858
1.68927
1.7059
0.402724
1.71422
1.71422
0.529535
1.7059
1.68927
0.651813
1.66438
0.769111
8.90016e-32
8.90016e-32
4.87193e-32
0.137695
0.137695
4.87193e-32
0.272027
0.402476
0.272027
0.402476
0.649799
0.528555
0.528555
0.649799
0.876074
0.765776
0.765776
0.876074
0.980319
1.07816
1.25339
1.16928
1.07816
0.980319
1.39956
1.33022
1.25339
1.16928
1.51494
1.46119
1.39956
1.33022
1.59824
1.56067
1.51494
1.46119
1.56067
1.59824
1.64856
1.62756
1.64856
1.62756
1.66119
1.66119
1.6654
0.870044
1.31191
0.972291
1.23796
1.15654
1.06789
0.40173
1.06789
0.972291
1.15654
0.870044
0.761485
0.646979
1.23796
0.526921
1.31191
0.271858
0.13778
1.37817
1.43654
0.13778
1.37817
1.48686
1.529
1.56284
1.529
0.271858
1.5883
1.60531
1.61383
0.40173
1.61383
0.526921
1.60531
1.5883
1.56284
0.646979
0.761485
1.48686
1.43654
8.94456e-32
8.94456e-32
4.88352e-32
0.137695
0.137695
4.88352e-32
0.400488
0.271355
0.271355
0.400488
0.643352
0.524633
0.524633
0.643352
0.75624
0.862914
0.862914
0.75624
0.963025
1.05625
1.1423
1.2209
0.963025
1.05625
1.29184
1.35489
1.1423
1.2209
1.45666
1.40988
1.29184
1.35489
1.4951
1.5251
1.45666
1.40988
1.4951
1.5251
1.5595
1.54659
1.5595
1.54659
1.56381
0.952516
1.12654
1.04323
0.13744
0.952516
1.04323
0.854683
1.12654
0.750038
0.638918
0.52169
1.2022
0.398748
1.26999
0.270515
1.32972
1.38121
0.13744
1.2022
1.42433
1.45896
1.32972
1.38121
0.270515
1.48501
1.50241
1.51113
1.48501
0.398748
1.51113
0.52169
1.50241
1.45896
0.638918
1.42433
0.750038
1.26999
0.854683
8.94476e-32
8.94476e-32
4.87098e-32
0.137015
0.137015
4.87098e-32
0.39651
0.26934
0.26934
0.39651
0.518093
0.633675
0.633675
0.518093
0.742879
0.845349
0.742879
0.845349
0.940764
1.02883
1.18186
1.10927
1.02883
0.940764
1.24638
1.30265
1.18186
1.10927
1.35052
1.38986
1.24638
1.30265
1.42057
1.44256
1.35052
1.38986
1.42057
1.44256
1.46018
1.45577
1.45577
0.834911
1.01304
0.734761
0.627623
1.09048
0.513839
0.393775
1.15986
0.267828
0.136419
1.22098
1.27368
0.136419
0.927764
1.31781
1.01304
1.35326
1.37992
0.267828
1.39773
1.40665
1.27368
1.31781
0.393775
1.40665
1.39773
0.513839
1.37992
1.35326
0.627623
0.734761
1.22098
1.15986
0.834911
1.09048
0.927764
8.90074e-32
8.90074e-32
4.8343e-32
0.135653
0.135653
4.8343e-32
0.26598
0.390541
0.26598
0.390541
0.620761
0.508929
0.620761
0.508929
0.725683
0.823367
0.725683
0.823367
0.913517
0.995862
1.13621
1.07016
0.995862
0.913517
1.24281
1.19381
1.13621
1.07016
1.3145
1.28308
1.24281
1.19381
1.35054
1.33701
1.28308
1.3145
1.35054
1.33701
1.35505
0.977297
0.503361
1.04832
0.386807
0.263794
0.134717
1.1109
1.16485
0.134717
0.613087
1.21002
1.2463
1.2736
0.898018
0.263794
1.29183
1.30096
1.30096
1.1109
0.386807
1.29183
0.503361
1.2736
1.2463
1.21002
0.613087
1.16485
0.715642
1.04832
0.977297
0.810714
0.898018
0.810714
0.715642
8.81249e-32
8.81249e-32
4.77346e-32
0.13361
0.13361
4.77346e-32
0.382574
0.261272
0.261272
0.382574
0.497136
0.604599
0.604599
0.497136
0.704638
0.79695
0.79695
0.704638
0.957338
0.881265
1.02496
1.08393
0.957338
0.881265
1.17532
1.13409
1.08393
1.02496
1.20749
1.23053
1.17532
1.13409
1.249
1.24438
1.23053
1.20749
1.24438
1.00005
0.258411
0.132332
1.05529
1.10154
0.132332
0.377841
1.13869
1.16664
0.595298
0.692668
0.258411
1.18531
1.19465
1.19465
0.935983
0.377841
1.18531
0.490251
1.16664
1.13869
1.10154
0.595298
1.05529
0.692668
1.00005
0.863255
0.782074
0.782074
0.863255
0.490251
0.935983
8.67994e-32
8.67994e-32
4.68843e-32
0.130883
0.130883
4.68843e-32
0.255214
0.372606
0.255214
0.372606
0.585181
0.482706
0.585181
0.482706
0.766082
0.679732
0.766082
0.679732
0.913227
0.843988
0.973614
1.02498
0.913227
0.843988
1.06719
1.10014
0.973614
1.02498
1.12373
1.13791
1.10014
1.06719
1.14264
1.13791
1.12373
0.993001
0.129262
1.03104
0.129262
1.05966
1.07878
0.251676
1.08835
1.08835
0.574247
0.665826
0.366869
1.07878
0.823457
1.05966
0.474499
1.03104
0.993001
0.574247
0.945636
0.889071
0.665826
0.748974
0.748974
0.823457
0.474499
0.366869
0.889071
0.251676
0.945636
8.503e-32
8.503e-32
4.57913e-32
0.127471
4.57913e-32
0.127471
0.36063
0.247801
0.247801
0.36063
0.46563
0.562494
0.46563
0.562494
0.730746
0.65095
0.65095
0.730746
0.801664
0.863508
0.916116
0.959345
0.863508
0.801664
0.993085
1.01724
0.959345
0.916116
1.03661
1.03177
1.01724
0.993085
1.03177
0.125507
0.92401
0.953318
0.972898
0.243585
0.9827
0.353887
0.9827
0.972898
0.353887
0.953318
0.456096
0.92401
0.885051
0.836539
0.549922
0.778604
0.6351
0.711397
0.6351
0.549922
0.711397
0.456096
0.778604
0.243585
0.125507
0.836539
0.885051
8.28155e-32
8.28155e-32
4.44552e-32
0.123372
0.123372
4.44552e-32
0.346639
0.23903
0.23903
0.346639
0.536527
0.445899
0.445899
0.536527
0.690925
0.618278
0.690925
0.618278
0.80816
0.754276
0.886994
0.852439
0.754276
0.80816
0.911741
0.926613
0.886994
0.852439
0.931576
0.911741
0.926613
0.868351
0.234133
0.878391
0.121064
0.878391
0.868351
0.338887
0.848296
0.435034
0.522311
0.600479
0.818276
0.77837
0.728677
0.522311
0.669329
0.600479
0.435034
0.669329
0.338887
0.728677
0.234133
0.77837
0.818276
0.121064
0.848296
8.01548e-32
8.01548e-32
4.28751e-32
0.118583
0.118583
4.28751e-32
0.330628
0.228896
0.228896
0.330628
0.423504
0.50727
0.423504
0.50727
0.581704
0.646605
0.646605
0.581704
0.747165
0.701808
0.782564
0.807912
0.701808
0.747165
0.823147
0.828229
0.807912
0.782564
0.823147
0.223316
0.776128
0.765843
0.321863
0.745298
0.714546
0.411305
0.673663
0.622754
0.491404
0.561949
0.491404
0.561949
0.411305
0.321863
0.622754
0.223316
0.11593
0.673663
0.714546
0.11593
0.745298
0.765843
0.776128
7.70464e-32
7.70464e-32
4.10504e-32
0.113104
0.113104
4.10504e-32
0.312589
0.217395
0.217395
0.312589
0.398438
0.474712
0.398438
0.474712
0.541215
0.597773
0.541215
0.597773
0.644245
0.68051
0.722086
0.70648
0.68051
0.644245
0.722086
0.727294
0.70648
0.666106
0.645058
0.302809
0.613551
0.3849
0.571663
0.302809
0.5195
0.457193
0.457193
0.3849
0.5195
0.21113
0.110105
0.571663
0.613551
0.110105
0.645058
0.676643
0.666106
0.676643
0.21113
7.3489e-32
7.3489e-32
0.106931
3.89803e-32
0.106931
3.89803e-32
0.292518
0.204523
0.204523
0.292518
0.438845
0.370693
0.438845
0.370693
0.496804
0.544421
0.496804
0.544421
0.608187
0.58158
0.629512
0.624178
0.58158
0.624178
0.608187
0.281719
0.516047
0.355814
0.473124
0.419669
0.355814
0.419669
0.281719
0.473124
0.197572
0.103585
0.516047
0.548331
0.103585
0.569898
0.569898
0.580695
0.197572
0.580695
0.548331
6.94813e-32
6.94813e-32
3.66642e-32
0.100064
0.100064
3.66642e-32
0.27041
0.190277
0.190277
0.27041
0.399663
0.340264
0.340264
0.399663
0.448463
0.48654
0.48654
0.448463
0.513806
0.530191
0.535658
0.530191
0.513806
0.324041
0.324041
0.258591
0.378828
0.182637
0.0963687
0.422817
0.455902
0.0963687
0.378828
0.422817
0.478003
0.489066
0.489066
0.182637
0.478003
0.455902
0.258591
6.5022e-32
6.5022e-32
3.41014e-32
0.0924993
0.0924993
3.41014e-32
0.24626
0.174654
0.24626
0.174654
0.357161
0.307146
0.357161
0.307146
0.42413
0.396188
0.396188
0.42413
0.440923
0.446524
0.440923
0.166325
0.0884555
0.334665
0.368575
0.0884555
0.391225
0.23342
0.402564
0.402564
0.334665
0.166325
0.391225
0.368575
0.23342
0.289578
0.289578
6.01102e-32
6.01102e-32
3.12916e-32
0.084237
0.084237
3.12916e-32
0.157652
0.220067
0.157652
0.220067
0.311338
0.271337
0.311338
0.271337
0.357188
0.339979
0.339979
0.362931
0.357188
0.287181
0.310398
0.0798441
0.0798441
0.32202
0.32202
0.148633
0.310398
0.287181
0.252423
0.206204
0.206204
0.252423
0.148633
5.47452e-32
5.47452e-32
2.82342e-32
0.0752761
2.82342e-32
0.0752761
0.13927
0.191829
0.13927
0.191829
0.262193
0.232836
0.262193
0.232836
0.285719
0.279835
0.279835
0.0705336
0.248289
0.248289
0.236375
0.12956
0.212575
0.176943
0.176943
0.12956
0.0705336
0.212575
0.236375
4.89262e-32
4.89262e-32
2.49292e-32
0.0656161
0.0656161
2.49292e-32
0.161546
0.119506
0.119506
0.161546
0.191643
0.209727
0.191643
0.209727
0.215761
0.170037
0.109106
0.145638
0.109106
0.060524
0.145638
0.170037
0.060524
0.182251
0.182251
4.26531e-32
4.26531e-32
2.13764e-32
0.0552569
0.0552569
2.13764e-32
0.129218
0.0983624
0.0983624
0.129218
0.14776
0.14776
0.153944
0.0872722
0.0872722
0.0498153
0.112289
0.12481
0.0498153
0.12481
0.112289
3.59258e-32
3.59258e-32
1.75759e-32
0.0441988
1.75759e-32
0.0441988
0.0758384
0.094848
0.0758384
0.094848
0.10119
0.0768977
0.0384079
0.0768977
0.0640588
0.0384079
0.0640588
2.87445e-32
2.87445e-32
0.0324422
1.35278e-32
0.0324422
1.35278e-32
0.0519358
0.0519358
0.0584371
0.0263023
0.0394673
0.0263023
0.0394673
2.11095e-32
2.11095e-32
9.23222e-33
0.0199878
0.0199878
9.23222e-33
0.026656
0.0134993
0.0134993
1.30212e-32
1.30212e-32
4.68953e-33
4.68953e-33
0.00683646
1.937e-35
4.48016e-33
4.48016e-33
