1.94916e-35
4.5083e-33
4.5083e-33
4.71892e-33
1.31029e-32
0.00687941
0.013584
4.71892e-33
1.31029e-32
0.013584
9.29008e-33
0.0264672
2.12418e-32
0.0201132
0.0268234
0.0397148
0.0397148
0.0201132
0.0264672
2.12418e-32
9.29008e-33
1.36125e-32
0.0386484
2.89245e-32
0.0326455
0.06446
0.0773795
0.0522616
0.0588034
1.36125e-32
0.0386484
0.0522616
0.0773795
0.06446
0.0326455
2.89245e-32
1.76859e-32
0.0444755
0.050127
3.61505e-32
0.0763135
0.0878183
0.112991
0.0954419
0.125592
0.101824
0.125592
0.0954419
0.0444755
3.61505e-32
0.050127
1.76859e-32
0.0878183
0.0763135
0.112991
2.151e-32
4.29195e-32
0.0556025
0.0609022
0.0989777
0.109788
0.146548
0.130027
0.0609022
4.29195e-32
0.0556025
2.151e-32
0.18339
0.154907
0.1711
0.148685
0.148685
0.146548
0.1711
0.0989777
0.18339
0.130027
0.109788
2.50848e-32
0.0709738
4.92313e-32
0.0660259
0.120253
0.130369
0.178048
0.162555
0.211038
0.192841
0.213903
0.237851
4.92313e-32
0.0709738
0.0660259
2.50848e-32
0.120253
0.178048
0.130369
0.162555
0.217109
0.249839
0.211038
0.249839
0.213903
0.237851
0.192841
2.84102e-32
0.0803415
5.5086e-32
0.0757455
0.140139
0.149559
0.207489
0.193026
0.288971
0.263829
0.234289
0.253996
0.281582
0.312333
0.324028
0.287502
2.84102e-32
0.0803415
5.5086e-32
0.0757455
0.140139
0.149559
0.207489
0.193026
0.312333
0.288971
0.253996
0.324028
0.234289
0.281582
0.263829
3.14863e-32
0.0890057
6.04838e-32
0.0847615
0.158634
0.16736
0.234872
0.221438
0.29138
0.336749
0.313278
0.273028
0.342097
0.370869
0.393661
0.359414
0.0847615
3.14863e-32
0.0890057
6.04838e-32
0.365192
0.405071
0.405071
0.359414
0.16736
0.234872
0.158634
0.221438
0.313278
0.370869
0.393661
0.29138
0.273028
0.342097
0.336749
3.43133e-32
0.0969671
6.54254e-32
0.0930741
0.247792
0.17574
0.183772
0.260197
0.326055
0.381182
0.359383
0.309057
0.398653
0.425445
0.458736
0.426768
0.443666
0.480974
0.492107
0.449302
6.54254e-32
0.0930741
3.43133e-32
0.0969671
0.260197
0.183772
0.247792
0.17574
0.492107
0.480974
0.443666
0.426768
0.359383
0.309057
0.326055
0.381182
0.425445
0.458736
0.398653
3.68915e-32
0.104227
6.99116e-32
0.100684
0.191458
0.283466
0.272089
0.198797
0.100684
0.104227
6.99116e-32
3.68915e-32
0.358021
0.422272
0.402145
0.342377
0.451248
0.519249
0.489562
0.47606
0.533484
0.551734
0.573435
0.516998
0.584298
0.538985
0.533484
0.584298
0.198797
0.283466
0.272089
0.191458
0.422272
0.358021
0.402145
0.342377
0.573435
0.551734
0.47606
0.516998
0.519249
0.451248
0.489562
3.92216e-32
0.110786
7.39433e-32
0.107594
0.20579
0.212437
0.304683
0.294331
0.107594
0.110786
7.39433e-32
3.92216e-32
0.387283
0.460024
0.441565
0.372991
0.212437
0.294331
0.304683
0.20579
0.499883
0.522717
0.547795
0.575203
0.611957
0.61735
0.649052
0.585186
0.680833
0.633415
0.670231
0.628048
0.628048
0.680833
0.670231
0.611957
0.372991
0.460024
0.387283
0.441565
0.649052
0.547795
0.575203
0.522717
0.499883
0.585186
0.61735
4.13041e-32
0.113803
0.116646
7.75219e-32
0.218739
0.224695
0.323851
0.314523
0.413847
0.494441
0.477648
0.400903
0.113803
0.116646
7.75219e-32
4.13041e-32
0.323851
0.224695
0.314523
0.218739
0.544564
0.565421
0.626603
0.601471
0.413847
0.477648
0.400903
0.494441
0.648231
0.677826
0.718961
0.68472
0.71085
0.726553
0.749903
0.770575
0.780923
0.726553
0.731793
0.780923
0.71085
0.749903
0.770575
0.68472
0.565421
0.677826
0.601471
0.544564
0.718961
0.648231
0.626603
4.31397e-32
8.06487e-32
0.119315
0.12181
0.230309
0.235577
0.340977
0.332669
0.437718
0.525532
0.510402
0.426119
0.119315
0.12181
8.06487e-32
4.31397e-32
0.585295
0.604182
0.673456
0.650597
0.340977
0.235577
0.332669
0.230309
0.510402
0.525532
0.437718
0.426119
0.73317
0.70614
0.783168
0.751777
0.604182
0.585295
0.650597
0.673456
0.812898
0.787394
0.853525
0.823321
0.828228
0.873703
0.83334
0.883805
0.883805
0.812898
0.828228
0.873703
0.787394
0.751777
0.70614
0.823321
0.73317
0.783168
0.853525
4.47291e-32
0.12628
8.33251e-32
0.124132
0.240503
0.245085
0.356066
0.348775
0.458904
0.553307
0.448647
0.539833
0.622088
0.639009
0.715775
0.695181
0.124132
0.12628
8.33251e-32
4.47291e-32
0.245085
0.356066
0.348775
0.240503
0.841685
0.783394
0.758922
0.813137
0.553307
0.458904
0.539833
0.448647
0.695181
0.622088
0.639009
0.715775
0.929692
0.892455
0.857688
0.890493
0.758922
0.841685
0.783394
0.813137
0.932317
0.917354
0.978878
0.959179
0.988741
0.93731
0.932317
0.988741
0.892455
0.929692
0.890493
0.917354
0.978878
0.959179
0.857688
4.60731e-32
0.130057
8.55525e-32
0.128255
0.249326
0.253224
0.369125
0.362848
0.477415
0.468494
0.577775
0.565953
0.654953
0.669916
0.753573
0.735238
4.60731e-32
8.55525e-32
0.128255
0.130057
0.868813
0.806591
0.828512
0.894526
0.249326
0.253224
0.369125
0.362848
0.577775
0.477415
0.565953
0.468494
0.951436
0.999091
0.965236
0.921743
0.735238
0.753573
0.654953
0.669916
0.806591
0.828512
0.868813
0.894526
1.03736
1.06615
0.999182
1.02349
0.999091
0.951436
0.921743
0.965236
1.04297
1.0381
1.09502
1.08539
1.03736
1.09502
1.06615
1.08539
1.02349
1.0381
0.999182
4.71724e-32
0.133145
8.73323e-32
0.131687
0.256782
0.259998
0.38016
0.374895
0.485671
0.493259
0.59895
0.588773
0.683904
0.696915
0.786866
0.770781
0.131687
0.133145
8.73323e-32
4.71724e-32
0.918825
0.849163
0.868543
0.941713
0.256782
0.374895
0.38016
0.259998
1.06174
1.03126
1.00617
0.979579
0.493259
0.59895
0.588773
0.485671
0.770781
0.786866
0.696915
0.683904
1.10828
1.14565
1.10687
1.07373
0.941713
0.849163
0.868543
0.918825
1.06174
1.00617
0.979579
1.03126
1.14487
1.13061
1.17376
1.19255
1.10687
1.07373
1.14565
1.10828
1.20195
1.14963
1.14487
1.13061
1.19255
1.17376
1.20195
4.80277e-32
0.135543
8.86655e-32
0.13443
0.262876
0.265412
0.389179
0.384921
0.13443
0.135543
8.86655e-32
4.80277e-32
0.500185
0.506446
0.616842
0.608305
0.708955
0.720022
0.815673
0.801829
0.983267
0.963192
0.886658
0.903507
0.384921
0.262876
0.389179
0.265412
1.05472
1.09055
1.11767
1.03122
0.500185
0.616842
0.608305
0.506446
1.18249
1.17195
1.21739
1.14102
0.815673
0.720022
0.801829
0.708955
0.983267
0.903507
0.886658
0.963192
1.23804
1.25389
1.28135
1.21486
1.11767
1.05472
1.03122
1.09055
1.21739
1.18249
1.14102
1.17195
1.25197
1.25662
1.30888
1.2997
1.23804
1.21486
1.25389
1.28135
1.30888
1.25197
1.2997
4.86396e-32
0.137256
8.95531e-32
0.136485
0.267611
0.269469
0.396187
0.392934
0.512047
0.516984
0.631462
0.62456
0.136485
0.137256
8.95531e-32
4.86396e-32
0.392934
0.396187
0.267611
0.269469
0.730122
0.739251
0.84001
0.828399
0.933425
1.01921
1.00194
0.919096
1.09712
1.14313
1.16692
1.07669
0.512047
0.62456
0.631462
0.516984
1.22841
1.28142
1.25037
1.20108
0.730122
0.828399
0.739251
0.84001
1.32581
1.36147
1.29088
1.32249
1.00194
1.01921
0.933425
0.919096
1.09712
1.14313
1.07669
1.16692
1.35874
1.38829
1.40621
1.34514
1.25037
1.22841
1.28142
1.20108
1.29088
1.36147
1.32249
1.32581
1.36328
1.34514
1.41518
1.41518
1.35874
1.38829
1.40621
4.90085e-32
0.138283
8.99958e-32
0.137855
0.27099
0.272172
0.401189
0.398938
0.521263
0.52488
0.642822
0.637549
0.747417
0.850507
0.754616
0.859895
0.137855
0.138283
8.99958e-32
4.90085e-32
0.272172
0.398938
0.401189
0.27099
0.637549
0.642822
0.52488
0.521263
0.958318
1.04958
1.03509
0.946499
1.18904
1.2095
1.11602
1.13339
1.33777
1.31055
1.27769
1.25395
0.850507
0.747417
0.859895
0.754616
1.35871
1.38957
1.43294
1.39828
0.946499
0.958318
1.03509
1.04958
1.42917
1.49398
1.45129
1.46778
1.2095
1.13339
1.18904
1.11602
1.33777
1.27769
1.31055
1.25395
1.52025
1.46458
1.51149
1.46901
1.35871
1.38957
1.39828
1.43294
1.45129
1.42917
1.52025
1.51149
1.46778
1.46458
1.49398
4.91346e-32
0.138625
8.99938e-32
0.138539
0.273017
0.273523
0.404188
0.402938
0.527841
0.530141
0.650929
0.647281
0.138539
0.138625
8.99938e-32
4.91346e-32
0.760854
0.875343
0.868172
0.766128
0.978205
1.07438
1.06267
0.968887
0.402938
0.404188
0.273523
0.273017
0.647281
0.650929
0.530141
0.527841
0.760854
0.766128
0.868172
0.875343
1.22831
1.14923
1.24546
1.16356
1.38649
1.36308
1.31985
1.29966
1.4184
1.4452
1.49582
1.46545
1.06267
0.968887
0.978205
1.07438
1.53821
1.5343
1.57225
1.50412
1.14923
1.22831
1.24546
1.16356
1.5689
1.59785
1.61496
1.55591
1.36308
1.38649
1.31985
1.29966
1.49582
1.4452
1.46545
1.4184
1.62353
1.57323
1.5689
1.62353
1.53821
1.50412
1.61496
1.57225
1.5343
1.55591
1.59785
4.90181e-32
0.138283
8.95472e-32
0.138539
0.273693
0.273523
0.405188
0.404938
0.531785
0.53277
0.655791
0.653765
0.770444
0.773798
0.886367
0.881407
0.138539
0.138283
8.95472e-32
4.90181e-32
0.273523
0.404938
0.405188
0.273693
0.993104
1.09365
1.0847
0.986278
1.18766
1.27483
1.26097
1.17637
0.53277
0.531785
0.653765
0.655791
0.881407
0.770444
0.886367
0.773798
0.993104
0.986278
1.09365
1.0847
1.408
1.42762
1.3549
1.33826
1.46999
1.49277
1.55016
1.52406
1.59965
1.57005
1.64108
1.60784
1.17637
1.26097
1.18766
1.27483
1.69938
1.67435
1.65845
1.63733
1.33826
1.3549
1.42762
1.408
1.67115
1.7161
1.72447
1.67538
1.55016
1.52406
1.46999
1.49277
1.57005
1.59965
1.60784
1.64108
1.67115
1.65845
1.72447
1.7161
1.63733
1.67435
1.69938
4.86588e-32
0.137256
8.86557e-32
0.137855
0.273017
0.272172
0.404188
0.404938
0.657006
0.5331
0.53277
0.657411
0.137855
0.137256
8.86557e-32
4.86588e-32
0.776194
0.77763
0.892977
0.890223
1.00303
1.10739
1.10121
0.998689
0.272172
0.404938
0.404188
0.273017
0.657006
0.657411
0.5331
0.53277
1.20571
1.29764
1.28706
1.19744
1.3829
1.44535
1.36978
1.4612
0.890223
0.892977
0.77763
0.776194
1.10121
0.998689
1.00303
1.10739
1.29764
1.20571
1.19744
1.28706
1.51354
1.57415
1.59603
1.53232
1.62701
1.65215
1.70054
1.67197
1.73775
1.77358
1.70892
1.74105
1.36978
1.44535
1.4612
1.3829
1.7584
1.77081
1.79805
1.8144
1.51354
1.59603
1.57415
1.53232
1.82259
1.82259
1.77495
1.77081
1.65215
1.70054
1.62701
1.67197
1.8144
1.79805
1.74105
1.70892
1.77358
1.7584
1.73775
4.80566e-32
0.135543
8.73185e-32
0.136485
0.27099
0.269469
0.401189
0.402938
0.655791
0.657006
0.531785
0.530141
0.77811
0.77763
0.89518
0.894629
0.136485
0.135543
8.73185e-32
4.80566e-32
0.269469
0.402938
0.401189
0.27099
1.00799
1.11564
1.1122
1.00613
1.21773
1.31392
1.3066
1.21247
0.657006
0.655791
0.530141
0.531785
0.894629
0.77811
0.89518
0.77763
1.40387
1.48728
1.39426
1.47518
1.5491
1.61579
1.63346
1.56389
1.00799
1.00613
1.11564
1.1122
1.21247
1.3066
1.31392
1.21773
1.39426
1.47518
1.48728
1.40387
1.67508
1.72677
1.69579
1.7507
1.77075
1.83766
1.79803
1.80688
1.86948
1.83508
1.89342
1.85527
1.5491
1.61579
1.56389
1.63346
1.91741
1.8674
1.87145
1.90941
1.67508
1.69579
1.7507
1.72677
1.8674
1.91741
1.90941
1.85527
1.80688
1.79803
1.77075
1.83766
1.86948
1.83508
1.89342
4.72109e-32
0.133145
8.55348e-32
0.13443
0.267611
0.265412
0.396187
0.398938
0.52488
0.650929
0.653765
0.527841
0.13443
0.133145
8.55348e-32
4.72109e-32
0.776194
0.773798
0.892977
0.894629
1.00799
1.11838
1.00861
1.1177
0.265412
0.398938
0.396187
0.267611
0.653765
0.650929
0.527841
0.52488
1.22374
1.32368
1.31961
1.22149
1.49751
1.41783
1.50588
1.41172
0.773798
0.776194
0.892977
0.894629
1.00861
1.1177
1.11838
1.00799
1.5767
1.58753
1.64904
1.66252
1.71431
1.73062
1.79163
1.77231
1.22374
1.32368
1.22149
1.31961
1.50588
1.41783
1.41172
1.49751
1.66252
1.5767
1.64904
1.58753
1.8229
1.86592
1.84537
1.89169
1.96161
1.93047
1.92886
1.90128
1.96048
1.98503
2.00068
1.94861
1.71431
1.79163
1.73062
1.77231
1.96048
2.00851
1.96444
2.00851
1.89169
1.86592
1.8229
1.84537
1.94861
1.96161
1.93047
1.98503
2.00068
1.90128
1.92886
4.61212e-32
0.130057
8.33035e-32
0.131687
0.262876
0.392934
0.259998
0.389179
0.516984
0.642822
0.647281
0.521263
0.131687
0.130057
8.33035e-32
4.61212e-32
0.770444
0.766128
0.886367
0.890223
0.259998
0.392934
0.389179
0.262876
1.00303
1.00613
1.11564
1.1177
1.22374
1.32693
1.32611
1.22449
0.521263
0.647281
0.642822
0.516984
0.766128
0.890223
0.770444
0.886367
1.51238
1.42481
1.51703
1.42219
1.60327
1.59639
1.68325
1.67392
1.00613
1.11564
1.1177
1.00303
1.32611
1.32693
1.22374
1.22449
1.74475
1.82339
1.80865
1.75669
1.93576
1.86545
1.88314
1.91497
1.51703
1.42481
1.42219
1.51238
1.59639
1.67392
1.68325
1.60327
1.74475
1.75669
1.80865
1.82339
1.99169
1.95708
1.98112
2.01909
2.04958
2.07252
2.03802
2.01869
2.0955
2.05351
2.08783
2.04964
1.91497
1.88314
1.86545
1.93576
2.0955
2.04964
2.08783
2.03802
2.07252
1.99169
2.04958
1.95708
2.01869
1.98112
2.01909
4.47869e-32
0.12628
8.06231e-32
0.128255
0.128255
0.12628
8.06231e-32
4.47869e-32
0.256782
0.38016
0.384921
0.253224
0.506446
0.631462
0.637549
0.512047
0.760854
0.754616
0.875343
0.881407
0.384921
0.38016
0.256782
0.253224
0.998689
0.993104
1.10739
1.1122
0.637549
0.631462
0.506446
0.512047
1.21773
1.32368
1.32611
1.22149
1.42481
1.52074
1.51981
1.42568
0.754616
0.881407
0.760854
0.875343
0.993104
1.10739
0.998689
1.1122
1.60819
1.61113
1.69567
1.69049
1.76646
1.77405
1.83585
1.84604
1.32368
1.21773
1.22149
1.32611
1.42481
1.42568
1.51981
1.52074
1.89846
1.9114
1.96995
1.95409
2.0026
2.06596
2.02152
2.04385
1.60819
1.69049
1.61113
1.69567
1.76646
1.84604
1.77405
1.83585
1.89846
1.96995
1.95409
1.9114
2.13304
2.10418
2.07774
2.10317
2.17051
2.1555
2.12312
2.1345
2.1345
2.13829
2.17802
2.17802
2.0026
2.04385
2.06596
2.02152
2.17051
2.10418
2.12312
2.1555
2.10317
2.13304
2.07774
4.32072e-32
0.121811
7.74923e-32
0.124132
0.249326
0.245085
0.369125
0.374895
0.124132
0.121811
7.74923e-32
4.32072e-32
0.374895
0.369125
0.249326
0.245085
0.493259
0.616842
0.62456
0.500185
0.747417
0.739251
0.859895
0.868172
0.986278
0.978205
1.09365
1.10121
0.500185
0.493259
0.62456
0.616842
1.20571
1.31392
1.31961
1.21247
0.868172
0.859895
0.747417
0.739251
1.41783
1.51703
1.51981
1.42219
1.61212
1.6998
1.69877
1.61113
0.986278
1.09365
0.978205
1.10121
1.31392
1.31961
1.20571
1.21247
1.78272
1.85961
1.77947
1.85396
1.92199
1.93022
1.99433
1.98336
1.51703
1.42219
1.51981
1.41783
1.61113
1.69877
1.61212
1.6998
2.0379
2.05174
2.10231
2.08545
2.1591
2.18237
2.12588
2.14589
1.85396
1.77947
1.78272
1.85961
1.93022
1.92199
1.99433
1.98336
2.0379
2.10231
2.08545
2.05174
2.23368
2.21165
2.18501
2.20357
2.21843
2.21472
2.24839
2.25575
2.21472
2.25575
2.20357
2.24839
2.12588
2.18501
2.18237
2.14589
2.21165
2.23368
2.1591
4.13814e-32
0.119315
0.116647
7.39097e-32
0.240503
0.235577
0.356066
0.362848
0.477415
0.59895
0.608305
0.485671
0.119315
0.116647
7.39097e-32
4.13814e-32
0.235577
0.362848
0.356066
0.240503
0.608305
0.59895
0.477415
0.485671
0.730122
0.720022
0.84001
0.850507
0.968887
0.958318
1.07438
1.0847
1.19744
1.18766
1.29764
1.3066
0.720022
0.850507
0.730122
0.84001
1.40387
1.50588
1.51238
1.41172
0.968887
1.07438
1.0847
0.958318
1.69877
1.60819
1.60327
1.69567
1.86413
1.78381
1.78272
1.863
1.18766
1.19744
1.3066
1.29764
1.41172
1.51238
1.50588
1.40387
1.93609
2.00893
2.00285
1.93962
2.06306
2.12822
2.07186
2.11656
1.69877
1.60819
1.60327
1.69567
1.86413
1.78272
1.863
1.78381
2.22061
2.20287
2.17784
2.16321
2.25641
2.23545
2.26087
2.28514
1.93609
2.00893
2.00285
1.93962
2.06306
2.12822
2.07186
2.11656
2.20287
2.16321
2.22061
2.17784
2.27906
2.32119
2.29
2.30675
2.32841
2.32841
2.29365
2.29
2.27906
2.28514
2.30675
2.32119
2.25641
2.26087
2.23545
3.93087e-32
6.9874e-32
0.113803
0.110786
0.230309
0.224695
0.340977
0.348775
0.458904
0.577776
0.588774
0.468494
0.113803
0.110786
6.9874e-32
3.93087e-32
0.708955
0.696915
0.815673
0.828399
0.224695
0.348775
0.340977
0.230309
0.468494
0.458904
0.588774
0.577776
0.696915
0.828399
0.815673
0.708955
0.946499
0.933425
1.04958
1.06267
1.16356
1.27483
1.28706
1.17637
1.3829
1.48728
1.49751
1.39426
0.946499
1.06267
1.04958
0.933425
1.59639
1.68325
1.69049
1.58753
1.27483
1.28706
1.16356
1.17637
1.77405
1.85961
1.77947
1.863
2.01379
1.94079
1.93962
2.01258
1.48728
1.3829
1.39426
1.49751
1.69049
1.59639
1.68325
1.58753
2.13727
2.07814
2.0819
2.14373
2.1991
2.2356
2.18981
2.24786
1.77405
1.85961
1.77947
1.863
2.01379
1.93962
1.94079
2.01258
2.32503
2.30653
2.28987
2.27454
2.35325
2.33148
2.34934
2.37447
2.07814
2.14373
2.13727
2.0819
2.24786
2.2356
2.18981
2.1991
2.27454
2.30653
2.28987
2.32503
2.36365
2.36007
2.38865
2.39574
2.39574
2.36007
2.34934
2.37447
2.38865
2.35325
2.33148
3.69884e-32
0.104227
6.53838e-32
0.107594
0.107594
0.104227
6.53838e-32
3.69884e-32
0.218739
0.212437
0.323851
0.332669
0.437718
0.553307
0.565954
0.448647
0.683904
0.669916
0.786866
0.801829
0.332669
0.323851
0.218739
0.212437
0.919096
0.903507
1.01921
1.03509
0.565954
0.437718
0.553307
0.448647
0.786866
0.669916
0.801829
0.683904
0.919096
1.03509
1.01921
0.903507
1.14923
1.13339
1.24546
1.26097
1.3549
1.4612
1.47518
1.36978
1.5767
1.67392
1.56389
1.66252
1.24546
1.26097
1.13339
1.14923
1.75669
1.85396
1.76646
1.84604
1.3549
1.36978
1.47518
1.4612
2.00893
2.01258
1.93609
1.93022
2.14761
2.08316
2.1489
2.0819
1.67392
1.5767
1.56389
1.66252
1.85396
1.76646
1.75669
1.84604
2.20972
2.26418
2.25738
2.20574
2.31212
2.34066
2.35344
2.30239
1.93022
1.93609
2.01258
2.00893
2.1489
2.0819
2.08316
2.14761
2.41576
2.38801
2.39661
2.37209
2.41416
2.42471
2.45056
2.43663
2.20574
2.20972
2.25738
2.26418
2.30239
2.31212
2.35344
2.34066
2.38801
2.41576
2.37209
2.39661
2.42823
2.45754
2.45754
2.42471
2.43663
2.45056
2.41416
3.442e-32
0.0969671
6.04382e-32
0.100684
3.442e-32
0.100684
0.0969671
6.04382e-32
0.20579
0.198797
0.304683
0.314523
0.314523
0.304683
0.20579
0.198797
0.426119
0.413847
0.525532
0.539833
0.654953
0.639009
0.753573
0.770781
0.886658
0.868543
0.983267
1.00194
0.539833
0.525532
0.413847
0.426119
1.11602
1.09712
1.2095
1.22831
0.639009
0.770781
0.753573
0.654953
0.886658
1.00194
0.983267
0.868543
1.09712
1.11602
1.22831
1.2095
1.31985
1.42762
1.44535
1.33826
1.5491
1.63346
1.53232
1.64904
1.83585
1.74475
1.73062
1.82339
1.31985
1.42762
1.44535
1.33826
2.00285
1.9114
1.92199
1.99433
1.53232
1.64904
1.63346
1.5491
2.14373
2.14761
2.07186
2.07814
2.20972
2.26825
2.26961
2.21105
1.83585
1.82339
1.73062
1.74475
1.92199
2.00285
1.9114
1.99433
2.37045
2.31907
2.32324
2.36336
2.41112
2.44516
2.43194
2.40102
2.14373
2.07814
2.07186
2.14761
2.21105
2.26825
2.20972
2.26961
2.45606
2.47333
2.49302
2.47248
2.4837
2.48716
2.50673
2.5136
2.32324
2.31907
2.36336
2.37045
2.44516
2.40102
2.43194
2.41112
2.5136
2.45606
2.50673
2.4837
2.47333
2.49302
2.47248
0.0930742
0.0890058
5.50363e-32
3.16028e-32
3.16028e-32
0.0890058
5.50363e-32
0.0930742
0.191458
0.183772
0.283467
0.294331
0.191458
0.183772
0.294331
0.283467
0.387283
0.494441
0.510402
0.400903
0.510402
0.494441
0.387283
0.400903
0.622088
0.604182
0.715775
0.735238
0.849163
0.828512
0.941713
0.963192
1.07669
1.05472
1.16692
1.18904
0.715775
0.604182
0.735238
0.622088
1.29966
1.27769
1.38649
1.408
0.828512
0.849163
0.963192
0.941713
1.16692
1.07669
1.18904
1.05472
1.29966
1.408
1.38649
1.27769
1.61579
1.51354
1.49277
1.59603
1.80865
1.71431
1.79163
1.69579
1.98336
1.88314
1.96995
1.89846
1.61579
1.59603
1.51354
1.49277
2.13727
2.05174
2.12822
2.06306
1.80865
1.69579
1.71431
1.79163
2.1991
2.26418
2.20574
2.26825
2.3747
2.37611
2.32463
2.32324
1.98336
1.96995
1.88314
1.89846
2.05174
2.06306
2.13727
2.12822
2.42266
2.46276
2.45543
2.41833
2.49631
2.50965
2.52324
2.48589
2.20574
2.26418
2.26825
2.1991
2.32324
2.32463
2.3747
2.37611
2.52666
2.54349
2.55701
2.53688
2.53688
2.54029
2.56378
2.56378
2.45543
2.41833
2.46276
2.42266
2.49631
2.52324
2.50965
2.55701
2.54349
2.48589
2.52666
0.0847615
0.0803415
4.91775e-32
2.85366e-32
0.272089
0.260197
0.17574
0.16736
2.85366e-32
0.0803415
4.91775e-32
0.0847615
0.17574
0.16736
0.260197
0.272089
0.358021
0.460024
0.477648
0.372991
0.460024
0.358021
0.372991
0.477648
0.585295
0.565421
0.673456
0.695181
0.565421
0.695181
0.673456
0.585295
0.806591
0.783394
0.894526
0.918825
1.03122
1.00617
1.11767
1.14313
1.22841
1.33777
1.36308
1.25395
0.783394
0.806591
0.918825
0.894526
1.46999
1.4452
1.55016
1.57415
1.00617
1.11767
1.03122
1.14313
1.33777
1.25395
1.36308
1.22841
1.4452
1.57415
1.46999
1.55016
1.65215
1.67508
1.7507
1.77231
1.95409
1.84537
1.93576
1.86545
2.10231
2.02152
2.11656
2.0379
1.77231
1.7507
1.65215
1.67508
2.17784
2.25738
2.24786
2.18981
1.84537
1.86545
1.95409
1.93576
2.37045
2.31212
2.3747
2.31907
2.4241
2.46862
2.46715
2.42266
2.11656
2.10231
2.0379
2.02152
2.25738
2.18981
2.17784
2.24786
2.5338
2.50375
2.50821
2.54133
2.56792
2.55724
2.58791
2.57401
2.37045
2.31907
2.31212
2.3747
2.4241
2.46862
2.46715
2.42266
2.58745
2.60125
2.58409
2.60793
2.58409
2.60125
2.57401
2.60793
2.5338
2.50821
2.54133
2.50375
2.58791
2.56792
2.55724
0.0757455
0.0709738
4.28617e-32
2.52211e-32
0.247792
0.234872
0.158634
0.149559
2.52211e-32
0.0709738
4.28617e-32
0.0757455
0.441565
0.422272
0.326055
0.342377
0.158634
0.149559
0.234872
0.247792
0.326055
0.422272
0.441565
0.342377
0.544564
0.522717
0.626603
0.650597
0.650597
0.626603
0.544564
0.522717
0.758922
0.73317
0.841685
0.868814
0.758922
0.868814
0.841685
0.73317
0.97958
0.951437
1.06174
1.09055
1.20108
1.17195
1.28142
1.31055
1.4184
1.38957
1.49582
1.52406
1.06174
0.97958
1.09055
0.951437
1.72678
1.62701
1.70054
1.59965
1.17195
1.28142
1.31055
1.20108
1.38957
1.52406
1.49582
1.4184
1.72678
1.59965
1.62701
1.70054
1.89169
1.79803
1.91497
1.8229
2.06596
2.08545
1.98112
2.0026
2.2356
2.14589
2.22061
2.16321
1.79803
1.91497
1.89169
1.8229
2.28987
2.35344
2.36336
2.30239
1.98112
2.06596
2.08545
2.0026
2.41112
2.46276
2.41833
2.46715
2.5097
2.50821
2.54585
2.54736
2.16321
2.14589
2.2356
2.22061
2.36336
2.30239
2.35344
2.28987
2.5987
2.6064
2.58011
2.57554
2.62523
2.61527
2.62616
2.63936
2.41833
2.46276
2.41112
2.46715
2.54736
2.5097
2.50821
2.54585
2.62855
2.62523
2.64596
2.64596
2.5987
2.58011
2.61527
2.63936
2.57554
2.6064
2.62616
0.0660259
0.0609022
3.60887e-32
2.16562e-32
0.221438
0.207489
0.140139
0.130369
2.16562e-32
0.0609022
3.60887e-32
0.0660259
0.402145
0.381182
0.29138
0.309057
0.140139
0.130369
0.207489
0.221438
0.601471
0.575203
0.499883
0.47606
0.29138
0.381182
0.402145
0.309057
0.499883
0.47606
0.575203
0.601471
0.70614
0.677826
0.783168
0.813137
0.70614
0.813137
0.783168
0.677826
0.921743
0.890493
0.999091
1.03126
0.890493
0.921743
1.03126
0.999091
1.10828
1.21739
1.25037
1.14102
1.35871
1.32582
1.43294
1.46545
1.57005
1.67197
1.53821
1.64108
1.10828
1.25037
1.21739
1.14102
1.74105
1.86592
1.83766
1.77075
1.32582
1.43294
1.46545
1.35871
1.64108
1.53821
1.67197
1.57005
1.83766
1.74105
1.77075
1.86592
2.04385
1.93047
2.01909
1.95708
2.10317
2.20287
2.18237
2.12588
2.25641
2.32503
2.34066
2.27454
2.01909
2.04385
1.93047
1.95708
2.44516
2.38801
2.40102
2.45543
2.20287
2.12588
2.10317
2.18237
2.49631
2.54133
2.50375
2.54585
2.61256
2.58164
2.58011
2.61102
2.34066
2.25641
2.27454
2.32503
2.44516
2.40102
2.45543
2.38801
2.63393
2.65033
2.65816
2.63859
2.67123
2.66018
2.66347
2.67777
2.54585
2.49631
2.54133
2.50375
2.58164
2.61102
2.58011
2.61256
2.63859
2.65033
2.65816
2.66018
2.67777
2.67123
2.63393
0.0556025
0.050127
2.88586e-32
1.78419e-32
0.193026
0.178048
0.120253
0.109788
1.78419e-32
0.050127
2.88586e-32
0.0556025
0.359383
0.336749
0.253996
0.273028
0.120253
0.109788
0.178048
0.193026
0.547795
0.519249
0.451248
0.425445
0.253996
0.336749
0.359383
0.273028
0.648231
0.751777
0.718961
0.61735
0.451248
0.425445
0.519249
0.547795
0.648231
0.61735
0.718961
0.751777
0.857688
0.823321
0.929692
0.965236
0.857688
0.965236
0.823321
0.929692
1.07373
1.03736
1.14565
1.18249
1.14565
1.03736
1.07373
1.18249
1.29088
1.25389
1.36147
1.39828
1.60784
1.50412
1.46778
1.57225
1.77358
1.80688
1.67435
1.70892
1.25389
1.39828
1.36147
1.29088
1.86948
1.96161
1.99169
1.90128
1.57225
1.46778
1.60784
1.50412
1.77358
1.67435
1.80688
1.70892
1.86948
1.96161
1.90128
1.99169
2.1591
2.13304
2.04958
2.07774
2.21165
2.28514
2.30653
2.23545
2.41576
2.37209
2.43194
2.35325
2.1591
2.13304
2.04958
2.07774
2.48589
2.47248
2.5338
2.52324
2.28514
2.23545
2.21165
2.30653
2.6064
2.56792
2.57554
2.61102
2.66442
2.66286
2.64014
2.63859
2.35325
2.41576
2.37209
2.43194
2.52324
2.5338
2.48589
2.47248
2.68888
2.69681
2.67911
2.68384
2.69214
2.70329
2.70329
2.68888
2.57554
2.6064
2.61102
2.56792
2.66286
2.69681
2.64014
2.66442
2.68384
2.67911
2.63859
0.0444755
0.0386485
2.11719e-32
1.37784e-32
1.37784e-32
0.0386485
2.11719e-32
0.0444755
0.162555
0.146548
0.0989777
0.0878183
0.313278
0.288972
0.213903
0.234289
0.0989777
0.0878183
0.146548
0.162555
0.370869
0.489562
0.458736
0.398653
0.213903
0.288972
0.313278
0.234289
0.585186
0.68472
0.649052
0.551734
0.398653
0.370869
0.458736
0.489562
0.787395
0.892455
0.853525
0.749904
0.585186
0.551734
0.649052
0.68472
0.787395
0.749904
0.853525
0.892455
0.999182
0.959179
1.06615
1.10687
0.999182
1.10687
1.06615
0.959179
1.21486
1.17376
1.28135
1.32249
1.32249
1.17376
1.28135
1.21486
1.5343
1.42917
1.49398
1.38829
1.59785
1.63733
1.73775
1.69938
1.79806
1.92886
1.89342
1.83508
1.49398
1.38829
1.5343
1.42917
1.98504
2.10418
2.07252
2.01869
1.59785
1.69938
1.63733
1.73775
1.89342
1.79806
1.92886
1.83508
2.10418
1.98504
2.07252
2.01869
2.26087
2.1555
2.23368
2.18501
2.37447
2.30675
2.39661
2.33148
2.45606
2.43663
2.49302
2.50965
2.1555
2.23368
2.26087
2.18501
2.54349
2.5987
2.55724
2.58791
2.30675
2.39661
2.33148
2.37447
2.62616
2.65816
2.63393
2.66286
2.70314
2.68384
2.68541
2.70156
2.45606
2.50965
2.49302
2.43663
2.55724
2.58791
2.54349
2.5987
2.72248
2.71449
2.71126
2.71603
2.71603
2.70156
2.71126
2.72248
2.65816
2.63393
2.62616
2.66286
2.68541
2.70314
2.68384
9.46582e-33
0.0264672
1.3029e-32
0.0326455
0.0326455
0.0264672
1.3029e-32
9.46582e-33
0.130027
0.112991
0.0763135
0.06446
0.0763135
0.06446
0.112991
0.130027
0.263829
0.237851
0.1711
0.192841
0.426768
0.393661
0.342097
0.312333
0.1711
0.237851
0.192841
0.263829
0.516998
0.611957
0.573435
0.480974
0.342097
0.312333
0.393661
0.426768
0.71085
0.812898
0.670231
0.770575
0.516998
0.480974
0.573435
0.611957
0.917354
1.02349
0.978878
0.873703
0.71085
0.670231
0.770575
0.812898
0.917354
0.873703
0.978878
1.02349
1.13061
1.08539
1.19255
1.23804
1.13061
1.23804
1.08539
1.19255
1.2997
1.40621
1.34514
1.45129
1.2997
1.45129
1.40621
1.34514
1.61496
1.65845
1.51149
1.55591
1.7161
1.85527
1.7584
1.8144
1.90941
2.00068
2.03802
1.94861
1.61496
1.51149
1.65845
1.55591
2.08783
2.20357
2.17051
2.12312
1.8144
1.7161
1.7584
1.85527
2.03802
1.90941
2.00068
1.94861
2.17051
2.08783
2.20357
2.12312
2.32119
2.34934
2.24839
2.27906
2.45056
2.38865
2.47333
2.41416
2.52666
2.55701
2.57401
2.50673
2.24839
2.34934
2.27906
2.32119
2.61527
2.63936
2.60125
2.65033
2.41416
2.45056
2.47333
2.38865
2.67911
2.70156
2.67123
2.69681
2.72887
2.71603
2.72727
2.71762
2.50673
2.52666
2.57401
2.55701
2.61527
2.65033
2.63936
2.60125
2.72727
2.73049
2.73529
2.73529
2.69681
2.72887
2.71762
2.70156
2.67911
2.67123
2.71603
0.0201132
0.0135841
4.43035e-33
4.90451e-33
4.90451e-33
0.0135841
4.43035e-33
0.0201132
0.0522616
0.0397148
0.0773795
0.095442
0.095442
0.0773795
0.0522616
0.0397148
0.211038
0.18339
0.125592
0.148685
0.125592
0.148685
0.18339
0.211038
0.359414
0.324028
0.281582
0.249839
0.443666
0.533484
0.492107
0.405071
0.281582
0.249839
0.324028
0.359414
0.628048
0.726553
0.680833
0.584298
0.443666
0.405071
0.492107
0.533484
0.828228
0.932317
0.883805
0.780923
0.628048
0.584298
0.680833
0.726553
1.0381
1.14487
1.09502
0.988741
0.828228
0.780923
0.883805
0.932317
1.14487
1.0381
0.988741
1.09502
1.20195
1.30888
1.35874
1.25197
1.25197
1.35874
1.20195
1.30888
1.5689
1.41518
1.46458
1.52025
1.5689
1.41518
1.52025
1.46458
1.62353
1.72447
1.77081
1.67115
1.82259
1.91741
1.96048
1.8674
2.0955
2.1345
2.00851
2.04964
1.72447
1.62353
1.77081
1.67115
2.17802
2.29
2.25575
2.21472
1.96048
1.91741
1.82259
1.8674
2.00851
2.1345
2.04964
2.0955
2.17802
2.29
2.25575
2.21472
2.36007
2.32841
2.39574
2.42471
2.4837
2.45754
2.53688
2.5136
2.62523
2.56378
2.58409
2.60793
2.39574
2.42471
2.32841
2.36007
2.68888
2.67777
2.66018
2.64596
2.45754
2.5136
2.4837
2.53688
2.70329
2.71126
2.72727
2.72248
2.7401
2.73689
2.73529
2.7417
2.60793
2.56378
2.58409
2.62523
2.64596
2.66018
2.68888
2.67777
2.73529
2.72727
2.73689
2.7417
2.70329
2.72248
2.71126
1.14976e-34
0.0068794
0.0068794
1.14976e-34
0.0588034
0.0268234
0.0268234
0.0588034
0.154907
0.101824
0.101824
0.154907
0.217109
0.287502
0.217109
0.287502
0.365192
0.449302
0.538986
0.633415
0.365192
0.449302
0.731793
0.83334
0.633415
0.538986
0.937311
1.04297
0.83334
0.731793
1.14963
1.25662
0.937311
1.04297
1.14963
1.25662
1.36328
1.46901
1.36328
1.46901
1.57323
1.67538
1.67538
1.57323
1.77495
1.87145
1.96444
2.05351
2.21843
2.13829
1.87145
1.77495
2.36365
2.29365
2.05351
1.96444
2.13829
2.21843
2.36365
2.29365
2.42823
2.48716
2.58745
2.54029
2.66347
2.62855
2.42823
2.48716
2.71449
2.69214
2.58745
2.54029
2.7401
2.73049
2.74331
2.7401
2.62855
2.66347
2.69214
2.73049
2.71449
1.20195
1.62353
1.52025
0.0135841
1.30888
1.41518
1.30888
1.41518
1.20195
0.18339
0.249839
1.09502
1.52025
0.405071
0.988741
0.883805
1.62353
0.780923
0.680833
1.72447
0.584298
0.492107
1.82259
0.324028
1.91741
2.00851
0.125592
0.0773795
2.0955
0.0397148
2.17802
2.25575
0.0135841
1.72447
1.82259
2.32841
2.39574
2.00851
2.45754
0.0397148
2.5136
2.56378
0.0773795
2.60793
2.64596
0.125592
2.67777
2.70329
0.18339
2.56378
2.72248
2.60793
2.73529
0.249839
2.7417
2.7417
0.324028
2.73529
2.72248
0.405071
2.70329
2.67777
0.492107
2.64596
0.584298
2.5136
0.680833
2.45754
2.39574
0.780923
2.32841
2.25575
0.883805
2.17802
2.0955
0.988741
1.91741
1.09502
4.43035e-33
4.43035e-33
4.90451e-33
0.0201132
0.0201132
4.90451e-33
0.095442
0.0522616
0.0522616
0.095442
0.148685
0.211038
0.148685
0.211038
0.359414
0.281582
0.281582
0.359414
0.533484
0.443666
0.726553
0.628048
0.443666
0.533484
0.828228
0.932317
0.726553
0.628048
1.14487
1.0381
0.828228
0.932317
1.25197
1.35874
1.0381
1.14487
1.25197
1.35874
1.5689
1.46458
1.5689
1.46458
1.67115
1.77081
1.77081
1.67115
1.96048
1.8674
2.1345
2.04964
2.21472
2.29
1.8674
1.96048
2.42471
2.36007
2.1345
2.04964
2.29
2.21472
2.36007
2.42471
2.4837
2.53688
2.62523
2.58409
2.66018
2.68888
2.53688
2.4837
2.72727
2.71126
2.62523
2.58409
2.7401
2.73689
2.73689
2.72727
2.68888
2.66018
2.71126
1.51149
1.40621
1.40621
1.2997
1.51149
1.19255
0.112991
1.08539
0.978878
1.61496
0.873703
1.7161
0.770575
0.670231
0.573435
1.8144
0.480974
1.90941
0.393661
0.312333
0.237851
2.00068
0.1711
2.08783
0.06446
0.0264672
2.17051
2.24839
0.0264672
2.32119
1.61496
2.38865
2.45056
1.8144
0.06446
2.50673
2.55701
2.08783
2.60125
0.112991
2.63936
0.1711
2.67123
2.69681
2.71603
2.45056
0.237851
2.72887
0.312333
2.60125
2.73529
2.73529
2.72887
0.393661
2.71603
0.480974
2.69681
2.67123
2.63936
0.573435
0.670231
2.55701
2.50673
0.770575
2.38865
0.873703
2.32119
2.24839
2.17051
0.978878
1.08539
2.00068
1.90941
1.19255
1.7161
1.2997
1.3029e-32
1.3029e-32
9.46582e-33
0.0326455
0.0326455
9.46582e-33
0.130027
0.0763135
0.0763135
0.130027
0.192841
0.263829
0.263829
0.192841
0.426768
0.342097
0.342097
0.426768
0.611957
0.516998
0.71085
0.812898
0.516998
0.611957
0.917354
1.02349
0.812898
0.71085
1.13061
1.23804
1.02349
0.917354
1.45129
1.34514
1.13061
1.23804
1.45129
1.34514
1.55591
1.65845
1.65845
1.55591
1.85527
1.7584
1.7584
1.85527
2.03802
1.94861
2.20357
2.12312
2.27906
2.34934
2.03802
1.94861
2.41416
2.47333
2.12312
2.20357
2.34934
2.27906
2.41416
2.47333
2.52666
2.57401
2.61527
2.65033
2.67911
2.70156
2.57401
2.52666
2.72727
2.71762
2.61527
2.65033
2.73049
2.72727
2.71762
2.67911
2.70156
1.49398
1.28135
1.59785
0.0386485
1.17376
1.06615
0.959179
1.69938
0.853525
0.288972
0.370869
1.79806
0.749904
0.649052
0.551734
1.89342
0.458736
1.98504
0.213903
2.07252
0.146548
2.1555
0.0878183
2.23368
2.30675
0.0386485
2.37447
1.49398
2.43663
0.0878183
2.49302
2.54349
2.58791
1.89342
1.98504
0.146548
2.62616
0.213903
2.65816
2.68384
2.70314
0.288972
2.37447
2.71603
0.370869
2.49302
2.54349
2.72248
2.72248
2.71603
0.458736
2.70314
0.551734
2.68384
2.65816
2.62616
0.649052
2.58791
0.749904
2.43663
0.853525
0.959179
2.30675
2.23368
2.1555
1.06615
2.07252
1.17376
1.79806
1.28135
1.69938
1.38829
1.59785
1.38829
2.11719e-32
2.11719e-32
1.37784e-32
0.0444755
0.0444755
1.37784e-32
0.0989777
0.162555
0.0989777
0.162555
0.234289
0.313278
0.313278
0.234289
0.489562
0.398653
0.398653
0.489562
0.585186
0.68472
0.787395
0.892455
0.585186
0.68472
0.999182
1.10687
0.892455
0.787395
1.32249
1.21486
0.999182
1.10687
1.5343
1.42917
1.21486
1.32249
1.5343
1.42917
1.73775
1.63733
1.73775
1.63733
1.83508
1.92886
1.92886
1.83508
2.10418
2.01869
2.26087
2.18501
2.33148
2.39661
2.01869
2.10418
2.45606
2.50965
2.18501
2.26087
2.39661
2.33148
2.45606
2.50965
2.5987
2.55724
2.63393
2.66286
2.68541
2.70156
2.55724
2.5987
2.71449
2.71126
2.66286
2.63393
2.71126
2.70156
2.68541
1.67435
1.03736
0.929692
1.77358
0.823321
0.718961
1.86948
0.61735
0.519249
1.96161
0.425445
0.336749
2.04958
0.253996
0.178048
2.13304
0.109788
0.050127
2.21165
2.28514
0.050127
1.14565
1.25389
2.35325
2.41576
1.46778
2.47248
0.109788
2.52324
2.56792
0.178048
2.6064
2.63859
0.253996
2.66442
2.68384
0.336749
2.21165
2.69681
2.28514
2.70329
0.425445
2.70329
2.69681
0.519249
2.52324
2.56792
2.68384
2.66442
0.61735
2.63859
2.6064
0.718961
0.823321
2.47248
2.41576
0.929692
2.35325
1.03736
2.13304
1.14565
2.04958
1.96161
1.25389
1.86948
1.77358
1.36147
1.67435
1.57225
1.46778
1.36147
1.57225
2.88586e-32
2.88586e-32
1.78419e-32
0.0556025
0.0556025
1.78419e-32
0.193026
0.120253
0.120253
0.193026
0.359383
0.273028
0.273028
0.359383
0.547795
0.451248
0.451248
0.547795
0.751777
0.648231
0.857688
0.965236
0.751777
0.648231
1.18249
1.07373
0.857688
0.965236
1.39828
1.29088
1.18249
1.07373
1.60784
1.50412
1.39828
1.29088
1.50412
1.60784
1.80688
1.70892
1.70892
1.80688
1.99169
1.90128
1.90128
1.99169
2.1591
2.07774
2.30653
2.23545
2.37209
2.43194
2.07774
2.1591
2.5338
2.48589
2.23545
2.30653
2.43194
2.37209
2.5338
2.48589
2.57554
2.61102
2.64014
2.66286
2.67911
2.68888
2.61102
2.57554
2.68888
2.69214
2.64014
2.67911
2.66286
0.890493
0.783168
1.83766
0.677826
1.93047
0.575203
0.47606
0.381182
2.01909
0.29138
2.10317
0.207489
0.130369
0.0609022
2.18237
2.25641
0.0609022
2.32503
0.999091
2.38801
2.44516
1.21739
0.130369
2.49631
2.54133
1.53821
2.58011
0.207489
2.61256
0.29138
2.63859
2.65816
2.67123
2.01909
0.381182
2.67777
0.47606
2.25641
2.67777
2.67123
2.65816
0.575203
2.44516
2.63859
0.677826
2.61256
2.58011
2.54133
0.783168
2.49631
0.890493
2.38801
2.32503
0.999091
1.10828
2.18237
2.10317
1.21739
1.93047
1.32582
1.83766
1.74105
1.64108
1.43294
1.53821
1.43294
1.32582
1.64108
1.10828
1.74105
3.60887e-32
3.60887e-32
2.16562e-32
0.0660259
0.0660259
2.16562e-32
0.221438
0.140139
0.140139
0.221438
0.402145
0.309057
0.402145
0.309057
0.499883
0.601471
0.499883
0.601471
0.70614
0.813137
0.921743
1.03126
0.70614
0.813137
1.25037
1.14102
1.03126
0.921743
1.46545
1.35871
1.25037
1.14102
1.67197
1.57005
1.46545
1.35871
1.57005
1.67197
1.86592
1.77075
1.86592
1.77075
2.04385
1.95708
2.04385
1.95708
2.20287
2.12588
2.27454
2.34066
2.45543
2.40102
2.12588
2.20287
2.50375
2.54585
2.34066
2.27454
2.40102
2.45543
2.54585
2.50375
2.61102
2.58164
2.65033
2.63393
2.66018
2.66347
2.58164
2.61102
2.65033
2.66018
2.63393
1.89169
0.626603
1.98112
0.522717
0.422272
0.326055
2.06596
0.234872
2.14589
0.149559
0.0709738
2.22061
2.28987
0.0709738
2.35344
0.841685
2.41112
0.149559
2.46276
2.50821
2.54736
1.28142
1.38957
0.234872
2.58011
0.326055
2.6064
2.62616
2.63936
0.422272
1.89169
2.64596
0.522717
2.06596
2.14589
2.64596
2.63936
2.62616
0.626603
2.35344
2.6064
0.73317
2.58011
2.54736
2.50821
0.841685
2.46276
0.951437
2.41112
2.28987
1.06174
2.22061
1.17195
1.98112
1.28142
1.38957
1.79803
1.70054
1.59965
1.49582
1.49582
1.59965
1.17195
1.70054
1.06174
1.79803
0.951437
0.73317
4.28617e-32
4.28617e-32
2.52211e-32
0.0757455
0.0757455
2.52211e-32
0.158634
0.247792
0.158634
0.247792
0.441565
0.342377
0.342377
0.441565
0.544564
0.650597
0.544564
0.650597
0.868814
0.758922
1.09055
0.97958
0.758922
0.868814
1.20108
1.31055
0.97958
1.09055
1.4184
1.52406
1.20108
1.31055
1.62701
1.72678
1.52406
1.4184
1.62701
1.72678
1.91497
1.8229
1.91497
1.8229
2.08545
2.0026
2.0026
2.08545
2.2356
2.16321
2.36336
2.30239
2.41833
2.46715
2.16321
2.2356
2.54585
2.5097
2.36336
2.30239
2.41833
2.46715
2.54585
2.5097
2.5987
2.57554
2.62523
2.61527
2.62855
2.62523
2.57554
2.61527
2.5987
2.02152
0.358021
0.260197
2.10231
0.16736
0.0803415
2.17784
2.24786
0.0803415
0.460024
0.565421
2.31212
2.37045
0.783394
2.42266
0.16736
2.46862
2.50821
0.260197
2.54133
2.56792
0.358021
2.58791
2.60125
0.460024
1.65215
2.60793
1.7507
2.60793
0.565421
2.60125
2.58791
0.673456
2.10231
2.17784
2.56792
2.54133
0.783394
2.50821
2.46862
0.894526
2.42266
2.37045
1.00617
2.31212
2.24786
1.11767
1.22841
2.02152
1.93576
1.33777
1.84537
1.4452
1.55016
1.55016
1.4452
1.33777
1.65215
1.22841
1.11767
1.7507
1.00617
0.894526
1.84537
0.673456
1.93576
4.91775e-32
4.91775e-32
2.85366e-32
0.0847615
0.0847615
2.85366e-32
0.272089
0.17574
0.17574
0.272089
0.372991
0.477648
0.477648
0.372991
0.695181
0.585295
0.585295
0.695181
0.806591
0.918825
1.03122
1.14313
0.806591
0.918825
1.36308
1.25395
1.14313
1.03122
1.46999
1.57415
1.25395
1.36308
1.67508
1.77231
1.46999
1.57415
1.77231
1.67508
1.95409
1.86545
1.86545
1.95409
2.0379
2.11656
2.11656
2.0379
2.25738
2.18981
2.3747
2.31907
2.46715
2.4241
2.25738
2.18981
2.50375
2.5338
2.3747
2.31907
2.4241
2.46715
2.5338
2.50375
2.55724
2.57401
2.58745
2.58409
2.58409
2.57401
2.55724
0.183772
0.0890058
2.12822
2.1991
0.0890058
2.26418
0.283467
2.32324
2.37611
0.494441
0.183772
2.42266
2.46276
0.828512
2.49631
0.283467
2.52324
0.387283
2.54349
2.55701
2.56378
1.38649
0.494441
2.56378
0.604182
1.69579
2.55701
2.54349
2.52324
0.715775
1.96995
2.49631
0.828512
2.46276
2.42266
2.37611
0.941713
2.32324
1.05472
2.26418
2.1991
2.12822
1.16692
2.05174
1.27769
1.88314
1.79163
1.38649
1.49277
1.59603
1.49277
1.59603
1.27769
1.69579
1.16692
1.05472
0.941713
1.79163
1.88314
0.715775
0.604182
1.96995
0.387283
2.05174
5.50363e-32
5.50363e-32
3.16028e-32
0.0930742
0.0930742
3.16028e-32
0.191458
0.294331
0.191458
0.294331
0.510402
0.400903
0.510402
0.400903
0.735238
0.622088
0.622088
0.735238
0.849163
0.963192
1.18904
1.07669
0.849163
0.963192
1.408
1.29966
1.07669
1.18904
1.51354
1.61579
1.29966
1.408
1.71431
1.80865
1.51354
1.61579
1.71431
1.80865
1.98336
1.89846
1.98336
1.89846
2.13727
2.06306
2.13727
2.06306
2.20574
2.26825
2.3747
2.32463
2.45543
2.41833
2.26825
2.20574
2.48589
2.50965
2.3747
2.32463
2.41833
2.45543
2.50965
2.48589
2.53688
2.52666
2.53688
2.54029
2.52666
2.14373
2.20972
0.0969671
0.0969671
2.26961
2.32324
0.198797
2.37045
2.41112
0.525532
0.639009
2.44516
0.304683
2.47248
0.413847
2.49302
2.50673
2.5136
1.2095
0.525532
2.5136
1.42762
1.53232
0.639009
2.50673
2.49302
2.47248
1.82339
0.753573
2.44516
0.868543
2.41112
2.37045
2.14373
2.32324
0.983267
2.26961
1.09712
2.20972
2.07186
1.2095
1.99433
1.31985
1.9114
1.73062
1.42762
1.63346
1.53232
1.31985
1.63346
1.73062
1.09712
0.983267
0.868543
1.82339
0.753573
1.9114
0.413847
1.99433
0.304683
2.07186
0.198797
6.04382e-32
6.04382e-32
3.442e-32
0.100684
3.442e-32
0.100684
0.314523
0.20579
0.20579
0.314523
0.539833
0.426119
0.539833
0.426119
0.654953
0.770781
0.654953
0.770781
1.00194
0.886658
1.22831
1.11602
0.886658
1.00194
1.44535
1.33826
1.22831
1.11602
1.64904
1.5491
1.33826
1.44535
1.83585
1.74475
1.5491
1.64904
1.83585
1.74475
1.92199
2.00285
1.92199
2.00285
2.14761
2.07814
2.14761
2.07814
2.21105
2.26825
2.36336
2.31907
2.40102
2.43194
2.21105
2.26825
2.47333
2.45606
2.31907
2.36336
2.40102
2.43194
2.47333
2.45606
2.48716
2.4837
2.4837
0.104227
2.20972
2.26418
2.31212
0.212437
2.35344
2.38801
0.323851
2.41576
2.43663
0.437718
2.45056
2.45754
0.903507
0.553307
1.01921
2.45754
2.45056
0.669916
2.43663
2.41576
1.4612
1.56389
0.786866
2.38801
2.35344
0.903507
2.31212
2.26418
1.01921
2.20972
2.1489
1.13339
2.0819
2.00893
1.24546
1.93022
1.84604
1.3549
1.75669
1.66252
1.4612
1.56389
1.3549
1.24546
1.66252
1.13339
1.75669
0.786866
1.84604
0.669916
0.553307
1.93022
0.437718
0.323851
2.00893
0.212437
0.104227
2.0819
2.1489
6.53838e-32
6.53838e-32
3.69884e-32
0.107594
0.107594
3.69884e-32
0.218739
0.332669
0.218739
0.332669
0.448647
0.565954
0.565954
0.448647
0.801829
0.683904
0.801829
0.683904
1.03509
0.919096
1.26097
1.14923
0.919096
1.03509
1.47518
1.36978
1.26097
1.14923
1.5767
1.67392
1.47518
1.36978
1.76646
1.85396
1.5767
1.67392
1.76646
1.85396
1.93609
2.01258
1.93609
2.01258
2.14761
2.08316
2.14761
2.08316
2.25738
2.20574
2.30239
2.34066
2.39661
2.37209
2.20574
2.25738
2.41416
2.42471
2.30239
2.34066
2.37209
2.39661
2.41416
2.42823
2.42471
2.24786
0.224695
2.28987
2.32503
2.35325
0.340977
2.37447
0.458904
2.38865
0.577776
2.39574
2.39574
0.577776
0.933425
2.38865
0.696915
2.37447
2.35325
1.27483
2.32503
0.815673
2.28987
0.933425
2.24786
2.1991
1.77405
2.14373
1.04958
2.0819
1.16356
2.01379
1.93962
1.85961
1.27483
1.3829
1.68325
1.58753
1.48728
1.48728
1.3829
1.58753
1.16356
1.04958
1.68325
1.77405
0.815673
0.696915
1.85961
0.458904
1.93962
0.340977
0.224695
0.110786
2.01379
2.0819
0.110786
2.14373
2.1991
6.9874e-32
6.9874e-32
3.93087e-32
0.113803
0.113803
3.93087e-32
0.348775
0.230309
0.230309
0.348775
0.588774
0.468494
0.468494
0.588774
0.708955
0.828399
0.708955
0.828399
0.946499
1.06267
1.28706
1.17637
0.946499
1.06267
1.49751
1.39426
1.28706
1.17637
1.69049
1.59639
1.39426
1.49751
1.863
1.77947
1.69049
1.59639
1.863
1.77947
1.94079
2.01258
1.94079
2.01258
2.07814
2.13727
2.07814
2.13727
2.18981
2.2356
2.27454
2.30653
2.34934
2.33148
2.18981
2.2356
2.36365
2.36007
2.30653
2.27454
2.34934
2.33148
2.36007
0.235577
2.22061
2.25641
2.28514
0.356066
2.30675
0.356066
0.477415
2.32119
0.59895
0.720022
2.32841
2.32841
0.59895
2.32119
1.07438
0.720022
2.30675
2.28514
2.25641
0.84001
1.50588
1.60327
2.22061
0.958318
2.17784
2.12822
2.07186
1.07438
2.00893
1.18766
1.93962
1.86413
1.78272
1.29764
1.69567
1.40387
1.40387
1.50588
1.29764
1.60327
1.18766
0.958318
1.69567
0.84001
1.78272
0.477415
1.86413
1.93962
0.235577
0.116647
2.00893
2.07186
0.116647
2.12822
2.17784
7.39097e-32
7.39097e-32
4.13814e-32
0.119315
0.119315
4.13814e-32
0.362848
0.240503
0.240503
0.362848
0.608305
0.485671
0.608305
0.485671
0.850507
0.730122
0.730122
0.850507
0.968887
1.0847
1.19744
1.3066
0.968887
1.0847
1.51238
1.41172
1.19744
1.3066
1.60819
1.69877
1.41172
1.51238
1.78381
1.863
1.69877
1.60819
1.863
1.78381
1.93609
2.00285
2.00285
1.93609
2.06306
2.11656
2.11656
2.06306
2.16321
2.20287
2.23545
2.26087
2.27906
2.29
2.16321
2.20287
2.29
2.29365
2.26087
2.23545
2.27906
2.21165
0.369125
2.23368
0.121811
2.24839
0.493259
2.25575
2.25575
0.616842
0.616842
0.739251
2.24839
2.23368
0.739251
2.21165
2.18237
0.859895
2.14589
2.10231
0.978205
2.05174
1.51703
1.99433
1.09365
1.93022
1.85961
1.20571
1.78272
1.6998
1.31392
1.61113
1.41783
1.41783
1.31392
1.51703
1.20571
1.09365
1.61113
0.978205
0.859895
1.6998
1.78272
0.493259
0.369125
1.85961
0.245085
1.93022
1.99433
0.121811
2.18237
2.05174
2.10231
2.14589
0.245085
7.74923e-32
7.74923e-32
4.32072e-32
0.124132
0.124132
4.32072e-32
0.249326
0.374895
0.249326
0.374895
0.62456
0.500185
0.500185
0.62456
0.868172
0.747417
0.747417
0.868172
1.10121
0.986278
1.31961
1.21247
0.986278
1.10121
1.42219
1.51981
1.31961
1.21247
1.61212
1.69877
1.51981
1.42219
1.77947
1.85396
1.69877
1.61212
1.77947
1.85396
1.98336
1.92199
1.98336
1.92199
2.0379
2.08545
2.08545
2.0379
2.1591
2.12588
2.20357
2.18501
2.21843
2.21472
2.1591
2.12588
2.21472
2.18501
2.20357
0.38016
2.17051
0.506446
2.17802
2.17802
2.17051
0.38016
0.631462
2.1555
0.754616
2.13304
2.10317
2.06596
0.993104
0.875343
2.02152
0.993104
1.96995
1.32368
1.9114
1.84604
1.52074
1.10739
1.77405
1.21773
1.69567
1.61113
1.32368
1.42481
1.42481
1.21773
1.10739
1.52074
1.61113
0.875343
0.754616
0.631462
1.69567
0.506446
1.77405
0.253224
0.12628
1.84604
1.9114
0.12628
2.1555
1.96995
2.02152
2.06596
0.253224
2.10317
2.13304
8.06231e-32
8.06231e-32
4.47869e-32
0.128255
0.128255
4.47869e-32
0.384921
0.256782
0.256782
0.384921
0.637549
0.512047
0.637549
0.512047
0.881407
0.760854
0.760854
0.881407
1.1122
0.998689
1.32611
1.22149
0.998689
1.1122
1.51981
1.42568
1.22149
1.32611
1.69049
1.60819
1.51981
1.42568
1.83585
1.76646
1.60819
1.69049
1.76646
1.83585
1.89846
1.95409
1.89846
1.95409
2.0026
2.04385
2.0026
2.04385
2.07774
2.10418
2.12312
2.1345
2.13829
2.1345
2.10418
2.07774
2.12312
0.516984
2.0955
2.0955
0.130057
2.08783
0.642822
2.07252
0.766128
2.04958
0.642822
0.766128
2.01909
1.98112
0.886367
1.93576
1.00303
1.88314
1.82339
1.32693
1.75669
1.11564
1.68325
1.22374
1.60327
1.51703
1.42481
1.32693
1.42481
1.22374
1.11564
1.00303
1.51703
0.886367
1.60327
0.516984
1.68325
0.389179
1.75669
0.259998
1.82339
1.88314
0.130057
2.08783
1.93576
1.98112
0.259998
2.01909
2.04958
2.07252
0.389179
8.33035e-32
8.33035e-32
4.61212e-32
0.131687
0.131687
4.61212e-32
0.262876
0.392934
0.262876
0.392934
0.647281
0.521263
0.647281
0.521263
0.890223
0.770444
0.770444
0.890223
1.00613
1.1177
1.32611
1.22449
1.1177
1.00613
1.42219
1.51238
1.22449
1.32611
1.67392
1.59639
1.51238
1.42219
1.80865
1.74475
1.67392
1.59639
1.74475
1.80865
1.86545
1.91497
1.86545
1.91497
1.99169
1.95708
1.99169
1.95708
2.01869
2.03802
2.04964
2.05351
2.04964
2.01869
2.03802
2.00068
0.650929
1.98503
1.96161
0.773798
1.93047
1.89169
0.892977
1.84537
0.650929
1.79163
1.00799
1.73062
1.00799
1.66252
1.11838
1.11838
1.58753
1.50588
1.22374
1.41783
1.32368
1.32368
1.22374
1.41783
0.892977
1.50588
0.773798
1.58753
0.52488
0.396187
1.66252
0.265412
0.133145
1.73062
1.79163
0.133145
2.00851
1.84537
2.00851
1.89169
1.93047
0.265412
1.96161
1.98503
0.396187
2.00068
0.52488
8.55348e-32
8.55348e-32
4.72109e-32
0.13443
0.13443
4.72109e-32
0.398938
0.267611
0.398938
0.267611
0.527841
0.653765
0.653765
0.527841
0.894629
0.776194
0.776194
0.894629
1.00861
1.1177
1.22149
1.31961
1.1177
1.00861
1.49751
1.41172
1.31961
1.22149
1.5767
1.64904
1.49751
1.41172
1.77231
1.71431
1.64904
1.5767
1.71431
1.77231
1.8229
1.86592
1.86592
1.8229
1.90128
1.92886
1.92886
1.90128
1.94861
1.96048
1.96444
1.96048
1.94861
0.655791
1.86948
0.77763
1.83766
1.79803
1.7507
0.401189
0.89518
1.69579
0.655791
1.00799
1.63346
1.56389
1.48728
1.11564
1.40387
1.21773
1.31392
1.21773
1.11564
1.31392
1.00799
1.40387
0.89518
0.77763
1.48728
0.530141
1.56389
0.269469
0.135543
1.63346
1.69579
0.135543
1.89342
1.7507
1.79803
1.83766
1.91741
0.269469
1.86948
1.89342
1.90941
0.401189
0.530141
1.91741
1.90941
8.73185e-32
8.73185e-32
4.80566e-32
0.136485
0.136485
4.80566e-32
0.402938
0.27099
0.27099
0.402938
0.657006
0.531785
0.531785
0.657006
0.894629
0.77811
0.77811
0.894629
1.1122
1.00613
1.3066
1.21247
1.1122
1.00613
1.47518
1.39426
1.3066
1.21247
1.61579
1.5491
1.47518
1.39426
1.67508
1.72677
1.5491
1.61579
1.67508
1.72677
1.80688
1.77075
1.80688
1.77075
1.83508
1.85527
1.85527
1.83508
1.8674
1.87145
1.8674
0.77763
1.74105
1.70054
1.65215
0.892977
1.59603
0.404188
1.00303
1.53232
0.657411
1.4612
1.3829
1.10739
1.29764
1.20571
1.20571
1.10739
1.00303
1.29764
0.892977
1.3829
0.77763
0.53277
1.4612
1.53232
0.272172
0.137256
1.59603
1.65215
0.137256
1.77358
1.70054
1.74105
1.8144
1.82259
0.272172
1.77358
1.79805
1.8144
0.404188
1.82259
0.53277
1.79805
0.657411
8.86557e-32
8.86557e-32
4.86588e-32
0.137855
0.137855
4.86588e-32
0.404938
0.273017
0.273017
0.404938
0.657006
0.5331
0.657006
0.5331
0.890223
0.776194
0.776194
0.890223
0.998689
1.10121
1.19744
1.28706
0.998689
1.10121
1.36978
1.44535
1.28706
1.19744
1.51354
1.57415
1.44535
1.36978
1.67197
1.62701
1.57415
1.51354
1.62701
1.67197
1.73775
1.70892
1.70892
1.73775
1.77081
1.7584
1.7584
1.77081
1.77495
1.55016
0.886367
1.49277
0.138283
1.42762
0.993104
1.3549
1.27483
1.09365
0.655791
0.773798
1.18766
1.09365
1.18766
0.993104
0.886367
1.27483
1.3549
0.53277
0.405188
1.42762
0.273523
1.49277
1.55016
0.138283
1.59965
1.59965
1.64108
1.64108
1.67435
0.273523
1.69938
1.7161
0.405188
1.72447
1.72447
0.53277
1.7161
1.69938
0.655791
1.67435
0.773798
8.95472e-32
8.95472e-32
4.90181e-32
0.138539
0.138539
4.90181e-32
0.273693
0.404938
0.273693
0.404938
0.653765
0.531785
0.531785
0.653765
0.881407
0.770444
0.770444
0.881407
0.986278
1.0847
1.26097
1.17637
1.0847
0.986278
1.408
1.33826
1.26097
1.17637
1.52406
1.46999
1.408
1.33826
1.60784
1.57005
1.52406
1.46999
1.57005
1.60784
1.65845
1.63733
1.65845
1.63733
1.67115
1.67115
1.67538
0.875343
1.31985
0.978205
1.24546
1.16356
1.07438
0.404188
1.07438
0.978205
1.16356
0.875343
0.766128
0.650929
1.24546
0.530141
1.31985
0.273523
0.138625
1.38649
1.4452
0.138625
1.38649
1.49582
1.53821
1.57225
1.53821
0.273523
1.59785
1.61496
1.62353
0.404188
1.62353
0.530141
1.61496
1.59785
1.57225
0.650929
0.766128
1.49582
1.4452
8.99938e-32
8.99938e-32
4.91346e-32
0.138539
0.138539
4.91346e-32
0.402938
0.273017
0.273017
0.402938
0.647281
0.527841
0.527841
0.647281
0.760854
0.868172
0.868172
0.760854
0.968887
1.06267
1.14923
1.22831
0.968887
1.06267
1.29966
1.36308
1.14923
1.22831
1.46545
1.4184
1.29966
1.36308
1.50412
1.5343
1.46545
1.4184
1.50412
1.5343
1.5689
1.55591
1.5689
1.55591
1.57323
0.958318
1.13339
1.04958
0.138283
0.958318
1.04958
0.859895
1.13339
0.754616
0.642822
0.52488
1.2095
0.401189
1.27769
0.272172
1.33777
1.38957
0.138283
1.2095
1.43294
1.46778
1.33777
1.38957
0.272172
1.49398
1.51149
1.52025
1.49398
0.401189
1.52025
0.52488
1.51149
1.46778
0.642822
1.43294
0.754616
1.27769
0.859895
8.99958e-32
8.99958e-32
4.90085e-32
0.137855
0.137855
4.90085e-32
0.398938
0.27099
0.27099
0.398938
0.521263
0.637549
0.637549
0.521263
0.747417
0.850507
0.747417
0.850507
0.946499
1.03509
1.18904
1.11602
1.03509
0.946499
1.25395
1.31055
1.18904
1.11602
1.35871
1.39828
1.25395
1.31055
1.42917
1.45129
1.35871
1.39828
1.42917
1.45129
1.46901
1.46458
1.46458
0.84001
1.01921
0.739251
0.631462
1.09712
0.516984
0.396187
1.16692
0.269469
0.137256
1.22841
1.28142
0.137256
0.933425
1.32581
1.01921
1.36147
1.38829
0.269469
1.40621
1.41518
1.28142
1.32581
0.396187
1.41518
1.40621
0.516984
1.38829
1.36147
0.631462
0.739251
1.22841
1.16692
0.84001
1.09712
0.933425
8.95531e-32
8.95531e-32
4.86396e-32
0.136485
0.136485
4.86396e-32
0.267611
0.392934
0.267611
0.392934
0.62456
0.512047
0.62456
0.512047
0.730122
0.828399
0.730122
0.828399
0.919096
1.00194
1.14313
1.07669
1.00194
0.919096
1.25037
1.20108
1.14313
1.07669
1.32249
1.29088
1.25037
1.20108
1.35874
1.34514
1.29088
1.32249
1.35874
1.34514
1.36328
0.983267
0.506446
1.05472
0.389179
0.265412
0.135543
1.11767
1.17195
0.135543
0.616842
1.21739
1.25389
1.28135
0.903507
0.265412
1.2997
1.30888
1.30888
1.11767
0.389179
1.2997
0.506446
1.28135
1.25389
1.21739
0.616842
1.17195
0.720022
1.05472
0.983267
0.815673
0.903507
0.815673
0.720022
8.86655e-32
8.86655e-32
4.80277e-32
0.13443
0.13443
4.80277e-32
0.384921
0.262876
0.262876
0.384921
0.500185
0.608305
0.608305
0.500185
0.708955
0.801829
0.801829
0.708955
0.963192
0.886658
1.03122
1.09055
0.963192
0.886658
1.18249
1.14102
1.09055
1.03122
1.21486
1.23804
1.18249
1.14102
1.25662
1.25197
1.23804
1.21486
1.25197
1.00617
0.259998
0.133145
1.06174
1.10828
0.133145
0.38016
1.14565
1.17376
0.59895
0.696915
0.259998
1.19255
1.20195
1.20195
0.941713
0.38016
1.19255
0.493259
1.17376
1.14565
1.10828
0.59895
1.06174
0.696915
1.00617
0.868543
0.786866
0.786866
0.868543
0.493259
0.941713
8.73323e-32
8.73323e-32
4.71724e-32
0.131687
0.131687
4.71724e-32
0.256782
0.374895
0.256782
0.374895
0.588773
0.485671
0.588773
0.485671
0.770781
0.683904
0.770781
0.683904
0.918825
0.849163
0.979579
1.03126
0.918825
0.849163
1.07373
1.10687
0.979579
1.03126
1.13061
1.14487
1.10687
1.07373
1.14963
1.14487
1.13061
0.999091
0.130057
1.03736
0.130057
1.06615
1.08539
0.253224
1.09502
1.09502
0.577775
0.669916
0.369125
1.08539
0.828512
1.06615
0.477415
1.03736
0.999091
0.577775
0.951436
0.894526
0.669916
0.753573
0.753573
0.828512
0.477415
0.369125
0.894526
0.253224
0.951436
8.55525e-32
8.55525e-32
4.60731e-32
0.128255
4.60731e-32
0.128255
0.362848
0.249326
0.249326
0.362848
0.468494
0.565953
0.468494
0.565953
0.735238
0.654953
0.654953
0.735238
0.806591
0.868813
0.921743
0.965236
0.868813
0.806591
0.999182
1.02349
0.965236
0.921743
1.04297
1.0381
1.02349
0.999182
1.0381
0.12628
0.929692
0.959179
0.978878
0.245085
0.988741
0.356066
0.988741
0.978878
0.356066
0.959179
0.458904
0.929692
0.890493
0.841685
0.553307
0.783394
0.639009
0.715775
0.639009
0.553307
0.715775
0.458904
0.783394
0.245085
0.12628
0.841685
0.890493
8.33251e-32
8.33251e-32
4.47291e-32
0.124132
0.124132
4.47291e-32
0.348775
0.240503
0.240503
0.348775
0.539833
0.448647
0.448647
0.539833
0.695181
0.622088
0.695181
0.622088
0.813137
0.758922
0.892455
0.857688
0.758922
0.813137
0.917354
0.932317
0.892455
0.857688
0.93731
0.917354
0.932317
0.873703
0.235577
0.883805
0.12181
0.883805
0.873703
0.340977
0.853525
0.437718
0.525532
0.604182
0.823321
0.783168
0.73317
0.525532
0.673456
0.604182
0.437718
0.673456
0.340977
0.73317
0.235577
0.783168
0.823321
0.12181
0.853525
8.06487e-32
8.06487e-32
4.31397e-32
0.119315
0.119315
4.31397e-32
0.332669
0.230309
0.230309
0.332669
0.426119
0.510402
0.426119
0.510402
0.585295
0.650597
0.650597
0.585295
0.751777
0.70614
0.787394
0.812898
0.70614
0.751777
0.828228
0.83334
0.812898
0.787394
0.828228
0.224695
0.780923
0.770575
0.323851
0.749903
0.718961
0.413847
0.677826
0.626603
0.494441
0.565421
0.494441
0.565421
0.413847
0.323851
0.626603
0.224695
0.116646
0.677826
0.718961
0.116646
0.749903
0.770575
0.780923
7.75219e-32
7.75219e-32
4.13041e-32
0.113803
0.113803
4.13041e-32
0.314523
0.218739
0.218739
0.314523
0.400903
0.477648
0.400903
0.477648
0.544564
0.601471
0.544564
0.601471
0.648231
0.68472
0.726553
0.71085
0.68472
0.648231
0.726553
0.731793
0.71085
0.670231
0.649052
0.304683
0.61735
0.387283
0.575203
0.304683
0.522717
0.460024
0.460024
0.387283
0.522717
0.212437
0.110786
0.575203
0.61735
0.110786
0.649052
0.680833
0.670231
0.680833
0.212437
7.39433e-32
7.39433e-32
0.107594
3.92216e-32
0.107594
3.92216e-32
0.294331
0.20579
0.20579
0.294331
0.441565
0.372991
0.441565
0.372991
0.499883
0.547795
0.499883
0.547795
0.611957
0.585186
0.633415
0.628048
0.585186
0.628048
0.611957
0.283466
0.519249
0.358021
0.47606
0.422272
0.358021
0.422272
0.283466
0.47606
0.198797
0.104227
0.519249
0.551734
0.104227
0.573435
0.573435
0.584298
0.198797
0.584298
0.551734
6.99116e-32
6.99116e-32
3.68915e-32
0.100684
0.100684
3.68915e-32
0.272089
0.191458
0.191458
0.272089
0.402145
0.342377
0.342377
0.402145
0.451248
0.489562
0.489562
0.451248
0.516998
0.533484
0.538985
0.533484
0.516998
0.326055
0.326055
0.260197
0.381182
0.183772
0.0969671
0.425445
0.458736
0.0969671
0.381182
0.425445
0.480974
0.492107
0.492107
0.183772
0.480974
0.458736
0.260197
6.54254e-32
6.54254e-32
3.43133e-32
0.0930741
0.0930741
3.43133e-32
0.247792
0.17574
0.247792
0.17574
0.359383
0.309057
0.359383
0.309057
0.426768
0.398653
0.398653
0.426768
0.443666
0.449302
0.443666
0.16736
0.0890057
0.336749
0.370869
0.0890057
0.393661
0.234872
0.405071
0.405071
0.336749
0.16736
0.393661
0.370869
0.234872
0.29138
0.29138
6.04838e-32
6.04838e-32
3.14863e-32
0.0847615
0.0847615
3.14863e-32
0.158634
0.221438
0.158634
0.221438
0.313278
0.273028
0.313278
0.273028
0.359414
0.342097
0.342097
0.365192
0.359414
0.288971
0.312333
0.0803415
0.0803415
0.324028
0.324028
0.149559
0.312333
0.288971
0.253996
0.207489
0.207489
0.253996
0.149559
5.5086e-32
5.5086e-32
2.84102e-32
0.0757455
2.84102e-32
0.0757455
0.140139
0.193026
0.140139
0.193026
0.263829
0.234289
0.263829
0.234289
0.287502
0.281582
0.281582
0.0709738
0.249839
0.249839
0.237851
0.130369
0.213903
0.178048
0.178048
0.130369
0.0709738
0.213903
0.237851
4.92313e-32
4.92313e-32
2.50848e-32
0.0660259
0.0660259
2.50848e-32
0.162555
0.120253
0.120253
0.162555
0.192841
0.211038
0.192841
0.211038
0.217109
0.1711
0.109788
0.146548
0.109788
0.0609022
0.146548
0.1711
0.0609022
0.18339
0.18339
4.29195e-32
4.29195e-32
2.151e-32
0.0556025
0.0556025
2.151e-32
0.130027
0.0989777
0.0989777
0.130027
0.148685
0.148685
0.154907
0.0878183
0.0878183
0.050127
0.112991
0.125592
0.050127
0.125592
0.112991
3.61505e-32
3.61505e-32
1.76859e-32
0.0444755
1.76859e-32
0.0444755
0.0763135
0.0954419
0.0763135
0.0954419
0.101824
0.0773795
0.0386484
0.0773795
0.06446
0.0386484
0.06446
2.89245e-32
2.89245e-32
0.0326455
1.36125e-32
0.0326455
1.36125e-32
0.0522616
0.0522616
0.0588034
0.0264672
0.0397148
0.0264672
0.0397148
2.12418e-32
2.12418e-32
9.29008e-33
0.0201132
0.0201132
9.29008e-33
0.0268234
0.013584
0.013584
1.31029e-32
1.31029e-32
4.71892e-33
4.71892e-33
0.00687941
1.94916e-35
4.5083e-33
4.5083e-33
