1.96144e-35
4.53671e-33
4.53671e-33
4.74872e-33
1.31854e-32
0.00692275
0.0136696
4.74872e-33
1.31854e-32
0.0136696
9.34864e-33
0.0266338
2.13755e-32
0.0202399
0.0269922
0.0399649
0.0399649
0.0202399
0.0266338
2.13755e-32
9.34864e-33
1.36982e-32
0.0388915
2.91063e-32
0.0328509
0.0648655
0.0778662
0.0525902
0.0591734
1.36982e-32
0.0388915
0.0525902
0.0778662
0.0648655
0.0328509
2.91063e-32
1.77971e-32
0.044755
0.0504419
3.63774e-32
0.076793
0.0883701
0.113701
0.096042
0.126381
0.102464
0.126381
0.096042
0.044755
3.63774e-32
0.0504419
1.77971e-32
0.0883701
0.076793
0.113701
2.16451e-32
4.31885e-32
0.0559515
0.0612843
0.099599
0.110477
0.147468
0.130843
0.0612843
4.31885e-32
0.0559515
2.16451e-32
0.184541
0.15588
0.172174
0.149618
0.149618
0.147468
0.172174
0.099599
0.184541
0.130843
0.110477
2.52421e-32
0.0714184
4.95395e-32
0.0664398
0.121007
0.131186
0.179164
0.163575
0.212362
0.19405
0.215243
0.239342
4.95395e-32
0.0714184
0.0664398
2.52421e-32
0.121007
0.179164
0.131186
0.163575
0.218471
0.251405
0.212362
0.251405
0.215243
0.239342
0.19405
2.8588e-32
0.0808441
5.54302e-32
0.0762197
0.141016
0.150495
0.208788
0.194235
0.29078
0.265482
0.235756
0.255586
0.283345
0.314289
0.326057
0.289304
2.8588e-32
0.0808441
5.54302e-32
0.0762197
0.141016
0.150495
0.208788
0.194235
0.314289
0.29078
0.255586
0.326057
0.235756
0.283345
0.265482
3.1683e-32
0.0895616
6.08612e-32
0.0852912
0.159626
0.168405
0.23634
0.222823
0.293201
0.338853
0.315237
0.274735
0.344237
0.373188
0.396122
0.361663
0.0852912
3.1683e-32
0.0895616
6.08612e-32
0.367477
0.407603
0.407603
0.361663
0.168405
0.23634
0.159626
0.222823
0.315237
0.373188
0.396122
0.293201
0.274735
0.344237
0.338853
3.45273e-32
0.0975716
6.58329e-32
0.0936549
0.249339
0.176837
0.184918
0.26182
0.328089
0.38356
0.361627
0.310986
0.401143
0.4281
0.461598
0.429434
0.446437
0.483976
0.495178
0.452108
6.58329e-32
0.0936549
3.45273e-32
0.0975716
0.26182
0.184918
0.249339
0.176837
0.495178
0.483976
0.446437
0.429434
0.361627
0.310986
0.328089
0.38356
0.4281
0.461598
0.401143
3.71213e-32
0.104875
7.03463e-32
0.101312
0.192651
0.285231
0.273784
0.200034
0.101312
0.104875
7.03463e-32
3.71213e-32
0.360251
0.424902
0.404652
0.344511
0.454061
0.522483
0.492614
0.479025
0.536811
0.555171
0.577007
0.520221
0.587938
0.542346
0.536811
0.587938
0.200034
0.285231
0.273784
0.192651
0.424902
0.360251
0.404652
0.344511
0.577007
0.555171
0.479025
0.520221
0.522483
0.454061
0.492614
3.94655e-32
0.111474
7.44023e-32
0.108263
0.20707
0.213757
0.306577
0.296162
0.108263
0.111474
7.44023e-32
3.94655e-32
0.389691
0.462883
0.444312
0.375311
0.213757
0.296162
0.306577
0.20707
0.502994
0.525966
0.551204
0.578779
0.615765
0.621188
0.653087
0.588827
0.685066
0.637357
0.674398
0.631956
0.631956
0.685066
0.674398
0.615765
0.375311
0.462883
0.389691
0.444312
0.653087
0.551204
0.578779
0.525966
0.502994
0.588827
0.621188
4.15605e-32
0.11451
0.11737
7.80023e-32
0.220097
0.226089
0.32586
0.316476
0.416414
0.497508
0.480615
0.403392
0.11451
0.11737
7.80023e-32
4.15605e-32
0.32586
0.226089
0.316476
0.220097
0.547945
0.568929
0.63049
0.605207
0.416414
0.480615
0.403392
0.497508
0.652256
0.682031
0.723421
0.688972
0.715264
0.731065
0.754555
0.775355
0.785767
0.731065
0.736337
0.785767
0.715264
0.754555
0.775355
0.688972
0.568929
0.682031
0.605207
0.547945
0.723421
0.652256
0.63049
4.3407e-32
8.11476e-32
0.120055
0.122565
0.231736
0.237035
0.343088
0.334731
0.440428
0.528786
0.513565
0.42876
0.120055
0.122565
8.11476e-32
4.3407e-32
0.588922
0.607923
0.677625
0.654628
0.343088
0.237035
0.334731
0.231736
0.513565
0.528786
0.440428
0.42876
0.737708
0.710515
0.788015
0.756435
0.607923
0.588922
0.654628
0.677625
0.817934
0.792273
0.858806
0.828416
0.833358
0.879109
0.838503
0.889273
0.889273
0.817934
0.833358
0.879109
0.792273
0.756435
0.710515
0.828416
0.737708
0.788015
0.858806
4.50058e-32
0.127061
8.38398e-32
0.1249
0.241991
0.2466
0.358267
0.350933
0.46174
0.556726
0.451422
0.543172
0.625935
0.642957
0.720196
0.69948
0.1249
0.127061
8.38398e-32
4.50058e-32
0.2466
0.358267
0.350933
0.241991
0.846882
0.788232
0.763614
0.818163
0.556726
0.46174
0.543172
0.451422
0.69948
0.625935
0.642957
0.720196
0.93543
0.89797
0.862989
0.89599
0.763614
0.846882
0.788232
0.818163
0.938078
0.923023
0.984918
0.965098
0.994841
0.943102
0.938078
0.994841
0.89797
0.93543
0.89599
0.923023
0.984918
0.965098
0.862989
4.63577e-32
0.13086
8.60803e-32
0.129047
0.250866
0.254787
0.371403
0.365089
0.48036
0.471387
0.581339
0.569447
0.658995
0.674046
0.758218
0.739774
4.63577e-32
8.60803e-32
0.129047
0.13086
0.874171
0.811566
0.833617
0.900036
0.250866
0.254787
0.371403
0.365089
0.581339
0.48036
0.569447
0.471387
0.957295
1.00524
0.971185
0.927426
0.739774
0.758218
0.658995
0.674046
0.811566
0.833617
0.874171
0.900036
1.04375
1.07271
1.00534
1.0298
1.00524
0.957295
0.927426
0.971185
1.0494
1.0445
1.10175
1.09206
1.04375
1.10175
1.07271
1.09206
1.0298
1.0445
1.00534
4.74635e-32
0.133965
8.78705e-32
0.132499
0.258366
0.261601
0.382503
0.377207
0.488664
0.496298
0.602638
0.592402
0.688116
0.701204
0.791707
0.775527
0.132499
0.133965
8.78705e-32
4.74635e-32
0.924478
0.854389
0.873883
0.947499
0.258366
0.377207
0.382503
0.261601
1.06826
1.0376
1.01235
0.985603
0.496298
0.602638
0.592402
0.488664
0.775527
0.791707
0.701204
0.688116
1.11508
1.15268
1.11367
1.08033
0.947499
0.854389
0.873883
0.924478
1.06826
1.01235
0.985603
1.0376
1.1519
1.13755
1.18096
1.19986
1.11367
1.08033
1.15268
1.11508
1.20932
1.15669
1.1519
1.13755
1.19986
1.18096
1.20932
4.83239e-32
0.136378
8.92115e-32
0.135258
0.264495
0.267046
0.391574
0.387292
0.135258
0.136378
8.92115e-32
4.83239e-32
0.503264
0.509561
0.620634
0.612048
0.713314
0.724446
0.820681
0.806757
0.989295
0.969104
0.892103
0.90905
0.387292
0.264495
0.391574
0.267046
1.06118
1.09723
1.12452
1.03754
0.503264
0.620634
0.612048
0.509561
1.18973
1.17912
1.22484
1.14801
0.820681
0.724446
0.806757
0.713314
0.989295
0.90905
0.892103
0.969104
1.24562
1.26156
1.28918
1.2223
1.12452
1.06118
1.03754
1.09723
1.22484
1.18973
1.14801
1.17912
1.25963
1.26431
1.31688
1.30764
1.24562
1.2223
1.26156
1.28918
1.31688
1.25963
1.30764
4.89393e-32
0.138101
9.01042e-32
0.137326
0.269258
0.271127
0.398623
0.395351
0.515194
0.52016
0.635339
0.628397
0.137326
0.138101
9.01042e-32
4.89393e-32
0.395351
0.398623
0.269258
0.271127
0.734603
0.743786
0.845158
0.83348
0.939141
1.02545
1.00808
0.924729
1.10382
1.15012
1.17404
1.08328
0.515194
0.628397
0.635339
0.52016
1.2359
1.28924
1.25801
1.20842
0.734603
0.83348
0.743786
0.845158
1.33389
1.36976
1.29876
1.33056
1.00808
1.02545
0.939141
0.924729
1.10382
1.15012
1.08328
1.17404
1.36703
1.39674
1.41477
1.35334
1.25801
1.2359
1.28924
1.20842
1.29876
1.36976
1.33056
1.33389
1.37159
1.35334
1.42379
1.42379
1.36703
1.39674
1.41477
4.93103e-32
0.139133
9.05495e-32
0.138703
0.272657
0.273845
0.403653
0.40139
0.524464
0.528102
0.646764
0.641461
0.751999
0.855716
0.759239
0.865157
0.138703
0.139133
9.05495e-32
4.93103e-32
0.273845
0.40139
0.403653
0.272657
0.641461
0.646764
0.528102
0.524464
0.964176
1.05598
1.04142
0.95229
1.19629
1.21687
1.12283
1.1403
1.34591
1.31853
1.28547
1.26159
0.855716
0.751999
0.865157
0.759239
1.36698
1.39801
1.44164
1.40678
0.95229
0.964176
1.04142
1.05598
1.43785
1.50304
1.4601
1.47668
1.21687
1.1403
1.19629
1.12283
1.34591
1.28547
1.31853
1.26159
1.52946
1.47347
1.52064
1.47793
1.36698
1.39801
1.40678
1.44164
1.4601
1.43785
1.52946
1.52064
1.47668
1.47347
1.50304
4.94372e-32
0.139478
9.05475e-32
0.139391
0.274695
0.275204
0.40667
0.405413
0.531079
0.533393
0.654918
0.651249
0.139391
0.139478
9.05475e-32
4.94372e-32
0.765513
0.880693
0.873482
0.770818
0.984177
1.08093
1.06915
0.974806
0.405413
0.40667
0.275204
0.274695
0.651249
0.654918
0.533393
0.531079
0.765513
0.770818
0.873482
0.880693
1.23578
1.15624
1.25303
1.17064
1.3949
1.37136
1.32786
1.30756
1.427
1.45396
1.50487
1.47433
1.06915
0.974806
0.984177
1.08093
1.5475
1.54358
1.58174
1.51323
1.15624
1.23578
1.25303
1.17064
1.57838
1.6075
1.6247
1.56532
1.37136
1.3949
1.32786
1.30756
1.50487
1.45396
1.47433
1.427
1.63332
1.58274
1.57838
1.63332
1.5475
1.51323
1.6247
1.58174
1.54358
1.56532
1.6075
4.932e-32
0.139133
9.00983e-32
0.139391
0.275375
0.275204
0.407676
0.407424
0.535047
0.536038
0.659808
0.65777
0.775157
0.778531
0.89178
0.886792
0.139391
0.139133
9.00983e-32
4.932e-32
0.275204
0.407424
0.407676
0.275375
0.999161
1.1003
1.09131
0.992296
1.19488
1.28257
1.26863
1.18352
0.536038
0.535047
0.65777
0.659808
0.886792
0.775157
0.89178
0.778531
0.999161
0.992296
1.1003
1.09131
1.41653
1.43626
1.36311
1.34638
1.47888
1.50178
1.55951
1.53326
1.60928
1.57952
1.65095
1.61753
1.18352
1.26863
1.19488
1.28257
1.70959
1.68441
1.66843
1.64719
1.34638
1.36311
1.43626
1.41653
1.6812
1.7264
1.73482
1.68546
1.55951
1.53326
1.47888
1.50178
1.57952
1.60928
1.61753
1.65095
1.6812
1.66843
1.73482
1.7264
1.64719
1.68441
1.70959
4.89586e-32
0.138101
8.92016e-32
0.138703
0.274695
0.273846
0.40667
0.407424
0.661029
0.536369
0.536038
0.661437
0.138703
0.138101
8.92016e-32
4.89586e-32
0.780941
0.782385
0.898428
0.895658
1.00914
1.11413
1.10791
1.00478
0.273846
0.407424
0.40667
0.274695
0.661029
0.661437
0.536369
0.536038
1.21303
1.30551
1.29486
1.20471
1.39126
1.45408
1.37807
1.47002
0.895658
0.898428
0.782385
0.780941
1.10791
1.00478
1.00914
1.11413
1.30551
1.21303
1.20471
1.29486
1.52267
1.58363
1.60562
1.54155
1.6368
1.66207
1.71073
1.68201
1.74817
1.78419
1.71917
1.75147
1.37807
1.45408
1.47002
1.39126
1.76893
1.78141
1.8088
1.82524
1.52267
1.60562
1.58363
1.54155
1.83347
1.83347
1.78557
1.78141
1.66207
1.71073
1.6368
1.68201
1.82524
1.8088
1.75147
1.71917
1.78419
1.76893
1.74817
4.83529e-32
0.136378
8.78566e-32
0.137326
0.272657
0.271127
0.403653
0.405413
0.659808
0.661029
0.535047
0.533393
0.782868
0.782385
0.900644
0.900089
0.137326
0.136378
8.78566e-32
4.83529e-32
0.271127
0.405413
0.403653
0.272657
1.01413
1.12242
1.11897
1.01226
1.22512
1.32187
1.31451
1.21983
0.661029
0.659808
0.533393
0.535047
0.900089
0.782868
0.900644
0.782385
1.41234
1.49624
1.40269
1.48407
1.55842
1.6255
1.64326
1.57329
1.01413
1.01226
1.12242
1.11897
1.21983
1.31451
1.32187
1.22512
1.40269
1.48407
1.49624
1.41234
1.68512
1.73711
1.70594
1.76116
1.78133
1.8486
1.80876
1.81767
1.8806
1.84602
1.90467
1.86632
1.55842
1.6255
1.57329
1.64326
1.9288
1.87852
1.88259
1.92075
1.68512
1.70594
1.76116
1.73711
1.87852
1.9288
1.92075
1.86632
1.81767
1.80876
1.78133
1.8486
1.8806
1.84602
1.90467
4.75022e-32
0.133966
8.60625e-32
0.135258
0.269258
0.267046
0.398623
0.40139
0.528102
0.654918
0.65777
0.531079
0.135258
0.133966
8.60625e-32
4.75022e-32
0.780941
0.778531
0.898428
0.90009
1.01413
1.12518
1.01475
1.12449
0.267046
0.40139
0.398623
0.269258
0.65777
0.654918
0.531079
0.528102
1.23116
1.33168
1.32759
1.2289
1.50653
1.42638
1.51494
1.42024
0.778531
0.780941
0.898428
0.90009
1.01475
1.12449
1.12518
1.01413
1.58617
1.59706
1.65892
1.67248
1.72456
1.74096
1.80231
1.78289
1.23116
1.33168
1.2289
1.32759
1.51494
1.42638
1.42024
1.50653
1.67248
1.58617
1.65892
1.59706
1.83376
1.87702
1.85634
1.90292
1.97322
1.94191
1.9403
1.91256
1.97209
1.99677
2.0125
1.96016
1.72456
1.80231
1.74096
1.78289
1.97209
2.02038
1.97608
2.02038
1.90292
1.87702
1.83376
1.85634
1.96016
1.97322
1.94191
1.99677
2.0125
1.91256
1.9403
4.64061e-32
0.13086
8.3818e-32
0.132499
0.264495
0.395351
0.261601
0.391574
0.52016
0.646764
0.651249
0.524464
0.132499
0.13086
8.3818e-32
4.64061e-32
0.775157
0.770818
0.89178
0.895658
0.261601
0.395351
0.391574
0.264495
1.00914
1.01226
1.12242
1.12449
1.23116
1.33495
1.33413
1.23192
0.524464
0.651249
0.646764
0.52016
0.770818
0.895658
0.775157
0.89178
1.52148
1.4334
1.52615
1.43077
1.61288
1.60596
1.69331
1.68394
1.01226
1.12242
1.12449
1.00914
1.33413
1.33495
1.23116
1.23192
1.75516
1.83423
1.81942
1.76717
1.94722
1.87652
1.89431
1.92631
1.52615
1.4334
1.43077
1.52148
1.60596
1.68394
1.69331
1.61288
1.75516
1.76717
1.81942
1.83423
2.00345
1.96866
1.99282
2.031
2.06165
2.0847
2.05003
2.03059
2.10781
2.06561
2.1001
2.06171
1.92631
1.89431
1.87652
1.94722
2.10781
2.06171
2.1001
2.05003
2.0847
2.00345
2.06165
1.96866
2.03059
1.99282
2.031
4.5064e-32
0.127061
8.11218e-32
0.129047
0.129047
0.127061
8.11218e-32
4.5064e-32
0.258366
0.382503
0.387292
0.254787
0.509561
0.635339
0.641461
0.515194
0.765513
0.759239
0.880693
0.886792
0.387292
0.382503
0.258366
0.254787
1.00478
0.999161
1.11413
1.11897
0.641461
0.635339
0.509561
0.515194
1.22512
1.33168
1.33413
1.2289
1.4334
1.52988
1.52895
1.43427
0.759239
0.886792
0.765513
0.880693
0.999161
1.11413
1.00478
1.11897
1.61783
1.62079
1.7058
1.70059
1.77699
1.78462
1.84676
1.857
1.33168
1.22512
1.2289
1.33413
1.4334
1.43427
1.52895
1.52988
1.9097
1.92272
1.98158
1.96564
2.0144
2.0781
2.03342
2.05587
1.61783
1.70059
1.62079
1.7058
1.77699
1.857
1.78462
1.84676
1.9097
1.98158
1.96564
1.92272
2.14552
2.11653
2.08994
2.1155
2.18319
2.1681
2.13556
2.14699
2.14699
2.15081
2.19074
2.19074
2.0144
2.05587
2.0781
2.03342
2.18319
2.11653
2.13556
2.1681
2.1155
2.14552
2.08994
4.34749e-32
0.122565
7.79725e-32
0.1249
0.250866
0.2466
0.371403
0.377207
0.1249
0.122565
7.79725e-32
4.34749e-32
0.377207
0.371403
0.250866
0.2466
0.496298
0.620634
0.628397
0.503264
0.751999
0.743786
0.865157
0.873482
0.992296
0.984177
1.1003
1.10791
0.503264
0.496298
0.628397
0.620634
1.21303
1.32187
1.32759
1.21983
0.873482
0.865157
0.751999
0.743786
1.42638
1.52615
1.52895
1.43077
1.62178
1.70996
1.70892
1.62079
0.992296
1.1003
0.984177
1.10791
1.32187
1.32759
1.21303
1.21983
1.79333
1.87064
1.79007
1.86496
1.93336
1.94163
2.00608
1.99506
1.52615
1.43077
1.52895
1.42638
1.62079
1.70892
1.62178
1.70996
2.04988
2.0638
2.11463
2.09768
2.17171
2.19509
2.13832
2.15843
1.86496
1.79007
1.79333
1.87064
1.94163
1.93336
2.00608
1.99506
2.04988
2.11463
2.09768
2.0638
2.24666
2.22452
2.19775
2.2164
2.23135
2.22761
2.26144
2.26884
2.22761
2.26884
2.2164
2.26144
2.13832
2.19775
2.19509
2.15843
2.22452
2.24666
2.17171
4.16382e-32
0.120055
0.11737
7.43685e-32
0.241991
0.237035
0.358267
0.365089
0.48036
0.602638
0.612048
0.488664
0.120055
0.11737
7.43685e-32
4.16382e-32
0.237035
0.365089
0.358267
0.241991
0.612048
0.602638
0.48036
0.488664
0.734603
0.724446
0.845158
0.855716
0.974806
0.964176
1.08093
1.09131
1.20471
1.19488
1.30551
1.31451
0.724446
0.855716
0.734603
0.845158
1.41234
1.51494
1.52148
1.42024
0.974806
1.08093
1.09131
0.964176
1.70892
1.61783
1.61288
1.7058
1.87518
1.79442
1.79333
1.87405
1.19488
1.20471
1.31451
1.30551
1.42024
1.52148
1.51494
1.41234
1.94753
2.02075
2.01464
1.95107
2.07517
2.14065
2.08401
2.12895
1.70892
1.61783
1.61288
1.7058
1.87518
1.79333
1.87405
1.79442
2.23352
2.21569
2.19053
2.17583
2.26949
2.24843
2.27397
2.29837
1.94753
2.02075
2.01464
1.95107
2.07517
2.14065
2.08401
2.12895
2.21569
2.17583
2.23352
2.19053
2.29226
2.33458
2.30325
2.32008
2.34184
2.34184
2.30691
2.30325
2.29226
2.29837
2.32008
2.33458
2.26949
2.27397
2.24843
3.95531e-32
7.03084e-32
0.11451
0.111474
0.231736
0.226089
0.343088
0.350933
0.46174
0.581339
0.592402
0.471387
0.11451
0.111474
7.03084e-32
3.95531e-32
0.713314
0.701204
0.820681
0.83348
0.226089
0.350933
0.343088
0.231736
0.471387
0.46174
0.592402
0.581339
0.701204
0.83348
0.820681
0.713314
0.95229
0.939141
1.05598
1.06915
1.17064
1.28257
1.29486
1.18352
1.39126
1.49624
1.50653
1.40269
0.95229
1.06915
1.05598
0.939141
1.60596
1.69331
1.70059
1.59706
1.28257
1.29486
1.17064
1.18352
1.78462
1.87064
1.79007
1.87405
2.02564
1.95225
1.95107
2.02442
1.49624
1.39126
1.40269
1.50653
1.70059
1.60596
1.69331
1.59706
2.14975
2.09032
2.0941
2.15625
2.21189
2.24858
2.20255
2.26089
1.78462
1.87064
1.79007
1.87405
2.02564
1.95107
1.95225
2.02442
2.33843
2.31985
2.3031
2.28771
2.36679
2.34492
2.36287
2.38812
2.09032
2.15625
2.14975
2.0941
2.26089
2.24858
2.20255
2.21189
2.28771
2.31985
2.3031
2.33843
2.37725
2.37365
2.40236
2.40949
2.40949
2.37365
2.36287
2.38812
2.40236
2.36679
2.34492
3.72188e-32
0.104875
6.5791e-32
0.108263
0.108263
0.104875
6.5791e-32
3.72188e-32
0.220097
0.213757
0.32586
0.334731
0.440428
0.556726
0.569448
0.451422
0.688116
0.674046
0.791707
0.806757
0.334731
0.32586
0.220097
0.213757
0.924729
0.90905
1.02545
1.04142
0.569448
0.440428
0.556726
0.451422
0.791707
0.674046
0.806757
0.688116
0.924729
1.04142
1.02545
0.90905
1.15624
1.1403
1.25304
1.26863
1.36311
1.47002
1.48407
1.37807
1.58617
1.68394
1.57329
1.67248
1.25304
1.26863
1.1403
1.15624
1.76717
1.86496
1.77699
1.857
1.36311
1.37807
1.48407
1.47002
2.02075
2.02442
1.94753
1.94163
2.16014
2.09536
2.16144
2.0941
1.68394
1.58617
1.57329
1.67248
1.86496
1.77699
1.76717
1.857
2.22256
2.27728
2.27046
2.21856
2.32546
2.35414
2.36697
2.31569
1.94163
1.94753
2.02442
2.02075
2.16144
2.0941
2.09536
2.16014
2.42958
2.4017
2.41035
2.38572
2.42798
2.43858
2.46455
2.45055
2.21856
2.22256
2.27046
2.27728
2.31569
2.32546
2.36697
2.35414
2.4017
2.42958
2.38572
2.41035
2.44211
2.47155
2.47155
2.43858
2.45055
2.46455
2.42798
3.46347e-32
0.0975716
6.08152e-32
0.101312
3.46347e-32
0.101312
0.0975716
6.08152e-32
0.20707
0.200034
0.306577
0.316476
0.316476
0.306577
0.20707
0.200034
0.42876
0.416414
0.528786
0.543172
0.658995
0.642957
0.758218
0.775527
0.892103
0.873883
0.989295
1.00808
0.543172
0.528786
0.416414
0.42876
1.12283
1.10382
1.21687
1.23578
0.642957
0.775527
0.758218
0.658995
0.892103
1.00808
0.989295
0.873883
1.10382
1.12283
1.23578
1.21687
1.32786
1.43626
1.45408
1.34638
1.55842
1.64326
1.54155
1.65892
1.84676
1.75516
1.74096
1.83423
1.32786
1.43626
1.45408
1.34638
2.01464
1.92272
1.93336
2.00608
1.54155
1.65892
1.64326
1.55842
2.15625
2.16014
2.08401
2.09032
2.22256
2.28138
2.28274
2.22389
1.84676
1.83423
1.74096
1.75516
1.93336
2.01464
1.92272
2.00608
2.38406
2.33244
2.33663
2.37694
2.42492
2.45911
2.44583
2.41477
2.15625
2.09032
2.08401
2.16014
2.22389
2.28138
2.22256
2.28274
2.47007
2.48741
2.50719
2.48655
2.49783
2.50131
2.52096
2.52786
2.33663
2.33244
2.37694
2.38406
2.45911
2.41477
2.44583
2.42492
2.52786
2.47007
2.52096
2.49783
2.48741
2.50719
2.48655
0.0936549
0.0895616
5.53802e-32
3.18003e-32
3.18003e-32
0.0895616
5.53802e-32
0.0936549
0.192651
0.184918
0.285231
0.296162
0.192651
0.184918
0.296162
0.285231
0.389691
0.497508
0.513565
0.403392
0.513565
0.497508
0.389691
0.403392
0.625935
0.607923
0.720196
0.739774
0.854389
0.833617
0.9475
0.969104
1.08328
1.06119
1.17404
1.19629
0.720196
0.607923
0.739774
0.625935
1.30756
1.28547
1.3949
1.41653
0.833617
0.854389
0.969104
0.9475
1.17404
1.08328
1.19629
1.06119
1.30756
1.41653
1.3949
1.28547
1.6255
1.52267
1.50179
1.60562
1.81942
1.72456
1.80231
1.70594
1.99506
1.89431
1.98158
1.9097
1.6255
1.60562
1.52267
1.50179
2.14975
2.0638
2.14065
2.07517
1.81942
1.70594
1.72456
1.80231
2.21189
2.27728
2.21856
2.28138
2.38833
2.38975
2.33802
2.33663
1.99506
1.98158
1.89431
1.9097
2.0638
2.07517
2.14975
2.14065
2.43651
2.47679
2.46943
2.43217
2.51049
2.52389
2.53754
2.50003
2.21856
2.27728
2.28138
2.21189
2.33663
2.33802
2.38833
2.38975
2.54097
2.55787
2.57145
2.55123
2.55123
2.55466
2.57825
2.57825
2.46943
2.43217
2.47679
2.43651
2.51049
2.53754
2.52389
2.57145
2.55787
2.50003
2.54097
0.0852912
0.0808441
4.94854e-32
2.87152e-32
0.273784
0.26182
0.176837
0.168405
2.87152e-32
0.0808441
4.94854e-32
0.0852912
0.176837
0.168405
0.26182
0.273784
0.360251
0.462883
0.480615
0.375311
0.462883
0.360251
0.375311
0.480615
0.588922
0.568929
0.677625
0.69948
0.568929
0.69948
0.677625
0.588922
0.811566
0.788232
0.900036
0.924478
1.03754
1.01235
1.12452
1.15012
1.2359
1.34591
1.37136
1.26159
0.788232
0.811566
0.924478
0.900036
1.47888
1.45396
1.55951
1.58363
1.01235
1.12452
1.03754
1.15012
1.34591
1.26159
1.37136
1.2359
1.45396
1.58363
1.47888
1.55951
1.66207
1.68512
1.76116
1.78289
1.96564
1.85634
1.94722
1.87652
2.11463
2.03342
2.12895
2.04988
1.78289
1.76116
1.66207
1.68512
2.19053
2.27046
2.26089
2.20255
1.85634
1.87652
1.96564
1.94722
2.38406
2.32546
2.38833
2.33244
2.43796
2.48268
2.4812
2.43651
2.12895
2.11463
2.04988
2.03342
2.27046
2.20255
2.19053
2.26089
2.54814
2.51796
2.52244
2.55571
2.5824
2.57168
2.60248
2.58853
2.38406
2.33244
2.32546
2.38833
2.43796
2.48268
2.4812
2.43651
2.60202
2.61588
2.59865
2.62258
2.59865
2.61588
2.58853
2.62258
2.54814
2.52244
2.55571
2.51796
2.60248
2.5824
2.57168
0.0762197
0.0714184
4.31304e-32
2.53792e-32
0.249339
0.23634
0.159626
0.150495
2.53792e-32
0.0714184
4.31304e-32
0.0762197
0.444312
0.424902
0.328089
0.344511
0.159626
0.150495
0.23634
0.249339
0.328089
0.424902
0.444312
0.344511
0.547945
0.525966
0.63049
0.654629
0.654629
0.63049
0.547945
0.525966
0.763614
0.737708
0.846882
0.874171
0.763614
0.874171
0.846882
0.737708
0.985603
0.957295
1.06826
1.09723
1.20842
1.17912
1.28924
1.31853
1.427
1.39801
1.50487
1.53326
1.06826
0.985603
1.09723
0.957295
1.73711
1.6368
1.71073
1.60928
1.17912
1.28924
1.31853
1.20842
1.39801
1.53326
1.50487
1.427
1.73711
1.60928
1.6368
1.71073
1.90292
1.80876
1.92631
1.83376
2.0781
2.09768
1.99282
2.0144
2.24858
2.15843
2.23352
2.17583
1.80876
1.92631
1.90292
1.83376
2.3031
2.36697
2.37694
2.31569
1.99282
2.0781
2.09768
2.0144
2.42492
2.47679
2.43217
2.4812
2.52393
2.52244
2.56024
2.56176
2.17583
2.15843
2.24858
2.23352
2.37694
2.31569
2.36697
2.3031
2.61331
2.62104
2.59465
2.59006
2.63995
2.62995
2.64088
2.65413
2.43217
2.47679
2.42492
2.4812
2.56176
2.52393
2.52244
2.56024
2.64328
2.63995
2.66076
2.66076
2.61331
2.59465
2.62995
2.65413
2.59006
2.62104
2.64088
0.0664398
0.0612843
3.63152e-32
2.17921e-32
0.222823
0.208788
0.141016
0.131186
2.17921e-32
0.0612843
3.63152e-32
0.0664398
0.404652
0.38356
0.293201
0.310986
0.141016
0.131186
0.208788
0.222823
0.605207
0.578779
0.502994
0.479025
0.293201
0.38356
0.404652
0.310986
0.502994
0.479025
0.578779
0.605207
0.710515
0.682031
0.788016
0.818163
0.710515
0.818163
0.788016
0.682031
0.927426
0.89599
1.00524
1.0376
0.89599
0.927426
1.0376
1.00524
1.11508
1.22484
1.25801
1.14801
1.36698
1.33389
1.44164
1.47433
1.57952
1.68201
1.5475
1.65095
1.11508
1.25801
1.22484
1.14801
1.75147
1.87702
1.84861
1.78133
1.33389
1.44164
1.47433
1.36698
1.65095
1.5475
1.68201
1.57952
1.84861
1.75147
1.78133
1.87702
2.05587
1.94191
2.031
1.96866
2.1155
2.21569
2.19509
2.13832
2.26949
2.33843
2.35414
2.28771
2.031
2.05587
1.94191
1.96866
2.45911
2.4017
2.41477
2.46943
2.21569
2.13832
2.1155
2.19509
2.51049
2.55571
2.51796
2.56024
2.62722
2.59618
2.59465
2.62568
2.35414
2.26949
2.28771
2.33843
2.45911
2.41477
2.46943
2.4017
2.64869
2.66515
2.67301
2.65336
2.68613
2.67504
2.67834
2.6927
2.56024
2.51049
2.55571
2.51796
2.59618
2.62568
2.59465
2.62722
2.65336
2.66515
2.67301
2.67504
2.6927
2.68613
2.64869
0.0559515
0.0504419
2.904e-32
1.79541e-32
0.194235
0.179164
0.121007
0.110477
1.79541e-32
0.0504419
2.904e-32
0.0559515
0.361627
0.338853
0.255586
0.274735
0.121007
0.110477
0.179164
0.194235
0.551204
0.522483
0.454061
0.4281
0.255586
0.338853
0.361627
0.274735
0.652256
0.756435
0.723421
0.621188
0.454061
0.4281
0.522483
0.551204
0.652256
0.621188
0.723421
0.756435
0.862989
0.828416
0.93543
0.971185
0.862989
0.971185
0.828416
0.93543
1.08033
1.04375
1.15268
1.18973
1.15268
1.04375
1.08033
1.18973
1.29876
1.26156
1.36976
1.40678
1.61753
1.51323
1.47668
1.58174
1.78419
1.81767
1.68441
1.71917
1.26156
1.40678
1.36976
1.29876
1.8806
1.97322
2.00345
1.91256
1.58174
1.47668
1.61753
1.51323
1.78419
1.68441
1.81767
1.71917
1.8806
1.97322
1.91256
2.00345
2.17171
2.14552
2.06165
2.08994
2.22452
2.29837
2.31985
2.24843
2.42958
2.38572
2.44583
2.36679
2.17171
2.14552
2.06165
2.08994
2.50003
2.48655
2.54814
2.53754
2.29837
2.24843
2.22452
2.31985
2.62104
2.5824
2.59006
2.62568
2.6793
2.67773
2.65492
2.65336
2.36679
2.42958
2.38572
2.44583
2.53754
2.54814
2.50003
2.48655
2.70385
2.71181
2.69405
2.69879
2.70712
2.71832
2.71832
2.70385
2.59006
2.62104
2.62568
2.5824
2.67773
2.71181
2.65492
2.6793
2.69879
2.69405
2.65336
0.0447551
0.0388915
2.13051e-32
1.38651e-32
1.38651e-32
0.0388915
2.13051e-32
0.0447551
0.163575
0.147468
0.099599
0.0883701
0.315237
0.29078
0.215243
0.235756
0.099599
0.0883701
0.147468
0.163575
0.373188
0.492615
0.461598
0.401143
0.215243
0.29078
0.315237
0.235756
0.588827
0.688972
0.653087
0.555171
0.401143
0.373188
0.461598
0.492615
0.792273
0.897971
0.858806
0.754555
0.588827
0.555171
0.653087
0.688972
0.792273
0.754555
0.858806
0.897971
1.00534
0.965098
1.07271
1.11367
1.00534
1.11367
1.07271
0.965098
1.2223
1.18096
1.28918
1.33056
1.33056
1.18096
1.28918
1.2223
1.54358
1.43785
1.50304
1.39674
1.6075
1.64719
1.74817
1.70959
1.8088
1.9403
1.90467
1.84602
1.50304
1.39674
1.54358
1.43785
1.99677
2.11653
2.0847
2.0306
1.6075
1.70959
1.64719
1.74817
1.90467
1.8088
1.9403
1.84602
2.11653
1.99677
2.0847
2.0306
2.27397
2.1681
2.24666
2.19775
2.38812
2.32008
2.41035
2.34492
2.47007
2.45055
2.50719
2.52389
2.1681
2.24666
2.27397
2.19775
2.55787
2.61331
2.57168
2.60248
2.32008
2.41035
2.34492
2.38812
2.64088
2.67301
2.64869
2.67773
2.71817
2.69879
2.70037
2.71658
2.47007
2.52389
2.50719
2.45055
2.57168
2.60248
2.55787
2.61331
2.73758
2.72956
2.72631
2.73111
2.73111
2.71658
2.72631
2.73758
2.67301
2.64869
2.64088
2.67773
2.70037
2.71817
2.69879
9.52548e-33
0.0266339
1.3111e-32
0.032851
0.032851
0.0266339
1.3111e-32
9.52548e-33
0.130843
0.113701
0.076793
0.0648655
0.076793
0.0648655
0.113701
0.130843
0.265482
0.239342
0.172174
0.19405
0.429434
0.396122
0.344237
0.314289
0.172174
0.239342
0.19405
0.265482
0.520221
0.615765
0.577007
0.483976
0.344237
0.314289
0.396122
0.429434
0.715265
0.817935
0.674398
0.775355
0.520221
0.483976
0.577007
0.615765
0.923023
1.0298
0.984919
0.879109
0.715265
0.674398
0.775355
0.817935
0.923023
0.879109
0.984919
1.0298
1.13755
1.09206
1.19986
1.24562
1.13755
1.24562
1.09206
1.19986
1.30764
1.41477
1.35334
1.4601
1.30764
1.4601
1.41477
1.35334
1.6247
1.66843
1.52064
1.56532
1.7264
1.86632
1.76893
1.82524
1.92075
2.0125
2.05003
1.96016
1.6247
1.52064
1.66843
1.56532
2.1001
2.2164
2.18319
2.13556
1.82524
1.7264
1.76893
1.86632
2.05003
1.92075
2.0125
1.96016
2.18319
2.1001
2.2164
2.13556
2.33458
2.36287
2.26144
2.29226
2.46455
2.40236
2.48741
2.42798
2.54097
2.57145
2.58853
2.52096
2.26144
2.36287
2.29226
2.33458
2.62995
2.65413
2.61588
2.66515
2.42798
2.46455
2.48741
2.40236
2.69405
2.71658
2.68613
2.71181
2.74399
2.73111
2.74239
2.7327
2.52096
2.54097
2.58853
2.57145
2.62995
2.66515
2.65413
2.61588
2.74239
2.74562
2.75044
2.75044
2.71181
2.74399
2.7327
2.71658
2.69405
2.68613
2.73111
0.0202399
0.0136697
4.45828e-33
4.93546e-33
4.93546e-33
0.0136697
4.45828e-33
0.0202399
0.0525902
0.0399649
0.0778662
0.096042
0.096042
0.0778662
0.0525902
0.0399649
0.212362
0.184541
0.126381
0.149618
0.126381
0.149618
0.184541
0.212362
0.361663
0.326057
0.283345
0.251405
0.446437
0.536811
0.495178
0.407603
0.283345
0.251405
0.326057
0.361663
0.631956
0.731065
0.685066
0.587938
0.446437
0.407603
0.495178
0.536811
0.833359
0.938078
0.889274
0.785767
0.631956
0.587938
0.685066
0.731065
1.0445
1.15191
1.10175
0.994841
0.833359
0.785767
0.889274
0.938078
1.15191
1.0445
0.994841
1.10175
1.20932
1.31688
1.36703
1.25963
1.25963
1.36703
1.20932
1.31688
1.57838
1.42379
1.47347
1.52946
1.57838
1.42379
1.52946
1.47347
1.63332
1.73482
1.78141
1.6812
1.83347
1.9288
1.97209
1.87853
2.10781
2.14699
2.02038
2.06171
1.73482
1.63332
1.78141
1.6812
2.19074
2.30325
2.26884
2.22761
1.97209
1.9288
1.83347
1.87853
2.02038
2.14699
2.06171
2.10781
2.19074
2.30325
2.26884
2.22761
2.37365
2.34184
2.40949
2.43858
2.49783
2.47155
2.55123
2.52786
2.63995
2.57825
2.59865
2.62258
2.40949
2.43858
2.34184
2.37365
2.70385
2.6927
2.67504
2.66076
2.47155
2.52786
2.49783
2.55123
2.71832
2.72631
2.74239
2.73758
2.75527
2.75205
2.75044
2.75688
2.62258
2.57825
2.59865
2.63995
2.66076
2.67504
2.70385
2.6927
2.75044
2.74239
2.75205
2.75688
2.71832
2.73758
2.72631
1.157e-34
0.00692278
0.00692278
1.157e-34
0.0591734
0.0269922
0.0269922
0.0591734
0.15588
0.102464
0.102464
0.15588
0.218471
0.289304
0.218471
0.289304
0.367477
0.452108
0.542346
0.637357
0.367477
0.452108
0.736337
0.838503
0.637357
0.542346
0.943102
1.0494
0.838503
0.736337
1.15669
1.26431
0.943102
1.0494
1.15669
1.26431
1.37159
1.47793
1.37159
1.47793
1.58274
1.68546
1.68546
1.58274
1.78557
1.88259
1.97608
2.06561
2.23135
2.15081
1.88259
1.78557
2.37725
2.30692
2.06561
1.97608
2.15081
2.23135
2.37725
2.30692
2.44211
2.50131
2.60202
2.55466
2.67834
2.64328
2.44211
2.50131
2.72956
2.70712
2.60202
2.55466
2.75527
2.74562
2.75849
2.75527
2.64328
2.67834
2.70712
2.74562
2.72956
1.20932
1.63332
1.52946
0.0136697
1.31688
1.42379
1.31688
1.42379
1.20932
0.184541
0.251405
1.10175
1.52946
0.407603
0.994841
0.889274
1.63332
0.785767
0.685066
1.73482
0.587938
0.495178
1.83347
0.326057
1.9288
2.02038
0.126381
0.0778662
2.10781
0.0399649
2.19074
2.26884
0.0136697
1.73482
1.83347
2.34184
2.40949
2.02038
2.47155
0.0399649
2.52786
2.57825
0.0778662
2.62258
2.66076
0.126381
2.6927
2.71832
0.184541
2.57825
2.73758
2.62258
2.75044
0.251405
2.75688
2.75688
0.326057
2.75044
2.73758
0.407603
2.71832
2.6927
0.495178
2.66076
0.587938
2.52786
0.685066
2.47155
2.40949
0.785767
2.34184
2.26884
0.889274
2.19074
2.10781
0.994841
1.9288
1.10175
4.45828e-33
4.45828e-33
4.93546e-33
0.0202399
0.0202399
4.93546e-33
0.096042
0.0525902
0.0525902
0.096042
0.149618
0.212362
0.149618
0.212362
0.361663
0.283345
0.283345
0.361663
0.536811
0.446437
0.731065
0.631956
0.446437
0.536811
0.833359
0.938078
0.731065
0.631956
1.15191
1.0445
0.833359
0.938078
1.25963
1.36703
1.0445
1.15191
1.25963
1.36703
1.57838
1.47347
1.57838
1.47347
1.6812
1.78141
1.78141
1.6812
1.97209
1.87853
2.14699
2.06171
2.22761
2.30325
1.87853
1.97209
2.43858
2.37365
2.14699
2.06171
2.30325
2.22761
2.37365
2.43858
2.49783
2.55123
2.63995
2.59865
2.67504
2.70385
2.55123
2.49783
2.74239
2.72631
2.63995
2.59865
2.75527
2.75205
2.75205
2.74239
2.70385
2.67504
2.72631
1.52064
1.41477
1.41477
1.30764
1.52064
1.19986
0.113701
1.09206
0.984919
1.6247
0.879109
1.7264
0.775355
0.674398
0.577007
1.82524
0.483976
1.92075
0.396122
0.314289
0.239342
2.0125
0.172174
2.1001
0.0648655
0.0266339
2.18319
2.26144
0.0266339
2.33458
1.6247
2.40236
2.46455
1.82524
0.0648655
2.52096
2.57145
2.1001
2.61588
0.113701
2.65413
0.172174
2.68613
2.71181
2.73111
2.46455
0.239342
2.74399
0.314289
2.61588
2.75044
2.75044
2.74399
0.396122
2.73111
0.483976
2.71181
2.68613
2.65413
0.577007
0.674398
2.57145
2.52096
0.775355
2.40236
0.879109
2.33458
2.26144
2.18319
0.984919
1.09206
2.0125
1.92075
1.19986
1.7264
1.30764
1.3111e-32
1.3111e-32
9.52548e-33
0.032851
0.032851
9.52548e-33
0.130843
0.076793
0.076793
0.130843
0.19405
0.265482
0.265482
0.19405
0.429434
0.344237
0.344237
0.429434
0.615765
0.520221
0.715265
0.817935
0.520221
0.615765
0.923023
1.0298
0.817935
0.715265
1.13755
1.24562
1.0298
0.923023
1.4601
1.35334
1.13755
1.24562
1.4601
1.35334
1.56532
1.66843
1.66843
1.56532
1.86632
1.76893
1.76893
1.86632
2.05003
1.96016
2.2164
2.13556
2.29226
2.36287
2.05003
1.96016
2.42798
2.48741
2.13556
2.2164
2.36287
2.29226
2.42798
2.48741
2.54097
2.58853
2.62995
2.66515
2.69405
2.71658
2.58853
2.54097
2.74239
2.7327
2.62995
2.66515
2.74562
2.74239
2.7327
2.69405
2.71658
1.50304
1.28918
1.6075
0.0388915
1.18096
1.07271
0.965098
1.70959
0.858806
0.29078
0.373188
1.8088
0.754555
0.653087
0.555171
1.90467
0.461598
1.99677
0.215243
2.0847
0.147468
2.1681
0.0883701
2.24666
2.32008
0.0388915
2.38812
1.50304
2.45055
0.0883701
2.50719
2.55787
2.60248
1.90467
1.99677
0.147468
2.64088
0.215243
2.67301
2.69879
2.71817
0.29078
2.38812
2.73111
0.373188
2.50719
2.55787
2.73758
2.73758
2.73111
0.461598
2.71817
0.555171
2.69879
2.67301
2.64088
0.653087
2.60248
0.754555
2.45055
0.858806
0.965098
2.32008
2.24666
2.1681
1.07271
2.0847
1.18096
1.8088
1.28918
1.70959
1.39674
1.6075
1.39674
2.13051e-32
2.13051e-32
1.38651e-32
0.0447551
0.0447551
1.38651e-32
0.099599
0.163575
0.099599
0.163575
0.235756
0.315237
0.315237
0.235756
0.492615
0.401143
0.401143
0.492615
0.588827
0.688972
0.792273
0.897971
0.588827
0.688972
1.00534
1.11367
0.897971
0.792273
1.33056
1.2223
1.00534
1.11367
1.54358
1.43785
1.2223
1.33056
1.54358
1.43785
1.74817
1.64719
1.74817
1.64719
1.84602
1.9403
1.9403
1.84602
2.11653
2.0306
2.27397
2.19775
2.34492
2.41035
2.0306
2.11653
2.47007
2.52389
2.19775
2.27397
2.41035
2.34492
2.47007
2.52389
2.61331
2.57168
2.64869
2.67773
2.70037
2.71658
2.57168
2.61331
2.72956
2.72631
2.67773
2.64869
2.72631
2.71658
2.70037
1.68441
1.04375
0.93543
1.78419
0.828416
0.723421
1.8806
0.621188
0.522483
1.97322
0.4281
0.338853
2.06165
0.255586
0.179164
2.14552
0.110477
0.0504419
2.22452
2.29837
0.0504419
1.15268
1.26156
2.36679
2.42958
1.47668
2.48655
0.110477
2.53754
2.5824
0.179164
2.62104
2.65336
0.255586
2.6793
2.69879
0.338853
2.22452
2.71181
2.29837
2.71832
0.4281
2.71832
2.71181
0.522483
2.53754
2.5824
2.69879
2.6793
0.621188
2.65336
2.62104
0.723421
0.828416
2.48655
2.42958
0.93543
2.36679
1.04375
2.14552
1.15268
2.06165
1.97322
1.26156
1.8806
1.78419
1.36976
1.68441
1.58174
1.47668
1.36976
1.58174
2.904e-32
2.904e-32
1.79541e-32
0.0559515
0.0559515
1.79541e-32
0.194235
0.121007
0.121007
0.194235
0.361627
0.274735
0.274735
0.361627
0.551204
0.454061
0.454061
0.551204
0.756435
0.652256
0.862989
0.971185
0.756435
0.652256
1.18973
1.08033
0.862989
0.971185
1.40678
1.29876
1.18973
1.08033
1.61753
1.51323
1.40678
1.29876
1.51323
1.61753
1.81767
1.71917
1.71917
1.81767
2.00345
1.91256
1.91256
2.00345
2.17171
2.08994
2.31985
2.24843
2.38572
2.44583
2.08994
2.17171
2.54814
2.50003
2.24843
2.31985
2.44583
2.38572
2.54814
2.50003
2.59006
2.62568
2.65492
2.67773
2.69405
2.70385
2.62568
2.59006
2.70385
2.70712
2.65492
2.69405
2.67773
0.89599
0.788016
1.84861
0.682031
1.94191
0.578779
0.479025
0.38356
2.031
0.293201
2.1155
0.208788
0.131186
0.0612843
2.19509
2.26949
0.0612843
2.33843
1.00524
2.4017
2.45911
1.22484
0.131186
2.51049
2.55571
1.5475
2.59465
0.208788
2.62722
0.293201
2.65336
2.67301
2.68613
2.031
0.38356
2.6927
0.479025
2.26949
2.6927
2.68613
2.67301
0.578779
2.45911
2.65336
0.682031
2.62722
2.59465
2.55571
0.788016
2.51049
0.89599
2.4017
2.33843
1.00524
1.11508
2.19509
2.1155
1.22484
1.94191
1.33389
1.84861
1.75147
1.65095
1.44164
1.5475
1.44164
1.33389
1.65095
1.11508
1.75147
3.63152e-32
3.63152e-32
2.17921e-32
0.0664398
0.0664398
2.17921e-32
0.222823
0.141016
0.141016
0.222823
0.404652
0.310986
0.404652
0.310986
0.502994
0.605207
0.502994
0.605207
0.710515
0.818163
0.927426
1.0376
0.710515
0.818163
1.25801
1.14801
1.0376
0.927426
1.47433
1.36698
1.25801
1.14801
1.68201
1.57952
1.47433
1.36698
1.57952
1.68201
1.87702
1.78133
1.87702
1.78133
2.05587
1.96866
2.05587
1.96866
2.21569
2.13832
2.28771
2.35414
2.46943
2.41477
2.13832
2.21569
2.51796
2.56024
2.35414
2.28771
2.41477
2.46943
2.56024
2.51796
2.62568
2.59618
2.66515
2.64869
2.67504
2.67834
2.59618
2.62568
2.66515
2.67504
2.64869
1.90292
0.63049
1.99282
0.525966
0.424902
0.328089
2.0781
0.23634
2.15843
0.150495
0.0714184
2.23352
2.3031
0.0714184
2.36697
0.846882
2.42492
0.150495
2.47679
2.52244
2.56176
1.28924
1.39801
0.23634
2.59465
0.328089
2.62104
2.64088
2.65413
0.424902
1.90292
2.66076
0.525966
2.0781
2.15843
2.66076
2.65413
2.64088
0.63049
2.36697
2.62104
0.737708
2.59465
2.56176
2.52244
0.846882
2.47679
0.957295
2.42492
2.3031
1.06826
2.23352
1.17912
1.99282
1.28924
1.39801
1.80876
1.71073
1.60928
1.50487
1.50487
1.60928
1.17912
1.71073
1.06826
1.80876
0.957295
0.737708
4.31304e-32
4.31304e-32
2.53792e-32
0.0762197
0.0762197
2.53792e-32
0.159626
0.249339
0.159626
0.249339
0.444312
0.344511
0.344511
0.444312
0.547945
0.654629
0.547945
0.654629
0.874171
0.763614
1.09723
0.985603
0.763614
0.874171
1.20842
1.31853
0.985603
1.09723
1.427
1.53326
1.20842
1.31853
1.6368
1.73711
1.53326
1.427
1.6368
1.73711
1.92631
1.83376
1.92631
1.83376
2.09768
2.0144
2.0144
2.09768
2.24858
2.17583
2.37694
2.31569
2.43217
2.4812
2.17583
2.24858
2.56024
2.52393
2.37694
2.31569
2.43217
2.4812
2.56024
2.52393
2.61331
2.59006
2.63995
2.62995
2.64328
2.63995
2.59006
2.62995
2.61331
2.03342
0.360251
0.26182
2.11463
0.168405
0.0808441
2.19053
2.26089
0.0808441
0.462883
0.568929
2.32546
2.38406
0.788232
2.43651
0.168405
2.48268
2.52244
0.26182
2.55571
2.5824
0.360251
2.60248
2.61588
0.462883
1.66207
2.62258
1.76116
2.62258
0.568929
2.61588
2.60248
0.677625
2.11463
2.19053
2.5824
2.55571
0.788232
2.52244
2.48268
0.900036
2.43651
2.38406
1.01235
2.32546
2.26089
1.12452
1.2359
2.03342
1.94722
1.34591
1.85634
1.45396
1.55951
1.55951
1.45396
1.34591
1.66207
1.2359
1.12452
1.76116
1.01235
0.900036
1.85634
0.677625
1.94722
4.94854e-32
4.94854e-32
2.87152e-32
0.0852912
0.0852912
2.87152e-32
0.273784
0.176837
0.176837
0.273784
0.375311
0.480615
0.480615
0.375311
0.69948
0.588922
0.588922
0.69948
0.811566
0.924478
1.03754
1.15012
0.811566
0.924478
1.37136
1.26159
1.15012
1.03754
1.47888
1.58363
1.26159
1.37136
1.68512
1.78289
1.47888
1.58363
1.78289
1.68512
1.96564
1.87652
1.87652
1.96564
2.04988
2.12895
2.12895
2.04988
2.27046
2.20255
2.38833
2.33244
2.4812
2.43796
2.27046
2.20255
2.51796
2.54814
2.38833
2.33244
2.43796
2.4812
2.54814
2.51796
2.57168
2.58853
2.60202
2.59865
2.59865
2.58853
2.57168
0.184918
0.0895616
2.14065
2.21189
0.0895616
2.27728
0.285231
2.33663
2.38975
0.497508
0.184918
2.43651
2.47679
0.833617
2.51049
0.285231
2.53754
0.389691
2.55787
2.57145
2.57825
1.3949
0.497508
2.57825
0.607923
1.70594
2.57145
2.55787
2.53754
0.720196
1.98158
2.51049
0.833617
2.47679
2.43651
2.38975
0.9475
2.33663
1.06119
2.27728
2.21189
2.14065
1.17404
2.0638
1.28547
1.89431
1.80231
1.3949
1.50179
1.60562
1.50179
1.60562
1.28547
1.70594
1.17404
1.06119
0.9475
1.80231
1.89431
0.720196
0.607923
1.98158
0.389691
2.0638
5.53802e-32
5.53802e-32
3.18003e-32
0.0936549
0.0936549
3.18003e-32
0.192651
0.296162
0.192651
0.296162
0.513565
0.403392
0.513565
0.403392
0.739774
0.625935
0.625935
0.739774
0.854389
0.969104
1.19629
1.08328
0.854389
0.969104
1.41653
1.30756
1.08328
1.19629
1.52267
1.6255
1.30756
1.41653
1.72456
1.81942
1.52267
1.6255
1.72456
1.81942
1.99506
1.9097
1.99506
1.9097
2.14975
2.07517
2.14975
2.07517
2.21856
2.28138
2.38833
2.33802
2.46943
2.43217
2.28138
2.21856
2.50003
2.52389
2.38833
2.33802
2.43217
2.46943
2.52389
2.50003
2.55123
2.54097
2.55123
2.55466
2.54097
2.15625
2.22256
0.0975716
0.0975716
2.28274
2.33663
0.200034
2.38406
2.42492
0.528786
0.642957
2.45911
0.306577
2.48655
0.416414
2.50719
2.52096
2.52786
1.21687
0.528786
2.52786
1.43626
1.54155
0.642957
2.52096
2.50719
2.48655
1.83423
0.758218
2.45911
0.873883
2.42492
2.38406
2.15625
2.33663
0.989295
2.28274
1.10382
2.22256
2.08401
1.21687
2.00608
1.32786
1.92272
1.74096
1.43626
1.64326
1.54155
1.32786
1.64326
1.74096
1.10382
0.989295
0.873883
1.83423
0.758218
1.92272
0.416414
2.00608
0.306577
2.08401
0.200034
6.08152e-32
6.08152e-32
3.46347e-32
0.101312
3.46347e-32
0.101312
0.316476
0.20707
0.20707
0.316476
0.543172
0.42876
0.543172
0.42876
0.658995
0.775527
0.658995
0.775527
1.00808
0.892103
1.23578
1.12283
0.892103
1.00808
1.45408
1.34638
1.23578
1.12283
1.65892
1.55842
1.34638
1.45408
1.84676
1.75516
1.55842
1.65892
1.84676
1.75516
1.93336
2.01464
1.93336
2.01464
2.16014
2.09032
2.16014
2.09032
2.22389
2.28138
2.37694
2.33244
2.41477
2.44583
2.22389
2.28138
2.48741
2.47007
2.33244
2.37694
2.41477
2.44583
2.48741
2.47007
2.50131
2.49783
2.49783
0.104875
2.22256
2.27728
2.32546
0.213757
2.36697
2.4017
0.32586
2.42958
2.45055
0.440428
2.46455
2.47155
0.90905
0.556726
1.02545
2.47155
2.46455
0.674046
2.45055
2.42958
1.47002
1.57329
0.791707
2.4017
2.36697
0.90905
2.32546
2.27728
1.02545
2.22256
2.16144
1.1403
2.0941
2.02075
1.25304
1.94163
1.857
1.36311
1.76717
1.67248
1.47002
1.57329
1.36311
1.25304
1.67248
1.1403
1.76717
0.791707
1.857
0.674046
0.556726
1.94163
0.440428
0.32586
2.02075
0.213757
0.104875
2.0941
2.16144
6.5791e-32
6.5791e-32
3.72188e-32
0.108263
0.108263
3.72188e-32
0.220097
0.334731
0.220097
0.334731
0.451422
0.569448
0.569448
0.451422
0.806757
0.688116
0.806757
0.688116
1.04142
0.924729
1.26863
1.15624
0.924729
1.04142
1.48407
1.37807
1.26863
1.15624
1.58617
1.68394
1.48407
1.37807
1.77699
1.86496
1.58617
1.68394
1.77699
1.86496
1.94753
2.02442
1.94753
2.02442
2.16014
2.09536
2.16014
2.09536
2.27046
2.21856
2.31569
2.35414
2.41035
2.38572
2.21856
2.27046
2.42798
2.43858
2.31569
2.35414
2.38572
2.41035
2.42798
2.44211
2.43858
2.26089
0.226089
2.3031
2.33843
2.36679
0.343088
2.38812
0.46174
2.40236
0.581339
2.40949
2.40949
0.581339
0.939141
2.40236
0.701204
2.38812
2.36679
1.28257
2.33843
0.820681
2.3031
0.939141
2.26089
2.21189
1.78462
2.15625
1.05598
2.0941
1.17064
2.02564
1.95107
1.87064
1.28257
1.39126
1.69331
1.59706
1.49624
1.49624
1.39126
1.59706
1.17064
1.05598
1.69331
1.78462
0.820681
0.701204
1.87064
0.46174
1.95107
0.343088
0.226089
0.111474
2.02564
2.0941
0.111474
2.15625
2.21189
7.03084e-32
7.03084e-32
3.95531e-32
0.11451
0.11451
3.95531e-32
0.350933
0.231736
0.231736
0.350933
0.592402
0.471387
0.471387
0.592402
0.713314
0.83348
0.713314
0.83348
0.95229
1.06915
1.29486
1.18352
0.95229
1.06915
1.50653
1.40269
1.29486
1.18352
1.70059
1.60596
1.40269
1.50653
1.87405
1.79007
1.70059
1.60596
1.87405
1.79007
1.95225
2.02442
1.95225
2.02442
2.09032
2.14975
2.09032
2.14975
2.20255
2.24858
2.28771
2.31985
2.36287
2.34492
2.20255
2.24858
2.37725
2.37365
2.31985
2.28771
2.36287
2.34492
2.37365
0.237035
2.23352
2.26949
2.29837
0.358267
2.32008
0.358267
0.48036
2.33458
0.602638
0.724446
2.34184
2.34184
0.602638
2.33458
1.08093
0.724446
2.32008
2.29837
2.26949
0.845158
1.51494
1.61288
2.23352
0.964176
2.19053
2.14065
2.08401
1.08093
2.02075
1.19488
1.95107
1.87518
1.79333
1.30551
1.7058
1.41234
1.41234
1.51494
1.30551
1.61288
1.19488
0.964176
1.7058
0.845158
1.79333
0.48036
1.87518
1.95107
0.237035
0.11737
2.02075
2.08401
0.11737
2.14065
2.19053
7.43685e-32
7.43685e-32
4.16382e-32
0.120055
0.120055
4.16382e-32
0.365089
0.241991
0.241991
0.365089
0.612048
0.488664
0.612048
0.488664
0.855716
0.734603
0.734603
0.855716
0.974806
1.09131
1.20471
1.31451
0.974806
1.09131
1.52148
1.42024
1.20471
1.31451
1.61783
1.70892
1.42024
1.52148
1.79442
1.87405
1.70892
1.61783
1.87405
1.79442
1.94753
2.01464
2.01464
1.94753
2.07517
2.12895
2.12895
2.07517
2.17583
2.21569
2.24843
2.27397
2.29226
2.30325
2.17583
2.21569
2.30325
2.30691
2.27397
2.24843
2.29226
2.22452
0.371403
2.24666
0.122565
2.26144
0.496298
2.26884
2.26884
0.620634
0.620634
0.743786
2.26144
2.24666
0.743786
2.22452
2.19509
0.865157
2.15843
2.11463
0.984177
2.0638
1.52615
2.00608
1.1003
1.94163
1.87064
1.21303
1.79333
1.70996
1.32187
1.62079
1.42638
1.42638
1.32187
1.52615
1.21303
1.1003
1.62079
0.984177
0.865157
1.70996
1.79333
0.496298
0.371403
1.87064
0.2466
1.94163
2.00608
0.122565
2.19509
2.0638
2.11463
2.15843
0.2466
7.79725e-32
7.79725e-32
4.34749e-32
0.1249
0.1249
4.34749e-32
0.250866
0.377207
0.250866
0.377207
0.628397
0.503264
0.503264
0.628397
0.873482
0.751999
0.751999
0.873482
1.10791
0.992296
1.32759
1.21983
0.992296
1.10791
1.43077
1.52895
1.32759
1.21983
1.62178
1.70892
1.52895
1.43077
1.79007
1.86496
1.70892
1.62178
1.79007
1.86496
1.99506
1.93336
1.99506
1.93336
2.04988
2.09768
2.09768
2.04988
2.17171
2.13832
2.2164
2.19775
2.23135
2.22761
2.17171
2.13832
2.22761
2.19775
2.2164
0.382503
2.18319
0.509561
2.19074
2.19074
2.18319
0.382503
0.635339
2.1681
0.759239
2.14552
2.1155
2.0781
0.999161
0.880693
2.03342
0.999161
1.98158
1.33168
1.92272
1.857
1.52988
1.11413
1.78462
1.22512
1.7058
1.62079
1.33168
1.4334
1.4334
1.22512
1.11413
1.52988
1.62079
0.880693
0.759239
0.635339
1.7058
0.509561
1.78462
0.254787
0.127061
1.857
1.92272
0.127061
2.1681
1.98158
2.03342
2.0781
0.254787
2.1155
2.14552
8.11218e-32
8.11218e-32
4.5064e-32
0.129047
0.129047
4.5064e-32
0.387292
0.258366
0.258366
0.387292
0.641461
0.515194
0.641461
0.515194
0.886792
0.765513
0.765513
0.886792
1.11897
1.00478
1.33413
1.2289
1.00478
1.11897
1.52895
1.43427
1.2289
1.33413
1.70059
1.61783
1.52895
1.43427
1.84676
1.77699
1.61783
1.70059
1.77699
1.84676
1.9097
1.96564
1.9097
1.96564
2.0144
2.05587
2.0144
2.05587
2.08994
2.11653
2.13556
2.14699
2.15081
2.14699
2.11653
2.08994
2.13556
0.52016
2.10781
2.10781
0.13086
2.1001
0.646764
2.0847
0.770818
2.06165
0.646764
0.770818
2.031
1.99282
0.89178
1.94722
1.00914
1.89431
1.83423
1.33495
1.76717
1.12242
1.69331
1.23116
1.61288
1.52615
1.4334
1.33495
1.4334
1.23116
1.12242
1.00914
1.52615
0.89178
1.61288
0.52016
1.69331
0.391574
1.76717
0.261601
1.83423
1.89431
0.13086
2.1001
1.94722
1.99282
0.261601
2.031
2.06165
2.0847
0.391574
8.3818e-32
8.3818e-32
4.64061e-32
0.132499
0.132499
4.64061e-32
0.264495
0.395351
0.264495
0.395351
0.651249
0.524464
0.651249
0.524464
0.895658
0.775157
0.775157
0.895658
1.01226
1.12449
1.33413
1.23192
1.12449
1.01226
1.43077
1.52148
1.23192
1.33413
1.68394
1.60596
1.52148
1.43077
1.81942
1.75516
1.68394
1.60596
1.75516
1.81942
1.87652
1.92631
1.87652
1.92631
2.00345
1.96866
2.00345
1.96866
2.03059
2.05003
2.06171
2.06561
2.06171
2.03059
2.05003
2.0125
0.654918
1.99677
1.97322
0.778531
1.94191
1.90292
0.898428
1.85634
0.654918
1.80231
1.01413
1.74096
1.01413
1.67248
1.12518
1.12518
1.59706
1.51494
1.23116
1.42638
1.33168
1.33168
1.23116
1.42638
0.898428
1.51494
0.778531
1.59706
0.528102
0.398623
1.67248
0.267046
0.133966
1.74096
1.80231
0.133966
2.02038
1.85634
2.02038
1.90292
1.94191
0.267046
1.97322
1.99677
0.398623
2.0125
0.528102
8.60625e-32
8.60625e-32
4.75022e-32
0.135258
0.135258
4.75022e-32
0.40139
0.269258
0.40139
0.269258
0.531079
0.65777
0.65777
0.531079
0.90009
0.780941
0.780941
0.90009
1.01475
1.12449
1.2289
1.32759
1.12449
1.01475
1.50653
1.42024
1.32759
1.2289
1.58617
1.65892
1.50653
1.42024
1.78289
1.72456
1.65892
1.58617
1.72456
1.78289
1.83376
1.87702
1.87702
1.83376
1.91256
1.9403
1.9403
1.91256
1.96016
1.97209
1.97608
1.97209
1.96016
0.659808
1.8806
0.782385
1.8486
1.80876
1.76116
0.403653
0.900644
1.70594
0.659808
1.01413
1.64326
1.57329
1.49624
1.12242
1.41234
1.22512
1.32187
1.22512
1.12242
1.32187
1.01413
1.41234
0.900644
0.782385
1.49624
0.533393
1.57329
0.271127
0.136378
1.64326
1.70594
0.136378
1.90467
1.76116
1.80876
1.8486
1.9288
0.271127
1.8806
1.90467
1.92075
0.403653
0.533393
1.9288
1.92075
8.78566e-32
8.78566e-32
4.83529e-32
0.137326
0.137326
4.83529e-32
0.405413
0.272657
0.272657
0.405413
0.661029
0.535047
0.535047
0.661029
0.900089
0.782868
0.782868
0.900089
1.11897
1.01226
1.31451
1.21983
1.11897
1.01226
1.48407
1.40269
1.31451
1.21983
1.6255
1.55842
1.48407
1.40269
1.68512
1.73711
1.55842
1.6255
1.68512
1.73711
1.81767
1.78133
1.81767
1.78133
1.84602
1.86632
1.86632
1.84602
1.87852
1.88259
1.87852
0.782385
1.75147
1.71073
1.66207
0.898428
1.60562
0.40667
1.00914
1.54155
0.661437
1.47002
1.39126
1.11413
1.30551
1.21303
1.21303
1.11413
1.00914
1.30551
0.898428
1.39126
0.782385
0.536038
1.47002
1.54155
0.273846
0.138101
1.60562
1.66207
0.138101
1.78419
1.71073
1.75147
1.82524
1.83347
0.273846
1.78419
1.8088
1.82524
0.40667
1.83347
0.536038
1.8088
0.661437
8.92016e-32
8.92016e-32
4.89586e-32
0.138703
0.138703
4.89586e-32
0.407424
0.274695
0.274695
0.407424
0.661029
0.536369
0.661029
0.536369
0.895658
0.780941
0.780941
0.895658
1.00478
1.10791
1.20471
1.29486
1.00478
1.10791
1.37807
1.45408
1.29486
1.20471
1.52267
1.58363
1.45408
1.37807
1.68201
1.6368
1.58363
1.52267
1.6368
1.68201
1.74817
1.71917
1.71917
1.74817
1.78141
1.76893
1.76893
1.78141
1.78557
1.55951
0.89178
1.50178
0.139133
1.43626
0.999161
1.36311
1.28257
1.1003
0.659808
0.778531
1.19488
1.1003
1.19488
0.999161
0.89178
1.28257
1.36311
0.536038
0.407676
1.43626
0.275204
1.50178
1.55951
0.139133
1.60928
1.60928
1.65095
1.65095
1.68441
0.275204
1.70959
1.7264
0.407676
1.73482
1.73482
0.536038
1.7264
1.70959
0.659808
1.68441
0.778531
9.00983e-32
9.00983e-32
4.932e-32
0.139391
0.139391
4.932e-32
0.275375
0.407424
0.275375
0.407424
0.65777
0.535047
0.535047
0.65777
0.886792
0.775157
0.775157
0.886792
0.992296
1.09131
1.26863
1.18352
1.09131
0.992296
1.41653
1.34638
1.26863
1.18352
1.53326
1.47888
1.41653
1.34638
1.61753
1.57952
1.53326
1.47888
1.57952
1.61753
1.66843
1.64719
1.66843
1.64719
1.6812
1.6812
1.68546
0.880693
1.32786
0.984177
1.25303
1.17064
1.08093
0.40667
1.08093
0.984177
1.17064
0.880693
0.770818
0.654918
1.25303
0.533393
1.32786
0.275204
0.139478
1.3949
1.45396
0.139478
1.3949
1.50487
1.5475
1.58174
1.5475
0.275204
1.6075
1.6247
1.63332
0.40667
1.63332
0.533393
1.6247
1.6075
1.58174
0.654918
0.770818
1.50487
1.45396
9.05475e-32
9.05475e-32
4.94372e-32
0.139391
0.139391
4.94372e-32
0.405413
0.274695
0.274695
0.405413
0.651249
0.531079
0.531079
0.651249
0.765513
0.873482
0.873482
0.765513
0.974806
1.06915
1.15624
1.23578
0.974806
1.06915
1.30756
1.37136
1.15624
1.23578
1.47433
1.427
1.30756
1.37136
1.51323
1.54358
1.47433
1.427
1.51323
1.54358
1.57838
1.56532
1.57838
1.56532
1.58274
0.964176
1.1403
1.05598
0.139133
0.964176
1.05598
0.865157
1.1403
0.759239
0.646764
0.528102
1.21687
0.403653
1.28547
0.273845
1.34591
1.39801
0.139133
1.21687
1.44164
1.47668
1.34591
1.39801
0.273845
1.50304
1.52064
1.52946
1.50304
0.403653
1.52946
0.528102
1.52064
1.47668
0.646764
1.44164
0.759239
1.28547
0.865157
9.05495e-32
9.05495e-32
4.93103e-32
0.138703
0.138703
4.93103e-32
0.40139
0.272657
0.272657
0.40139
0.524464
0.641461
0.641461
0.524464
0.751999
0.855716
0.751999
0.855716
0.95229
1.04142
1.19629
1.12283
1.04142
0.95229
1.26159
1.31853
1.19629
1.12283
1.36698
1.40678
1.26159
1.31853
1.43785
1.4601
1.36698
1.40678
1.43785
1.4601
1.47793
1.47347
1.47347
0.845158
1.02545
0.743786
0.635339
1.10382
0.52016
0.398623
1.17404
0.271127
0.138101
1.2359
1.28924
0.138101
0.939141
1.33389
1.02545
1.36976
1.39674
0.271127
1.41477
1.42379
1.28924
1.33389
0.398623
1.42379
1.41477
0.52016
1.39674
1.36976
0.635339
0.743786
1.2359
1.17404
0.845158
1.10382
0.939141
9.01042e-32
9.01042e-32
4.89393e-32
0.137326
0.137326
4.89393e-32
0.269258
0.395351
0.269258
0.395351
0.628397
0.515194
0.628397
0.515194
0.734603
0.83348
0.734603
0.83348
0.924729
1.00808
1.15012
1.08328
1.00808
0.924729
1.25801
1.20842
1.15012
1.08328
1.33056
1.29876
1.25801
1.20842
1.36703
1.35334
1.29876
1.33056
1.36703
1.35334
1.37159
0.989295
0.509561
1.06118
0.391574
0.267046
0.136378
1.12452
1.17912
0.136378
0.620634
1.22484
1.26156
1.28918
0.90905
0.267046
1.30764
1.31688
1.31688
1.12452
0.391574
1.30764
0.509561
1.28918
1.26156
1.22484
0.620634
1.17912
0.724446
1.06118
0.989295
0.820681
0.90905
0.820681
0.724446
8.92115e-32
8.92115e-32
4.83239e-32
0.135258
0.135258
4.83239e-32
0.387292
0.264495
0.264495
0.387292
0.503264
0.612048
0.612048
0.503264
0.713314
0.806757
0.806757
0.713314
0.969104
0.892103
1.03754
1.09723
0.969104
0.892103
1.18973
1.14801
1.09723
1.03754
1.2223
1.24562
1.18973
1.14801
1.26431
1.25963
1.24562
1.2223
1.25963
1.01235
0.261601
0.133965
1.06826
1.11508
0.133965
0.382503
1.15268
1.18096
0.602638
0.701204
0.261601
1.19986
1.20932
1.20932
0.947499
0.382503
1.19986
0.496298
1.18096
1.15268
1.11508
0.602638
1.06826
0.701204
1.01235
0.873883
0.791707
0.791707
0.873883
0.496298
0.947499
8.78705e-32
8.78705e-32
4.74635e-32
0.132499
0.132499
4.74635e-32
0.258366
0.377207
0.258366
0.377207
0.592402
0.488664
0.592402
0.488664
0.775527
0.688116
0.775527
0.688116
0.924478
0.854389
0.985603
1.0376
0.924478
0.854389
1.08033
1.11367
0.985603
1.0376
1.13755
1.1519
1.11367
1.08033
1.15669
1.1519
1.13755
1.00524
0.13086
1.04375
0.13086
1.07271
1.09206
0.254787
1.10175
1.10175
0.581339
0.674046
0.371403
1.09206
0.833617
1.07271
0.48036
1.04375
1.00524
0.581339
0.957295
0.900036
0.674046
0.758218
0.758218
0.833617
0.48036
0.371403
0.900036
0.254787
0.957295
8.60803e-32
8.60803e-32
4.63577e-32
0.129047
4.63577e-32
0.129047
0.365089
0.250866
0.250866
0.365089
0.471387
0.569447
0.471387
0.569447
0.739774
0.658995
0.658995
0.739774
0.811566
0.874171
0.927426
0.971185
0.874171
0.811566
1.00534
1.0298
0.971185
0.927426
1.0494
1.0445
1.0298
1.00534
1.0445
0.127061
0.93543
0.965098
0.984918
0.2466
0.994841
0.358267
0.994841
0.984918
0.358267
0.965098
0.46174
0.93543
0.89599
0.846882
0.556726
0.788232
0.642957
0.720196
0.642957
0.556726
0.720196
0.46174
0.788232
0.2466
0.127061
0.846882
0.89599
8.38398e-32
8.38398e-32
4.50058e-32
0.1249
0.1249
4.50058e-32
0.350933
0.241991
0.241991
0.350933
0.543172
0.451422
0.451422
0.543172
0.69948
0.625935
0.69948
0.625935
0.818163
0.763614
0.89797
0.862989
0.763614
0.818163
0.923023
0.938078
0.89797
0.862989
0.943102
0.923023
0.938078
0.879109
0.237035
0.889273
0.122565
0.889273
0.879109
0.343088
0.858806
0.440428
0.528786
0.607923
0.828416
0.788015
0.737708
0.528786
0.677625
0.607923
0.440428
0.677625
0.343088
0.737708
0.237035
0.788015
0.828416
0.122565
0.858806
8.11476e-32
8.11476e-32
4.3407e-32
0.120055
0.120055
4.3407e-32
0.334731
0.231736
0.231736
0.334731
0.42876
0.513565
0.42876
0.513565
0.588922
0.654628
0.654628
0.588922
0.756435
0.710515
0.792273
0.817934
0.710515
0.756435
0.833358
0.838503
0.817934
0.792273
0.833358
0.226089
0.785767
0.775355
0.32586
0.754555
0.723421
0.416414
0.682031
0.63049
0.497508
0.568929
0.497508
0.568929
0.416414
0.32586
0.63049
0.226089
0.11737
0.682031
0.723421
0.11737
0.754555
0.775355
0.785767
7.80023e-32
7.80023e-32
4.15605e-32
0.11451
0.11451
4.15605e-32
0.316476
0.220097
0.220097
0.316476
0.403392
0.480615
0.403392
0.480615
0.547945
0.605207
0.547945
0.605207
0.652256
0.688972
0.731065
0.715264
0.688972
0.652256
0.731065
0.736337
0.715264
0.674398
0.653087
0.306577
0.621188
0.389691
0.578779
0.306577
0.525966
0.462883
0.462883
0.389691
0.525966
0.213757
0.111474
0.578779
0.621188
0.111474
0.653087
0.685066
0.674398
0.685066
0.213757
7.44023e-32
7.44023e-32
0.108263
3.94655e-32
0.108263
3.94655e-32
0.296162
0.20707
0.20707
0.296162
0.444312
0.375311
0.444312
0.375311
0.502994
0.551204
0.502994
0.551204
0.615765
0.588827
0.637357
0.631956
0.588827
0.631956
0.615765
0.285231
0.522483
0.360251
0.479025
0.424902
0.360251
0.424902
0.285231
0.479025
0.200034
0.104875
0.522483
0.555171
0.104875
0.577007
0.577007
0.587938
0.200034
0.587938
0.555171
7.03463e-32
7.03463e-32
3.71213e-32
0.101312
0.101312
3.71213e-32
0.273784
0.192651
0.192651
0.273784
0.404652
0.344511
0.344511
0.404652
0.454061
0.492614
0.492614
0.454061
0.520221
0.536811
0.542346
0.536811
0.520221
0.328089
0.328089
0.26182
0.38356
0.184918
0.0975716
0.4281
0.461598
0.0975716
0.38356
0.4281
0.483976
0.495178
0.495178
0.184918
0.483976
0.461598
0.26182
6.58329e-32
6.58329e-32
3.45273e-32
0.0936549
0.0936549
3.45273e-32
0.249339
0.176837
0.249339
0.176837
0.361627
0.310986
0.361627
0.310986
0.429434
0.401143
0.401143
0.429434
0.446437
0.452108
0.446437
0.168405
0.0895616
0.338853
0.373188
0.0895616
0.396122
0.23634
0.407603
0.407603
0.338853
0.168405
0.396122
0.373188
0.23634
0.293201
0.293201
6.08612e-32
6.08612e-32
3.1683e-32
0.0852912
0.0852912
3.1683e-32
0.159626
0.222823
0.159626
0.222823
0.315237
0.274735
0.315237
0.274735
0.361663
0.344237
0.344237
0.367477
0.361663
0.29078
0.314289
0.0808441
0.0808441
0.326057
0.326057
0.150495
0.314289
0.29078
0.255586
0.208788
0.208788
0.255586
0.150495
5.54302e-32
5.54302e-32
2.8588e-32
0.0762197
2.8588e-32
0.0762197
0.141016
0.194235
0.141016
0.194235
0.265482
0.235756
0.265482
0.235756
0.289304
0.283345
0.283345
0.0714184
0.251405
0.251405
0.239342
0.131186
0.215243
0.179164
0.179164
0.131186
0.0714184
0.215243
0.239342
4.95395e-32
4.95395e-32
2.52421e-32
0.0664398
0.0664398
2.52421e-32
0.163575
0.121007
0.121007
0.163575
0.19405
0.212362
0.19405
0.212362
0.218471
0.172174
0.110477
0.147468
0.110477
0.0612843
0.147468
0.172174
0.0612843
0.184541
0.184541
4.31885e-32
4.31885e-32
2.16451e-32
0.0559515
0.0559515
2.16451e-32
0.130843
0.099599
0.099599
0.130843
0.149618
0.149618
0.15588
0.0883701
0.0883701
0.0504419
0.113701
0.126381
0.0504419
0.126381
0.113701
3.63774e-32
3.63774e-32
1.77971e-32
0.044755
1.77971e-32
0.044755
0.076793
0.096042
0.076793
0.096042
0.102464
0.0778662
0.0388915
0.0778662
0.0648655
0.0388915
0.0648655
2.91063e-32
2.91063e-32
0.0328509
1.36982e-32
0.0328509
1.36982e-32
0.0525902
0.0525902
0.0591734
0.0266338
0.0399649
0.0266338
0.0399649
2.13755e-32
2.13755e-32
9.34864e-33
0.0202399
0.0202399
9.34864e-33
0.0269922
0.0136696
0.0136696
1.31854e-32
1.31854e-32
4.74872e-33
4.74872e-33
0.00692275
1.96144e-35
4.53671e-33
4.53671e-33
