1.97386e-35
4.56544e-33
4.56544e-33
4.77872e-33
1.32688e-32
0.00696659
0.0137561
4.77872e-33
1.32688e-32
0.0137561
9.40771e-33
0.0268022
2.15105e-32
0.0203679
0.0271631
0.0402175
0.0402175
0.0203679
0.0268022
2.15105e-32
9.40771e-33
1.37847e-32
0.0391371
2.929e-32
0.0330585
0.0652751
0.0783579
0.0529227
0.0595473
1.37847e-32
0.0391371
0.0529227
0.0783579
0.0652751
0.0330585
2.929e-32
1.79093e-32
0.0450375
0.05076
3.66067e-32
0.0772779
0.0889274
0.114419
0.0966482
0.127178
0.103111
0.127178
0.0966482
0.0450375
3.66067e-32
0.05076
1.79093e-32
0.0889274
0.0772779
0.114419
2.17814e-32
4.34604e-32
0.0563042
0.0616703
0.100227
0.111173
0.148397
0.131668
0.0616703
4.34604e-32
0.0563042
2.17814e-32
0.185704
0.156863
0.173259
0.150562
0.150562
0.148397
0.173259
0.100227
0.185704
0.131668
0.111173
2.54009e-32
0.0718676
4.98508e-32
0.066858
0.121769
0.132011
0.180291
0.164604
0.213699
0.195272
0.216598
0.240848
4.98508e-32
0.0718676
0.066858
2.54009e-32
0.121769
0.180291
0.132011
0.164604
0.219847
0.252987
0.213699
0.252987
0.216598
0.240848
0.195272
2.87676e-32
0.0813517
5.5778e-32
0.0766987
0.141902
0.15144
0.2101
0.195456
0.292608
0.267151
0.237239
0.257192
0.285128
0.316264
0.328106
0.291123
2.87676e-32
0.0813517
5.5778e-32
0.0766987
0.141902
0.15144
0.2101
0.195456
0.316264
0.292608
0.257192
0.328106
0.237239
0.285128
0.267151
3.18817e-32
0.090123
6.12424e-32
0.0858263
0.160628
0.169461
0.237822
0.224221
0.29504
0.340979
0.317217
0.27646
0.346399
0.375529
0.398608
0.363934
0.0858263
3.18817e-32
0.090123
6.12424e-32
0.369785
0.410161
0.410161
0.363934
0.169461
0.237822
0.160628
0.224221
0.317217
0.375529
0.398608
0.29504
0.27646
0.346399
0.340979
3.47435e-32
0.0981822
6.62445e-32
0.0942415
0.250901
0.177945
0.186075
0.26346
0.330143
0.385963
0.363894
0.312936
0.403658
0.430781
0.46449
0.432126
0.449237
0.487008
0.49828
0.454943
6.62445e-32
0.0942415
3.47435e-32
0.0981822
0.26346
0.186075
0.250901
0.177945
0.49828
0.487008
0.449237
0.432126
0.363894
0.312936
0.330143
0.385963
0.430781
0.46449
0.403658
3.73533e-32
0.10553
7.07853e-32
0.101945
0.193856
0.287014
0.275497
0.201284
0.101945
0.10553
7.07853e-32
3.73533e-32
0.362502
0.427559
0.407184
0.346666
0.456903
0.52575
0.495698
0.48202
0.540171
0.558642
0.580615
0.523477
0.591615
0.545741
0.540171
0.591615
0.201284
0.287014
0.275497
0.193856
0.427559
0.362502
0.407184
0.346666
0.580615
0.558642
0.48202
0.523477
0.52575
0.456903
0.495698
3.97117e-32
0.112169
7.48658e-32
0.108938
0.208363
0.21509
0.308489
0.298011
0.108938
0.112169
7.48658e-32
3.97117e-32
0.392122
0.465771
0.447087
0.377655
0.21509
0.298011
0.308489
0.208363
0.506136
0.529248
0.554647
0.58239
0.619612
0.625064
0.657163
0.592505
0.689341
0.641338
0.678606
0.635904
0.635904
0.689341
0.678606
0.619612
0.377655
0.465771
0.392122
0.447087
0.657163
0.554647
0.58239
0.529248
0.506136
0.592505
0.625064
4.18193e-32
0.115223
0.1181
7.84874e-32
0.221469
0.227497
0.327889
0.318448
0.419007
0.500606
0.48361
0.405907
0.115223
0.1181
7.84874e-32
4.18193e-32
0.327889
0.227497
0.318448
0.221469
0.551361
0.572472
0.634416
0.608979
0.419007
0.48361
0.405907
0.500606
0.656323
0.686278
0.727926
0.693267
0.719723
0.735622
0.759253
0.780182
0.790659
0.735622
0.740927
0.790659
0.719723
0.759253
0.780182
0.693267
0.572472
0.686278
0.608979
0.551361
0.727926
0.656323
0.634416
4.36769e-32
8.16515e-32
0.120801
0.123326
0.233178
0.238508
0.34522
0.336813
0.443165
0.532072
0.51676
0.431427
0.120801
0.123326
8.16515e-32
4.36769e-32
0.592586
0.6117
0.681835
0.6587
0.34522
0.238508
0.336813
0.233178
0.51676
0.532072
0.443165
0.431427
0.742291
0.714935
0.792911
0.761139
0.6117
0.592586
0.6587
0.681835
0.823021
0.7972
0.86414
0.833561
0.838541
0.884569
0.843717
0.894796
0.894796
0.823021
0.838541
0.884569
0.7972
0.761139
0.714935
0.833561
0.742291
0.792911
0.86414
4.52852e-32
0.127849
8.43596e-32
0.125675
0.243493
0.24813
0.360489
0.353112
0.464605
0.560179
0.454225
0.546545
0.62982
0.646944
0.724661
0.703821
0.125675
0.127849
8.43596e-32
4.52852e-32
0.24813
0.360489
0.353112
0.243493
0.85213
0.793117
0.768353
0.82324
0.560179
0.464605
0.546545
0.454225
0.703821
0.62982
0.646944
0.724661
0.941224
0.90354
0.868343
0.901542
0.768353
0.85213
0.793117
0.82324
0.943896
0.928748
0.991018
0.971075
1.001
0.948951
0.943896
1.001
0.90354
0.941224
0.901542
0.928748
0.991018
0.971075
0.868343
4.66451e-32
0.131671
8.66133e-32
0.129847
0.252421
0.256365
0.373703
0.367352
0.483335
0.474309
0.584938
0.572976
0.663077
0.678218
0.762908
0.744356
4.66451e-32
8.66133e-32
0.129847
0.131671
0.879582
0.816591
0.838772
0.9056
0.252421
0.256365
0.373703
0.367352
0.584938
0.483335
0.572976
0.474309
0.963211
1.01145
0.977193
0.933165
0.744356
0.762908
0.663077
0.678218
0.816591
0.838772
0.879582
0.9056
1.05019
1.07934
1.01156
1.03616
1.01145
0.963211
0.933165
0.977193
1.05589
1.05095
1.10856
1.09881
1.05019
1.10856
1.07934
1.09881
1.03616
1.05095
1.01156
4.77574e-32
0.134795
8.8414e-32
0.13332
0.259965
0.263219
0.384869
0.379541
0.491688
0.499366
0.606362
0.596066
0.692371
0.705535
0.796594
0.78032
0.13332
0.134795
8.8414e-32
4.77574e-32
0.930186
0.859667
0.879275
0.953343
0.259965
0.379541
0.384869
0.263219
1.07484
1.044
1.01859
0.991687
0.499366
0.606362
0.596066
0.491688
0.78032
0.796594
0.705535
0.692371
1.12194
1.15977
1.12054
1.08699
0.953343
0.859667
0.879275
0.930186
1.07484
1.01859
0.991687
1.044
1.15901
1.14457
1.18823
1.20724
1.12054
1.08699
1.15977
1.12194
1.21676
1.16382
1.15901
1.14457
1.20724
1.18823
1.21676
4.86228e-32
0.137222
8.97628e-32
0.136095
0.266131
0.268696
0.393993
0.389685
0.136095
0.137222
8.97628e-32
4.86228e-32
0.506373
0.512707
0.624463
0.615827
0.717717
0.728913
0.825738
0.811732
0.995382
0.975074
0.897602
0.914648
0.389685
0.266131
0.393993
0.268696
1.06771
1.10398
1.13143
1.04393
0.506373
0.624463
0.615827
0.512707
1.19704
1.18636
1.23236
1.15507
0.825738
0.728913
0.811732
0.717717
0.995382
0.914648
0.897602
0.975074
1.25327
1.2693
1.29709
1.22981
1.13143
1.06771
1.04393
1.10398
1.23236
1.19704
1.15507
1.18636
1.26737
1.27207
1.32495
1.31565
1.25327
1.22981
1.2693
1.29709
1.32495
1.26737
1.31565
4.92419e-32
0.138954
9.06608e-32
0.138174
0.270921
0.272801
0.401083
0.397792
0.518373
0.523368
0.639254
0.632271
0.138174
0.138954
9.06608e-32
4.92419e-32
0.397792
0.401083
0.270921
0.272801
0.73913
0.748365
0.850357
0.838611
0.944912
1.03174
1.01427
0.930418
1.1106
1.15718
1.18124
1.08993
0.518373
0.632271
0.639254
0.523368
1.24347
1.29712
1.26571
1.21583
0.73913
0.838611
0.748365
0.850357
1.34205
1.37813
1.30671
1.33871
1.01427
1.03174
0.944912
0.930418
1.1106
1.15718
1.08993
1.18124
1.37539
1.40527
1.42341
1.36162
1.26571
1.24347
1.29712
1.21583
1.30671
1.37813
1.33871
1.34205
1.37999
1.36162
1.43248
1.43248
1.37539
1.40527
1.42341
4.96151e-32
0.139993
9.11086e-32
0.13956
0.27434
0.275535
0.406142
0.403866
0.527696
0.531356
0.650745
0.645411
0.756625
0.860976
0.763908
0.870471
0.13956
0.139993
9.11086e-32
4.96151e-32
0.275535
0.403866
0.406142
0.27434
0.645411
0.650745
0.531356
0.527696
0.970092
1.06246
1.0478
0.958137
1.20361
1.22431
1.12971
1.14728
1.35412
1.32659
1.29332
1.2693
0.860976
0.756625
0.870471
0.763908
1.37532
1.40653
1.45042
1.41537
0.958137
0.970092
1.0478
1.06246
1.44662
1.51218
1.469
1.48566
1.22431
1.14728
1.20361
1.12971
1.35412
1.29332
1.32659
1.2693
1.53876
1.48245
1.52989
1.48694
1.37532
1.40653
1.41537
1.45042
1.469
1.44662
1.53876
1.52989
1.48566
1.48245
1.51218
4.97426e-32
0.140339
9.11066e-32
0.140252
0.27639
0.276902
0.409177
0.407912
0.53435
0.536677
0.658946
0.655256
0.140252
0.140339
9.11066e-32
4.97426e-32
0.770217
0.886096
0.878844
0.775552
0.990207
1.08754
1.0757
0.980782
0.407912
0.409177
0.276902
0.27639
0.655256
0.658946
0.536677
0.53435
0.770217
0.775552
0.878844
0.886096
1.24333
1.16331
1.26068
1.17779
1.40339
1.37971
1.33595
1.31554
1.43569
1.46279
1.51401
1.4833
1.0757
0.980782
0.990207
1.08754
1.55689
1.55295
1.59133
1.52242
1.16331
1.24333
1.26068
1.17779
1.58796
1.61723
1.63454
1.57482
1.37971
1.40339
1.33595
1.31554
1.51401
1.46279
1.4833
1.43569
1.6432
1.59234
1.58796
1.6432
1.55689
1.52242
1.63454
1.59133
1.55295
1.57482
1.61723
4.96248e-32
0.139993
9.06548e-32
0.140252
0.277074
0.276902
0.410188
0.409935
0.538341
0.539337
0.663863
0.661814
0.779917
0.783309
0.897246
0.89223
0.140252
0.139993
9.06548e-32
4.96248e-32
0.276902
0.409935
0.410188
0.277074
1.00528
1.10703
1.09798
0.998372
1.20216
1.29038
1.27636
1.19075
0.539337
0.538341
0.661814
0.663863
0.89223
0.779917
0.897246
0.783309
1.00528
0.998372
1.10703
1.09798
1.42514
1.44497
1.3714
1.35457
1.48786
1.51089
1.56895
1.54255
1.619
1.58908
1.66092
1.62731
1.19075
1.27636
1.20216
1.29038
1.71989
1.69457
1.67851
1.65715
1.35457
1.3714
1.44497
1.42514
1.69135
1.7368
1.74527
1.69563
1.56895
1.54255
1.48786
1.51089
1.58908
1.619
1.62731
1.66092
1.69135
1.67851
1.74527
1.7368
1.65715
1.69457
1.71989
4.92613e-32
0.138954
8.97529e-32
0.13956
0.27639
0.275535
0.409177
0.409935
0.665092
0.53967
0.539337
0.665502
0.13956
0.138954
8.97529e-32
4.92613e-32
0.785733
0.787186
0.903932
0.901146
1.01531
1.12093
1.11467
1.01092
0.275535
0.409935
0.409177
0.27639
0.665092
0.665502
0.53967
0.539337
1.22042
1.31344
1.30274
1.21206
1.3997
1.4629
1.38644
1.47893
0.901146
0.903932
0.787186
0.785733
1.11467
1.01092
1.01531
1.12093
1.31344
1.22042
1.21206
1.30274
1.53189
1.5932
1.61531
1.55087
1.64667
1.67208
1.72102
1.69215
1.75868
1.7949
1.72952
1.76199
1.38644
1.4629
1.47893
1.3997
1.77956
1.79211
1.81964
1.83618
1.53189
1.61531
1.5932
1.55087
1.84445
1.84445
1.7963
1.79211
1.67208
1.72102
1.64667
1.69215
1.83618
1.81964
1.76199
1.72952
1.7949
1.77956
1.75868
4.8652e-32
0.137222
8.84001e-32
0.138174
0.27434
0.272801
0.406142
0.407912
0.663863
0.665092
0.538341
0.536677
0.787672
0.787186
0.90616
0.905603
0.138174
0.137222
8.84001e-32
4.8652e-32
0.272801
0.407912
0.406142
0.27434
1.02033
1.12927
1.12579
1.01845
1.23258
1.3299
1.3225
1.22726
0.665092
0.663863
0.536677
0.538341
0.905603
0.787672
0.90616
0.787186
1.4209
1.50529
1.41119
1.49305
1.56783
1.63529
1.65315
1.58278
1.02033
1.01845
1.12927
1.12579
1.22726
1.3225
1.3299
1.23258
1.41119
1.49305
1.50529
1.4209
1.69526
1.74754
1.71619
1.77172
1.79201
1.85965
1.81958
1.82855
1.89183
1.85706
1.91603
1.87748
1.56783
1.63529
1.58278
1.65315
1.94029
1.88975
1.89384
1.9322
1.69526
1.71619
1.77172
1.74754
1.88975
1.94029
1.9322
1.87748
1.82855
1.81958
1.79201
1.85965
1.89183
1.85706
1.91603
4.77964e-32
0.134795
8.65954e-32
0.136095
0.270921
0.268697
0.401083
0.403866
0.531356
0.658946
0.661814
0.53435
0.136095
0.134795
8.65954e-32
4.77964e-32
0.785733
0.783309
0.903932
0.905603
1.02033
1.13204
1.02096
1.13135
0.268697
0.403866
0.401083
0.270921
0.661814
0.658946
0.53435
0.531356
1.23865
1.33976
1.33565
1.23637
1.51563
1.43502
1.52409
1.42884
0.783309
0.785733
0.903932
0.905603
1.02096
1.13135
1.13204
1.02033
1.59573
1.60668
1.66889
1.68252
1.7349
1.75139
1.81308
1.79356
1.23865
1.33976
1.23637
1.33565
1.52409
1.43502
1.42884
1.51563
1.68252
1.59573
1.66889
1.60668
1.84471
1.88822
1.86742
1.91425
1.98494
1.95346
1.95184
1.92396
1.98381
2.00861
2.02443
1.97181
1.7349
1.81308
1.75139
1.79356
1.98381
2.03234
1.98782
2.03234
1.91425
1.88822
1.84471
1.86742
1.97181
1.98494
1.95346
2.00861
2.02443
1.92396
1.95184
4.66938e-32
0.131671
8.43377e-32
0.13332
0.266131
0.397792
0.263219
0.393993
0.523368
0.650745
0.655256
0.527696
0.13332
0.131671
8.43377e-32
4.66938e-32
0.779917
0.775552
0.897246
0.901146
0.263219
0.397792
0.393993
0.266131
1.01531
1.01845
1.12927
1.13135
1.23865
1.34305
1.34223
1.23941
0.527696
0.655256
0.650745
0.523368
0.775552
0.901146
0.779917
0.897246
1.53066
1.44207
1.53536
1.43943
1.62259
1.61563
1.70347
1.69405
1.01845
1.12927
1.13135
1.01531
1.34223
1.34305
1.23865
1.23941
1.76567
1.84518
1.83028
1.77774
1.95878
1.8877
1.90558
1.93777
1.53536
1.44207
1.43943
1.53066
1.61563
1.69405
1.70347
1.62259
1.76567
1.77774
1.83028
1.84518
2.01532
1.98034
2.00463
2.043
2.07382
2.09699
2.06215
2.04261
2.12022
2.07781
2.11247
2.07389
1.93777
1.90558
1.8877
1.95878
2.12022
2.07389
2.11247
2.06215
2.09699
2.01532
2.07382
1.98034
2.04261
2.00463
2.043
4.53437e-32
0.127849
8.16256e-32
0.129847
0.129847
0.127849
8.16256e-32
4.53437e-32
0.259965
0.384869
0.389685
0.256365
0.512707
0.639254
0.645411
0.518373
0.770217
0.763908
0.886096
0.89223
0.389685
0.384869
0.259965
0.256365
1.01092
1.00528
1.12093
1.12579
0.645411
0.639254
0.512707
0.518373
1.23258
1.33976
1.34223
1.23637
1.44207
1.53911
1.53817
1.44295
0.763908
0.89223
0.770217
0.886096
1.00528
1.12093
1.01092
1.12579
1.62756
1.63053
1.71602
1.71079
1.78761
1.79528
1.85777
1.86806
1.33976
1.23258
1.23637
1.34223
1.44207
1.44295
1.53817
1.53911
1.92106
1.93414
1.99331
1.97729
2.02632
2.09034
2.04543
2.06801
1.62756
1.71079
1.63053
1.71602
1.78761
1.86806
1.79528
1.85777
1.92106
1.99331
1.97729
1.93414
2.15812
2.12898
2.10226
2.12794
2.19597
2.18081
2.14811
2.1596
2.1596
2.16344
2.20356
2.20356
2.02632
2.06801
2.09034
2.04543
2.19597
2.12898
2.14811
2.18081
2.12794
2.15812
2.10226
4.37452e-32
0.123326
7.84574e-32
0.125675
0.252421
0.24813
0.373703
0.379541
0.125675
0.123326
7.84574e-32
4.37452e-32
0.379541
0.373703
0.252421
0.24813
0.499366
0.624463
0.632271
0.506373
0.756625
0.748365
0.870471
0.878844
0.998372
0.990207
1.10703
1.11468
0.506373
0.499366
0.632271
0.624463
1.22042
1.3299
1.33565
1.22726
0.878844
0.870471
0.756625
0.748365
1.43502
1.53536
1.53817
1.43943
1.63153
1.7202
1.71916
1.63053
0.998372
1.10703
0.990207
1.11468
1.3299
1.33565
1.22042
1.22726
1.80404
1.88177
1.80076
1.87606
1.94483
1.95314
2.01793
2.00686
1.53536
1.43943
1.53817
1.43502
1.63053
1.71916
1.63153
1.7202
2.06197
2.07596
2.12705
2.11002
2.18443
2.20793
2.15087
2.17108
1.87606
1.80076
1.80404
1.88177
1.95314
1.94483
2.01793
2.00686
2.06197
2.12705
2.11002
2.07596
2.25975
2.23751
2.21061
2.22935
2.24437
2.24061
2.27461
2.28205
2.24061
2.28205
2.22935
2.27461
2.15087
2.21061
2.20793
2.17108
2.23751
2.25975
2.18443
4.18975e-32
0.120801
0.1181
7.48318e-32
0.243493
0.238508
0.360489
0.367353
0.483335
0.606362
0.615827
0.491688
0.120801
0.1181
7.48318e-32
4.18975e-32
0.238508
0.367353
0.360489
0.243493
0.615827
0.606362
0.483335
0.491688
0.73913
0.728913
0.850357
0.860976
0.980782
0.970092
1.08754
1.09798
1.21206
1.20216
1.31344
1.3225
0.728913
0.860976
0.73913
0.850357
1.4209
1.52409
1.53066
1.42884
0.980782
1.08754
1.09798
0.970092
1.71916
1.62756
1.62259
1.71602
1.88634
1.80514
1.80404
1.8852
1.20216
1.21206
1.3225
1.31344
1.42884
1.53066
1.52409
1.4209
1.95908
2.03268
2.02654
1.96263
2.08739
2.1532
2.09627
2.14144
1.71916
1.62756
1.62259
1.71602
1.88634
1.80404
1.8852
1.80514
2.24653
2.22862
2.20334
2.18856
2.28268
2.26153
2.2872
2.3117
1.95908
2.03268
2.02654
1.96263
2.08739
2.1532
2.09627
2.14144
2.22862
2.18856
2.24653
2.20334
2.30558
2.3481
2.31662
2.33352
2.35539
2.35539
2.3203
2.31662
2.30558
2.3117
2.33352
2.3481
2.28268
2.2872
2.26153
3.97998e-32
7.07472e-32
0.115223
0.112169
0.233178
0.227497
0.345221
0.353112
0.464605
0.584938
0.596066
0.474309
0.115223
0.112169
7.07472e-32
3.97998e-32
0.717717
0.705535
0.825738
0.838611
0.227497
0.353112
0.345221
0.233178
0.474309
0.464605
0.596066
0.584938
0.705535
0.838611
0.825738
0.717717
0.958137
0.944912
1.06246
1.0757
1.17779
1.29038
1.30274
1.19075
1.3997
1.50529
1.51563
1.41119
0.958137
1.0757
1.06246
0.944912
1.61563
1.70347
1.71079
1.60668
1.29038
1.30274
1.17779
1.19075
1.79528
1.88177
1.80076
1.8852
2.03759
1.96382
1.96263
2.03637
1.50529
1.3997
1.41119
1.51563
1.71079
1.61563
1.70347
1.60668
2.16235
2.10261
2.10641
2.16887
2.2248
2.26167
2.21541
2.27404
1.79528
1.88177
1.80076
1.8852
2.03759
1.96263
1.96382
2.03637
2.35196
2.33328
2.31646
2.30099
2.38045
2.35848
2.37651
2.40187
2.10261
2.16887
2.16235
2.10641
2.27404
2.26167
2.21541
2.2248
2.30099
2.33328
2.31646
2.35196
2.39096
2.38735
2.41618
2.42334
2.42334
2.38735
2.37651
2.40187
2.41618
2.38045
2.35848
3.74513e-32
0.10553
6.62024e-32
0.108938
0.108938
0.10553
6.62024e-32
3.74513e-32
0.221469
0.21509
0.327889
0.336813
0.443165
0.560179
0.572976
0.454225
0.692371
0.678218
0.796594
0.811732
0.336813
0.327889
0.221469
0.21509
0.930418
0.914648
1.03174
1.0478
0.572976
0.443165
0.560179
0.454225
0.796594
0.678218
0.811732
0.692371
0.930418
1.0478
1.03174
0.914648
1.16331
1.14728
1.26068
1.27636
1.3714
1.47893
1.49305
1.38644
1.59573
1.69405
1.58278
1.68252
1.26068
1.27636
1.14728
1.16331
1.77774
1.87606
1.78761
1.86806
1.3714
1.38644
1.49305
1.47893
2.03268
2.03637
1.95908
1.95314
2.17278
2.10768
2.17409
2.10641
1.69405
1.59573
1.58278
1.68252
1.87606
1.78761
1.77774
1.86806
2.23551
2.29051
2.28365
2.2315
2.33892
2.36773
2.38062
2.3291
1.95314
1.95908
2.03637
2.03268
2.17409
2.10641
2.10768
2.17278
2.44353
2.41552
2.42421
2.39946
2.44192
2.45257
2.47865
2.46459
2.2315
2.23551
2.28365
2.29051
2.3291
2.33892
2.38062
2.36773
2.41552
2.44353
2.39946
2.42421
2.45612
2.48569
2.48569
2.45257
2.46459
2.47865
2.44192
3.48515e-32
0.0981822
6.11962e-32
0.101945
3.48515e-32
0.101945
0.0981822
6.11962e-32
0.208363
0.201284
0.308489
0.318448
0.318448
0.308489
0.208363
0.201284
0.431427
0.419007
0.532072
0.546545
0.663077
0.646944
0.762908
0.78032
0.897602
0.879275
0.995382
1.01427
0.546545
0.532072
0.419007
0.431427
1.12971
1.1106
1.22431
1.24333
0.646944
0.78032
0.762908
0.663077
0.897602
1.01427
0.995382
0.879275
1.1106
1.12971
1.24333
1.22431
1.33595
1.44497
1.4629
1.35457
1.56783
1.65315
1.55087
1.66889
1.85777
1.76567
1.75139
1.84518
1.33595
1.44497
1.4629
1.35457
2.02654
1.93414
1.94483
2.01793
1.55087
1.66889
1.65315
1.56783
2.16887
2.17278
2.09627
2.10261
2.23551
2.29462
2.29599
2.23685
1.85777
1.84518
1.75139
1.76567
1.94483
2.02654
1.93414
2.01793
2.39779
2.34593
2.35013
2.39064
2.43884
2.47318
2.45985
2.42864
2.16887
2.10261
2.09627
2.17278
2.23685
2.29462
2.23551
2.29599
2.48419
2.50161
2.52147
2.50075
2.51208
2.51557
2.53531
2.54224
2.35013
2.34593
2.39064
2.39779
2.47318
2.42864
2.45985
2.43884
2.54224
2.48419
2.53531
2.51208
2.50161
2.52147
2.50075
0.0942415
0.090123
5.57277e-32
3.19997e-32
3.19997e-32
0.090123
5.57277e-32
0.0942415
0.193856
0.186075
0.287014
0.298011
0.193856
0.186075
0.298011
0.287014
0.392122
0.500606
0.51676
0.405907
0.51676
0.500606
0.392122
0.405907
0.62982
0.6117
0.724661
0.744356
0.859667
0.838772
0.953343
0.975074
1.08993
1.06771
1.18124
1.20361
0.724661
0.6117
0.744356
0.62982
1.31554
1.29332
1.40339
1.42514
0.838772
0.859667
0.975074
0.953343
1.18124
1.08993
1.20361
1.06771
1.31554
1.42514
1.40339
1.29332
1.63529
1.53189
1.51089
1.61531
1.83028
1.7349
1.81308
1.71619
2.00686
1.90558
1.99331
1.92106
1.63529
1.61531
1.53189
1.51089
2.16235
2.07596
2.1532
2.08739
1.83028
1.71619
1.7349
1.81308
2.2248
2.29051
2.2315
2.29462
2.40207
2.4035
2.35153
2.35013
2.00686
1.99331
1.90558
1.92106
2.07596
2.08739
2.16235
2.1532
2.45048
2.49094
2.48354
2.44611
2.52479
2.53825
2.55195
2.51428
2.2315
2.29051
2.29462
2.2248
2.35013
2.35153
2.40207
2.4035
2.55541
2.57238
2.58601
2.56571
2.56571
2.56915
2.59284
2.59284
2.48354
2.44611
2.49094
2.45048
2.52479
2.55195
2.53825
2.58601
2.57238
2.51428
2.55541
0.0858264
0.0813517
4.97964e-32
2.88956e-32
0.275497
0.26346
0.177945
0.169461
2.88956e-32
0.0813517
4.97964e-32
0.0858264
0.177945
0.169461
0.26346
0.275497
0.362502
0.465771
0.48361
0.377655
0.465771
0.362502
0.377655
0.48361
0.592586
0.572472
0.681835
0.703821
0.572472
0.703821
0.681835
0.592586
0.816591
0.793118
0.9056
0.930186
1.04393
1.01859
1.13143
1.15718
1.24347
1.35412
1.37971
1.2693
0.793118
0.816591
0.930186
0.9056
1.48786
1.46279
1.56895
1.5932
1.01859
1.13143
1.04393
1.15718
1.35412
1.2693
1.37971
1.24347
1.46279
1.5932
1.48786
1.56895
1.67208
1.69526
1.77172
1.79356
1.97729
1.86742
1.95878
1.8877
2.12705
2.04543
2.14144
2.06197
1.79356
1.77172
1.67208
1.69526
2.20334
2.28365
2.27404
2.21541
1.86742
1.8877
1.97729
1.95878
2.39779
2.33892
2.40207
2.34593
2.45193
2.49685
2.49537
2.45048
2.14144
2.12705
2.06197
2.04543
2.28365
2.21541
2.20334
2.27404
2.5626
2.53229
2.53679
2.5702
2.59701
2.58624
2.61716
2.60316
2.39779
2.34593
2.33892
2.40207
2.45193
2.49685
2.49537
2.45048
2.61671
2.63062
2.61332
2.63736
2.61332
2.63062
2.60316
2.63736
2.5626
2.53679
2.5702
2.53229
2.61716
2.59701
2.58624
0.0766987
0.0718676
4.34019e-32
2.55388e-32
0.250901
0.237822
0.160628
0.15144
2.55388e-32
0.0718676
4.34019e-32
0.0766987
0.447087
0.427559
0.330143
0.346666
0.160628
0.15144
0.237822
0.250901
0.330143
0.427559
0.447087
0.346666
0.551361
0.529248
0.634416
0.6587
0.6587
0.634416
0.551361
0.529248
0.768353
0.742292
0.85213
0.879582
0.768353
0.879582
0.85213
0.742292
0.991687
0.963211
1.07484
1.10398
1.21583
1.18636
1.29712
1.32659
1.43569
1.40653
1.51401
1.54255
1.07484
0.991687
1.10398
0.963211
1.74754
1.64667
1.72102
1.619
1.18636
1.29712
1.32659
1.21583
1.40653
1.54255
1.51401
1.43569
1.74754
1.619
1.64667
1.72102
1.91425
1.81958
1.93777
1.84472
2.09034
2.11002
2.00463
2.02632
2.26167
2.17108
2.24653
2.18856
1.81958
1.93777
1.91425
1.84472
2.31646
2.38062
2.39064
2.3291
2.00463
2.09034
2.11002
2.02632
2.43884
2.49094
2.44611
2.49537
2.53829
2.53679
2.57475
2.57627
2.18856
2.17108
2.26167
2.24653
2.39064
2.3291
2.38062
2.31646
2.62804
2.63581
2.6093
2.6047
2.65479
2.64475
2.65573
2.66903
2.44611
2.49094
2.43884
2.49537
2.57627
2.53829
2.53679
2.57475
2.65814
2.65479
2.67569
2.67569
2.62804
2.6093
2.64475
2.66903
2.6047
2.63581
2.65573
0.066858
0.0616703
3.65441e-32
2.19294e-32
0.224221
0.2101
0.141902
0.132011
2.19294e-32
0.0616703
3.65441e-32
0.066858
0.407184
0.385963
0.295041
0.312936
0.141902
0.132011
0.2101
0.224221
0.608979
0.58239
0.506136
0.48202
0.295041
0.385963
0.407184
0.312936
0.506136
0.48202
0.58239
0.608979
0.714935
0.686278
0.792911
0.82324
0.714935
0.82324
0.792911
0.686278
0.933165
0.901542
1.01145
1.044
0.901542
0.933165
1.044
1.01145
1.12194
1.23236
1.26571
1.15507
1.37532
1.34205
1.45042
1.4833
1.58908
1.69215
1.55689
1.66092
1.12194
1.26571
1.23236
1.15507
1.76199
1.88822
1.85965
1.79201
1.34205
1.45042
1.4833
1.37532
1.66092
1.55689
1.69215
1.58908
1.85965
1.76199
1.79201
1.88822
2.06801
1.95346
2.043
1.98034
2.12794
2.22862
2.20793
2.15087
2.28268
2.35196
2.36773
2.30099
2.043
2.06801
1.95346
1.98034
2.47318
2.41552
2.42864
2.48354
2.22862
2.15087
2.12794
2.20793
2.52479
2.5702
2.53229
2.57475
2.64201
2.61084
2.6093
2.64046
2.36773
2.28268
2.30099
2.35196
2.47318
2.42864
2.48354
2.41552
2.66356
2.68009
2.68799
2.66826
2.70116
2.69002
2.69334
2.70775
2.57475
2.52479
2.5702
2.53229
2.61084
2.64046
2.6093
2.64201
2.66826
2.68009
2.68799
2.69002
2.70775
2.70116
2.66356
0.0563042
0.05076
2.92233e-32
1.80673e-32
0.195456
0.180291
0.121769
0.111173
1.80673e-32
0.05076
2.92233e-32
0.0563042
0.363894
0.340979
0.257192
0.27646
0.121769
0.111173
0.180291
0.195456
0.554647
0.52575
0.456903
0.430781
0.257192
0.340979
0.363894
0.27646
0.656323
0.76114
0.727926
0.625064
0.456903
0.430781
0.52575
0.554647
0.656323
0.625064
0.727926
0.76114
0.868343
0.833562
0.941225
0.977194
0.868343
0.977194
0.833562
0.941225
1.08699
1.05019
1.15977
1.19704
1.15977
1.05019
1.08699
1.19704
1.30671
1.2693
1.37813
1.41537
1.62731
1.52242
1.48566
1.59133
1.7949
1.82855
1.69457
1.72952
1.2693
1.41537
1.37813
1.30671
1.89183
1.98494
2.01532
1.92396
1.59133
1.48566
1.62731
1.52242
1.7949
1.69457
1.82855
1.72952
1.89183
1.98494
1.92396
2.01532
2.18443
2.15812
2.07382
2.10226
2.23751
2.3117
2.33328
2.26153
2.44353
2.39946
2.45985
2.38045
2.18443
2.15812
2.07382
2.10226
2.51428
2.50075
2.5626
2.55195
2.3117
2.26153
2.23751
2.33328
2.63581
2.59701
2.6047
2.64046
2.69429
2.69272
2.66982
2.66826
2.38045
2.44353
2.39946
2.45985
2.55195
2.5626
2.51428
2.50075
2.71894
2.72693
2.7091
2.71386
2.72223
2.73347
2.73347
2.71894
2.6047
2.63581
2.64046
2.59701
2.69272
2.72693
2.66982
2.69429
2.71386
2.7091
2.66826
0.0450375
0.0391371
2.14397e-32
1.39526e-32
1.39526e-32
0.0391371
2.14397e-32
0.0450375
0.164604
0.148397
0.100227
0.0889275
0.317217
0.292608
0.216598
0.237239
0.100227
0.0889275
0.148397
0.164604
0.375529
0.495698
0.46449
0.403658
0.216598
0.292608
0.317217
0.237239
0.592506
0.693267
0.657163
0.558642
0.403658
0.375529
0.46449
0.495698
0.7972
0.903541
0.86414
0.759253
0.592506
0.558642
0.657163
0.693267
0.7972
0.759253
0.86414
0.903541
1.01156
0.971075
1.07934
1.12054
1.01156
1.12054
1.07934
0.971075
1.22981
1.18823
1.29709
1.33871
1.33871
1.18823
1.29709
1.22981
1.55295
1.44662
1.51218
1.40527
1.61723
1.65715
1.75868
1.71989
1.81964
1.95184
1.91603
1.85706
1.51218
1.40527
1.55295
1.44662
2.00861
2.12898
2.09699
2.04261
1.61723
1.71989
1.65715
1.75868
1.91603
1.81964
1.95184
1.85706
2.12898
2.00861
2.09699
2.04261
2.2872
2.18081
2.25975
2.21061
2.40187
2.33352
2.42421
2.35848
2.48419
2.46459
2.52147
2.53825
2.18081
2.25975
2.2872
2.21061
2.57238
2.62804
2.58624
2.61716
2.33352
2.42421
2.35848
2.40187
2.65573
2.68799
2.66356
2.69272
2.73332
2.71386
2.71545
2.73172
2.48419
2.53825
2.52147
2.46459
2.58624
2.61716
2.57238
2.62804
2.7528
2.74475
2.74149
2.7463
2.7463
2.73172
2.74149
2.7528
2.68799
2.66356
2.65573
2.69272
2.71545
2.73332
2.71386
9.58567e-33
0.0268022
1.3194e-32
0.0330585
0.0330585
0.0268022
1.3194e-32
9.58567e-33
0.131668
0.114419
0.0772779
0.0652751
0.0772779
0.0652751
0.114419
0.131668
0.267151
0.240848
0.173259
0.195272
0.432127
0.398608
0.346399
0.316264
0.173259
0.240848
0.195272
0.267151
0.523477
0.619612
0.580615
0.487008
0.346399
0.316264
0.398608
0.432127
0.719723
0.823021
0.678606
0.780182
0.523477
0.487008
0.580615
0.619612
0.928748
1.03616
0.991018
0.884569
0.719723
0.678606
0.780182
0.823021
0.928748
0.884569
0.991018
1.03616
1.14457
1.09881
1.20724
1.25327
1.14457
1.25327
1.09881
1.20724
1.31565
1.42341
1.36162
1.469
1.31565
1.469
1.42341
1.36162
1.63454
1.67851
1.52989
1.57482
1.7368
1.87748
1.77956
1.83618
1.9322
2.02443
2.06215
1.97181
1.63454
1.52989
1.67851
1.57482
2.11247
2.22935
2.19597
2.14811
1.83618
1.7368
1.77956
1.87748
2.06215
1.9322
2.02443
1.97181
2.19597
2.11247
2.22935
2.14811
2.3481
2.37651
2.27461
2.30558
2.47865
2.41618
2.50161
2.44192
2.55541
2.58601
2.60316
2.53531
2.27461
2.37651
2.30558
2.3481
2.64475
2.66903
2.63062
2.68009
2.44192
2.47865
2.50161
2.41618
2.7091
2.73172
2.70116
2.72693
2.75924
2.7463
2.75763
2.74791
2.53531
2.55541
2.60316
2.58601
2.64475
2.68009
2.66903
2.63062
2.75763
2.76087
2.76571
2.76571
2.72693
2.75924
2.74791
2.73172
2.7091
2.70116
2.7463
0.0203679
0.0137561
4.4865e-33
4.96666e-33
4.96666e-33
0.0137561
4.4865e-33
0.0203679
0.0529227
0.0402175
0.0783579
0.0966482
0.0966482
0.0783579
0.0529227
0.0402175
0.213699
0.185704
0.127178
0.150562
0.127178
0.150562
0.185704
0.213699
0.363934
0.328106
0.285128
0.252988
0.449237
0.540171
0.49828
0.410161
0.285128
0.252988
0.328106
0.363934
0.635904
0.735622
0.689341
0.591615
0.449237
0.410161
0.49828
0.540171
0.838541
0.943896
0.894796
0.790659
0.635904
0.591615
0.689341
0.735622
1.05096
1.15901
1.10856
1.001
0.838541
0.790659
0.894796
0.943896
1.15901
1.05096
1.001
1.10856
1.21676
1.32495
1.37539
1.26737
1.26737
1.37539
1.21676
1.32495
1.58796
1.43248
1.48245
1.53876
1.58796
1.43248
1.53876
1.48245
1.6432
1.74527
1.79211
1.69135
1.84445
1.94029
1.98381
1.88975
2.12022
2.1596
2.03234
2.07389
1.74527
1.6432
1.79211
1.69135
2.20356
2.31662
2.28205
2.24061
1.98381
1.94029
1.84445
1.88975
2.03234
2.1596
2.07389
2.12022
2.20356
2.31662
2.28205
2.24061
2.38735
2.35539
2.42334
2.45257
2.51208
2.48569
2.56571
2.54224
2.65479
2.59284
2.61332
2.63736
2.42334
2.45257
2.35539
2.38735
2.71894
2.70775
2.69002
2.67569
2.48569
2.54224
2.51208
2.56571
2.73347
2.74149
2.75763
2.7528
2.77055
2.76732
2.76571
2.77217
2.63736
2.59284
2.61332
2.65479
2.67569
2.69002
2.71894
2.70775
2.76571
2.75763
2.76732
2.77217
2.73347
2.7528
2.74149
1.16432e-34
0.00696659
0.00696659
1.16432e-34
0.0595473
0.0271631
0.0271631
0.0595473
0.156863
0.103111
0.103111
0.156863
0.219847
0.291123
0.219847
0.291123
0.369785
0.454943
0.545741
0.641338
0.369785
0.454943
0.740927
0.843717
0.641338
0.545741
0.948951
1.05589
0.843717
0.740927
1.16382
1.27207
0.948951
1.05589
1.16382
1.27207
1.37999
1.48694
1.37999
1.48694
1.59234
1.69563
1.69563
1.59234
1.7963
1.89384
1.98782
2.07781
2.24437
2.16344
1.89384
1.7963
2.39096
2.3203
2.07781
1.98782
2.16344
2.24437
2.39096
2.3203
2.45612
2.51557
2.61671
2.56915
2.69334
2.65814
2.45612
2.51557
2.74475
2.72223
2.61671
2.56915
2.77055
2.76087
2.77378
2.77055
2.65814
2.69334
2.72223
2.76087
2.74475
1.21676
1.6432
1.53876
0.0137561
1.32495
1.43248
1.32495
1.43248
1.21676
0.185704
0.252988
1.10856
1.53876
0.410161
1.001
0.894796
1.6432
0.790659
0.689341
1.74527
0.591615
0.49828
1.84445
0.328106
1.94029
2.03234
0.127178
0.0783579
2.12022
0.0402175
2.20356
2.28205
0.0137561
1.74527
1.84445
2.35539
2.42334
2.03234
2.48569
0.0402175
2.54224
2.59284
0.0783579
2.63736
2.67569
0.127178
2.70775
2.73347
0.185704
2.59284
2.7528
2.63736
2.76571
0.252988
2.77217
2.77217
0.328106
2.76571
2.7528
0.410161
2.73347
2.70775
0.49828
2.67569
0.591615
2.54224
0.689341
2.48569
2.42334
0.790659
2.35539
2.28205
0.894796
2.20356
2.12022
1.001
1.94029
1.10856
4.4865e-33
4.4865e-33
4.96666e-33
0.0203679
0.0203679
4.96666e-33
0.0966482
0.0529227
0.0529227
0.0966482
0.150562
0.213699
0.150562
0.213699
0.363934
0.285128
0.285128
0.363934
0.540171
0.449237
0.735622
0.635904
0.449237
0.540171
0.838541
0.943896
0.735622
0.635904
1.15901
1.05096
0.838541
0.943896
1.26737
1.37539
1.05096
1.15901
1.26737
1.37539
1.58796
1.48245
1.58796
1.48245
1.69135
1.79211
1.79211
1.69135
1.98381
1.88975
2.1596
2.07389
2.24061
2.31662
1.88975
1.98381
2.45257
2.38735
2.1596
2.07389
2.31662
2.24061
2.38735
2.45257
2.51208
2.56571
2.65479
2.61332
2.69002
2.71894
2.56571
2.51208
2.75763
2.74149
2.65479
2.61332
2.77055
2.76732
2.76732
2.75763
2.71894
2.69002
2.74149
1.52989
1.42341
1.42341
1.31565
1.52989
1.20724
0.114419
1.09881
0.991018
1.63454
0.884569
1.7368
0.780182
0.678606
0.580615
1.83618
0.487008
1.9322
0.398608
0.316264
0.240848
2.02443
0.173259
2.11247
0.0652751
0.0268022
2.19597
2.27461
0.0268022
2.3481
1.63454
2.41618
2.47865
1.83618
0.0652751
2.53531
2.58601
2.11247
2.63062
0.114419
2.66903
0.173259
2.70116
2.72693
2.7463
2.47865
0.240848
2.75924
0.316264
2.63062
2.76571
2.76571
2.75924
0.398608
2.7463
0.487008
2.72693
2.70116
2.66903
0.580615
0.678606
2.58601
2.53531
0.780182
2.41618
0.884569
2.3481
2.27461
2.19597
0.991018
1.09881
2.02443
1.9322
1.20724
1.7368
1.31565
1.3194e-32
1.3194e-32
9.58567e-33
0.0330585
0.0330585
9.58567e-33
0.131668
0.0772779
0.0772779
0.131668
0.195272
0.267151
0.267151
0.195272
0.432127
0.346399
0.346399
0.432127
0.619612
0.523477
0.719723
0.823021
0.523477
0.619612
0.928748
1.03616
0.823021
0.719723
1.14457
1.25327
1.03616
0.928748
1.469
1.36162
1.14457
1.25327
1.469
1.36162
1.57482
1.67851
1.67851
1.57482
1.87748
1.77956
1.77956
1.87748
2.06215
1.97181
2.22935
2.14811
2.30558
2.37651
2.06215
1.97181
2.44192
2.50161
2.14811
2.22935
2.37651
2.30558
2.44192
2.50161
2.55541
2.60316
2.64475
2.68009
2.7091
2.73172
2.60316
2.55541
2.75763
2.74791
2.64475
2.68009
2.76087
2.75763
2.74791
2.7091
2.73172
1.51218
1.29709
1.61723
0.0391371
1.18823
1.07934
0.971075
1.71989
0.86414
0.292608
0.375529
1.81964
0.759253
0.657163
0.558642
1.91603
0.46449
2.00861
0.216598
2.09699
0.148397
2.18081
0.0889275
2.25975
2.33352
0.0391371
2.40187
1.51218
2.46459
0.0889275
2.52147
2.57238
2.61716
1.91603
2.00861
0.148397
2.65573
0.216598
2.68799
2.71386
2.73332
0.292608
2.40187
2.7463
0.375529
2.52147
2.57238
2.7528
2.7528
2.7463
0.46449
2.73332
0.558642
2.71386
2.68799
2.65573
0.657163
2.61716
0.759253
2.46459
0.86414
0.971075
2.33352
2.25975
2.18081
1.07934
2.09699
1.18823
1.81964
1.29709
1.71989
1.40527
1.61723
1.40527
2.14397e-32
2.14397e-32
1.39526e-32
0.0450375
0.0450375
1.39526e-32
0.100227
0.164604
0.100227
0.164604
0.237239
0.317217
0.317217
0.237239
0.495698
0.403658
0.403658
0.495698
0.592506
0.693267
0.7972
0.903541
0.592506
0.693267
1.01156
1.12054
0.903541
0.7972
1.33871
1.22981
1.01156
1.12054
1.55295
1.44662
1.22981
1.33871
1.55295
1.44662
1.75868
1.65715
1.75868
1.65715
1.85706
1.95184
1.95184
1.85706
2.12898
2.04261
2.2872
2.21061
2.35848
2.42421
2.04261
2.12898
2.48419
2.53825
2.21061
2.2872
2.42421
2.35848
2.48419
2.53825
2.62804
2.58624
2.66356
2.69272
2.71545
2.73172
2.58624
2.62804
2.74475
2.74149
2.69272
2.66356
2.74149
2.73172
2.71545
1.69457
1.05019
0.941225
1.7949
0.833562
0.727926
1.89183
0.625064
0.52575
1.98494
0.430781
0.340979
2.07382
0.257192
0.180291
2.15812
0.111173
0.05076
2.23751
2.3117
0.05076
1.15977
1.2693
2.38045
2.44353
1.48566
2.50075
0.111173
2.55195
2.59701
0.180291
2.63581
2.66826
0.257192
2.69429
2.71386
0.340979
2.23751
2.72693
2.3117
2.73347
0.430781
2.73347
2.72693
0.52575
2.55195
2.59701
2.71386
2.69429
0.625064
2.66826
2.63581
0.727926
0.833562
2.50075
2.44353
0.941225
2.38045
1.05019
2.15812
1.15977
2.07382
1.98494
1.2693
1.89183
1.7949
1.37813
1.69457
1.59133
1.48566
1.37813
1.59133
2.92233e-32
2.92233e-32
1.80673e-32
0.0563042
0.0563042
1.80673e-32
0.195456
0.121769
0.121769
0.195456
0.363894
0.27646
0.27646
0.363894
0.554647
0.456903
0.456903
0.554647
0.76114
0.656323
0.868343
0.977194
0.76114
0.656323
1.19704
1.08699
0.868343
0.977194
1.41537
1.30671
1.19704
1.08699
1.62731
1.52242
1.41537
1.30671
1.52242
1.62731
1.82855
1.72952
1.72952
1.82855
2.01532
1.92396
1.92396
2.01532
2.18443
2.10226
2.33328
2.26153
2.39946
2.45985
2.10226
2.18443
2.5626
2.51428
2.26153
2.33328
2.45985
2.39946
2.5626
2.51428
2.6047
2.64046
2.66982
2.69272
2.7091
2.71894
2.64046
2.6047
2.71894
2.72223
2.66982
2.7091
2.69272
0.901542
0.792911
1.85965
0.686278
1.95346
0.58239
0.48202
0.385963
2.043
0.295041
2.12794
0.2101
0.132011
0.0616703
2.20793
2.28268
0.0616703
2.35196
1.01145
2.41552
2.47318
1.23236
0.132011
2.52479
2.5702
1.55689
2.6093
0.2101
2.64201
0.295041
2.66826
2.68799
2.70116
2.043
0.385963
2.70775
0.48202
2.28268
2.70775
2.70116
2.68799
0.58239
2.47318
2.66826
0.686278
2.64201
2.6093
2.5702
0.792911
2.52479
0.901542
2.41552
2.35196
1.01145
1.12194
2.20793
2.12794
1.23236
1.95346
1.34205
1.85965
1.76199
1.66092
1.45042
1.55689
1.45042
1.34205
1.66092
1.12194
1.76199
3.65441e-32
3.65441e-32
2.19294e-32
0.066858
0.066858
2.19294e-32
0.224221
0.141902
0.141902
0.224221
0.407184
0.312936
0.407184
0.312936
0.506136
0.608979
0.506136
0.608979
0.714935
0.82324
0.933165
1.044
0.714935
0.82324
1.26571
1.15507
1.044
0.933165
1.4833
1.37532
1.26571
1.15507
1.69215
1.58908
1.4833
1.37532
1.58908
1.69215
1.88822
1.79201
1.88822
1.79201
2.06801
1.98034
2.06801
1.98034
2.22862
2.15087
2.30099
2.36773
2.48354
2.42864
2.15087
2.22862
2.53229
2.57475
2.36773
2.30099
2.42864
2.48354
2.57475
2.53229
2.64046
2.61084
2.68009
2.66356
2.69002
2.69334
2.61084
2.64046
2.68009
2.69002
2.66356
1.91425
0.634416
2.00463
0.529248
0.427559
0.330143
2.09034
0.237822
2.17108
0.15144
0.0718676
2.24653
2.31646
0.0718676
2.38062
0.85213
2.43884
0.15144
2.49094
2.53679
2.57627
1.29712
1.40653
0.237822
2.6093
0.330143
2.63581
2.65573
2.66903
0.427559
1.91425
2.67569
0.529248
2.09034
2.17108
2.67569
2.66903
2.65573
0.634416
2.38062
2.63581
0.742292
2.6093
2.57627
2.53679
0.85213
2.49094
0.963211
2.43884
2.31646
1.07484
2.24653
1.18636
2.00463
1.29712
1.40653
1.81958
1.72102
1.619
1.51401
1.51401
1.619
1.18636
1.72102
1.07484
1.81958
0.963211
0.742292
4.34019e-32
4.34019e-32
2.55388e-32
0.0766987
0.0766987
2.55388e-32
0.160628
0.250901
0.160628
0.250901
0.447087
0.346666
0.346666
0.447087
0.551361
0.6587
0.551361
0.6587
0.879582
0.768353
1.10398
0.991687
0.768353
0.879582
1.21583
1.32659
0.991687
1.10398
1.43569
1.54255
1.21583
1.32659
1.64667
1.74754
1.54255
1.43569
1.64667
1.74754
1.93777
1.84472
1.93777
1.84472
2.11002
2.02632
2.02632
2.11002
2.26167
2.18856
2.39064
2.3291
2.44611
2.49537
2.18856
2.26167
2.57475
2.53829
2.39064
2.3291
2.44611
2.49537
2.57475
2.53829
2.62804
2.6047
2.65479
2.64475
2.65814
2.65479
2.6047
2.64475
2.62804
2.04543
0.362502
0.26346
2.12705
0.169461
0.0813517
2.20334
2.27404
0.0813517
0.465771
0.572472
2.33892
2.39779
0.793118
2.45048
0.169461
2.49685
2.53679
0.26346
2.5702
2.59701
0.362502
2.61716
2.63062
0.465771
1.67208
2.63736
1.77172
2.63736
0.572472
2.63062
2.61716
0.681835
2.12705
2.20334
2.59701
2.5702
0.793118
2.53679
2.49685
0.9056
2.45048
2.39779
1.01859
2.33892
2.27404
1.13143
1.24347
2.04543
1.95878
1.35412
1.86742
1.46279
1.56895
1.56895
1.46279
1.35412
1.67208
1.24347
1.13143
1.77172
1.01859
0.9056
1.86742
0.681835
1.95878
4.97964e-32
4.97964e-32
2.88956e-32
0.0858264
0.0858264
2.88956e-32
0.275497
0.177945
0.177945
0.275497
0.377655
0.48361
0.48361
0.377655
0.703821
0.592586
0.592586
0.703821
0.816591
0.930186
1.04393
1.15718
0.816591
0.930186
1.37971
1.2693
1.15718
1.04393
1.48786
1.5932
1.2693
1.37971
1.69526
1.79356
1.48786
1.5932
1.79356
1.69526
1.97729
1.8877
1.8877
1.97729
2.06197
2.14144
2.14144
2.06197
2.28365
2.21541
2.40207
2.34593
2.49537
2.45193
2.28365
2.21541
2.53229
2.5626
2.40207
2.34593
2.45193
2.49537
2.5626
2.53229
2.58624
2.60316
2.61671
2.61332
2.61332
2.60316
2.58624
0.186075
0.090123
2.1532
2.2248
0.090123
2.29051
0.287014
2.35013
2.4035
0.500606
0.186075
2.45048
2.49094
0.838772
2.52479
0.287014
2.55195
0.392122
2.57238
2.58601
2.59284
1.40339
0.500606
2.59284
0.6117
1.71619
2.58601
2.57238
2.55195
0.724661
1.99331
2.52479
0.838772
2.49094
2.45048
2.4035
0.953343
2.35013
1.06771
2.29051
2.2248
2.1532
1.18124
2.07596
1.29332
1.90558
1.81308
1.40339
1.51089
1.61531
1.51089
1.61531
1.29332
1.71619
1.18124
1.06771
0.953343
1.81308
1.90558
0.724661
0.6117
1.99331
0.392122
2.07596
5.57277e-32
5.57277e-32
3.19997e-32
0.0942415
0.0942415
3.19997e-32
0.193856
0.298011
0.193856
0.298011
0.51676
0.405907
0.51676
0.405907
0.744356
0.62982
0.62982
0.744356
0.859667
0.975074
1.20361
1.08993
0.859667
0.975074
1.42514
1.31554
1.08993
1.20361
1.53189
1.63529
1.31554
1.42514
1.7349
1.83028
1.53189
1.63529
1.7349
1.83028
2.00686
1.92106
2.00686
1.92106
2.16235
2.08739
2.16235
2.08739
2.2315
2.29462
2.40207
2.35153
2.48354
2.44611
2.29462
2.2315
2.51428
2.53825
2.40207
2.35153
2.44611
2.48354
2.53825
2.51428
2.56571
2.55541
2.56571
2.56915
2.55541
2.16887
2.23551
0.0981822
0.0981822
2.29599
2.35013
0.201284
2.39779
2.43884
0.532072
0.646944
2.47318
0.308489
2.50075
0.419007
2.52147
2.53531
2.54224
1.22431
0.532072
2.54224
1.44497
1.55087
0.646944
2.53531
2.52147
2.50075
1.84518
0.762908
2.47318
0.879275
2.43884
2.39779
2.16887
2.35013
0.995382
2.29599
1.1106
2.23551
2.09627
1.22431
2.01793
1.33595
1.93414
1.75139
1.44497
1.65315
1.55087
1.33595
1.65315
1.75139
1.1106
0.995382
0.879275
1.84518
0.762908
1.93414
0.419007
2.01793
0.308489
2.09627
0.201284
6.11962e-32
6.11962e-32
3.48515e-32
0.101945
3.48515e-32
0.101945
0.318448
0.208363
0.208363
0.318448
0.546545
0.431427
0.546545
0.431427
0.663077
0.78032
0.663077
0.78032
1.01427
0.897602
1.24333
1.12971
0.897602
1.01427
1.4629
1.35457
1.24333
1.12971
1.66889
1.56783
1.35457
1.4629
1.85777
1.76567
1.56783
1.66889
1.85777
1.76567
1.94483
2.02654
1.94483
2.02654
2.17278
2.10261
2.17278
2.10261
2.23685
2.29462
2.39064
2.34593
2.42864
2.45985
2.23685
2.29462
2.50161
2.48419
2.34593
2.39064
2.42864
2.45985
2.50161
2.48419
2.51557
2.51208
2.51208
0.10553
2.23551
2.29051
2.33892
0.21509
2.38062
2.41552
0.327889
2.44353
2.46459
0.443165
2.47865
2.48569
0.914648
0.560179
1.03174
2.48569
2.47865
0.678218
2.46459
2.44353
1.47893
1.58278
0.796594
2.41552
2.38062
0.914648
2.33892
2.29051
1.03174
2.23551
2.17409
1.14728
2.10641
2.03268
1.26068
1.95314
1.86806
1.3714
1.77774
1.68252
1.47893
1.58278
1.3714
1.26068
1.68252
1.14728
1.77774
0.796594
1.86806
0.678218
0.560179
1.95314
0.443165
0.327889
2.03268
0.21509
0.10553
2.10641
2.17409
6.62024e-32
6.62024e-32
3.74513e-32
0.108938
0.108938
3.74513e-32
0.221469
0.336813
0.221469
0.336813
0.454225
0.572976
0.572976
0.454225
0.811732
0.692371
0.811732
0.692371
1.0478
0.930418
1.27636
1.16331
0.930418
1.0478
1.49305
1.38644
1.27636
1.16331
1.59573
1.69405
1.49305
1.38644
1.78761
1.87606
1.59573
1.69405
1.78761
1.87606
1.95908
2.03637
1.95908
2.03637
2.17278
2.10768
2.17278
2.10768
2.28365
2.2315
2.3291
2.36773
2.42421
2.39946
2.2315
2.28365
2.44192
2.45257
2.3291
2.36773
2.39946
2.42421
2.44192
2.45612
2.45257
2.27404
0.227497
2.31646
2.35196
2.38045
0.345221
2.40187
0.464605
2.41618
0.584938
2.42334
2.42334
0.584938
0.944912
2.41618
0.705535
2.40187
2.38045
1.29038
2.35196
0.825738
2.31646
0.944912
2.27404
2.2248
1.79528
2.16887
1.06246
2.10641
1.17779
2.03759
1.96263
1.88177
1.29038
1.3997
1.70347
1.60668
1.50529
1.50529
1.3997
1.60668
1.17779
1.06246
1.70347
1.79528
0.825738
0.705535
1.88177
0.464605
1.96263
0.345221
0.227497
0.112169
2.03759
2.10641
0.112169
2.16887
2.2248
7.07472e-32
7.07472e-32
3.97998e-32
0.115223
0.115223
3.97998e-32
0.353112
0.233178
0.233178
0.353112
0.596066
0.474309
0.474309
0.596066
0.717717
0.838611
0.717717
0.838611
0.958137
1.0757
1.30274
1.19075
0.958137
1.0757
1.51563
1.41119
1.30274
1.19075
1.71079
1.61563
1.41119
1.51563
1.8852
1.80076
1.71079
1.61563
1.8852
1.80076
1.96382
2.03637
1.96382
2.03637
2.10261
2.16235
2.10261
2.16235
2.21541
2.26167
2.30099
2.33328
2.37651
2.35848
2.21541
2.26167
2.39096
2.38735
2.33328
2.30099
2.37651
2.35848
2.38735
0.238508
2.24653
2.28268
2.3117
0.360489
2.33352
0.360489
0.483335
2.3481
0.606362
0.728913
2.35539
2.35539
0.606362
2.3481
1.08754
0.728913
2.33352
2.3117
2.28268
0.850357
1.52409
1.62259
2.24653
0.970092
2.20334
2.1532
2.09627
1.08754
2.03268
1.20216
1.96263
1.88634
1.80404
1.31344
1.71602
1.4209
1.4209
1.52409
1.31344
1.62259
1.20216
0.970092
1.71602
0.850357
1.80404
0.483335
1.88634
1.96263
0.238508
0.1181
2.03268
2.09627
0.1181
2.1532
2.20334
7.48318e-32
7.48318e-32
4.18975e-32
0.120801
0.120801
4.18975e-32
0.367353
0.243493
0.243493
0.367353
0.615827
0.491688
0.615827
0.491688
0.860976
0.73913
0.73913
0.860976
0.980782
1.09798
1.21206
1.3225
0.980782
1.09798
1.53066
1.42884
1.21206
1.3225
1.62756
1.71916
1.42884
1.53066
1.80514
1.8852
1.71916
1.62756
1.8852
1.80514
1.95908
2.02654
2.02654
1.95908
2.08739
2.14144
2.14144
2.08739
2.18856
2.22862
2.26153
2.2872
2.30558
2.31662
2.18856
2.22862
2.31662
2.3203
2.2872
2.26153
2.30558
2.23751
0.373703
2.25975
0.123326
2.27461
0.499366
2.28205
2.28205
0.624463
0.624463
0.748365
2.27461
2.25975
0.748365
2.23751
2.20793
0.870471
2.17108
2.12705
0.990207
2.07596
1.53536
2.01793
1.10703
1.95314
1.88177
1.22042
1.80404
1.7202
1.3299
1.63053
1.43502
1.43502
1.3299
1.53536
1.22042
1.10703
1.63053
0.990207
0.870471
1.7202
1.80404
0.499366
0.373703
1.88177
0.24813
1.95314
2.01793
0.123326
2.20793
2.07596
2.12705
2.17108
0.24813
7.84574e-32
7.84574e-32
4.37452e-32
0.125675
0.125675
4.37452e-32
0.252421
0.379541
0.252421
0.379541
0.632271
0.506373
0.506373
0.632271
0.878844
0.756625
0.756625
0.878844
1.11468
0.998372
1.33565
1.22726
0.998372
1.11468
1.43943
1.53817
1.33565
1.22726
1.63153
1.71916
1.53817
1.43943
1.80076
1.87606
1.71916
1.63153
1.80076
1.87606
2.00686
1.94483
2.00686
1.94483
2.06197
2.11002
2.11002
2.06197
2.18443
2.15087
2.22935
2.21061
2.24437
2.24061
2.18443
2.15087
2.24061
2.21061
2.22935
0.384869
2.19597
0.512707
2.20356
2.20356
2.19597
0.384869
0.639254
2.18081
0.763908
2.15812
2.12794
2.09034
1.00528
0.886096
2.04543
1.00528
1.99331
1.33976
1.93414
1.86806
1.53911
1.12093
1.79528
1.23258
1.71602
1.63053
1.33976
1.44207
1.44207
1.23258
1.12093
1.53911
1.63053
0.886096
0.763908
0.639254
1.71602
0.512707
1.79528
0.256365
0.127849
1.86806
1.93414
0.127849
2.18081
1.99331
2.04543
2.09034
0.256365
2.12794
2.15812
8.16256e-32
8.16256e-32
4.53437e-32
0.129847
0.129847
4.53437e-32
0.389685
0.259965
0.259965
0.389685
0.645411
0.518373
0.645411
0.518373
0.89223
0.770217
0.770217
0.89223
1.12579
1.01092
1.34223
1.23637
1.01092
1.12579
1.53817
1.44295
1.23637
1.34223
1.71079
1.62756
1.53817
1.44295
1.85777
1.78761
1.62756
1.71079
1.78761
1.85777
1.92106
1.97729
1.92106
1.97729
2.02632
2.06801
2.02632
2.06801
2.10226
2.12898
2.14811
2.1596
2.16344
2.1596
2.12898
2.10226
2.14811
0.523368
2.12022
2.12022
0.131671
2.11247
0.650745
2.09699
0.775552
2.07382
0.650745
0.775552
2.043
2.00463
0.897246
1.95878
1.01531
1.90558
1.84518
1.34305
1.77774
1.12927
1.70347
1.23865
1.62259
1.53536
1.44207
1.34305
1.44207
1.23865
1.12927
1.01531
1.53536
0.897246
1.62259
0.523368
1.70347
0.393993
1.77774
0.263219
1.84518
1.90558
0.131671
2.11247
1.95878
2.00463
0.263219
2.043
2.07382
2.09699
0.393993
8.43377e-32
8.43377e-32
4.66938e-32
0.13332
0.13332
4.66938e-32
0.266131
0.397792
0.266131
0.397792
0.655256
0.527696
0.655256
0.527696
0.901146
0.779917
0.779917
0.901146
1.01845
1.13135
1.34223
1.23941
1.13135
1.01845
1.43943
1.53066
1.23941
1.34223
1.69405
1.61563
1.53066
1.43943
1.83028
1.76567
1.69405
1.61563
1.76567
1.83028
1.8877
1.93777
1.8877
1.93777
2.01532
1.98034
2.01532
1.98034
2.04261
2.06215
2.07389
2.07781
2.07389
2.04261
2.06215
2.02443
0.658946
2.00861
1.98494
0.783309
1.95346
1.91425
0.903932
1.86742
0.658946
1.81308
1.02033
1.75139
1.02033
1.68252
1.13204
1.13204
1.60668
1.52409
1.23865
1.43502
1.33976
1.33976
1.23865
1.43502
0.903932
1.52409
0.783309
1.60668
0.531356
0.401083
1.68252
0.268697
0.134795
1.75139
1.81308
0.134795
2.03234
1.86742
2.03234
1.91425
1.95346
0.268697
1.98494
2.00861
0.401083
2.02443
0.531356
8.65954e-32
8.65954e-32
4.77964e-32
0.136095
0.136095
4.77964e-32
0.403866
0.270921
0.403866
0.270921
0.53435
0.661814
0.661814
0.53435
0.905603
0.785733
0.785733
0.905603
1.02096
1.13135
1.23637
1.33565
1.13135
1.02096
1.51563
1.42884
1.33565
1.23637
1.59573
1.66889
1.51563
1.42884
1.79356
1.7349
1.66889
1.59573
1.7349
1.79356
1.84471
1.88822
1.88822
1.84471
1.92396
1.95184
1.95184
1.92396
1.97181
1.98381
1.98782
1.98381
1.97181
0.663863
1.89183
0.787186
1.85965
1.81958
1.77172
0.406142
0.90616
1.71619
0.663863
1.02033
1.65315
1.58278
1.50529
1.12927
1.4209
1.23258
1.3299
1.23258
1.12927
1.3299
1.02033
1.4209
0.90616
0.787186
1.50529
0.536677
1.58278
0.272801
0.137222
1.65315
1.71619
0.137222
1.91603
1.77172
1.81958
1.85965
1.94029
0.272801
1.89183
1.91603
1.9322
0.406142
0.536677
1.94029
1.9322
8.84001e-32
8.84001e-32
4.8652e-32
0.138174
0.138174
4.8652e-32
0.407912
0.27434
0.27434
0.407912
0.665092
0.538341
0.538341
0.665092
0.905603
0.787672
0.787672
0.905603
1.12579
1.01845
1.3225
1.22726
1.12579
1.01845
1.49305
1.41119
1.3225
1.22726
1.63529
1.56783
1.49305
1.41119
1.69526
1.74754
1.56783
1.63529
1.69526
1.74754
1.82855
1.79201
1.82855
1.79201
1.85706
1.87748
1.87748
1.85706
1.88975
1.89384
1.88975
0.787186
1.76199
1.72102
1.67208
0.903932
1.61531
0.409177
1.01531
1.55087
0.665502
1.47893
1.3997
1.12093
1.31344
1.22042
1.22042
1.12093
1.01531
1.31344
0.903932
1.3997
0.787186
0.539337
1.47893
1.55087
0.275535
0.138954
1.61531
1.67208
0.138954
1.7949
1.72102
1.76199
1.83618
1.84445
0.275535
1.7949
1.81964
1.83618
0.409177
1.84445
0.539337
1.81964
0.665502
8.97529e-32
8.97529e-32
4.92613e-32
0.13956
0.13956
4.92613e-32
0.409935
0.27639
0.27639
0.409935
0.665092
0.53967
0.665092
0.53967
0.901146
0.785733
0.785733
0.901146
1.01092
1.11467
1.21206
1.30274
1.01092
1.11467
1.38644
1.4629
1.30274
1.21206
1.53189
1.5932
1.4629
1.38644
1.69215
1.64667
1.5932
1.53189
1.64667
1.69215
1.75868
1.72952
1.72952
1.75868
1.79211
1.77956
1.77956
1.79211
1.7963
1.56895
0.897246
1.51089
0.139993
1.44497
1.00528
1.3714
1.29038
1.10703
0.663863
0.783309
1.20216
1.10703
1.20216
1.00528
0.897246
1.29038
1.3714
0.539337
0.410188
1.44497
0.276902
1.51089
1.56895
0.139993
1.619
1.619
1.66092
1.66092
1.69457
0.276902
1.71989
1.7368
0.410188
1.74527
1.74527
0.539337
1.7368
1.71989
0.663863
1.69457
0.783309
9.06548e-32
9.06548e-32
4.96248e-32
0.140252
0.140252
4.96248e-32
0.277074
0.409935
0.277074
0.409935
0.661814
0.538341
0.538341
0.661814
0.89223
0.779917
0.779917
0.89223
0.998372
1.09798
1.27636
1.19075
1.09798
0.998372
1.42514
1.35457
1.27636
1.19075
1.54255
1.48786
1.42514
1.35457
1.62731
1.58908
1.54255
1.48786
1.58908
1.62731
1.67851
1.65715
1.67851
1.65715
1.69135
1.69135
1.69563
0.886096
1.33595
0.990207
1.26068
1.17779
1.08754
0.409177
1.08754
0.990207
1.17779
0.886096
0.775552
0.658946
1.26068
0.536677
1.33595
0.276902
0.140339
1.40339
1.46279
0.140339
1.40339
1.51401
1.55689
1.59133
1.55689
0.276902
1.61723
1.63454
1.6432
0.409177
1.6432
0.536677
1.63454
1.61723
1.59133
0.658946
0.775552
1.51401
1.46279
9.11066e-32
9.11066e-32
4.97426e-32
0.140252
0.140252
4.97426e-32
0.407912
0.27639
0.27639
0.407912
0.655256
0.53435
0.53435
0.655256
0.770217
0.878844
0.878844
0.770217
0.980782
1.0757
1.16331
1.24333
0.980782
1.0757
1.31554
1.37971
1.16331
1.24333
1.4833
1.43569
1.31554
1.37971
1.52242
1.55295
1.4833
1.43569
1.52242
1.55295
1.58796
1.57482
1.58796
1.57482
1.59234
0.970092
1.14728
1.06246
0.139993
0.970092
1.06246
0.870471
1.14728
0.763908
0.650745
0.531356
1.22431
0.406142
1.29332
0.275535
1.35412
1.40653
0.139993
1.22431
1.45042
1.48566
1.35412
1.40653
0.275535
1.51218
1.52989
1.53876
1.51218
0.406142
1.53876
0.531356
1.52989
1.48566
0.650745
1.45042
0.763908
1.29332
0.870471
9.11086e-32
9.11086e-32
4.96151e-32
0.13956
0.13956
4.96151e-32
0.403866
0.27434
0.27434
0.403866
0.527696
0.645411
0.645411
0.527696
0.756625
0.860976
0.756625
0.860976
0.958137
1.0478
1.20361
1.12971
1.0478
0.958137
1.2693
1.32659
1.20361
1.12971
1.37532
1.41537
1.2693
1.32659
1.44662
1.469
1.37532
1.41537
1.44662
1.469
1.48694
1.48245
1.48245
0.850357
1.03174
0.748365
0.639254
1.1106
0.523368
0.401083
1.18124
0.272801
0.138954
1.24347
1.29712
0.138954
0.944912
1.34205
1.03174
1.37813
1.40527
0.272801
1.42341
1.43248
1.29712
1.34205
0.401083
1.43248
1.42341
0.523368
1.40527
1.37813
0.639254
0.748365
1.24347
1.18124
0.850357
1.1106
0.944912
9.06608e-32
9.06608e-32
4.92419e-32
0.138174
0.138174
4.92419e-32
0.270921
0.397792
0.270921
0.397792
0.632271
0.518373
0.632271
0.518373
0.73913
0.838611
0.73913
0.838611
0.930418
1.01427
1.15718
1.08993
1.01427
0.930418
1.26571
1.21583
1.15718
1.08993
1.33871
1.30671
1.26571
1.21583
1.37539
1.36162
1.30671
1.33871
1.37539
1.36162
1.37999
0.995382
0.512707
1.06771
0.393993
0.268696
0.137222
1.13143
1.18636
0.137222
0.624463
1.23236
1.2693
1.29709
0.914648
0.268696
1.31565
1.32495
1.32495
1.13143
0.393993
1.31565
0.512707
1.29709
1.2693
1.23236
0.624463
1.18636
0.728913
1.06771
0.995382
0.825738
0.914648
0.825738
0.728913
8.97628e-32
8.97628e-32
4.86228e-32
0.136095
0.136095
4.86228e-32
0.389685
0.266131
0.266131
0.389685
0.506373
0.615827
0.615827
0.506373
0.717717
0.811732
0.811732
0.717717
0.975074
0.897602
1.04393
1.10398
0.975074
0.897602
1.19704
1.15507
1.10398
1.04393
1.22981
1.25327
1.19704
1.15507
1.27207
1.26737
1.25327
1.22981
1.26737
1.01859
0.263219
0.134795
1.07484
1.12194
0.134795
0.384869
1.15977
1.18823
0.606362
0.705535
0.263219
1.20724
1.21676
1.21676
0.953343
0.384869
1.20724
0.499366
1.18823
1.15977
1.12194
0.606362
1.07484
0.705535
1.01859
0.879275
0.796594
0.796594
0.879275
0.499366
0.953343
8.8414e-32
8.8414e-32
4.77574e-32
0.13332
0.13332
4.77574e-32
0.259965
0.379541
0.259965
0.379541
0.596066
0.491688
0.596066
0.491688
0.78032
0.692371
0.78032
0.692371
0.930186
0.859667
0.991687
1.044
0.930186
0.859667
1.08699
1.12054
0.991687
1.044
1.14457
1.15901
1.12054
1.08699
1.16382
1.15901
1.14457
1.01145
0.131671
1.05019
0.131671
1.07934
1.09881
0.256365
1.10856
1.10856
0.584938
0.678218
0.373703
1.09881
0.838772
1.07934
0.483335
1.05019
1.01145
0.584938
0.963211
0.9056
0.678218
0.762908
0.762908
0.838772
0.483335
0.373703
0.9056
0.256365
0.963211
8.66133e-32
8.66133e-32
4.66451e-32
0.129847
4.66451e-32
0.129847
0.367352
0.252421
0.252421
0.367352
0.474309
0.572976
0.474309
0.572976
0.744356
0.663077
0.663077
0.744356
0.816591
0.879582
0.933165
0.977193
0.879582
0.816591
1.01156
1.03616
0.977193
0.933165
1.05589
1.05095
1.03616
1.01156
1.05095
0.127849
0.941224
0.971075
0.991018
0.24813
1.001
0.360489
1.001
0.991018
0.360489
0.971075
0.464605
0.941224
0.901542
0.85213
0.560179
0.793117
0.646944
0.724661
0.646944
0.560179
0.724661
0.464605
0.793117
0.24813
0.127849
0.85213
0.901542
8.43596e-32
8.43596e-32
4.52852e-32
0.125675
0.125675
4.52852e-32
0.353112
0.243493
0.243493
0.353112
0.546545
0.454225
0.454225
0.546545
0.703821
0.62982
0.703821
0.62982
0.82324
0.768353
0.90354
0.868343
0.768353
0.82324
0.928748
0.943896
0.90354
0.868343
0.948951
0.928748
0.943896
0.884569
0.238508
0.894796
0.123326
0.894796
0.884569
0.34522
0.86414
0.443165
0.532072
0.6117
0.833561
0.792911
0.742291
0.532072
0.681835
0.6117
0.443165
0.681835
0.34522
0.742291
0.238508
0.792911
0.833561
0.123326
0.86414
8.16515e-32
8.16515e-32
4.36769e-32
0.120801
0.120801
4.36769e-32
0.336813
0.233178
0.233178
0.336813
0.431427
0.51676
0.431427
0.51676
0.592586
0.6587
0.6587
0.592586
0.761139
0.714935
0.7972
0.823021
0.714935
0.761139
0.838541
0.843717
0.823021
0.7972
0.838541
0.227497
0.790659
0.780182
0.327889
0.759253
0.727926
0.419007
0.686278
0.634416
0.500606
0.572472
0.500606
0.572472
0.419007
0.327889
0.634416
0.227497
0.1181
0.686278
0.727926
0.1181
0.759253
0.780182
0.790659
7.84874e-32
7.84874e-32
4.18193e-32
0.115223
0.115223
4.18193e-32
0.318448
0.221469
0.221469
0.318448
0.405907
0.48361
0.405907
0.48361
0.551361
0.608979
0.551361
0.608979
0.656323
0.693267
0.735622
0.719723
0.693267
0.656323
0.735622
0.740927
0.719723
0.678606
0.657163
0.308489
0.625064
0.392122
0.58239
0.308489
0.529248
0.465771
0.465771
0.392122
0.529248
0.21509
0.112169
0.58239
0.625064
0.112169
0.657163
0.689341
0.678606
0.689341
0.21509
7.48658e-32
7.48658e-32
0.108938
3.97117e-32
0.108938
3.97117e-32
0.298011
0.208363
0.208363
0.298011
0.447087
0.377655
0.447087
0.377655
0.506136
0.554647
0.506136
0.554647
0.619612
0.592505
0.641338
0.635904
0.592505
0.635904
0.619612
0.287014
0.52575
0.362502
0.48202
0.427559
0.362502
0.427559
0.287014
0.48202
0.201284
0.10553
0.52575
0.558642
0.10553
0.580615
0.580615
0.591615
0.201284
0.591615
0.558642
7.07853e-32
7.07853e-32
3.73533e-32
0.101945
0.101945
3.73533e-32
0.275497
0.193856
0.193856
0.275497
0.407184
0.346666
0.346666
0.407184
0.456903
0.495698
0.495698
0.456903
0.523477
0.540171
0.545741
0.540171
0.523477
0.330143
0.330143
0.26346
0.385963
0.186075
0.0981822
0.430781
0.46449
0.0981822
0.385963
0.430781
0.487008
0.49828
0.49828
0.186075
0.487008
0.46449
0.26346
6.62445e-32
6.62445e-32
3.47435e-32
0.0942415
0.0942415
3.47435e-32
0.250901
0.177945
0.250901
0.177945
0.363894
0.312936
0.363894
0.312936
0.432126
0.403658
0.403658
0.432126
0.449237
0.454943
0.449237
0.169461
0.090123
0.340979
0.375529
0.090123
0.398608
0.237822
0.410161
0.410161
0.340979
0.169461
0.398608
0.375529
0.237822
0.29504
0.29504
6.12424e-32
6.12424e-32
3.18817e-32
0.0858263
0.0858263
3.18817e-32
0.160628
0.224221
0.160628
0.224221
0.317217
0.27646
0.317217
0.27646
0.363934
0.346399
0.346399
0.369785
0.363934
0.292608
0.316264
0.0813517
0.0813517
0.328106
0.328106
0.15144
0.316264
0.292608
0.257192
0.2101
0.2101
0.257192
0.15144
5.5778e-32
5.5778e-32
2.87676e-32
0.0766987
2.87676e-32
0.0766987
0.141902
0.195456
0.141902
0.195456
0.267151
0.237239
0.267151
0.237239
0.291123
0.285128
0.285128
0.0718676
0.252987
0.252987
0.240848
0.132011
0.216598
0.180291
0.180291
0.132011
0.0718676
0.216598
0.240848
4.98508e-32
4.98508e-32
2.54009e-32
0.066858
0.066858
2.54009e-32
0.164604
0.121769
0.121769
0.164604
0.195272
0.213699
0.195272
0.213699
0.219847
0.173259
0.111173
0.148397
0.111173
0.0616703
0.148397
0.173259
0.0616703
0.185704
0.185704
4.34604e-32
4.34604e-32
2.17814e-32
0.0563042
0.0563042
2.17814e-32
0.131668
0.100227
0.100227
0.131668
0.150562
0.150562
0.156863
0.0889274
0.0889274
0.05076
0.114419
0.127178
0.05076
0.127178
0.114419
3.66067e-32
3.66067e-32
1.79093e-32
0.0450375
1.79093e-32
0.0450375
0.0772779
0.0966482
0.0772779
0.0966482
0.103111
0.0783579
0.0391371
0.0783579
0.0652751
0.0391371
0.0652751
2.929e-32
2.929e-32
0.0330585
1.37847e-32
0.0330585
1.37847e-32
0.0529227
0.0529227
0.0595473
0.0268022
0.0402175
0.0268022
0.0402175
2.15105e-32
2.15105e-32
9.40771e-33
0.0203679
0.0203679
9.40771e-33
0.0271631
0.0137561
0.0137561
1.32688e-32
1.32688e-32
4.77872e-33
4.77872e-33
0.00696659
1.97386e-35
4.56544e-33
4.56544e-33
