1.9864e-35
4.59443e-33
4.59443e-33
4.80913e-33
1.3353e-32
0.00701082
0.0138435
4.80913e-33
1.3353e-32
0.0138435
9.46746e-33
0.0269722
2.16469e-32
0.0204972
0.0273353
0.0404727
0.0404727
0.0204972
0.0269722
2.16469e-32
9.46746e-33
1.38721e-32
0.0393851
2.94755e-32
0.0332681
0.0656889
0.0788546
0.0532581
0.0599249
1.38721e-32
0.0393851
0.0532581
0.0788546
0.0656889
0.0332681
2.94755e-32
1.80228e-32
0.0453227
0.0510813
3.68383e-32
0.0777672
0.0894905
0.115143
0.0972605
0.127983
0.103764
0.127983
0.0972605
0.0453227
3.68383e-32
0.0510813
1.80228e-32
0.0894905
0.0777672
0.115143
2.19192e-32
4.37349e-32
0.0566603
0.0620602
0.100861
0.111876
0.149335
0.132501
0.0620602
4.37349e-32
0.0566603
2.19192e-32
0.186878
0.157856
0.174355
0.151515
0.151515
0.149335
0.174355
0.100861
0.186878
0.132501
0.111876
2.55613e-32
0.0723212
5.01652e-32
0.0672803
0.122538
0.132844
0.18143
0.165645
0.21505
0.196506
0.217966
0.24237
5.01652e-32
0.0723212
0.0672803
2.55613e-32
0.122538
0.18143
0.132844
0.165645
0.221237
0.254586
0.21505
0.254586
0.217966
0.24237
0.196506
2.8949e-32
0.0818644
5.61292e-32
0.0771824
0.142798
0.152395
0.211424
0.196689
0.294453
0.268837
0.238736
0.258814
0.286927
0.318259
0.330176
0.292961
2.8949e-32
0.0818644
5.61292e-32
0.0771824
0.142798
0.152395
0.211424
0.196689
0.318259
0.294453
0.258814
0.330176
0.238736
0.286927
0.268837
3.20825e-32
0.09069
6.16274e-32
0.0863668
0.161639
0.170528
0.239319
0.225634
0.296898
0.343127
0.319216
0.278202
0.348582
0.377894
0.401119
0.366228
0.0863668
3.20825e-32
0.09069
6.16274e-32
0.372116
0.412744
0.412744
0.366228
0.170528
0.239319
0.161639
0.225634
0.319216
0.377894
0.401119
0.296898
0.278202
0.348582
0.343127
3.49619e-32
0.0987989
6.66602e-32
0.0948339
0.252479
0.179064
0.187244
0.265115
0.332218
0.388389
0.366184
0.314904
0.406197
0.433489
0.46741
0.434846
0.452064
0.49007
0.501413
0.457806
6.66602e-32
0.0948339
3.49619e-32
0.0987989
0.265115
0.187244
0.252479
0.179064
0.501413
0.49007
0.452064
0.434846
0.366184
0.314904
0.332218
0.388389
0.433489
0.46741
0.406197
3.75877e-32
0.106192
7.12287e-32
0.102585
0.195073
0.288814
0.277226
0.202546
0.102585
0.106192
7.12287e-32
3.75877e-32
0.364777
0.430241
0.409741
0.348843
0.459772
0.529049
0.498811
0.485044
0.543564
0.562148
0.584259
0.526766
0.595328
0.549169
0.543564
0.595328
0.202546
0.288814
0.277226
0.195073
0.430241
0.364777
0.409741
0.348843
0.584259
0.562148
0.485044
0.526766
0.529049
0.459772
0.498811
3.99604e-32
0.112871
7.53339e-32
0.109621
0.209668
0.216436
0.31042
0.299878
0.109621
0.112871
7.53339e-32
3.99604e-32
0.394577
0.468688
0.44989
0.380022
0.216436
0.299878
0.31042
0.209668
0.509308
0.532562
0.558124
0.586038
0.623497
0.628979
0.661278
0.59622
0.693658
0.645359
0.682856
0.639891
0.639891
0.693658
0.682856
0.623497
0.380022
0.468688
0.394577
0.44989
0.661278
0.558124
0.586038
0.532562
0.509308
0.59622
0.628979
4.20807e-32
0.115943
0.118838
7.89773e-32
0.222854
0.228918
0.329938
0.32044
0.421625
0.503735
0.486636
0.408445
0.115943
0.118838
7.89773e-32
4.20807e-32
0.329938
0.228918
0.32044
0.222854
0.55481
0.576049
0.63838
0.612789
0.421625
0.486636
0.408445
0.503735
0.660428
0.690566
0.732474
0.697604
0.724225
0.740224
0.763997
0.785057
0.7956
0.740224
0.745562
0.7956
0.724225
0.763997
0.785057
0.697604
0.576049
0.690566
0.612789
0.55481
0.732474
0.660428
0.63838
4.39495e-32
8.21603e-32
0.121555
0.124095
0.234633
0.239996
0.347374
0.338915
0.445929
0.535391
0.519986
0.43412
0.121555
0.124095
8.21603e-32
4.39495e-32
0.596285
0.615515
0.686087
0.662812
0.347374
0.239996
0.338915
0.234633
0.519986
0.535391
0.445929
0.43412
0.746919
0.719397
0.797854
0.76589
0.615515
0.596285
0.662812
0.686087
0.828157
0.802175
0.869526
0.838757
0.843774
0.890082
0.848982
0.900373
0.900373
0.828157
0.843774
0.890082
0.802175
0.76589
0.719397
0.838757
0.746919
0.797854
0.869526
4.55674e-32
0.128645
8.48845e-32
0.126458
0.245011
0.249675
0.362734
0.355312
0.467497
0.563666
0.457055
0.54995
0.633744
0.65097
0.72917
0.708205
0.126458
0.128645
8.48845e-32
4.55674e-32
0.249675
0.362734
0.355312
0.245011
0.857429
0.798051
0.773138
0.828366
0.563666
0.467497
0.54995
0.457055
0.708205
0.633744
0.65097
0.72917
0.947076
0.909165
0.873748
0.907147
0.773138
0.857429
0.798051
0.828366
0.94977
0.934528
0.997177
0.977111
1.00722
0.954856
0.94977
1.00722
0.909165
0.947076
0.907147
0.934528
0.997177
0.977111
0.873748
4.69354e-32
0.13249
8.71515e-32
0.130655
0.253991
0.257959
0.376026
0.369638
0.486339
0.477258
0.588572
0.576539
0.667199
0.68243
0.767645
0.748982
4.69354e-32
8.71515e-32
0.130655
0.13249
0.885045
0.821664
0.843978
0.911218
0.253991
0.257959
0.376026
0.369638
0.588572
0.486339
0.576539
0.477258
0.969184
1.01772
0.98326
0.938959
0.748982
0.767645
0.667199
0.68243
0.821664
0.843978
0.885045
0.911218
1.0567
1.08603
1.01784
1.04259
1.01772
0.969184
0.938959
0.98326
1.06244
1.05748
1.11542
1.10562
1.0567
1.11542
1.08603
1.10562
1.04259
1.05748
1.01784
4.80543e-32
0.135632
8.89627e-32
0.134148
0.26158
0.264853
0.387257
0.381898
0.494741
0.502464
0.610122
0.599765
0.696666
0.709909
0.801529
0.785159
0.134148
0.135632
8.89627e-32
4.80543e-32
0.935949
0.864996
0.88472
0.959243
0.26158
0.381898
0.387257
0.264853
1.08149
1.05046
1.02489
0.997828
0.502464
0.610122
0.599765
0.494741
0.785159
0.801529
0.709909
0.696666
1.12888
1.16694
1.12747
1.09372
0.959243
0.864996
0.88472
0.935949
1.08149
1.02489
0.997828
1.05046
1.16617
1.15165
1.19557
1.2147
1.12747
1.09372
1.16694
1.12888
1.22427
1.17102
1.16617
1.15165
1.2147
1.19557
1.22427
4.89248e-32
0.138073
9.03194e-32
0.13694
0.267782
0.270363
0.396435
0.392102
0.13694
0.138073
9.03194e-32
4.89248e-32
0.509512
0.515884
0.628329
0.619643
0.722161
0.733423
0.830843
0.816756
1.00153
0.981101
0.903154
0.920299
0.392102
0.267782
0.396435
0.270363
1.0743
1.1108
1.1384
1.05038
0.509512
0.628329
0.619643
0.515884
1.20443
1.19367
1.23995
1.1622
0.830843
0.733423
0.816756
0.722161
1.00153
0.920299
0.903154
0.981101
1.26099
1.27711
1.30507
1.23739
1.1384
1.0743
1.05038
1.1108
1.23995
1.20443
1.1622
1.19367
1.27518
1.27991
1.3331
1.32375
1.26099
1.23739
1.27711
1.30507
1.3331
1.27518
1.32375
4.95474e-32
0.139815
9.12227e-32
0.139031
0.2726
0.274491
0.403566
0.400256
0.521582
0.526606
0.643206
0.636183
0.139031
0.139815
9.12227e-32
4.95474e-32
0.400256
0.403566
0.2726
0.274491
0.743699
0.752989
0.855606
0.843792
0.950739
1.0381
1.02053
0.936161
1.11743
1.1643
1.1885
1.09665
0.521582
0.636183
0.643206
0.526606
1.25111
1.30509
1.2735
1.22331
0.743699
0.843792
0.752989
0.855606
1.35028
1.38658
1.31474
1.34693
1.02053
1.0381
0.950739
0.936161
1.11743
1.1643
1.09665
1.1885
1.38383
1.41389
1.43213
1.36998
1.2735
1.25111
1.30509
1.22331
1.31474
1.38658
1.34693
1.35028
1.38846
1.36998
1.44126
1.44126
1.38383
1.41389
1.43213
4.99228e-32
0.14086
9.16731e-32
0.140425
0.276039
0.277242
0.408655
0.406365
0.53096
0.534641
0.654764
0.649399
0.761296
0.866286
0.768621
0.875836
0.140425
0.14086
9.16731e-32
4.99228e-32
0.277242
0.406365
0.408655
0.276039
0.649399
0.654764
0.534641
0.53096
0.976064
1.06899
1.05425
0.96404
1.21101
1.23182
1.13666
1.15433
1.36241
1.33472
1.30125
1.27709
0.866286
0.761296
0.875836
0.768621
1.38375
1.41513
1.45928
1.42403
0.96404
0.976064
1.05425
1.06899
1.45547
1.52141
1.47798
1.49474
1.23182
1.15433
1.21101
1.13666
1.36241
1.30125
1.33472
1.27709
1.54814
1.49151
1.53922
1.49603
1.38375
1.41513
1.42403
1.45928
1.47798
1.45547
1.54814
1.53922
1.49474
1.49151
1.52141
5.00511e-32
0.141208
9.16711e-32
0.141121
0.278101
0.278616
0.411707
0.410436
0.537652
0.539993
0.663012
0.659301
0.141121
0.141208
9.16711e-32
5.00511e-32
0.774967
0.891551
0.884256
0.780332
0.996294
1.09422
1.08231
0.986815
0.410436
0.411707
0.278616
0.278101
0.659301
0.663012
0.539993
0.537652
0.774967
0.780332
0.884256
0.891551
1.25095
1.17044
1.2684
1.18501
1.41195
1.38815
1.34412
1.32359
1.44445
1.47171
1.52323
1.49234
1.08231
0.986815
0.996294
1.09422
1.56636
1.56241
1.601
1.5317
1.17044
1.25095
1.2684
1.18501
1.59762
1.62705
1.64446
1.5844
1.38815
1.41195
1.34412
1.32359
1.52323
1.47171
1.49234
1.44445
1.65318
1.60203
1.59762
1.65318
1.56636
1.5317
1.64446
1.601
1.56241
1.5844
1.62705
4.99326e-32
0.14086
9.12167e-32
0.141121
0.278789
0.278616
0.412724
0.41247
0.541665
0.542668
0.667958
0.665897
0.784722
0.788134
0.902764
0.897719
0.141121
0.14086
9.12167e-32
4.99326e-32
0.278616
0.41247
0.412724
0.278789
1.01145
1.11381
1.10472
1.0045
1.20952
1.29826
1.28417
1.19804
0.542668
0.541665
0.665897
0.667958
0.897719
0.784722
0.902764
0.788134
1.01145
1.0045
1.11381
1.10472
1.43382
1.45377
1.37976
1.36284
1.49691
1.52007
1.57847
1.55193
1.62882
1.59873
1.67097
1.63718
1.19804
1.28417
1.20952
1.29826
1.73028
1.70482
1.68868
1.66719
1.36284
1.37976
1.45377
1.43382
1.70159
1.74729
1.75581
1.7059
1.57847
1.55193
1.49691
1.52007
1.59873
1.62882
1.63718
1.67097
1.70159
1.68868
1.75581
1.74729
1.66719
1.70482
1.73028
4.9567e-32
0.139815
9.03095e-32
0.140425
0.278101
0.277242
0.411707
0.41247
0.669194
0.543003
0.542668
0.669606
0.140425
0.139815
9.03095e-32
4.9567e-32
0.790572
0.792033
0.909488
0.906687
1.02154
1.12779
1.1215
1.01713
0.277242
0.41247
0.411707
0.278101
0.669194
0.669606
0.543003
0.542668
1.22788
1.32146
1.31069
1.21947
1.40823
1.4718
1.39489
1.48791
0.906687
0.909488
0.792033
0.790572
1.1215
1.01713
1.02154
1.12779
1.32146
1.22788
1.21947
1.31069
1.54119
1.60286
1.62509
1.56027
1.65664
1.68219
1.73141
1.70238
1.76929
1.8057
1.73996
1.77261
1.39489
1.4718
1.48791
1.40823
1.79029
1.80291
1.83059
1.84721
1.54119
1.62509
1.60286
1.56027
1.85554
1.85554
1.80712
1.80291
1.68219
1.73141
1.65664
1.70238
1.84721
1.83059
1.77261
1.73996
1.8057
1.79029
1.76929
4.89541e-32
0.138073
8.89487e-32
0.139031
0.276039
0.274491
0.408655
0.410436
0.667958
0.669194
0.541665
0.539993
0.792521
0.792033
0.911729
0.911168
0.139031
0.138073
8.89487e-32
4.89541e-32
0.274491
0.410436
0.408655
0.276039
1.02659
1.13618
1.13268
1.0247
1.2401
1.338
1.33056
1.23476
0.669194
0.667958
0.539993
0.541665
0.911168
0.792521
0.911729
0.792033
1.42954
1.51442
1.41978
1.50212
1.57733
1.64518
1.66314
1.59236
1.02659
1.0247
1.13618
1.13268
1.23476
1.33056
1.338
1.2401
1.41978
1.50212
1.51442
1.42954
1.70549
1.75807
1.72653
1.78238
1.80279
1.8708
1.83051
1.83953
1.90316
1.86821
1.92749
1.88874
1.57733
1.64518
1.59236
1.66314
1.95188
1.90107
1.90519
1.94375
1.70549
1.72653
1.78238
1.75807
1.90107
1.95188
1.94375
1.88874
1.83953
1.83051
1.80279
1.8708
1.90316
1.86821
1.92749
4.80934e-32
0.135632
8.71335e-32
0.13694
0.2726
0.270363
0.403566
0.406365
0.534641
0.663012
0.665897
0.537652
0.13694
0.135632
8.71335e-32
4.80934e-32
0.790572
0.788134
0.909488
0.911168
1.02659
1.13897
1.02722
1.13827
0.270363
0.406365
0.403566
0.2726
0.665897
0.663012
0.537652
0.534641
1.24621
1.34792
1.34379
1.24392
1.52482
1.44373
1.53332
1.43753
0.788134
0.790572
0.909488
0.911168
1.02722
1.13827
1.13897
1.02659
1.60538
1.61638
1.67896
1.69266
1.74534
1.76192
1.82396
1.80434
1.24621
1.34792
1.24392
1.34379
1.53332
1.44373
1.43753
1.52482
1.69266
1.60538
1.67896
1.61638
1.85577
1.89951
1.87859
1.92568
1.99676
1.9651
1.96349
1.93545
1.99564
2.02056
2.03646
1.98357
1.74534
1.82396
1.76192
1.80434
1.99564
2.04442
1.99966
2.04442
1.92568
1.89951
1.85577
1.87859
1.98357
1.99676
1.9651
2.02056
2.03646
1.93545
1.96349
4.69844e-32
0.13249
8.48625e-32
0.134148
0.267782
0.400256
0.264853
0.396435
0.526606
0.654764
0.659301
0.53096
0.134148
0.13249
8.48625e-32
4.69844e-32
0.784722
0.780332
0.902764
0.906687
0.264853
0.400256
0.396435
0.267782
1.02154
1.0247
1.13618
1.13827
1.24621
1.35123
1.3504
1.24698
0.53096
0.659301
0.654764
0.526606
0.780332
0.906687
0.784722
0.902764
1.53993
1.45082
1.54465
1.44817
1.63238
1.62538
1.71372
1.70425
1.0247
1.13618
1.13827
1.02154
1.3504
1.35123
1.24621
1.24698
1.77627
1.85622
1.84125
1.78841
1.97044
1.89899
1.91695
1.94932
1.54465
1.45082
1.44817
1.53993
1.62538
1.70425
1.71372
1.63238
1.77627
1.78841
1.84125
1.85622
2.02729
1.99213
2.01654
2.05512
2.0861
2.1094
2.07437
2.05473
2.13275
2.09012
2.12496
2.08618
1.94932
1.91695
1.89899
1.97044
2.13275
2.08618
2.12496
2.07437
2.1094
2.02729
2.0861
1.99213
2.05473
2.01654
2.05512
4.56263e-32
0.128645
8.21342e-32
0.130655
0.130655
0.128645
8.21342e-32
4.56263e-32
0.26158
0.387257
0.392102
0.257959
0.515884
0.643206
0.649399
0.521582
0.774967
0.768621
0.891551
0.897719
0.392102
0.387257
0.26158
0.257959
1.01713
1.01145
1.12779
1.13268
0.649399
0.643206
0.515884
0.521582
1.2401
1.34792
1.3504
1.24392
1.45082
1.54843
1.54748
1.45171
0.768621
0.897719
0.774967
0.891551
1.01145
1.12779
1.01713
1.13268
1.63737
1.64037
1.72634
1.72108
1.79833
1.80604
1.86887
1.87922
1.34792
1.2401
1.24392
1.3504
1.45082
1.45171
1.54748
1.54843
1.93251
1.94566
2.00515
1.98905
2.03834
2.1027
2.05755
2.08025
1.63737
1.72108
1.64037
1.72634
1.79833
1.87922
1.80604
1.86887
1.93251
2.00515
1.98905
1.94566
2.17082
2.14154
2.11468
2.14048
2.20887
2.19364
2.16077
2.17232
2.17232
2.17618
2.2165
2.2165
2.03834
2.08025
2.1027
2.05755
2.20887
2.14154
2.16077
2.19364
2.14048
2.17082
2.11468
4.40182e-32
0.124095
7.89471e-32
0.126458
0.253991
0.249675
0.376026
0.381899
0.126458
0.124095
7.89471e-32
4.40182e-32
0.381899
0.376026
0.253991
0.249675
0.502464
0.628329
0.636183
0.509512
0.761296
0.752989
0.875836
0.884257
1.0045
0.996294
1.11381
1.1215
0.509512
0.502464
0.636183
0.628329
1.22788
1.338
1.34379
1.23476
0.884257
0.875836
0.761296
0.752989
1.44373
1.54465
1.54748
1.44817
1.64137
1.73054
1.72949
1.64037
1.0045
1.11381
0.996294
1.1215
1.338
1.34379
1.22788
1.23476
1.81484
1.893
1.81154
1.88726
1.9564
1.96476
2.02989
2.01877
1.54465
1.44817
1.54748
1.44373
1.64037
1.72949
1.64137
1.73054
2.07417
2.08822
2.13958
2.12247
2.19726
2.22087
2.16353
2.18384
1.88726
1.81154
1.81484
1.893
1.96476
1.9564
2.02989
2.01877
2.07417
2.13958
2.12247
2.08822
2.27296
2.2506
2.22358
2.24241
2.25751
2.25373
2.28789
2.29537
2.25373
2.29537
2.24241
2.28789
2.16353
2.22358
2.22087
2.18384
2.2506
2.27296
2.19726
4.21594e-32
0.121555
0.118838
7.52997e-32
0.24501
0.239996
0.362734
0.369638
0.486339
0.610122
0.619643
0.494741
0.121555
0.118838
7.52997e-32
4.21594e-32
0.239996
0.369638
0.362734
0.24501
0.619643
0.610122
0.486339
0.494741
0.743699
0.733423
0.855606
0.866286
0.986815
0.976064
1.09422
1.10472
1.21947
1.20952
1.32146
1.33056
0.733423
0.866286
0.743699
0.855606
1.42954
1.53332
1.53993
1.43753
0.986815
1.09422
1.10472
0.976064
1.72949
1.63737
1.63238
1.72634
1.89759
1.81595
1.81484
1.89644
1.20952
1.21947
1.33056
1.32146
1.43753
1.53993
1.53332
1.42954
1.97072
2.04472
2.03854
1.9743
2.09971
2.16586
2.10863
2.15404
1.72949
1.63737
1.63238
1.72634
1.89759
1.81484
1.89644
1.81595
2.25966
2.24167
2.21625
2.20141
2.29599
2.27474
2.30054
2.32516
1.97072
2.04472
2.03854
1.9743
2.09971
2.16586
2.10863
2.15404
2.24167
2.20141
2.25966
2.21625
2.319
2.36173
2.3301
2.34708
2.36906
2.36906
2.3338
2.3301
2.319
2.32516
2.34708
2.36173
2.29599
2.30054
2.27474
4.0049e-32
7.11903e-32
0.115943
0.112871
0.234633
0.228918
0.347374
0.355313
0.467497
0.588572
0.599766
0.477258
0.115943
0.112871
7.11903e-32
4.0049e-32
0.722161
0.709909
0.830843
0.843792
0.228918
0.355313
0.347374
0.234633
0.477258
0.467497
0.599766
0.588572
0.709909
0.843792
0.830843
0.722161
0.96404
0.95074
1.06899
1.08231
1.18501
1.29826
1.31069
1.19804
1.40823
1.51442
1.52482
1.41978
0.96404
1.08231
1.06899
0.95074
1.62538
1.71372
1.72108
1.61638
1.29826
1.31069
1.18501
1.19804
1.80604
1.893
1.81154
1.89644
2.04965
1.97549
1.9743
2.04842
1.51442
1.40823
1.41978
1.52482
1.72108
1.62538
1.71372
1.61638
2.17505
2.11501
2.11883
2.18161
2.23781
2.27487
2.22839
2.2873
1.80604
1.893
1.81154
1.89644
2.04965
1.9743
1.97549
2.04842
2.36559
2.34684
2.32992
2.31438
2.39422
2.37215
2.39027
2.41575
2.11501
2.18161
2.17505
2.11883
2.2873
2.27487
2.22839
2.23781
2.31438
2.34684
2.32992
2.36559
2.40479
2.40116
2.43012
2.43732
2.43732
2.40116
2.39027
2.41575
2.43012
2.39422
2.37215
3.76863e-32
0.106192
6.66178e-32
0.109621
0.109621
0.106192
6.66178e-32
3.76863e-32
0.222854
0.216436
0.329938
0.338916
0.445929
0.563666
0.576539
0.457055
0.696666
0.68243
0.801529
0.816756
0.338916
0.329938
0.222854
0.216436
0.936161
0.920299
1.0381
1.05425
0.576539
0.445929
0.563666
0.457055
0.801529
0.68243
0.816756
0.696666
0.936161
1.05425
1.0381
0.920299
1.17044
1.15433
1.2684
1.28417
1.37976
1.48791
1.50212
1.39489
1.60538
1.70425
1.59236
1.69266
1.2684
1.28417
1.15433
1.17044
1.78841
1.88726
1.79833
1.87922
1.37976
1.39489
1.50212
1.48791
2.04472
2.04842
1.97072
1.96476
2.18554
2.1201
2.18685
2.11883
1.70425
1.60538
1.59236
1.69266
1.88726
1.79833
1.78841
1.87922
2.24858
2.30384
2.29695
2.24454
2.35249
2.38144
2.39439
2.34262
1.96476
1.97072
2.04842
2.04472
2.18685
2.11883
2.1201
2.18554
2.45759
2.42945
2.43818
2.41332
2.45598
2.46667
2.49287
2.47874
2.24454
2.24858
2.29695
2.30384
2.34262
2.35249
2.39439
2.38144
2.42945
2.45759
2.41332
2.43818
2.47024
2.49994
2.49994
2.46667
2.47874
2.49287
2.45598
3.50705e-32
0.0987989
6.15808e-32
0.102585
3.50705e-32
0.102585
0.0987989
6.15808e-32
0.209668
0.202546
0.31042
0.32044
0.32044
0.31042
0.209668
0.202546
0.43412
0.421625
0.535391
0.54995
0.667199
0.65097
0.767645
0.785159
0.903154
0.88472
1.00153
1.02053
0.54995
0.535391
0.421625
0.43412
1.13666
1.11743
1.23182
1.25095
0.65097
0.785159
0.767645
0.667199
0.903154
1.02053
1.00153
0.88472
1.11743
1.13666
1.25095
1.23182
1.34412
1.45377
1.4718
1.36284
1.57733
1.66314
1.56027
1.67896
1.86887
1.77627
1.76192
1.85622
1.34412
1.45377
1.4718
1.36284
2.03854
1.94566
1.9564
2.02989
1.56027
1.67896
1.66314
1.57733
2.18161
2.18554
2.10863
2.11501
2.24858
2.30798
2.30935
2.24993
1.86887
1.85622
1.76192
1.77627
1.9564
2.03854
1.94566
2.02989
2.41163
2.35953
2.36375
2.40445
2.45287
2.48737
2.47398
2.44263
2.18161
2.11501
2.10863
2.18554
2.24993
2.30798
2.24858
2.30935
2.49843
2.51593
2.53588
2.51506
2.52645
2.52995
2.54978
2.55673
2.36375
2.35953
2.40445
2.41163
2.48737
2.44263
2.47398
2.45287
2.55673
2.49843
2.54978
2.52645
2.51593
2.53588
2.51506
0.0948339
0.0906901
5.60786e-32
3.22012e-32
3.22012e-32
0.0906901
5.60786e-32
0.0948339
0.195073
0.187244
0.288814
0.299878
0.195073
0.187244
0.299878
0.288814
0.394577
0.503735
0.519986
0.408445
0.519986
0.503735
0.394577
0.408445
0.633744
0.615515
0.72917
0.748982
0.864996
0.843978
0.959243
0.981101
1.09665
1.0743
1.1885
1.21101
0.72917
0.615515
0.748982
0.633744
1.32359
1.30125
1.41195
1.43382
0.843978
0.864996
0.981101
0.959243
1.1885
1.09665
1.21101
1.0743
1.32359
1.43382
1.41195
1.30125
1.64518
1.54119
1.52007
1.62509
1.84125
1.74534
1.82396
1.72653
2.01877
1.91695
2.00515
1.93251
1.64518
1.62509
1.54119
1.52007
2.17505
2.08822
2.16586
2.09971
1.84125
1.72653
1.74534
1.82396
2.23781
2.30384
2.24454
2.30798
2.41594
2.41737
2.36516
2.36375
2.01877
2.00515
1.91695
1.93251
2.08822
2.09971
2.17505
2.16586
2.46456
2.5052
2.49778
2.46018
2.5392
2.55272
2.56649
2.52865
2.24454
2.30384
2.30798
2.23781
2.36375
2.36516
2.41594
2.41737
2.56996
2.587
2.60069
2.58031
2.58031
2.58376
2.60755
2.60755
2.49778
2.46018
2.5052
2.46456
2.5392
2.56649
2.55272
2.60069
2.587
2.52865
2.56996
0.0863668
0.0818644
5.01104e-32
2.90778e-32
0.277226
0.265115
0.179064
0.170528
2.90778e-32
0.0818644
5.01104e-32
0.0863668
0.179064
0.170528
0.265115
0.277226
0.364777
0.468688
0.486636
0.380022
0.468688
0.364777
0.380022
0.486636
0.596285
0.57605
0.686087
0.708205
0.57605
0.708205
0.686087
0.596285
0.821664
0.798051
0.911218
0.935949
1.05038
1.02489
1.1384
1.1643
1.25111
1.36241
1.38815
1.27709
0.798051
0.821664
0.935949
0.911218
1.49692
1.47171
1.57847
1.60286
1.02489
1.1384
1.05038
1.1643
1.36241
1.27709
1.38815
1.25111
1.47171
1.60286
1.49692
1.57847
1.68219
1.70549
1.78238
1.80434
1.98905
1.87859
1.97044
1.89899
2.13958
2.05755
2.15404
2.07417
1.80434
1.78238
1.68219
1.70549
2.21625
2.29695
2.2873
2.22839
1.87859
1.89899
1.98905
1.97044
2.41163
2.35249
2.41594
2.35953
2.46602
2.51114
2.50966
2.46456
2.15404
2.13958
2.07417
2.05755
2.29695
2.22839
2.21625
2.2873
2.57718
2.54674
2.55125
2.58481
2.61173
2.60092
2.63197
2.61791
2.41163
2.35953
2.35249
2.41594
2.46602
2.51114
2.50966
2.46456
2.63152
2.64549
2.62812
2.65225
2.62812
2.64549
2.61791
2.65225
2.57718
2.55125
2.58481
2.54674
2.63197
2.61173
2.60092
0.0771825
0.0723212
4.3676e-32
2.57002e-32
0.252479
0.239319
0.161639
0.152395
2.57002e-32
0.0723212
4.3676e-32
0.0771825
0.44989
0.430241
0.332218
0.348843
0.161639
0.152395
0.239319
0.252479
0.332218
0.430241
0.44989
0.348843
0.55481
0.532562
0.63838
0.662812
0.662812
0.63838
0.55481
0.532562
0.773138
0.74692
0.857429
0.885046
0.773138
0.885046
0.857429
0.74692
0.997829
0.969185
1.08149
1.1108
1.22331
1.19367
1.30509
1.33472
1.44445
1.41513
1.52323
1.55193
1.08149
0.997829
1.1108
0.969185
1.75807
1.65664
1.73141
1.62882
1.19367
1.30509
1.33472
1.22331
1.41513
1.55193
1.52323
1.44445
1.75807
1.62882
1.65664
1.73141
1.92568
1.83051
1.94932
1.85577
2.1027
2.12247
2.01654
2.03834
2.27487
2.18384
2.25966
2.20141
1.83051
1.94932
1.92568
1.85577
2.32992
2.39439
2.40445
2.34262
2.01654
2.1027
2.12247
2.03834
2.45287
2.5052
2.46018
2.50966
2.55276
2.55125
2.58938
2.59091
2.20141
2.18384
2.27487
2.25966
2.40445
2.34262
2.39439
2.32992
2.64289
2.65069
2.62408
2.61945
2.66975
2.65967
2.67069
2.68405
2.46018
2.5052
2.45287
2.50966
2.59091
2.55276
2.55125
2.58938
2.67311
2.66975
2.69073
2.69073
2.64289
2.62408
2.65967
2.68405
2.61945
2.65069
2.67069
0.0672803
0.0620602
3.67753e-32
2.20681e-32
0.225634
0.211424
0.142797
0.132844
2.20681e-32
0.0620602
3.67753e-32
0.0672803
0.409741
0.388389
0.296898
0.314904
0.142797
0.132844
0.211424
0.225634
0.612789
0.586038
0.509308
0.485044
0.296898
0.388389
0.409741
0.314904
0.509308
0.485044
0.586038
0.612789
0.719397
0.690567
0.797854
0.828366
0.719397
0.828366
0.797854
0.690567
0.938959
0.907147
1.01772
1.05046
0.907147
0.938959
1.05046
1.01772
1.12888
1.23995
1.2735
1.1622
1.38375
1.35028
1.45928
1.49234
1.59873
1.70238
1.56636
1.67097
1.12888
1.2735
1.23995
1.1622
1.77261
1.89951
1.8708
1.80279
1.35028
1.45928
1.49234
1.38375
1.67097
1.56636
1.70238
1.59873
1.8708
1.77261
1.80279
1.89951
2.08025
1.9651
2.05512
1.99213
2.14049
2.24167
2.22087
2.16353
2.29599
2.36559
2.38144
2.31439
2.05512
2.08025
1.9651
1.99213
2.48737
2.42945
2.44263
2.49778
2.24167
2.16353
2.14049
2.22087
2.5392
2.58481
2.54674
2.58938
2.65692
2.62562
2.62408
2.65536
2.38144
2.29599
2.31439
2.36559
2.48737
2.44263
2.49778
2.42945
2.67856
2.69515
2.70308
2.68327
2.7163
2.70512
2.70845
2.72292
2.58938
2.5392
2.58481
2.54674
2.62562
2.65536
2.62408
2.65692
2.68327
2.69515
2.70308
2.70512
2.72292
2.7163
2.67856
0.0566604
0.0510813
2.94084e-32
1.81817e-32
0.196689
0.18143
0.122538
0.111876
1.81817e-32
0.0510813
2.94084e-32
0.0566604
0.366184
0.343127
0.258814
0.278202
0.122538
0.111876
0.18143
0.196689
0.558125
0.52905
0.459772
0.433489
0.258814
0.343127
0.366184
0.278202
0.660428
0.76589
0.732474
0.628979
0.459772
0.433489
0.52905
0.558125
0.660428
0.628979
0.732474
0.76589
0.873748
0.838758
0.947076
0.98326
0.873748
0.98326
0.838758
0.947076
1.09372
1.0567
1.16694
1.20443
1.16694
1.0567
1.09372
1.20443
1.31474
1.27711
1.38658
1.42403
1.63718
1.5317
1.49474
1.601
1.8057
1.83953
1.70482
1.73996
1.27711
1.42403
1.38658
1.31474
1.90316
1.99676
2.02729
1.93545
1.601
1.49474
1.63718
1.5317
1.8057
1.70482
1.83953
1.73996
1.90316
1.99676
1.93545
2.02729
2.19726
2.17082
2.0861
2.11468
2.2506
2.32516
2.34684
2.27474
2.45759
2.41332
2.47398
2.39422
2.19726
2.17082
2.0861
2.11468
2.52865
2.51506
2.57718
2.56649
2.32516
2.27474
2.2506
2.34684
2.65069
2.61173
2.61945
2.65536
2.70941
2.70783
2.68484
2.68327
2.39422
2.45759
2.41332
2.47398
2.56649
2.57718
2.52865
2.51506
2.73415
2.74217
2.72427
2.72906
2.73745
2.74874
2.74874
2.73415
2.61945
2.65069
2.65536
2.61173
2.70783
2.74217
2.68484
2.70941
2.72906
2.72427
2.68327
0.0453228
0.0393851
2.15757e-32
1.40411e-32
1.40411e-32
0.0393851
2.15757e-32
0.0453228
0.165645
0.149335
0.100861
0.0894905
0.319216
0.294453
0.217966
0.238736
0.100861
0.0894905
0.149335
0.165645
0.377894
0.498811
0.46741
0.406197
0.217966
0.294453
0.319216
0.238736
0.59622
0.697604
0.661279
0.562148
0.406197
0.377894
0.46741
0.498811
0.802175
0.909165
0.869526
0.763998
0.59622
0.562148
0.661279
0.697604
0.802175
0.763998
0.869526
0.909165
1.01784
0.977111
1.08603
1.12747
1.01784
1.12747
1.08603
0.977111
1.23739
1.19557
1.30507
1.34693
1.34693
1.19557
1.30507
1.23739
1.56241
1.45547
1.52141
1.41389
1.62705
1.66719
1.76929
1.73028
1.83059
1.96349
1.92749
1.86821
1.52141
1.41389
1.56241
1.45547
2.02056
2.14154
2.1094
2.05473
1.62705
1.73028
1.66719
1.76929
1.92749
1.83059
1.96349
1.86821
2.14154
2.02056
2.1094
2.05473
2.30054
2.19364
2.27296
2.22358
2.41575
2.34708
2.43818
2.37215
2.49843
2.47874
2.53588
2.55272
2.19364
2.27296
2.30054
2.22358
2.587
2.64289
2.60092
2.63197
2.34708
2.43818
2.37215
2.41575
2.67069
2.70308
2.67856
2.70783
2.74858
2.72906
2.73065
2.74698
2.49843
2.55272
2.53588
2.47874
2.60092
2.63197
2.587
2.64289
2.76814
2.76006
2.75679
2.76162
2.76162
2.74698
2.75679
2.76814
2.70308
2.67856
2.67069
2.70783
2.73065
2.74858
2.72906
9.64655e-33
0.0269723
1.32777e-32
0.0332681
0.0332681
0.0269723
1.32777e-32
9.64655e-33
0.132501
0.115143
0.0777672
0.0656889
0.0777672
0.0656889
0.115143
0.132501
0.268838
0.24237
0.174355
0.196506
0.434846
0.401119
0.348582
0.318259
0.174355
0.24237
0.196506
0.268838
0.526766
0.623497
0.584259
0.49007
0.348582
0.318259
0.401119
0.434846
0.724226
0.828157
0.682856
0.785057
0.526766
0.49007
0.584259
0.623497
0.934528
1.04259
0.997177
0.890082
0.724226
0.682856
0.785057
0.828157
0.934528
0.890082
0.997177
1.04259
1.15165
1.10562
1.2147
1.26099
1.15165
1.26099
1.10562
1.2147
1.32375
1.43213
1.36998
1.47798
1.32375
1.47798
1.43213
1.36998
1.64446
1.68868
1.53922
1.5844
1.74729
1.88874
1.79029
1.84721
1.94375
2.03646
2.07437
1.98357
1.64446
1.53922
1.68868
1.5844
2.12496
2.24241
2.20887
2.16077
1.84721
1.74729
1.79029
1.88874
2.07437
1.94375
2.03646
1.98357
2.20887
2.12496
2.24241
2.16077
2.36173
2.39027
2.28789
2.319
2.49287
2.43012
2.51593
2.45598
2.56996
2.60069
2.61791
2.54978
2.28789
2.39027
2.319
2.36173
2.65967
2.68405
2.64549
2.69515
2.45598
2.49287
2.51593
2.43012
2.72427
2.74698
2.7163
2.74217
2.7746
2.76162
2.77298
2.76323
2.54978
2.56996
2.61791
2.60069
2.65967
2.69515
2.68405
2.64549
2.77298
2.77624
2.7811
2.7811
2.74217
2.7746
2.76323
2.74698
2.72427
2.7163
2.76162
0.0204972
0.0138435
4.515e-33
4.99824e-33
4.99824e-33
0.0138435
4.515e-33
0.0204972
0.0532581
0.0404727
0.0788546
0.0972605
0.0972605
0.0788546
0.0532581
0.0404727
0.21505
0.186879
0.127983
0.151515
0.127983
0.151515
0.186879
0.21505
0.366228
0.330176
0.286927
0.254586
0.452064
0.543564
0.501413
0.412745
0.286927
0.254586
0.330176
0.366228
0.639891
0.740224
0.693658
0.595328
0.452064
0.412745
0.501413
0.543564
0.843774
0.94977
0.900373
0.7956
0.639891
0.595328
0.693658
0.740224
1.05748
1.16617
1.11542
1.00722
0.843774
0.7956
0.900373
0.94977
1.16617
1.05748
1.00722
1.11542
1.22427
1.3331
1.38383
1.27518
1.27518
1.38383
1.22427
1.3331
1.59762
1.44126
1.49151
1.54814
1.59762
1.44126
1.54814
1.49151
1.65318
1.75581
1.80291
1.70159
1.85554
1.95188
1.99564
1.90107
2.13275
2.17232
2.04442
2.08618
1.75581
1.65318
1.80291
1.70159
2.2165
2.3301
2.29537
2.25373
1.99564
1.95188
1.85554
1.90107
2.04442
2.17232
2.08618
2.13275
2.2165
2.3301
2.29537
2.25373
2.40116
2.36906
2.43732
2.46667
2.52645
2.49994
2.58031
2.55673
2.66975
2.60755
2.62812
2.65225
2.43732
2.46667
2.36906
2.40116
2.73415
2.72292
2.70512
2.69073
2.49994
2.55673
2.52645
2.58031
2.74874
2.75679
2.77298
2.76814
2.78596
2.78271
2.7811
2.78758
2.65225
2.60755
2.62812
2.66975
2.69073
2.70512
2.73415
2.72292
2.7811
2.77298
2.78271
2.78758
2.74874
2.76814
2.75679
1.17171e-34
0.00701085
0.00701085
1.17171e-34
0.059925
0.0273353
0.0273353
0.059925
0.157856
0.103764
0.103764
0.157856
0.221237
0.292961
0.221237
0.292961
0.372116
0.457806
0.549169
0.645359
0.372116
0.457806
0.745562
0.848982
0.645359
0.549169
0.954857
1.06244
0.848982
0.745562
1.17102
1.27991
0.954857
1.06244
1.17102
1.27991
1.38846
1.49603
1.38846
1.49603
1.60203
1.7059
1.7059
1.60203
1.80712
1.90519
1.99966
2.09012
2.25751
2.17618
1.90519
1.80712
2.40479
2.3338
2.09012
1.99966
2.17618
2.25751
2.40479
2.3338
2.47024
2.52995
2.63152
2.58376
2.70845
2.67311
2.47024
2.52995
2.76006
2.73745
2.63152
2.58376
2.78596
2.77624
2.7892
2.78596
2.67311
2.70845
2.73745
2.77624
2.76006
1.22427
1.65318
1.54814
0.0138435
1.3331
1.44126
1.3331
1.44126
1.22427
0.186879
0.254586
1.11542
1.54814
0.412745
1.00722
0.900373
1.65318
0.7956
0.693658
1.75581
0.595328
0.501413
1.85554
0.330176
1.95188
2.04442
0.127983
0.0788546
2.13275
0.0404727
2.2165
2.29537
0.0138435
1.75581
1.85554
2.36906
2.43732
2.04442
2.49994
0.0404727
2.55673
2.60755
0.0788546
2.65225
2.69073
0.127983
2.72292
2.74874
0.186879
2.60755
2.76814
2.65225
2.7811
0.254586
2.78758
2.78758
0.330176
2.7811
2.76814
0.412745
2.74874
2.72292
0.501413
2.69073
0.595328
2.55673
0.693658
2.49994
2.43732
0.7956
2.36906
2.29537
0.900373
2.2165
2.13275
1.00722
1.95188
1.11542
4.515e-33
4.515e-33
4.99824e-33
0.0204972
0.0204972
4.99824e-33
0.0972605
0.0532581
0.0532581
0.0972605
0.151515
0.21505
0.151515
0.21505
0.366228
0.286927
0.286927
0.366228
0.543564
0.452064
0.740224
0.639891
0.452064
0.543564
0.843774
0.94977
0.740224
0.639891
1.16617
1.05748
0.843774
0.94977
1.27518
1.38383
1.05748
1.16617
1.27518
1.38383
1.59762
1.49151
1.59762
1.49151
1.70159
1.80291
1.80291
1.70159
1.99564
1.90107
2.17232
2.08618
2.25373
2.3301
1.90107
1.99564
2.46667
2.40116
2.17232
2.08618
2.3301
2.25373
2.40116
2.46667
2.52645
2.58031
2.66975
2.62812
2.70512
2.73415
2.58031
2.52645
2.77298
2.75679
2.66975
2.62812
2.78596
2.78271
2.78271
2.77298
2.73415
2.70512
2.75679
1.53922
1.43213
1.43213
1.32375
1.53922
1.2147
0.115143
1.10562
0.997177
1.64446
0.890082
1.74729
0.785057
0.682856
0.584259
1.84721
0.49007
1.94375
0.401119
0.318259
0.24237
2.03646
0.174355
2.12496
0.0656889
0.0269723
2.20887
2.28789
0.0269723
2.36173
1.64446
2.43012
2.49287
1.84721
0.0656889
2.54978
2.60069
2.12496
2.64549
0.115143
2.68405
0.174355
2.7163
2.74217
2.76162
2.49287
0.24237
2.7746
0.318259
2.64549
2.7811
2.7811
2.7746
0.401119
2.76162
0.49007
2.74217
2.7163
2.68405
0.584259
0.682856
2.60069
2.54978
0.785057
2.43012
0.890082
2.36173
2.28789
2.20887
0.997177
1.10562
2.03646
1.94375
1.2147
1.74729
1.32375
1.32777e-32
1.32777e-32
9.64655e-33
0.0332681
0.0332681
9.64655e-33
0.132501
0.0777672
0.0777672
0.132501
0.196506
0.268838
0.268838
0.196506
0.434846
0.348582
0.348582
0.434846
0.623497
0.526766
0.724226
0.828157
0.526766
0.623497
0.934528
1.04259
0.828157
0.724226
1.15165
1.26099
1.04259
0.934528
1.47798
1.36998
1.15165
1.26099
1.47798
1.36998
1.5844
1.68868
1.68868
1.5844
1.88874
1.79029
1.79029
1.88874
2.07437
1.98357
2.24241
2.16077
2.319
2.39027
2.07437
1.98357
2.45598
2.51593
2.16077
2.24241
2.39027
2.319
2.45598
2.51593
2.56996
2.61791
2.65967
2.69515
2.72427
2.74698
2.61791
2.56996
2.77298
2.76323
2.65967
2.69515
2.77624
2.77298
2.76323
2.72427
2.74698
1.52141
1.30507
1.62705
0.0393851
1.19557
1.08603
0.977111
1.73028
0.869526
0.294453
0.377894
1.83059
0.763998
0.661279
0.562148
1.92749
0.46741
2.02056
0.217966
2.1094
0.149335
2.19364
0.0894905
2.27296
2.34708
0.0393851
2.41575
1.52141
2.47874
0.0894905
2.53588
2.587
2.63197
1.92749
2.02056
0.149335
2.67069
0.217966
2.70308
2.72906
2.74858
0.294453
2.41575
2.76162
0.377894
2.53588
2.587
2.76814
2.76814
2.76162
0.46741
2.74858
0.562148
2.72906
2.70308
2.67069
0.661279
2.63197
0.763998
2.47874
0.869526
0.977111
2.34708
2.27296
2.19364
1.08603
2.1094
1.19557
1.83059
1.30507
1.73028
1.41389
1.62705
1.41389
2.15757e-32
2.15757e-32
1.40411e-32
0.0453228
0.0453228
1.40411e-32
0.100861
0.165645
0.100861
0.165645
0.238736
0.319216
0.319216
0.238736
0.498811
0.406197
0.406197
0.498811
0.59622
0.697604
0.802175
0.909165
0.59622
0.697604
1.01784
1.12747
0.909165
0.802175
1.34693
1.23739
1.01784
1.12747
1.56241
1.45547
1.23739
1.34693
1.56241
1.45547
1.76929
1.66719
1.76929
1.66719
1.86821
1.96349
1.96349
1.86821
2.14154
2.05473
2.30054
2.22358
2.37215
2.43818
2.05473
2.14154
2.49843
2.55272
2.22358
2.30054
2.43818
2.37215
2.49843
2.55272
2.64289
2.60092
2.67856
2.70783
2.73065
2.74698
2.60092
2.64289
2.76006
2.75679
2.70783
2.67856
2.75679
2.74698
2.73065
1.70482
1.0567
0.947076
1.8057
0.838758
0.732474
1.90316
0.628979
0.52905
1.99676
0.433489
0.343127
2.0861
0.258814
0.18143
2.17082
0.111876
0.0510813
2.2506
2.32516
0.0510813
1.16694
1.27711
2.39422
2.45759
1.49474
2.51506
0.111876
2.56649
2.61173
0.18143
2.65069
2.68327
0.258814
2.70941
2.72906
0.343127
2.2506
2.74217
2.32516
2.74874
0.433489
2.74874
2.74217
0.52905
2.56649
2.61173
2.72906
2.70941
0.628979
2.68327
2.65069
0.732474
0.838758
2.51506
2.45759
0.947076
2.39422
1.0567
2.17082
1.16694
2.0861
1.99676
1.27711
1.90316
1.8057
1.38658
1.70482
1.601
1.49474
1.38658
1.601
2.94084e-32
2.94084e-32
1.81817e-32
0.0566604
0.0566604
1.81817e-32
0.196689
0.122538
0.122538
0.196689
0.366184
0.278202
0.278202
0.366184
0.558125
0.459772
0.459772
0.558125
0.76589
0.660428
0.873748
0.98326
0.76589
0.660428
1.20443
1.09372
0.873748
0.98326
1.42403
1.31474
1.20443
1.09372
1.63718
1.5317
1.42403
1.31474
1.5317
1.63718
1.83953
1.73996
1.73996
1.83953
2.02729
1.93545
1.93545
2.02729
2.19726
2.11468
2.34684
2.27474
2.41332
2.47398
2.11468
2.19726
2.57718
2.52865
2.27474
2.34684
2.47398
2.41332
2.57718
2.52865
2.61945
2.65536
2.68484
2.70783
2.72427
2.73415
2.65536
2.61945
2.73415
2.73745
2.68484
2.72427
2.70783
0.907147
0.797854
1.8708
0.690567
1.9651
0.586038
0.485044
0.388389
2.05512
0.296898
2.14049
0.211424
0.132844
0.0620602
2.22087
2.29599
0.0620602
2.36559
1.01772
2.42945
2.48737
1.23995
0.132844
2.5392
2.58481
1.56636
2.62408
0.211424
2.65692
0.296898
2.68327
2.70308
2.7163
2.05512
0.388389
2.72292
0.485044
2.29599
2.72292
2.7163
2.70308
0.586038
2.48737
2.68327
0.690567
2.65692
2.62408
2.58481
0.797854
2.5392
0.907147
2.42945
2.36559
1.01772
1.12888
2.22087
2.14049
1.23995
1.9651
1.35028
1.8708
1.77261
1.67097
1.45928
1.56636
1.45928
1.35028
1.67097
1.12888
1.77261
3.67753e-32
3.67753e-32
2.20681e-32
0.0672803
0.0672803
2.20681e-32
0.225634
0.142797
0.142797
0.225634
0.409741
0.314904
0.409741
0.314904
0.509308
0.612789
0.509308
0.612789
0.719397
0.828366
0.938959
1.05046
0.719397
0.828366
1.2735
1.1622
1.05046
0.938959
1.49234
1.38375
1.2735
1.1622
1.70238
1.59873
1.49234
1.38375
1.59873
1.70238
1.89951
1.80279
1.89951
1.80279
2.08025
1.99213
2.08025
1.99213
2.24167
2.16353
2.31439
2.38144
2.49778
2.44263
2.16353
2.24167
2.54674
2.58938
2.38144
2.31439
2.44263
2.49778
2.58938
2.54674
2.65536
2.62562
2.69515
2.67856
2.70512
2.70845
2.62562
2.65536
2.69515
2.70512
2.67856
1.92568
0.63838
2.01654
0.532562
0.430241
0.332218
2.1027
0.239319
2.18384
0.152395
0.0723212
2.25966
2.32992
0.0723212
2.39439
0.857429
2.45287
0.152395
2.5052
2.55125
2.59091
1.30509
1.41513
0.239319
2.62408
0.332218
2.65069
2.67069
2.68405
0.430241
1.92568
2.69073
0.532562
2.1027
2.18384
2.69073
2.68405
2.67069
0.63838
2.39439
2.65069
0.74692
2.62408
2.59091
2.55125
0.857429
2.5052
0.969185
2.45287
2.32992
1.08149
2.25966
1.19367
2.01654
1.30509
1.41513
1.83051
1.73141
1.62882
1.52323
1.52323
1.62882
1.19367
1.73141
1.08149
1.83051
0.969185
0.74692
4.3676e-32
4.3676e-32
2.57002e-32
0.0771825
0.0771825
2.57002e-32
0.161639
0.252479
0.161639
0.252479
0.44989
0.348843
0.348843
0.44989
0.55481
0.662812
0.55481
0.662812
0.885046
0.773138
1.1108
0.997829
0.773138
0.885046
1.22331
1.33472
0.997829
1.1108
1.44445
1.55193
1.22331
1.33472
1.65664
1.75807
1.55193
1.44445
1.65664
1.75807
1.94932
1.85577
1.94932
1.85577
2.12247
2.03834
2.03834
2.12247
2.27487
2.20141
2.40445
2.34262
2.46018
2.50966
2.20141
2.27487
2.58938
2.55276
2.40445
2.34262
2.46018
2.50966
2.58938
2.55276
2.64289
2.61945
2.66975
2.65967
2.67311
2.66975
2.61945
2.65967
2.64289
2.05755
0.364777
0.265115
2.13958
0.170528
0.0818644
2.21625
2.2873
0.0818644
0.468688
0.57605
2.35249
2.41163
0.798051
2.46456
0.170528
2.51114
2.55125
0.265115
2.58481
2.61173
0.364777
2.63197
2.64549
0.468688
1.68219
2.65225
1.78238
2.65225
0.57605
2.64549
2.63197
0.686087
2.13958
2.21625
2.61173
2.58481
0.798051
2.55125
2.51114
0.911218
2.46456
2.41163
1.02489
2.35249
2.2873
1.1384
1.25111
2.05755
1.97044
1.36241
1.87859
1.47171
1.57847
1.57847
1.47171
1.36241
1.68219
1.25111
1.1384
1.78238
1.02489
0.911218
1.87859
0.686087
1.97044
5.01104e-32
5.01104e-32
2.90778e-32
0.0863668
0.0863668
2.90778e-32
0.277226
0.179064
0.179064
0.277226
0.380022
0.486636
0.486636
0.380022
0.708205
0.596285
0.596285
0.708205
0.821664
0.935949
1.05038
1.1643
0.821664
0.935949
1.38815
1.27709
1.1643
1.05038
1.49692
1.60286
1.27709
1.38815
1.70549
1.80434
1.49692
1.60286
1.80434
1.70549
1.98905
1.89899
1.89899
1.98905
2.07417
2.15404
2.15404
2.07417
2.29695
2.22839
2.41594
2.35953
2.50966
2.46602
2.29695
2.22839
2.54674
2.57718
2.41594
2.35953
2.46602
2.50966
2.57718
2.54674
2.60092
2.61791
2.63152
2.62812
2.62812
2.61791
2.60092
0.187244
0.0906901
2.16586
2.23781
0.0906901
2.30384
0.288814
2.36375
2.41737
0.503735
0.187244
2.46456
2.5052
0.843978
2.5392
0.288814
2.56649
0.394577
2.587
2.60069
2.60755
1.41195
0.503735
2.60755
0.615515
1.72653
2.60069
2.587
2.56649
0.72917
2.00515
2.5392
0.843978
2.5052
2.46456
2.41737
0.959243
2.36375
1.0743
2.30384
2.23781
2.16586
1.1885
2.08822
1.30125
1.91695
1.82396
1.41195
1.52007
1.62509
1.52007
1.62509
1.30125
1.72653
1.1885
1.0743
0.959243
1.82396
1.91695
0.72917
0.615515
2.00515
0.394577
2.08822
5.60786e-32
5.60786e-32
3.22012e-32
0.0948339
0.0948339
3.22012e-32
0.195073
0.299878
0.195073
0.299878
0.519986
0.408445
0.519986
0.408445
0.748982
0.633744
0.633744
0.748982
0.864996
0.981101
1.21101
1.09665
0.864996
0.981101
1.43382
1.32359
1.09665
1.21101
1.54119
1.64518
1.32359
1.43382
1.74534
1.84125
1.54119
1.64518
1.74534
1.84125
2.01877
1.93251
2.01877
1.93251
2.17505
2.09971
2.17505
2.09971
2.24454
2.30798
2.41594
2.36516
2.49778
2.46018
2.30798
2.24454
2.52865
2.55272
2.41594
2.36516
2.46018
2.49778
2.55272
2.52865
2.58031
2.56996
2.58031
2.58376
2.56996
2.18161
2.24858
0.0987989
0.0987989
2.30935
2.36375
0.202546
2.41163
2.45287
0.535391
0.65097
2.48737
0.31042
2.51506
0.421625
2.53588
2.54978
2.55673
1.23182
0.535391
2.55673
1.45377
1.56027
0.65097
2.54978
2.53588
2.51506
1.85622
0.767645
2.48737
0.88472
2.45287
2.41163
2.18161
2.36375
1.00153
2.30935
1.11743
2.24858
2.10863
1.23182
2.02989
1.34412
1.94566
1.76192
1.45377
1.66314
1.56027
1.34412
1.66314
1.76192
1.11743
1.00153
0.88472
1.85622
0.767645
1.94566
0.421625
2.02989
0.31042
2.10863
0.202546
6.15808e-32
6.15808e-32
3.50705e-32
0.102585
3.50705e-32
0.102585
0.32044
0.209668
0.209668
0.32044
0.54995
0.43412
0.54995
0.43412
0.667199
0.785159
0.667199
0.785159
1.02053
0.903154
1.25095
1.13666
0.903154
1.02053
1.4718
1.36284
1.25095
1.13666
1.67896
1.57733
1.36284
1.4718
1.86887
1.77627
1.57733
1.67896
1.86887
1.77627
1.9564
2.03854
1.9564
2.03854
2.18554
2.11501
2.18554
2.11501
2.24993
2.30798
2.40445
2.35953
2.44263
2.47398
2.24993
2.30798
2.51593
2.49843
2.35953
2.40445
2.44263
2.47398
2.51593
2.49843
2.52995
2.52645
2.52645
0.106192
2.24858
2.30384
2.35249
0.216436
2.39439
2.42945
0.329938
2.45759
2.47874
0.445929
2.49287
2.49994
0.920299
0.563666
1.0381
2.49994
2.49287
0.68243
2.47874
2.45759
1.48791
1.59236
0.801529
2.42945
2.39439
0.920299
2.35249
2.30384
1.0381
2.24858
2.18685
1.15433
2.11883
2.04472
1.2684
1.96476
1.87922
1.37976
1.78841
1.69266
1.48791
1.59236
1.37976
1.2684
1.69266
1.15433
1.78841
0.801529
1.87922
0.68243
0.563666
1.96476
0.445929
0.329938
2.04472
0.216436
0.106192
2.11883
2.18685
6.66178e-32
6.66178e-32
3.76863e-32
0.109621
0.109621
3.76863e-32
0.222854
0.338916
0.222854
0.338916
0.457055
0.576539
0.576539
0.457055
0.816756
0.696666
0.816756
0.696666
1.05425
0.936161
1.28417
1.17044
0.936161
1.05425
1.50212
1.39489
1.28417
1.17044
1.60538
1.70425
1.50212
1.39489
1.79833
1.88726
1.60538
1.70425
1.79833
1.88726
1.97072
2.04842
1.97072
2.04842
2.18554
2.1201
2.18554
2.1201
2.29695
2.24454
2.34262
2.38144
2.43818
2.41332
2.24454
2.29695
2.45598
2.46667
2.34262
2.38144
2.41332
2.43818
2.45598
2.47024
2.46667
2.2873
0.228918
2.32992
2.36559
2.39422
0.347374
2.41575
0.467497
2.43012
0.588572
2.43732
2.43732
0.588572
0.95074
2.43012
0.709909
2.41575
2.39422
1.29826
2.36559
0.830843
2.32992
0.95074
2.2873
2.23781
1.80604
2.18161
1.06899
2.11883
1.18501
2.04965
1.9743
1.893
1.29826
1.40823
1.71372
1.61638
1.51442
1.51442
1.40823
1.61638
1.18501
1.06899
1.71372
1.80604
0.830843
0.709909
1.893
0.467497
1.9743
0.347374
0.228918
0.112871
2.04965
2.11883
0.112871
2.18161
2.23781
7.11903e-32
7.11903e-32
4.0049e-32
0.115943
0.115943
4.0049e-32
0.355313
0.234633
0.234633
0.355313
0.599766
0.477258
0.477258
0.599766
0.722161
0.843792
0.722161
0.843792
0.96404
1.08231
1.31069
1.19804
0.96404
1.08231
1.52482
1.41978
1.31069
1.19804
1.72108
1.62538
1.41978
1.52482
1.89644
1.81154
1.72108
1.62538
1.89644
1.81154
1.97549
2.04842
1.97549
2.04842
2.11501
2.17505
2.11501
2.17505
2.22839
2.27487
2.31438
2.34684
2.39027
2.37215
2.22839
2.27487
2.40479
2.40116
2.34684
2.31438
2.39027
2.37215
2.40116
0.239996
2.25966
2.29599
2.32516
0.362734
2.34708
0.362734
0.486339
2.36173
0.610122
0.733423
2.36906
2.36906
0.610122
2.36173
1.09422
0.733423
2.34708
2.32516
2.29599
0.855606
1.53332
1.63238
2.25966
0.976064
2.21625
2.16586
2.10863
1.09422
2.04472
1.20952
1.9743
1.89759
1.81484
1.32146
1.72634
1.42954
1.42954
1.53332
1.32146
1.63238
1.20952
0.976064
1.72634
0.855606
1.81484
0.486339
1.89759
1.9743
0.239996
0.118838
2.04472
2.10863
0.118838
2.16586
2.21625
7.52997e-32
7.52997e-32
4.21594e-32
0.121555
0.121555
4.21594e-32
0.369638
0.24501
0.24501
0.369638
0.619643
0.494741
0.619643
0.494741
0.866286
0.743699
0.743699
0.866286
0.986815
1.10472
1.21947
1.33056
0.986815
1.10472
1.53993
1.43753
1.21947
1.33056
1.63737
1.72949
1.43753
1.53993
1.81595
1.89644
1.72949
1.63737
1.89644
1.81595
1.97072
2.03854
2.03854
1.97072
2.09971
2.15404
2.15404
2.09971
2.20141
2.24167
2.27474
2.30054
2.319
2.3301
2.20141
2.24167
2.3301
2.3338
2.30054
2.27474
2.319
2.2506
0.376026
2.27296
0.124095
2.28789
0.502464
2.29537
2.29537
0.628329
0.628329
0.752989
2.28789
2.27296
0.752989
2.2506
2.22087
0.875836
2.18384
2.13958
0.996294
2.08822
1.54465
2.02989
1.11381
1.96476
1.893
1.22788
1.81484
1.73054
1.338
1.64037
1.44373
1.44373
1.338
1.54465
1.22788
1.11381
1.64037
0.996294
0.875836
1.73054
1.81484
0.502464
0.376026
1.893
0.249675
1.96476
2.02989
0.124095
2.22087
2.08822
2.13958
2.18384
0.249675
7.89471e-32
7.89471e-32
4.40182e-32
0.126458
0.126458
4.40182e-32
0.253991
0.381899
0.253991
0.381899
0.636183
0.509512
0.509512
0.636183
0.884257
0.761296
0.761296
0.884257
1.1215
1.0045
1.34379
1.23476
1.0045
1.1215
1.44817
1.54748
1.34379
1.23476
1.64137
1.72949
1.54748
1.44817
1.81154
1.88726
1.72949
1.64137
1.81154
1.88726
2.01877
1.9564
2.01877
1.9564
2.07417
2.12247
2.12247
2.07417
2.19726
2.16353
2.24241
2.22358
2.25751
2.25373
2.19726
2.16353
2.25373
2.22358
2.24241
0.387257
2.20887
0.515884
2.2165
2.2165
2.20887
0.387257
0.643206
2.19364
0.768621
2.17082
2.14048
2.1027
1.01145
0.891551
2.05755
1.01145
2.00515
1.34792
1.94566
1.87922
1.54843
1.12779
1.80604
1.2401
1.72634
1.64037
1.34792
1.45082
1.45082
1.2401
1.12779
1.54843
1.64037
0.891551
0.768621
0.643206
1.72634
0.515884
1.80604
0.257959
0.128645
1.87922
1.94566
0.128645
2.19364
2.00515
2.05755
2.1027
0.257959
2.14048
2.17082
8.21342e-32
8.21342e-32
4.56263e-32
0.130655
0.130655
4.56263e-32
0.392102
0.26158
0.26158
0.392102
0.649399
0.521582
0.649399
0.521582
0.897719
0.774967
0.774967
0.897719
1.13268
1.01713
1.3504
1.24392
1.01713
1.13268
1.54748
1.45171
1.24392
1.3504
1.72108
1.63737
1.54748
1.45171
1.86887
1.79833
1.63737
1.72108
1.79833
1.86887
1.93251
1.98905
1.93251
1.98905
2.03834
2.08025
2.03834
2.08025
2.11468
2.14154
2.16077
2.17232
2.17618
2.17232
2.14154
2.11468
2.16077
0.526606
2.13275
2.13275
0.13249
2.12496
0.654764
2.1094
0.780332
2.0861
0.654764
0.780332
2.05512
2.01654
0.902764
1.97044
1.02154
1.91695
1.85622
1.35123
1.78841
1.13618
1.71372
1.24621
1.63238
1.54465
1.45082
1.35123
1.45082
1.24621
1.13618
1.02154
1.54465
0.902764
1.63238
0.526606
1.71372
0.396435
1.78841
0.264853
1.85622
1.91695
0.13249
2.12496
1.97044
2.01654
0.264853
2.05512
2.0861
2.1094
0.396435
8.48625e-32
8.48625e-32
4.69844e-32
0.134148
0.134148
4.69844e-32
0.267782
0.400256
0.267782
0.400256
0.659301
0.53096
0.659301
0.53096
0.906687
0.784722
0.784722
0.906687
1.0247
1.13827
1.3504
1.24698
1.13827
1.0247
1.44817
1.53993
1.24698
1.3504
1.70425
1.62538
1.53993
1.44817
1.84125
1.77627
1.70425
1.62538
1.77627
1.84125
1.89899
1.94932
1.89899
1.94932
2.02729
1.99213
2.02729
1.99213
2.05473
2.07437
2.08618
2.09012
2.08618
2.05473
2.07437
2.03646
0.663012
2.02056
1.99676
0.788134
1.9651
1.92568
0.909488
1.87859
0.663012
1.82396
1.02659
1.76192
1.02659
1.69266
1.13897
1.13897
1.61638
1.53332
1.24621
1.44373
1.34792
1.34792
1.24621
1.44373
0.909488
1.53332
0.788134
1.61638
0.534641
0.403566
1.69266
0.270363
0.135632
1.76192
1.82396
0.135632
2.04442
1.87859
2.04442
1.92568
1.9651
0.270363
1.99676
2.02056
0.403566
2.03646
0.534641
8.71335e-32
8.71335e-32
4.80934e-32
0.13694
0.13694
4.80934e-32
0.406365
0.2726
0.406365
0.2726
0.537652
0.665897
0.665897
0.537652
0.911168
0.790572
0.790572
0.911168
1.02722
1.13827
1.24392
1.34379
1.13827
1.02722
1.52482
1.43753
1.34379
1.24392
1.60538
1.67896
1.52482
1.43753
1.80434
1.74534
1.67896
1.60538
1.74534
1.80434
1.85577
1.89951
1.89951
1.85577
1.93545
1.96349
1.96349
1.93545
1.98357
1.99564
1.99966
1.99564
1.98357
0.667958
1.90316
0.792033
1.8708
1.83051
1.78238
0.408655
0.911729
1.72653
0.667958
1.02659
1.66314
1.59236
1.51442
1.13618
1.42954
1.2401
1.338
1.2401
1.13618
1.338
1.02659
1.42954
0.911729
0.792033
1.51442
0.539993
1.59236
0.274491
0.138073
1.66314
1.72653
0.138073
1.92749
1.78238
1.83051
1.8708
1.95188
0.274491
1.90316
1.92749
1.94375
0.408655
0.539993
1.95188
1.94375
8.89487e-32
8.89487e-32
4.89541e-32
0.139031
0.139031
4.89541e-32
0.410436
0.276039
0.276039
0.410436
0.669194
0.541665
0.541665
0.669194
0.911168
0.792521
0.792521
0.911168
1.13268
1.0247
1.33056
1.23476
1.13268
1.0247
1.50212
1.41978
1.33056
1.23476
1.64518
1.57733
1.50212
1.41978
1.70549
1.75807
1.57733
1.64518
1.70549
1.75807
1.83953
1.80279
1.83953
1.80279
1.86821
1.88874
1.88874
1.86821
1.90107
1.90519
1.90107
0.792033
1.77261
1.73141
1.68219
0.909488
1.62509
0.411707
1.02154
1.56027
0.669606
1.48791
1.40823
1.12779
1.32146
1.22788
1.22788
1.12779
1.02154
1.32146
0.909488
1.40823
0.792033
0.542668
1.48791
1.56027
0.277242
0.139815
1.62509
1.68219
0.139815
1.8057
1.73141
1.77261
1.84721
1.85554
0.277242
1.8057
1.83059
1.84721
0.411707
1.85554
0.542668
1.83059
0.669606
9.03095e-32
9.03095e-32
4.9567e-32
0.140425
0.140425
4.9567e-32
0.41247
0.278101
0.278101
0.41247
0.669194
0.543003
0.669194
0.543003
0.906687
0.790572
0.790572
0.906687
1.01713
1.1215
1.21947
1.31069
1.01713
1.1215
1.39489
1.4718
1.31069
1.21947
1.54119
1.60286
1.4718
1.39489
1.70238
1.65664
1.60286
1.54119
1.65664
1.70238
1.76929
1.73996
1.73996
1.76929
1.80291
1.79029
1.79029
1.80291
1.80712
1.57847
0.902764
1.52007
0.14086
1.45377
1.01145
1.37976
1.29826
1.11381
0.667958
0.788134
1.20952
1.11381
1.20952
1.01145
0.902764
1.29826
1.37976
0.542668
0.412724
1.45377
0.278616
1.52007
1.57847
0.14086
1.62882
1.62882
1.67097
1.67097
1.70482
0.278616
1.73028
1.74729
0.412724
1.75581
1.75581
0.542668
1.74729
1.73028
0.667958
1.70482
0.788134
9.12167e-32
9.12167e-32
4.99326e-32
0.141121
0.141121
4.99326e-32
0.278789
0.41247
0.278789
0.41247
0.665897
0.541665
0.541665
0.665897
0.897719
0.784722
0.784722
0.897719
1.0045
1.10472
1.28417
1.19804
1.10472
1.0045
1.43382
1.36284
1.28417
1.19804
1.55193
1.49691
1.43382
1.36284
1.63718
1.59873
1.55193
1.49691
1.59873
1.63718
1.68868
1.66719
1.68868
1.66719
1.70159
1.70159
1.7059
0.891551
1.34412
0.996294
1.2684
1.18501
1.09422
0.411707
1.09422
0.996294
1.18501
0.891551
0.780332
0.663012
1.2684
0.539993
1.34412
0.278616
0.141208
1.41195
1.47171
0.141208
1.41195
1.52323
1.56636
1.601
1.56636
0.278616
1.62705
1.64446
1.65318
0.411707
1.65318
0.539993
1.64446
1.62705
1.601
0.663012
0.780332
1.52323
1.47171
9.16711e-32
9.16711e-32
5.00511e-32
0.141121
0.141121
5.00511e-32
0.410436
0.278101
0.278101
0.410436
0.659301
0.537652
0.537652
0.659301
0.774967
0.884256
0.884256
0.774967
0.986815
1.08231
1.17044
1.25095
0.986815
1.08231
1.32359
1.38815
1.17044
1.25095
1.49234
1.44445
1.32359
1.38815
1.5317
1.56241
1.49234
1.44445
1.5317
1.56241
1.59762
1.5844
1.59762
1.5844
1.60203
0.976064
1.15433
1.06899
0.14086
0.976064
1.06899
0.875836
1.15433
0.768621
0.654764
0.534641
1.23182
0.408655
1.30125
0.277242
1.36241
1.41513
0.14086
1.23182
1.45928
1.49474
1.36241
1.41513
0.277242
1.52141
1.53922
1.54814
1.52141
0.408655
1.54814
0.534641
1.53922
1.49474
0.654764
1.45928
0.768621
1.30125
0.875836
9.16731e-32
9.16731e-32
4.99228e-32
0.140425
0.140425
4.99228e-32
0.406365
0.276039
0.276039
0.406365
0.53096
0.649399
0.649399
0.53096
0.761296
0.866286
0.761296
0.866286
0.96404
1.05425
1.21101
1.13666
1.05425
0.96404
1.27709
1.33472
1.21101
1.13666
1.38375
1.42403
1.27709
1.33472
1.45547
1.47798
1.38375
1.42403
1.45547
1.47798
1.49603
1.49151
1.49151
0.855606
1.0381
0.752989
0.643206
1.11743
0.526606
0.403566
1.1885
0.274491
0.139815
1.25111
1.30509
0.139815
0.950739
1.35028
1.0381
1.38658
1.41389
0.274491
1.43213
1.44126
1.30509
1.35028
0.403566
1.44126
1.43213
0.526606
1.41389
1.38658
0.643206
0.752989
1.25111
1.1885
0.855606
1.11743
0.950739
9.12227e-32
9.12227e-32
4.95474e-32
0.139031
0.139031
4.95474e-32
0.2726
0.400256
0.2726
0.400256
0.636183
0.521582
0.636183
0.521582
0.743699
0.843792
0.743699
0.843792
0.936161
1.02053
1.1643
1.09665
1.02053
0.936161
1.2735
1.22331
1.1643
1.09665
1.34693
1.31474
1.2735
1.22331
1.38383
1.36998
1.31474
1.34693
1.38383
1.36998
1.38846
1.00153
0.515884
1.0743
0.396435
0.270363
0.138073
1.1384
1.19367
0.138073
0.628329
1.23995
1.27711
1.30507
0.920299
0.270363
1.32375
1.3331
1.3331
1.1384
0.396435
1.32375
0.515884
1.30507
1.27711
1.23995
0.628329
1.19367
0.733423
1.0743
1.00153
0.830843
0.920299
0.830843
0.733423
9.03194e-32
9.03194e-32
4.89248e-32
0.13694
0.13694
4.89248e-32
0.392102
0.267782
0.267782
0.392102
0.509512
0.619643
0.619643
0.509512
0.722161
0.816756
0.816756
0.722161
0.981101
0.903154
1.05038
1.1108
0.981101
0.903154
1.20443
1.1622
1.1108
1.05038
1.23739
1.26099
1.20443
1.1622
1.27991
1.27518
1.26099
1.23739
1.27518
1.02489
0.264853
0.135632
1.08149
1.12888
0.135632
0.387257
1.16694
1.19557
0.610122
0.709909
0.264853
1.2147
1.22427
1.22427
0.959243
0.387257
1.2147
0.502464
1.19557
1.16694
1.12888
0.610122
1.08149
0.709909
1.02489
0.88472
0.801529
0.801529
0.88472
0.502464
0.959243
8.89627e-32
8.89627e-32
4.80543e-32
0.134148
0.134148
4.80543e-32
0.26158
0.381898
0.26158
0.381898
0.599765
0.494741
0.599765
0.494741
0.785159
0.696666
0.785159
0.696666
0.935949
0.864996
0.997828
1.05046
0.935949
0.864996
1.09372
1.12747
0.997828
1.05046
1.15165
1.16617
1.12747
1.09372
1.17102
1.16617
1.15165
1.01772
0.13249
1.0567
0.13249
1.08603
1.10562
0.257959
1.11542
1.11542
0.588572
0.68243
0.376026
1.10562
0.843978
1.08603
0.486339
1.0567
1.01772
0.588572
0.969184
0.911218
0.68243
0.767645
0.767645
0.843978
0.486339
0.376026
0.911218
0.257959
0.969184
8.71515e-32
8.71515e-32
4.69354e-32
0.130655
4.69354e-32
0.130655
0.369638
0.253991
0.253991
0.369638
0.477258
0.576539
0.477258
0.576539
0.748982
0.667199
0.667199
0.748982
0.821664
0.885045
0.938959
0.98326
0.885045
0.821664
1.01784
1.04259
0.98326
0.938959
1.06244
1.05748
1.04259
1.01784
1.05748
0.128645
0.947076
0.977111
0.997177
0.249675
1.00722
0.362734
1.00722
0.997177
0.362734
0.977111
0.467497
0.947076
0.907147
0.857429
0.563666
0.798051
0.65097
0.72917
0.65097
0.563666
0.72917
0.467497
0.798051
0.249675
0.128645
0.857429
0.907147
8.48845e-32
8.48845e-32
4.55674e-32
0.126458
0.126458
4.55674e-32
0.355312
0.245011
0.245011
0.355312
0.54995
0.457055
0.457055
0.54995
0.708205
0.633744
0.708205
0.633744
0.828366
0.773138
0.909165
0.873748
0.773138
0.828366
0.934528
0.94977
0.909165
0.873748
0.954856
0.934528
0.94977
0.890082
0.239996
0.900373
0.124095
0.900373
0.890082
0.347374
0.869526
0.445929
0.535391
0.615515
0.838757
0.797854
0.746919
0.535391
0.686087
0.615515
0.445929
0.686087
0.347374
0.746919
0.239996
0.797854
0.838757
0.124095
0.869526
8.21603e-32
8.21603e-32
4.39495e-32
0.121555
0.121555
4.39495e-32
0.338915
0.234633
0.234633
0.338915
0.43412
0.519986
0.43412
0.519986
0.596285
0.662812
0.662812
0.596285
0.76589
0.719397
0.802175
0.828157
0.719397
0.76589
0.843774
0.848982
0.828157
0.802175
0.843774
0.228918
0.7956
0.785057
0.329938
0.763997
0.732474
0.421625
0.690566
0.63838
0.503735
0.576049
0.503735
0.576049
0.421625
0.329938
0.63838
0.228918
0.118838
0.690566
0.732474
0.118838
0.763997
0.785057
0.7956
7.89773e-32
7.89773e-32
4.20807e-32
0.115943
0.115943
4.20807e-32
0.32044
0.222854
0.222854
0.32044
0.408445
0.486636
0.408445
0.486636
0.55481
0.612789
0.55481
0.612789
0.660428
0.697604
0.740224
0.724225
0.697604
0.660428
0.740224
0.745562
0.724225
0.682856
0.661278
0.31042
0.628979
0.394577
0.586038
0.31042
0.532562
0.468688
0.468688
0.394577
0.532562
0.216436
0.112871
0.586038
0.628979
0.112871
0.661278
0.693658
0.682856
0.693658
0.216436
7.53339e-32
7.53339e-32
0.109621
3.99604e-32
0.109621
3.99604e-32
0.299878
0.209668
0.209668
0.299878
0.44989
0.380022
0.44989
0.380022
0.509308
0.558124
0.509308
0.558124
0.623497
0.59622
0.645359
0.639891
0.59622
0.639891
0.623497
0.288814
0.529049
0.364777
0.485044
0.430241
0.364777
0.430241
0.288814
0.485044
0.202546
0.106192
0.529049
0.562148
0.106192
0.584259
0.584259
0.595328
0.202546
0.595328
0.562148
7.12287e-32
7.12287e-32
3.75877e-32
0.102585
0.102585
3.75877e-32
0.277226
0.195073
0.195073
0.277226
0.409741
0.348843
0.348843
0.409741
0.459772
0.498811
0.498811
0.459772
0.526766
0.543564
0.549169
0.543564
0.526766
0.332218
0.332218
0.265115
0.388389
0.187244
0.0987989
0.433489
0.46741
0.0987989
0.388389
0.433489
0.49007
0.501413
0.501413
0.187244
0.49007
0.46741
0.265115
6.66602e-32
6.66602e-32
3.49619e-32
0.0948339
0.0948339
3.49619e-32
0.252479
0.179064
0.252479
0.179064
0.366184
0.314904
0.366184
0.314904
0.434846
0.406197
0.406197
0.434846
0.452064
0.457806
0.452064
0.170528
0.09069
0.343127
0.377894
0.09069
0.401119
0.239319
0.412744
0.412744
0.343127
0.170528
0.401119
0.377894
0.239319
0.296898
0.296898
6.16274e-32
6.16274e-32
3.20825e-32
0.0863668
0.0863668
3.20825e-32
0.161639
0.225634
0.161639
0.225634
0.319216
0.278202
0.319216
0.278202
0.366228
0.348582
0.348582
0.372116
0.366228
0.294453
0.318259
0.0818644
0.0818644
0.330176
0.330176
0.152395
0.318259
0.294453
0.258814
0.211424
0.211424
0.258814
0.152395
5.61292e-32
5.61292e-32
2.8949e-32
0.0771824
2.8949e-32
0.0771824
0.142798
0.196689
0.142798
0.196689
0.268837
0.238736
0.268837
0.238736
0.292961
0.286927
0.286927
0.0723212
0.254586
0.254586
0.24237
0.132844
0.217966
0.18143
0.18143
0.132844
0.0723212
0.217966
0.24237
5.01652e-32
5.01652e-32
2.55613e-32
0.0672803
0.0672803
2.55613e-32
0.165645
0.122538
0.122538
0.165645
0.196506
0.21505
0.196506
0.21505
0.221237
0.174355
0.111876
0.149335
0.111876
0.0620602
0.149335
0.174355
0.0620602
0.186878
0.186878
4.37349e-32
4.37349e-32
2.19192e-32
0.0566603
0.0566603
2.19192e-32
0.132501
0.100861
0.100861
0.132501
0.151515
0.151515
0.157856
0.0894905
0.0894905
0.0510813
0.115143
0.127983
0.0510813
0.127983
0.115143
3.68383e-32
3.68383e-32
1.80228e-32
0.0453227
1.80228e-32
0.0453227
0.0777672
0.0972605
0.0777672
0.0972605
0.103764
0.0788546
0.0393851
0.0788546
0.0656889
0.0393851
0.0656889
2.94755e-32
2.94755e-32
0.0332681
1.38721e-32
0.0332681
1.38721e-32
0.0532581
0.0532581
0.0599249
0.0269722
0.0404727
0.0269722
0.0404727
2.16469e-32
2.16469e-32
9.46746e-33
0.0204972
0.0204972
9.46746e-33
0.0273353
0.0138435
0.0138435
1.3353e-32
1.3353e-32
4.80913e-33
4.80913e-33
0.00701082
1.9864e-35
4.59443e-33
4.59443e-33
