2.01185e-35
4.65331e-33
4.65331e-33
4.87076e-33
1.3524e-32
0.00710067
0.0140208
4.87076e-33
1.3524e-32
0.0140208
9.58868e-33
0.0273174
2.19238e-32
0.0207596
0.0276853
0.0409907
0.0409907
0.0207596
0.0273174
2.19238e-32
9.58868e-33
1.40495e-32
0.0398886
2.98521e-32
0.0336936
0.0665287
0.0798629
0.0539394
0.0606915
1.40495e-32
0.0398886
0.0539394
0.0798629
0.0665287
0.0336936
2.98521e-32
1.8253e-32
0.0459018
0.0517336
3.73083e-32
0.078761
0.0906334
0.116614
0.0985034
0.129618
0.10509
0.129618
0.0985034
0.0459018
3.73083e-32
0.0517336
1.8253e-32
0.0906334
0.078761
0.116614
2.21988e-32
4.42921e-32
0.0573833
0.0628515
0.102148
0.113303
0.15124
0.134192
0.0628515
4.42921e-32
0.0573833
2.21988e-32
0.189263
0.159871
0.176579
0.153449
0.153449
0.15124
0.176579
0.102148
0.189263
0.134192
0.113303
2.58869e-32
0.073242
5.08034e-32
0.0681376
0.1241
0.134536
0.183741
0.167756
0.217791
0.199011
0.220743
0.245458
5.08034e-32
0.073242
0.0681376
2.58869e-32
0.1241
0.183741
0.134536
0.167756
0.224057
0.257829
0.217791
0.257829
0.220743
0.245458
0.199011
2.93172e-32
0.082905
5.68421e-32
0.0781643
0.144615
0.154333
0.214113
0.199193
0.298199
0.27226
0.241775
0.262106
0.290581
0.322308
0.334376
0.296691
2.93172e-32
0.082905
5.68421e-32
0.0781643
0.144615
0.154333
0.214113
0.199193
0.322308
0.298199
0.262106
0.334376
0.241775
0.290581
0.27226
3.24898e-32
0.0918408
6.24087e-32
0.0874637
0.163693
0.172692
0.242358
0.228501
0.300668
0.347484
0.323274
0.281738
0.353014
0.382694
0.406214
0.370884
0.0874637
3.24898e-32
0.0918408
6.24087e-32
0.376847
0.417988
0.417988
0.370884
0.172692
0.242358
0.163693
0.228501
0.323274
0.382694
0.406214
0.300668
0.281738
0.353014
0.347484
3.5405e-32
0.10005
6.75038e-32
0.0960362
0.255682
0.181335
0.189617
0.268475
0.336429
0.393313
0.37083
0.3189
0.411352
0.438986
0.473337
0.440365
0.457801
0.496284
0.507772
0.463617
6.75038e-32
0.0960362
3.5405e-32
0.10005
0.268475
0.189617
0.255682
0.181335
0.507772
0.496284
0.457801
0.440365
0.37083
0.3189
0.336429
0.393313
0.438986
0.473337
0.411352
3.80632e-32
0.107535
7.21284e-32
0.103883
0.197542
0.292468
0.280736
0.205108
0.103883
0.107535
7.21284e-32
3.80632e-32
0.369392
0.435685
0.41493
0.353261
0.465596
0.535745
0.50513
0.491182
0.55045
0.569263
0.591653
0.533439
0.602863
0.556127
0.55045
0.602863
0.205108
0.292468
0.280736
0.197542
0.435685
0.369392
0.41493
0.353261
0.591653
0.569263
0.491182
0.533439
0.535745
0.465596
0.50513
4.0465e-32
0.114296
7.62837e-32
0.111005
0.212317
0.219168
0.314339
0.303668
0.111005
0.114296
7.62837e-32
4.0465e-32
0.399559
0.474606
0.455577
0.384825
0.219168
0.303668
0.314339
0.212317
0.515747
0.539288
0.565181
0.593439
0.63138
0.636923
0.66963
0.603758
0.702419
0.653519
0.69148
0.647981
0.647981
0.702419
0.69148
0.63138
0.384825
0.474606
0.399559
0.455577
0.66963
0.565181
0.593439
0.539288
0.515747
0.603758
0.636923
4.26112e-32
0.117405
0.120335
7.99713e-32
0.225664
0.231802
0.334095
0.324481
0.426938
0.510083
0.492774
0.413598
0.117405
0.120335
7.99713e-32
4.26112e-32
0.334095
0.231802
0.324481
0.225664
0.561809
0.583309
0.646425
0.62052
0.426938
0.492774
0.413598
0.510083
0.66876
0.699268
0.741704
0.706404
0.733362
0.749562
0.773624
0.794949
0.805624
0.749562
0.754967
0.805624
0.733362
0.773624
0.794949
0.706404
0.583309
0.699268
0.62052
0.561809
0.741704
0.66876
0.646425
4.45026e-32
8.31926e-32
0.123085
0.125656
0.237586
0.243014
0.351742
0.343182
0.451537
0.542124
0.526532
0.439585
0.123085
0.125656
8.31926e-32
4.45026e-32
0.603791
0.623255
0.694713
0.671155
0.351742
0.243014
0.343182
0.237586
0.526532
0.542124
0.451537
0.439585
0.75631
0.728452
0.807883
0.775529
0.623255
0.603791
0.671155
0.694713
0.838579
0.81227
0.880454
0.8493
0.854391
0.901268
0.859666
0.911687
0.911687
0.838579
0.854391
0.901268
0.81227
0.775529
0.728452
0.8493
0.75631
0.807883
0.880454
4.614e-32
0.13026
8.59494e-32
0.128047
0.248089
0.252809
0.367288
0.359777
0.473365
0.57074
0.462798
0.556859
0.641704
0.659139
0.738317
0.7171
0.128047
0.13026
8.59494e-32
4.614e-32
0.252809
0.367288
0.359777
0.248089
0.868181
0.80806
0.782846
0.838766
0.57074
0.473365
0.556859
0.462798
0.7171
0.641704
0.659139
0.738317
0.958946
0.920576
0.884716
0.91852
0.782846
0.868181
0.80806
0.838766
0.961689
0.946256
1.00967
0.989357
1.01984
0.966839
0.961689
1.01984
0.920576
0.958946
0.91852
0.946256
1.00967
0.989357
0.884716
4.75243e-32
0.134151
8.82434e-32
0.132294
0.257178
0.261192
0.380738
0.374274
0.492432
0.483244
0.595944
0.583767
0.675562
0.690975
0.777253
0.758367
4.75243e-32
8.82434e-32
0.132294
0.134151
0.896129
0.831957
0.854538
0.922616
0.257178
0.261192
0.380738
0.374274
0.595944
0.492432
0.583767
0.483244
0.981303
1.03044
0.995567
0.950715
0.758367
0.777253
0.675562
0.690975
0.831957
0.854538
0.896129
0.922616
1.06991
1.09959
1.03057
1.05564
1.03044
0.981303
0.950715
0.995567
1.07573
1.07071
1.12935
1.11943
1.06991
1.12935
1.09959
1.11943
1.05564
1.07071
1.03057
4.86565e-32
0.13733
9.00761e-32
0.135829
0.264857
0.268169
0.392103
0.386681
0.500934
0.508749
0.617751
0.607271
0.705381
0.71878
0.811541
0.794977
0.135829
0.13733
9.00761e-32
4.86565e-32
0.947642
0.875807
0.895764
0.971211
0.264857
0.386681
0.392103
0.268169
1.09497
1.06357
1.03767
1.01029
0.508749
0.617751
0.607271
0.500934
0.794977
0.811541
0.71878
0.705381
1.14294
1.18147
1.14154
1.10736
0.971211
0.875807
0.895764
0.947642
1.09497
1.03767
1.01029
1.06357
1.18072
1.16601
1.21045
1.22982
1.14154
1.10736
1.18147
1.14294
1.23951
1.18562
1.18072
1.16601
1.22982
1.21045
1.23951
4.95373e-32
0.1398
9.14488e-32
0.138653
0.271132
0.273743
0.40139
0.397006
0.138653
0.1398
9.14488e-32
4.95373e-32
0.515881
0.522327
0.636173
0.627384
0.731177
0.742572
0.8412
0.826947
1.01399
0.993328
0.914416
0.931763
0.397006
0.271132
0.40139
0.273743
1.08766
1.12463
1.15255
1.06346
0.515881
0.636173
0.627384
0.522327
1.2194
1.2085
1.25534
1.17665
0.8412
0.742572
0.826947
0.731177
1.01399
0.931763
0.914416
0.993328
1.27666
1.29296
1.32126
1.25277
1.15255
1.08766
1.06346
1.12463
1.25534
1.2194
1.17665
1.2085
1.29102
1.29581
1.34963
1.34016
1.27666
1.25277
1.29296
1.32126
1.34963
1.29102
1.34016
5.01673e-32
0.141563
9.23626e-32
0.14077
0.276007
0.27792
0.408604
0.405255
0.528093
0.533176
0.651224
0.644119
0.14077
0.141563
9.23626e-32
5.01673e-32
0.405255
0.408604
0.276007
0.27792
0.752969
0.762367
0.866252
0.854301
0.962559
1.05099
1.03322
0.94781
1.1313
1.17876
1.20324
1.11027
0.528093
0.644119
0.651224
0.533176
1.26661
1.32124
1.28928
1.23848
0.752969
0.854301
0.762367
0.866252
1.36698
1.40372
1.33103
1.36361
1.03322
1.05099
0.962559
0.94781
1.1313
1.17876
1.11027
1.20324
1.40096
1.43135
1.44981
1.38694
1.28928
1.26661
1.32124
1.23848
1.33103
1.40372
1.36361
1.36698
1.40564
1.38694
1.45906
1.45906
1.40096
1.43135
1.44981
5.05471e-32
0.14262
9.28183e-32
0.14218
0.279486
0.280703
0.413753
0.411436
0.53758
0.541304
0.662916
0.657489
0.770771
0.877057
0.778181
0.886718
0.14218
0.14262
9.28183e-32
5.05471e-32
0.280703
0.411436
0.413753
0.279486
0.657489
0.662916
0.541304
0.53758
0.988177
1.08224
1.06733
0.976014
1.226
1.24705
1.15075
1.16862
1.37922
1.35122
1.31732
1.29289
0.877057
0.770771
0.886718
0.778181
1.40083
1.43258
1.47725
1.4416
0.976014
0.988177
1.06733
1.08224
1.47342
1.54012
1.4962
1.51313
1.24705
1.16862
1.226
1.15075
1.37922
1.31732
1.35122
1.29289
1.56718
1.50989
1.55815
1.51446
1.40083
1.43258
1.4416
1.47725
1.4962
1.47342
1.56718
1.55815
1.51313
1.50989
1.54012
5.06769e-32
0.142972
9.28163e-32
0.142884
0.281573
0.282094
0.416841
0.415554
0.544351
0.546719
0.67126
0.667506
0.142884
0.142972
9.28163e-32
5.06769e-32
0.7846
0.902614
0.895235
0.790028
1.00864
1.10776
1.09571
0.999052
0.415554
0.416841
0.282094
0.281573
0.667506
0.67126
0.546719
0.544351
0.7846
0.790028
0.895235
0.902614
1.2664
1.18492
1.28405
1.19966
1.42932
1.40525
1.36068
1.33992
1.46223
1.48979
1.54192
1.51069
1.09571
0.999052
1.00864
1.10776
1.58556
1.58159
1.62061
1.55051
1.18492
1.2664
1.28405
1.19966
1.61721
1.64697
1.66459
1.60384
1.40525
1.42932
1.36068
1.33992
1.54192
1.48979
1.51069
1.46223
1.6734
1.62168
1.61721
1.6734
1.58556
1.55051
1.66459
1.62061
1.58159
1.60384
1.64697
5.05569e-32
0.14262
9.23565e-32
0.142884
0.282268
0.282094
0.417869
0.417612
0.548411
0.549425
0.676264
0.674179
0.794469
0.79792
0.913956
0.908853
0.142884
0.14262
9.23565e-32
5.05569e-32
0.282094
0.417612
0.417869
0.282268
1.02397
1.12758
1.11838
1.01694
1.22444
1.31425
1.29999
1.21283
0.549425
0.548411
0.674179
0.676264
0.908853
0.794469
0.913956
0.79792
1.02397
1.01694
1.12758
1.11838
1.45144
1.47161
1.39672
1.37961
1.51528
1.5387
1.59779
1.57095
1.64872
1.6183
1.69136
1.6572
1.21283
1.29999
1.22444
1.31425
1.75136
1.72561
1.7093
1.68756
1.37961
1.39672
1.47161
1.45144
1.72236
1.76857
1.77718
1.72672
1.59779
1.57095
1.51528
1.5387
1.6183
1.64872
1.6572
1.69136
1.72236
1.7093
1.77718
1.76857
1.68756
1.72561
1.75136
5.0187e-32
0.141563
9.14387e-32
0.14218
0.281573
0.280703
0.416841
0.417612
0.677514
0.549763
0.549425
0.677931
0.14218
0.141563
9.14387e-32
5.0187e-32
0.800386
0.801864
0.920757
0.917924
1.03418
1.14172
1.13535
1.02971
0.280703
0.417612
0.416841
0.281573
0.677514
0.677931
0.549763
0.549425
1.24301
1.3377
1.32682
1.2345
1.4255
1.48984
1.41202
1.50613
0.917924
0.920757
0.801864
0.800386
1.13535
1.02971
1.03418
1.14172
1.3377
1.24301
1.2345
1.32682
1.56005
1.62244
1.64492
1.57934
1.67684
1.70267
1.75246
1.72311
1.79079
1.8276
1.76113
1.79414
1.41202
1.48984
1.50613
1.4255
1.81203
1.8248
1.85277
1.86958
1.56005
1.64492
1.62244
1.57934
1.878
1.878
1.82906
1.8248
1.70267
1.75246
1.67684
1.72311
1.86958
1.85277
1.79414
1.76113
1.8276
1.81203
1.79079
4.95669e-32
0.1398
9.00619e-32
0.14077
0.279486
0.27792
0.413753
0.415554
0.676264
0.677514
0.548411
0.546719
0.802357
0.801864
0.923023
0.922456
0.14077
0.1398
9.00619e-32
4.95669e-32
0.27792
0.415554
0.413753
0.279486
1.03928
1.15019
1.14666
1.03737
1.25537
1.35443
1.34691
1.24996
0.677514
0.676264
0.546719
0.548411
0.922456
0.802357
0.923023
0.801864
1.44705
1.53293
1.43718
1.52049
1.59658
1.66522
1.68337
1.61178
1.03928
1.03737
1.15019
1.14666
1.24996
1.34691
1.35443
1.25537
1.43718
1.52049
1.53293
1.44705
1.72622
1.77941
1.7475
1.80398
1.82464
1.8934
1.85265
1.8618
1.92612
1.89079
1.95072
1.91155
1.59658
1.66522
1.61178
1.68337
1.97538
1.92403
1.92819
1.96716
1.72622
1.7475
1.80398
1.77941
1.92403
1.97538
1.96716
1.91155
1.8618
1.85265
1.82464
1.8934
1.92612
1.89079
1.95072
4.86961e-32
0.13733
8.82252e-32
0.138653
0.276007
0.273743
0.408604
0.411436
0.541304
0.67126
0.674179
0.544351
0.138653
0.13733
8.82252e-32
4.86961e-32
0.800386
0.79792
0.920757
0.922456
1.03928
1.15302
1.03992
1.15231
0.273743
0.411436
0.408604
0.276007
0.674179
0.67126
0.544351
0.541304
1.26155
1.36446
1.36028
1.25923
1.54344
1.4614
1.55204
1.45513
0.79792
0.800386
0.920757
0.922456
1.03992
1.15231
1.15302
1.03928
1.62494
1.63606
1.69937
1.71322
1.76651
1.78326
1.846
1.82617
1.26155
1.36446
1.25923
1.36028
1.55204
1.4614
1.45513
1.54344
1.71322
1.62494
1.69937
1.63606
1.87818
1.92241
1.90125
1.94886
2.02071
1.98871
1.9871
1.95875
2.0196
2.04477
2.06084
2.0074
1.76651
1.846
1.78326
1.82617
2.0196
2.06889
2.02367
2.06889
1.94886
1.92241
1.87818
1.90125
2.0074
2.02071
1.98871
2.04477
2.06084
1.95875
1.9871
4.75739e-32
0.134151
8.59271e-32
0.135829
0.271132
0.405255
0.268169
0.40139
0.533176
0.662916
0.667506
0.53758
0.135829
0.134151
8.59271e-32
4.75739e-32
0.794469
0.790028
0.913956
0.917924
0.268169
0.405255
0.40139
0.271132
1.03418
1.03737
1.15019
1.15231
1.26155
1.3678
1.36697
1.26232
0.53758
0.667506
0.662916
0.533176
0.790028
0.917924
0.794469
0.913956
1.55872
1.46857
1.56349
1.46589
1.65223
1.64516
1.7345
1.72492
1.03737
1.15019
1.15231
1.03418
1.36697
1.3678
1.26155
1.26232
1.79777
1.8786
1.86347
1.81003
1.99407
1.92185
1.94
1.97274
1.56349
1.46857
1.46589
1.55872
1.64516
1.72492
1.7345
1.65223
1.79777
1.81003
1.86347
1.8786
2.05156
2.01601
2.04067
2.07967
2.11098
2.13452
2.09915
2.07929
2.15812
2.11506
2.15025
2.11108
1.97274
1.94
1.92185
1.99407
2.15812
2.11108
2.15025
2.09915
2.13452
2.05156
2.11098
2.01601
2.07929
2.04067
2.07967
4.61995e-32
0.13026
8.31662e-32
0.132294
0.132294
0.13026
8.31662e-32
4.61995e-32
0.264857
0.392103
0.397006
0.261192
0.522327
0.651224
0.657489
0.528093
0.7846
0.778181
0.902614
0.908853
0.397006
0.392103
0.264857
0.261192
1.02971
1.02397
1.14172
1.14666
0.657489
0.651224
0.522327
0.528093
1.25537
1.36446
1.36697
1.25923
1.46857
1.56731
1.56635
1.46947
0.778181
0.908853
0.7846
0.902614
1.02397
1.14172
1.02971
1.14666
1.65728
1.66031
1.74725
1.74194
1.82005
1.82784
1.89138
1.90184
1.36446
1.25537
1.25923
1.36697
1.46857
1.46947
1.56635
1.56731
1.95572
1.969
2.02914
2.01287
2.06269
2.12772
2.08209
2.10505
1.65728
1.74194
1.66031
1.74725
1.82005
1.90184
1.82784
1.89138
1.95572
2.02914
2.01287
1.969
2.19656
2.16699
2.13985
2.16591
2.23501
2.21961
2.18642
2.1981
2.1981
2.20199
2.24271
2.24271
2.06269
2.10505
2.12772
2.08209
2.23501
2.16699
2.18642
2.21961
2.16591
2.19656
2.13985
4.45721e-32
0.125656
7.99407e-32
0.128047
0.257178
0.252809
0.380739
0.386681
0.128047
0.125656
7.99407e-32
4.45721e-32
0.386681
0.380739
0.257178
0.252809
0.508749
0.636173
0.644119
0.515881
0.770771
0.762367
0.886718
0.895235
1.01694
1.00864
1.12758
1.13535
0.515881
0.508749
0.644119
0.636173
1.24301
1.35443
1.36028
1.24996
0.895235
0.886718
0.770771
0.762367
1.4614
1.56349
1.56635
1.46589
1.66132
1.7515
1.75044
1.66031
1.01694
1.12758
1.00864
1.13535
1.35443
1.36028
1.24301
1.24996
1.83674
1.91576
1.83341
1.90996
1.97986
1.98829
2.05413
2.04289
1.56349
1.46589
1.56635
1.4614
1.66031
1.75044
1.66132
1.7515
2.09889
2.11308
2.16497
2.14769
2.22326
2.2471
2.18918
2.20968
1.90996
1.83341
1.83674
1.91576
1.98829
1.97986
2.05413
2.04289
2.09889
2.16497
2.14769
2.11308
2.29971
2.27713
2.24984
2.26887
2.28412
2.28031
2.31479
2.32234
2.28031
2.32234
2.26887
2.31479
2.18918
2.24984
2.2471
2.20968
2.27713
2.29971
2.22326
4.26908e-32
0.123085
0.120335
7.62491e-32
0.248089
0.243014
0.367288
0.374274
0.492432
0.617751
0.627384
0.500934
0.123085
0.120335
7.62491e-32
4.26908e-32
0.243014
0.374274
0.367288
0.248089
0.627384
0.617751
0.492432
0.500934
0.752969
0.742572
0.866253
0.877057
0.999052
0.988177
1.10776
1.11838
1.2345
1.22444
1.3377
1.34691
0.742572
0.877057
0.752969
0.866253
1.44705
1.55204
1.55872
1.45513
0.999052
1.10776
1.11838
0.988177
1.75044
1.65728
1.65223
1.74725
1.9204
1.83786
1.83674
1.91924
1.22444
1.2345
1.34691
1.3377
1.45513
1.55872
1.55204
1.44705
1.99432
2.0691
2.06286
1.99793
2.12468
2.19151
2.13369
2.17957
1.75044
1.65728
1.65223
1.74725
1.9204
1.83674
1.91924
1.83786
2.28626
2.26809
2.24241
2.22742
2.32295
2.3015
2.32755
2.3524
1.99432
2.0691
2.06286
1.99793
2.12468
2.19151
2.13369
2.17957
2.26809
2.22742
2.28626
2.24241
2.3462
2.38933
2.3574
2.37454
2.39673
2.39673
2.36114
2.3574
2.3462
2.3524
2.37454
2.38933
2.32295
2.32755
2.3015
4.05548e-32
7.20896e-32
0.117405
0.114296
0.237586
0.231802
0.351742
0.359777
0.473365
0.595944
0.607271
0.483244
0.117405
0.114296
7.20896e-32
4.05548e-32
0.731177
0.71878
0.8412
0.854301
0.231802
0.359777
0.351742
0.237586
0.483244
0.473365
0.607271
0.595944
0.71878
0.854301
0.8412
0.731177
0.976014
0.962559
1.08224
1.09571
1.19966
1.31425
1.32682
1.21283
1.4255
1.53293
1.54344
1.43718
0.976014
1.09571
1.08224
0.962559
1.64516
1.7345
1.74194
1.63606
1.31425
1.32682
1.19966
1.21283
1.82784
1.91576
1.83341
1.91924
2.07409
1.99914
1.99793
2.07284
1.53293
1.4255
1.43718
1.54344
1.74194
1.64516
1.7345
1.63606
2.20078
2.14012
2.14398
2.2074
2.26418
2.30161
2.25466
2.31415
1.82784
1.91576
1.83341
1.91924
2.07409
1.99793
1.99914
2.07284
2.39321
2.37428
2.35719
2.34151
2.42211
2.39984
2.41813
2.44384
2.14012
2.2074
2.20078
2.14398
2.31415
2.30161
2.25466
2.26418
2.34151
2.37428
2.35719
2.39321
2.43279
2.42912
2.45835
2.46561
2.46561
2.42912
2.41813
2.44384
2.45835
2.42211
2.39984
3.81631e-32
0.107535
6.74608e-32
0.111005
0.111005
0.107535
6.74608e-32
3.81631e-32
0.225664
0.219168
0.334096
0.343182
0.451537
0.57074
0.583767
0.462798
0.705381
0.690975
0.811541
0.826948
0.343182
0.334096
0.225664
0.219168
0.94781
0.931763
1.05099
1.06733
0.583767
0.451537
0.57074
0.462798
0.811541
0.690975
0.826948
0.705381
0.94781
1.06733
1.05099
0.931763
1.18492
1.16862
1.28405
1.29999
1.39672
1.50613
1.52049
1.41202
1.62494
1.72492
1.61178
1.71322
1.28405
1.29999
1.16862
1.18492
1.81003
1.90996
1.82005
1.90184
1.39672
1.41202
1.52049
1.50613
2.0691
2.07284
1.99432
1.98829
2.21137
2.14527
2.2127
2.14398
1.72492
1.62494
1.61178
1.71322
1.90996
1.82005
1.81003
1.90184
2.27505
2.33085
2.3239
2.27097
2.37997
2.4092
2.42227
2.37001
1.98829
1.99432
2.07284
2.0691
2.2127
2.14398
2.14527
2.21137
2.48605
2.45766
2.46648
2.44138
2.48444
2.49523
2.52166
2.5074
2.27097
2.27505
2.3239
2.33085
2.37001
2.37997
2.42227
2.4092
2.45766
2.48605
2.44138
2.46648
2.49883
2.52879
2.52879
2.49523
2.5074
2.52166
2.48444
3.5515e-32
0.10005
6.23616e-32
0.103883
3.5515e-32
0.103883
0.10005
6.23616e-32
0.212317
0.205108
0.314339
0.324481
0.324481
0.314339
0.212317
0.205108
0.439585
0.426938
0.542124
0.556859
0.675562
0.659139
0.777253
0.794977
0.914416
0.895764
1.01399
1.03322
0.556859
0.542124
0.426938
0.439585
1.15075
1.1313
1.24705
1.2664
0.659139
0.794977
0.777253
0.675562
0.914416
1.03322
1.01399
0.895764
1.1313
1.15075
1.2664
1.24705
1.36068
1.47161
1.48984
1.37961
1.59658
1.68337
1.57934
1.69937
1.89138
1.79777
1.78326
1.8786
1.36068
1.47161
1.48984
1.37961
2.06286
1.969
1.97986
2.05413
1.57934
1.69937
1.68337
1.59658
2.2074
2.21137
2.13369
2.14012
2.27505
2.33502
2.33641
2.2764
1.89138
1.8786
1.78326
1.79777
1.97986
2.06286
1.969
2.05413
2.43966
2.38707
2.39133
2.43242
2.48128
2.5161
2.50259
2.47095
2.2074
2.14012
2.13369
2.21137
2.2764
2.33502
2.27505
2.33641
2.52726
2.54492
2.56504
2.54404
2.55553
2.55907
2.57906
2.58608
2.39133
2.38707
2.43242
2.43966
2.5161
2.47095
2.50259
2.48128
2.58608
2.52726
2.57906
2.55553
2.54492
2.56504
2.54404
0.0960362
0.0918409
5.67908e-32
3.261e-32
3.261e-32
0.0918409
5.67908e-32
0.0960362
0.197542
0.189617
0.292468
0.303668
0.197542
0.189617
0.303668
0.292468
0.399559
0.510083
0.526532
0.413598
0.526532
0.510083
0.399559
0.413598
0.641704
0.623255
0.738317
0.758367
0.875807
0.854538
0.971212
0.993328
1.11027
1.08766
1.20324
1.226
0.738317
0.623255
0.758367
0.641704
1.33992
1.31732
1.42932
1.45144
0.854538
0.875807
0.993328
0.971212
1.20324
1.11027
1.226
1.08766
1.33992
1.45144
1.42932
1.31732
1.66522
1.56005
1.5387
1.64492
1.86347
1.76651
1.846
1.7475
2.04289
1.94
2.02914
1.95572
1.66522
1.64492
1.56005
1.5387
2.20078
2.11308
2.19151
2.12468
1.86347
1.7475
1.76651
1.846
2.26418
2.33085
2.27097
2.33502
2.44401
2.44545
2.39275
2.39133
2.04289
2.02914
1.94
1.95572
2.11308
2.12468
2.20078
2.19151
2.49308
2.53408
2.52659
2.48866
2.56838
2.58203
2.59591
2.55774
2.27097
2.33085
2.33502
2.26418
2.39133
2.39275
2.44401
2.44545
2.59941
2.61659
2.6304
2.60985
2.60985
2.61333
2.63732
2.63732
2.52659
2.48866
2.53408
2.49308
2.56838
2.59591
2.58203
2.6304
2.61659
2.55774
2.59941
0.0874637
0.082905
5.07479e-32
2.94476e-32
0.280736
0.268475
0.181335
0.172692
2.94476e-32
0.082905
5.07479e-32
0.0874637
0.181335
0.172692
0.268475
0.280736
0.369392
0.474606
0.492775
0.384825
0.474606
0.369392
0.384825
0.492775
0.603791
0.583309
0.694713
0.7171
0.583309
0.7171
0.694713
0.603791
0.831957
0.80806
0.922616
0.947642
1.06346
1.03767
1.15255
1.17876
1.26661
1.37922
1.40525
1.29289
0.80806
0.831957
0.947642
0.922616
1.51528
1.48979
1.59779
1.62244
1.03767
1.15255
1.06346
1.17876
1.37922
1.29289
1.40525
1.26661
1.48979
1.62244
1.51528
1.59779
1.70267
1.72622
1.80398
1.82617
2.01287
1.90125
1.99407
1.92185
2.16497
2.08209
2.17957
2.09889
1.82617
1.80398
1.70267
1.72622
2.24241
2.3239
2.31415
2.25466
1.90125
1.92185
2.01287
1.99407
2.43966
2.37997
2.44401
2.38707
2.49455
2.54007
2.53857
2.49308
2.17957
2.16497
2.09889
2.08209
2.3239
2.25466
2.24241
2.31415
2.60669
2.57598
2.58053
2.61438
2.64153
2.63063
2.66194
2.64776
2.43966
2.38707
2.37997
2.44401
2.49455
2.54007
2.53857
2.49308
2.66148
2.67556
2.65805
2.68238
2.65805
2.67556
2.64776
2.68238
2.60669
2.58053
2.61438
2.57598
2.66194
2.64153
2.63063
0.0781644
0.073242
4.42325e-32
2.60275e-32
0.255682
0.242358
0.163693
0.154333
2.60275e-32
0.073242
4.42325e-32
0.0781644
0.455577
0.435685
0.336429
0.353261
0.163693
0.154333
0.242358
0.255682
0.336429
0.435685
0.455577
0.353261
0.561809
0.539288
0.646425
0.671155
0.671155
0.646425
0.561809
0.539288
0.782846
0.75631
0.868181
0.896129
0.782846
0.896129
0.868181
0.75631
1.01029
0.981303
1.09497
1.12463
1.23848
1.2085
1.32124
1.35122
1.46223
1.43258
1.54192
1.57095
1.09497
1.01029
1.12463
0.981303
1.77941
1.67684
1.75246
1.64872
1.2085
1.32124
1.35122
1.23848
1.43258
1.57095
1.54192
1.46223
1.77941
1.64872
1.67684
1.75246
1.94886
1.85265
1.97274
1.87818
2.12772
2.14769
2.04067
2.06269
2.30161
2.20968
2.28626
2.22742
1.85265
1.97274
1.94886
1.87818
2.3572
2.42227
2.43242
2.37001
2.04067
2.12772
2.14769
2.06269
2.48128
2.53408
2.48866
2.53857
2.58205
2.58054
2.61899
2.62053
2.22742
2.20968
2.30161
2.28626
2.43242
2.37001
2.42227
2.3572
2.67295
2.6808
2.65397
2.64931
2.70002
2.68986
2.70097
2.71443
2.48866
2.53408
2.48128
2.53857
2.62053
2.58205
2.58054
2.61899
2.70341
2.70002
2.72117
2.72117
2.67295
2.65397
2.68986
2.71443
2.64931
2.6808
2.70097
0.0681376
0.0628515
3.72445e-32
2.23496e-32
0.228501
0.214113
0.144615
0.134536
2.23496e-32
0.0628515
3.72445e-32
0.0681376
0.414931
0.393313
0.300668
0.318899
0.144615
0.134536
0.214113
0.228501
0.62052
0.593439
0.515747
0.491182
0.300668
0.393313
0.414931
0.318899
0.515747
0.491182
0.593439
0.62052
0.728452
0.699269
0.807883
0.838766
0.728452
0.838766
0.807883
0.699269
0.950715
0.91852
1.03044
1.06357
0.91852
0.950715
1.06357
1.03044
1.14294
1.25534
1.28928
1.17665
1.40083
1.36698
1.47725
1.51069
1.6183
1.72311
1.58556
1.69136
1.14294
1.28928
1.25534
1.17665
1.79414
1.92241
1.8934
1.82464
1.36698
1.47725
1.51069
1.40083
1.69136
1.58556
1.72311
1.6183
1.8934
1.79414
1.82464
1.92241
2.10505
1.98871
2.07967
2.01601
2.16591
2.26809
2.2471
2.18918
2.32295
2.39321
2.4092
2.34151
2.07967
2.10505
1.98871
2.01601
2.5161
2.45766
2.47095
2.52659
2.26809
2.18918
2.16591
2.2471
2.56838
2.61438
2.57598
2.61899
2.68708
2.65553
2.65397
2.68552
2.4092
2.32295
2.34151
2.39321
2.5161
2.47095
2.52659
2.45766
2.7089
2.72562
2.73361
2.71365
2.74694
2.73567
2.73902
2.7536
2.61899
2.56838
2.61438
2.57598
2.65553
2.68552
2.65397
2.68708
2.71365
2.72562
2.73361
2.73567
2.7536
2.74694
2.7089
0.0573833
0.0517336
2.97841e-32
1.8414e-32
0.199193
0.183741
0.1241
0.113303
1.8414e-32
0.0517336
2.97841e-32
0.0573833
0.37083
0.347485
0.262106
0.281738
0.1241
0.113303
0.183741
0.199193
0.565181
0.535745
0.465596
0.438986
0.262106
0.347485
0.37083
0.281738
0.66876
0.775529
0.741704
0.636923
0.465596
0.438986
0.535745
0.565181
0.66876
0.636923
0.741704
0.775529
0.884716
0.8493
0.958947
0.995567
0.884716
0.995567
0.8493
0.958947
1.10736
1.06991
1.18147
1.2194
1.18147
1.06991
1.10736
1.2194
1.33103
1.29296
1.40372
1.4416
1.6572
1.55051
1.51313
1.62061
1.8276
1.8618
1.72561
1.76113
1.29296
1.4416
1.40372
1.33103
1.92612
2.02071
2.05156
1.95875
1.62061
1.51313
1.6572
1.55051
1.8276
1.72561
1.8618
1.76113
1.92612
2.02071
1.95875
2.05156
2.22326
2.19656
2.11098
2.13985
2.27713
2.3524
2.37428
2.3015
2.48605
2.44138
2.50259
2.42211
2.22326
2.19656
2.11098
2.13985
2.55774
2.54404
2.60669
2.59591
2.3524
2.3015
2.27713
2.37428
2.6808
2.64153
2.64931
2.68552
2.73999
2.7384
2.71523
2.71365
2.42211
2.48605
2.44138
2.50259
2.59591
2.60669
2.55774
2.54404
2.76493
2.77301
2.75497
2.75979
2.76825
2.77962
2.77962
2.76493
2.64931
2.6808
2.68552
2.64153
2.7384
2.77301
2.71523
2.73999
2.75979
2.75497
2.71365
0.0459018
0.0398887
2.18517e-32
1.42207e-32
1.42207e-32
0.0398887
2.18517e-32
0.0459018
0.167756
0.15124
0.102148
0.0906334
0.323274
0.298199
0.220743
0.241775
0.102148
0.0906334
0.15124
0.167756
0.382694
0.50513
0.473337
0.411352
0.220743
0.298199
0.323274
0.241775
0.603758
0.706404
0.66963
0.569263
0.411352
0.382694
0.473337
0.50513
0.812271
0.920576
0.880454
0.773624
0.603758
0.569263
0.66963
0.706404
0.812271
0.773624
0.880454
0.920576
1.03057
0.989357
1.09959
1.14154
1.03057
1.14154
1.09959
0.989357
1.25277
1.21045
1.32126
1.36361
1.36361
1.21045
1.32126
1.25277
1.58159
1.47342
1.54012
1.43135
1.64697
1.68756
1.79079
1.75136
1.85277
1.9871
1.95072
1.89079
1.54012
1.43135
1.58159
1.47342
2.04477
2.16699
2.13452
2.07929
1.64697
1.75136
1.68756
1.79079
1.95072
1.85277
1.9871
1.89079
2.16699
2.04477
2.13452
2.07929
2.32755
2.21961
2.29971
2.24984
2.44384
2.37454
2.46648
2.39984
2.52726
2.5074
2.56504
2.58203
2.21961
2.29971
2.32755
2.24984
2.61659
2.67295
2.63063
2.66194
2.37454
2.46648
2.39984
2.44384
2.70097
2.73361
2.7089
2.7384
2.77946
2.75979
2.76139
2.77785
2.52726
2.58203
2.56504
2.5074
2.63063
2.66194
2.61659
2.67295
2.79917
2.79103
2.78773
2.7926
2.7926
2.77785
2.78773
2.79917
2.73361
2.7089
2.70097
2.7384
2.76139
2.77946
2.75979
9.77005e-33
0.0273174
1.34477e-32
0.0336937
0.0336937
0.0273174
1.34477e-32
9.77005e-33
0.134192
0.116614
0.078761
0.0665288
0.078761
0.0665288
0.116614
0.134192
0.27226
0.245458
0.176579
0.199011
0.440365
0.406214
0.353014
0.322308
0.176579
0.245458
0.199011
0.27226
0.533439
0.63138
0.591654
0.496284
0.353014
0.322308
0.406214
0.440365
0.733362
0.838579
0.69148
0.794949
0.533439
0.496284
0.591654
0.63138
0.946256
1.05564
1.00967
0.901268
0.733362
0.69148
0.794949
0.838579
0.946256
0.901268
1.00967
1.05564
1.16601
1.11943
1.22982
1.27666
1.16601
1.27666
1.11943
1.22982
1.34016
1.44981
1.38694
1.4962
1.34016
1.4962
1.44981
1.38694
1.66459
1.7093
1.55815
1.60384
1.76857
1.91155
1.81204
1.86958
1.96716
2.06084
2.09915
2.0074
1.66459
1.55815
1.7093
1.60384
2.15025
2.26887
2.23501
2.18642
1.86958
1.76857
1.81204
1.91155
2.09915
1.96716
2.06084
2.0074
2.23501
2.15025
2.26887
2.18642
2.38933
2.41813
2.31479
2.3462
2.52166
2.45835
2.54492
2.48444
2.59941
2.6304
2.64776
2.57906
2.31479
2.41813
2.3462
2.38933
2.68986
2.71443
2.67556
2.72562
2.48444
2.52166
2.54492
2.45835
2.75497
2.77785
2.74694
2.77301
2.80567
2.7926
2.80405
2.79422
2.57906
2.59941
2.64776
2.6304
2.68986
2.72562
2.71443
2.67556
2.80405
2.80733
2.81222
2.81222
2.77301
2.80567
2.79422
2.77785
2.75497
2.74694
2.7926
0.0207596
0.0140208
4.57287e-33
5.06229e-33
5.06229e-33
0.0140208
4.57287e-33
0.0207596
0.0539394
0.0409907
0.0798629
0.0985034
0.0985034
0.0798629
0.0539394
0.0409907
0.217791
0.189263
0.129618
0.153449
0.129618
0.153449
0.189263
0.217791
0.370884
0.334377
0.290581
0.257829
0.457801
0.550451
0.507772
0.417988
0.290581
0.257829
0.334377
0.370884
0.647981
0.749562
0.702419
0.602863
0.457801
0.417988
0.507772
0.550451
0.854392
0.961689
0.911688
0.805624
0.647981
0.602863
0.702419
0.749562
1.07071
1.18072
1.12936
1.01984
0.854392
0.805624
0.911688
0.961689
1.18072
1.07071
1.01984
1.12936
1.23951
1.34963
1.40096
1.29102
1.29102
1.40096
1.23951
1.34963
1.61721
1.45906
1.50989
1.56718
1.61721
1.45906
1.56718
1.50989
1.6734
1.77718
1.8248
1.72236
1.878
1.97538
2.0196
1.92403
2.15812
2.1981
2.06889
2.11108
1.77718
1.6734
1.8248
1.72236
2.24271
2.3574
2.32234
2.28031
2.0196
1.97538
1.878
1.92403
2.06889
2.1981
2.11108
2.15812
2.24271
2.3574
2.32234
2.28031
2.42912
2.39673
2.46561
2.49523
2.55553
2.52879
2.60985
2.58608
2.70002
2.63732
2.65805
2.68238
2.46561
2.49523
2.39673
2.42912
2.76493
2.7536
2.73567
2.72117
2.52879
2.58608
2.55553
2.60985
2.77962
2.78773
2.80405
2.79917
2.81712
2.81385
2.81222
2.81875
2.68238
2.63732
2.65805
2.70002
2.72117
2.73567
2.76493
2.7536
2.81222
2.80405
2.81385
2.81875
2.77962
2.79917
2.78773
1.18672e-34
0.0071007
0.0071007
1.18672e-34
0.0606916
0.0276853
0.0276853
0.0606916
0.159871
0.10509
0.10509
0.159871
0.224057
0.296691
0.224057
0.296691
0.376847
0.463617
0.556127
0.653519
0.376847
0.463617
0.754967
0.859666
0.653519
0.556127
0.966839
1.07573
0.859666
0.754967
1.18562
1.29581
0.966839
1.07573
1.18562
1.29581
1.40564
1.51446
1.40564
1.51446
1.62168
1.72672
1.72672
1.62168
1.82906
1.92819
2.02367
2.11506
2.28412
2.20199
1.92819
1.82906
2.43279
2.36114
2.11506
2.02367
2.20199
2.28412
2.43279
2.36114
2.49883
2.55907
2.66148
2.61333
2.73902
2.70341
2.49883
2.55907
2.79103
2.76825
2.66148
2.61333
2.81712
2.80733
2.82038
2.81712
2.70341
2.73902
2.76825
2.80733
2.79103
1.23951
1.6734
1.56718
0.0140208
1.34963
1.45906
1.34963
1.45906
1.23951
0.189263
0.257829
1.12936
1.56718
0.417988
1.01984
0.911688
1.6734
0.805624
0.702419
1.77718
0.602863
0.507772
1.878
0.334377
1.97538
2.06889
0.129618
0.0798629
2.15812
0.0409907
2.24271
2.32234
0.0140208
1.77718
1.878
2.39673
2.46561
2.06889
2.52879
0.0409907
2.58608
2.63732
0.0798629
2.68238
2.72117
0.129618
2.7536
2.77962
0.189263
2.63732
2.79917
2.68238
2.81222
0.257829
2.81875
2.81875
0.334377
2.81222
2.79917
0.417988
2.77962
2.7536
0.507772
2.72117
0.602863
2.58608
0.702419
2.52879
2.46561
0.805624
2.39673
2.32234
0.911688
2.24271
2.15812
1.01984
1.97538
1.12936
4.57287e-33
4.57287e-33
5.06229e-33
0.0207596
0.0207596
5.06229e-33
0.0985034
0.0539394
0.0539394
0.0985034
0.153449
0.217791
0.153449
0.217791
0.370884
0.290581
0.290581
0.370884
0.550451
0.457801
0.749562
0.647981
0.457801
0.550451
0.854392
0.961689
0.749562
0.647981
1.18072
1.07071
0.854392
0.961689
1.29102
1.40096
1.07071
1.18072
1.29102
1.40096
1.61721
1.50989
1.61721
1.50989
1.72236
1.8248
1.8248
1.72236
2.0196
1.92403
2.1981
2.11108
2.28031
2.3574
1.92403
2.0196
2.49523
2.42912
2.1981
2.11108
2.3574
2.28031
2.42912
2.49523
2.55553
2.60985
2.70002
2.65805
2.73567
2.76493
2.60985
2.55553
2.80405
2.78773
2.70002
2.65805
2.81712
2.81385
2.81385
2.80405
2.76493
2.73567
2.78773
1.55815
1.44981
1.44981
1.34016
1.55815
1.22982
0.116614
1.11943
1.00967
1.66459
0.901268
1.76857
0.794949
0.69148
0.591654
1.86958
0.496284
1.96716
0.406214
0.322308
0.245458
2.06084
0.176579
2.15025
0.0665288
0.0273174
2.23501
2.31479
0.0273174
2.38933
1.66459
2.45835
2.52166
1.86958
0.0665288
2.57906
2.6304
2.15025
2.67556
0.116614
2.71443
0.176579
2.74694
2.77301
2.7926
2.52166
0.245458
2.80567
0.322308
2.67556
2.81222
2.81222
2.80567
0.406214
2.7926
0.496284
2.77301
2.74694
2.71443
0.591654
0.69148
2.6304
2.57906
0.794949
2.45835
0.901268
2.38933
2.31479
2.23501
1.00967
1.11943
2.06084
1.96716
1.22982
1.76857
1.34016
1.34477e-32
1.34477e-32
9.77005e-33
0.0336937
0.0336937
9.77005e-33
0.134192
0.078761
0.078761
0.134192
0.199011
0.27226
0.27226
0.199011
0.440365
0.353014
0.353014
0.440365
0.63138
0.533439
0.733362
0.838579
0.533439
0.63138
0.946256
1.05564
0.838579
0.733362
1.16601
1.27666
1.05564
0.946256
1.4962
1.38694
1.16601
1.27666
1.4962
1.38694
1.60384
1.7093
1.7093
1.60384
1.91155
1.81204
1.81204
1.91155
2.09915
2.0074
2.26887
2.18642
2.3462
2.41813
2.09915
2.0074
2.48444
2.54492
2.18642
2.26887
2.41813
2.3462
2.48444
2.54492
2.59941
2.64776
2.68986
2.72562
2.75497
2.77785
2.64776
2.59941
2.80405
2.79422
2.68986
2.72562
2.80733
2.80405
2.79422
2.75497
2.77785
1.54012
1.32126
1.64697
0.0398887
1.21045
1.09959
0.989357
1.75136
0.880454
0.298199
0.382694
1.85277
0.773624
0.66963
0.569263
1.95072
0.473337
2.04477
0.220743
2.13452
0.15124
2.21961
0.0906334
2.29971
2.37454
0.0398887
2.44384
1.54012
2.5074
0.0906334
2.56504
2.61659
2.66194
1.95072
2.04477
0.15124
2.70097
0.220743
2.73361
2.75979
2.77946
0.298199
2.44384
2.7926
0.382694
2.56504
2.61659
2.79917
2.79917
2.7926
0.473337
2.77946
0.569263
2.75979
2.73361
2.70097
0.66963
2.66194
0.773624
2.5074
0.880454
0.989357
2.37454
2.29971
2.21961
1.09959
2.13452
1.21045
1.85277
1.32126
1.75136
1.43135
1.64697
1.43135
2.18517e-32
2.18517e-32
1.42207e-32
0.0459018
0.0459018
1.42207e-32
0.102148
0.167756
0.102148
0.167756
0.241775
0.323274
0.323274
0.241775
0.50513
0.411352
0.411352
0.50513
0.603758
0.706404
0.812271
0.920576
0.603758
0.706404
1.03057
1.14154
0.920576
0.812271
1.36361
1.25277
1.03057
1.14154
1.58159
1.47342
1.25277
1.36361
1.58159
1.47342
1.79079
1.68756
1.79079
1.68756
1.89079
1.9871
1.9871
1.89079
2.16699
2.07929
2.32755
2.24984
2.39984
2.46648
2.07929
2.16699
2.52726
2.58203
2.24984
2.32755
2.46648
2.39984
2.52726
2.58203
2.67295
2.63063
2.7089
2.7384
2.76139
2.77785
2.63063
2.67295
2.79103
2.78773
2.7384
2.7089
2.78773
2.77785
2.76139
1.72561
1.06991
0.958947
1.8276
0.8493
0.741704
1.92612
0.636923
0.535745
2.02071
0.438986
0.347485
2.11098
0.262106
0.183741
2.19656
0.113303
0.0517336
2.27713
2.3524
0.0517336
1.18147
1.29296
2.42211
2.48605
1.51313
2.54404
0.113303
2.59591
2.64153
0.183741
2.6808
2.71365
0.262106
2.73999
2.75979
0.347485
2.27713
2.77301
2.3524
2.77962
0.438986
2.77962
2.77301
0.535745
2.59591
2.64153
2.75979
2.73999
0.636923
2.71365
2.6808
0.741704
0.8493
2.54404
2.48605
0.958947
2.42211
1.06991
2.19656
1.18147
2.11098
2.02071
1.29296
1.92612
1.8276
1.40372
1.72561
1.62061
1.51313
1.40372
1.62061
2.97841e-32
2.97841e-32
1.8414e-32
0.0573833
0.0573833
1.8414e-32
0.199193
0.1241
0.1241
0.199193
0.37083
0.281738
0.281738
0.37083
0.565181
0.465596
0.465596
0.565181
0.775529
0.66876
0.884716
0.995567
0.775529
0.66876
1.2194
1.10736
0.884716
0.995567
1.4416
1.33103
1.2194
1.10736
1.6572
1.55051
1.4416
1.33103
1.55051
1.6572
1.8618
1.76113
1.76113
1.8618
2.05156
1.95875
1.95875
2.05156
2.22326
2.13985
2.37428
2.3015
2.44138
2.50259
2.13985
2.22326
2.60669
2.55774
2.3015
2.37428
2.50259
2.44138
2.60669
2.55774
2.64931
2.68552
2.71523
2.7384
2.75497
2.76493
2.68552
2.64931
2.76493
2.76825
2.71523
2.75497
2.7384
0.91852
0.807883
1.8934
0.699269
1.98871
0.593439
0.491182
0.393313
2.07967
0.300668
2.16591
0.214113
0.134536
0.0628515
2.2471
2.32295
0.0628515
2.39321
1.03044
2.45766
2.5161
1.25534
0.134536
2.56838
2.61438
1.58556
2.65397
0.214113
2.68708
0.300668
2.71365
2.73361
2.74694
2.07967
0.393313
2.7536
0.491182
2.32295
2.7536
2.74694
2.73361
0.593439
2.5161
2.71365
0.699269
2.68708
2.65397
2.61438
0.807883
2.56838
0.91852
2.45766
2.39321
1.03044
1.14294
2.2471
2.16591
1.25534
1.98871
1.36698
1.8934
1.79414
1.69136
1.47725
1.58556
1.47725
1.36698
1.69136
1.14294
1.79414
3.72445e-32
3.72445e-32
2.23496e-32
0.0681376
0.0681376
2.23496e-32
0.228501
0.144615
0.144615
0.228501
0.414931
0.318899
0.414931
0.318899
0.515747
0.62052
0.515747
0.62052
0.728452
0.838766
0.950715
1.06357
0.728452
0.838766
1.28928
1.17665
1.06357
0.950715
1.51069
1.40083
1.28928
1.17665
1.72311
1.6183
1.51069
1.40083
1.6183
1.72311
1.92241
1.82464
1.92241
1.82464
2.10505
2.01601
2.10505
2.01601
2.26809
2.18918
2.34151
2.4092
2.52659
2.47095
2.18918
2.26809
2.57598
2.61899
2.4092
2.34151
2.47095
2.52659
2.61899
2.57598
2.68552
2.65553
2.72562
2.7089
2.73567
2.73902
2.65553
2.68552
2.72562
2.73567
2.7089
1.94886
0.646425
2.04067
0.539288
0.435685
0.336429
2.12772
0.242358
2.20968
0.154333
0.073242
2.28626
2.3572
0.073242
2.42227
0.868181
2.48128
0.154333
2.53408
2.58054
2.62053
1.32124
1.43258
0.242358
2.65397
0.336429
2.6808
2.70097
2.71443
0.435685
1.94886
2.72117
0.539288
2.12772
2.20968
2.72117
2.71443
2.70097
0.646425
2.42227
2.6808
0.75631
2.65397
2.62053
2.58054
0.868181
2.53408
0.981303
2.48128
2.3572
1.09497
2.28626
1.2085
2.04067
1.32124
1.43258
1.85265
1.75246
1.64872
1.54192
1.54192
1.64872
1.2085
1.75246
1.09497
1.85265
0.981303
0.75631
4.42325e-32
4.42325e-32
2.60275e-32
0.0781644
0.0781644
2.60275e-32
0.163693
0.255682
0.163693
0.255682
0.455577
0.353261
0.353261
0.455577
0.561809
0.671155
0.561809
0.671155
0.896129
0.782846
1.12463
1.01029
0.782846
0.896129
1.23848
1.35122
1.01029
1.12463
1.46223
1.57095
1.23848
1.35122
1.67684
1.77941
1.57095
1.46223
1.67684
1.77941
1.97274
1.87818
1.97274
1.87818
2.14769
2.06269
2.06269
2.14769
2.30161
2.22742
2.43242
2.37001
2.48866
2.53857
2.22742
2.30161
2.61899
2.58205
2.43242
2.37001
2.48866
2.53857
2.61899
2.58205
2.67295
2.64931
2.70002
2.68986
2.70341
2.70002
2.64931
2.68986
2.67295
2.08209
0.369392
0.268475
2.16497
0.172692
0.082905
2.24241
2.31415
0.082905
0.474606
0.583309
2.37997
2.43966
0.80806
2.49308
0.172692
2.54007
2.58053
0.268475
2.61438
2.64153
0.369392
2.66194
2.67556
0.474606
1.70267
2.68238
1.80398
2.68238
0.583309
2.67556
2.66194
0.694713
2.16497
2.24241
2.64153
2.61438
0.80806
2.58053
2.54007
0.922616
2.49308
2.43966
1.03767
2.37997
2.31415
1.15255
1.26661
2.08209
1.99407
1.37922
1.90125
1.48979
1.59779
1.59779
1.48979
1.37922
1.70267
1.26661
1.15255
1.80398
1.03767
0.922616
1.90125
0.694713
1.99407
5.07479e-32
5.07479e-32
2.94476e-32
0.0874637
0.0874637
2.94476e-32
0.280736
0.181335
0.181335
0.280736
0.384825
0.492775
0.492775
0.384825
0.7171
0.603791
0.603791
0.7171
0.831957
0.947642
1.06346
1.17876
0.831957
0.947642
1.40525
1.29289
1.17876
1.06346
1.51528
1.62244
1.29289
1.40525
1.72622
1.82617
1.51528
1.62244
1.82617
1.72622
2.01287
1.92185
1.92185
2.01287
2.09889
2.17957
2.17957
2.09889
2.3239
2.25466
2.44401
2.38707
2.53857
2.49455
2.3239
2.25466
2.57598
2.60669
2.44401
2.38707
2.49455
2.53857
2.60669
2.57598
2.63063
2.64776
2.66148
2.65805
2.65805
2.64776
2.63063
0.189617
0.0918409
2.19151
2.26418
0.0918409
2.33085
0.292468
2.39133
2.44545
0.510083
0.189617
2.49308
2.53408
0.854538
2.56838
0.292468
2.59591
0.399559
2.61659
2.6304
2.63732
1.42932
0.510083
2.63732
0.623255
1.7475
2.6304
2.61659
2.59591
0.738317
2.02914
2.56838
0.854538
2.53408
2.49308
2.44545
0.971212
2.39133
1.08766
2.33085
2.26418
2.19151
1.20324
2.11308
1.31732
1.94
1.846
1.42932
1.5387
1.64492
1.5387
1.64492
1.31732
1.7475
1.20324
1.08766
0.971212
1.846
1.94
0.738317
0.623255
2.02914
0.399559
2.11308
5.67908e-32
5.67908e-32
3.261e-32
0.0960362
0.0960362
3.261e-32
0.197542
0.303668
0.197542
0.303668
0.526532
0.413598
0.526532
0.413598
0.758367
0.641704
0.641704
0.758367
0.875807
0.993328
1.226
1.11027
0.875807
0.993328
1.45144
1.33992
1.11027
1.226
1.56005
1.66522
1.33992
1.45144
1.76651
1.86347
1.56005
1.66522
1.76651
1.86347
2.04289
1.95572
2.04289
1.95572
2.20078
2.12468
2.20078
2.12468
2.27097
2.33502
2.44401
2.39275
2.52659
2.48866
2.33502
2.27097
2.55774
2.58203
2.44401
2.39275
2.48866
2.52659
2.58203
2.55774
2.60985
2.59941
2.60985
2.61333
2.59941
2.2074
2.27505
0.10005
0.10005
2.33641
2.39133
0.205108
2.43966
2.48128
0.542124
0.659139
2.5161
0.314339
2.54404
0.426938
2.56504
2.57906
2.58608
1.24705
0.542124
2.58608
1.47161
1.57934
0.659139
2.57906
2.56504
2.54404
1.8786
0.777253
2.5161
0.895764
2.48128
2.43966
2.2074
2.39133
1.01399
2.33641
1.1313
2.27505
2.13369
1.24705
2.05413
1.36068
1.969
1.78326
1.47161
1.68337
1.57934
1.36068
1.68337
1.78326
1.1313
1.01399
0.895764
1.8786
0.777253
1.969
0.426938
2.05413
0.314339
2.13369
0.205108
6.23616e-32
6.23616e-32
3.5515e-32
0.103883
3.5515e-32
0.103883
0.324481
0.212317
0.212317
0.324481
0.556859
0.439585
0.556859
0.439585
0.675562
0.794977
0.675562
0.794977
1.03322
0.914416
1.2664
1.15075
0.914416
1.03322
1.48984
1.37961
1.2664
1.15075
1.69937
1.59658
1.37961
1.48984
1.89138
1.79777
1.59658
1.69937
1.89138
1.79777
1.97986
2.06286
1.97986
2.06286
2.21137
2.14012
2.21137
2.14012
2.2764
2.33502
2.43242
2.38707
2.47095
2.50259
2.2764
2.33502
2.54492
2.52726
2.38707
2.43242
2.47095
2.50259
2.54492
2.52726
2.55907
2.55553
2.55553
0.107535
2.27505
2.33085
2.37997
0.219168
2.42227
2.45766
0.334096
2.48605
2.5074
0.451537
2.52166
2.52879
0.931763
0.57074
1.05099
2.52879
2.52166
0.690975
2.5074
2.48605
1.50613
1.61178
0.811541
2.45766
2.42227
0.931763
2.37997
2.33085
1.05099
2.27505
2.2127
1.16862
2.14398
2.0691
1.28405
1.98829
1.90184
1.39672
1.81003
1.71322
1.50613
1.61178
1.39672
1.28405
1.71322
1.16862
1.81003
0.811541
1.90184
0.690975
0.57074
1.98829
0.451537
0.334096
2.0691
0.219168
0.107535
2.14398
2.2127
6.74608e-32
6.74608e-32
3.81631e-32
0.111005
0.111005
3.81631e-32
0.225664
0.343182
0.225664
0.343182
0.462798
0.583767
0.583767
0.462798
0.826948
0.705381
0.826948
0.705381
1.06733
0.94781
1.29999
1.18492
0.94781
1.06733
1.52049
1.41202
1.29999
1.18492
1.62494
1.72492
1.52049
1.41202
1.82005
1.90996
1.62494
1.72492
1.82005
1.90996
1.99432
2.07284
1.99432
2.07284
2.21137
2.14527
2.21137
2.14527
2.3239
2.27097
2.37001
2.4092
2.46648
2.44138
2.27097
2.3239
2.48444
2.49523
2.37001
2.4092
2.44138
2.46648
2.48444
2.49883
2.49523
2.31415
0.231802
2.35719
2.39321
2.42211
0.351742
2.44384
0.473365
2.45835
0.595944
2.46561
2.46561
0.595944
0.962559
2.45835
0.71878
2.44384
2.42211
1.31425
2.39321
0.8412
2.35719
0.962559
2.31415
2.26418
1.82784
2.2074
1.08224
2.14398
1.19966
2.07409
1.99793
1.91576
1.31425
1.4255
1.7345
1.63606
1.53293
1.53293
1.4255
1.63606
1.19966
1.08224
1.7345
1.82784
0.8412
0.71878
1.91576
0.473365
1.99793
0.351742
0.231802
0.114296
2.07409
2.14398
0.114296
2.2074
2.26418
7.20896e-32
7.20896e-32
4.05548e-32
0.117405
0.117405
4.05548e-32
0.359777
0.237586
0.237586
0.359777
0.607271
0.483244
0.483244
0.607271
0.731177
0.854301
0.731177
0.854301
0.976014
1.09571
1.32682
1.21283
0.976014
1.09571
1.54344
1.43718
1.32682
1.21283
1.74194
1.64516
1.43718
1.54344
1.91924
1.83341
1.74194
1.64516
1.91924
1.83341
1.99914
2.07284
1.99914
2.07284
2.14012
2.20078
2.14012
2.20078
2.25466
2.30161
2.34151
2.37428
2.41813
2.39984
2.25466
2.30161
2.43279
2.42912
2.37428
2.34151
2.41813
2.39984
2.42912
0.243014
2.28626
2.32295
2.3524
0.367288
2.37454
0.367288
0.492432
2.38933
0.617751
0.742572
2.39673
2.39673
0.617751
2.38933
1.10776
0.742572
2.37454
2.3524
2.32295
0.866253
1.55204
1.65223
2.28626
0.988177
2.24241
2.19151
2.13369
1.10776
2.0691
1.22444
1.99793
1.9204
1.83674
1.3377
1.74725
1.44705
1.44705
1.55204
1.3377
1.65223
1.22444
0.988177
1.74725
0.866253
1.83674
0.492432
1.9204
1.99793
0.243014
0.120335
2.0691
2.13369
0.120335
2.19151
2.24241
7.62491e-32
7.62491e-32
4.26908e-32
0.123085
0.123085
4.26908e-32
0.374274
0.248089
0.248089
0.374274
0.627384
0.500934
0.627384
0.500934
0.877057
0.752969
0.752969
0.877057
0.999052
1.11838
1.2345
1.34691
0.999052
1.11838
1.55872
1.45513
1.2345
1.34691
1.65728
1.75044
1.45513
1.55872
1.83786
1.91924
1.75044
1.65728
1.91924
1.83786
1.99432
2.06286
2.06286
1.99432
2.12468
2.17957
2.17957
2.12468
2.22742
2.26809
2.3015
2.32755
2.3462
2.3574
2.22742
2.26809
2.3574
2.36114
2.32755
2.3015
2.3462
2.27713
0.380739
2.29971
0.125656
2.31479
0.508749
2.32234
2.32234
0.636173
0.636173
0.762367
2.31479
2.29971
0.762367
2.27713
2.2471
0.886718
2.20968
2.16497
1.00864
2.11308
1.56349
2.05413
1.12758
1.98829
1.91576
1.24301
1.83674
1.7515
1.35443
1.66031
1.4614
1.4614
1.35443
1.56349
1.24301
1.12758
1.66031
1.00864
0.886718
1.7515
1.83674
0.508749
0.380739
1.91576
0.252809
1.98829
2.05413
0.125656
2.2471
2.11308
2.16497
2.20968
0.252809
7.99407e-32
7.99407e-32
4.45721e-32
0.128047
0.128047
4.45721e-32
0.257178
0.386681
0.257178
0.386681
0.644119
0.515881
0.515881
0.644119
0.895235
0.770771
0.770771
0.895235
1.13535
1.01694
1.36028
1.24996
1.01694
1.13535
1.46589
1.56635
1.36028
1.24996
1.66132
1.75044
1.56635
1.46589
1.83341
1.90996
1.75044
1.66132
1.83341
1.90996
2.04289
1.97986
2.04289
1.97986
2.09889
2.14769
2.14769
2.09889
2.22326
2.18918
2.26887
2.24984
2.28412
2.28031
2.22326
2.18918
2.28031
2.24984
2.26887
0.392103
2.23501
0.522327
2.24271
2.24271
2.23501
0.392103
0.651224
2.21961
0.778181
2.19656
2.16591
2.12772
1.02397
0.902614
2.08209
1.02397
2.02914
1.36446
1.969
1.90184
1.56731
1.14172
1.82784
1.25537
1.74725
1.66031
1.36446
1.46857
1.46857
1.25537
1.14172
1.56731
1.66031
0.902614
0.778181
0.651224
1.74725
0.522327
1.82784
0.261192
0.13026
1.90184
1.969
0.13026
2.21961
2.02914
2.08209
2.12772
0.261192
2.16591
2.19656
8.31662e-32
8.31662e-32
4.61995e-32
0.132294
0.132294
4.61995e-32
0.397006
0.264857
0.264857
0.397006
0.657489
0.528093
0.657489
0.528093
0.908853
0.7846
0.7846
0.908853
1.14666
1.02971
1.36697
1.25923
1.02971
1.14666
1.56635
1.46947
1.25923
1.36697
1.74194
1.65728
1.56635
1.46947
1.89138
1.82005
1.65728
1.74194
1.82005
1.89138
1.95572
2.01287
1.95572
2.01287
2.06269
2.10505
2.06269
2.10505
2.13985
2.16699
2.18642
2.1981
2.20199
2.1981
2.16699
2.13985
2.18642
0.533176
2.15812
2.15812
0.134151
2.15025
0.662916
2.13452
0.790028
2.11098
0.662916
0.790028
2.07967
2.04067
0.913956
1.99407
1.03418
1.94
1.8786
1.3678
1.81003
1.15019
1.7345
1.26155
1.65223
1.56349
1.46857
1.3678
1.46857
1.26155
1.15019
1.03418
1.56349
0.913956
1.65223
0.533176
1.7345
0.40139
1.81003
0.268169
1.8786
1.94
0.134151
2.15025
1.99407
2.04067
0.268169
2.07967
2.11098
2.13452
0.40139
8.59271e-32
8.59271e-32
4.75739e-32
0.135829
0.135829
4.75739e-32
0.271132
0.405255
0.271132
0.405255
0.667506
0.53758
0.667506
0.53758
0.917924
0.794469
0.794469
0.917924
1.03737
1.15231
1.36697
1.26232
1.15231
1.03737
1.46589
1.55872
1.26232
1.36697
1.72492
1.64516
1.55872
1.46589
1.86347
1.79777
1.72492
1.64516
1.79777
1.86347
1.92185
1.97274
1.92185
1.97274
2.05156
2.01601
2.05156
2.01601
2.07929
2.09915
2.11108
2.11506
2.11108
2.07929
2.09915
2.06084
0.67126
2.04477
2.02071
0.79792
1.98871
1.94886
0.920757
1.90125
0.67126
1.846
1.03928
1.78326
1.03928
1.71322
1.15302
1.15302
1.63606
1.55204
1.26155
1.4614
1.36446
1.36446
1.26155
1.4614
0.920757
1.55204
0.79792
1.63606
0.541304
0.408604
1.71322
0.273743
0.13733
1.78326
1.846
0.13733
2.06889
1.90125
2.06889
1.94886
1.98871
0.273743
2.02071
2.04477
0.408604
2.06084
0.541304
8.82252e-32
8.82252e-32
4.86961e-32
0.138653
0.138653
4.86961e-32
0.411436
0.276007
0.411436
0.276007
0.544351
0.674179
0.674179
0.544351
0.922456
0.800386
0.800386
0.922456
1.03992
1.15231
1.25923
1.36028
1.15231
1.03992
1.54344
1.45513
1.36028
1.25923
1.62494
1.69937
1.54344
1.45513
1.82617
1.76651
1.69937
1.62494
1.76651
1.82617
1.87818
1.92241
1.92241
1.87818
1.95875
1.9871
1.9871
1.95875
2.0074
2.0196
2.02367
2.0196
2.0074
0.676264
1.92612
0.801864
1.8934
1.85265
1.80398
0.413753
0.923023
1.7475
0.676264
1.03928
1.68337
1.61178
1.53293
1.15019
1.44705
1.25537
1.35443
1.25537
1.15019
1.35443
1.03928
1.44705
0.923023
0.801864
1.53293
0.546719
1.61178
0.27792
0.1398
1.68337
1.7475
0.1398
1.95072
1.80398
1.85265
1.8934
1.97538
0.27792
1.92612
1.95072
1.96716
0.413753
0.546719
1.97538
1.96716
9.00619e-32
9.00619e-32
4.95669e-32
0.14077
0.14077
4.95669e-32
0.415554
0.279486
0.279486
0.415554
0.677514
0.548411
0.548411
0.677514
0.922456
0.802357
0.802357
0.922456
1.14666
1.03737
1.34691
1.24996
1.14666
1.03737
1.52049
1.43718
1.34691
1.24996
1.66522
1.59658
1.52049
1.43718
1.72622
1.77941
1.59658
1.66522
1.72622
1.77941
1.8618
1.82464
1.8618
1.82464
1.89079
1.91155
1.91155
1.89079
1.92403
1.92819
1.92403
0.801864
1.79414
1.75246
1.70267
0.920757
1.64492
0.416841
1.03418
1.57934
0.677931
1.50613
1.4255
1.14172
1.3377
1.24301
1.24301
1.14172
1.03418
1.3377
0.920757
1.4255
0.801864
0.549425
1.50613
1.57934
0.280703
0.141563
1.64492
1.70267
0.141563
1.8276
1.75246
1.79414
1.86958
1.878
0.280703
1.8276
1.85277
1.86958
0.416841
1.878
0.549425
1.85277
0.677931
9.14387e-32
9.14387e-32
5.0187e-32
0.14218
0.14218
5.0187e-32
0.417612
0.281573
0.281573
0.417612
0.677514
0.549763
0.677514
0.549763
0.917924
0.800386
0.800386
0.917924
1.02971
1.13535
1.2345
1.32682
1.02971
1.13535
1.41202
1.48984
1.32682
1.2345
1.56005
1.62244
1.48984
1.41202
1.72311
1.67684
1.62244
1.56005
1.67684
1.72311
1.79079
1.76113
1.76113
1.79079
1.8248
1.81203
1.81203
1.8248
1.82906
1.59779
0.913956
1.5387
0.14262
1.47161
1.02397
1.39672
1.31425
1.12758
0.676264
0.79792
1.22444
1.12758
1.22444
1.02397
0.913956
1.31425
1.39672
0.549425
0.417869
1.47161
0.282094
1.5387
1.59779
0.14262
1.64872
1.64872
1.69136
1.69136
1.72561
0.282094
1.75136
1.76857
0.417869
1.77718
1.77718
0.549425
1.76857
1.75136
0.676264
1.72561
0.79792
9.23565e-32
9.23565e-32
5.05569e-32
0.142884
0.142884
5.05569e-32
0.282268
0.417612
0.282268
0.417612
0.674179
0.548411
0.548411
0.674179
0.908853
0.794469
0.794469
0.908853
1.01694
1.11838
1.29999
1.21283
1.11838
1.01694
1.45144
1.37961
1.29999
1.21283
1.57095
1.51528
1.45144
1.37961
1.6572
1.6183
1.57095
1.51528
1.6183
1.6572
1.7093
1.68756
1.7093
1.68756
1.72236
1.72236
1.72672
0.902614
1.36068
1.00864
1.28405
1.19966
1.10776
0.416841
1.10776
1.00864
1.19966
0.902614
0.790028
0.67126
1.28405
0.546719
1.36068
0.282094
0.142972
1.42932
1.48979
0.142972
1.42932
1.54192
1.58556
1.62061
1.58556
0.282094
1.64697
1.66459
1.6734
0.416841
1.6734
0.546719
1.66459
1.64697
1.62061
0.67126
0.790028
1.54192
1.48979
9.28163e-32
9.28163e-32
5.06769e-32
0.142884
0.142884
5.06769e-32
0.415554
0.281573
0.281573
0.415554
0.667506
0.544351
0.544351
0.667506
0.7846
0.895235
0.895235
0.7846
0.999052
1.09571
1.18492
1.2664
0.999052
1.09571
1.33992
1.40525
1.18492
1.2664
1.51069
1.46223
1.33992
1.40525
1.55051
1.58159
1.51069
1.46223
1.55051
1.58159
1.61721
1.60384
1.61721
1.60384
1.62168
0.988177
1.16862
1.08224
0.14262
0.988177
1.08224
0.886718
1.16862
0.778181
0.662916
0.541304
1.24705
0.413753
1.31732
0.280703
1.37922
1.43258
0.14262
1.24705
1.47725
1.51313
1.37922
1.43258
0.280703
1.54012
1.55815
1.56718
1.54012
0.413753
1.56718
0.541304
1.55815
1.51313
0.662916
1.47725
0.778181
1.31732
0.886718
9.28183e-32
9.28183e-32
5.05471e-32
0.14218
0.14218
5.05471e-32
0.411436
0.279486
0.279486
0.411436
0.53758
0.657489
0.657489
0.53758
0.770771
0.877057
0.770771
0.877057
0.976014
1.06733
1.226
1.15075
1.06733
0.976014
1.29289
1.35122
1.226
1.15075
1.40083
1.4416
1.29289
1.35122
1.47342
1.4962
1.40083
1.4416
1.47342
1.4962
1.51446
1.50989
1.50989
0.866252
1.05099
0.762367
0.651224
1.1313
0.533176
0.408604
1.20324
0.27792
0.141563
1.26661
1.32124
0.141563
0.962559
1.36698
1.05099
1.40372
1.43135
0.27792
1.44981
1.45906
1.32124
1.36698
0.408604
1.45906
1.44981
0.533176
1.43135
1.40372
0.651224
0.762367
1.26661
1.20324
0.866252
1.1313
0.962559
9.23626e-32
9.23626e-32
5.01673e-32
0.14077
0.14077
5.01673e-32
0.276007
0.405255
0.276007
0.405255
0.644119
0.528093
0.644119
0.528093
0.752969
0.854301
0.752969
0.854301
0.94781
1.03322
1.17876
1.11027
1.03322
0.94781
1.28928
1.23848
1.17876
1.11027
1.36361
1.33103
1.28928
1.23848
1.40096
1.38694
1.33103
1.36361
1.40096
1.38694
1.40564
1.01399
0.522327
1.08766
0.40139
0.273743
0.1398
1.15255
1.2085
0.1398
0.636173
1.25534
1.29296
1.32126
0.931763
0.273743
1.34016
1.34963
1.34963
1.15255
0.40139
1.34016
0.522327
1.32126
1.29296
1.25534
0.636173
1.2085
0.742572
1.08766
1.01399
0.8412
0.931763
0.8412
0.742572
9.14488e-32
9.14488e-32
4.95373e-32
0.138653
0.138653
4.95373e-32
0.397006
0.271132
0.271132
0.397006
0.515881
0.627384
0.627384
0.515881
0.731177
0.826947
0.826947
0.731177
0.993328
0.914416
1.06346
1.12463
0.993328
0.914416
1.2194
1.17665
1.12463
1.06346
1.25277
1.27666
1.2194
1.17665
1.29581
1.29102
1.27666
1.25277
1.29102
1.03767
0.268169
0.13733
1.09497
1.14294
0.13733
0.392103
1.18147
1.21045
0.617751
0.71878
0.268169
1.22982
1.23951
1.23951
0.971211
0.392103
1.22982
0.508749
1.21045
1.18147
1.14294
0.617751
1.09497
0.71878
1.03767
0.895764
0.811541
0.811541
0.895764
0.508749
0.971211
9.00761e-32
9.00761e-32
4.86565e-32
0.135829
0.135829
4.86565e-32
0.264857
0.386681
0.264857
0.386681
0.607271
0.500934
0.607271
0.500934
0.794977
0.705381
0.794977
0.705381
0.947642
0.875807
1.01029
1.06357
0.947642
0.875807
1.10736
1.14154
1.01029
1.06357
1.16601
1.18072
1.14154
1.10736
1.18562
1.18072
1.16601
1.03044
0.134151
1.06991
0.134151
1.09959
1.11943
0.261192
1.12935
1.12935
0.595944
0.690975
0.380738
1.11943
0.854538
1.09959
0.492432
1.06991
1.03044
0.595944
0.981303
0.922616
0.690975
0.777253
0.777253
0.854538
0.492432
0.380738
0.922616
0.261192
0.981303
8.82434e-32
8.82434e-32
4.75243e-32
0.132294
4.75243e-32
0.132294
0.374274
0.257178
0.257178
0.374274
0.483244
0.583767
0.483244
0.583767
0.758367
0.675562
0.675562
0.758367
0.831957
0.896129
0.950715
0.995567
0.896129
0.831957
1.03057
1.05564
0.995567
0.950715
1.07573
1.07071
1.05564
1.03057
1.07071
0.13026
0.958946
0.989357
1.00967
0.252809
1.01984
0.367288
1.01984
1.00967
0.367288
0.989357
0.473365
0.958946
0.91852
0.868181
0.57074
0.80806
0.659139
0.738317
0.659139
0.57074
0.738317
0.473365
0.80806
0.252809
0.13026
0.868181
0.91852
8.59494e-32
8.59494e-32
4.614e-32
0.128047
0.128047
4.614e-32
0.359777
0.248089
0.248089
0.359777
0.556859
0.462798
0.462798
0.556859
0.7171
0.641704
0.7171
0.641704
0.838766
0.782846
0.920576
0.884716
0.782846
0.838766
0.946256
0.961689
0.920576
0.884716
0.966839
0.946256
0.961689
0.901268
0.243014
0.911687
0.125656
0.911687
0.901268
0.351742
0.880454
0.451537
0.542124
0.623255
0.8493
0.807883
0.75631
0.542124
0.694713
0.623255
0.451537
0.694713
0.351742
0.75631
0.243014
0.807883
0.8493
0.125656
0.880454
8.31926e-32
8.31926e-32
4.45026e-32
0.123085
0.123085
4.45026e-32
0.343182
0.237586
0.237586
0.343182
0.439585
0.526532
0.439585
0.526532
0.603791
0.671155
0.671155
0.603791
0.775529
0.728452
0.81227
0.838579
0.728452
0.775529
0.854391
0.859666
0.838579
0.81227
0.854391
0.231802
0.805624
0.794949
0.334095
0.773624
0.741704
0.426938
0.699268
0.646425
0.510083
0.583309
0.510083
0.583309
0.426938
0.334095
0.646425
0.231802
0.120335
0.699268
0.741704
0.120335
0.773624
0.794949
0.805624
7.99713e-32
7.99713e-32
4.26112e-32
0.117405
0.117405
4.26112e-32
0.324481
0.225664
0.225664
0.324481
0.413598
0.492774
0.413598
0.492774
0.561809
0.62052
0.561809
0.62052
0.66876
0.706404
0.749562
0.733362
0.706404
0.66876
0.749562
0.754967
0.733362
0.69148
0.66963
0.314339
0.636923
0.399559
0.593439
0.314339
0.539288
0.474606
0.474606
0.399559
0.539288
0.219168
0.114296
0.593439
0.636923
0.114296
0.66963
0.702419
0.69148
0.702419
0.219168
7.62837e-32
7.62837e-32
0.111005
4.0465e-32
0.111005
4.0465e-32
0.303668
0.212317
0.212317
0.303668
0.455577
0.384825
0.455577
0.384825
0.515747
0.565181
0.515747
0.565181
0.63138
0.603758
0.653519
0.647981
0.603758
0.647981
0.63138
0.292468
0.535745
0.369392
0.491182
0.435685
0.369392
0.435685
0.292468
0.491182
0.205108
0.107535
0.535745
0.569263
0.107535
0.591653
0.591653
0.602863
0.205108
0.602863
0.569263
7.21284e-32
7.21284e-32
3.80632e-32
0.103883
0.103883
3.80632e-32
0.280736
0.197542
0.197542
0.280736
0.41493
0.353261
0.353261
0.41493
0.465596
0.50513
0.50513
0.465596
0.533439
0.55045
0.556127
0.55045
0.533439
0.336429
0.336429
0.268475
0.393313
0.189617
0.10005
0.438986
0.473337
0.10005
0.393313
0.438986
0.496284
0.507772
0.507772
0.189617
0.496284
0.473337
0.268475
6.75038e-32
6.75038e-32
3.5405e-32
0.0960362
0.0960362
3.5405e-32
0.255682
0.181335
0.255682
0.181335
0.37083
0.3189
0.37083
0.3189
0.440365
0.411352
0.411352
0.440365
0.457801
0.463617
0.457801
0.172692
0.0918408
0.347484
0.382694
0.0918408
0.406214
0.242358
0.417988
0.417988
0.347484
0.172692
0.406214
0.382694
0.242358
0.300668
0.300668
6.24087e-32
6.24087e-32
3.24898e-32
0.0874637
0.0874637
3.24898e-32
0.163693
0.228501
0.163693
0.228501
0.323274
0.281738
0.323274
0.281738
0.370884
0.353014
0.353014
0.376847
0.370884
0.298199
0.322308
0.082905
0.082905
0.334376
0.334376
0.154333
0.322308
0.298199
0.262106
0.214113
0.214113
0.262106
0.154333
5.68421e-32
5.68421e-32
2.93172e-32
0.0781643
2.93172e-32
0.0781643
0.144615
0.199193
0.144615
0.199193
0.27226
0.241775
0.27226
0.241775
0.296691
0.290581
0.290581
0.073242
0.257829
0.257829
0.245458
0.134536
0.220743
0.183741
0.183741
0.134536
0.073242
0.220743
0.245458
5.08034e-32
5.08034e-32
2.58869e-32
0.0681376
0.0681376
2.58869e-32
0.167756
0.1241
0.1241
0.167756
0.199011
0.217791
0.199011
0.217791
0.224057
0.176579
0.113303
0.15124
0.113303
0.0628515
0.15124
0.176579
0.0628515
0.189263
0.189263
4.42921e-32
4.42921e-32
2.21988e-32
0.0573833
0.0573833
2.21988e-32
0.134192
0.102148
0.102148
0.134192
0.153449
0.153449
0.159871
0.0906334
0.0906334
0.0517336
0.116614
0.129618
0.0517336
0.129618
0.116614
3.73083e-32
3.73083e-32
1.8253e-32
0.0459018
1.8253e-32
0.0459018
0.078761
0.0985034
0.078761
0.0985034
0.10509
0.0798629
0.0398886
0.0798629
0.0665287
0.0398886
0.0665287
2.98521e-32
2.98521e-32
0.0336936
1.40495e-32
0.0336936
1.40495e-32
0.0539394
0.0539394
0.0606915
0.0273174
0.0409907
0.0273174
0.0409907
2.19238e-32
2.19238e-32
9.58868e-33
0.0207596
0.0207596
9.58868e-33
0.0276853
0.0140208
0.0140208
1.3524e-32
1.3524e-32
4.87076e-33
4.87076e-33
0.00710067
2.01185e-35
4.65331e-33
4.65331e-33
