2.03781e-35
4.71335e-33
4.71335e-33
4.9336e-33
1.36983e-32
0.00719229
0.0142017
4.9336e-33
1.36983e-32
0.0142017
9.71227e-33
0.0276694
2.22061e-32
0.0210272
0.0280423
0.0415189
0.0415189
0.0210272
0.0276694
2.22061e-32
9.71227e-33
1.42304e-32
0.040402
3.0236e-32
0.0341275
0.0673851
0.0808909
0.0546341
0.0614732
1.42304e-32
0.040402
0.0546341
0.0808909
0.0673851
0.0341275
3.0236e-32
1.84877e-32
0.0464922
0.0523985
3.77876e-32
0.0797742
0.0917986
0.118113
0.0997707
0.131285
0.106442
0.131285
0.0997707
0.0464922
3.77876e-32
0.0523985
1.84877e-32
0.0917986
0.0797742
0.118113
2.24839e-32
4.48603e-32
0.0581204
0.0636583
0.103461
0.114758
0.153182
0.135917
0.0636583
4.48603e-32
0.0581204
2.24839e-32
0.191693
0.161925
0.178847
0.155421
0.155421
0.153182
0.178847
0.103461
0.191693
0.135917
0.114758
2.62189e-32
0.0741807
5.1454e-32
0.0690115
0.125692
0.136261
0.186097
0.169909
0.220587
0.201565
0.223574
0.248606
5.1454e-32
0.0741807
0.0690115
2.62189e-32
0.125692
0.186097
0.136261
0.169909
0.226933
0.261136
0.220587
0.261136
0.223574
0.248606
0.201565
2.96925e-32
0.0839658
5.75687e-32
0.0791653
0.146467
0.156308
0.216854
0.201745
0.302018
0.275749
0.244873
0.265462
0.294305
0.326436
0.338659
0.300494
2.96925e-32
0.0839658
5.75687e-32
0.0791653
0.146467
0.156308
0.216854
0.201745
0.326436
0.302018
0.265462
0.338659
0.244873
0.294305
0.275749
3.2905e-32
0.0930139
6.3205e-32
0.0885818
0.165786
0.174899
0.245455
0.231424
0.304511
0.351927
0.32741
0.285342
0.357531
0.387587
0.411408
0.37563
0.0885818
3.2905e-32
0.0930139
6.3205e-32
0.381669
0.423332
0.423332
0.37563
0.174899
0.245455
0.165786
0.231424
0.32741
0.387587
0.411408
0.304511
0.285342
0.357531
0.351927
3.58566e-32
0.101326
6.83635e-32
0.0972617
0.258946
0.183649
0.192035
0.2719
0.340722
0.398331
0.375567
0.322972
0.416607
0.444588
0.479378
0.44599
0.46365
0.502619
0.514253
0.46954
6.83635e-32
0.0972617
3.58566e-32
0.101326
0.2719
0.192035
0.258946
0.183649
0.514253
0.502619
0.46365
0.44599
0.375567
0.322972
0.340722
0.398331
0.444588
0.479378
0.416607
3.85478e-32
0.108903
7.30453e-32
0.105206
0.200059
0.296191
0.284314
0.207718
0.105206
0.108903
7.30453e-32
3.85478e-32
0.374095
0.441234
0.42022
0.357763
0.471532
0.542569
0.511571
0.497438
0.557469
0.576514
0.59919
0.540241
0.610542
0.563218
0.557469
0.610542
0.207718
0.296191
0.284314
0.200059
0.441234
0.374095
0.42022
0.357763
0.59919
0.576514
0.497438
0.540241
0.542569
0.471532
0.511571
4.09793e-32
0.115747
7.72516e-32
0.112416
0.215017
0.221952
0.318333
0.30753
0.112416
0.115747
7.72516e-32
4.09793e-32
0.404637
0.480638
0.461372
0.38972
0.221952
0.30753
0.318333
0.215017
0.522309
0.546142
0.572372
0.600982
0.639414
0.645018
0.678141
0.61144
0.711347
0.661835
0.700269
0.656227
0.656227
0.711347
0.700269
0.639414
0.38972
0.480638
0.404637
0.461372
0.678141
0.572372
0.600982
0.546142
0.522309
0.61144
0.645018
4.31518e-32
0.118895
0.121861
8.09841e-32
0.228528
0.234741
0.338332
0.3286
0.432353
0.516552
0.49903
0.418848
0.118895
0.121861
8.09841e-32
4.31518e-32
0.338332
0.234741
0.3286
0.228528
0.568942
0.590706
0.654623
0.628398
0.432353
0.49903
0.418848
0.516552
0.67725
0.708136
0.751109
0.715373
0.742672
0.759078
0.783434
0.805028
0.815839
0.759078
0.764552
0.815839
0.742672
0.783434
0.805028
0.715373
0.590706
0.708136
0.628398
0.568942
0.751109
0.67725
0.654623
4.50661e-32
8.42445e-32
0.124644
0.127246
0.240596
0.24609
0.356194
0.347529
0.457252
0.548984
0.533202
0.445154
0.124644
0.127246
8.42445e-32
4.50661e-32
0.61144
0.631141
0.703503
0.679657
0.356194
0.24609
0.347529
0.240596
0.533202
0.548984
0.457252
0.445154
0.765878
0.737679
0.818102
0.785352
0.631141
0.61144
0.679657
0.703503
0.849198
0.822557
0.891589
0.860042
0.865211
0.912665
0.870552
0.923216
0.923216
0.849198
0.865211
0.912665
0.822557
0.785352
0.737679
0.860042
0.765878
0.818102
0.891589
4.67233e-32
0.131906
8.70345e-32
0.129666
0.251226
0.256003
0.371927
0.364326
0.479344
0.577947
0.468649
0.563898
0.649815
0.667461
0.747637
0.726162
0.129666
0.131906
8.70345e-32
4.67233e-32
0.256003
0.371927
0.364326
0.251226
0.879135
0.818258
0.792738
0.849362
0.577947
0.479344
0.563898
0.468649
0.726162
0.649815
0.667461
0.747637
0.971041
0.932203
0.895892
0.930106
0.792738
0.879135
0.818258
0.849362
0.973833
0.958206
1.0224
1.00183
1.0327
0.979047
0.973833
1.0327
0.932203
0.971041
0.930106
0.958206
1.0224
1.00183
0.895892
4.81243e-32
0.135843
8.93559e-32
0.133965
0.260424
0.264487
0.38554
0.378998
0.49864
0.489342
0.603455
0.591132
0.684083
0.699681
0.787042
0.767929
4.81243e-32
8.93559e-32
0.133965
0.135843
0.907422
0.842444
0.865296
0.934227
0.260424
0.264487
0.38554
0.378998
0.603455
0.49864
0.591132
0.489342
0.993648
1.0434
1.00811
0.962692
0.767929
0.787042
0.684083
0.699681
0.842444
0.865296
0.907422
0.934227
1.08336
1.11342
1.04355
1.06893
1.0434
0.993648
0.962692
1.00811
1.08927
1.08418
1.14355
1.1335
1.08336
1.14355
1.11342
1.1335
1.06893
1.08418
1.04355
4.927e-32
0.13906
9.12103e-32
0.137541
0.268195
0.271546
0.39704
0.391553
0.507244
0.515152
0.625522
0.614917
0.714259
0.727818
0.82174
0.804978
0.137541
0.13906
9.12103e-32
4.927e-32
0.959552
0.88682
0.907015
0.983403
0.268195
0.391553
0.39704
0.271546
1.1087
1.07693
1.05069
1.02298
0.515152
0.625522
0.614917
0.507244
0.804978
0.82174
0.727818
0.714259
1.15727
1.19627
1.15586
1.12126
0.983403
0.88682
0.907015
0.959552
1.1087
1.05069
1.02298
1.07693
1.19553
1.18064
1.22562
1.24522
1.15586
1.12126
1.19627
1.15727
1.25503
1.2005
1.19553
1.18064
1.24522
1.22562
1.25503
5.01613e-32
0.14156
9.25993e-32
0.140399
0.274545
0.277187
0.406437
0.402001
0.140399
0.14156
9.25993e-32
5.01613e-32
0.522368
0.528891
0.644162
0.635269
0.740362
0.751892
0.85175
0.837329
1.02669
1.00578
0.925888
0.94344
0.402001
0.274545
0.406437
0.277187
1.10127
1.13871
1.16697
1.07679
0.522368
0.644162
0.635269
0.528891
1.23466
1.2236
1.27102
1.19138
0.85175
0.751892
0.837329
0.740362
1.02669
0.94344
0.925888
1.00578
1.29262
1.3091
1.33774
1.26844
1.16697
1.10127
1.07679
1.13871
1.27102
1.23466
1.19138
1.2236
1.30716
1.31201
1.36646
1.35688
1.29262
1.26844
1.3091
1.33774
1.36646
1.30716
1.35688
5.07988e-32
0.143343
9.35239e-32
0.142541
0.279478
0.281413
0.413737
0.410348
0.534725
0.539868
0.659391
0.652202
0.142541
0.143343
9.35239e-32
5.07988e-32
0.410348
0.413737
0.279478
0.281413
0.762411
0.771919
0.877097
0.865005
0.974597
1.06413
1.04614
0.959676
1.14542
1.19347
1.21824
1.12415
0.534725
0.652202
0.659391
0.539868
1.28239
1.33769
1.30536
1.25393
0.762411
0.865005
0.771919
0.877097
1.38399
1.42117
1.34762
1.38059
1.04614
1.06413
0.974597
0.959676
1.14542
1.19347
1.12415
1.21824
1.4184
1.44914
1.46782
1.40421
1.30536
1.28239
1.33769
1.25393
1.34762
1.42117
1.38059
1.38399
1.42313
1.40421
1.47718
1.47718
1.4184
1.44914
1.46782
5.1183e-32
0.144413
9.3985e-32
0.143967
0.282998
0.284229
0.418946
0.416602
0.544324
0.548091
0.671221
0.66573
0.780422
0.888027
0.787918
0.897801
0.143967
0.144413
9.3985e-32
5.1183e-32
0.284229
0.416602
0.418946
0.282998
0.66573
0.671221
0.548091
0.544324
1.00051
1.09573
1.08066
0.988209
1.24127
1.26257
1.16509
1.18317
1.39633
1.36801
1.33369
1.30897
0.888027
0.780422
0.897801
0.787918
1.41823
1.45034
1.49555
1.45949
0.988209
1.00051
1.08066
1.09573
1.49169
1.55917
1.51475
1.53186
1.26257
1.18317
1.24127
1.16509
1.39633
1.33369
1.36801
1.30897
1.58655
1.5286
1.57742
1.53323
1.41823
1.45034
1.45949
1.49555
1.51475
1.49169
1.58655
1.57742
1.53186
1.5286
1.55917
5.13144e-32
0.144769
9.39829e-32
0.14468
0.285109
0.285636
0.42207
0.420768
0.551174
0.553569
0.679662
0.675864
0.14468
0.144769
9.39829e-32
5.13144e-32
0.794413
0.913881
0.906417
0.799903
1.02121
1.12155
1.10936
1.01151
0.420768
0.42207
0.285636
0.285109
0.675864
0.679662
0.553569
0.551174
0.794413
0.799903
0.906417
0.913881
1.28213
1.19966
1.29998
1.21457
1.44701
1.42267
1.37754
1.35654
1.48033
1.50821
1.56095
1.52937
1.10936
1.01151
1.02121
1.12155
1.60512
1.60111
1.64058
1.56967
1.19966
1.28213
1.29998
1.21457
1.63716
1.66725
1.68507
1.62363
1.42267
1.44701
1.37754
1.35654
1.56095
1.50821
1.52937
1.48033
1.69399
1.64168
1.63716
1.69399
1.60512
1.56967
1.68507
1.64058
1.60111
1.62363
1.66725
5.1193e-32
0.144413
9.35177e-32
0.14468
0.285812
0.285636
0.423111
0.42285
0.555281
0.556307
0.684723
0.682614
0.804395
0.807887
0.925355
0.920193
0.14468
0.144413
9.35177e-32
5.1193e-32
0.285636
0.42285
0.423111
0.285812
1.03672
1.14159
1.13229
1.02961
1.23963
1.33053
1.31611
1.22789
0.556307
0.555281
0.682614
0.684723
0.920193
0.804395
0.925355
0.807887
1.03672
1.02961
1.14159
1.13229
1.46938
1.48978
1.41399
1.39669
1.53398
1.55766
1.61744
1.59031
1.66898
1.63822
1.71212
1.67758
1.22789
1.31611
1.23963
1.33053
1.77282
1.74676
1.73028
1.70829
1.39669
1.41399
1.48978
1.46938
1.7435
1.79022
1.79893
1.74791
1.61744
1.59031
1.53398
1.55766
1.63822
1.66898
1.67758
1.71212
1.7435
1.73028
1.79893
1.79022
1.70829
1.74676
1.77282
5.08188e-32
0.143343
9.2589e-32
0.143967
0.285109
0.284229
0.42207
0.42285
0.685988
0.55665
0.556307
0.68641
0.143967
0.143343
9.2589e-32
5.08188e-32
0.810381
0.811876
0.932234
0.929368
1.04704
1.15589
1.14946
1.04253
0.284229
0.42285
0.42207
0.285109
0.685988
0.68641
0.55665
0.556307
1.25841
1.35425
1.34324
1.24981
1.4431
1.50821
1.42946
1.52468
0.929368
0.932234
0.811876
0.810381
1.14946
1.04253
1.04704
1.15589
1.35425
1.25841
1.24981
1.34324
1.57924
1.64237
1.66509
1.59875
1.69741
1.72352
1.77388
1.74422
1.81268
1.84989
1.78267
1.81604
1.42946
1.50821
1.52468
1.4431
1.83417
1.84708
1.87534
1.89235
1.57924
1.66509
1.64237
1.59875
1.90086
1.90086
1.85138
1.84708
1.72352
1.77388
1.69741
1.74422
1.89235
1.87534
1.81604
1.78267
1.84989
1.83417
1.81268
5.01913e-32
0.14156
9.1196e-32
0.142541
0.282998
0.281413
0.418946
0.420768
0.684723
0.685988
0.555281
0.553569
0.812375
0.811876
0.934526
0.933952
0.142541
0.14156
9.1196e-32
5.01913e-32
0.281413
0.420768
0.418946
0.282998
1.0522
1.16447
1.16089
1.05027
1.27091
1.37116
1.36355
1.26544
0.685988
0.684723
0.553569
0.555281
0.933952
0.812375
0.934526
0.811876
1.46488
1.55177
1.4549
1.5392
1.61618
1.68562
1.70397
1.63154
1.0522
1.05027
1.16447
1.16089
1.26544
1.36355
1.37116
1.27091
1.4549
1.5392
1.55177
1.46488
1.74733
1.80112
1.76883
1.82596
1.84687
1.91639
1.87518
1.88445
1.94947
1.91378
1.97435
1.93477
1.61618
1.68562
1.63154
1.70397
1.99929
1.94739
1.95159
1.99097
1.74733
1.76883
1.82596
1.80112
1.94739
1.99929
1.99097
1.93477
1.88445
1.87518
1.84687
1.91639
1.94947
1.91378
1.97435
4.93101e-32
0.13906
8.93374e-32
0.140399
0.279478
0.277187
0.413737
0.416602
0.548091
0.679662
0.682614
0.551174
0.140399
0.13906
8.93374e-32
4.93101e-32
0.810381
0.807887
0.932234
0.933952
1.0522
1.16732
1.05285
1.16661
0.277187
0.416602
0.413737
0.279478
0.682614
0.679662
0.551174
0.548091
1.27716
1.3813
1.37708
1.27481
1.5624
1.47939
1.57109
1.47305
0.807887
0.810381
0.932234
0.933952
1.05285
1.16661
1.16732
1.0522
1.64485
1.65609
1.72014
1.73413
1.78805
1.80498
1.86842
1.84839
1.27716
1.3813
1.27481
1.37708
1.57109
1.47939
1.47305
1.5624
1.73413
1.64485
1.72014
1.65609
1.90099
1.94571
1.92429
1.97243
2.04507
2.01273
2.01112
1.98245
2.04397
2.0694
2.08565
2.03164
1.78805
1.86842
1.80498
1.84839
2.04397
2.09378
2.04808
2.09378
1.97243
1.94571
1.90099
1.92429
2.03164
2.04507
2.01273
2.0694
2.08565
1.98245
2.01112
4.81745e-32
0.135843
8.70119e-32
0.137541
0.274545
0.410348
0.271546
0.406437
0.539868
0.671221
0.675864
0.544324
0.137541
0.135843
8.70119e-32
4.81745e-32
0.804395
0.799904
0.925355
0.929368
0.271546
0.410348
0.406437
0.274545
1.04704
1.05027
1.16447
1.16661
1.27716
1.38468
1.38384
1.27794
0.544324
0.675864
0.671221
0.539868
0.799904
0.929368
0.804395
0.925355
1.57784
1.48664
1.58267
1.48392
1.67243
1.66529
1.75564
1.74597
1.05027
1.16447
1.16661
1.04704
1.38384
1.38468
1.27716
1.27794
1.81964
1.90137
1.88608
1.83203
2.01812
1.94511
1.96345
1.99656
1.58267
1.48664
1.48392
1.57784
1.66529
1.74597
1.75564
1.67243
1.81964
1.83203
1.88608
1.90137
2.07624
2.04031
2.06522
2.10464
2.13628
2.16008
2.12434
2.10428
2.18392
2.14042
2.17597
2.1364
1.99656
1.96345
1.94511
2.01812
2.18392
2.1364
2.17597
2.12434
2.16008
2.07624
2.13628
2.04031
2.10428
2.06522
2.10464
4.67836e-32
0.131906
8.42178e-32
0.133965
0.133965
0.131906
8.42178e-32
4.67836e-32
0.268195
0.39704
0.402001
0.264487
0.528891
0.659391
0.66573
0.534725
0.794413
0.787918
0.913881
0.920193
0.402001
0.39704
0.268195
0.264487
1.04253
1.03672
1.15589
1.16089
0.66573
0.659391
0.528891
0.534725
1.27091
1.3813
1.38384
1.27481
1.48664
1.58653
1.58556
1.48755
0.787918
0.920193
0.794413
0.913881
1.03672
1.15589
1.04253
1.16089
1.67754
1.6806
1.76853
1.76316
1.84216
1.85003
1.91428
1.92485
1.3813
1.27091
1.27481
1.38384
1.48664
1.48755
1.58556
1.58653
1.97933
1.99275
2.05354
2.03711
2.08747
2.15317
2.10706
2.13028
1.67754
1.76316
1.6806
1.76853
1.84216
1.92485
1.85003
1.91428
1.97933
2.05354
2.03711
1.99275
2.22273
2.19287
2.16544
2.19176
2.26157
2.24602
2.2125
2.2243
2.2243
2.22824
2.26936
2.26936
2.08747
2.13028
2.15317
2.10706
2.26157
2.19287
2.2125
2.24602
2.19176
2.22273
2.16544
4.51366e-32
0.127246
8.09532e-32
0.129666
0.260424
0.256003
0.38554
0.391553
0.129666
0.127246
8.09532e-32
4.51366e-32
0.391553
0.38554
0.260424
0.256003
0.515152
0.644163
0.652202
0.522368
0.780422
0.77192
0.897801
0.906417
1.02961
1.02121
1.14159
1.14946
0.522368
0.515152
0.652202
0.644163
1.25841
1.37116
1.37708
1.26544
0.906417
0.897801
0.780422
0.77192
1.47939
1.58267
1.58556
1.48392
1.68162
1.77282
1.77175
1.6806
1.02961
1.14159
1.02121
1.14946
1.37116
1.37708
1.25841
1.26544
1.85902
1.93891
1.85565
1.93305
2.00371
2.01224
2.07878
2.06743
1.58267
1.48392
1.58556
1.47939
1.6806
1.77175
1.68162
1.77282
2.12402
2.13835
2.19079
2.17334
2.24969
2.27376
2.21526
2.23596
1.93305
1.85565
1.85902
1.93891
2.01224
2.00371
2.07878
2.06743
2.12402
2.19079
2.17334
2.13835
2.32691
2.3041
2.27655
2.29577
2.31117
2.30732
2.34214
2.34976
2.30732
2.34976
2.29577
2.34214
2.21526
2.27655
2.27376
2.23596
2.3041
2.32691
2.24969
4.32324e-32
0.124644
0.121861
7.72166e-32
0.251226
0.24609
0.371927
0.378998
0.49864
0.625522
0.635269
0.507244
0.124644
0.121861
7.72166e-32
4.32324e-32
0.24609
0.378998
0.371927
0.251226
0.635269
0.625522
0.49864
0.507244
0.762411
0.751892
0.877097
0.888028
1.01151
1.00051
1.12155
1.13229
1.24981
1.23963
1.35425
1.36355
0.751892
0.888028
0.762411
0.877097
1.46488
1.57109
1.57784
1.47305
1.01151
1.12155
1.13229
1.00051
1.77175
1.67754
1.67243
1.76853
1.9436
1.86015
1.85902
1.94243
1.23963
1.24981
1.36355
1.35425
1.47305
1.57784
1.57109
1.46488
2.01832
2.0939
2.0876
2.02197
2.15006
2.21759
2.15917
2.20553
1.77175
1.67754
1.67243
1.76853
1.9436
1.85902
1.94243
1.86015
2.31329
2.29496
2.269
2.25387
2.35035
2.32869
2.35501
2.38009
2.01832
2.0939
2.0876
2.02197
2.15006
2.21759
2.15917
2.20553
2.29496
2.25387
2.31329
2.269
2.37384
2.41737
2.38515
2.40245
2.42485
2.42485
2.38893
2.38515
2.37384
2.38009
2.40245
2.41737
2.35035
2.35501
2.32869
4.10701e-32
7.3006e-32
0.118895
0.115747
0.240596
0.234741
0.356194
0.364326
0.479344
0.603455
0.614918
0.489342
0.118895
0.115747
7.3006e-32
4.10701e-32
0.740362
0.727818
0.85175
0.865005
0.234741
0.364326
0.356194
0.240596
0.489342
0.479344
0.614918
0.603455
0.727818
0.865005
0.85175
0.740362
0.98821
0.974597
1.09573
1.10936
1.21457
1.33053
1.34324
1.22789
1.4431
1.55177
1.5624
1.4549
0.98821
1.10936
1.09573
0.974597
1.66529
1.75564
1.76316
1.65609
1.33053
1.34324
1.21457
1.22789
1.85003
1.93891
1.85565
1.94243
2.09894
2.02319
2.02197
2.09768
1.55177
1.4431
1.4549
1.5624
1.76316
1.66529
1.75564
1.65609
2.22695
2.16566
2.16956
2.23363
2.29098
2.32879
2.28137
2.34145
1.85003
1.93891
1.85565
1.94243
2.09894
2.02197
2.02319
2.09768
2.42127
2.40217
2.38491
2.36909
2.45045
2.42798
2.44644
2.47239
2.16566
2.23363
2.22695
2.16956
2.34145
2.32879
2.28137
2.29098
2.36909
2.40217
2.38491
2.42127
2.46124
2.45754
2.48703
2.49436
2.49436
2.45754
2.44644
2.47239
2.48703
2.45045
2.42798
3.86489e-32
0.108903
6.83201e-32
0.112417
0.112417
0.108903
6.83201e-32
3.86489e-32
0.228528
0.221952
0.338332
0.347529
0.457252
0.577948
0.591132
0.468649
0.714259
0.699681
0.82174
0.837329
0.347529
0.338332
0.228528
0.221952
0.959676
0.94344
1.06413
1.08066
0.591132
0.457252
0.577948
0.468649
0.82174
0.699681
0.837329
0.714259
0.959676
1.08066
1.06413
0.94344
1.19966
1.18317
1.29998
1.31611
1.41399
1.52468
1.5392
1.42946
1.64485
1.74597
1.63154
1.73414
1.29998
1.31611
1.18317
1.19966
1.83203
1.93305
1.84216
1.92485
1.41399
1.42946
1.5392
1.52468
2.0939
2.09768
2.01832
2.01224
2.23764
2.17086
2.23898
2.16956
1.74597
1.64485
1.63154
1.73414
1.93305
1.84216
1.83203
1.92485
2.30195
2.3583
2.35128
2.29784
2.40789
2.43741
2.45059
2.39784
2.01224
2.01832
2.09768
2.0939
2.23898
2.16956
2.17086
2.23764
2.51497
2.48631
2.49522
2.46989
2.51335
2.52424
2.5509
2.53652
2.29784
2.30195
2.35128
2.3583
2.39784
2.40789
2.45059
2.43741
2.48631
2.51497
2.46989
2.49522
2.52788
2.5581
2.5581
2.52424
2.53652
2.5509
2.51335
3.5968e-32
0.101326
6.31574e-32
0.105206
3.5968e-32
0.105206
0.101326
6.31574e-32
0.215017
0.207718
0.318333
0.3286
0.3286
0.318333
0.215017
0.207718
0.445154
0.432353
0.548984
0.563898
0.684083
0.667461
0.787043
0.804978
0.925888
0.907015
1.02669
1.04614
0.563898
0.548984
0.432353
0.445154
1.16509
1.14542
1.26257
1.28213
0.667461
0.804978
0.787043
0.684083
0.925888
1.04614
1.02669
0.907015
1.14542
1.16509
1.28213
1.26257
1.37754
1.48978
1.50821
1.39669
1.61618
1.70397
1.59875
1.72014
1.91428
1.81964
1.80498
1.90137
1.37754
1.48978
1.50821
1.39669
2.0876
1.99275
2.00371
2.07878
1.59875
1.72014
1.70397
1.61618
2.23363
2.23764
2.15917
2.16566
2.30195
2.36251
2.36392
2.30332
1.91428
1.90137
1.80498
1.81964
2.00371
2.0876
1.99275
2.07878
2.46814
2.41506
2.41936
2.46083
2.51015
2.54528
2.53165
2.49973
2.23363
2.16566
2.15917
2.23764
2.30332
2.36251
2.30195
2.36392
2.55655
2.57437
2.59465
2.57347
2.58507
2.58864
2.6088
2.61588
2.41936
2.41506
2.46083
2.46814
2.54528
2.49973
2.53165
2.51015
2.61588
2.55655
2.6088
2.58507
2.57437
2.59465
2.57347
0.0972617
0.0930139
5.75168e-32
3.30267e-32
3.30267e-32
0.0930139
5.75168e-32
0.0972617
0.200059
0.192035
0.296191
0.30753
0.200059
0.192035
0.30753
0.296191
0.404637
0.516552
0.533202
0.418848
0.533202
0.516552
0.404637
0.418848
0.649815
0.631141
0.747637
0.767929
0.88682
0.865296
0.983403
1.00578
1.12415
1.10127
1.21824
1.24127
0.747637
0.631141
0.767929
0.649815
1.35654
1.33369
1.44701
1.46938
0.865296
0.88682
1.00578
0.983403
1.21824
1.12415
1.24127
1.10127
1.35654
1.46938
1.44701
1.33369
1.68562
1.57924
1.55766
1.66509
1.88608
1.78805
1.86842
1.76883
2.06743
1.96345
2.05354
1.97933
1.68562
1.66509
1.57924
1.55766
2.22695
2.13835
2.21759
2.15006
1.88608
1.76883
1.78805
1.86842
2.29098
2.3583
2.29784
2.36251
2.47253
2.47399
2.42079
2.41936
2.06743
2.05354
1.96345
1.97933
2.13835
2.15006
2.22695
2.21759
2.52204
2.56342
2.55587
2.51759
2.59802
2.61179
2.62578
2.58729
2.29784
2.3583
2.36251
2.29098
2.41936
2.42079
2.47253
2.47399
2.62932
2.64664
2.66057
2.63985
2.63985
2.64336
2.66754
2.66754
2.55587
2.51759
2.56342
2.52204
2.59802
2.62578
2.61179
2.66057
2.64664
2.58729
2.62932
0.0885818
0.0839658
5.13978e-32
2.98246e-32
0.284314
0.2719
0.183649
0.174899
2.98246e-32
0.0839658
5.13978e-32
0.0885818
0.183649
0.174899
0.2719
0.284314
0.374095
0.480638
0.49903
0.38972
0.480638
0.374095
0.38972
0.49903
0.61144
0.590706
0.703503
0.726162
0.590706
0.726162
0.703503
0.61144
0.842444
0.818258
0.934227
0.959553
1.07679
1.05069
1.16697
1.19347
1.28239
1.39633
1.42267
1.30897
0.818258
0.842444
0.959553
0.934227
1.53398
1.50821
1.61744
1.64237
1.05069
1.16697
1.07679
1.19347
1.39633
1.30897
1.42267
1.28239
1.50821
1.64237
1.53398
1.61744
1.72352
1.74733
1.82596
1.84839
2.03711
1.92429
2.01812
1.94511
2.19079
2.10706
2.20553
2.12402
1.84839
1.82596
1.72352
1.74733
2.269
2.35128
2.34145
2.28137
1.92429
1.94511
2.03711
2.01812
2.46814
2.40789
2.47253
2.41506
2.52353
2.56946
2.56795
2.52204
2.20553
2.19079
2.12402
2.10706
2.35128
2.28137
2.269
2.34145
2.63665
2.60568
2.61027
2.64441
2.67178
2.66079
2.69236
2.67807
2.46814
2.41506
2.40789
2.47253
2.52353
2.56946
2.56795
2.52204
2.69191
2.7061
2.68845
2.71297
2.68845
2.7061
2.67807
2.71297
2.63665
2.61027
2.64441
2.60568
2.69236
2.67178
2.66079
0.0791653
0.0741807
4.47999e-32
2.63613e-32
0.258946
0.245455
0.165786
0.156308
2.63613e-32
0.0741807
4.47999e-32
0.0791653
0.461373
0.441234
0.340722
0.357763
0.165786
0.156308
0.245455
0.258946
0.340722
0.441234
0.461373
0.357763
0.568942
0.546142
0.654623
0.679657
0.679657
0.654623
0.568942
0.546142
0.792738
0.765878
0.879135
0.907422
0.792738
0.907422
0.879135
0.765878
1.02298
0.993648
1.1087
1.13871
1.25393
1.2236
1.33769
1.36801
1.48033
1.45034
1.56095
1.59031
1.1087
1.02298
1.13871
0.993648
1.80112
1.69741
1.77388
1.66898
1.2236
1.33769
1.36801
1.25393
1.45034
1.59031
1.56095
1.48033
1.80112
1.66898
1.69741
1.77388
1.97243
1.87518
1.99656
1.90099
2.15317
2.17334
2.06522
2.08747
2.32879
2.23596
2.31329
2.25387
1.87518
1.99656
1.97243
1.90099
2.38491
2.45059
2.46083
2.39784
2.06522
2.15317
2.17334
2.08747
2.51015
2.56342
2.51759
2.56795
2.6118
2.61027
2.64906
2.6506
2.25387
2.23596
2.32879
2.31329
2.46083
2.39784
2.45059
2.38491
2.70346
2.71138
2.68433
2.67963
2.73075
2.72051
2.73171
2.74528
2.51759
2.56342
2.51015
2.56795
2.6506
2.6118
2.61027
2.64906
2.73417
2.73075
2.75207
2.75207
2.70346
2.68433
2.72051
2.74528
2.67963
2.71138
2.73171
0.0690116
0.0636583
3.7723e-32
2.26367e-32
0.231424
0.216854
0.146467
0.136261
2.26367e-32
0.0636583
3.7723e-32
0.0690116
0.42022
0.398331
0.304511
0.322972
0.146467
0.136261
0.216854
0.231424
0.628398
0.600982
0.522309
0.497438
0.304511
0.398331
0.42022
0.322972
0.522309
0.497438
0.600982
0.628398
0.737679
0.708136
0.818102
0.849362
0.737679
0.849362
0.818102
0.708136
0.962692
0.930107
1.0434
1.07693
0.930107
0.962692
1.07693
1.0434
1.15727
1.27102
1.30536
1.19138
1.41823
1.38399
1.49555
1.52937
1.63822
1.74422
1.60512
1.71212
1.15727
1.30536
1.27102
1.19138
1.81604
1.94571
1.91639
1.84687
1.38399
1.49555
1.52937
1.41823
1.71212
1.60512
1.74422
1.63822
1.91639
1.81604
1.84687
1.94571
2.13028
2.01273
2.10464
2.04031
2.19176
2.29496
2.27376
2.21526
2.35035
2.42127
2.43741
2.36909
2.10464
2.13028
2.01273
2.04031
2.54528
2.48631
2.49973
2.55587
2.29496
2.21526
2.19176
2.27376
2.59802
2.64441
2.60568
2.64906
2.71771
2.6859
2.68433
2.71613
2.43741
2.35035
2.36909
2.42127
2.54528
2.49973
2.55587
2.48631
2.73969
2.75655
2.7646
2.74448
2.77803
2.76668
2.77006
2.78475
2.64906
2.59802
2.64441
2.60568
2.6859
2.71613
2.68433
2.71771
2.74448
2.75655
2.7646
2.76668
2.78475
2.77803
2.73969
0.0581205
0.0523986
3.01672e-32
1.86508e-32
0.201745
0.186097
0.125692
0.114758
1.86508e-32
0.0523986
3.01672e-32
0.0581205
0.375567
0.351927
0.265462
0.285342
0.125692
0.114758
0.186097
0.201745
0.572372
0.542569
0.471532
0.444588
0.265462
0.351927
0.375567
0.285342
0.677251
0.785352
0.751109
0.645018
0.471532
0.444588
0.542569
0.572372
0.677251
0.645018
0.751109
0.785352
0.895892
0.860042
0.971041
1.00811
0.895892
1.00811
0.860042
0.971041
1.12126
1.08336
1.19628
1.23466
1.19628
1.08336
1.12126
1.23466
1.34762
1.3091
1.42117
1.45949
1.67758
1.56967
1.53186
1.64058
1.84989
1.88445
1.74676
1.78267
1.3091
1.45949
1.42117
1.34762
1.94947
2.04507
2.07624
1.98245
1.64058
1.53186
1.67758
1.56967
1.84989
1.74676
1.88445
1.78267
1.94947
2.04507
1.98245
2.07624
2.24969
2.22273
2.13628
2.16544
2.3041
2.38009
2.40217
2.32869
2.51497
2.46989
2.53165
2.45045
2.24969
2.22273
2.13628
2.16544
2.58729
2.57347
2.63665
2.62578
2.38009
2.32869
2.3041
2.40217
2.71138
2.67178
2.67963
2.71613
2.77103
2.76942
2.74608
2.74448
2.45045
2.51497
2.46989
2.53165
2.62578
2.63665
2.58729
2.57347
2.79616
2.8043
2.78613
2.79098
2.7995
2.81096
2.81096
2.79616
2.67963
2.71138
2.71613
2.67178
2.76942
2.8043
2.74608
2.77103
2.79098
2.78613
2.74448
0.0464923
0.040402
2.21331e-32
1.44038e-32
1.44038e-32
0.040402
2.21331e-32
0.0464923
0.169909
0.153182
0.103461
0.0917986
0.32741
0.302018
0.223574
0.244873
0.103461
0.0917986
0.153182
0.169909
0.387587
0.511571
0.479378
0.416607
0.223574
0.302018
0.32741
0.244873
0.61144
0.715373
0.678142
0.576514
0.416607
0.387587
0.479378
0.511571
0.822557
0.932203
0.89159
0.783434
0.61144
0.576514
0.678142
0.715373
0.822557
0.783434
0.89159
0.932203
1.04355
1.00183
1.11342
1.15586
1.04355
1.15586
1.11342
1.00183
1.26844
1.22562
1.33774
1.38059
1.38059
1.22562
1.33774
1.26844
1.60111
1.49169
1.55917
1.44914
1.66725
1.70829
1.81268
1.77282
1.87535
2.01112
1.97435
1.91378
1.55917
1.44914
1.60111
1.49169
2.0694
2.19287
2.16008
2.10428
1.66725
1.77282
1.70829
1.81268
1.97435
1.87535
2.01112
1.91378
2.19287
2.0694
2.16008
2.10428
2.35501
2.24602
2.32691
2.27655
2.47239
2.40245
2.49522
2.42798
2.55655
2.53652
2.59465
2.61179
2.24602
2.32691
2.35501
2.27655
2.64664
2.70346
2.66079
2.69236
2.40245
2.49522
2.42798
2.47239
2.73171
2.7646
2.73969
2.76942
2.8108
2.79098
2.7926
2.80918
2.55655
2.61179
2.59465
2.53652
2.66079
2.69236
2.64664
2.70346
2.83065
2.82245
2.81913
2.82403
2.82403
2.80918
2.81913
2.83065
2.7646
2.73969
2.73171
2.76942
2.7926
2.8108
2.79098
9.89598e-33
0.0276694
1.36211e-32
0.0341276
0.0341276
0.0276694
1.36211e-32
9.89598e-33
0.135917
0.118113
0.0797742
0.0673851
0.0797742
0.0673851
0.118113
0.135917
0.275749
0.248606
0.178847
0.201565
0.44599
0.411408
0.357531
0.326436
0.178847
0.248606
0.201565
0.275749
0.540241
0.639414
0.59919
0.502619
0.357531
0.326436
0.411408
0.44599
0.742672
0.849198
0.700269
0.805029
0.540241
0.502619
0.59919
0.639414
0.958206
1.06893
1.0224
0.912665
0.742672
0.700269
0.805029
0.849198
0.958206
0.912665
1.0224
1.06893
1.18064
1.1335
1.24522
1.29262
1.18064
1.29262
1.1335
1.24522
1.35688
1.46782
1.40421
1.51475
1.35688
1.51475
1.46782
1.40421
1.68507
1.73028
1.57742
1.62363
1.79022
1.93477
1.83417
1.89235
1.99097
2.08565
2.12434
2.03164
1.68507
1.57742
1.73028
1.62363
2.17597
2.29577
2.26157
2.2125
1.89235
1.79022
1.83417
1.93477
2.12434
1.99097
2.08565
2.03164
2.26157
2.17597
2.29577
2.2125
2.41737
2.44644
2.34214
2.37384
2.5509
2.48703
2.57437
2.51335
2.62932
2.66057
2.67807
2.6088
2.34214
2.44644
2.37384
2.41737
2.72051
2.74528
2.7061
2.75655
2.51335
2.5509
2.57437
2.48703
2.78613
2.80918
2.77803
2.8043
2.83721
2.82403
2.83557
2.82567
2.6088
2.62932
2.67807
2.66057
2.72051
2.75655
2.74528
2.7061
2.83557
2.83887
2.8438
2.8438
2.8043
2.83721
2.82567
2.80918
2.78613
2.77803
2.82403
0.0210273
0.0142017
4.63187e-33
5.1276e-33
5.1276e-33
0.0142017
4.63187e-33
0.0210273
0.0546341
0.0415189
0.080891
0.0997707
0.0997707
0.080891
0.0546341
0.0415189
0.220587
0.191693
0.131285
0.155421
0.131285
0.155421
0.191693
0.220587
0.37563
0.338659
0.294305
0.261136
0.46365
0.55747
0.514253
0.423332
0.294305
0.261136
0.338659
0.37563
0.656227
0.759078
0.711347
0.610542
0.46365
0.423332
0.514253
0.55747
0.865211
0.973833
0.923216
0.815839
0.656227
0.610542
0.711347
0.759078
1.08419
1.19553
1.14355
1.0327
0.865211
0.815839
0.923216
0.973833
1.19553
1.08419
1.0327
1.14355
1.25503
1.36646
1.4184
1.30716
1.30716
1.4184
1.25503
1.36646
1.63716
1.47718
1.5286
1.58655
1.63716
1.47718
1.58655
1.5286
1.69399
1.79893
1.84708
1.7435
1.90086
1.99929
2.04397
1.94739
2.18392
2.2243
2.09378
2.1364
1.79893
1.69399
1.84708
1.7435
2.26936
2.38515
2.34976
2.30732
2.04397
1.99929
1.90086
1.94739
2.09378
2.2243
2.1364
2.18392
2.26936
2.38515
2.34976
2.30732
2.45754
2.42485
2.49436
2.52424
2.58507
2.5581
2.63985
2.61588
2.73075
2.66754
2.68845
2.71297
2.49436
2.52424
2.42485
2.45754
2.79616
2.78475
2.76668
2.75207
2.5581
2.61588
2.58507
2.63985
2.81096
2.81913
2.83557
2.83065
2.84873
2.84544
2.8438
2.85038
2.71297
2.66754
2.68845
2.73075
2.75207
2.76668
2.79616
2.78475
2.8438
2.83557
2.84544
2.85038
2.81096
2.83065
2.81913
1.20202e-34
0.00719232
0.00719232
1.20202e-34
0.0614732
0.0280422
0.0280422
0.0614732
0.161926
0.106442
0.106442
0.161926
0.226933
0.300494
0.226933
0.300494
0.381669
0.46954
0.563218
0.661835
0.381669
0.46954
0.764552
0.870552
0.661835
0.563218
0.979048
1.08927
0.870552
0.764552
1.2005
1.31201
0.979048
1.08927
1.2005
1.31201
1.42313
1.53323
1.42313
1.53323
1.64168
1.74791
1.74791
1.64168
1.85138
1.95159
2.04808
2.14042
2.31117
2.22824
1.95159
1.85138
2.46124
2.38893
2.14042
2.04808
2.22824
2.31117
2.46124
2.38893
2.52788
2.58864
2.69191
2.64336
2.77006
2.73417
2.52788
2.58864
2.82245
2.7995
2.69191
2.64336
2.84873
2.83887
2.85202
2.84873
2.73417
2.77006
2.7995
2.83887
2.82245
1.25503
1.69399
1.58655
0.0142017
1.36646
1.47718
1.36646
1.47718
1.25503
0.191693
0.261136
1.14355
1.58655
0.423332
1.0327
0.923216
1.69399
0.815839
0.711347
1.79893
0.610542
0.514253
1.90086
0.338659
1.99929
2.09378
0.131285
0.080891
2.18392
0.0415189
2.26936
2.34976
0.0142017
1.79893
1.90086
2.42485
2.49436
2.09378
2.5581
0.0415189
2.61588
2.66754
0.080891
2.71297
2.75207
0.131285
2.78475
2.81096
0.191693
2.66754
2.83065
2.71297
2.8438
0.261136
2.85038
2.85038
0.338659
2.8438
2.83065
0.423332
2.81096
2.78475
0.514253
2.75207
0.610542
2.61588
0.711347
2.5581
2.49436
0.815839
2.42485
2.34976
0.923216
2.26936
2.18392
1.0327
1.99929
1.14355
4.63187e-33
4.63187e-33
5.1276e-33
0.0210273
0.0210273
5.1276e-33
0.0997707
0.0546341
0.0546341
0.0997707
0.155421
0.220587
0.155421
0.220587
0.37563
0.294305
0.294305
0.37563
0.55747
0.46365
0.759078
0.656227
0.46365
0.55747
0.865211
0.973833
0.759078
0.656227
1.19553
1.08419
0.865211
0.973833
1.30716
1.4184
1.08419
1.19553
1.30716
1.4184
1.63716
1.5286
1.63716
1.5286
1.7435
1.84708
1.84708
1.7435
2.04397
1.94739
2.2243
2.1364
2.30732
2.38515
1.94739
2.04397
2.52424
2.45754
2.2243
2.1364
2.38515
2.30732
2.45754
2.52424
2.58507
2.63985
2.73075
2.68845
2.76668
2.79616
2.63985
2.58507
2.83557
2.81913
2.73075
2.68845
2.84873
2.84544
2.84544
2.83557
2.79616
2.76668
2.81913
1.57742
1.46782
1.46782
1.35688
1.57742
1.24522
0.118113
1.1335
1.0224
1.68507
0.912665
1.79022
0.805029
0.700269
0.59919
1.89235
0.502619
1.99097
0.411408
0.326436
0.248606
2.08565
0.178847
2.17597
0.0673851
0.0276694
2.26157
2.34214
0.0276694
2.41737
1.68507
2.48703
2.5509
1.89235
0.0673851
2.6088
2.66057
2.17597
2.7061
0.118113
2.74528
0.178847
2.77803
2.8043
2.82403
2.5509
0.248606
2.83721
0.326436
2.7061
2.8438
2.8438
2.83721
0.411408
2.82403
0.502619
2.8043
2.77803
2.74528
0.59919
0.700269
2.66057
2.6088
0.805029
2.48703
0.912665
2.41737
2.34214
2.26157
1.0224
1.1335
2.08565
1.99097
1.24522
1.79022
1.35688
1.36211e-32
1.36211e-32
9.89598e-33
0.0341276
0.0341276
9.89598e-33
0.135917
0.0797742
0.0797742
0.135917
0.201565
0.275749
0.275749
0.201565
0.44599
0.357531
0.357531
0.44599
0.639414
0.540241
0.742672
0.849198
0.540241
0.639414
0.958206
1.06893
0.849198
0.742672
1.18064
1.29262
1.06893
0.958206
1.51475
1.40421
1.18064
1.29262
1.51475
1.40421
1.62363
1.73028
1.73028
1.62363
1.93477
1.83417
1.83417
1.93477
2.12434
2.03164
2.29577
2.2125
2.37384
2.44644
2.12434
2.03164
2.51335
2.57437
2.2125
2.29577
2.44644
2.37384
2.51335
2.57437
2.62932
2.67807
2.72051
2.75655
2.78613
2.80918
2.67807
2.62932
2.83557
2.82567
2.72051
2.75655
2.83887
2.83557
2.82567
2.78613
2.80918
1.55917
1.33774
1.66725
0.040402
1.22562
1.11342
1.00183
1.77282
0.89159
0.302018
0.387587
1.87535
0.783434
0.678142
0.576514
1.97435
0.479378
2.0694
0.223574
2.16008
0.153182
2.24602
0.0917986
2.32691
2.40245
0.040402
2.47239
1.55917
2.53652
0.0917986
2.59465
2.64664
2.69236
1.97435
2.0694
0.153182
2.73171
0.223574
2.7646
2.79098
2.8108
0.302018
2.47239
2.82403
0.387587
2.59465
2.64664
2.83065
2.83065
2.82403
0.479378
2.8108
0.576514
2.79098
2.7646
2.73171
0.678142
2.69236
0.783434
2.53652
0.89159
1.00183
2.40245
2.32691
2.24602
1.11342
2.16008
1.22562
1.87535
1.33774
1.77282
1.44914
1.66725
1.44914
2.21331e-32
2.21331e-32
1.44038e-32
0.0464923
0.0464923
1.44038e-32
0.103461
0.169909
0.103461
0.169909
0.244873
0.32741
0.32741
0.244873
0.511571
0.416607
0.416607
0.511571
0.61144
0.715373
0.822557
0.932203
0.61144
0.715373
1.04355
1.15586
0.932203
0.822557
1.38059
1.26844
1.04355
1.15586
1.60111
1.49169
1.26844
1.38059
1.60111
1.49169
1.81268
1.70829
1.81268
1.70829
1.91378
2.01112
2.01112
1.91378
2.19287
2.10428
2.35501
2.27655
2.42798
2.49522
2.10428
2.19287
2.55655
2.61179
2.27655
2.35501
2.49522
2.42798
2.55655
2.61179
2.70346
2.66079
2.73969
2.76942
2.7926
2.80918
2.66079
2.70346
2.82245
2.81913
2.76942
2.73969
2.81913
2.80918
2.7926
1.74676
1.08336
0.971041
1.84989
0.860042
0.751109
1.94947
0.645018
0.542569
2.04507
0.444588
0.351927
2.13628
0.265462
0.186097
2.22273
0.114758
0.0523986
2.3041
2.38009
0.0523986
1.19628
1.3091
2.45045
2.51497
1.53186
2.57347
0.114758
2.62578
2.67178
0.186097
2.71138
2.74448
0.265462
2.77103
2.79098
0.351927
2.3041
2.8043
2.38009
2.81096
0.444588
2.81096
2.8043
0.542569
2.62578
2.67178
2.79098
2.77103
0.645018
2.74448
2.71138
0.751109
0.860042
2.57347
2.51497
0.971041
2.45045
1.08336
2.22273
1.19628
2.13628
2.04507
1.3091
1.94947
1.84989
1.42117
1.74676
1.64058
1.53186
1.42117
1.64058
3.01672e-32
3.01672e-32
1.86508e-32
0.0581205
0.0581205
1.86508e-32
0.201745
0.125692
0.125692
0.201745
0.375567
0.285342
0.285342
0.375567
0.572372
0.471532
0.471532
0.572372
0.785352
0.677251
0.895892
1.00811
0.785352
0.677251
1.23466
1.12126
0.895892
1.00811
1.45949
1.34762
1.23466
1.12126
1.67758
1.56967
1.45949
1.34762
1.56967
1.67758
1.88445
1.78267
1.78267
1.88445
2.07624
1.98245
1.98245
2.07624
2.24969
2.16544
2.40217
2.32869
2.46989
2.53165
2.16544
2.24969
2.63665
2.58729
2.32869
2.40217
2.53165
2.46989
2.63665
2.58729
2.67963
2.71613
2.74608
2.76942
2.78613
2.79616
2.71613
2.67963
2.79616
2.7995
2.74608
2.78613
2.76942
0.930107
0.818102
1.91639
0.708136
2.01273
0.600982
0.497438
0.398331
2.10464
0.304511
2.19176
0.216854
0.136261
0.0636583
2.27376
2.35035
0.0636583
2.42127
1.0434
2.48631
2.54528
1.27102
0.136261
2.59802
2.64441
1.60512
2.68433
0.216854
2.71771
0.304511
2.74448
2.7646
2.77803
2.10464
0.398331
2.78475
0.497438
2.35035
2.78475
2.77803
2.7646
0.600982
2.54528
2.74448
0.708136
2.71771
2.68433
2.64441
0.818102
2.59802
0.930107
2.48631
2.42127
1.0434
1.15727
2.27376
2.19176
1.27102
2.01273
1.38399
1.91639
1.81604
1.71212
1.49555
1.60512
1.49555
1.38399
1.71212
1.15727
1.81604
3.7723e-32
3.7723e-32
2.26367e-32
0.0690116
0.0690116
2.26367e-32
0.231424
0.146467
0.146467
0.231424
0.42022
0.322972
0.42022
0.322972
0.522309
0.628398
0.522309
0.628398
0.737679
0.849362
0.962692
1.07693
0.737679
0.849362
1.30536
1.19138
1.07693
0.962692
1.52937
1.41823
1.30536
1.19138
1.74422
1.63822
1.52937
1.41823
1.63822
1.74422
1.94571
1.84687
1.94571
1.84687
2.13028
2.04031
2.13028
2.04031
2.29496
2.21526
2.36909
2.43741
2.55587
2.49973
2.21526
2.29496
2.60568
2.64906
2.43741
2.36909
2.49973
2.55587
2.64906
2.60568
2.71613
2.6859
2.75655
2.73969
2.76668
2.77006
2.6859
2.71613
2.75655
2.76668
2.73969
1.97243
0.654623
2.06522
0.546142
0.441234
0.340722
2.15317
0.245455
2.23596
0.156308
0.0741807
2.31329
2.38491
0.0741807
2.45059
0.879135
2.51015
0.156308
2.56342
2.61027
2.6506
1.33769
1.45034
0.245455
2.68433
0.340722
2.71138
2.73171
2.74528
0.441234
1.97243
2.75207
0.546142
2.15317
2.23596
2.75207
2.74528
2.73171
0.654623
2.45059
2.71138
0.765878
2.68433
2.6506
2.61027
0.879135
2.56342
0.993648
2.51015
2.38491
1.1087
2.31329
1.2236
2.06522
1.33769
1.45034
1.87518
1.77388
1.66898
1.56095
1.56095
1.66898
1.2236
1.77388
1.1087
1.87518
0.993648
0.765878
4.47999e-32
4.47999e-32
2.63613e-32
0.0791653
0.0791653
2.63613e-32
0.165786
0.258946
0.165786
0.258946
0.461373
0.357763
0.357763
0.461373
0.568942
0.679657
0.568942
0.679657
0.907422
0.792738
1.13871
1.02298
0.792738
0.907422
1.25393
1.36801
1.02298
1.13871
1.48033
1.59031
1.25393
1.36801
1.69741
1.80112
1.59031
1.48033
1.69741
1.80112
1.99656
1.90099
1.99656
1.90099
2.17334
2.08747
2.08747
2.17334
2.32879
2.25387
2.46083
2.39784
2.51759
2.56795
2.25387
2.32879
2.64906
2.6118
2.46083
2.39784
2.51759
2.56795
2.64906
2.6118
2.70346
2.67963
2.73075
2.72051
2.73417
2.73075
2.67963
2.72051
2.70346
2.10706
0.374095
0.2719
2.19079
0.174899
0.0839658
2.269
2.34145
0.0839658
0.480638
0.590706
2.40789
2.46814
0.818258
2.52204
0.174899
2.56946
2.61027
0.2719
2.64441
2.67178
0.374095
2.69236
2.7061
0.480638
1.72352
2.71297
1.82596
2.71297
0.590706
2.7061
2.69236
0.703503
2.19079
2.269
2.67178
2.64441
0.818258
2.61027
2.56946
0.934227
2.52204
2.46814
1.05069
2.40789
2.34145
1.16697
1.28239
2.10706
2.01812
1.39633
1.92429
1.50821
1.61744
1.61744
1.50821
1.39633
1.72352
1.28239
1.16697
1.82596
1.05069
0.934227
1.92429
0.703503
2.01812
5.13978e-32
5.13978e-32
2.98246e-32
0.0885818
0.0885818
2.98246e-32
0.284314
0.183649
0.183649
0.284314
0.38972
0.49903
0.49903
0.38972
0.726162
0.61144
0.61144
0.726162
0.842444
0.959553
1.07679
1.19347
0.842444
0.959553
1.42267
1.30897
1.19347
1.07679
1.53398
1.64237
1.30897
1.42267
1.74733
1.84839
1.53398
1.64237
1.84839
1.74733
2.03711
1.94511
1.94511
2.03711
2.12402
2.20553
2.20553
2.12402
2.35128
2.28137
2.47253
2.41506
2.56795
2.52353
2.35128
2.28137
2.60568
2.63665
2.47253
2.41506
2.52353
2.56795
2.63665
2.60568
2.66079
2.67807
2.69191
2.68845
2.68845
2.67807
2.66079
0.192035
0.0930139
2.21759
2.29098
0.0930139
2.3583
0.296191
2.41936
2.47399
0.516552
0.192035
2.52204
2.56342
0.865296
2.59802
0.296191
2.62578
0.404637
2.64664
2.66057
2.66754
1.44701
0.516552
2.66754
0.631141
1.76883
2.66057
2.64664
2.62578
0.747637
2.05354
2.59802
0.865296
2.56342
2.52204
2.47399
0.983403
2.41936
1.10127
2.3583
2.29098
2.21759
1.21824
2.13835
1.33369
1.96345
1.86842
1.44701
1.55766
1.66509
1.55766
1.66509
1.33369
1.76883
1.21824
1.10127
0.983403
1.86842
1.96345
0.747637
0.631141
2.05354
0.404637
2.13835
5.75168e-32
5.75168e-32
3.30267e-32
0.0972617
0.0972617
3.30267e-32
0.200059
0.30753
0.200059
0.30753
0.533202
0.418848
0.533202
0.418848
0.767929
0.649815
0.649815
0.767929
0.88682
1.00578
1.24127
1.12415
0.88682
1.00578
1.46938
1.35654
1.12415
1.24127
1.57924
1.68562
1.35654
1.46938
1.78805
1.88608
1.57924
1.68562
1.78805
1.88608
2.06743
1.97933
2.06743
1.97933
2.22695
2.15006
2.22695
2.15006
2.29784
2.36251
2.47253
2.42079
2.55587
2.51759
2.36251
2.29784
2.58729
2.61179
2.47253
2.42079
2.51759
2.55587
2.61179
2.58729
2.63985
2.62932
2.63985
2.64336
2.62932
2.23363
2.30195
0.101326
0.101326
2.36392
2.41936
0.207718
2.46814
2.51015
0.548984
0.667461
2.54528
0.318333
2.57347
0.432353
2.59465
2.6088
2.61588
1.26257
0.548984
2.61588
1.48978
1.59875
0.667461
2.6088
2.59465
2.57347
1.90137
0.787043
2.54528
0.907015
2.51015
2.46814
2.23363
2.41936
1.02669
2.36392
1.14542
2.30195
2.15917
1.26257
2.07878
1.37754
1.99275
1.80498
1.48978
1.70397
1.59875
1.37754
1.70397
1.80498
1.14542
1.02669
0.907015
1.90137
0.787043
1.99275
0.432353
2.07878
0.318333
2.15917
0.207718
6.31574e-32
6.31574e-32
3.5968e-32
0.105206
3.5968e-32
0.105206
0.3286
0.215017
0.215017
0.3286
0.563898
0.445154
0.563898
0.445154
0.684083
0.804978
0.684083
0.804978
1.04614
0.925888
1.28213
1.16509
0.925888
1.04614
1.50821
1.39669
1.28213
1.16509
1.72014
1.61618
1.39669
1.50821
1.91428
1.81964
1.61618
1.72014
1.91428
1.81964
2.00371
2.0876
2.00371
2.0876
2.23764
2.16566
2.23764
2.16566
2.30332
2.36251
2.46083
2.41506
2.49973
2.53165
2.30332
2.36251
2.57437
2.55655
2.41506
2.46083
2.49973
2.53165
2.57437
2.55655
2.58864
2.58507
2.58507
0.108903
2.30195
2.3583
2.40789
0.221952
2.45059
2.48631
0.338332
2.51497
2.53652
0.457252
2.5509
2.5581
0.94344
0.577948
1.06413
2.5581
2.5509
0.699681
2.53652
2.51497
1.52468
1.63154
0.82174
2.48631
2.45059
0.94344
2.40789
2.3583
1.06413
2.30195
2.23898
1.18317
2.16956
2.0939
1.29998
2.01224
1.92485
1.41399
1.83203
1.73414
1.52468
1.63154
1.41399
1.29998
1.73414
1.18317
1.83203
0.82174
1.92485
0.699681
0.577948
2.01224
0.457252
0.338332
2.0939
0.221952
0.108903
2.16956
2.23898
6.83201e-32
6.83201e-32
3.86489e-32
0.112417
0.112417
3.86489e-32
0.228528
0.347529
0.228528
0.347529
0.468649
0.591132
0.591132
0.468649
0.837329
0.714259
0.837329
0.714259
1.08066
0.959676
1.31611
1.19966
0.959676
1.08066
1.5392
1.42946
1.31611
1.19966
1.64485
1.74597
1.5392
1.42946
1.84216
1.93305
1.64485
1.74597
1.84216
1.93305
2.01832
2.09768
2.01832
2.09768
2.23764
2.17086
2.23764
2.17086
2.35128
2.29784
2.39784
2.43741
2.49522
2.46989
2.29784
2.35128
2.51335
2.52424
2.39784
2.43741
2.46989
2.49522
2.51335
2.52788
2.52424
2.34145
0.234741
2.38491
2.42127
2.45045
0.356194
2.47239
0.479344
2.48703
0.603455
2.49436
2.49436
0.603455
0.974597
2.48703
0.727818
2.47239
2.45045
1.33053
2.42127
0.85175
2.38491
0.974597
2.34145
2.29098
1.85003
2.23363
1.09573
2.16956
1.21457
2.09894
2.02197
1.93891
1.33053
1.4431
1.75564
1.65609
1.55177
1.55177
1.4431
1.65609
1.21457
1.09573
1.75564
1.85003
0.85175
0.727818
1.93891
0.479344
2.02197
0.356194
0.234741
0.115747
2.09894
2.16956
0.115747
2.23363
2.29098
7.3006e-32
7.3006e-32
4.10701e-32
0.118895
0.118895
4.10701e-32
0.364326
0.240596
0.240596
0.364326
0.614918
0.489342
0.489342
0.614918
0.740362
0.865005
0.740362
0.865005
0.98821
1.10936
1.34324
1.22789
0.98821
1.10936
1.5624
1.4549
1.34324
1.22789
1.76316
1.66529
1.4549
1.5624
1.94243
1.85565
1.76316
1.66529
1.94243
1.85565
2.02319
2.09768
2.02319
2.09768
2.16566
2.22695
2.16566
2.22695
2.28137
2.32879
2.36909
2.40217
2.44644
2.42798
2.28137
2.32879
2.46124
2.45754
2.40217
2.36909
2.44644
2.42798
2.45754
0.24609
2.31329
2.35035
2.38009
0.371927
2.40245
0.371927
0.49864
2.41737
0.625522
0.751892
2.42485
2.42485
0.625522
2.41737
1.12155
0.751892
2.40245
2.38009
2.35035
0.877097
1.57109
1.67243
2.31329
1.00051
2.269
2.21759
2.15917
1.12155
2.0939
1.23963
2.02197
1.9436
1.85902
1.35425
1.76853
1.46488
1.46488
1.57109
1.35425
1.67243
1.23963
1.00051
1.76853
0.877097
1.85902
0.49864
1.9436
2.02197
0.24609
0.121861
2.0939
2.15917
0.121861
2.21759
2.269
7.72166e-32
7.72166e-32
4.32324e-32
0.124644
0.124644
4.32324e-32
0.378998
0.251226
0.251226
0.378998
0.635269
0.507244
0.635269
0.507244
0.888028
0.762411
0.762411
0.888028
1.01151
1.13229
1.24981
1.36355
1.01151
1.13229
1.57784
1.47305
1.24981
1.36355
1.67754
1.77175
1.47305
1.57784
1.86015
1.94243
1.77175
1.67754
1.94243
1.86015
2.01832
2.0876
2.0876
2.01832
2.15006
2.20553
2.20553
2.15006
2.25387
2.29496
2.32869
2.35501
2.37384
2.38515
2.25387
2.29496
2.38515
2.38893
2.35501
2.32869
2.37384
2.3041
0.38554
2.32691
0.127246
2.34214
0.515152
2.34976
2.34976
0.644163
0.644163
0.77192
2.34214
2.32691
0.77192
2.3041
2.27376
0.897801
2.23596
2.19079
1.02121
2.13835
1.58267
2.07878
1.14159
2.01224
1.93891
1.25841
1.85902
1.77282
1.37116
1.6806
1.47939
1.47939
1.37116
1.58267
1.25841
1.14159
1.6806
1.02121
0.897801
1.77282
1.85902
0.515152
0.38554
1.93891
0.256003
2.01224
2.07878
0.127246
2.27376
2.13835
2.19079
2.23596
0.256003
8.09532e-32
8.09532e-32
4.51366e-32
0.129666
0.129666
4.51366e-32
0.260424
0.391553
0.260424
0.391553
0.652202
0.522368
0.522368
0.652202
0.906417
0.780422
0.780422
0.906417
1.14946
1.02961
1.37708
1.26544
1.02961
1.14946
1.48392
1.58556
1.37708
1.26544
1.68162
1.77175
1.58556
1.48392
1.85565
1.93305
1.77175
1.68162
1.85565
1.93305
2.06743
2.00371
2.06743
2.00371
2.12402
2.17334
2.17334
2.12402
2.24969
2.21526
2.29577
2.27655
2.31117
2.30732
2.24969
2.21526
2.30732
2.27655
2.29577
0.39704
2.26157
0.528891
2.26936
2.26936
2.26157
0.39704
0.659391
2.24602
0.787918
2.22273
2.19176
2.15317
1.03672
0.913881
2.10706
1.03672
2.05354
1.3813
1.99275
1.92485
1.58653
1.15589
1.85003
1.27091
1.76853
1.6806
1.3813
1.48664
1.48664
1.27091
1.15589
1.58653
1.6806
0.913881
0.787918
0.659391
1.76853
0.528891
1.85003
0.264487
0.131906
1.92485
1.99275
0.131906
2.24602
2.05354
2.10706
2.15317
0.264487
2.19176
2.22273
8.42178e-32
8.42178e-32
4.67836e-32
0.133965
0.133965
4.67836e-32
0.402001
0.268195
0.268195
0.402001
0.66573
0.534725
0.66573
0.534725
0.920193
0.794413
0.794413
0.920193
1.16089
1.04253
1.38384
1.27481
1.04253
1.16089
1.58556
1.48755
1.27481
1.38384
1.76316
1.67754
1.58556
1.48755
1.91428
1.84216
1.67754
1.76316
1.84216
1.91428
1.97933
2.03711
1.97933
2.03711
2.08747
2.13028
2.08747
2.13028
2.16544
2.19287
2.2125
2.2243
2.22824
2.2243
2.19287
2.16544
2.2125
0.539868
2.18392
2.18392
0.135843
2.17597
0.671221
2.16008
0.799904
2.13628
0.671221
0.799904
2.10464
2.06522
0.925355
2.01812
1.04704
1.96345
1.90137
1.38468
1.83203
1.16447
1.75564
1.27716
1.67243
1.58267
1.48664
1.38468
1.48664
1.27716
1.16447
1.04704
1.58267
0.925355
1.67243
0.539868
1.75564
0.406437
1.83203
0.271546
1.90137
1.96345
0.135843
2.17597
2.01812
2.06522
0.271546
2.10464
2.13628
2.16008
0.406437
8.70119e-32
8.70119e-32
4.81745e-32
0.137541
0.137541
4.81745e-32
0.274545
0.410348
0.274545
0.410348
0.675864
0.544324
0.675864
0.544324
0.929368
0.804395
0.804395
0.929368
1.05027
1.16661
1.38384
1.27794
1.16661
1.05027
1.48392
1.57784
1.27794
1.38384
1.74597
1.66529
1.57784
1.48392
1.88608
1.81964
1.74597
1.66529
1.81964
1.88608
1.94511
1.99656
1.94511
1.99656
2.07624
2.04031
2.07624
2.04031
2.10428
2.12434
2.1364
2.14042
2.1364
2.10428
2.12434
2.08565
0.679662
2.0694
2.04507
0.807887
2.01273
1.97243
0.932234
1.92429
0.679662
1.86842
1.0522
1.80498
1.0522
1.73413
1.16732
1.16732
1.65609
1.57109
1.27716
1.47939
1.3813
1.3813
1.27716
1.47939
0.932234
1.57109
0.807887
1.65609
0.548091
0.413737
1.73413
0.277187
0.13906
1.80498
1.86842
0.13906
2.09378
1.92429
2.09378
1.97243
2.01273
0.277187
2.04507
2.0694
0.413737
2.08565
0.548091
8.93374e-32
8.93374e-32
4.93101e-32
0.140399
0.140399
4.93101e-32
0.416602
0.279478
0.416602
0.279478
0.551174
0.682614
0.682614
0.551174
0.933952
0.810381
0.810381
0.933952
1.05285
1.16661
1.27481
1.37708
1.16661
1.05285
1.5624
1.47305
1.37708
1.27481
1.64485
1.72014
1.5624
1.47305
1.84839
1.78805
1.72014
1.64485
1.78805
1.84839
1.90099
1.94571
1.94571
1.90099
1.98245
2.01112
2.01112
1.98245
2.03164
2.04397
2.04808
2.04397
2.03164
0.684723
1.94947
0.811876
1.91639
1.87518
1.82596
0.418946
0.934526
1.76883
0.684723
1.0522
1.70397
1.63154
1.55177
1.16447
1.46488
1.27091
1.37116
1.27091
1.16447
1.37116
1.0522
1.46488
0.934526
0.811876
1.55177
0.553569
1.63154
0.281413
0.14156
1.70397
1.76883
0.14156
1.97435
1.82596
1.87518
1.91639
1.99929
0.281413
1.94947
1.97435
1.99097
0.418946
0.553569
1.99929
1.99097
9.1196e-32
9.1196e-32
5.01913e-32
0.142541
0.142541
5.01913e-32
0.420768
0.282998
0.282998
0.420768
0.685988
0.555281
0.555281
0.685988
0.933952
0.812375
0.812375
0.933952
1.16089
1.05027
1.36355
1.26544
1.16089
1.05027
1.5392
1.4549
1.36355
1.26544
1.68562
1.61618
1.5392
1.4549
1.74733
1.80112
1.61618
1.68562
1.74733
1.80112
1.88445
1.84687
1.88445
1.84687
1.91378
1.93477
1.93477
1.91378
1.94739
1.95159
1.94739
0.811876
1.81604
1.77388
1.72352
0.932234
1.66509
0.42207
1.04704
1.59875
0.68641
1.52468
1.4431
1.15589
1.35425
1.25841
1.25841
1.15589
1.04704
1.35425
0.932234
1.4431
0.811876
0.556307
1.52468
1.59875
0.284229
0.143343
1.66509
1.72352
0.143343
1.84989
1.77388
1.81604
1.89235
1.90086
0.284229
1.84989
1.87534
1.89235
0.42207
1.90086
0.556307
1.87534
0.68641
9.2589e-32
9.2589e-32
5.08188e-32
0.143967
0.143967
5.08188e-32
0.42285
0.285109
0.285109
0.42285
0.685988
0.55665
0.685988
0.55665
0.929368
0.810381
0.810381
0.929368
1.04253
1.14946
1.24981
1.34324
1.04253
1.14946
1.42946
1.50821
1.34324
1.24981
1.57924
1.64237
1.50821
1.42946
1.74422
1.69741
1.64237
1.57924
1.69741
1.74422
1.81268
1.78267
1.78267
1.81268
1.84708
1.83417
1.83417
1.84708
1.85138
1.61744
0.925355
1.55766
0.144413
1.48978
1.03672
1.41399
1.33053
1.14159
0.684723
0.807887
1.23963
1.14159
1.23963
1.03672
0.925355
1.33053
1.41399
0.556307
0.423111
1.48978
0.285636
1.55766
1.61744
0.144413
1.66898
1.66898
1.71212
1.71212
1.74676
0.285636
1.77282
1.79022
0.423111
1.79893
1.79893
0.556307
1.79022
1.77282
0.684723
1.74676
0.807887
9.35177e-32
9.35177e-32
5.1193e-32
0.14468
0.14468
5.1193e-32
0.285812
0.42285
0.285812
0.42285
0.682614
0.555281
0.555281
0.682614
0.920193
0.804395
0.804395
0.920193
1.02961
1.13229
1.31611
1.22789
1.13229
1.02961
1.46938
1.39669
1.31611
1.22789
1.59031
1.53398
1.46938
1.39669
1.67758
1.63822
1.59031
1.53398
1.63822
1.67758
1.73028
1.70829
1.73028
1.70829
1.7435
1.7435
1.74791
0.913881
1.37754
1.02121
1.29998
1.21457
1.12155
0.42207
1.12155
1.02121
1.21457
0.913881
0.799903
0.679662
1.29998
0.553569
1.37754
0.285636
0.144769
1.44701
1.50821
0.144769
1.44701
1.56095
1.60512
1.64058
1.60512
0.285636
1.66725
1.68507
1.69399
0.42207
1.69399
0.553569
1.68507
1.66725
1.64058
0.679662
0.799903
1.56095
1.50821
9.39829e-32
9.39829e-32
5.13144e-32
0.14468
0.14468
5.13144e-32
0.420768
0.285109
0.285109
0.420768
0.675864
0.551174
0.551174
0.675864
0.794413
0.906417
0.906417
0.794413
1.01151
1.10936
1.19966
1.28213
1.01151
1.10936
1.35654
1.42267
1.19966
1.28213
1.52937
1.48033
1.35654
1.42267
1.56967
1.60111
1.52937
1.48033
1.56967
1.60111
1.63716
1.62363
1.63716
1.62363
1.64168
1.00051
1.18317
1.09573
0.144413
1.00051
1.09573
0.897801
1.18317
0.787918
0.671221
0.548091
1.26257
0.418946
1.33369
0.284229
1.39633
1.45034
0.144413
1.26257
1.49555
1.53186
1.39633
1.45034
0.284229
1.55917
1.57742
1.58655
1.55917
0.418946
1.58655
0.548091
1.57742
1.53186
0.671221
1.49555
0.787918
1.33369
0.897801
9.3985e-32
9.3985e-32
5.1183e-32
0.143967
0.143967
5.1183e-32
0.416602
0.282998
0.282998
0.416602
0.544324
0.66573
0.66573
0.544324
0.780422
0.888027
0.780422
0.888027
0.988209
1.08066
1.24127
1.16509
1.08066
0.988209
1.30897
1.36801
1.24127
1.16509
1.41823
1.45949
1.30897
1.36801
1.49169
1.51475
1.41823
1.45949
1.49169
1.51475
1.53323
1.5286
1.5286
0.877097
1.06413
0.771919
0.659391
1.14542
0.539868
0.413737
1.21824
0.281413
0.143343
1.28239
1.33769
0.143343
0.974597
1.38399
1.06413
1.42117
1.44914
0.281413
1.46782
1.47718
1.33769
1.38399
0.413737
1.47718
1.46782
0.539868
1.44914
1.42117
0.659391
0.771919
1.28239
1.21824
0.877097
1.14542
0.974597
9.35239e-32
9.35239e-32
5.07988e-32
0.142541
0.142541
5.07988e-32
0.279478
0.410348
0.279478
0.410348
0.652202
0.534725
0.652202
0.534725
0.762411
0.865005
0.762411
0.865005
0.959676
1.04614
1.19347
1.12415
1.04614
0.959676
1.30536
1.25393
1.19347
1.12415
1.38059
1.34762
1.30536
1.25393
1.4184
1.40421
1.34762
1.38059
1.4184
1.40421
1.42313
1.02669
0.528891
1.10127
0.406437
0.277187
0.14156
1.16697
1.2236
0.14156
0.644162
1.27102
1.3091
1.33774
0.94344
0.277187
1.35688
1.36646
1.36646
1.16697
0.406437
1.35688
0.528891
1.33774
1.3091
1.27102
0.644162
1.2236
0.751892
1.10127
1.02669
0.85175
0.94344
0.85175
0.751892
9.25993e-32
9.25993e-32
5.01613e-32
0.140399
0.140399
5.01613e-32
0.402001
0.274545
0.274545
0.402001
0.522368
0.635269
0.635269
0.522368
0.740362
0.837329
0.837329
0.740362
1.00578
0.925888
1.07679
1.13871
1.00578
0.925888
1.23466
1.19138
1.13871
1.07679
1.26844
1.29262
1.23466
1.19138
1.31201
1.30716
1.29262
1.26844
1.30716
1.05069
0.271546
0.13906
1.1087
1.15727
0.13906
0.39704
1.19627
1.22562
0.625522
0.727818
0.271546
1.24522
1.25503
1.25503
0.983403
0.39704
1.24522
0.515152
1.22562
1.19627
1.15727
0.625522
1.1087
0.727818
1.05069
0.907015
0.82174
0.82174
0.907015
0.515152
0.983403
9.12103e-32
9.12103e-32
4.927e-32
0.137541
0.137541
4.927e-32
0.268195
0.391553
0.268195
0.391553
0.614917
0.507244
0.614917
0.507244
0.804978
0.714259
0.804978
0.714259
0.959552
0.88682
1.02298
1.07693
0.959552
0.88682
1.12126
1.15586
1.02298
1.07693
1.18064
1.19553
1.15586
1.12126
1.2005
1.19553
1.18064
1.0434
0.135843
1.08336
0.135843
1.11342
1.1335
0.264487
1.14355
1.14355
0.603455
0.699681
0.38554
1.1335
0.865296
1.11342
0.49864
1.08336
1.0434
0.603455
0.993648
0.934227
0.699681
0.787042
0.787042
0.865296
0.49864
0.38554
0.934227
0.264487
0.993648
8.93559e-32
8.93559e-32
4.81243e-32
0.133965
4.81243e-32
0.133965
0.378998
0.260424
0.260424
0.378998
0.489342
0.591132
0.489342
0.591132
0.767929
0.684083
0.684083
0.767929
0.842444
0.907422
0.962692
1.00811
0.907422
0.842444
1.04355
1.06893
1.00811
0.962692
1.08927
1.08418
1.06893
1.04355
1.08418
0.131906
0.971041
1.00183
1.0224
0.256003
1.0327
0.371927
1.0327
1.0224
0.371927
1.00183
0.479344
0.971041
0.930106
0.879135
0.577947
0.818258
0.667461
0.747637
0.667461
0.577947
0.747637
0.479344
0.818258
0.256003
0.131906
0.879135
0.930106
8.70345e-32
8.70345e-32
4.67233e-32
0.129666
0.129666
4.67233e-32
0.364326
0.251226
0.251226
0.364326
0.563898
0.468649
0.468649
0.563898
0.726162
0.649815
0.726162
0.649815
0.849362
0.792738
0.932203
0.895892
0.792738
0.849362
0.958206
0.973833
0.932203
0.895892
0.979047
0.958206
0.973833
0.912665
0.24609
0.923216
0.127246
0.923216
0.912665
0.356194
0.891589
0.457252
0.548984
0.631141
0.860042
0.818102
0.765878
0.548984
0.703503
0.631141
0.457252
0.703503
0.356194
0.765878
0.24609
0.818102
0.860042
0.127246
0.891589
8.42445e-32
8.42445e-32
4.50661e-32
0.124644
0.124644
4.50661e-32
0.347529
0.240596
0.240596
0.347529
0.445154
0.533202
0.445154
0.533202
0.61144
0.679657
0.679657
0.61144
0.785352
0.737679
0.822557
0.849198
0.737679
0.785352
0.865211
0.870552
0.849198
0.822557
0.865211
0.234741
0.815839
0.805028
0.338332
0.783434
0.751109
0.432353
0.708136
0.654623
0.516552
0.590706
0.516552
0.590706
0.432353
0.338332
0.654623
0.234741
0.121861
0.708136
0.751109
0.121861
0.783434
0.805028
0.815839
8.09841e-32
8.09841e-32
4.31518e-32
0.118895
0.118895
4.31518e-32
0.3286
0.228528
0.228528
0.3286
0.418848
0.49903
0.418848
0.49903
0.568942
0.628398
0.568942
0.628398
0.67725
0.715373
0.759078
0.742672
0.715373
0.67725
0.759078
0.764552
0.742672
0.700269
0.678141
0.318333
0.645018
0.404637
0.600982
0.318333
0.546142
0.480638
0.480638
0.404637
0.546142
0.221952
0.115747
0.600982
0.645018
0.115747
0.678141
0.711347
0.700269
0.711347
0.221952
7.72516e-32
7.72516e-32
0.112416
4.09793e-32
0.112416
4.09793e-32
0.30753
0.215017
0.215017
0.30753
0.461372
0.38972
0.461372
0.38972
0.522309
0.572372
0.522309
0.572372
0.639414
0.61144
0.661835
0.656227
0.61144
0.656227
0.639414
0.296191
0.542569
0.374095
0.497438
0.441234
0.374095
0.441234
0.296191
0.497438
0.207718
0.108903
0.542569
0.576514
0.108903
0.59919
0.59919
0.610542
0.207718
0.610542
0.576514
7.30453e-32
7.30453e-32
3.85478e-32
0.105206
0.105206
3.85478e-32
0.284314
0.200059
0.200059
0.284314
0.42022
0.357763
0.357763
0.42022
0.471532
0.511571
0.511571
0.471532
0.540241
0.557469
0.563218
0.557469
0.540241
0.340722
0.340722
0.2719
0.398331
0.192035
0.101326
0.444588
0.479378
0.101326
0.398331
0.444588
0.502619
0.514253
0.514253
0.192035
0.502619
0.479378
0.2719
6.83635e-32
6.83635e-32
3.58566e-32
0.0972617
0.0972617
3.58566e-32
0.258946
0.183649
0.258946
0.183649
0.375567
0.322972
0.375567
0.322972
0.44599
0.416607
0.416607
0.44599
0.46365
0.46954
0.46365
0.174899
0.0930139
0.351927
0.387587
0.0930139
0.411408
0.245455
0.423332
0.423332
0.351927
0.174899
0.411408
0.387587
0.245455
0.304511
0.304511
6.3205e-32
6.3205e-32
3.2905e-32
0.0885818
0.0885818
3.2905e-32
0.165786
0.231424
0.165786
0.231424
0.32741
0.285342
0.32741
0.285342
0.37563
0.357531
0.357531
0.381669
0.37563
0.302018
0.326436
0.0839658
0.0839658
0.338659
0.338659
0.156308
0.326436
0.302018
0.265462
0.216854
0.216854
0.265462
0.156308
5.75687e-32
5.75687e-32
2.96925e-32
0.0791653
2.96925e-32
0.0791653
0.146467
0.201745
0.146467
0.201745
0.275749
0.244873
0.275749
0.244873
0.300494
0.294305
0.294305
0.0741807
0.261136
0.261136
0.248606
0.136261
0.223574
0.186097
0.186097
0.136261
0.0741807
0.223574
0.248606
5.1454e-32
5.1454e-32
2.62189e-32
0.0690115
0.0690115
2.62189e-32
0.169909
0.125692
0.125692
0.169909
0.201565
0.220587
0.201565
0.220587
0.226933
0.178847
0.114758
0.153182
0.114758
0.0636583
0.153182
0.178847
0.0636583
0.191693
0.191693
4.48603e-32
4.48603e-32
2.24839e-32
0.0581204
0.0581204
2.24839e-32
0.135917
0.103461
0.103461
0.135917
0.155421
0.155421
0.161925
0.0917986
0.0917986
0.0523985
0.118113
0.131285
0.0523985
0.131285
0.118113
3.77876e-32
3.77876e-32
1.84877e-32
0.0464922
1.84877e-32
0.0464922
0.0797742
0.0997707
0.0797742
0.0997707
0.106442
0.0808909
0.040402
0.0808909
0.0673851
0.040402
0.0673851
3.0236e-32
3.0236e-32
0.0341275
1.42304e-32
0.0341275
1.42304e-32
0.0546341
0.0546341
0.0614732
0.0276694
0.0415189
0.0276694
0.0415189
2.22061e-32
2.22061e-32
9.71227e-33
0.0210272
0.0210272
9.71227e-33
0.0280423
0.0142017
0.0142017
1.36983e-32
1.36983e-32
4.9336e-33
4.9336e-33
0.00719229
2.03781e-35
4.71335e-33
4.71335e-33
