-6.76971e-38
2.76042e-37
2.76042e-37
-5.45365e-37
1.3116e-36
7.881e-09
1.54886e-07
-5.45365e-37
1.3116e-36
1.54886e-07
-1.65381e-36
1.02576e-06
2.95985e-36
3.77194e-07
1.12723e-06
2.80448e-06
2.80448e-06
3.77194e-07
1.02576e-06
2.95985e-36
-1.65381e-36
-3.21189e-36
3.02692e-06
5.42193e-36
1.7372e-06
1.20496e-05
2.06651e-05
6.7568e-06
8.86022e-06
-3.21189e-36
3.02692e-06
6.7568e-06
2.06651e-05
1.20496e-05
1.7372e-06
5.42193e-36
-5.39852e-36
4.38822e-06
6.38563e-06
8.80331e-36
2.00965e-05
3.04763e-05
6.44195e-05
3.85428e-05
8.83987e-05
4.80091e-05
8.83987e-05
3.85428e-05
4.38822e-06
8.80331e-36
6.38563e-06
-5.39852e-36
3.04763e-05
2.00965e-05
6.44195e-05
-8.30785e-36
1.31263e-35
8.48615e-06
1.11955e-05
4.32261e-05
5.95348e-05
0.000140652
9.7975e-05
1.11955e-05
1.31263e-35
8.48615e-06
-8.30785e-36
0.000275306
0.000165436
0.000223688
0.000147819
0.000147819
0.000140652
0.000223688
4.32261e-05
0.000275306
9.7975e-05
5.95348e-05
-1.19629e-35
1.74363e-05
1.83436e-35
1.40625e-05
7.71392e-05
9.96778e-05
0.000252417
0.000191892
0.000419171
0.000321297
0.000437388
0.000601036
1.83436e-35
1.74363e-05
1.40625e-05
-1.19629e-35
7.71392e-05
0.000252417
9.96778e-05
0.000191892
0.000458578
0.000696522
0.000419171
0.000696522
0.000437388
0.000601036
0.000321297
-1.6328e-35
2.49936e-05
2.43508e-35
2.10441e-05
0.00012191
0.000150523
0.000399792
0.000321777
0.00107871
0.000820122
0.000575491
0.000732931
0.000999368
0.00136193
0.00152055
0.00106107
-1.6328e-35
2.49936e-05
2.43508e-35
2.10441e-05
0.00012191
0.000150523
0.000399792
0.000321777
0.00136193
0.00107871
0.000732931
0.00152055
0.000575491
0.000999368
0.000820122
-2.13202e-35
3.36774e-05
3.09992e-35
2.9273e-05
0.000176852
0.000211009
0.000580396
0.000486402
0.00110756
0.0017087
0.00137473
0.00091065
0.00179205
0.00228224
0.002729
0.00207529
2.9273e-05
-2.13202e-35
3.36774e-05
3.09992e-35
0.00218001
0.00297314
0.00297314
0.00207529
0.000211009
0.000580396
0.000176852
0.000486402
0.00137473
0.00228224
0.002729
0.00110756
0.00091065
0.00179205
0.0017087
-2.68196e-35
4.32405e-05
3.81073e-35
3.85246e-05
0.00068233
0.000240667
0.00027954
0.000789881
0.00155348
0.00248085
0.00207781
0.00132141
0.00283728
0.0034489
0.00432282
0.00347816
0.00391089
0.00498224
0.00533604
0.00405836
3.81073e-35
3.85246e-05
-2.68196e-35
4.32405e-05
0.000789881
0.00027954
0.00068233
0.000240667
0.00533604
0.00498224
0.00391089
0.00347816
0.00207781
0.00132141
0.00155348
0.00248085
0.0034489
0.00432282
0.00283728
-3.26794e-35
5.3395e-05
4.54715e-35
4.85252e-05
0.000311588
0.00102239
0.00090439
0.00035412
4.85252e-05
5.3395e-05
4.54715e-35
-3.26794e-35
0.00205894
0.00337656
0.00291473
0.00179792
0.00411826
0.00627631
0.00525661
0.00483763
0.0068013
0.00752915
0.00845247
0.0061934
0.00894189
0.00701754
0.0068013
0.00894189
0.00035412
0.00102239
0.00090439
0.000311588
0.00337656
0.00205894
0.00291473
0.00179792
0.00845247
0.00752915
0.00483763
0.0061934
0.00627631
0.00411826
0.00525661
-3.87344e-35
6.38275e-05
5.28761e-35
5.89684e-05
0.000387507
0.00043248
0.00127097
0.00114611
5.89684e-05
6.38275e-05
5.28761e-35
-3.87344e-35
0.00260923
0.00437078
0.00386341
0.00232688
0.00043248
0.00114611
0.00127097
0.000387507
0.0056042
0.00641181
0.00737362
0.00854245
0.0102786
0.0105609
0.0122722
0.00899079
0.0141643
0.0113978
0.013513
0.0111145
0.0111145
0.0141643
0.013513
0.0102786
0.00232688
0.00437078
0.00260923
0.00386341
0.0122722
0.00737362
0.00854245
0.00641181
0.0056042
0.00899079
0.0105609
-4.48096e-35
6.95296e-05
7.42135e-05
6.01022e-35
0.000466093
0.000512195
0.00152797
0.00140015
0.0031876
0.00543381
0.00489624
0.00289249
6.95296e-05
7.42135e-05
6.01022e-35
-4.48096e-35
0.00152797
0.000512195
0.00140015
0.000466093
0.00725356
0.00812565
0.0110579
0.00977339
0.0031876
0.00489624
0.00289249
0.00543381
0.0122358
0.0139975
0.0167032
0.0144178
0.0161356
0.0172248
0.0189542
0.0205652
0.0214051
0.0172248
0.0176043
0.0214051
0.0161356
0.0189542
0.0205652
0.0144178
0.00812565
0.0139975
0.00977339
0.00725356
0.0167032
0.0122358
0.0110579
-5.07273e-35
6.69359e-35
7.98797e-05
8.423e-05
0.000544907
0.00059078
0.0017854
0.00165862
0.00377615
0.00653293
0.00598181
0.00347736
7.98797e-05
8.423e-05
6.69359e-35
-5.07273e-35
0.00901706
0.00992701
0.0137473
0.0123861
0.0017854
0.00059078
0.00165862
0.000544907
0.00598181
0.00653293
0.00377615
0.00347736
0.017739
0.0158376
0.0216217
0.0191099
0.00992701
0.00901706
0.0123861
0.0137473
0.024161
0.0219603
0.0279906
0.0251222
0.0255584
0.0300242
0.0260305
0.0310782
0.0310782
0.024161
0.0255584
0.0300242
0.0219603
0.0191099
0.0158376
0.0251222
0.017739
0.0216217
0.0279906
-5.63137e-35
9.35669e-05
7.31751e-35
8.96973e-05
0.000621498
0.000665794
0.00203525
0.00191347
0.00435653
0.00763396
0.0040633
0.00708647
0.0108405
0.0117601
0.0165282
0.0151322
8.96973e-05
9.35669e-05
7.31751e-35
-5.63137e-35
0.000665794
0.00203525
0.00191347
0.000621498
0.0268806
0.0216716
0.0196887
0.0242183
0.00763396
0.00435653
0.00708647
0.0040633
0.0151322
0.0108405
0.0117601
0.0165282
0.0362329
0.0320237
0.0284255
0.0318373
0.0196887
0.0268806
0.0216716
0.0242183
0.0365125
0.0347854
0.0422996
0.0397945
0.0435925
0.0371073
0.0365125
0.0435925
0.0320237
0.0362329
0.0318373
0.0347854
0.0422996
0.0397945
0.0284255
-6.14051e-35
0.000101937
7.86365e-35
9.86793e-05
0.000693489
0.000734918
0.00226977
0.00215679
0.00491071
0.00463209
0.00870263
0.00817582
0.0126671
0.0135677
0.0193139
0.0179266
-6.14051e-35
7.86365e-35
9.86793e-05
0.000101937
0.0295876
0.0236705
0.0256734
0.0323181
0.000693489
0.000734918
0.00226977
0.00215679
0.00870263
0.00491071
0.00817582
0.00463209
0.0388954
0.0450455
0.040584
0.0353381
0.0179266
0.0193139
0.0126671
0.0135677
0.0236705
0.0256734
0.0295876
0.0323181
0.0504317
0.0547553
0.0450271
0.0483945
0.0450455
0.0388954
0.0353381
0.040584
0.0512153
0.0505043
0.0593324
0.0577781
0.0504317
0.0593324
0.0547553
0.0577781
0.0483945
0.0505043
0.0450271
-6.58524e-35
0.000109084
8.31603e-35
0.00010655
0.000758663
0.000796028
0.00248174
0.00238105
0.00516607
0.00542156
0.00970579
0.00921599
0.01444
0.0152938
0.0220177
0.0206824
0.00010655
0.000109084
8.31603e-35
-6.58524e-35
0.0350514
0.0276593
0.0296198
0.037765
0.000758663
0.00238105
0.00248174
0.000796028
0.0541575
0.0495815
0.0460778
0.0424853
0.00542156
0.00970579
0.00921599
0.00516607
0.0206824
0.0220177
0.0152938
0.01444
0.061612
0.0680731
0.0613308
0.0559775
0.037765
0.0276593
0.0296198
0.0350514
0.0541575
0.0460778
0.0424853
0.0495815
0.0678818
0.0653747
0.0732223
0.0768036
0.0613308
0.0559775
0.0680731
0.061612
0.07864
0.0687387
0.0678818
0.0653747
0.0768036
0.0732223
0.07864
-6.95263e-35
0.000114791
8.66146e-35
0.00011307
0.000815023
0.00084726
0.00266465
0.00257937
0.00011307
0.000114791
8.66146e-35
-6.95263e-35
0.00564879
0.00587338
0.0106125
0.0101748
0.0161043
0.016885
0.0245557
0.0233137
0.0430519
0.0404396
0.0315308
0.0333881
0.00257937
0.000815023
0.00266465
0.00084726
0.0531607
0.0587374
0.0632854
0.049645
0.00564879
0.0106125
0.0101748
0.00587338
0.0749277
0.0729892
0.0818431
0.0672997
0.0245557
0.016885
0.0233137
0.0161043
0.0430519
0.0333881
0.0315308
0.0404396
0.086027
0.0894552
0.0954841
0.0812742
0.0632854
0.0531607
0.049645
0.0587374
0.0818431
0.0749277
0.0672997
0.0729892
0.0889788
0.0899718
0.101797
0.0996607
0.086027
0.0812742
0.0894552
0.0954841
0.101797
0.0889788
0.0996607
-7.23203e-35
0.000118886
8.88996e-35
0.000118042
0.000860854
0.000887062
0.00281295
0.00274568
0.00606548
0.00625238
0.011395
0.0110229
0.000118042
0.000118886
8.88996e-35
-7.23203e-35
0.00274568
0.00281295
0.000860854
0.000887062
0.0176086
0.0182923
0.0268498
0.0257394
0.0368618
0.0480147
0.0455847
0.035165
0.059924
0.0677666
0.072145
0.0565942
0.00606548
0.0110229
0.011395
0.00625238
0.0842088
0.0956373
0.088764
0.0786415
0.0176086
0.0257394
0.0182923
0.0268498
0.105974
0.114799
0.0977135
0.105099
0.0455847
0.0480147
0.0368618
0.035165
0.059924
0.0677666
0.0565942
0.072145
0.114022
0.121755
0.126556
0.110619
0.088764
0.0842088
0.0956373
0.0786415
0.0977135
0.114799
0.105099
0.105974
0.115179
0.110619
0.129007
0.129007
0.114022
0.121755
0.126556
-7.41537e-35
0.000121246
8.99492e-35
0.000121317
0.00089477
0.000914232
0.00292216
0.00287495
0.00640346
0.00654707
0.0120296
0.0117342
0.018907
0.0278848
0.0194729
0.0288298
0.000121317
0.000121246
8.99492e-35
-7.41537e-35
0.000914232
0.00287495
0.00292216
0.00089477
0.0117342
0.0120296
0.00654707
0.00640346
0.0399342
0.0525005
0.0503275
0.0384498
0.0763883
0.0804615
0.0631174
0.0661585
0.109026
0.102409
0.0949222
0.0896499
0.0278848
0.018907
0.0288298
0.0194729
0.114181
0.122264
0.134148
0.124507
0.0384498
0.0399342
0.0503275
0.0525005
0.132995
0.152157
0.1393
0.144238
0.0804615
0.0661585
0.0763883
0.0631174
0.109026
0.0949222
0.102409
0.0896499
0.160385
0.143192
0.157607
0.1445
0.114181
0.122264
0.124507
0.134148
0.1393
0.132995
0.160385
0.157607
0.144238
0.143192
0.152157
-7.49736e-35
0.0001218
8.97336e-35
0.000122795
0.000915749
0.000927955
0.00298899
0.00296329
0.00665251
0.00674858
0.012497
0.0122874
0.000122795
0.0001218
8.97336e-35
-7.49736e-35
0.0199599
0.0304353
0.0296845
0.0203908
0.0425115
0.056372
0.0545223
0.0412848
0.00296329
0.00298899
0.000927955
0.000915749
0.0122874
0.012497
0.00674858
0.00665251
0.0199599
0.0203908
0.0296845
0.0304353
0.084336
0.0690136
0.0879787
0.0716727
0.121594
0.115438
0.104798
0.0999835
0.130165
0.137819
0.152928
0.143646
0.0545223
0.0412848
0.0425115
0.056372
0.16641
0.165023
0.177802
0.155409
0.0690136
0.084336
0.0879787
0.0716727
0.176535
0.186711
0.192828
0.172157
0.115438
0.121594
0.104798
0.0999835
0.152928
0.137819
0.143646
0.130165
0.195941
0.178019
0.176535
0.195941
0.16641
0.155409
0.192828
0.177802
0.165023
0.172157
0.186711
-7.47568e-35
0.000120532
8.82593e-35
0.000122434
0.000923162
0.000927819
0.00301144
0.00300803
0.00680513
0.00685083
0.0127831
0.0126656
0.0207354
0.0210186
0.0316178
0.031084
0.000122434
0.000120532
8.82593e-35
-7.47568e-35
0.000927819
0.00300803
0.00301144
0.000923162
0.0445156
0.0595113
0.0580413
0.0435836
0.0762985
0.0944663
0.0913655
0.0741021
0.00685083
0.00680513
0.0126656
0.0127831
0.031084
0.0207354
0.0316178
0.0210186
0.0445156
0.0435836
0.0595113
0.0580413
0.127448
0.132954
0.113533
0.109324
0.145169
0.152158
0.170557
0.161921
0.187581
0.177165
0.202693
0.19039
0.0741021
0.0913655
0.0762985
0.0944663
0.225328
0.215412
0.209134
0.201172
0.109324
0.113533
0.132954
0.127448
0.214029
0.232124
0.235577
0.215672
0.170557
0.161921
0.145169
0.152158
0.177165
0.187581
0.19039
0.202693
0.214029
0.209134
0.235577
0.232124
0.201172
0.215412
0.225328
-7.35095e-35
0.000117479
8.55696e-35
0.000120243
0.000916786
0.000913828
0.00298882
0.00300784
0.0128576
0.00685674
0.00685078
0.0128794
0.000120243
0.000117479
8.55696e-35
-7.35095e-35
0.0212103
0.0213372
0.0323419
0.032041
0.0458861
0.0618237
0.0607776
0.0452769
0.000913828
0.00300784
0.00298882
0.000916786
0.0128576
0.0128794
0.00685674
0.00685078
0.0798954
0.0997272
0.0972623
0.0782284
0.12086
0.138071
0.117385
0.142758
0.032041
0.0323419
0.0213372
0.0212103
0.0607776
0.0452769
0.0458861
0.0618237
0.0997272
0.0798954
0.0782284
0.0972623
0.158731
0.178768
0.186491
0.16484
0.197587
0.207097
0.226058
0.214613
0.241282
0.256873
0.229334
0.242817
0.117385
0.138071
0.142758
0.12086
0.250102
0.255498
0.267805
0.275282
0.158731
0.186491
0.178768
0.16484
0.279079
0.279079
0.257323
0.255498
0.207097
0.226058
0.197587
0.214613
0.275282
0.267805
0.242817
0.229334
0.256873
0.250102
0.241282
-7.12678e-35
0.000112732
8.17429e-35
0.000116288
0.000896812
0.000886403
0.00292183
0.00296273
0.0127831
0.0128575
0.00680581
0.00674841
0.0213703
0.0213372
0.0325856
0.0325267
0.000116288
0.000112732
8.17429e-35
-7.12678e-35
0.000886403
0.00296273
0.00292183
0.000896812
0.0465818
0.0632394
0.0626488
0.0463135
0.0823551
0.103602
0.101848
0.0812676
0.0128575
0.0127831
0.00674841
0.00680581
0.0325267
0.0213703
0.0325856
0.0213372
0.126558
0.150708
0.123921
0.146983
0.170435
0.193668
0.200243
0.175478
0.0465818
0.0463135
0.0632394
0.0626488
0.0812676
0.101848
0.103602
0.0823551
0.123921
0.146983
0.150708
0.126558
0.216045
0.236941
0.224359
0.247178
0.25577
0.286485
0.26808
0.271979
0.301877
0.285114
0.313821
0.294773
0.170435
0.193668
0.175478
0.200243
0.326116
0.300693
0.302678
0.321978
0.216045
0.224359
0.247178
0.236941
0.300693
0.326116
0.321978
0.294773
0.271979
0.26808
0.25577
0.286485
0.301877
0.285114
0.313821
-6.80967e-35
0.000106436
7.68912e-35
0.000110688
0.00086384
0.000846365
0.00281247
0.00287403
0.00654681
0.0124969
0.0126654
0.00665384
0.000110688
0.000106436
7.68912e-35
-6.80967e-35
0.0212106
0.0210185
0.0323418
0.0325267
0.0465818
0.0637161
0.0466625
0.0635987
0.000846365
0.00287403
0.00281247
0.00086384
0.0126654
0.0124969
0.00665384
0.00654681
0.0836037
0.105975
0.104983
0.0831282
0.153912
0.130454
0.156564
0.128736
0.0210185
0.0212106
0.0323418
0.0325267
0.0466625
0.0635987
0.0637161
0.0465818
0.179926
0.183751
0.206168
0.211394
0.231976
0.238839
0.265405
0.25669
0.0836037
0.105975
0.0831282
0.104983
0.156564
0.130454
0.128736
0.153912
0.211394
0.179926
0.206168
0.183751
0.279664
0.300276
0.290425
0.31325
0.349997
0.333284
0.332275
0.31798
0.349205
0.362941
0.37177
0.342788
0.231976
0.265405
0.238839
0.25669
0.349205
0.376245
0.351372
0.376245
0.31325
0.300276
0.279664
0.290425
0.342788
0.349997
0.333284
0.362941
0.37177
0.31798
0.332275
-6.40883e-35
9.87806e-05
7.11568e-35
0.000103612
0.000818863
0.00274443
0.000794924
0.00266402
0.00625202
0.0120294
0.012287
0.00640541
0.000103612
9.87806e-05
7.11568e-35
-6.40883e-35
0.0207359
0.0203907
0.0316178
0.0320409
0.000794924
0.00274443
0.00266402
0.000818863
0.0458861
0.0463134
0.0632394
0.0635987
0.0836037
0.106773
0.106575
0.0837545
0.00640541
0.012287
0.0120294
0.00625202
0.0203907
0.0320409
0.0207359
0.0316178
0.15865
0.132432
0.16015
0.131683
0.189408
0.186916
0.219608
0.215887
0.0463134
0.0632394
0.0635987
0.0458861
0.106575
0.106773
0.0836037
0.0837545
0.244894
0.280186
0.273257
0.250098
0.336349
0.300286
0.309169
0.325304
0.16015
0.132432
0.131683
0.15865
0.186916
0.215887
0.219608
0.189408
0.244894
0.250098
0.273257
0.280186
0.366846
0.347686
0.361063
0.382695
0.400702
0.414627
0.393633
0.382302
0.428918
0.402884
0.424113
0.400562
0.325304
0.309169
0.300286
0.336349
0.428918
0.400562
0.424113
0.393633
0.414627
0.366846
0.400702
0.347686
0.382302
0.361063
0.382695
-5.93591e-35
8.99984e-05
6.47087e-35
9.52754e-05
9.52754e-05
8.99984e-05
6.47087e-35
-5.93591e-35
0.00076324
0.00248099
0.00257783
0.000733639
0.00587293
0.0113948
0.0117337
0.00606799
0.0199606
0.0194727
0.0304352
0.0310839
0.00257783
0.00248099
0.00076324
0.000733639
0.0452766
0.0445156
0.0618236
0.0626489
0.0117337
0.0113948
0.00587293
0.00606799
0.0823551
0.105975
0.106575
0.0831277
0.132432
0.161357
0.161056
0.132675
0.0194727
0.0310839
0.0199606
0.0304352
0.0445156
0.0618236
0.0452766
0.0626489
0.191196
0.19228
0.224637
0.222534
0.254408
0.257798
0.28614
0.291073
0.105975
0.0823551
0.0831277
0.106575
0.132432
0.132675
0.161056
0.161357
0.317008
0.323744
0.35508
0.346299
0.373324
0.410916
0.384366
0.397422
0.191196
0.222534
0.19228
0.224637
0.254408
0.291073
0.257798
0.28614
0.317008
0.35508
0.346299
0.323744
0.453364
0.434587
0.418018
0.434101
0.478362
0.468238
0.446737
0.454141
0.454141
0.456638
0.483487
0.483487
0.373324
0.397422
0.410916
0.384366
0.478362
0.434587
0.446737
0.468238
0.434101
0.453364
0.418018
-5.40475e-35
8.03588e-05
5.77377e-35
8.59315e-05
0.000698663
0.000664379
0.00226893
0.00237927
8.59315e-05
8.03588e-05
5.77377e-35
-5.40475e-35
0.00237927
0.00226893
0.000698663
0.000664379
0.00542105
0.0106122
0.0110222
0.00565179
0.018908
0.0182922
0.0288297
0.0296844
0.0435832
0.0425115
0.0595113
0.0607778
0.00565179
0.00542105
0.0110222
0.0106122
0.0798954
0.103602
0.104984
0.0812665
0.0296844
0.0288297
0.018908
0.0182922
0.130454
0.16015
0.161056
0.131682
0.192636
0.226331
0.225908
0.19228
0.0435832
0.0595113
0.0425115
0.0607778
0.103602
0.104984
0.0798954
0.0812665
0.261706
0.297738
0.260234
0.294949
0.329325
0.333711
0.368877
0.362625
0.16015
0.131682
0.161056
0.130454
0.19228
0.225908
0.192636
0.226331
0.394114
0.402486
0.4338
0.423072
0.47081
0.486795
0.448842
0.462117
0.294949
0.260234
0.261706
0.297738
0.333711
0.329325
0.368877
0.362625
0.394114
0.4338
0.423072
0.402486
0.523053
0.507266
0.488473
0.50139
0.511919
0.509277
0.533789
0.539221
0.509277
0.539221
0.50139
0.533789
0.448842
0.488473
0.486795
0.462117
0.507266
0.523053
0.47081
-4.83093e-35
7.58682e-05
7.01595e-05
5.0451e-35
0.000627109
0.000589273
0.00203434
0.00215482
0.00491015
0.00970548
0.010174
0.00516945
7.58682e-05
7.01595e-05
5.0451e-35
-4.83093e-35
0.000589273
0.00215482
0.00203434
0.000627109
0.010174
0.00970548
0.00491015
0.00516945
0.0176098
0.0168848
0.0268498
0.0278847
0.0412842
0.0399341
0.056372
0.0580415
0.0782268
0.0762985
0.0997272
0.101848
0.0168848
0.0278847
0.0176098
0.0268498
0.126558
0.156564
0.158651
0.128734
0.0412842
0.056372
0.0580415
0.0399341
0.225908
0.191195
0.189408
0.224637
0.299982
0.262194
0.261706
0.299421
0.0762985
0.0782268
0.101848
0.0997272
0.128734
0.158651
0.156564
0.126558
0.336866
0.377324
0.37379
0.33877
0.409426
0.450655
0.414878
0.443017
0.225908
0.191195
0.189408
0.224637
0.299982
0.261706
0.299421
0.262194
0.513905
0.501196
0.483903
0.473838
0.540005
0.524493
0.543181
0.561624
0.336866
0.377324
0.37379
0.33877
0.409426
0.450655
0.414878
0.443017
0.501196
0.473838
0.513905
0.483903
0.556856
0.589599
0.56518
0.578281
0.595323
0.595323
0.567984
0.56518
0.556856
0.561624
0.578281
0.589599
0.540005
0.543181
0.524493
-4.23131e-35
4.30652e-35
6.53969e-05
5.97171e-05
0.000550783
0.000510642
0.00178444
0.00191137
0.00435592
0.0087023
0.0092151
0.00463575
6.53969e-05
5.97171e-05
4.30652e-35
-4.23131e-35
0.0161056
0.0152936
0.0245557
0.0257393
0.000510642
0.00191137
0.00178444
0.000550783
0.00463575
0.00435592
0.0092151
0.0087023
0.0152936
0.0257393
0.0245557
0.0161056
0.0384491
0.0368618
0.0525005
0.0545226
0.0716727
0.0944663
0.0972628
0.0741001
0.12086
0.150708
0.153912
0.123919
0.0384491
0.0545226
0.0525005
0.0368618
0.186914
0.219608
0.222534
0.183751
0.0944663
0.0972628
0.0716727
0.0741001
0.257798
0.297738
0.260232
0.299421
0.380168
0.339404
0.33877
0.379457
0.150708
0.12086
0.123919
0.153912
0.222534
0.186914
0.219608
0.183751
0.456656
0.418801
0.421167
0.460975
0.498801
0.524824
0.492248
0.533873
0.257798
0.297738
0.260232
0.299421
0.380168
0.33877
0.339404
0.379457
0.592901
0.578238
0.565462
0.553701
0.615603
0.597919
0.612287
0.633076
0.418801
0.460975
0.456656
0.421167
0.533873
0.524824
0.492248
0.498801
0.553701
0.578238
0.565462
0.592901
0.623982
0.621049
0.644942
0.650941
0.650941
0.621049
0.612287
0.633076
0.644942
0.615603
0.597919
-3.62351e-35
4.93567e-05
3.5799e-35
5.48437e-05
5.48437e-05
4.93567e-05
3.5799e-35
-3.62351e-35
0.000472052
0.000430932
0.001527
0.00165645
0.00377552
0.00763362
0.00817487
0.00406714
0.0144414
0.0135675
0.0220176
0.0233136
0.00165645
0.001527
0.000472052
0.000430932
0.0351642
0.033388
0.0480147
0.0503278
0.00817487
0.00377552
0.00763362
0.00406714
0.0220176
0.0135675
0.0233136
0.0144414
0.0351642
0.0503278
0.0480147
0.033388
0.0690112
0.0661585
0.0879787
0.091366
0.113533
0.142758
0.146983
0.117382
0.179922
0.215888
0.175478
0.211394
0.0879787
0.091366
0.0661585
0.0690112
0.250098
0.29495
0.254406
0.291073
0.113533
0.117382
0.146983
0.142758
0.377324
0.379457
0.336864
0.333711
0.46358
0.421957
0.46445
0.421167
0.215888
0.179922
0.175478
0.211394
0.29495
0.254406
0.250098
0.291073
0.506363
0.546098
0.540982
0.50352
0.582871
0.605498
0.615938
0.575214
0.333711
0.336864
0.379457
0.377324
0.46445
0.421167
0.421957
0.46358
0.668332
0.644624
0.651804
0.631217
0.666845
0.67599
0.698942
0.686567
0.50352
0.506363
0.540982
0.546098
0.575214
0.582871
0.615938
0.605498
0.644624
0.668332
0.631217
0.651804
0.67907
0.705197
0.705197
0.67599
0.686567
0.698942
0.666845
-3.02527e-35
3.94004e-05
2.8865e-35
4.45372e-05
-3.02527e-35
4.45372e-05
3.94004e-05
2.8865e-35
0.000393365
0.000352625
0.00127001
0.00139799
0.00139799
0.00127001
0.000393365
0.000352625
0.00348125
0.00318698
0.00653258
0.0070855
0.0126685
0.0117599
0.0193138
0.0206822
0.0315299
0.0296197
0.0430519
0.045585
0.0070855
0.00653258
0.00318698
0.00348125
0.0631147
0.059924
0.0804615
0.0843366
0.0117599
0.0206822
0.0193138
0.0126685
0.0315299
0.045585
0.0430519
0.0296197
0.059924
0.0631147
0.0843366
0.0804615
0.104798
0.132954
0.138072
0.10932
0.170431
0.200243
0.16484
0.206168
0.28614
0.24489
0.238839
0.280186
0.104798
0.132954
0.138072
0.10932
0.37379
0.323744
0.329322
0.368877
0.16484
0.206168
0.200243
0.170431
0.460975
0.46358
0.414878
0.4188
0.506363
0.549183
0.550215
0.507314
0.28614
0.280186
0.238839
0.24489
0.329322
0.37379
0.323744
0.368877
0.630043
0.588386
0.591708
0.62414
0.66447
0.694301
0.682532
0.655742
0.460975
0.4188
0.414878
0.46358
0.507314
0.549183
0.506363
0.550215
0.703981
0.719618
0.737867
0.718934
0.729146
0.732334
0.75071
0.757199
0.591708
0.588386
0.62414
0.630043
0.694301
0.655742
0.682532
0.66447
0.757199
0.703981
0.75071
0.729146
0.719618
0.737867
0.718934
3.47967e-05
3.01534e-05
2.24598e-35
-2.45376e-35
-2.45376e-35
3.01534e-05
2.24598e-35
3.47967e-05
0.000317169
0.000278147
0.00102149
0.00114403
0.000317169
0.000278147
0.00114403
0.00102149
0.00260864
0.00543347
0.00598084
0.00289632
0.00598084
0.00543347
0.00260864
0.00289632
0.010842
0.0099268
0.0165281
0.0179264
0.0276584
0.0256733
0.037765
0.04044
0.0565913
0.0531607
0.072145
0.076389
0.0165281
0.0099268
0.0179264
0.010842
0.0999792
0.0949222
0.121594
0.127449
0.0256733
0.0276584
0.04044
0.037765
0.072145
0.0565913
0.076389
0.0531607
0.0999792
0.127449
0.121594
0.0949222
0.193669
0.158726
0.152157
0.186491
0.273258
0.231971
0.265405
0.224359
0.362626
0.309168
0.35508
0.317004
0.193669
0.186491
0.158726
0.152157
0.456657
0.402486
0.450655
0.409423
0.273258
0.224359
0.231971
0.265405
0.498801
0.546098
0.503518
0.549184
0.633602
0.634792
0.59282
0.591708
0.362626
0.35508
0.309168
0.317004
0.402486
0.409423
0.456657
0.450655
0.674544
0.7102
0.703545
0.670758
0.741068
0.753544
0.766537
0.731334
0.503518
0.546098
0.549184
0.498801
0.591708
0.59282
0.633602
0.634792
0.769751
0.786101
0.799367
0.779598
0.779598
0.782913
0.806068
0.806068
0.703545
0.670758
0.7102
0.674544
0.741068
0.766537
0.753544
0.799367
0.786101
0.731334
0.769751
2.59176e-05
2.18899e-05
1.67543e-35
-1.9248e-35
0.000902446
0.000789061
0.000245805
0.000209762
-1.9248e-35
2.18899e-05
1.67543e-35
2.59176e-05
0.000245805
0.000209762
0.000789061
0.000902446
0.0020584
0.00437047
0.00489532
0.00233054
0.00437047
0.0020584
0.00233054
0.00489532
0.00901854
0.00812546
0.0137473
0.015132
0.00812546
0.015132
0.0137473
0.00901854
0.0236696
0.0216715
0.0323181
0.0350518
0.0496419
0.0460778
0.0632854
0.0677674
0.0842088
0.109026
0.115439
0.0896452
0.0216715
0.0236696
0.0350518
0.0323181
0.145163
0.137819
0.170556
0.178769
0.0460778
0.0632854
0.0496419
0.0677674
0.109026
0.0896452
0.115439
0.0842088
0.137819
0.178769
0.145163
0.170556
0.207097
0.216039
0.247178
0.256692
0.3463
0.290425
0.336349
0.30028
0.4338
0.384366
0.443018
0.394109
0.256692
0.247178
0.207097
0.216039
0.483903
0.540982
0.533873
0.492245
0.290425
0.30028
0.3463
0.336349
0.630043
0.582871
0.633602
0.588384
0.675813
0.715553
0.714212
0.674544
0.443018
0.4338
0.394109
0.384366
0.540982
0.492245
0.483903
0.533873
0.776743
0.748081
0.752303
0.78409
0.810303
0.79966
0.830427
0.816351
0.630043
0.588384
0.582871
0.633602
0.675813
0.715553
0.714212
0.674544
0.829913
0.844069
0.826514
0.850959
0.826514
0.844069
0.816351
0.850959
0.776743
0.752303
0.78409
0.748081
0.830427
0.810303
0.79966
1.8156e-05
1.48365e-05
1.18822e-35
-1.45203e-35
0.000680586
0.000579685
0.000181404
0.000149459
-1.45203e-35
1.48365e-05
1.18822e-35
1.8156e-05
0.00386255
0.00337628
0.001553
0.00180131
0.000181404
0.000149459
0.000579685
0.000680586
0.001553
0.00337628
0.00386255
0.00180131
0.00725499
0.00641164
0.0110578
0.0123859
0.0123859
0.0110578
0.00725499
0.00641164
0.0196878
0.017739
0.0268806
0.029588
0.0196878
0.029588
0.0268806
0.017739
0.0424822
0.0388954
0.0541575
0.0587382
0.0786365
0.0729892
0.0956372
0.10241
0.130159
0.122264
0.152928
0.161922
0.0541575
0.0424822
0.0587382
0.0388954
0.236943
0.19758
0.226058
0.187581
0.0729892
0.0956372
0.10241
0.0786365
0.122264
0.161922
0.152928
0.130159
0.236943
0.187581
0.19758
0.226058
0.31325
0.26808
0.325305
0.279657
0.410916
0.423073
0.361063
0.373318
0.524825
0.462117
0.513905
0.473833
0.26808
0.325305
0.31325
0.279657
0.565462
0.615938
0.62414
0.575211
0.361063
0.410916
0.423073
0.373318
0.66447
0.7102
0.670756
0.714212
0.753719
0.752303
0.788519
0.790001
0.473833
0.462117
0.524825
0.513905
0.62414
0.575211
0.615938
0.565462
0.841484
0.849444
0.822587
0.817971
0.869038
0.858628
0.870055
0.884023
0.670756
0.7102
0.66447
0.714212
0.790001
0.753719
0.752303
0.788519
0.872542
0.869038
0.891076
0.891076
0.841484
0.822587
0.858628
0.884023
0.817971
0.849444
0.870055
1.17121e-05
9.15529e-06
7.92769e-36
-1.04599e-35
0.000484906
0.000399212
0.000125766
9.88264e-05
-1.04599e-35
9.15529e-06
7.92769e-36
1.17121e-05
0.00291395
0.00248062
0.00110717
0.00132445
0.000125766
9.88264e-05
0.000399212
0.000484906
0.00977324
0.0085424
0.00560557
0.00483749
0.00110717
0.00248062
0.00291395
0.00132445
0.00560557
0.00483749
0.0085424
0.00977324
0.0158368
0.0139975
0.0216217
0.0242187
0.0158368
0.0242187
0.0216217
0.0139975
0.035335
0.0318373
0.0450456
0.0495823
0.0318373
0.035335
0.0495823
0.0450456
0.061612
0.0818431
0.0887652
0.0672946
0.114175
0.105974
0.134148
0.143647
0.177157
0.214614
0.16641
0.202693
0.061612
0.0887652
0.0818431
0.0672946
0.242817
0.300278
0.286484
0.255762
0.105974
0.134148
0.143647
0.114175
0.202693
0.16641
0.214614
0.177157
0.286484
0.242817
0.255762
0.300278
0.397423
0.333284
0.382695
0.347679
0.434101
0.501197
0.486795
0.448836
0.540004
0.592901
0.605499
0.553696
0.382695
0.397423
0.333284
0.347679
0.694301
0.644624
0.655739
0.703546
0.501197
0.448836
0.434101
0.486795
0.741068
0.78409
0.748079
0.788519
0.855847
0.824136
0.822587
0.854242
0.605499
0.540004
0.553696
0.592901
0.694301
0.655739
0.703546
0.644624
0.87829
0.895793
0.904267
0.883246
0.918509
0.906445
0.910008
0.925699
0.788519
0.741068
0.78409
0.748079
0.824136
0.854242
0.822587
0.855847
0.883246
0.895793
0.904267
0.906445
0.925699
0.918509
0.87829
6.71148e-06
4.92468e-06
4.91285e-36
-7.13102e-36
0.000320567
0.000251983
8.02291e-05
5.89113e-05
-7.13102e-36
4.92468e-06
4.91285e-36
6.71148e-06
0.00207715
0.00170853
0.000732631
0.000913285
8.02291e-05
5.89113e-05
0.000251983
0.000320567
0.00737349
0.00627628
0.00411956
0.0034488
0.000732631
0.00170853
0.00207715
0.000913285
0.0122351
0.0191103
0.0167033
0.0105609
0.00411956
0.0034488
0.00627628
0.00737349
0.0122351
0.0105609
0.0167033
0.0191103
0.0284227
0.0251222
0.0362329
0.0405848
0.0284227
0.0405848
0.0251222
0.0362329
0.0559725
0.0504317
0.0680731
0.0749289
0.0680731
0.0504317
0.0559725
0.0749289
0.0977068
0.0894552
0.114799
0.124508
0.190392
0.155401
0.144238
0.177801
0.256873
0.271981
0.215412
0.229326
0.0894552
0.124508
0.114799
0.0977068
0.301876
0.349996
0.366847
0.317971
0.177801
0.144238
0.190392
0.155401
0.256873
0.215412
0.271981
0.229326
0.301876
0.349996
0.317971
0.366847
0.470811
0.453363
0.400702
0.418011
0.507266
0.561624
0.578239
0.524486
0.668332
0.631212
0.682533
0.615603
0.470811
0.453363
0.400702
0.418011
0.731331
0.718934
0.776743
0.766537
0.561624
0.524486
0.507266
0.578239
0.849444
0.810303
0.81797
0.854242
0.911083
0.909374
0.88491
0.883246
0.615603
0.668332
0.631212
0.682533
0.766537
0.776743
0.731331
0.718934
0.938024
0.946897
0.927202
0.932434
0.941666
0.954198
0.954198
0.938024
0.81797
0.849444
0.854242
0.810303
0.909374
0.946897
0.88491
0.911083
0.932434
0.927202
0.883246
3.18595e-06
2.11918e-06
2.78317e-36
-4.5464e-36
-4.5464e-36
2.11918e-06
2.78317e-36
3.18595e-06
0.000190984
0.000140367
4.55317e-05
3.00782e-05
0.00137419
0.0010786
0.000437189
0.000577696
4.55317e-05
3.00782e-05
0.000140367
0.000190984
0.00228219
0.00525649
0.00432282
0.00283851
0.000437189
0.0010786
0.00137419
0.000577696
0.00899035
0.0144181
0.0122722
0.00752917
0.00283851
0.00228219
0.00432282
0.00525649
0.0219578
0.0320245
0.0279907
0.0189543
0.00899035
0.00752917
0.0122722
0.0144181
0.0219578
0.0189543
0.0279907
0.0320245
0.0450224
0.0397946
0.0547553
0.0613319
0.0450224
0.0613319
0.0547553
0.0397946
0.0812676
0.0732223
0.0954841
0.1051
0.1051
0.0732223
0.0954841
0.0812676
0.165025
0.132987
0.152156
0.121755
0.186711
0.201163
0.241284
0.225328
0.267805
0.332277
0.31382
0.285105
0.152156
0.121755
0.165025
0.132987
0.362941
0.434588
0.414627
0.382294
0.186711
0.225328
0.201163
0.241284
0.31382
0.267805
0.332277
0.285105
0.434588
0.362941
0.414627
0.382294
0.543182
0.468238
0.523053
0.488465
0.633076
0.57828
0.651805
0.597913
0.703977
0.686567
0.737867
0.753544
0.468238
0.523053
0.543182
0.488465
0.786101
0.841484
0.799657
0.830427
0.57828
0.651805
0.597913
0.633076
0.870055
0.904267
0.878289
0.909374
0.954035
0.932434
0.934191
0.952245
0.703977
0.753544
0.737867
0.686567
0.799657
0.830427
0.786101
0.841484
0.976049
0.966903
0.963229
0.968664
0.968664
0.952245
0.963229
0.976049
0.904267
0.878289
0.870055
0.909374
0.934191
0.954035
0.932434
-2.65557e-36
5.87646e-07
1.39264e-36
1.052e-06
1.052e-06
5.87646e-07
1.39264e-36
-2.65557e-36
9.73594e-05
6.42689e-05
2.16595e-05
1.18489e-05
2.16595e-05
1.18489e-05
6.42689e-05
9.73594e-05
0.000819702
0.000600983
0.000223582
0.000323082
0.00347805
0.00272903
0.00179325
0.00136191
0.000223582
0.000600983
0.000323082
0.000819702
0.00619325
0.0102788
0.00845253
0.00498229
0.00179325
0.00136191
0.00272903
0.00347805
0.0161336
0.0241617
0.013513
0.0205653
0.00619325
0.00498229
0.00845253
0.0102788
0.0347812
0.0483956
0.0422996
0.0300243
0.0161336
0.013513
0.0205653
0.0241617
0.0347812
0.0300243
0.0422996
0.0483956
0.0653686
0.0577781
0.0768036
0.0860284
0.0653686
0.0860284
0.0577781
0.0768036
0.0996606
0.126556
0.110612
0.139301
0.0996606
0.139301
0.126556
0.110612
0.192828
0.209136
0.157607
0.172148
0.232124
0.294774
0.250092
0.275282
0.321978
0.37177
0.393634
0.342779
0.192828
0.157607
0.209136
0.172148
0.424113
0.501392
0.478362
0.446728
0.275282
0.232124
0.250092
0.294774
0.393634
0.321978
0.37177
0.342779
0.478362
0.424113
0.501392
0.446728
0.589598
0.612288
0.533789
0.55685
0.698942
0.644942
0.719619
0.66684
0.769748
0.799367
0.816352
0.75071
0.533789
0.612288
0.55685
0.589598
0.858626
0.884023
0.844069
0.895793
0.66684
0.698942
0.719619
0.644942
0.927201
0.952245
0.918509
0.946897
0.983406
0.968664
0.981562
0.97049
0.75071
0.769748
0.816352
0.799367
0.858626
0.895793
0.884023
0.844069
0.981562
0.985287
0.990847
0.990847
0.946897
0.983406
0.97049
0.952245
0.927201
0.918509
0.968664
8.82372e-08
2.99037e-08
4.87508e-37
-1.33293e-36
-1.33293e-36
2.99037e-08
4.87508e-37
8.82372e-08
7.68539e-06
2.73483e-06
2.06034e-05
3.81709e-05
3.81709e-05
2.06034e-05
7.68539e-06
2.73483e-06
0.000418847
0.000275287
8.83531e-05
0.000149231
8.83531e-05
0.000149231
0.000275287
0.000418847
0.00207516
0.00152058
0.00100058
0.000696528
0.00391111
0.00680148
0.00533611
0.00297319
0.00100058
0.000696528
0.00152058
0.00207516
0.011113
0.0172253
0.0141644
0.00894197
0.00391111
0.00297319
0.00533611
0.00680148
0.025555
0.0365134
0.0310783
0.0214051
0.011113
0.00894197
0.0141644
0.0172253
0.0504988
0.0678831
0.0593324
0.0435925
0.025555
0.0214051
0.0310783
0.0365134
0.0678831
0.0504988
0.0435925
0.0593324
0.07864
0.101797
0.114023
0.0889714
0.0889714
0.114023
0.07864
0.101797
0.176537
0.129007
0.143184
0.160385
0.176537
0.129007
0.160385
0.143184
0.195941
0.235577
0.2555
0.21402
0.279079
0.326116
0.349207
0.300683
0.428918
0.454142
0.376245
0.400553
0.235577
0.195941
0.2555
0.21402
0.483487
0.565181
0.539221
0.509269
0.349207
0.326116
0.279079
0.300683
0.376245
0.454142
0.400553
0.428918
0.483487
0.565181
0.539221
0.509269
0.621042
0.595323
0.650941
0.675991
0.729141
0.705197
0.779599
0.757199
0.869039
0.806068
0.826511
0.850958
0.650941
0.675991
0.595323
0.621042
0.938024
0.925699
0.906444
0.891076
0.705197
0.757199
0.729141
0.779599
0.954198
0.963229
0.981562
0.976049
0.996443
0.992714
0.990847
0.998315
0.850958
0.806068
0.826511
0.869039
0.891076
0.906444
0.938024
0.925699
0.990847
0.981562
0.992714
0.998315
0.954198
0.976049
0.963229
-3.97119e-37
-8.89663e-08
-8.89663e-08
-3.97119e-37
8.6268e-06
1.59656e-06
1.59656e-06
8.6268e-06
0.000165148
4.91301e-05
4.91301e-05
0.000165148
0.00045986
0.00106088
0.00045986
0.00106088
0.00218069
0.00405841
0.00701688
0.0113982
0.00218069
0.00405841
0.0176018
0.0260312
0.0113982
0.00701688
0.0371027
0.0512164
0.0260312
0.0176018
0.0687322
0.0899732
0.0371027
0.0512164
0.0687322
0.0899732
0.115171
0.144502
0.115171
0.144502
0.17801
0.215674
0.215674
0.17801
0.257314
0.30268
0.351363
0.402886
0.51192
0.45663
0.30268
0.257314
0.623983
0.567977
0.402886
0.351363
0.45663
0.51192
0.623983
0.567977
0.679065
0.732334
0.829914
0.78291
0.910008
0.87254
0.679065
0.732334
0.966903
0.941664
0.829914
0.78291
0.996443
0.985287
1.0002
0.996443
0.87254
0.910008
0.941664
0.985287
0.966903
0.07864
0.195941
0.160385
2.99037e-08
0.101797
0.129007
0.101797
0.129007
0.07864
0.000275287
0.000696528
0.0593324
0.160385
0.00297319
0.0435925
0.0310783
0.195941
0.0214051
0.0141644
0.235577
0.00894197
0.00533611
0.279079
0.00152058
0.326116
0.376245
8.83531e-05
2.06034e-05
0.428918
2.73483e-06
0.483487
0.539221
2.99037e-08
0.235577
0.279079
0.595323
0.650941
0.376245
0.705197
2.73483e-06
0.757199
0.806068
2.06034e-05
0.850958
0.891076
8.83531e-05
0.925699
0.954198
0.000275287
0.806068
0.976049
0.850958
0.990847
0.000696528
0.998315
0.998315
0.00152058
0.990847
0.976049
0.00297319
0.954198
0.925699
0.00533611
0.891076
0.00894197
0.757199
0.0141644
0.705197
0.650941
0.0214051
0.595323
0.539221
0.0310783
0.483487
0.428918
0.0435925
0.326116
0.0593324
4.87508e-37
4.87508e-37
-1.33293e-36
8.82372e-08
8.82372e-08
-1.33293e-36
3.81709e-05
7.68539e-06
7.68539e-06
3.81709e-05
0.000149231
0.000418847
0.000149231
0.000418847
0.00207516
0.00100058
0.00100058
0.00207516
0.00680148
0.00391111
0.0172253
0.011113
0.00391111
0.00680148
0.025555
0.0365134
0.0172253
0.011113
0.0678831
0.0504988
0.025555
0.0365134
0.0889714
0.114023
0.0504988
0.0678831
0.0889714
0.114023
0.176537
0.143184
0.176537
0.143184
0.21402
0.2555
0.2555
0.21402
0.349207
0.300683
0.454142
0.400553
0.509269
0.565181
0.300683
0.349207
0.675991
0.621042
0.454142
0.400553
0.565181
0.509269
0.621042
0.675991
0.729141
0.779599
0.869039
0.826511
0.906444
0.938024
0.779599
0.729141
0.981562
0.963229
0.869039
0.826511
0.996443
0.992714
0.992714
0.981562
0.938024
0.906444
0.963229
0.157607
0.126556
0.126556
0.0996606
0.157607
0.0768036
6.42689e-05
0.0577781
0.0422996
0.192828
0.0300243
0.232124
0.0205653
0.013513
0.00845253
0.275282
0.00498229
0.321978
0.00272903
0.00136191
0.000600983
0.37177
0.000223582
0.424113
1.18489e-05
5.87646e-07
0.478362
0.533789
5.87646e-07
0.589598
0.192828
0.644942
0.698942
0.275282
1.18489e-05
0.75071
0.799367
0.424113
0.844069
6.42689e-05
0.884023
0.000223582
0.918509
0.946897
0.968664
0.698942
0.000600983
0.983406
0.00136191
0.844069
0.990847
0.990847
0.983406
0.00272903
0.968664
0.00498229
0.946897
0.918509
0.884023
0.00845253
0.013513
0.799367
0.75071
0.0205653
0.644942
0.0300243
0.589598
0.533789
0.478362
0.0422996
0.0577781
0.37177
0.321978
0.0768036
0.232124
0.0996606
1.39264e-36
1.39264e-36
-2.65557e-36
1.052e-06
1.052e-06
-2.65557e-36
9.73594e-05
2.16595e-05
2.16595e-05
9.73594e-05
0.000323082
0.000819702
0.000819702
0.000323082
0.00347805
0.00179325
0.00179325
0.00347805
0.0102788
0.00619325
0.0161336
0.0241617
0.00619325
0.0102788
0.0347812
0.0483956
0.0241617
0.0161336
0.0653686
0.0860284
0.0483956
0.0347812
0.139301
0.110612
0.0653686
0.0860284
0.139301
0.110612
0.172148
0.209136
0.209136
0.172148
0.294774
0.250092
0.250092
0.294774
0.393634
0.342779
0.501392
0.446728
0.55685
0.612288
0.393634
0.342779
0.66684
0.719619
0.446728
0.501392
0.612288
0.55685
0.66684
0.719619
0.769748
0.816352
0.858626
0.895793
0.927201
0.952245
0.816352
0.769748
0.981562
0.97049
0.858626
0.895793
0.985287
0.981562
0.97049
0.927201
0.952245
0.152156
0.0954841
0.186711
2.11918e-06
0.0732223
0.0547553
0.0397946
0.225328
0.0279907
0.0010786
0.00228219
0.267805
0.0189543
0.0122722
0.00752917
0.31382
0.00432282
0.362941
0.000437189
0.414627
0.000140367
0.468238
3.00782e-05
0.523053
0.57828
2.11918e-06
0.633076
0.152156
0.686567
3.00782e-05
0.737867
0.786101
0.830427
0.31382
0.362941
0.000140367
0.870055
0.000437189
0.904267
0.932434
0.954035
0.0010786
0.633076
0.968664
0.00228219
0.737867
0.786101
0.976049
0.976049
0.968664
0.00432282
0.954035
0.00752917
0.932434
0.904267
0.870055
0.0122722
0.830427
0.0189543
0.686567
0.0279907
0.0397946
0.57828
0.523053
0.468238
0.0547553
0.414627
0.0732223
0.267805
0.0954841
0.225328
0.121755
0.186711
0.121755
2.78317e-36
2.78317e-36
-4.5464e-36
3.18595e-06
3.18595e-06
-4.5464e-36
4.55317e-05
0.000190984
4.55317e-05
0.000190984
0.000577696
0.00137419
0.00137419
0.000577696
0.00525649
0.00283851
0.00283851
0.00525649
0.00899035
0.0144181
0.0219578
0.0320245
0.00899035
0.0144181
0.0450224
0.0613319
0.0320245
0.0219578
0.1051
0.0812676
0.0450224
0.0613319
0.165025
0.132987
0.0812676
0.1051
0.165025
0.132987
0.241284
0.201163
0.241284
0.201163
0.285105
0.332277
0.332277
0.285105
0.434588
0.382294
0.543182
0.488465
0.597913
0.651805
0.382294
0.434588
0.703977
0.753544
0.488465
0.543182
0.651805
0.597913
0.703977
0.753544
0.841484
0.799657
0.878289
0.909374
0.934191
0.952245
0.799657
0.841484
0.966903
0.963229
0.909374
0.878289
0.963229
0.952245
0.934191
0.215412
0.0504317
0.0362329
0.256873
0.0251222
0.0167033
0.301876
0.0105609
0.00627628
0.349996
0.0034488
0.00170853
0.400702
0.000732631
0.000251983
0.453363
5.89113e-05
4.92468e-06
0.507266
0.561624
4.92468e-06
0.0680731
0.0894552
0.615603
0.668332
0.144238
0.718934
5.89113e-05
0.766537
0.810303
0.000251983
0.849444
0.883246
0.000732631
0.911083
0.932434
0.00170853
0.507266
0.946897
0.561624
0.954198
0.0034488
0.954198
0.946897
0.00627628
0.766537
0.810303
0.932434
0.911083
0.0105609
0.883246
0.849444
0.0167033
0.0251222
0.718934
0.668332
0.0362329
0.615603
0.0504317
0.453363
0.0680731
0.400702
0.349996
0.0894552
0.301876
0.256873
0.114799
0.215412
0.177801
0.144238
0.114799
0.177801
4.91285e-36
4.91285e-36
-7.13102e-36
6.71148e-06
6.71148e-06
-7.13102e-36
0.000320567
8.02291e-05
8.02291e-05
0.000320567
0.00207715
0.000913285
0.000913285
0.00207715
0.00737349
0.00411956
0.00411956
0.00737349
0.0191103
0.0122351
0.0284227
0.0405848
0.0191103
0.0122351
0.0749289
0.0559725
0.0284227
0.0405848
0.124508
0.0977068
0.0749289
0.0559725
0.190392
0.155401
0.124508
0.0977068
0.155401
0.190392
0.271981
0.229326
0.229326
0.271981
0.366847
0.317971
0.317971
0.366847
0.470811
0.418011
0.578239
0.524486
0.631212
0.682533
0.418011
0.470811
0.776743
0.731331
0.524486
0.578239
0.682533
0.631212
0.776743
0.731331
0.81797
0.854242
0.88491
0.909374
0.927202
0.938024
0.854242
0.81797
0.938024
0.941666
0.88491
0.927202
0.909374
0.0318373
0.0216217
0.286484
0.0139975
0.333284
0.0085424
0.00483749
0.00248062
0.382695
0.00110717
0.434101
0.000399212
9.88264e-05
9.15529e-06
0.486795
0.540004
9.15529e-06
0.592901
0.0450456
0.644624
0.694301
0.0818431
9.88264e-05
0.741068
0.78409
0.16641
0.822587
0.000399212
0.855847
0.00110717
0.883246
0.904267
0.918509
0.382695
0.00248062
0.925699
0.00483749
0.540004
0.925699
0.918509
0.904267
0.0085424
0.694301
0.883246
0.0139975
0.855847
0.822587
0.78409
0.0216217
0.741068
0.0318373
0.644624
0.592901
0.0450456
0.061612
0.486795
0.434101
0.0818431
0.333284
0.105974
0.286484
0.242817
0.202693
0.134148
0.16641
0.134148
0.105974
0.202693
0.061612
0.242817
7.92769e-36
7.92769e-36
-1.04599e-35
1.17121e-05
1.17121e-05
-1.04599e-35
0.000484906
0.000125766
0.000125766
0.000484906
0.00291395
0.00132445
0.00291395
0.00132445
0.00560557
0.00977324
0.00560557
0.00977324
0.0158368
0.0242187
0.035335
0.0495823
0.0158368
0.0242187
0.0887652
0.0672946
0.0495823
0.035335
0.143647
0.114175
0.0887652
0.0672946
0.214614
0.177157
0.143647
0.114175
0.177157
0.214614
0.300278
0.255762
0.300278
0.255762
0.397423
0.347679
0.397423
0.347679
0.501197
0.448836
0.553696
0.605499
0.703546
0.655739
0.448836
0.501197
0.748079
0.788519
0.605499
0.553696
0.655739
0.703546
0.788519
0.748079
0.854242
0.824136
0.895793
0.87829
0.906445
0.910008
0.824136
0.854242
0.895793
0.906445
0.87829
0.31325
0.0110578
0.361063
0.00641164
0.00337628
0.001553
0.410916
0.000579685
0.462117
0.000149459
1.48365e-05
0.513905
0.565462
1.48365e-05
0.615938
0.0268806
0.66447
0.000149459
0.7102
0.752303
0.790001
0.0956372
0.122264
0.000579685
0.822587
0.001553
0.849444
0.870055
0.884023
0.00337628
0.31325
0.891076
0.00641164
0.410916
0.462117
0.891076
0.884023
0.870055
0.0110578
0.615938
0.849444
0.017739
0.822587
0.790001
0.752303
0.0268806
0.7102
0.0388954
0.66447
0.565462
0.0541575
0.513905
0.0729892
0.361063
0.0956372
0.122264
0.26808
0.226058
0.187581
0.152928
0.152928
0.187581
0.0729892
0.226058
0.0541575
0.26808
0.0388954
0.017739
1.18822e-35
1.18822e-35
-1.45203e-35
1.8156e-05
1.8156e-05
-1.45203e-35
0.000181404
0.000680586
0.000181404
0.000680586
0.00386255
0.00180131
0.00180131
0.00386255
0.00725499
0.0123859
0.00725499
0.0123859
0.029588
0.0196878
0.0587382
0.0424822
0.0196878
0.029588
0.0786365
0.10241
0.0424822
0.0587382
0.130159
0.161922
0.0786365
0.10241
0.19758
0.236943
0.161922
0.130159
0.19758
0.236943
0.325305
0.279657
0.325305
0.279657
0.423073
0.373318
0.373318
0.423073
0.524825
0.473833
0.62414
0.575211
0.670756
0.714212
0.473833
0.524825
0.788519
0.753719
0.62414
0.575211
0.670756
0.714212
0.788519
0.753719
0.841484
0.817971
0.869038
0.858628
0.872542
0.869038
0.817971
0.858628
0.841484
0.384366
0.0020584
0.000789061
0.4338
0.000209762
2.18899e-05
0.483903
0.533873
2.18899e-05
0.00437047
0.00812546
0.582871
0.630043
0.0216715
0.674544
0.000209762
0.715553
0.752303
0.000789061
0.78409
0.810303
0.0020584
0.830427
0.844069
0.00437047
0.207097
0.850959
0.247178
0.850959
0.00812546
0.844069
0.830427
0.0137473
0.4338
0.483903
0.810303
0.78409
0.0216715
0.752303
0.715553
0.0323181
0.674544
0.630043
0.0460778
0.582871
0.533873
0.0632854
0.0842088
0.384366
0.336349
0.109026
0.290425
0.137819
0.170556
0.170556
0.137819
0.109026
0.207097
0.0842088
0.0632854
0.247178
0.0460778
0.0323181
0.290425
0.0137473
0.336349
1.67543e-35
1.67543e-35
-1.9248e-35
2.59176e-05
2.59176e-05
-1.9248e-35
0.000902446
0.000245805
0.000245805
0.000902446
0.00233054
0.00489532
0.00489532
0.00233054
0.015132
0.00901854
0.00901854
0.015132
0.0236696
0.0350518
0.0496419
0.0677674
0.0236696
0.0350518
0.115439
0.0896452
0.0677674
0.0496419
0.145163
0.178769
0.0896452
0.115439
0.216039
0.256692
0.145163
0.178769
0.256692
0.216039
0.3463
0.30028
0.30028
0.3463
0.394109
0.443018
0.443018
0.394109
0.540982
0.492245
0.633602
0.588384
0.714212
0.675813
0.540982
0.492245
0.748081
0.776743
0.633602
0.588384
0.675813
0.714212
0.776743
0.748081
0.79966
0.816351
0.829913
0.826514
0.826514
0.816351
0.79966
0.000278147
3.01534e-05
0.450655
0.498801
3.01534e-05
0.546098
0.00102149
0.591708
0.634792
0.00543347
0.000278147
0.674544
0.7102
0.0256733
0.741068
0.00102149
0.766537
0.00260864
0.786101
0.799367
0.806068
0.121594
0.00543347
0.806068
0.0099268
0.224359
0.799367
0.786101
0.766537
0.0165281
0.35508
0.741068
0.0256733
0.7102
0.674544
0.634792
0.037765
0.591708
0.0531607
0.546098
0.498801
0.450655
0.072145
0.402486
0.0949222
0.309168
0.265405
0.121594
0.152157
0.186491
0.152157
0.186491
0.0949222
0.224359
0.072145
0.0531607
0.037765
0.265405
0.309168
0.0165281
0.0099268
0.35508
0.00260864
0.402486
2.24598e-35
2.24598e-35
-2.45376e-35
3.47967e-05
3.47967e-05
-2.45376e-35
0.000317169
0.00114403
0.000317169
0.00114403
0.00598084
0.00289632
0.00598084
0.00289632
0.0179264
0.010842
0.010842
0.0179264
0.0276584
0.04044
0.076389
0.0565913
0.0276584
0.04044
0.127449
0.0999792
0.0565913
0.076389
0.158726
0.193669
0.0999792
0.127449
0.231971
0.273258
0.158726
0.193669
0.231971
0.273258
0.362626
0.317004
0.362626
0.317004
0.456657
0.409423
0.456657
0.409423
0.503518
0.549184
0.633602
0.59282
0.703545
0.670758
0.549184
0.503518
0.731334
0.753544
0.633602
0.59282
0.670758
0.703545
0.753544
0.731334
0.779598
0.769751
0.779598
0.782913
0.769751
0.460975
0.506363
3.94004e-05
3.94004e-05
0.550215
0.591708
0.000352625
0.630043
0.66447
0.00653258
0.0117599
0.694301
0.00127001
0.718934
0.00318698
0.737867
0.75071
0.757199
0.0804615
0.00653258
0.757199
0.132954
0.16484
0.0117599
0.75071
0.737867
0.718934
0.280186
0.0193138
0.694301
0.0296197
0.66447
0.630043
0.460975
0.591708
0.0430519
0.550215
0.059924
0.506363
0.414878
0.0804615
0.368877
0.104798
0.323744
0.238839
0.132954
0.200243
0.16484
0.104798
0.200243
0.238839
0.059924
0.0430519
0.0296197
0.280186
0.0193138
0.323744
0.00318698
0.368877
0.00127001
0.414878
0.000352625
2.8865e-35
2.8865e-35
-3.02527e-35
4.45372e-05
-3.02527e-35
4.45372e-05
0.00139799
0.000393365
0.000393365
0.00139799
0.0070855
0.00348125
0.0070855
0.00348125
0.0126685
0.0206822
0.0126685
0.0206822
0.045585
0.0315299
0.0843366
0.0631147
0.0315299
0.045585
0.138072
0.10932
0.0843366
0.0631147
0.206168
0.170431
0.10932
0.138072
0.28614
0.24489
0.170431
0.206168
0.28614
0.24489
0.329322
0.37379
0.329322
0.37379
0.46358
0.4188
0.46358
0.4188
0.507314
0.549183
0.62414
0.588386
0.655742
0.682532
0.507314
0.549183
0.719618
0.703981
0.588386
0.62414
0.655742
0.682532
0.719618
0.703981
0.732334
0.729146
0.729146
4.93567e-05
0.506363
0.546098
0.582871
0.000430932
0.615938
0.644624
0.001527
0.668332
0.686567
0.00377552
0.698942
0.705197
0.033388
0.00763362
0.0480147
0.705197
0.698942
0.0135675
0.686567
0.668332
0.142758
0.175478
0.0220176
0.644624
0.615938
0.033388
0.582871
0.546098
0.0480147
0.506363
0.46445
0.0661585
0.421167
0.377324
0.0879787
0.333711
0.291073
0.113533
0.250098
0.211394
0.142758
0.175478
0.113533
0.0879787
0.211394
0.0661585
0.250098
0.0220176
0.291073
0.0135675
0.00763362
0.333711
0.00377552
0.001527
0.377324
0.000430932
4.93567e-05
0.421167
0.46445
3.5799e-35
3.5799e-35
-3.62351e-35
5.48437e-05
5.48437e-05
-3.62351e-35
0.000472052
0.00165645
0.000472052
0.00165645
0.00406714
0.00817487
0.00817487
0.00406714
0.0233136
0.0144414
0.0233136
0.0144414
0.0503278
0.0351642
0.091366
0.0690112
0.0351642
0.0503278
0.146983
0.117382
0.091366
0.0690112
0.179922
0.215888
0.146983
0.117382
0.254406
0.29495
0.179922
0.215888
0.254406
0.29495
0.336864
0.379457
0.336864
0.379457
0.46358
0.421957
0.46358
0.421957
0.540982
0.50352
0.575214
0.605498
0.651804
0.631217
0.50352
0.540982
0.666845
0.67599
0.575214
0.605498
0.631217
0.651804
0.666845
0.67907
0.67599
0.533873
0.000510642
0.565462
0.592901
0.615603
0.00178444
0.633076
0.00435592
0.644942
0.0087023
0.650941
0.650941
0.0087023
0.0368618
0.644942
0.0152936
0.633076
0.615603
0.0944663
0.592901
0.0245557
0.565462
0.0368618
0.533873
0.498801
0.257798
0.460975
0.0525005
0.421167
0.0716727
0.380168
0.33877
0.297738
0.0944663
0.12086
0.219608
0.183751
0.150708
0.150708
0.12086
0.183751
0.0716727
0.0525005
0.219608
0.257798
0.0245557
0.0152936
0.297738
0.00435592
0.33877
0.00178444
0.000510642
5.97171e-05
0.380168
0.421167
5.97171e-05
0.460975
0.498801
4.30652e-35
4.30652e-35
-4.23131e-35
6.53969e-05
6.53969e-05
-4.23131e-35
0.00191137
0.000550783
0.000550783
0.00191137
0.0092151
0.00463575
0.00463575
0.0092151
0.0161056
0.0257393
0.0161056
0.0257393
0.0384491
0.0545226
0.0972628
0.0741001
0.0384491
0.0545226
0.153912
0.123919
0.0972628
0.0741001
0.222534
0.186914
0.123919
0.153912
0.299421
0.260232
0.222534
0.186914
0.299421
0.260232
0.339404
0.379457
0.339404
0.379457
0.418801
0.456656
0.418801
0.456656
0.492248
0.524824
0.553701
0.578238
0.612287
0.597919
0.492248
0.524824
0.623982
0.621049
0.578238
0.553701
0.612287
0.597919
0.621049
0.000589273
0.513905
0.540005
0.561624
0.00203434
0.578281
0.00203434
0.00491015
0.589599
0.00970548
0.0168848
0.595323
0.595323
0.00970548
0.589599
0.056372
0.0168848
0.578281
0.561624
0.540005
0.0268498
0.156564
0.189408
0.513905
0.0399341
0.483903
0.450655
0.414878
0.056372
0.377324
0.0762985
0.33877
0.299982
0.261706
0.0997272
0.224637
0.126558
0.126558
0.156564
0.0997272
0.189408
0.0762985
0.0399341
0.224637
0.0268498
0.261706
0.00491015
0.299982
0.33877
0.000589273
7.01595e-05
0.377324
0.414878
7.01595e-05
0.450655
0.483903
5.0451e-35
5.0451e-35
-4.83093e-35
7.58682e-05
7.58682e-05
-4.83093e-35
0.00215482
0.000627109
0.000627109
0.00215482
0.010174
0.00516945
0.010174
0.00516945
0.0278847
0.0176098
0.0176098
0.0278847
0.0412842
0.0580415
0.0782268
0.101848
0.0412842
0.0580415
0.158651
0.128734
0.0782268
0.101848
0.191195
0.225908
0.128734
0.158651
0.262194
0.299421
0.225908
0.191195
0.299421
0.262194
0.336866
0.37379
0.37379
0.336866
0.409426
0.443017
0.443017
0.409426
0.473838
0.501196
0.524493
0.543181
0.556856
0.56518
0.473838
0.501196
0.56518
0.567984
0.543181
0.524493
0.556856
0.507266
0.00226893
0.523053
8.03588e-05
0.533789
0.00542105
0.539221
0.539221
0.0106122
0.0106122
0.0182922
0.533789
0.523053
0.0182922
0.507266
0.486795
0.0288297
0.462117
0.4338
0.0425115
0.402486
0.16015
0.368877
0.0595113
0.333711
0.297738
0.0798954
0.261706
0.226331
0.103602
0.19228
0.130454
0.130454
0.103602
0.16015
0.0798954
0.0595113
0.19228
0.0425115
0.0288297
0.226331
0.261706
0.00542105
0.00226893
0.297738
0.000664379
0.333711
0.368877
8.03588e-05
0.486795
0.402486
0.4338
0.462117
0.000664379
5.77377e-35
5.77377e-35
-5.40475e-35
8.59315e-05
8.59315e-05
-5.40475e-35
0.000698663
0.00237927
0.000698663
0.00237927
0.0110222
0.00565179
0.00565179
0.0110222
0.0296844
0.018908
0.018908
0.0296844
0.0607778
0.0435832
0.104984
0.0812665
0.0435832
0.0607778
0.131682
0.161056
0.104984
0.0812665
0.192636
0.225908
0.161056
0.131682
0.260234
0.294949
0.225908
0.192636
0.260234
0.294949
0.362625
0.329325
0.362625
0.329325
0.394114
0.423072
0.423072
0.394114
0.47081
0.448842
0.50139
0.488473
0.511919
0.509277
0.47081
0.448842
0.509277
0.488473
0.50139
0.00248099
0.478362
0.00587293
0.483487
0.483487
0.478362
0.00248099
0.0113948
0.468238
0.0194727
0.453364
0.434101
0.410916
0.0445156
0.0304352
0.384366
0.0445156
0.35508
0.105975
0.323744
0.291073
0.161357
0.0618236
0.257798
0.0823551
0.224637
0.19228
0.105975
0.132432
0.132432
0.0823551
0.0618236
0.161357
0.19228
0.0304352
0.0194727
0.0113948
0.224637
0.00587293
0.257798
0.000733639
8.99984e-05
0.291073
0.323744
8.99984e-05
0.468238
0.35508
0.384366
0.410916
0.000733639
0.434101
0.453364
6.47087e-35
6.47087e-35
-5.93591e-35
9.52754e-05
9.52754e-05
-5.93591e-35
0.00257783
0.00076324
0.00076324
0.00257783
0.0117337
0.00606799
0.0117337
0.00606799
0.0310839
0.0199606
0.0199606
0.0310839
0.0626489
0.0452766
0.106575
0.0831277
0.0452766
0.0626489
0.161056
0.132675
0.0831277
0.106575
0.222534
0.191196
0.161056
0.132675
0.28614
0.254408
0.191196
0.222534
0.254408
0.28614
0.317008
0.346299
0.317008
0.346299
0.373324
0.397422
0.373324
0.397422
0.418018
0.434587
0.446737
0.454141
0.456638
0.454141
0.434587
0.418018
0.446737
0.00625202
0.428918
0.428918
9.87806e-05
0.424113
0.0120294
0.414627
0.0203907
0.400702
0.0120294
0.0203907
0.382695
0.361063
0.0316178
0.336349
0.0458861
0.309169
0.280186
0.106773
0.250098
0.0632394
0.219608
0.0836037
0.189408
0.16015
0.132432
0.106773
0.132432
0.0836037
0.0632394
0.0458861
0.16015
0.0316178
0.189408
0.00625202
0.219608
0.00266402
0.250098
0.000794924
0.280186
0.309169
9.87806e-05
0.424113
0.336349
0.361063
0.000794924
0.382695
0.400702
0.414627
0.00266402
7.11568e-35
7.11568e-35
-6.40883e-35
0.000103612
0.000103612
-6.40883e-35
0.000818863
0.00274443
0.000818863
0.00274443
0.012287
0.00640541
0.012287
0.00640541
0.0320409
0.0207359
0.0207359
0.0320409
0.0463134
0.0635987
0.106575
0.0837545
0.0635987
0.0463134
0.131683
0.15865
0.0837545
0.106575
0.215887
0.186916
0.15865
0.131683
0.273257
0.244894
0.215887
0.186916
0.244894
0.273257
0.300286
0.325304
0.300286
0.325304
0.366846
0.347686
0.366846
0.347686
0.382302
0.393633
0.400562
0.402884
0.400562
0.382302
0.393633
0.37177
0.0124969
0.362941
0.349997
0.0210185
0.333284
0.31325
0.0323418
0.290425
0.0124969
0.265405
0.0465818
0.238839
0.0465818
0.211394
0.0637161
0.0637161
0.183751
0.156564
0.0836037
0.130454
0.105975
0.105975
0.0836037
0.130454
0.0323418
0.156564
0.0210185
0.183751
0.00654681
0.00281247
0.211394
0.000846365
0.000106436
0.238839
0.265405
0.000106436
0.376245
0.290425
0.376245
0.31325
0.333284
0.000846365
0.349997
0.362941
0.00281247
0.37177
0.00654681
7.68912e-35
7.68912e-35
-6.80967e-35
0.000110688
0.000110688
-6.80967e-35
0.00287403
0.00086384
0.00287403
0.00086384
0.00665384
0.0126654
0.0126654
0.00665384
0.0325267
0.0212106
0.0212106
0.0325267
0.0466625
0.0635987
0.0831282
0.104983
0.0635987
0.0466625
0.153912
0.128736
0.104983
0.0831282
0.179926
0.206168
0.153912
0.128736
0.25669
0.231976
0.206168
0.179926
0.231976
0.25669
0.279664
0.300276
0.300276
0.279664
0.31798
0.332275
0.332275
0.31798
0.342788
0.349205
0.351372
0.349205
0.342788
0.0127831
0.301877
0.0213372
0.286485
0.26808
0.247178
0.00292183
0.0325856
0.224359
0.0127831
0.0465818
0.200243
0.175478
0.150708
0.0632394
0.126558
0.0823551
0.103602
0.0823551
0.0632394
0.103602
0.0465818
0.126558
0.0325856
0.0213372
0.150708
0.00674841
0.175478
0.000886403
0.000112732
0.200243
0.224359
0.000112732
0.313821
0.247178
0.26808
0.286485
0.326116
0.000886403
0.301877
0.313821
0.321978
0.00292183
0.00674841
0.326116
0.321978
8.17429e-35
8.17429e-35
-7.12678e-35
0.000116288
0.000116288
-7.12678e-35
0.00296273
0.000896812
0.000896812
0.00296273
0.0128575
0.00680581
0.00680581
0.0128575
0.0325267
0.0213703
0.0213703
0.0325267
0.0626488
0.0463135
0.101848
0.0812676
0.0626488
0.0463135
0.146983
0.123921
0.101848
0.0812676
0.193668
0.170435
0.146983
0.123921
0.216045
0.236941
0.170435
0.193668
0.216045
0.236941
0.271979
0.25577
0.271979
0.25577
0.285114
0.294773
0.294773
0.285114
0.300693
0.302678
0.300693
0.0213372
0.242817
0.226058
0.207097
0.0323419
0.186491
0.00298882
0.0458861
0.16484
0.0128794
0.142758
0.12086
0.0618237
0.0997272
0.0798954
0.0798954
0.0618237
0.0458861
0.0997272
0.0323419
0.12086
0.0213372
0.00685078
0.142758
0.16484
0.000913828
0.000117479
0.186491
0.207097
0.000117479
0.256873
0.226058
0.242817
0.275282
0.279079
0.000913828
0.256873
0.267805
0.275282
0.00298882
0.279079
0.00685078
0.267805
0.0128794
8.55696e-35
8.55696e-35
-7.35095e-35
0.000120243
0.000120243
-7.35095e-35
0.00300784
0.000916786
0.000916786
0.00300784
0.0128576
0.00685674
0.0128576
0.00685674
0.032041
0.0212103
0.0212103
0.032041
0.0452769
0.0607776
0.0782284
0.0972623
0.0452769
0.0607776
0.117385
0.138071
0.0972623
0.0782284
0.158731
0.178768
0.138071
0.117385
0.214613
0.197587
0.178768
0.158731
0.197587
0.214613
0.241282
0.229334
0.229334
0.241282
0.255498
0.250102
0.250102
0.255498
0.257323
0.170557
0.0316178
0.152158
0.000120532
0.132954
0.0445156
0.113533
0.0944663
0.0595113
0.0127831
0.0210186
0.0762985
0.0595113
0.0762985
0.0445156
0.0316178
0.0944663
0.113533
0.00685083
0.00301144
0.132954
0.000927819
0.152158
0.170557
0.000120532
0.187581
0.187581
0.202693
0.202693
0.215412
0.000927819
0.225328
0.232124
0.00301144
0.235577
0.235577
0.00685083
0.232124
0.225328
0.0127831
0.215412
0.0210186
8.82593e-35
8.82593e-35
-7.47568e-35
0.000122434
0.000122434
-7.47568e-35
0.000923162
0.00300803
0.000923162
0.00300803
0.0126656
0.00680513
0.00680513
0.0126656
0.031084
0.0207354
0.0207354
0.031084
0.0435836
0.0580413
0.0913655
0.0741021
0.0580413
0.0435836
0.127448
0.109324
0.0913655
0.0741021
0.161921
0.145169
0.127448
0.109324
0.19039
0.177165
0.161921
0.145169
0.177165
0.19039
0.209134
0.201172
0.209134
0.201172
0.214029
0.214029
0.215672
0.0304353
0.104798
0.0425115
0.0879787
0.0716727
0.056372
0.00298899
0.056372
0.0425115
0.0716727
0.0304353
0.0203908
0.012497
0.0879787
0.00674858
0.104798
0.000927955
0.0001218
0.121594
0.137819
0.0001218
0.121594
0.152928
0.16641
0.177802
0.16641
0.000927955
0.186711
0.192828
0.195941
0.00298899
0.195941
0.00674858
0.192828
0.186711
0.177802
0.012497
0.0203908
0.152928
0.137819
8.97336e-35
8.97336e-35
-7.49736e-35
0.000122795
0.000122795
-7.49736e-35
0.00296329
0.000915749
0.000915749
0.00296329
0.0122874
0.00665251
0.00665251
0.0122874
0.0199599
0.0296845
0.0296845
0.0199599
0.0412848
0.0545223
0.0690136
0.084336
0.0412848
0.0545223
0.0999835
0.115438
0.0690136
0.084336
0.143646
0.130165
0.0999835
0.115438
0.155409
0.165023
0.143646
0.130165
0.155409
0.165023
0.176535
0.172157
0.176535
0.172157
0.178019
0.0399342
0.0661585
0.0525005
0.000121246
0.0399342
0.0525005
0.0288298
0.0661585
0.0194729
0.0120296
0.00654707
0.0804615
0.00292216
0.0949222
0.000914232
0.109026
0.122264
0.000121246
0.0804615
0.134148
0.144238
0.109026
0.122264
0.000914232
0.152157
0.157607
0.160385
0.152157
0.00292216
0.160385
0.00654707
0.157607
0.144238
0.0120296
0.134148
0.0194729
0.0949222
0.0288298
8.99492e-35
8.99492e-35
-7.41537e-35
0.000121317
0.000121317
-7.41537e-35
0.00287495
0.00089477
0.00089477
0.00287495
0.00640346
0.0117342
0.0117342
0.00640346
0.018907
0.0278848
0.018907
0.0278848
0.0384498
0.0503275
0.0763883
0.0631174
0.0503275
0.0384498
0.0896499
0.102409
0.0763883
0.0631174
0.114181
0.124507
0.0896499
0.102409
0.132995
0.1393
0.114181
0.124507
0.132995
0.1393
0.1445
0.143192
0.143192
0.0268498
0.0480147
0.0182923
0.011395
0.059924
0.00625238
0.00281295
0.072145
0.000887062
0.000118886
0.0842088
0.0956373
0.000118886
0.0368618
0.105974
0.0480147
0.114799
0.121755
0.000887062
0.126556
0.129007
0.0956373
0.105974
0.00281295
0.129007
0.126556
0.00625238
0.121755
0.114799
0.011395
0.0182923
0.0842088
0.072145
0.0268498
0.059924
0.0368618
8.88996e-35
8.88996e-35
-7.23203e-35
0.000118042
0.000118042
-7.23203e-35
0.000860854
0.00274568
0.000860854
0.00274568
0.0110229
0.00606548
0.0110229
0.00606548
0.0176086
0.0257394
0.0176086
0.0257394
0.035165
0.0455847
0.0677666
0.0565942
0.0455847
0.035165
0.088764
0.0786415
0.0677666
0.0565942
0.105099
0.0977135
0.088764
0.0786415
0.114022
0.110619
0.0977135
0.105099
0.114022
0.110619
0.115179
0.0430519
0.00587338
0.0531607
0.00266465
0.00084726
0.000114791
0.0632854
0.0729892
0.000114791
0.0106125
0.0818431
0.0894552
0.0954841
0.0333881
0.00084726
0.0996607
0.101797
0.101797
0.0632854
0.00266465
0.0996607
0.00587338
0.0954841
0.0894552
0.0818431
0.0106125
0.0729892
0.016885
0.0531607
0.0430519
0.0245557
0.0333881
0.0245557
0.016885
8.66146e-35
8.66146e-35
-6.95263e-35
0.00011307
0.00011307
-6.95263e-35
0.00257937
0.000815023
0.000815023
0.00257937
0.00564879
0.0101748
0.0101748
0.00564879
0.0161043
0.0233137
0.0233137
0.0161043
0.0404396
0.0315308
0.049645
0.0587374
0.0404396
0.0315308
0.0749277
0.0672997
0.0587374
0.049645
0.0812742
0.086027
0.0749277
0.0672997
0.0899718
0.0889788
0.086027
0.0812742
0.0889788
0.0460778
0.000796028
0.000109084
0.0541575
0.061612
0.000109084
0.00248174
0.0680731
0.0732223
0.00970579
0.0152938
0.000796028
0.0768036
0.07864
0.07864
0.037765
0.00248174
0.0768036
0.00542156
0.0732223
0.0680731
0.061612
0.00970579
0.0541575
0.0152938
0.0460778
0.0296198
0.0220177
0.0220177
0.0296198
0.00542156
0.037765
8.31603e-35
8.31603e-35
-6.58524e-35
0.00010655
0.00010655
-6.58524e-35
0.000758663
0.00238105
0.000758663
0.00238105
0.00921599
0.00516607
0.00921599
0.00516607
0.0206824
0.01444
0.0206824
0.01444
0.0350514
0.0276593
0.0424853
0.0495815
0.0350514
0.0276593
0.0559775
0.0613308
0.0424853
0.0495815
0.0653747
0.0678818
0.0613308
0.0559775
0.0687387
0.0678818
0.0653747
0.0450455
0.000101937
0.0504317
0.000101937
0.0547553
0.0577781
0.000734918
0.0593324
0.0593324
0.00870263
0.0135677
0.00226977
0.0577781
0.0256734
0.0547553
0.00491071
0.0504317
0.0450455
0.00870263
0.0388954
0.0323181
0.0135677
0.0193139
0.0193139
0.0256734
0.00491071
0.00226977
0.0323181
0.000734918
0.0388954
7.86365e-35
7.86365e-35
-6.14051e-35
9.86793e-05
-6.14051e-35
9.86793e-05
0.00215679
0.000693489
0.000693489
0.00215679
0.00463209
0.00817582
0.00463209
0.00817582
0.0179266
0.0126671
0.0126671
0.0179266
0.0236705
0.0295876
0.0353381
0.040584
0.0295876
0.0236705
0.0450271
0.0483945
0.040584
0.0353381
0.0512153
0.0505043
0.0483945
0.0450271
0.0505043
9.35669e-05
0.0362329
0.0397945
0.0422996
0.000665794
0.0435925
0.00203525
0.0435925
0.0422996
0.00203525
0.0397945
0.00435653
0.0362329
0.0318373
0.0268806
0.00763396
0.0216716
0.0117601
0.0165282
0.0117601
0.00763396
0.0165282
0.00435653
0.0216716
0.000665794
9.35669e-05
0.0268806
0.0318373
7.31751e-35
7.31751e-35
-5.63137e-35
8.96973e-05
8.96973e-05
-5.63137e-35
0.00191347
0.000621498
0.000621498
0.00191347
0.00708647
0.0040633
0.0040633
0.00708647
0.0151322
0.0108405
0.0151322
0.0108405
0.0242183
0.0196887
0.0320237
0.0284255
0.0196887
0.0242183
0.0347854
0.0365125
0.0320237
0.0284255
0.0371073
0.0347854
0.0365125
0.0300242
0.00059078
0.0310782
8.423e-05
0.0310782
0.0300242
0.0017854
0.0279906
0.00377615
0.00653293
0.00992701
0.0251222
0.0216217
0.017739
0.00653293
0.0137473
0.00992701
0.00377615
0.0137473
0.0017854
0.017739
0.00059078
0.0216217
0.0251222
8.423e-05
0.0279906
6.69359e-35
6.69359e-35
-5.07273e-35
7.98797e-05
7.98797e-05
-5.07273e-35
0.00165862
0.000544907
0.000544907
0.00165862
0.00347736
0.00598181
0.00347736
0.00598181
0.00901706
0.0123861
0.0123861
0.00901706
0.0191099
0.0158376
0.0219603
0.024161
0.0158376
0.0191099
0.0255584
0.0260305
0.024161
0.0219603
0.0255584
0.000512195
0.0214051
0.0205652
0.00152797
0.0189542
0.0167032
0.0031876
0.0139975
0.0110579
0.00543381
0.00812565
0.00543381
0.00812565
0.0031876
0.00152797
0.0110579
0.000512195
7.42135e-05
0.0139975
0.0167032
7.42135e-05
0.0189542
0.0205652
0.0214051
6.01022e-35
6.01022e-35
-4.48096e-35
6.95296e-05
6.95296e-05
-4.48096e-35
0.00140015
0.000466093
0.000466093
0.00140015
0.00289249
0.00489624
0.00289249
0.00489624
0.00725356
0.00977339
0.00725356
0.00977339
0.0122358
0.0144178
0.0172248
0.0161356
0.0144178
0.0122358
0.0172248
0.0176043
0.0161356
0.013513
0.0122722
0.00127097
0.0105609
0.00260923
0.00854245
0.00127097
0.00641181
0.00437078
0.00437078
0.00260923
0.00641181
0.00043248
6.38275e-05
0.00854245
0.0105609
6.38275e-05
0.0122722
0.0141643
0.013513
0.0141643
0.00043248
5.28761e-35
5.28761e-35
5.89684e-05
-3.87344e-35
5.89684e-05
-3.87344e-35
0.00114611
0.000387507
0.000387507
0.00114611
0.00386341
0.00232688
0.00386341
0.00232688
0.0056042
0.00737362
0.0056042
0.00737362
0.0102786
0.00899079
0.0113978
0.0111145
0.00899079
0.0111145
0.0102786
0.00102239
0.00627631
0.00205894
0.00483763
0.00337656
0.00205894
0.00337656
0.00102239
0.00483763
0.00035412
5.3395e-05
0.00627631
0.00752915
5.3395e-05
0.00845247
0.00845247
0.00894189
0.00035412
0.00894189
0.00752915
4.54715e-35
4.54715e-35
-3.26794e-35
4.85252e-05
4.85252e-05
-3.26794e-35
0.00090439
0.000311588
0.000311588
0.00090439
0.00291473
0.00179792
0.00179792
0.00291473
0.00411826
0.00525661
0.00525661
0.00411826
0.0061934
0.0068013
0.00701754
0.0068013
0.0061934
0.00155348
0.00155348
0.000789881
0.00248085
0.00027954
4.32405e-05
0.0034489
0.00432282
4.32405e-05
0.00248085
0.0034489
0.00498224
0.00533604
0.00533604
0.00027954
0.00498224
0.00432282
0.000789881
3.81073e-35
3.81073e-35
-2.68196e-35
3.85246e-05
3.85246e-05
-2.68196e-35
0.00068233
0.000240667
0.00068233
0.000240667
0.00207781
0.00132141
0.00207781
0.00132141
0.00347816
0.00283728
0.00283728
0.00347816
0.00391089
0.00405836
0.00391089
0.000211009
3.36774e-05
0.0017087
0.00228224
3.36774e-05
0.002729
0.000580396
0.00297314
0.00297314
0.0017087
0.000211009
0.002729
0.00228224
0.000580396
0.00110756
0.00110756
3.09992e-35
3.09992e-35
-2.13202e-35
2.9273e-05
2.9273e-05
-2.13202e-35
0.000176852
0.000486402
0.000176852
0.000486402
0.00137473
0.00091065
0.00137473
0.00091065
0.00207529
0.00179205
0.00179205
0.00218001
0.00207529
0.00107871
0.00136193
2.49936e-05
2.49936e-05
0.00152055
0.00152055
0.000150523
0.00136193
0.00107871
0.000732931
0.000399792
0.000399792
0.000732931
0.000150523
2.43508e-35
2.43508e-35
-1.6328e-35
2.10441e-05
-1.6328e-35
2.10441e-05
0.00012191
0.000321777
0.00012191
0.000321777
0.000820122
0.000575491
0.000820122
0.000575491
0.00106107
0.000999368
0.000999368
1.74363e-05
0.000696522
0.000696522
0.000601036
9.96778e-05
0.000437388
0.000252417
0.000252417
9.96778e-05
1.74363e-05
0.000437388
0.000601036
1.83436e-35
1.83436e-35
-1.19629e-35
1.40625e-05
1.40625e-05
-1.19629e-35
0.000191892
7.71392e-05
7.71392e-05
0.000191892
0.000321297
0.000419171
0.000321297
0.000419171
0.000458578
0.000223688
5.95348e-05
0.000140652
5.95348e-05
1.11955e-05
0.000140652
0.000223688
1.11955e-05
0.000275306
0.000275306
1.31263e-35
1.31263e-35
-8.30785e-36
8.48615e-06
8.48615e-06
-8.30785e-36
9.7975e-05
4.32261e-05
4.32261e-05
9.7975e-05
0.000147819
0.000147819
0.000165436
3.04763e-05
3.04763e-05
6.38563e-06
6.44195e-05
8.83987e-05
6.38563e-06
8.83987e-05
6.44195e-05
8.80331e-36
8.80331e-36
-5.39852e-36
4.38822e-06
-5.39852e-36
4.38822e-06
2.00965e-05
3.85428e-05
2.00965e-05
3.85428e-05
4.80091e-05
2.06651e-05
3.02692e-06
2.06651e-05
1.20496e-05
3.02692e-06
1.20496e-05
5.42193e-36
5.42193e-36
1.7372e-06
-3.21189e-36
1.7372e-06
-3.21189e-36
6.7568e-06
6.7568e-06
8.86022e-06
1.02576e-06
2.80448e-06
1.02576e-06
2.80448e-06
2.95985e-36
2.95985e-36
-1.65381e-36
3.77194e-07
3.77194e-07
-1.65381e-36
1.12723e-06
1.54886e-07
1.54886e-07
1.3116e-36
1.3116e-36
-5.45365e-37
-5.45365e-37
7.881e-09
-6.76971e-38
2.76042e-37
2.76042e-37
