-6.11129e-38
1.91049e-36
1.91049e-36
1.17589e-36
6.22111e-36
2.49906e-06
5.10665e-06
1.17589e-36
6.22111e-36
5.10665e-06
1.79685e-36
1.1005e-05
1.12409e-35
7.90089e-06
1.08824e-05
1.78936e-05
1.78936e-05
7.90089e-06
1.1005e-05
1.12409e-35
1.79685e-36
1.99701e-36
1.82959e-05
1.72791e-35
1.44404e-05
3.76913e-05
5.13322e-05
2.6727e-05
3.18192e-05
1.99701e-36
1.82959e-05
2.6727e-05
5.13322e-05
3.76913e-05
1.44404e-05
1.72791e-35
1.66138e-36
2.25837e-05
2.73462e-05
2.45169e-35
5.11843e-05
6.7415e-05
0.000111621
7.75567e-05
0.000140613
8.84399e-05
0.000140613
7.75567e-05
2.25837e-05
2.45169e-35
2.73462e-05
1.66138e-36
6.7415e-05
5.11843e-05
0.000111621
7.42808e-37
3.30224e-35
3.26044e-05
3.83425e-05
8.65243e-05
0.000108718
0.000205726
0.000154133
3.83425e-05
3.30224e-35
3.26044e-05
7.42808e-37
0.0003558
0.000231915
0.000299039
0.000210368
0.000210368
0.000205726
0.000299039
8.65243e-05
0.0003558
0.000154133
0.000108718
-7.53319e-37
5.13082e-05
4.27612e-35
4.46044e-05
0.00013384
0.000162166
0.000336943
0.000266606
0.000515101
0.000408089
0.000537889
0.000712193
4.27612e-35
5.13082e-05
4.46044e-05
-7.53319e-37
0.00013384
0.000336943
0.000162166
0.000266606
0.0005551
0.000812898
0.000515101
0.000812898
0.000537889
0.000712193
0.000408089
-2.782e-36
6.61215e-05
5.36096e-35
5.85314e-05
0.000193214
0.000227389
0.000505447
0.000416644
0.00122335
0.000948055
0.000688927
0.000860832
0.00113318
0.00151747
0.0016816
0.00119985
-2.782e-36
6.61215e-05
5.36096e-35
5.85314e-05
0.000193214
0.000227389
0.000505447
0.000416644
0.00151747
0.00122335
0.000860832
0.0016816
0.000688927
0.00113318
0.000948055
-5.2693e-36
8.25364e-05
6.53696e-35
7.41981e-05
0.000263875
0.000303244
0.000708801
0.00060305
0.00126514
0.0018898
0.00153753
0.0010532
0.00196695
0.00248061
0.00293903
0.00226086
7.41981e-05
-5.2693e-36
8.25364e-05
6.53696e-35
0.00236559
0.00318891
0.00318891
0.00226086
0.000303244
0.000708801
0.000263875
0.00060305
0.00153753
0.00248061
0.00293903
0.00126514
0.0010532
0.00196695
0.0018898
-8.12129e-36
0.000100206
7.77835e-35
9.13042e-05
0.000822268
0.000344351
0.000387962
0.000942455
0.00174283
0.00270129
0.0022784
0.00149543
0.00305724
0.00369379
0.00458639
0.00371494
0.0041537
0.0052581
0.00561815
0.0043072
7.77835e-35
9.13042e-05
-8.12129e-36
0.000100206
0.000942455
0.000387962
0.000822268
0.000344351
0.00561815
0.0052581
0.0041537
0.00371494
0.0022784
0.00149543
0.00174283
0.00270129
0.00369379
0.00458639
0.00305724
-1.12315e-35
0.000118703
9.055e-35
0.00010946
0.000432618
0.00120022
0.00106887
0.000479294
0.00010946
0.000118703
9.055e-35
-1.12315e-35
0.0022818
0.00363888
0.0031558
0.00200544
0.00438706
0.00659784
0.00554906
0.00513246
0.00711971
0.00787053
0.00880739
0.00649918
0.00930352
0.00733573
0.00711971
0.00930352
0.000479294
0.00120022
0.00106887
0.000432618
0.00363888
0.0022818
0.0031558
0.00200544
0.00880739
0.00787053
0.00513246
0.00649918
0.00659784
0.00438706
0.00554906
-1.44871e-35
0.000137548
1.03339e-34
0.000128207
0.000526245
0.000574656
0.0014747
0.00133601
0.000128207
0.000137548
1.03339e-34
-1.44871e-35
0.0028668
0.00467693
0.0041472
0.00256942
0.000574656
0.00133601
0.0014747
0.000526245
0.00592514
0.00675943
0.0077259
0.00892581
0.0106729
0.0109728
0.0127062
0.00936506
0.0146204
0.0118063
0.0139617
0.0115159
0.0115159
0.0146204
0.0139617
0.0106729
0.00256942
0.00467693
0.0028668
0.0041472
0.0127062
0.0077259
0.00892581
0.00675943
0.00592514
0.00936506
0.0109728
-1.77741e-35
0.000147047
0.000156226
1.15805e-34
0.00062253
0.000671255
0.00175772
0.00161585
0.00348042
0.00578495
0.00522432
0.00317095
0.000147047
0.000156226
1.15805e-34
-1.77741e-35
0.00175772
0.000671255
0.00161585
0.00062253
0.00762918
0.00852803
0.011506
0.0101889
0.00348042
0.00522432
0.00317095
0.00578495
0.0126834
0.0144841
0.0172219
0.014894
0.0166279
0.0177322
0.0194969
0.0211244
0.0219725
0.0177322
0.0181117
0.0219725
0.0166279
0.0194969
0.0211244
0.014894
0.00852803
0.0144841
0.0101889
0.00762918
0.0172219
0.0126834
0.011506
-2.0981e-35
1.27606e-34
0.000165457
0.000174215
0.000718625
0.000766212
0.0020407
0.00189996
0.00410399
0.00692931
0.00635488
0.00379187
0.000165457
0.000174215
1.27606e-34
-2.0981e-35
0.00944888
0.0103851
0.0142622
0.0128673
0.0020407
0.000766212
0.00189996
0.000718625
0.00635488
0.00692931
0.00410399
0.00379187
0.0183033
0.0163623
0.0222292
0.0196729
0.0103851
0.00944888
0.0128673
0.0142622
0.0247752
0.02255
0.0286603
0.0257646
0.0261818
0.0307121
0.0266622
0.0317754
0.0317754
0.0247752
0.0261818
0.0307121
0.02255
0.0196729
0.0163623
0.0257646
0.0183033
0.0222292
0.0286603
-2.40031e-35
0.000191001
1.3841e-34
0.000182916
0.000811654
0.00085668
0.002315
0.0021797
0.00471835
0.00807478
0.00441317
0.00750427
0.0113288
0.0122735
0.0171101
0.0156802
0.000182916
0.000191001
1.3841e-34
-2.40031e-35
0.00085668
0.002315
0.0021797
0.000811654
0.0275796
0.022315
0.0202927
0.0248715
0.00807478
0.00471835
0.00750427
0.00441317
0.0156802
0.0113288
0.0122735
0.0171101
0.0370189
0.0327515
0.0291178
0.0325837
0.0202927
0.0275796
0.022315
0.0248715
0.037279
0.0355335
0.0431363
0.0406106
0.0444395
0.0378745
0.037279
0.0444395
0.0327515
0.0370189
0.0325837
0.0355335
0.0431363
0.0406106
0.0291178
-2.67443e-35
0.000206099
1.47912e-34
0.000198922
0.000898821
0.000939935
0.00257225
0.00244652
0.0053046
0.00501575
0.009186
0.00863702
0.013211
0.0141349
0.0199618
0.0185411
-2.67443e-35
1.47912e-34
0.000198922
0.000206099
0.0303327
0.0243545
0.0263955
0.0331093
0.000898821
0.000939935
0.00257225
0.00244652
0.009186
0.0053046
0.00863702
0.00501575
0.0397478
0.0459515
0.04143
0.0361363
0.0185411
0.0199618
0.013211
0.0141349
0.0243545
0.0263955
0.0303327
0.0331093
0.0513814
0.0557391
0.0459068
0.0493046
0.0459515
0.0397478
0.0361363
0.04143
0.0521474
0.0514266
0.0603508
0.0587849
0.0513814
0.0603508
0.0557391
0.0587849
0.0493046
0.0514266
0.0459068
-2.91198e-35
0.00021907
1.55841e-34
0.000213012
0.000977504
0.00101348
0.00280462
0.00269228
0.00558109
0.00584478
0.0102287
0.00971819
0.0150371
0.0159118
0.0227288
0.0213614
0.000213012
0.00021907
1.55841e-34
-2.91198e-35
0.035888
0.0284219
0.0304184
0.0386471
0.000977504
0.00269228
0.00280462
0.00101348
0.0551845
0.0505481
0.0470357
0.0433904
0.00584478
0.0102287
0.00971819
0.00558109
0.0213614
0.0227288
0.0159118
0.0150371
0.0626982
0.0692089
0.0623907
0.0569932
0.0386471
0.0284219
0.0304184
0.035888
0.0551845
0.0470357
0.0433904
0.0505481
0.0689906
0.0664609
0.0743959
0.0780033
0.0623907
0.0569932
0.0692089
0.0626982
0.0798527
0.0698492
0.0689906
0.0664609
0.0780033
0.0743959
0.0798527
-3.1058e-35
0.000229537
1.61969e-34
0.000224775
0.00104534
0.0010751
0.00300507
0.00290952
0.000224775
0.000229537
1.61969e-34
-3.1058e-35
0.0060919
0.0063224
0.011171
0.0107145
0.0167509
0.0175494
0.0253257
0.0240538
0.044021
0.0413652
0.0323689
0.034259
0.00290952
0.00104534
0.00300507
0.0010751
0.0542213
0.0598243
0.0644315
0.0506553
0.0060919
0.011171
0.0107145
0.0063224
0.0761406
0.0742116
0.0831324
0.0684528
0.0253257
0.0175494
0.0240538
0.0167509
0.044021
0.034259
0.0323689
0.0413652
0.0873204
0.0907994
0.0968711
0.08253
0.0644315
0.0542213
0.0506553
0.0598243
0.0831324
0.0761406
0.0684528
0.0742116
0.0902884
0.0912929
0.103227
0.101076
0.0873204
0.08253
0.0907994
0.0968711
0.103227
0.0902884
0.101076
-3.25013e-35
0.000237193
1.66122e-34
0.000233868
0.0011003
0.00112296
0.00316755
0.00309168
0.00653264
0.00672296
0.0119841
0.0115956
0.000233868
0.000237193
1.66122e-34
-3.25013e-35
0.00309168
0.00316755
0.0011003
0.00112296
0.0182997
0.0189976
0.0276726
0.0265353
0.0377988
0.0490648
0.0465943
0.0360733
0.0610816
0.0689704
0.0734055
0.0577056
0.00653264
0.0115956
0.0119841
0.00672296
0.0855637
0.0970778
0.0901296
0.0799301
0.0182997
0.0265353
0.0189976
0.0276726
0.107488
0.116375
0.0991407
0.106581
0.0465943
0.0490648
0.0377988
0.0360733
0.0610816
0.0689704
0.0577056
0.0734055
0.115565
0.123378
0.128212
0.112135
0.0901296
0.0855637
0.0970778
0.0799301
0.0991407
0.116375
0.106581
0.107488
0.116725
0.112135
0.130679
0.130679
0.115565
0.123378
0.128212
-3.34076e-35
0.000241814
1.68181e-34
0.000240025
0.00114075
0.00115564
0.00328717
0.00323326
0.00688997
0.00703438
0.0126433
0.0123346
0.0196362
0.0287298
0.0202123
0.0296979
0.000240025
0.000241814
1.68181e-34
-3.34076e-35
0.00115564
0.00323326
0.00328717
0.00114075
0.0123346
0.0126433
0.00703438
0.00688997
0.0409295
0.0536235
0.0514141
0.0394213
0.0777027
0.0818286
0.0643229
0.067405
0.110612
0.103923
0.0964024
0.0910686
0.0287298
0.0196362
0.0296979
0.0202123
0.115778
0.123944
0.135911
0.126177
0.0394213
0.0409295
0.0514141
0.0536235
0.134719
0.154041
0.14107
0.146069
0.0818286
0.067405
0.0777027
0.0643229
0.110612
0.0964024
0.103923
0.0910686
0.162323
0.144984
0.159527
0.146305
0.115778
0.123944
0.126177
0.135911
0.14107
0.134719
0.162323
0.159527
0.146069
0.144984
0.154041
-3.37509e-35
0.000243265
1.68087e-34
0.000243065
0.00116547
0.00117216
0.00336036
0.00333002
0.00715312
0.00724729
0.0131289
0.0129091
0.000243065
0.000243265
1.68087e-34
-3.37509e-35
0.0207198
0.0313402
0.0305706
0.0211568
0.0435555
0.0575575
0.0556767
0.0423106
0.00333002
0.00336036
0.00117216
0.00116547
0.0129091
0.0131289
0.00724729
0.00715312
0.0207198
0.0211568
0.0305706
0.0313402
0.0857517
0.0703037
0.0894415
0.0729976
0.123315
0.117093
0.106393
0.101524
0.131924
0.139656
0.15487
0.1455
0.0556767
0.0423106
0.0435555
0.0575575
0.168443
0.167021
0.179911
0.15734
0.0703037
0.0857517
0.0894415
0.0729976
0.178608
0.188878
0.195035
0.174197
0.117093
0.123315
0.106393
0.101524
0.15487
0.139656
0.1455
0.131924
0.198168
0.180097
0.178608
0.198168
0.168443
0.15734
0.195035
0.179911
0.167021
0.174197
0.188878
-3.35217e-35
0.000241503
1.65843e-34
0.0002429
0.00117374
0.00117202
0.00338493
0.00337907
0.00731421
0.00735532
0.0134261
0.013302
0.021518
0.0218026
0.0325498
0.0320019
0.0002429
0.000241503
1.65843e-34
-3.35217e-35
0.00117202
0.00337907
0.00338493
0.00117374
0.0455974
0.0607475
0.0592523
0.0446533
0.0776888
0.0960116
0.0928704
0.0754652
0.00735532
0.00731421
0.013302
0.0134261
0.0320019
0.021518
0.0325498
0.0218026
0.0455974
0.0446533
0.0607475
0.0592523
0.129232
0.134797
0.115229
0.110973
0.14708
0.154138
0.172666
0.163949
0.189806
0.179293
0.205018
0.192609
0.0754652
0.0928704
0.0776888
0.0960116
0.227801
0.21782
0.211475
0.203457
0.110973
0.115229
0.134797
0.129232
0.216397
0.234639
0.238115
0.218055
0.172666
0.163949
0.14708
0.154138
0.179293
0.189806
0.192609
0.205018
0.216397
0.211475
0.238115
0.234639
0.203457
0.21782
0.227801
-3.27271e-35
0.000236581
1.61514e-34
0.000239535
0.0011653
0.00115524
0.00336015
0.00337895
0.0135014
0.00736841
0.00735524
0.0135261
0.000239535
0.000236581
1.61514e-34
-3.27271e-35
0.0220066
0.0221304
0.0332903
0.0329807
0.0469937
0.0630971
0.0620327
0.0463789
0.00115524
0.00337895
0.00336015
0.0011653
0.0135014
0.0135261
0.00736841
0.00735524
0.0813366
0.101339
0.0988418
0.0796504
0.122641
0.139968
0.119128
0.144706
0.0329807
0.0332903
0.0221304
0.0220066
0.0620327
0.0463789
0.0469937
0.0630971
0.101339
0.0813366
0.0796504
0.0988418
0.160778
0.180955
0.188751
0.166947
0.1999
0.209498
0.228586
0.217041
0.243884
0.259601
0.231855
0.245454
0.119128
0.139968
0.144706
0.122641
0.252756
0.258191
0.270603
0.278127
0.160778
0.188751
0.180955
0.166947
0.281948
0.281948
0.260023
0.258191
0.209498
0.228586
0.1999
0.217041
0.278127
0.270603
0.245454
0.231855
0.259601
0.252756
0.243884
-3.13908e-35
0.000228642
1.55223e-34
0.000233069
0.00114041
0.00112232
0.00328676
0.00332966
0.013426
0.0135013
0.0073141
0.00724706
0.0221711
0.0221304
0.0335396
0.0334775
0.000233069
0.000228642
1.55223e-34
-3.13908e-35
0.00112232
0.00332966
0.00328676
0.00114041
0.0477024
0.0645357
0.0639339
0.0474354
0.083831
0.105263
0.103485
0.0827331
0.0135013
0.013426
0.00724706
0.0073141
0.0334775
0.0221711
0.0335396
0.0221304
0.128404
0.152741
0.125741
0.148974
0.1726
0.195995
0.202633
0.177692
0.0477024
0.0474354
0.0645357
0.0639339
0.0827331
0.103485
0.105263
0.083831
0.125741
0.148974
0.152741
0.128404
0.218525
0.239562
0.226914
0.249887
0.258511
0.28945
0.270926
0.274829
0.304941
0.288043
0.316961
0.297768
0.1726
0.195995
0.177692
0.202633
0.329334
0.30372
0.305724
0.32517
0.218525
0.226914
0.249887
0.239562
0.30372
0.329334
0.32517
0.297768
0.274829
0.270926
0.258511
0.28945
0.304941
0.288043
0.316961
-2.95525e-35
0.00021792
1.47154e-34
0.00022369
0.00109981
0.00107422
0.00316694
0.00323266
0.00703399
0.0131286
0.0133018
0.00715291
0.00022369
0.00021792
1.47154e-34
-2.95525e-35
0.0220066
0.0218025
0.0332903
0.0334774
0.0477024
0.0650201
0.0477911
0.064899
0.00107422
0.00323266
0.00316694
0.00109981
0.0133018
0.0131286
0.00715291
0.00703399
0.0850972
0.107666
0.10666
0.0846205
0.155977
0.132346
0.158659
0.130611
0.0218025
0.0220066
0.0332903
0.0334774
0.0477911
0.064899
0.0650201
0.0477024
0.182186
0.186047
0.208612
0.213889
0.234599
0.241523
0.26827
0.259481
0.0850972
0.107666
0.0846205
0.10666
0.158659
0.132346
0.130611
0.155977
0.213889
0.182186
0.208612
0.186047
0.282604
0.303353
0.293455
0.31643
0.353413
0.336593
0.335557
0.321166
0.352594
0.366439
0.375324
0.346131
0.234599
0.26827
0.241523
0.259481
0.352594
0.379827
0.354769
0.379827
0.31643
0.303353
0.282604
0.293455
0.346131
0.353413
0.336593
0.366439
0.375324
0.321166
0.335557
-2.72676e-35
0.000204727
1.37535e-34
0.000211674
0.00104471
0.00309087
0.00101239
0.00300429
0.00672244
0.012643
0.0129088
0.00688966
0.000211674
0.000204727
1.37535e-34
-2.72676e-35
0.0215179
0.0211566
0.0325497
0.0329806
0.00101239
0.00309087
0.00300429
0.00104471
0.0469937
0.0474354
0.0645357
0.064899
0.0850972
0.108474
0.108272
0.085256
0.00688966
0.0129088
0.012643
0.00672244
0.0211566
0.0329806
0.0215179
0.0325497
0.160766
0.134346
0.162282
0.133593
0.19176
0.189246
0.22218
0.218423
0.0474354
0.0645357
0.064899
0.0469937
0.108272
0.108474
0.0850972
0.085256
0.247633
0.283177
0.276189
0.252883
0.339714
0.303397
0.312354
0.328581
0.162282
0.134346
0.133593
0.160766
0.189246
0.218423
0.22218
0.19176
0.247633
0.252883
0.276189
0.283177
0.37039
0.351104
0.364588
0.386359
0.404481
0.418494
0.397347
0.38594
0.432875
0.406657
0.42804
0.404314
0.328581
0.312354
0.303397
0.339714
0.432875
0.404314
0.42804
0.397347
0.418494
0.37039
0.404481
0.351104
0.38594
0.364588
0.386359
-2.46061e-35
0.00018945
1.26644e-34
0.000197372
0.000197372
0.00018945
1.26644e-34
-2.46061e-35
0.000976751
0.0028037
0.00290853
0.000938679
0.00632175
0.0119837
0.0123341
0.00653224
0.0207197
0.020212
0.0313401
0.0320018
0.00290853
0.0028037
0.000976751
0.000938679
0.0463789
0.0455974
0.0630972
0.063934
0.0123341
0.0119837
0.00632175
0.00653224
0.0838311
0.107666
0.108272
0.0846205
0.134346
0.163503
0.163197
0.134597
0.020212
0.0320018
0.0207197
0.0313401
0.0455974
0.0630972
0.0463789
0.063934
0.193569
0.194661
0.227256
0.225132
0.257234
0.260652
0.289182
0.294157
0.107666
0.0838311
0.0846205
0.108272
0.134346
0.134597
0.163197
0.163503
0.320258
0.327049
0.358594
0.349743
0.376942
0.414793
0.388072
0.401198
0.193569
0.225132
0.194661
0.227256
0.257234
0.294157
0.260652
0.289182
0.320258
0.358594
0.349743
0.327049
0.457512
0.4386
0.421921
0.438127
0.482669
0.472481
0.450821
0.458277
0.458277
0.460785
0.487826
0.487826
0.376942
0.401198
0.414793
0.388072
0.482669
0.4386
0.450821
0.472481
0.438127
0.457512
0.421921
-2.16511e-35
0.000172533
1.14787e-34
0.000181201
0.00089797
0.000855291
0.0025712
0.00269112
0.000181201
0.000172533
1.14787e-34
-2.16511e-35
0.00269112
0.0025712
0.00089797
0.000855291
0.00584403
0.0111705
0.0115951
0.00609143
0.019636
0.0189973
0.0296978
0.0305705
0.0446533
0.0435555
0.0607477
0.0620328
0.00609143
0.00584403
0.0115951
0.0111705
0.0813367
0.105263
0.10666
0.0827332
0.0305705
0.0296978
0.019636
0.0189973
0.132346
0.162283
0.163197
0.133593
0.195025
0.228965
0.228537
0.194661
0.0446533
0.0607477
0.0435555
0.0620328
0.105263
0.10666
0.0813367
0.0827332
0.264595
0.300879
0.263112
0.298066
0.332677
0.337098
0.372501
0.366199
0.162283
0.133593
0.163197
0.132346
0.194661
0.228537
0.195025
0.228965
0.397893
0.406332
0.43785
0.427042
0.475086
0.491187
0.452975
0.466351
0.298066
0.263112
0.264595
0.300879
0.337098
0.332677
0.372501
0.366199
0.397893
0.43785
0.427042
0.406332
0.527675
0.511788
0.492856
0.505861
0.516455
0.513791
0.538479
0.543945
0.513791
0.543945
0.505861
0.538479
0.452975
0.492856
0.491187
0.466351
0.511788
0.527675
0.475086
-1.84973e-35
0.00016363
0.000154465
1.023e-34
0.000810732
0.000764733
0.00231386
0.00244524
0.00530377
0.0102282
0.0107139
0.00558055
0.00016363
0.000154465
1.023e-34
-1.84973e-35
0.000764733
0.00244524
0.00231386
0.000810732
0.0107139
0.0102282
0.00530377
0.00558055
0.0182994
0.017549
0.0276725
0.0287297
0.0423105
0.0409295
0.0575577
0.0592525
0.0796505
0.077689
0.101339
0.103485
0.017549
0.0287297
0.0182994
0.0276725
0.128405
0.158659
0.160766
0.130611
0.0423105
0.0575577
0.0592525
0.0409295
0.228537
0.19357
0.191761
0.227256
0.303143
0.265091
0.264595
0.302576
0.077689
0.0796505
0.103485
0.101339
0.130611
0.160766
0.158659
0.128405
0.34028
0.381016
0.377452
0.342199
0.413325
0.454833
0.418819
0.447137
0.228537
0.19357
0.191761
0.227256
0.303143
0.264595
0.302576
0.265091
0.518493
0.505692
0.488298
0.478155
0.54476
0.529133
0.547946
0.566517
0.34028
0.381016
0.377452
0.342199
0.413325
0.454833
0.418819
0.447137
0.505692
0.478155
0.518493
0.488298
0.561702
0.594669
0.570083
0.58328
0.600429
0.600429
0.5729
0.570083
0.561702
0.566517
0.58328
0.594669
0.54476
0.547946
0.529133
-1.5249e-35
8.9526e-35
0.000145164
0.000135761
0.000717659
0.00066973
0.00203951
0.00217834
0.00471747
0.00918539
0.00971752
0.00501517
0.000145164
0.000135761
8.9526e-35
-1.5249e-35
0.0167506
0.0159114
0.0253255
0.0265351
0.00066973
0.00217834
0.00203951
0.000717659
0.00501517
0.00471747
0.00971752
0.00918539
0.0159114
0.0265351
0.0253255
0.0167506
0.0394213
0.0377989
0.0536236
0.0556769
0.0729979
0.096012
0.0988422
0.0754653
0.122641
0.152741
0.155978
0.125741
0.0394213
0.0556769
0.0536236
0.0377989
0.189247
0.22218
0.225132
0.186048
0.096012
0.0988422
0.0729979
0.0754653
0.260652
0.30088
0.263112
0.302576
0.383882
0.34284
0.342199
0.383164
0.152741
0.122641
0.125741
0.155978
0.225132
0.189247
0.22218
0.186048
0.460879
0.422773
0.425158
0.465231
0.503305
0.529492
0.496702
0.538606
0.260652
0.30088
0.263112
0.302576
0.383882
0.342199
0.34284
0.383164
0.598014
0.583249
0.570399
0.55855
0.620861
0.60305
0.617515
0.638446
0.422773
0.465231
0.460879
0.425158
0.538606
0.529492
0.496702
0.503305
0.55855
0.583249
0.570399
0.598014
0.629283
0.626325
0.650387
0.656424
0.656424
0.626325
0.617515
0.638446
0.650387
0.620861
0.60305
-1.20171e-35
0.000116946
7.68098e-35
0.000126328
0.000126328
0.000116946
7.68098e-35
-1.20171e-35
0.00062155
0.000573133
0.00175651
0.00189856
0.00410308
0.00807415
0.00863631
0.00441256
0.0150368
0.0141345
0.0227286
0.0240536
0.00189856
0.00175651
0.00062155
0.000573133
0.0360733
0.034259
0.049065
0.0514143
0.00863631
0.00410308
0.00807415
0.00441256
0.0227286
0.0141345
0.0240536
0.0150368
0.0360733
0.0514143
0.049065
0.034259
0.0703039
0.0674054
0.089442
0.0928709
0.115229
0.144706
0.148975
0.119128
0.182186
0.218423
0.177693
0.213889
0.089442
0.0928709
0.0674054
0.0703039
0.252884
0.298067
0.257234
0.294157
0.115229
0.119128
0.148975
0.144706
0.381016
0.383164
0.34028
0.337098
0.467855
0.425955
0.468732
0.425158
0.218423
0.182186
0.177693
0.213889
0.298067
0.257234
0.252884
0.294157
0.510923
0.55092
0.545766
0.508058
0.587932
0.610701
0.621213
0.580218
0.337098
0.34028
0.383164
0.381016
0.468732
0.425158
0.425955
0.467855
0.673943
0.650083
0.657303
0.636578
0.672433
0.681642
0.704748
0.692294
0.508058
0.510923
0.545766
0.55092
0.580218
0.587932
0.621213
0.610701
0.650083
0.673943
0.636578
0.657303
0.684735
0.711042
0.711042
0.681642
0.692294
0.704748
0.672433
-8.91578e-36
9.85333e-05
6.44796e-35
0.000107641
-8.91578e-36
0.000107641
9.85333e-05
6.44796e-35
0.000525282
0.00047782
0.00147351
0.00161445
0.00161445
0.00147351
0.000525282
0.00047782
0.00379125
0.00347951
0.00692867
0.00750353
0.0132107
0.0122731
0.0199616
0.0213612
0.0323688
0.0304184
0.0440212
0.0465946
0.00750353
0.00692867
0.00347951
0.00379125
0.0643231
0.061082
0.0818291
0.0857523
0.0122731
0.0213612
0.0199616
0.0132107
0.0323688
0.0465946
0.0440212
0.0304184
0.061082
0.0643231
0.0857523
0.0818291
0.106394
0.134798
0.139969
0.110973
0.1726
0.202633
0.166948
0.208613
0.289182
0.247634
0.241524
0.283178
0.106394
0.134798
0.139969
0.110973
0.377453
0.32705
0.332677
0.372502
0.166948
0.208613
0.202633
0.1726
0.465231
0.467855
0.41882
0.422774
0.510924
0.554028
0.555066
0.511881
0.289182
0.283178
0.241524
0.247634
0.332677
0.377453
0.32705
0.372502
0.635417
0.593484
0.596832
0.629473
0.670067
0.70009
0.688241
0.661275
0.465231
0.422774
0.41882
0.467855
0.511881
0.554028
0.510924
0.555066
0.709821
0.725565
0.743934
0.724881
0.735145
0.738361
0.75686
0.76339
0.596832
0.593484
0.629473
0.635417
0.70009
0.661275
0.688241
0.670067
0.76339
0.709821
0.75686
0.735145
0.725565
0.743934
0.724881
8.9602e-05
8.09987e-05
5.28338e-35
-6.05889e-36
-6.05889e-36
8.09987e-05
5.28338e-35
8.9602e-05
0.0004317
0.000386581
0.00119908
0.00133465
0.0004317
0.000386581
0.00133465
0.00119908
0.00286591
0.00578432
0.00635414
0.00317034
0.00635414
0.00578432
0.00286591
0.00317034
0.0113285
0.0103847
0.0171099
0.0185409
0.0284219
0.0263955
0.0386473
0.0413655
0.0577058
0.0542217
0.0734061
0.0777034
0.0171099
0.0103847
0.0185409
0.0113285
0.101524
0.096403
0.123316
0.129233
0.0263955
0.0284219
0.0413655
0.0386473
0.0734061
0.0577058
0.0777034
0.0542217
0.101524
0.129233
0.123316
0.096403
0.195996
0.160778
0.154139
0.188752
0.27619
0.2346
0.268271
0.226914
0.3662
0.312355
0.358595
0.320258
0.195996
0.188752
0.160778
0.154139
0.46088
0.406333
0.454834
0.413326
0.27619
0.226914
0.2346
0.268271
0.503306
0.55092
0.508058
0.554028
0.639002
0.6402
0.597951
0.596832
0.3662
0.358595
0.312355
0.320258
0.406333
0.413326
0.46088
0.454834
0.68021
0.716098
0.709398
0.676395
0.747164
0.759718
0.772797
0.73736
0.508058
0.55092
0.554028
0.503306
0.596832
0.597951
0.639002
0.6402
0.776022
0.792487
0.805838
0.785939
0.785939
0.789268
0.812582
0.812582
0.709398
0.676395
0.716098
0.68021
0.747164
0.772797
0.759718
0.805838
0.792487
0.73736
0.776022
7.26626e-05
6.47622e-05
4.2125e-35
-3.55442e-36
0.0010676
0.00094141
0.000343505
0.000301997
-3.55442e-36
6.47622e-05
4.2125e-35
7.26626e-05
0.000343505
0.000301997
0.00094141
0.0010676
0.00228097
0.00467633
0.0052236
0.00256884
0.00467633
0.00228097
0.00256884
0.0052236
0.00944858
0.00852763
0.014262
0.01568
0.00852763
0.01568
0.014262
0.00944858
0.0243544
0.022315
0.0331096
0.0358883
0.0506555
0.0470361
0.0644321
0.0689711
0.0855644
0.110613
0.117094
0.091069
0.022315
0.0243544
0.0358883
0.0331096
0.14708
0.139657
0.172667
0.180956
0.0470361
0.0644321
0.0506555
0.0689711
0.110613
0.091069
0.117094
0.0855644
0.139657
0.180956
0.14708
0.172667
0.209499
0.218526
0.249888
0.259482
0.349744
0.293456
0.339715
0.303398
0.437851
0.388072
0.447138
0.397894
0.259482
0.249888
0.209499
0.218526
0.488298
0.545767
0.538606
0.496703
0.293456
0.303398
0.349744
0.339715
0.635417
0.587932
0.639002
0.593484
0.681486
0.721488
0.720138
0.68021
0.447138
0.437851
0.397894
0.388072
0.545767
0.496703
0.488298
0.538606
0.783073
0.754221
0.758476
0.790469
0.81685
0.806131
0.837104
0.822936
0.635417
0.593484
0.587932
0.639002
0.681486
0.721488
0.720138
0.68021
0.836585
0.850833
0.833156
0.857766
0.833156
0.850833
0.822936
0.857766
0.783073
0.758476
0.790469
0.754221
0.837104
0.81685
0.806131
5.72047e-05
5.0162e-05
3.25443e-35
-1.49872e-36
0.000821116
0.000707872
0.000263126
0.000226308
-1.49872e-36
5.0162e-05
3.25443e-35
5.72047e-05
0.00414653
0.00363832
0.00174208
0.0020049
0.000263126
0.000226308
0.000707872
0.000821116
0.00174208
0.00363832
0.00414653
0.0020049
0.00762889
0.00675905
0.0115059
0.0128671
0.0128671
0.0115059
0.00762889
0.00675905
0.0202926
0.0183033
0.0275799
0.030333
0.0202926
0.030333
0.0275799
0.0183033
0.0433906
0.0397482
0.0551851
0.059825
0.0799305
0.0742123
0.0970787
0.103924
0.131925
0.123945
0.154871
0.16395
0.0551851
0.0433906
0.059825
0.0397482
0.239563
0.199901
0.228587
0.189807
0.0742123
0.0970787
0.103924
0.0799305
0.123945
0.16395
0.154871
0.131925
0.239563
0.189807
0.199901
0.228587
0.316431
0.270927
0.328582
0.282605
0.414794
0.427043
0.364589
0.376942
0.529493
0.466352
0.518494
0.478156
0.270927
0.328582
0.316431
0.282605
0.5704
0.621214
0.629473
0.580218
0.364589
0.414794
0.427043
0.376942
0.670067
0.716098
0.676395
0.720138
0.759898
0.758476
0.794928
0.796419
0.478156
0.466352
0.529493
0.518494
0.629473
0.580218
0.621214
0.5704
0.848235
0.856246
0.829216
0.824565
0.875966
0.865482
0.87699
0.891048
0.676395
0.716098
0.670067
0.720138
0.796419
0.759898
0.758476
0.794928
0.879485
0.875966
0.898145
0.898145
0.848235
0.829216
0.865482
0.891048
0.824565
0.856246
0.87699
4.35173e-05
3.74318e-05
2.42065e-35
3.09514e-38
0.000602047
0.000504656
0.000192578
0.000161275
3.09514e-38
3.74318e-05
2.42065e-35
4.35173e-05
0.00315518
0.00270078
0.00126447
0.00149495
0.000192578
0.000161275
0.000504656
0.000602047
0.0101887
0.00892563
0.00592487
0.00513211
0.00126447
0.00270078
0.00315518
0.00149495
0.00592487
0.00513211
0.00892563
0.0101887
0.0163622
0.0144842
0.0222294
0.0248718
0.0163622
0.0248718
0.0222294
0.0144842
0.0361365
0.0325841
0.0459521
0.0505489
0.0325841
0.0361365
0.0505489
0.0459521
0.062699
0.0831333
0.0901307
0.0684532
0.115778
0.107489
0.135912
0.145501
0.179294
0.217043
0.168444
0.20502
0.062699
0.0901307
0.0831333
0.0684532
0.245455
0.303354
0.289452
0.258512
0.107489
0.135912
0.145501
0.115778
0.20502
0.168444
0.217043
0.179294
0.289452
0.245455
0.258512
0.303354
0.401199
0.336594
0.386361
0.351105
0.438128
0.505693
0.491188
0.452975
0.544761
0.598015
0.610701
0.558551
0.386361
0.401199
0.336594
0.351105
0.70009
0.650084
0.661275
0.709399
0.505693
0.452975
0.438128
0.491188
0.747165
0.790469
0.754221
0.794928
0.862692
0.830771
0.829216
0.861077
0.610701
0.544761
0.558551
0.598015
0.70009
0.661275
0.709399
0.650084
0.885274
0.902896
0.911424
0.890268
0.925758
0.913609
0.917202
0.932994
0.794928
0.747165
0.790469
0.754221
0.830771
0.861077
0.829216
0.862692
0.890268
0.902896
0.911424
0.913609
0.932994
0.925758
0.885274
3.1773e-05
2.66778e-05
1.7135e-35
9.85328e-37
0.000415812
0.000336302
0.000133328
0.000108029
9.85328e-37
2.66778e-05
1.7135e-35
3.1773e-05
0.00227785
0.00188935
0.000860271
0.00105279
0.000133328
0.000108029
0.000336302
0.000415812
0.00772571
0.00659766
0.00438681
0.00369346
0.000860271
0.00188935
0.00227785
0.00105279
0.0126833
0.0196731
0.017222
0.0109728
0.00438681
0.00369346
0.00659766
0.00772571
0.0126833
0.0109728
0.017222
0.0196731
0.029118
0.025765
0.0370194
0.0414307
0.029118
0.0414307
0.025765
0.0370194
0.0569936
0.0513821
0.0692098
0.0761417
0.0692098
0.0513821
0.0569936
0.0761417
0.0991413
0.0908004
0.116376
0.126179
0.192611
0.15734
0.14607
0.179912
0.259602
0.27483
0.217821
0.231856
0.0908004
0.126179
0.116376
0.0991413
0.304942
0.353414
0.370392
0.321167
0.179912
0.14607
0.192611
0.15734
0.259602
0.217821
0.27483
0.231856
0.304942
0.353414
0.321167
0.370392
0.475087
0.457514
0.404482
0.421922
0.511789
0.566518
0.58325
0.529134
0.673944
0.636579
0.688242
0.620861
0.475087
0.457514
0.404482
0.421922
0.73736
0.724881
0.783073
0.772798
0.566518
0.529134
0.511789
0.58325
0.856246
0.81685
0.824565
0.861077
0.918285
0.916566
0.891937
0.890268
0.620861
0.673944
0.636579
0.688242
0.772798
0.783073
0.73736
0.724881
0.945401
0.95433
0.934502
0.939774
0.949058
0.961678
0.961678
0.945401
0.824565
0.856246
0.861077
0.81685
0.916566
0.95433
0.891937
0.918285
0.939774
0.934502
0.890268
2.20064e-05
1.7858e-05
1.12489e-35
1.3537e-36
1.3537e-36
1.7858e-05
1.12489e-35
2.20064e-05
0.000265953
0.000205236
8.61386e-05
6.69235e-05
0.00153705
0.00122296
0.000537433
0.000688577
8.61386e-05
6.69235e-05
0.000205236
0.000265953
0.00248031
0.00554887
0.00458621
0.00305701
0.000537433
0.00122296
0.00153705
0.000688577
0.009365
0.0148942
0.0127063
0.00787049
0.00305701
0.00248031
0.00458621
0.00554887
0.0225501
0.0327521
0.0286608
0.0194972
0.009365
0.00787049
0.0127063
0.0148942
0.0225501
0.0194972
0.0286608
0.0327521
0.0459072
0.0406112
0.0557399
0.0623917
0.0459072
0.0623917
0.0557399
0.0406112
0.0825306
0.0743969
0.0968722
0.106582
0.106582
0.0743969
0.0968722
0.0825306
0.167022
0.13472
0.154042
0.12338
0.18888
0.203458
0.243886
0.227802
0.270604
0.335559
0.316962
0.288044
0.154042
0.12338
0.167022
0.13472
0.366441
0.438601
0.418495
0.385941
0.18888
0.227802
0.203458
0.243886
0.316962
0.270604
0.335559
0.288044
0.438601
0.366441
0.418495
0.385941
0.547947
0.472483
0.527677
0.492857
0.638446
0.583281
0.657303
0.60305
0.709822
0.692295
0.743935
0.759719
0.472483
0.527677
0.547947
0.492857
0.792487
0.848235
0.806131
0.837104
0.583281
0.657303
0.60305
0.638446
0.876991
0.911424
0.885274
0.916566
0.961514
0.939774
0.941536
0.959714
0.709822
0.759719
0.743935
0.692295
0.806131
0.837104
0.792487
0.848235
0.983671
0.974466
0.970762
0.976238
0.976238
0.959714
0.970762
0.983671
0.911424
0.885274
0.876991
0.916566
0.941536
0.961514
0.939774
1.17619e-36
1.0762e-05
6.34931e-36
1.40934e-05
1.40934e-05
1.0762e-05
6.34931e-36
1.17619e-36
0.000153654
0.000111272
5.09167e-05
3.73772e-05
5.09167e-05
3.73772e-05
0.000111272
0.000153654
0.000947642
0.000711859
0.000298681
0.000407808
0.00371473
0.00293883
0.00196674
0.00151718
0.000298681
0.000711859
0.000407808
0.000947642
0.0064991
0.010673
0.00880744
0.00525801
0.00196674
0.00151718
0.00293883
0.00371473
0.016628
0.0247758
0.0139619
0.0211248
0.0064991
0.00525801
0.00880744
0.010673
0.0355338
0.0493056
0.043137
0.0307126
0.016628
0.0139619
0.0211248
0.0247758
0.0355338
0.0307126
0.043137
0.0493056
0.0664615
0.0587857
0.0780043
0.0873217
0.0664615
0.0873217
0.0587857
0.0780043
0.101078
0.128213
0.112136
0.141072
0.101078
0.141072
0.128213
0.112136
0.195037
0.211477
0.159528
0.174198
0.234641
0.29777
0.252756
0.278129
0.325171
0.375326
0.397349
0.346132
0.195037
0.159528
0.211477
0.174198
0.428041
0.505862
0.48267
0.450822
0.278129
0.234641
0.252756
0.29777
0.397349
0.325171
0.375326
0.346132
0.48267
0.428041
0.505862
0.450822
0.59467
0.617516
0.53848
0.561702
0.704749
0.650388
0.725565
0.672433
0.776023
0.805838
0.822936
0.75686
0.53848
0.617516
0.561702
0.59467
0.865482
0.891048
0.850833
0.902897
0.672433
0.704749
0.725565
0.650388
0.934502
0.959715
0.925758
0.95433
0.991075
0.976238
0.98922
0.978069
0.75686
0.776023
0.822936
0.805838
0.865482
0.902897
0.891048
0.850833
0.98922
0.992962
0.998564
0.998564
0.95433
0.991075
0.978069
0.959715
0.934502
0.925758
0.976238
7.73193e-06
4.99454e-06
2.11571e-36
5.58732e-37
5.58732e-37
4.99454e-06
2.11571e-36
7.73193e-06
2.65546e-05
1.77098e-05
5.10934e-05
7.72305e-05
7.72305e-05
5.10934e-05
2.65546e-05
1.77098e-05
0.000514748
0.000355508
0.000140336
0.000210146
0.000140336
0.000210146
0.000355508
0.000514748
0.00226062
0.00168137
0.00113298
0.000812619
0.00415359
0.00711974
0.00561811
0.00318875
0.00113298
0.000812619
0.00168137
0.00226062
0.0115159
0.0177326
0.0146207
0.00930362
0.00415359
0.00318875
0.00561811
0.00711974
0.026182
0.0372799
0.031776
0.0219729
0.0115159
0.00930362
0.0146207
0.0177326
0.051427
0.0689918
0.0603518
0.0444402
0.026182
0.0219729
0.031776
0.0372799
0.0689918
0.051427
0.0444402
0.0603518
0.0798537
0.103228
0.115566
0.090289
0.090289
0.115566
0.0798537
0.103228
0.17861
0.130681
0.144985
0.162324
0.17861
0.130681
0.162324
0.144985
0.19817
0.238117
0.258193
0.216398
0.281949
0.329335
0.352596
0.303721
0.432876
0.458279
0.379829
0.404315
0.238117
0.19817
0.258193
0.216398
0.487827
0.570085
0.543947
0.513792
0.352596
0.329335
0.281949
0.303721
0.379829
0.458279
0.404315
0.432876
0.487827
0.570085
0.543947
0.513792
0.626326
0.600431
0.656425
0.681644
0.735146
0.711043
0.78594
0.76339
0.875967
0.812582
0.833156
0.857767
0.656425
0.681644
0.600431
0.626326
0.945401
0.932994
0.913609
0.898146
0.711043
0.76339
0.735146
0.78594
0.961678
0.970762
0.98922
0.983671
1.0042
1.00044
0.998564
1.00608
0.857767
0.812582
0.833156
0.875967
0.898146
0.913609
0.945401
0.932994
0.998564
0.98922
1.00044
1.00608
0.961678
0.983671
0.970762
-3.58755e-37
2.43593e-06
2.43593e-06
-3.58755e-37
3.15959e-05
1.07676e-05
1.07676e-05
3.15959e-05
0.0002316
8.82586e-05
8.82586e-05
0.0002316
0.000554899
0.00119957
0.000554899
0.00119957
0.00236544
0.00430711
0.00733571
0.0118066
0.00236544
0.00430711
0.0181119
0.0266628
0.0118066
0.00733571
0.0378749
0.0521484
0.0266628
0.0181119
0.0698498
0.0912943
0.0378749
0.0521484
0.0698498
0.0912943
0.116726
0.146307
0.116726
0.146307
0.180098
0.218057
0.218057
0.180098
0.260024
0.305725
0.35477
0.406659
0.516457
0.460785
0.305725
0.260024
0.629284
0.5729
0.406659
0.35477
0.460785
0.516457
0.629284
0.5729
0.684736
0.738361
0.836585
0.789268
0.917203
0.879485
0.684736
0.738361
0.974467
0.949058
0.836585
0.789268
1.0042
0.992962
1.00797
1.0042
0.879485
0.917203
0.949058
0.992962
0.974467
0.0798537
0.19817
0.162324
4.99454e-06
0.103228
0.130681
0.103228
0.130681
0.0798537
0.000355508
0.000812619
0.0603518
0.162324
0.00318875
0.0444402
0.031776
0.19817
0.0219729
0.0146207
0.238117
0.00930362
0.00561811
0.281949
0.00168137
0.329335
0.379829
0.000140336
5.10934e-05
0.432876
1.77098e-05
0.487827
0.543947
4.99454e-06
0.238117
0.281949
0.600431
0.656425
0.379829
0.711043
1.77098e-05
0.76339
0.812582
5.10934e-05
0.857767
0.898146
0.000140336
0.932994
0.961678
0.000355508
0.812582
0.983671
0.857767
0.998564
0.000812619
1.00608
1.00608
0.00168137
0.998564
0.983671
0.00318875
0.961678
0.932994
0.00561811
0.898146
0.00930362
0.76339
0.0146207
0.711043
0.656425
0.0219729
0.600431
0.543947
0.031776
0.487827
0.432876
0.0444402
0.329335
0.0603518
2.11571e-36
2.11571e-36
5.58732e-37
7.73193e-06
7.73193e-06
5.58732e-37
7.72305e-05
2.65546e-05
2.65546e-05
7.72305e-05
0.000210146
0.000514748
0.000210146
0.000514748
0.00226062
0.00113298
0.00113298
0.00226062
0.00711974
0.00415359
0.0177326
0.0115159
0.00415359
0.00711974
0.026182
0.0372799
0.0177326
0.0115159
0.0689918
0.051427
0.026182
0.0372799
0.090289
0.115566
0.051427
0.0689918
0.090289
0.115566
0.17861
0.144985
0.17861
0.144985
0.216398
0.258193
0.258193
0.216398
0.352596
0.303721
0.458279
0.404315
0.513792
0.570085
0.303721
0.352596
0.681644
0.626326
0.458279
0.404315
0.570085
0.513792
0.626326
0.681644
0.735146
0.78594
0.875967
0.833156
0.913609
0.945401
0.78594
0.735146
0.98922
0.970762
0.875967
0.833156
1.0042
1.00044
1.00044
0.98922
0.945401
0.913609
0.970762
0.159528
0.128213
0.128213
0.101078
0.159528
0.0780043
0.000111272
0.0587857
0.043137
0.195037
0.0307126
0.234641
0.0211248
0.0139619
0.00880744
0.278129
0.00525801
0.325171
0.00293883
0.00151718
0.000711859
0.375326
0.000298681
0.428041
3.73772e-05
1.0762e-05
0.48267
0.53848
1.0762e-05
0.59467
0.195037
0.650388
0.704749
0.278129
3.73772e-05
0.75686
0.805838
0.428041
0.850833
0.000111272
0.891048
0.000298681
0.925758
0.95433
0.976238
0.704749
0.000711859
0.991075
0.00151718
0.850833
0.998564
0.998564
0.991075
0.00293883
0.976238
0.00525801
0.95433
0.925758
0.891048
0.00880744
0.0139619
0.805838
0.75686
0.0211248
0.650388
0.0307126
0.59467
0.53848
0.48267
0.043137
0.0587857
0.375326
0.325171
0.0780043
0.234641
0.101078
6.34931e-36
6.34931e-36
1.17619e-36
1.40934e-05
1.40934e-05
1.17619e-36
0.000153654
5.09167e-05
5.09167e-05
0.000153654
0.000407808
0.000947642
0.000947642
0.000407808
0.00371473
0.00196674
0.00196674
0.00371473
0.010673
0.0064991
0.016628
0.0247758
0.0064991
0.010673
0.0355338
0.0493056
0.0247758
0.016628
0.0664615
0.0873217
0.0493056
0.0355338
0.141072
0.112136
0.0664615
0.0873217
0.141072
0.112136
0.174198
0.211477
0.211477
0.174198
0.29777
0.252756
0.252756
0.29777
0.397349
0.346132
0.505862
0.450822
0.561702
0.617516
0.397349
0.346132
0.672433
0.725565
0.450822
0.505862
0.617516
0.561702
0.672433
0.725565
0.776023
0.822936
0.865482
0.902897
0.934502
0.959715
0.822936
0.776023
0.98922
0.978069
0.865482
0.902897
0.992962
0.98922
0.978069
0.934502
0.959715
0.154042
0.0968722
0.18888
1.7858e-05
0.0743969
0.0557399
0.0406112
0.227802
0.0286608
0.00122296
0.00248031
0.270604
0.0194972
0.0127063
0.00787049
0.316962
0.00458621
0.366441
0.000537433
0.418495
0.000205236
0.472483
6.69235e-05
0.527677
0.583281
1.7858e-05
0.638446
0.154042
0.692295
6.69235e-05
0.743935
0.792487
0.837104
0.316962
0.366441
0.000205236
0.876991
0.000537433
0.911424
0.939774
0.961514
0.00122296
0.638446
0.976238
0.00248031
0.743935
0.792487
0.983671
0.983671
0.976238
0.00458621
0.961514
0.00787049
0.939774
0.911424
0.876991
0.0127063
0.837104
0.0194972
0.692295
0.0286608
0.0406112
0.583281
0.527677
0.472483
0.0557399
0.418495
0.0743969
0.270604
0.0968722
0.227802
0.12338
0.18888
0.12338
1.12489e-35
1.12489e-35
1.3537e-36
2.20064e-05
2.20064e-05
1.3537e-36
8.61386e-05
0.000265953
8.61386e-05
0.000265953
0.000688577
0.00153705
0.00153705
0.000688577
0.00554887
0.00305701
0.00305701
0.00554887
0.009365
0.0148942
0.0225501
0.0327521
0.009365
0.0148942
0.0459072
0.0623917
0.0327521
0.0225501
0.106582
0.0825306
0.0459072
0.0623917
0.167022
0.13472
0.0825306
0.106582
0.167022
0.13472
0.243886
0.203458
0.243886
0.203458
0.288044
0.335559
0.335559
0.288044
0.438601
0.385941
0.547947
0.492857
0.60305
0.657303
0.385941
0.438601
0.709822
0.759719
0.492857
0.547947
0.657303
0.60305
0.709822
0.759719
0.848235
0.806131
0.885274
0.916566
0.941536
0.959714
0.806131
0.848235
0.974466
0.970762
0.916566
0.885274
0.970762
0.959714
0.941536
0.217821
0.0513821
0.0370194
0.259602
0.025765
0.017222
0.304942
0.0109728
0.00659766
0.353414
0.00369346
0.00188935
0.404482
0.000860271
0.000336302
0.457514
0.000108029
2.66778e-05
0.511789
0.566518
2.66778e-05
0.0692098
0.0908004
0.620861
0.673944
0.14607
0.724881
0.000108029
0.772798
0.81685
0.000336302
0.856246
0.890268
0.000860271
0.918285
0.939774
0.00188935
0.511789
0.95433
0.566518
0.961678
0.00369346
0.961678
0.95433
0.00659766
0.772798
0.81685
0.939774
0.918285
0.0109728
0.890268
0.856246
0.017222
0.025765
0.724881
0.673944
0.0370194
0.620861
0.0513821
0.457514
0.0692098
0.404482
0.353414
0.0908004
0.304942
0.259602
0.116376
0.217821
0.179912
0.14607
0.116376
0.179912
1.7135e-35
1.7135e-35
9.85328e-37
3.1773e-05
3.1773e-05
9.85328e-37
0.000415812
0.000133328
0.000133328
0.000415812
0.00227785
0.00105279
0.00105279
0.00227785
0.00772571
0.00438681
0.00438681
0.00772571
0.0196731
0.0126833
0.029118
0.0414307
0.0196731
0.0126833
0.0761417
0.0569936
0.029118
0.0414307
0.126179
0.0991413
0.0761417
0.0569936
0.192611
0.15734
0.126179
0.0991413
0.15734
0.192611
0.27483
0.231856
0.231856
0.27483
0.370392
0.321167
0.321167
0.370392
0.475087
0.421922
0.58325
0.529134
0.636579
0.688242
0.421922
0.475087
0.783073
0.73736
0.529134
0.58325
0.688242
0.636579
0.783073
0.73736
0.824565
0.861077
0.891937
0.916566
0.934502
0.945401
0.861077
0.824565
0.945401
0.949058
0.891937
0.934502
0.916566
0.0325841
0.0222294
0.289452
0.0144842
0.336594
0.00892563
0.00513211
0.00270078
0.386361
0.00126447
0.438128
0.000504656
0.000161275
3.74318e-05
0.491188
0.544761
3.74318e-05
0.598015
0.0459521
0.650084
0.70009
0.0831333
0.000161275
0.747165
0.790469
0.168444
0.829216
0.000504656
0.862692
0.00126447
0.890268
0.911424
0.925758
0.386361
0.00270078
0.932994
0.00513211
0.544761
0.932994
0.925758
0.911424
0.00892563
0.70009
0.890268
0.0144842
0.862692
0.829216
0.790469
0.0222294
0.747165
0.0325841
0.650084
0.598015
0.0459521
0.062699
0.491188
0.438128
0.0831333
0.336594
0.107489
0.289452
0.245455
0.20502
0.135912
0.168444
0.135912
0.107489
0.20502
0.062699
0.245455
2.42065e-35
2.42065e-35
3.09514e-38
4.35173e-05
4.35173e-05
3.09514e-38
0.000602047
0.000192578
0.000192578
0.000602047
0.00315518
0.00149495
0.00315518
0.00149495
0.00592487
0.0101887
0.00592487
0.0101887
0.0163622
0.0248718
0.0361365
0.0505489
0.0163622
0.0248718
0.0901307
0.0684532
0.0505489
0.0361365
0.145501
0.115778
0.0901307
0.0684532
0.217043
0.179294
0.145501
0.115778
0.179294
0.217043
0.303354
0.258512
0.303354
0.258512
0.401199
0.351105
0.401199
0.351105
0.505693
0.452975
0.558551
0.610701
0.709399
0.661275
0.452975
0.505693
0.754221
0.794928
0.610701
0.558551
0.661275
0.709399
0.794928
0.754221
0.861077
0.830771
0.902896
0.885274
0.913609
0.917202
0.830771
0.861077
0.902896
0.913609
0.885274
0.316431
0.0115059
0.364589
0.00675905
0.00363832
0.00174208
0.414794
0.000707872
0.466352
0.000226308
5.0162e-05
0.518494
0.5704
5.0162e-05
0.621214
0.0275799
0.670067
0.000226308
0.716098
0.758476
0.796419
0.0970787
0.123945
0.000707872
0.829216
0.00174208
0.856246
0.87699
0.891048
0.00363832
0.316431
0.898145
0.00675905
0.414794
0.466352
0.898145
0.891048
0.87699
0.0115059
0.621214
0.856246
0.0183033
0.829216
0.796419
0.758476
0.0275799
0.716098
0.0397482
0.670067
0.5704
0.0551851
0.518494
0.0742123
0.364589
0.0970787
0.123945
0.270927
0.228587
0.189807
0.154871
0.154871
0.189807
0.0742123
0.228587
0.0551851
0.270927
0.0397482
0.0183033
3.25443e-35
3.25443e-35
-1.49872e-36
5.72047e-05
5.72047e-05
-1.49872e-36
0.000263126
0.000821116
0.000263126
0.000821116
0.00414653
0.0020049
0.0020049
0.00414653
0.00762889
0.0128671
0.00762889
0.0128671
0.030333
0.0202926
0.059825
0.0433906
0.0202926
0.030333
0.0799305
0.103924
0.0433906
0.059825
0.131925
0.16395
0.0799305
0.103924
0.199901
0.239563
0.16395
0.131925
0.199901
0.239563
0.328582
0.282605
0.328582
0.282605
0.427043
0.376942
0.376942
0.427043
0.529493
0.478156
0.629473
0.580218
0.676395
0.720138
0.478156
0.529493
0.794928
0.759898
0.629473
0.580218
0.676395
0.720138
0.794928
0.759898
0.848235
0.824565
0.875966
0.865482
0.879485
0.875966
0.824565
0.865482
0.848235
0.388072
0.00228097
0.00094141
0.437851
0.000301997
6.47622e-05
0.488298
0.538606
6.47622e-05
0.00467633
0.00852763
0.587932
0.635417
0.022315
0.68021
0.000301997
0.721488
0.758476
0.00094141
0.790469
0.81685
0.00228097
0.837104
0.850833
0.00467633
0.209499
0.857766
0.249888
0.857766
0.00852763
0.850833
0.837104
0.014262
0.437851
0.488298
0.81685
0.790469
0.022315
0.758476
0.721488
0.0331096
0.68021
0.635417
0.0470361
0.587932
0.538606
0.0644321
0.0855644
0.388072
0.339715
0.110613
0.293456
0.139657
0.172667
0.172667
0.139657
0.110613
0.209499
0.0855644
0.0644321
0.249888
0.0470361
0.0331096
0.293456
0.014262
0.339715
4.2125e-35
4.2125e-35
-3.55442e-36
7.26626e-05
7.26626e-05
-3.55442e-36
0.0010676
0.000343505
0.000343505
0.0010676
0.00256884
0.0052236
0.0052236
0.00256884
0.01568
0.00944858
0.00944858
0.01568
0.0243544
0.0358883
0.0506555
0.0689711
0.0243544
0.0358883
0.117094
0.091069
0.0689711
0.0506555
0.14708
0.180956
0.091069
0.117094
0.218526
0.259482
0.14708
0.180956
0.259482
0.218526
0.349744
0.303398
0.303398
0.349744
0.397894
0.447138
0.447138
0.397894
0.545767
0.496703
0.639002
0.593484
0.720138
0.681486
0.545767
0.496703
0.754221
0.783073
0.639002
0.593484
0.681486
0.720138
0.783073
0.754221
0.806131
0.822936
0.836585
0.833156
0.833156
0.822936
0.806131
0.000386581
8.09987e-05
0.454834
0.503306
8.09987e-05
0.55092
0.00119908
0.596832
0.6402
0.00578432
0.000386581
0.68021
0.716098
0.0263955
0.747164
0.00119908
0.772797
0.00286591
0.792487
0.805838
0.812582
0.123316
0.00578432
0.812582
0.0103847
0.226914
0.805838
0.792487
0.772797
0.0171099
0.358595
0.747164
0.0263955
0.716098
0.68021
0.6402
0.0386473
0.596832
0.0542217
0.55092
0.503306
0.454834
0.0734061
0.406333
0.096403
0.312355
0.268271
0.123316
0.154139
0.188752
0.154139
0.188752
0.096403
0.226914
0.0734061
0.0542217
0.0386473
0.268271
0.312355
0.0171099
0.0103847
0.358595
0.00286591
0.406333
5.28338e-35
5.28338e-35
-6.05889e-36
8.9602e-05
8.9602e-05
-6.05889e-36
0.0004317
0.00133465
0.0004317
0.00133465
0.00635414
0.00317034
0.00635414
0.00317034
0.0185409
0.0113285
0.0113285
0.0185409
0.0284219
0.0413655
0.0777034
0.0577058
0.0284219
0.0413655
0.129233
0.101524
0.0577058
0.0777034
0.160778
0.195996
0.101524
0.129233
0.2346
0.27619
0.160778
0.195996
0.2346
0.27619
0.3662
0.320258
0.3662
0.320258
0.46088
0.413326
0.46088
0.413326
0.508058
0.554028
0.639002
0.597951
0.709398
0.676395
0.554028
0.508058
0.73736
0.759718
0.639002
0.597951
0.676395
0.709398
0.759718
0.73736
0.785939
0.776022
0.785939
0.789268
0.776022
0.465231
0.510924
9.85333e-05
9.85333e-05
0.555066
0.596832
0.00047782
0.635417
0.670067
0.00692867
0.0122731
0.70009
0.00147351
0.724881
0.00347951
0.743934
0.75686
0.76339
0.0818291
0.00692867
0.76339
0.134798
0.166948
0.0122731
0.75686
0.743934
0.724881
0.283178
0.0199616
0.70009
0.0304184
0.670067
0.635417
0.465231
0.596832
0.0440212
0.555066
0.061082
0.510924
0.41882
0.0818291
0.372502
0.106394
0.32705
0.241524
0.134798
0.202633
0.166948
0.106394
0.202633
0.241524
0.061082
0.0440212
0.0304184
0.283178
0.0199616
0.32705
0.00347951
0.372502
0.00147351
0.41882
0.00047782
6.44796e-35
6.44796e-35
-8.91578e-36
0.000107641
-8.91578e-36
0.000107641
0.00161445
0.000525282
0.000525282
0.00161445
0.00750353
0.00379125
0.00750353
0.00379125
0.0132107
0.0213612
0.0132107
0.0213612
0.0465946
0.0323688
0.0857523
0.0643231
0.0323688
0.0465946
0.139969
0.110973
0.0857523
0.0643231
0.208613
0.1726
0.110973
0.139969
0.289182
0.247634
0.1726
0.208613
0.289182
0.247634
0.332677
0.377453
0.332677
0.377453
0.467855
0.422774
0.467855
0.422774
0.511881
0.554028
0.629473
0.593484
0.661275
0.688241
0.511881
0.554028
0.725565
0.709821
0.593484
0.629473
0.661275
0.688241
0.725565
0.709821
0.738361
0.735145
0.735145
0.000116946
0.510923
0.55092
0.587932
0.000573133
0.621213
0.650083
0.00175651
0.673943
0.692294
0.00410308
0.704748
0.711042
0.034259
0.00807415
0.049065
0.711042
0.704748
0.0141345
0.692294
0.673943
0.144706
0.177693
0.0227286
0.650083
0.621213
0.034259
0.587932
0.55092
0.049065
0.510923
0.468732
0.0674054
0.425158
0.381016
0.089442
0.337098
0.294157
0.115229
0.252884
0.213889
0.144706
0.177693
0.115229
0.089442
0.213889
0.0674054
0.252884
0.0227286
0.294157
0.0141345
0.00807415
0.337098
0.00410308
0.00175651
0.381016
0.000573133
0.000116946
0.425158
0.468732
7.68098e-35
7.68098e-35
-1.20171e-35
0.000126328
0.000126328
-1.20171e-35
0.00062155
0.00189856
0.00062155
0.00189856
0.00441256
0.00863631
0.00863631
0.00441256
0.0240536
0.0150368
0.0240536
0.0150368
0.0514143
0.0360733
0.0928709
0.0703039
0.0360733
0.0514143
0.148975
0.119128
0.0928709
0.0703039
0.182186
0.218423
0.148975
0.119128
0.257234
0.298067
0.182186
0.218423
0.257234
0.298067
0.34028
0.383164
0.34028
0.383164
0.467855
0.425955
0.467855
0.425955
0.545766
0.508058
0.580218
0.610701
0.657303
0.636578
0.508058
0.545766
0.672433
0.681642
0.580218
0.610701
0.636578
0.657303
0.672433
0.684735
0.681642
0.538606
0.00066973
0.570399
0.598014
0.620861
0.00203951
0.638446
0.00471747
0.650387
0.00918539
0.656424
0.656424
0.00918539
0.0377989
0.650387
0.0159114
0.638446
0.620861
0.096012
0.598014
0.0253255
0.570399
0.0377989
0.538606
0.503305
0.260652
0.465231
0.0536236
0.425158
0.0729979
0.383882
0.342199
0.30088
0.096012
0.122641
0.22218
0.186048
0.152741
0.152741
0.122641
0.186048
0.0729979
0.0536236
0.22218
0.260652
0.0253255
0.0159114
0.30088
0.00471747
0.342199
0.00203951
0.00066973
0.000135761
0.383882
0.425158
0.000135761
0.465231
0.503305
8.9526e-35
8.9526e-35
-1.5249e-35
0.000145164
0.000145164
-1.5249e-35
0.00217834
0.000717659
0.000717659
0.00217834
0.00971752
0.00501517
0.00501517
0.00971752
0.0167506
0.0265351
0.0167506
0.0265351
0.0394213
0.0556769
0.0988422
0.0754653
0.0394213
0.0556769
0.155978
0.125741
0.0988422
0.0754653
0.225132
0.189247
0.125741
0.155978
0.302576
0.263112
0.225132
0.189247
0.302576
0.263112
0.34284
0.383164
0.34284
0.383164
0.422773
0.460879
0.422773
0.460879
0.496702
0.529492
0.55855
0.583249
0.617515
0.60305
0.496702
0.529492
0.629283
0.626325
0.583249
0.55855
0.617515
0.60305
0.626325
0.000764733
0.518493
0.54476
0.566517
0.00231386
0.58328
0.00231386
0.00530377
0.594669
0.0102282
0.017549
0.600429
0.600429
0.0102282
0.594669
0.0575577
0.017549
0.58328
0.566517
0.54476
0.0276725
0.158659
0.191761
0.518493
0.0409295
0.488298
0.454833
0.418819
0.0575577
0.381016
0.077689
0.342199
0.303143
0.264595
0.101339
0.227256
0.128405
0.128405
0.158659
0.101339
0.191761
0.077689
0.0409295
0.227256
0.0276725
0.264595
0.00530377
0.303143
0.342199
0.000764733
0.000154465
0.381016
0.418819
0.000154465
0.454833
0.488298
1.023e-34
1.023e-34
-1.84973e-35
0.00016363
0.00016363
-1.84973e-35
0.00244524
0.000810732
0.000810732
0.00244524
0.0107139
0.00558055
0.0107139
0.00558055
0.0287297
0.0182994
0.0182994
0.0287297
0.0423105
0.0592525
0.0796505
0.103485
0.0423105
0.0592525
0.160766
0.130611
0.0796505
0.103485
0.19357
0.228537
0.130611
0.160766
0.265091
0.302576
0.228537
0.19357
0.302576
0.265091
0.34028
0.377452
0.377452
0.34028
0.413325
0.447137
0.447137
0.413325
0.478155
0.505692
0.529133
0.547946
0.561702
0.570083
0.478155
0.505692
0.570083
0.5729
0.547946
0.529133
0.561702
0.511788
0.0025712
0.527675
0.000172533
0.538479
0.00584403
0.543945
0.543945
0.0111705
0.0111705
0.0189973
0.538479
0.527675
0.0189973
0.511788
0.491187
0.0296978
0.466351
0.43785
0.0435555
0.406332
0.162283
0.372501
0.0607477
0.337098
0.300879
0.0813367
0.264595
0.228965
0.105263
0.194661
0.132346
0.132346
0.105263
0.162283
0.0813367
0.0607477
0.194661
0.0435555
0.0296978
0.228965
0.264595
0.00584403
0.0025712
0.300879
0.000855291
0.337098
0.372501
0.000172533
0.491187
0.406332
0.43785
0.466351
0.000855291
1.14787e-34
1.14787e-34
-2.16511e-35
0.000181201
0.000181201
-2.16511e-35
0.00089797
0.00269112
0.00089797
0.00269112
0.0115951
0.00609143
0.00609143
0.0115951
0.0305705
0.019636
0.019636
0.0305705
0.0620328
0.0446533
0.10666
0.0827332
0.0446533
0.0620328
0.133593
0.163197
0.10666
0.0827332
0.195025
0.228537
0.163197
0.133593
0.263112
0.298066
0.228537
0.195025
0.263112
0.298066
0.366199
0.332677
0.366199
0.332677
0.397893
0.427042
0.427042
0.397893
0.475086
0.452975
0.505861
0.492856
0.516455
0.513791
0.475086
0.452975
0.513791
0.492856
0.505861
0.0028037
0.482669
0.00632175
0.487826
0.487826
0.482669
0.0028037
0.0119837
0.472481
0.020212
0.457512
0.438127
0.414793
0.0455974
0.0313401
0.388072
0.0455974
0.358594
0.107666
0.327049
0.294157
0.163503
0.0630972
0.260652
0.0838311
0.227256
0.194661
0.107666
0.134346
0.134346
0.0838311
0.0630972
0.163503
0.194661
0.0313401
0.020212
0.0119837
0.227256
0.00632175
0.260652
0.000938679
0.00018945
0.294157
0.327049
0.00018945
0.472481
0.358594
0.388072
0.414793
0.000938679
0.438127
0.457512
1.26644e-34
1.26644e-34
-2.46061e-35
0.000197372
0.000197372
-2.46061e-35
0.00290853
0.000976751
0.000976751
0.00290853
0.0123341
0.00653224
0.0123341
0.00653224
0.0320018
0.0207197
0.0207197
0.0320018
0.063934
0.0463789
0.108272
0.0846205
0.0463789
0.063934
0.163197
0.134597
0.0846205
0.108272
0.225132
0.193569
0.163197
0.134597
0.289182
0.257234
0.193569
0.225132
0.257234
0.289182
0.320258
0.349743
0.320258
0.349743
0.376942
0.401198
0.376942
0.401198
0.421921
0.4386
0.450821
0.458277
0.460785
0.458277
0.4386
0.421921
0.450821
0.00672244
0.432875
0.432875
0.000204727
0.42804
0.012643
0.418494
0.0211566
0.404481
0.012643
0.0211566
0.386359
0.364588
0.0325497
0.339714
0.0469937
0.312354
0.283177
0.108474
0.252883
0.0645357
0.22218
0.0850972
0.19176
0.162282
0.134346
0.108474
0.134346
0.0850972
0.0645357
0.0469937
0.162282
0.0325497
0.19176
0.00672244
0.22218
0.00300429
0.252883
0.00101239
0.283177
0.312354
0.000204727
0.42804
0.339714
0.364588
0.00101239
0.386359
0.404481
0.418494
0.00300429
1.37535e-34
1.37535e-34
-2.72676e-35
0.000211674
0.000211674
-2.72676e-35
0.00104471
0.00309087
0.00104471
0.00309087
0.0129088
0.00688966
0.0129088
0.00688966
0.0329806
0.0215179
0.0215179
0.0329806
0.0474354
0.064899
0.108272
0.085256
0.064899
0.0474354
0.133593
0.160766
0.085256
0.108272
0.218423
0.189246
0.160766
0.133593
0.276189
0.247633
0.218423
0.189246
0.247633
0.276189
0.303397
0.328581
0.303397
0.328581
0.37039
0.351104
0.37039
0.351104
0.38594
0.397347
0.404314
0.406657
0.404314
0.38594
0.397347
0.375324
0.0131286
0.366439
0.353413
0.0218025
0.336593
0.31643
0.0332903
0.293455
0.0131286
0.26827
0.0477024
0.241523
0.0477024
0.213889
0.0650201
0.0650201
0.186047
0.158659
0.0850972
0.132346
0.107666
0.107666
0.0850972
0.132346
0.0332903
0.158659
0.0218025
0.186047
0.00703399
0.00316694
0.213889
0.00107422
0.00021792
0.241523
0.26827
0.00021792
0.379827
0.293455
0.379827
0.31643
0.336593
0.00107422
0.353413
0.366439
0.00316694
0.375324
0.00703399
1.47154e-34
1.47154e-34
-2.95525e-35
0.00022369
0.00022369
-2.95525e-35
0.00323266
0.00109981
0.00323266
0.00109981
0.00715291
0.0133018
0.0133018
0.00715291
0.0334774
0.0220066
0.0220066
0.0334774
0.0477911
0.064899
0.0846205
0.10666
0.064899
0.0477911
0.155977
0.130611
0.10666
0.0846205
0.182186
0.208612
0.155977
0.130611
0.259481
0.234599
0.208612
0.182186
0.234599
0.259481
0.282604
0.303353
0.303353
0.282604
0.321166
0.335557
0.335557
0.321166
0.346131
0.352594
0.354769
0.352594
0.346131
0.013426
0.304941
0.0221304
0.28945
0.270926
0.249887
0.00328676
0.0335396
0.226914
0.013426
0.0477024
0.202633
0.177692
0.152741
0.0645357
0.128404
0.083831
0.105263
0.083831
0.0645357
0.105263
0.0477024
0.128404
0.0335396
0.0221304
0.152741
0.00724706
0.177692
0.00112232
0.000228642
0.202633
0.226914
0.000228642
0.316961
0.249887
0.270926
0.28945
0.329334
0.00112232
0.304941
0.316961
0.32517
0.00328676
0.00724706
0.329334
0.32517
1.55223e-34
1.55223e-34
-3.13908e-35
0.000233069
0.000233069
-3.13908e-35
0.00332966
0.00114041
0.00114041
0.00332966
0.0135013
0.0073141
0.0073141
0.0135013
0.0334775
0.0221711
0.0221711
0.0334775
0.0639339
0.0474354
0.103485
0.0827331
0.0639339
0.0474354
0.148974
0.125741
0.103485
0.0827331
0.195995
0.1726
0.148974
0.125741
0.218525
0.239562
0.1726
0.195995
0.218525
0.239562
0.274829
0.258511
0.274829
0.258511
0.288043
0.297768
0.297768
0.288043
0.30372
0.305724
0.30372
0.0221304
0.245454
0.228586
0.209498
0.0332903
0.188751
0.00336015
0.0469937
0.166947
0.0135261
0.144706
0.122641
0.0630971
0.101339
0.0813366
0.0813366
0.0630971
0.0469937
0.101339
0.0332903
0.122641
0.0221304
0.00735524
0.144706
0.166947
0.00115524
0.000236581
0.188751
0.209498
0.000236581
0.259601
0.228586
0.245454
0.278127
0.281948
0.00115524
0.259601
0.270603
0.278127
0.00336015
0.281948
0.00735524
0.270603
0.0135261
1.61514e-34
1.61514e-34
-3.27271e-35
0.000239535
0.000239535
-3.27271e-35
0.00337895
0.0011653
0.0011653
0.00337895
0.0135014
0.00736841
0.0135014
0.00736841
0.0329807
0.0220066
0.0220066
0.0329807
0.0463789
0.0620327
0.0796504
0.0988418
0.0463789
0.0620327
0.119128
0.139968
0.0988418
0.0796504
0.160778
0.180955
0.139968
0.119128
0.217041
0.1999
0.180955
0.160778
0.1999
0.217041
0.243884
0.231855
0.231855
0.243884
0.258191
0.252756
0.252756
0.258191
0.260023
0.172666
0.0325498
0.154138
0.000241503
0.134797
0.0455974
0.115229
0.0960116
0.0607475
0.0134261
0.0218026
0.0776888
0.0607475
0.0776888
0.0455974
0.0325498
0.0960116
0.115229
0.00735532
0.00338493
0.134797
0.00117202
0.154138
0.172666
0.000241503
0.189806
0.189806
0.205018
0.205018
0.21782
0.00117202
0.227801
0.234639
0.00338493
0.238115
0.238115
0.00735532
0.234639
0.227801
0.0134261
0.21782
0.0218026
1.65843e-34
1.65843e-34
-3.35217e-35
0.0002429
0.0002429
-3.35217e-35
0.00117374
0.00337907
0.00117374
0.00337907
0.013302
0.00731421
0.00731421
0.013302
0.0320019
0.021518
0.021518
0.0320019
0.0446533
0.0592523
0.0928704
0.0754652
0.0592523
0.0446533
0.129232
0.110973
0.0928704
0.0754652
0.163949
0.14708
0.129232
0.110973
0.192609
0.179293
0.163949
0.14708
0.179293
0.192609
0.211475
0.203457
0.211475
0.203457
0.216397
0.216397
0.218055
0.0313402
0.106393
0.0435555
0.0894415
0.0729976
0.0575575
0.00336036
0.0575575
0.0435555
0.0729976
0.0313402
0.0211568
0.0131289
0.0894415
0.00724729
0.106393
0.00117216
0.000243265
0.123315
0.139656
0.000243265
0.123315
0.15487
0.168443
0.179911
0.168443
0.00117216
0.188878
0.195035
0.198168
0.00336036
0.198168
0.00724729
0.195035
0.188878
0.179911
0.0131289
0.0211568
0.15487
0.139656
1.68087e-34
1.68087e-34
-3.37509e-35
0.000243065
0.000243065
-3.37509e-35
0.00333002
0.00116547
0.00116547
0.00333002
0.0129091
0.00715312
0.00715312
0.0129091
0.0207198
0.0305706
0.0305706
0.0207198
0.0423106
0.0556767
0.0703037
0.0857517
0.0423106
0.0556767
0.101524
0.117093
0.0703037
0.0857517
0.1455
0.131924
0.101524
0.117093
0.15734
0.167021
0.1455
0.131924
0.15734
0.167021
0.178608
0.174197
0.178608
0.174197
0.180097
0.0409295
0.067405
0.0536235
0.000241814
0.0409295
0.0536235
0.0296979
0.067405
0.0202123
0.0126433
0.00703438
0.0818286
0.00328717
0.0964024
0.00115564
0.110612
0.123944
0.000241814
0.0818286
0.135911
0.146069
0.110612
0.123944
0.00115564
0.154041
0.159527
0.162323
0.154041
0.00328717
0.162323
0.00703438
0.159527
0.146069
0.0126433
0.135911
0.0202123
0.0964024
0.0296979
1.68181e-34
1.68181e-34
-3.34076e-35
0.000240025
0.000240025
-3.34076e-35
0.00323326
0.00114075
0.00114075
0.00323326
0.00688997
0.0123346
0.0123346
0.00688997
0.0196362
0.0287298
0.0196362
0.0287298
0.0394213
0.0514141
0.0777027
0.0643229
0.0514141
0.0394213
0.0910686
0.103923
0.0777027
0.0643229
0.115778
0.126177
0.0910686
0.103923
0.134719
0.14107
0.115778
0.126177
0.134719
0.14107
0.146305
0.144984
0.144984
0.0276726
0.0490648
0.0189976
0.0119841
0.0610816
0.00672296
0.00316755
0.0734055
0.00112296
0.000237193
0.0855637
0.0970778
0.000237193
0.0377988
0.107488
0.0490648
0.116375
0.123378
0.00112296
0.128212
0.130679
0.0970778
0.107488
0.00316755
0.130679
0.128212
0.00672296
0.123378
0.116375
0.0119841
0.0189976
0.0855637
0.0734055
0.0276726
0.0610816
0.0377988
1.66122e-34
1.66122e-34
-3.25013e-35
0.000233868
0.000233868
-3.25013e-35
0.0011003
0.00309168
0.0011003
0.00309168
0.0115956
0.00653264
0.0115956
0.00653264
0.0182997
0.0265353
0.0182997
0.0265353
0.0360733
0.0465943
0.0689704
0.0577056
0.0465943
0.0360733
0.0901296
0.0799301
0.0689704
0.0577056
0.106581
0.0991407
0.0901296
0.0799301
0.115565
0.112135
0.0991407
0.106581
0.115565
0.112135
0.116725
0.044021
0.0063224
0.0542213
0.00300507
0.0010751
0.000229537
0.0644315
0.0742116
0.000229537
0.011171
0.0831324
0.0907994
0.0968711
0.034259
0.0010751
0.101076
0.103227
0.103227
0.0644315
0.00300507
0.101076
0.0063224
0.0968711
0.0907994
0.0831324
0.011171
0.0742116
0.0175494
0.0542213
0.044021
0.0253257
0.034259
0.0253257
0.0175494
1.61969e-34
1.61969e-34
-3.1058e-35
0.000224775
0.000224775
-3.1058e-35
0.00290952
0.00104534
0.00104534
0.00290952
0.0060919
0.0107145
0.0107145
0.0060919
0.0167509
0.0240538
0.0240538
0.0167509
0.0413652
0.0323689
0.0506553
0.0598243
0.0413652
0.0323689
0.0761406
0.0684528
0.0598243
0.0506553
0.08253
0.0873204
0.0761406
0.0684528
0.0912929
0.0902884
0.0873204
0.08253
0.0902884
0.0470357
0.00101348
0.00021907
0.0551845
0.0626982
0.00021907
0.00280462
0.0692089
0.0743959
0.0102287
0.0159118
0.00101348
0.0780033
0.0798527
0.0798527
0.0386471
0.00280462
0.0780033
0.00584478
0.0743959
0.0692089
0.0626982
0.0102287
0.0551845
0.0159118
0.0470357
0.0304184
0.0227288
0.0227288
0.0304184
0.00584478
0.0386471
1.55841e-34
1.55841e-34
-2.91198e-35
0.000213012
0.000213012
-2.91198e-35
0.000977504
0.00269228
0.000977504
0.00269228
0.00971819
0.00558109
0.00971819
0.00558109
0.0213614
0.0150371
0.0213614
0.0150371
0.035888
0.0284219
0.0433904
0.0505481
0.035888
0.0284219
0.0569932
0.0623907
0.0433904
0.0505481
0.0664609
0.0689906
0.0623907
0.0569932
0.0698492
0.0689906
0.0664609
0.0459515
0.000206099
0.0513814
0.000206099
0.0557391
0.0587849
0.000939935
0.0603508
0.0603508
0.009186
0.0141349
0.00257225
0.0587849
0.0263955
0.0557391
0.0053046
0.0513814
0.0459515
0.009186
0.0397478
0.0331093
0.0141349
0.0199618
0.0199618
0.0263955
0.0053046
0.00257225
0.0331093
0.000939935
0.0397478
1.47912e-34
1.47912e-34
-2.67443e-35
0.000198922
-2.67443e-35
0.000198922
0.00244652
0.000898821
0.000898821
0.00244652
0.00501575
0.00863702
0.00501575
0.00863702
0.0185411
0.013211
0.013211
0.0185411
0.0243545
0.0303327
0.0361363
0.04143
0.0303327
0.0243545
0.0459068
0.0493046
0.04143
0.0361363
0.0521474
0.0514266
0.0493046
0.0459068
0.0514266
0.000191001
0.0370189
0.0406106
0.0431363
0.00085668
0.0444395
0.002315
0.0444395
0.0431363
0.002315
0.0406106
0.00471835
0.0370189
0.0325837
0.0275796
0.00807478
0.022315
0.0122735
0.0171101
0.0122735
0.00807478
0.0171101
0.00471835
0.022315
0.00085668
0.000191001
0.0275796
0.0325837
1.3841e-34
1.3841e-34
-2.40031e-35
0.000182916
0.000182916
-2.40031e-35
0.0021797
0.000811654
0.000811654
0.0021797
0.00750427
0.00441317
0.00441317
0.00750427
0.0156802
0.0113288
0.0156802
0.0113288
0.0248715
0.0202927
0.0327515
0.0291178
0.0202927
0.0248715
0.0355335
0.037279
0.0327515
0.0291178
0.0378745
0.0355335
0.037279
0.0307121
0.000766212
0.0317754
0.000174215
0.0317754
0.0307121
0.0020407
0.0286603
0.00410399
0.00692931
0.0103851
0.0257646
0.0222292
0.0183033
0.00692931
0.0142622
0.0103851
0.00410399
0.0142622
0.0020407
0.0183033
0.000766212
0.0222292
0.0257646
0.000174215
0.0286603
1.27606e-34
1.27606e-34
-2.0981e-35
0.000165457
0.000165457
-2.0981e-35
0.00189996
0.000718625
0.000718625
0.00189996
0.00379187
0.00635488
0.00379187
0.00635488
0.00944888
0.0128673
0.0128673
0.00944888
0.0196729
0.0163623
0.02255
0.0247752
0.0163623
0.0196729
0.0261818
0.0266622
0.0247752
0.02255
0.0261818
0.000671255
0.0219725
0.0211244
0.00175772
0.0194969
0.0172219
0.00348042
0.0144841
0.011506
0.00578495
0.00852803
0.00578495
0.00852803
0.00348042
0.00175772
0.011506
0.000671255
0.000156226
0.0144841
0.0172219
0.000156226
0.0194969
0.0211244
0.0219725
1.15805e-34
1.15805e-34
-1.77741e-35
0.000147047
0.000147047
-1.77741e-35
0.00161585
0.00062253
0.00062253
0.00161585
0.00317095
0.00522432
0.00317095
0.00522432
0.00762918
0.0101889
0.00762918
0.0101889
0.0126834
0.014894
0.0177322
0.0166279
0.014894
0.0126834
0.0177322
0.0181117
0.0166279
0.0139617
0.0127062
0.0014747
0.0109728
0.0028668
0.00892581
0.0014747
0.00675943
0.00467693
0.00467693
0.0028668
0.00675943
0.000574656
0.000137548
0.00892581
0.0109728
0.000137548
0.0127062
0.0146204
0.0139617
0.0146204
0.000574656
1.03339e-34
1.03339e-34
0.000128207
-1.44871e-35
0.000128207
-1.44871e-35
0.00133601
0.000526245
0.000526245
0.00133601
0.0041472
0.00256942
0.0041472
0.00256942
0.00592514
0.0077259
0.00592514
0.0077259
0.0106729
0.00936506
0.0118063
0.0115159
0.00936506
0.0115159
0.0106729
0.00120022
0.00659784
0.0022818
0.00513246
0.00363888
0.0022818
0.00363888
0.00120022
0.00513246
0.000479294
0.000118703
0.00659784
0.00787053
0.000118703
0.00880739
0.00880739
0.00930352
0.000479294
0.00930352
0.00787053
9.055e-35
9.055e-35
-1.12315e-35
0.00010946
0.00010946
-1.12315e-35
0.00106887
0.000432618
0.000432618
0.00106887
0.0031558
0.00200544
0.00200544
0.0031558
0.00438706
0.00554906
0.00554906
0.00438706
0.00649918
0.00711971
0.00733573
0.00711971
0.00649918
0.00174283
0.00174283
0.000942455
0.00270129
0.000387962
0.000100206
0.00369379
0.00458639
0.000100206
0.00270129
0.00369379
0.0052581
0.00561815
0.00561815
0.000387962
0.0052581
0.00458639
0.000942455
7.77835e-35
7.77835e-35
-8.12129e-36
9.13042e-05
9.13042e-05
-8.12129e-36
0.000822268
0.000344351
0.000822268
0.000344351
0.0022784
0.00149543
0.0022784
0.00149543
0.00371494
0.00305724
0.00305724
0.00371494
0.0041537
0.0043072
0.0041537
0.000303244
8.25364e-05
0.0018898
0.00248061
8.25364e-05
0.00293903
0.000708801
0.00318891
0.00318891
0.0018898
0.000303244
0.00293903
0.00248061
0.000708801
0.00126514
0.00126514
6.53696e-35
6.53696e-35
-5.2693e-36
7.41981e-05
7.41981e-05
-5.2693e-36
0.000263875
0.00060305
0.000263875
0.00060305
0.00153753
0.0010532
0.00153753
0.0010532
0.00226086
0.00196695
0.00196695
0.00236559
0.00226086
0.00122335
0.00151747
6.61215e-05
6.61215e-05
0.0016816
0.0016816
0.000227389
0.00151747
0.00122335
0.000860832
0.000505447
0.000505447
0.000860832
0.000227389
5.36096e-35
5.36096e-35
-2.782e-36
5.85314e-05
-2.782e-36
5.85314e-05
0.000193214
0.000416644
0.000193214
0.000416644
0.000948055
0.000688927
0.000948055
0.000688927
0.00119985
0.00113318
0.00113318
5.13082e-05
0.000812898
0.000812898
0.000712193
0.000162166
0.000537889
0.000336943
0.000336943
0.000162166
5.13082e-05
0.000537889
0.000712193
4.27612e-35
4.27612e-35
-7.53319e-37
4.46044e-05
4.46044e-05
-7.53319e-37
0.000266606
0.00013384
0.00013384
0.000266606
0.000408089
0.000515101
0.000408089
0.000515101
0.0005551
0.000299039
0.000108718
0.000205726
0.000108718
3.83425e-05
0.000205726
0.000299039
3.83425e-05
0.0003558
0.0003558
3.30224e-35
3.30224e-35
7.42808e-37
3.26044e-05
3.26044e-05
7.42808e-37
0.000154133
8.65243e-05
8.65243e-05
0.000154133
0.000210368
0.000210368
0.000231915
6.7415e-05
6.7415e-05
2.73462e-05
0.000111621
0.000140613
2.73462e-05
0.000140613
0.000111621
2.45169e-35
2.45169e-35
1.66138e-36
2.25837e-05
1.66138e-36
2.25837e-05
5.11843e-05
7.75567e-05
5.11843e-05
7.75567e-05
8.84399e-05
5.13322e-05
1.82959e-05
5.13322e-05
3.76913e-05
1.82959e-05
3.76913e-05
1.72791e-35
1.72791e-35
1.44404e-05
1.99701e-36
1.44404e-05
1.99701e-36
2.6727e-05
2.6727e-05
3.18192e-05
1.1005e-05
1.78936e-05
1.1005e-05
1.78936e-05
1.12409e-35
1.12409e-35
1.79685e-36
7.90089e-06
7.90089e-06
1.79685e-36
1.08824e-05
5.10665e-06
5.10665e-06
6.22111e-36
6.22111e-36
1.17589e-36
1.17589e-36
2.49906e-06
-6.11129e-38
1.91049e-36
1.91049e-36
