-5.71821e-38
2.87066e-36
2.87066e-36
2.17981e-36
9.10202e-36
3.96289e-06
8.04161e-06
2.17981e-36
9.10202e-36
8.04161e-06
3.84236e-36
1.69246e-05
1.60905e-35
1.23171e-05
1.67647e-05
2.67425e-05
2.67425e-05
1.23171e-05
1.69246e-05
1.60905e-35
3.84236e-36
5.11677e-36
2.72912e-05
2.41682e-35
2.18826e-05
5.25973e-05
6.91778e-05
3.8586e-05
4.51337e-05
5.11677e-36
2.72912e-05
3.8586e-05
6.91778e-05
5.25973e-05
2.18826e-05
2.41682e-35
5.89879e-36
3.31611e-05
3.95405e-05
3.35337e-35
6.91961e-05
8.85943e-05
0.000138741
9.99913e-05
0.000170688
0.000112365
0.000170688
9.99913e-05
3.31611e-05
3.35337e-35
3.95405e-05
5.89879e-36
8.85943e-05
6.91961e-05
0.000138741
6.14799e-36
4.42632e-35
4.64526e-05
5.38793e-05
0.000110933
0.000136443
0.000242498
0.000186021
5.38793e-05
4.42632e-35
4.64526e-05
6.14799e-36
0.000401538
0.000269737
0.000341799
0.000246734
0.000246734
0.000242498
0.000341799
0.000110933
0.000401538
0.000186021
0.000136443
5.87125e-36
7.03357e-05
5.63202e-35
6.18717e-05
0.000164933
0.000196735
0.000383811
0.000308366
0.000568902
0.000457413
0.000593905
0.000774266
5.63202e-35
7.03357e-05
6.18717e-05
5.87125e-36
0.000164933
0.000383811
0.000196735
0.000308366
0.000610431
0.00087799
0.000568902
0.00087799
0.000593905
0.000774266
0.000457413
5.10964e-36
8.8777e-05
6.95687e-35
7.93629e-05
0.00023129
0.000269096
0.00056287
0.000468735
0.00130254
0.00101858
0.000751812
0.000930731
0.00120831
0.00160283
0.00177004
0.00127647
5.10964e-36
8.8777e-05
6.95687e-35
7.93629e-05
0.00023129
0.000269096
0.00056287
0.000468735
0.00160283
0.00130254
0.000930731
0.00177004
0.000751812
0.00120831
0.00101858
3.92773e-36
0.000108931
8.37882e-35
9.87199e-05
0.000309213
0.000352346
0.000777207
0.000665922
0.00134954
0.00198693
0.00162559
0.00113028
0.00206286
0.00258726
0.00305202
0.00236141
9.87199e-05
3.92773e-36
0.000108931
8.37882e-35
0.00246774
0.00330506
0.00330506
0.00236141
0.000352346
0.000777207
0.000309213
0.000665922
0.00162559
0.00258726
0.00305202
0.00134954
0.00113028
0.00206286
0.00198693
2.40505e-36
0.000130408
9.86902e-35
0.000119608
0.000896316
0.000397175
0.000444646
0.00102219
0.00184227
0.00281712
0.00238478
0.00158728
0.00317493
0.00382273
0.00472516
0.00384065
0.00428429
0.00540343
0.00576677
0.00443935
9.86902e-35
0.000119608
2.40505e-36
0.000130408
0.00102219
0.000444646
0.000896316
0.000397175
0.00576677
0.00540343
0.00428429
0.00384065
0.00238478
0.00158728
0.00184227
0.00281712
0.00382273
0.00472516
0.00317493
6.29256e-37
0.00015273
1.13934e-34
0.00014159
0.000493074
0.00129151
0.00115438
0.000543654
0.00014159
0.00015273
1.13934e-34
6.29256e-37
0.00239668
0.00377402
0.00328122
0.00211254
0.00452749
0.00676354
0.00570115
0.00528456
0.0072852
0.0080465
0.00899022
0.00665969
0.00948978
0.00750295
0.0072852
0.00948978
0.000543654
0.00129151
0.00115438
0.000493074
0.00377402
0.00239668
0.00328122
0.00211254
0.00899022
0.0080465
0.00528456
0.00665969
0.00676354
0.00452749
0.00570115
-1.30918e-36
0.00017535
1.29146e-34
0.000164149
0.000594369
0.000646665
0.0015776
0.00143313
0.000164149
0.00017535
1.29146e-34
-1.30918e-36
0.00299732
0.00483179
0.00429218
0.00269209
0.000646665
0.00143313
0.0015776
0.000594369
0.00608908
0.00693534
0.00790544
0.00911941
0.0108735
0.0111807
0.0129249
0.00955686
0.01485
0.0120139
0.0141876
0.0117218
0.0117218
0.01485
0.0141876
0.0108735
0.00269209
0.00483179
0.00299732
0.00429218
0.0129249
0.00790544
0.00911941
0.00693534
0.00608908
0.00955686
0.0111807
-3.32105e-36
0.000186715
0.000197684
1.43932e-34
0.000698229
0.000750748
0.00187209
0.00172454
0.00362655
0.00595965
0.00538912
0.00330926
0.000186715
0.000197684
1.43932e-34
-3.32105e-36
0.00187209
0.000750748
0.00172454
0.000698229
0.00781713
0.0087281
0.0117282
0.0103967
0.00362655
0.00538912
0.00330926
0.00595965
0.0129076
0.0147249
0.0174777
0.0151311
0.0168743
0.0179842
0.0197642
0.0213994
0.0222513
0.0179842
0.0183657
0.0222513
0.0168743
0.0197642
0.0213994
0.0151311
0.0087281
0.0147249
0.0103967
0.00781713
0.0174777
0.0129076
0.0117282
-5.3214e-36
1.57901e-34
0.000208694
0.000219133
0.000801663
0.000852878
0.00216618
0.00201998
0.00426539
0.00712362
0.00653946
0.00394564
0.000208694
0.000219133
1.57901e-34
-5.3214e-36
0.00966102
0.0106092
0.014513
0.0131038
0.00216618
0.000852878
0.00201998
0.000801663
0.00653946
0.00712362
0.00426539
0.00394564
0.0185775
0.0166197
0.0225232
0.0199477
0.0106092
0.00966102
0.0131038
0.014513
0.0250737
0.0228386
0.0289826
0.0260747
0.0264863
0.0310426
0.0269686
0.0321101
0.0321101
0.0250737
0.0264863
0.0310426
0.0228386
0.0199477
0.0166197
0.0260747
0.0185775
0.0225232
0.0289826
-7.23183e-36
0.000239106
1.70671e-34
0.000229488
0.000901644
0.000950051
0.00245101
0.00231057
0.00489439
0.00828811
0.00458193
0.00770822
0.0115649
0.0125213
0.0173894
0.0159453
0.000229488
0.000239106
1.70671e-34
-7.23183e-36
0.000950051
0.00245101
0.00231057
0.000901644
0.0279121
0.0226226
0.0205836
0.0251847
0.00828811
0.00489439
0.00770822
0.00458193
0.0159453
0.0115649
0.0125213
0.0173894
0.0373897
0.0330979
0.0294497
0.0329373
0.0205836
0.0279121
0.0226226
0.0251847
0.0376426
0.0358906
0.0435292
0.0409946
0.0448369
0.0382402
0.0376426
0.0448369
0.0330979
0.0373897
0.0329373
0.0358906
0.0435292
0.0409946
0.0294497
-8.98209e-36
0.000257046
1.8189e-34
0.000248519
0.000995221
0.00103939
0.00271797
0.00258754
0.00549434
0.0051987
0.00941735
0.00885955
0.0134702
0.0144054
0.0202686
0.0188344
-8.98209e-36
1.8189e-34
0.000248519
0.000257046
0.0306843
0.0246785
0.0267359
0.0334799
0.000995221
0.00103939
0.00271797
0.00258754
0.00941735
0.00549434
0.00885955
0.0051987
0.040145
0.0463715
0.0418254
0.0365118
0.0188344
0.0202686
0.0134702
0.0144054
0.0246785
0.0267359
0.0306843
0.0334799
0.05182
0.056192
0.0463181
0.0497273
0.0463715
0.040145
0.0365118
0.0418254
0.0525794
0.0518563
0.0608181
0.0592473
0.05182
0.0608181
0.056192
0.0592473
0.0497273
0.0518563
0.0463181
-1.05112e-35
0.000272445
1.91246e-34
0.000265252
0.00107962
0.00111826
0.002959
0.00284252
0.00577714
0.00604695
0.0104767
0.00995809
0.0153184
0.0162035
0.0230618
0.0216816
0.000265252
0.000272445
1.91246e-34
-1.05112e-35
0.0362773
0.0287782
0.0307902
0.0390546
0.00107962
0.00284252
0.002959
0.00111826
0.0556532
0.0509926
0.0474757
0.0438092
0.00604695
0.0104767
0.00995809
0.00577714
0.0216816
0.0230618
0.0162035
0.0153184
0.0631916
0.0697224
0.0628738
0.0574592
0.0390546
0.0287782
0.0307902
0.0362773
0.0556532
0.0474757
0.0438092
0.0509926
0.0694936
0.0669565
0.0749248
0.0785425
0.0628738
0.0574592
0.0697224
0.0631916
0.0803972
0.0703548
0.0694936
0.0669565
0.0785425
0.0749248
0.0803972
-1.17683e-35
0.000284865
1.98477e-34
0.000279213
0.00115235
0.00118431
0.00316685
0.00306782
0.000279213
0.000284865
1.98477e-34
-1.17683e-35
0.00629963
0.00653544
0.0114338
0.0109702
0.0170524
0.0178603
0.0256829
0.0243992
0.0444637
0.0417906
0.0327557
0.0346602
0.00306782
0.00115235
0.00316685
0.00118431
0.0547024
0.0603169
0.0649476
0.0511162
0.00629963
0.0114338
0.0109702
0.00653544
0.0766843
0.0747587
0.0837062
0.0689732
0.0256829
0.0178603
0.0243992
0.0170524
0.0444637
0.0346602
0.0327557
0.0417906
0.0878961
0.091395
0.0974834
0.0830923
0.0649476
0.0547024
0.0511162
0.0603169
0.0837062
0.0766843
0.0689732
0.0747587
0.0908723
0.0918795
0.103857
0.1017
0.0878961
0.0830923
0.091395
0.0974834
0.103857
0.0908723
0.1017
-1.27129e-35
0.000293951
2.03378e-34
0.000290003
0.00121126
0.0012356
0.00333529
0.00325668
0.00675036
0.00694506
0.0122596
0.0118651
0.000290003
0.000293951
2.03378e-34
-1.27129e-35
0.00325668
0.00333529
0.00121126
0.0012356
0.0186193
0.0193254
0.0280514
0.0269036
0.0382269
0.04954
0.0470536
0.0364883
0.0616013
0.0695093
0.0739666
0.0582063
0.00675036
0.0118651
0.0122596
0.00694506
0.0861625
0.0977102
0.0907329
0.0805034
0.0186193
0.0269036
0.0193254
0.0280514
0.10815
0.11706
0.0997694
0.10723
0.0470536
0.04954
0.0382269
0.0364883
0.0616013
0.0695093
0.0582063
0.0739666
0.116237
0.124081
0.128928
0.112799
0.0907329
0.0861625
0.0977102
0.0805034
0.0997694
0.11706
0.10723
0.10815
0.117401
0.112799
0.131401
0.131401
0.116237
0.124081
0.128928
-1.33159e-35
0.000299443
2.05813e-34
0.000297314
0.0012546
0.00127061
0.00345929
0.00340345
0.00711574
0.00726347
0.012929
0.0126155
0.0199713
0.0291182
0.0205541
0.0300952
0.000297314
0.000299443
2.05813e-34
-1.33159e-35
0.00127061
0.00340345
0.00345929
0.0012546
0.0126155
0.012929
0.00726347
0.00711574
0.0413809
0.0541276
0.0519042
0.0398614
0.0782851
0.0824312
0.0648606
0.0679598
0.1113
0.104584
0.0970497
0.0916922
0.0291182
0.0199713
0.0300952
0.0205541
0.116471
0.124669
0.136666
0.126898
0.0398614
0.0413809
0.0519042
0.0541276
0.135462
0.154842
0.141829
0.14685
0.0824312
0.0679598
0.0782851
0.0648606
0.1113
0.0970497
0.104584
0.0916922
0.163144
0.145752
0.160342
0.147076
0.116471
0.124669
0.126898
0.136666
0.141829
0.135462
0.163144
0.160342
0.14685
0.145752
0.154842
-1.35588e-35
0.000301182
2.05712e-34
0.000300934
0.00128109
0.00128832
0.00353515
0.00350375
0.0073848
0.00748116
0.0134221
0.013199
0.000300934
0.000301182
2.05712e-34
-1.35588e-35
0.0210675
0.0317523
0.0309757
0.0215095
0.0440265
0.0580864
0.0561938
0.0427722
0.00350375
0.00353515
0.00128832
0.00128109
0.013199
0.0134221
0.00748116
0.0073848
0.0210675
0.0215095
0.0309757
0.0317523
0.0863735
0.0708743
0.0900813
0.073583
0.124055
0.117807
0.107084
0.102194
0.132679
0.14044
0.155693
0.14629
0.0561938
0.0427722
0.0440265
0.0580864
0.1693
0.167864
0.180795
0.158159
0.0708743
0.0863735
0.0900813
0.073583
0.179479
0.189784
0.195956
0.175057
0.117807
0.124055
0.107084
0.102194
0.155693
0.14044
0.14629
0.132679
0.199096
0.180972
0.179479
0.199096
0.1693
0.158159
0.195956
0.180795
0.167864
0.175057
0.189784
-1.34348e-35
0.000299119
2.03078e-34
0.000300761
0.00128996
0.00128819
0.00356063
0.00355459
0.00754949
0.00759161
0.0137239
0.0135979
0.0218748
0.0221627
0.0329727
0.03242
0.000300761
0.000299119
2.03078e-34
-1.34348e-35
0.00128819
0.00355459
0.00356063
0.00128996
0.0460835
0.0612964
0.0597919
0.0451324
0.0782997
0.0966832
0.0935268
0.076064
0.00759161
0.00754949
0.0135979
0.0137239
0.03242
0.0218748
0.0329727
0.0221627
0.0460835
0.0451324
0.0612964
0.0597919
0.129995
0.135583
0.115959
0.111684
0.147891
0.154976
0.173551
0.164804
0.190734
0.180186
0.205983
0.193534
0.076064
0.0935268
0.0782997
0.0966832
0.228818
0.218814
0.212445
0.204408
0.111684
0.115959
0.135583
0.129995
0.217377
0.235672
0.239156
0.21904
0.173551
0.164804
0.147891
0.154976
0.180186
0.190734
0.193534
0.205983
0.217377
0.212445
0.239156
0.235672
0.204408
0.218814
0.228818
-1.29482e-35
0.000293313
1.97987e-34
0.0002968
0.00128094
0.00127023
0.00353495
0.00355447
0.0138003
0.00760491
0.00759153
0.0138254
0.0002968
0.000293313
1.97987e-34
-1.29482e-35
0.022369
0.0224943
0.0337199
0.0334076
0.04749
0.0636607
0.0625896
0.0468707
0.00127023
0.00355447
0.00353495
0.00128094
0.0138003
0.0138254
0.00760491
0.00759153
0.0819673
0.102036
0.0995271
0.080272
0.123403
0.140775
0.119875
0.145531
0.0334076
0.0337199
0.0224943
0.022369
0.0625896
0.0468707
0.04749
0.0636607
0.102036
0.0819673
0.080272
0.0995271
0.16164
0.181869
0.189692
0.167832
0.200861
0.21049
0.229623
0.218043
0.244948
0.26071
0.232892
0.246531
0.119875
0.140775
0.145531
0.123403
0.25384
0.259288
0.271737
0.279279
0.16164
0.189692
0.181869
0.167832
0.283107
0.283107
0.261123
0.259288
0.21049
0.229623
0.200861
0.218043
0.279279
0.271737
0.246531
0.232892
0.26071
0.25384
0.244948
-1.21147e-35
0.000283931
1.90583e-34
0.000289164
0.00125431
0.00123497
0.00345889
0.00350338
0.0137238
0.0138003
0.0075494
0.00748093
0.0225354
0.0224942
0.0339715
0.0339088
0.000289164
0.000283931
1.90583e-34
-1.21147e-35
0.00123497
0.00350338
0.00345889
0.00125431
0.048204
0.0651082
0.0645027
0.0479349
0.0844752
0.105979
0.104193
0.0833713
0.0138003
0.0137238
0.00748093
0.0075494
0.0339088
0.0225354
0.0339715
0.0224942
0.129192
0.153598
0.126516
0.149816
0.173505
0.196961
0.203621
0.178617
0.048204
0.0479349
0.0651082
0.0645027
0.0833713
0.104193
0.105979
0.0844752
0.126516
0.149816
0.153598
0.129192
0.219547
0.240634
0.227962
0.250991
0.259627
0.290645
0.272079
0.275982
0.306171
0.289226
0.318217
0.298973
0.173505
0.196961
0.178617
0.203621
0.330617
0.304938
0.306946
0.326444
0.219547
0.227962
0.250991
0.240634
0.304938
0.330617
0.326444
0.298973
0.275982
0.272079
0.259627
0.290645
0.306171
0.289226
0.318217
-1.09613e-35
0.000271244
1.81075e-34
0.000278073
0.00121083
0.00118345
0.00333471
0.00340286
0.0072631
0.0134218
0.0135977
0.00738462
0.000278073
0.000271244
1.81075e-34
-1.09613e-35
0.022369
0.0221626
0.0337199
0.0339088
0.048204
0.0655956
0.0482932
0.0654738
0.00118345
0.00340286
0.00333471
0.00121083
0.0135977
0.0134218
0.00738462
0.0072631
0.0857482
0.108393
0.107383
0.0852689
0.156847
0.13315
0.159539
0.131408
0.0221626
0.022369
0.0337199
0.0339088
0.0482932
0.0654738
0.0655956
0.048204
0.183127
0.187002
0.209621
0.214916
0.235673
0.242619
0.26943
0.260614
0.0857482
0.108393
0.0852689
0.107383
0.159539
0.13315
0.131408
0.156847
0.214916
0.183127
0.209621
0.187002
0.283791
0.304587
0.294674
0.317701
0.354766
0.33791
0.336863
0.322441
0.353937
0.367822
0.376726
0.34746
0.235673
0.26943
0.242619
0.260614
0.353937
0.381238
0.356117
0.381238
0.317701
0.304587
0.283791
0.294674
0.34746
0.354766
0.33791
0.367822
0.376726
0.322441
0.336863
-9.52593e-36
0.000255614
1.6973e-34
0.000263847
0.00115181
0.00325588
0.0011172
0.0031661
0.00694455
0.0129287
0.0131987
0.00711547
0.000263847
0.000255614
1.6973e-34
-9.52593e-36
0.0218747
0.0215093
0.0329727
0.0334075
0.0011172
0.00325588
0.0031661
0.00115181
0.0474901
0.0479349
0.0651082
0.0654738
0.0857483
0.109206
0.109003
0.0859078
0.00711547
0.0131987
0.0129287
0.00694455
0.0215093
0.0334075
0.0218747
0.0329727
0.161655
0.135159
0.163177
0.134403
0.192736
0.190213
0.223235
0.219466
0.0479349
0.0651082
0.0654738
0.0474901
0.109003
0.109206
0.0857483
0.0859078
0.248749
0.284383
0.277374
0.254016
0.341051
0.304645
0.313628
0.329887
0.163177
0.135159
0.134403
0.161655
0.190213
0.219466
0.223235
0.192736
0.248749
0.254016
0.277374
0.284383
0.371789
0.352461
0.365981
0.3878
0.405962
0.420004
0.398805
0.387373
0.434417
0.408134
0.429571
0.405787
0.329887
0.313628
0.304645
0.341051
0.434417
0.405787
0.429571
0.398805
0.420004
0.371789
0.405962
0.352461
0.387373
0.365981
0.3878
-7.85757e-36
0.000237487
1.56865e-34
0.00024689
0.00024689
0.000237487
1.56865e-34
-7.85757e-36
0.00107897
0.00295811
0.00306683
0.00103816
0.00653482
0.0122592
0.0126151
0.00675002
0.0210673
0.0205539
0.0317522
0.0324199
0.00306683
0.00295811
0.00107897
0.00103816
0.0468707
0.0460835
0.0636608
0.0645028
0.0126151
0.0122592
0.00653482
0.00675002
0.0844753
0.108393
0.109003
0.0852689
0.135159
0.164402
0.164095
0.135411
0.0205539
0.0324199
0.0210673
0.0317522
0.0460835
0.0636608
0.0468707
0.0645028
0.194552
0.195647
0.228329
0.226197
0.25838
0.261809
0.290406
0.295396
0.108393
0.0844753
0.0852689
0.109003
0.135159
0.135411
0.164095
0.164402
0.321555
0.328366
0.359984
0.351109
0.378368
0.416309
0.389528
0.402678
0.194552
0.226197
0.195647
0.228329
0.25838
0.295396
0.261809
0.290406
0.321555
0.359984
0.351109
0.328366
0.459121
0.440161
0.423447
0.439694
0.484332
0.474122
0.452409
0.459881
0.459881
0.462394
0.4895
0.4895
0.378368
0.402678
0.416309
0.389528
0.484332
0.440161
0.452409
0.474122
0.439694
0.459121
0.423447
-6.01546e-36
0.000217377
1.42836e-34
0.000227686
0.000994486
0.000948692
0.00271696
0.00284137
0.000227686
0.000217377
1.42836e-34
-6.01546e-36
0.00284137
0.00271696
0.000994486
0.000948692
0.00604622
0.0114333
0.0118645
0.00629922
0.0199711
0.0193251
0.0300951
0.0309756
0.0451324
0.0440265
0.0612966
0.0625898
0.00629922
0.00604622
0.0118645
0.0114333
0.0819675
0.105979
0.107383
0.0833714
0.0309756
0.0300951
0.0199711
0.0193251
0.13315
0.163177
0.164095
0.134403
0.196013
0.230044
0.229614
0.195647
0.0451324
0.0612966
0.0440265
0.0625898
0.105979
0.107383
0.0819675
0.0833714
0.265765
0.302139
0.264277
0.299317
0.33401
0.338444
0.37393
0.36761
0.163177
0.134403
0.164095
0.13315
0.195647
0.229614
0.196013
0.230044
0.399376
0.407838
0.439426
0.42859
0.476739
0.49288
0.454579
0.46799
0.299317
0.264277
0.265765
0.302139
0.338444
0.33401
0.37393
0.36761
0.399376
0.439426
0.42859
0.407838
0.529446
0.513525
0.494547
0.507579
0.518196
0.515527
0.540273
0.545751
0.515527
0.545751
0.507579
0.540273
0.454579
0.494547
0.49288
0.46799
0.513525
0.529446
0.476739
-4.0685e-36
0.000206774
0.000195845
1.28026e-34
0.000900847
0.000851431
0.00244992
0.00258627
0.00549354
0.0104762
0.0109696
0.00577668
0.000206774
0.000195845
1.28026e-34
-4.0685e-36
0.000851431
0.00258627
0.00244992
0.000900847
0.0109696
0.0104762
0.00549354
0.00577668
0.0186191
0.01786
0.0280513
0.0291181
0.0427722
0.041381
0.0580866
0.0597921
0.0802721
0.0783
0.102037
0.104193
0.01786
0.0291181
0.0186191
0.0280513
0.129192
0.15954
0.161655
0.131408
0.0427722
0.0580866
0.0597921
0.041381
0.229614
0.194552
0.192737
0.228329
0.304409
0.266262
0.265765
0.303841
0.0783
0.0802721
0.104193
0.102037
0.131408
0.161655
0.15954
0.129192
0.341636
0.382468
0.378895
0.34356
0.41485
0.456454
0.420359
0.448738
0.229614
0.194552
0.192737
0.228329
0.304409
0.265765
0.303841
0.266262
0.520254
0.507421
0.489992
0.479824
0.546577
0.530913
0.549765
0.568381
0.341636
0.382468
0.378895
0.34356
0.41485
0.456454
0.420359
0.448738
0.507421
0.479824
0.520254
0.489992
0.56355
0.596593
0.57195
0.585179
0.602365
0.602365
0.574772
0.57195
0.56355
0.568381
0.585179
0.596593
0.546577
0.549765
0.530913
-2.09419e-36
1.12829e-34
0.000184737
0.000173485
0.000800829
0.000749257
0.00216504
0.00230922
0.00489354
0.00941677
0.00995743
0.0051982
0.000184737
0.000173485
1.12829e-34
-2.09419e-36
0.0170522
0.0162031
0.0256827
0.0269035
0.000749257
0.00230922
0.00216504
0.000800829
0.0051982
0.00489354
0.00995743
0.00941677
0.0162031
0.0269035
0.0256827
0.0170522
0.0398614
0.0382269
0.0541278
0.0561941
0.0735833
0.0966835
0.0995275
0.0760641
0.123404
0.153598
0.156848
0.126516
0.0398614
0.0561941
0.0541278
0.0382269
0.190213
0.223236
0.226198
0.187003
0.0966835
0.0995275
0.0735833
0.0760641
0.261809
0.302139
0.264277
0.303841
0.385343
0.344203
0.34356
0.384623
0.153598
0.123404
0.126516
0.156848
0.226198
0.190213
0.223236
0.187003
0.462516
0.424323
0.426714
0.466878
0.505038
0.53128
0.498418
0.540416
0.261809
0.302139
0.264277
0.303841
0.385343
0.34356
0.344203
0.384623
0.599953
0.585153
0.572279
0.560401
0.622848
0.604996
0.619491
0.640471
0.424323
0.466878
0.462516
0.426714
0.540416
0.53128
0.498418
0.505038
0.560401
0.585153
0.572279
0.599953
0.631284
0.62832
0.652437
0.658487
0.658487
0.62832
0.619491
0.640471
0.652437
0.622848
0.604996
-1.7707e-37
0.000150896
9.76364e-35
0.000162174
0.000162174
0.000150896
9.76364e-35
-1.7707e-37
0.000697383
0.000645175
0.00187093
0.00201859
0.00426451
0.0082875
0.00885884
0.0045814
0.0153181
0.014405
0.0230617
0.0243991
0.00201859
0.00187093
0.000697383
0.000645175
0.0364883
0.0346603
0.0495402
0.0519045
0.00885884
0.00426451
0.0082875
0.0045814
0.0230617
0.014405
0.0243991
0.0153181
0.0364883
0.0519045
0.0495402
0.0346603
0.0708745
0.0679601
0.0900818
0.0935273
0.11596
0.145532
0.149817
0.119875
0.183127
0.219466
0.178617
0.214917
0.0900818
0.0935273
0.0679601
0.0708745
0.254016
0.299318
0.25838
0.295397
0.11596
0.119875
0.149817
0.145532
0.382468
0.384623
0.341636
0.338445
0.469509
0.427513
0.470389
0.426714
0.219466
0.183127
0.178617
0.214917
0.299318
0.25838
0.254016
0.295397
0.512675
0.552761
0.547594
0.509802
0.589854
0.61267
0.623207
0.582121
0.338445
0.341636
0.384623
0.382468
0.470389
0.426714
0.427513
0.469509
0.67605
0.652139
0.659371
0.638603
0.674533
0.683762
0.70692
0.69444
0.509802
0.512675
0.547594
0.552761
0.582121
0.589854
0.623207
0.61267
0.652139
0.67605
0.638603
0.659371
0.686862
0.713227
0.713227
0.683762
0.69444
0.70692
0.674533
1.59342e-36
0.000128663
8.28222e-35
0.000139679
1.59342e-36
0.000139679
0.000128663
8.28222e-35
0.000593537
0.000542213
0.00157645
0.00172315
0.00172315
0.00157645
0.000593537
0.000542213
0.00394511
0.00362567
0.00712301
0.00770749
0.01347
0.0125209
0.0202685
0.0216815
0.0327556
0.0307902
0.0444639
0.0470539
0.00770749
0.00712301
0.00362567
0.00394511
0.0648607
0.0616017
0.0824318
0.0863742
0.0125209
0.0216815
0.0202685
0.01347
0.0327556
0.0470539
0.0444639
0.0307902
0.0616017
0.0648607
0.0863742
0.0824318
0.107085
0.135583
0.140775
0.111685
0.173506
0.203622
0.167833
0.209622
0.290406
0.248749
0.24262
0.284384
0.107085
0.135583
0.140775
0.111685
0.378895
0.328367
0.33401
0.37393
0.167833
0.209622
0.203622
0.173506
0.466879
0.46951
0.420359
0.424324
0.512676
0.555876
0.556917
0.513636
0.290406
0.284384
0.24262
0.248749
0.33401
0.378895
0.328367
0.37393
0.637445
0.595419
0.598775
0.631486
0.672169
0.702257
0.690381
0.663357
0.466879
0.424324
0.420359
0.46951
0.513636
0.555876
0.512676
0.556917
0.712007
0.727783
0.746194
0.7271
0.737384
0.740606
0.759147
0.765691
0.598775
0.595419
0.631486
0.637445
0.702257
0.663357
0.690381
0.672169
0.765691
0.712007
0.759147
0.737384
0.727783
0.746194
0.7271
0.00011782
0.000107326
6.87228e-35
3.12594e-36
3.12594e-36
0.000107326
6.87228e-35
0.00011782
0.000492281
0.000443296
0.00129042
0.00143178
0.000492281
0.000443296
0.00143178
0.00129042
0.00299647
0.00595905
0.00653873
0.00330873
0.00653873
0.00595905
0.00299647
0.00330873
0.0115646
0.0106089
0.0173892
0.0188342
0.0287782
0.0267359
0.0390549
0.0417909
0.0582065
0.0547028
0.0739672
0.0782858
0.0173892
0.0106089
0.0188342
0.0115646
0.102194
0.0970504
0.124056
0.129996
0.0267359
0.0287782
0.0417909
0.0390549
0.0739672
0.0582065
0.0782858
0.0547028
0.102194
0.129996
0.124056
0.0970504
0.196962
0.161641
0.154977
0.189693
0.277375
0.235673
0.269431
0.227963
0.367611
0.313629
0.359985
0.321555
0.196962
0.189693
0.161641
0.154977
0.462516
0.407839
0.456454
0.41485
0.277375
0.227963
0.235673
0.269431
0.505038
0.552761
0.509803
0.555876
0.641038
0.642239
0.599897
0.598775
0.367611
0.359985
0.313629
0.321555
0.407839
0.41485
0.462516
0.456454
0.682336
0.718301
0.711586
0.678512
0.749434
0.762013
0.775122
0.739608
0.509803
0.552761
0.555876
0.505038
0.598775
0.599897
0.641038
0.642239
0.778352
0.794853
0.808232
0.78829
0.78829
0.791626
0.81499
0.81499
0.711586
0.678512
0.718301
0.682336
0.749434
0.775122
0.762013
0.808232
0.794853
0.739608
0.778352
9.71071e-05
8.73586e-05
5.56215e-35
4.33113e-36
0.00115312
0.00102119
0.000396446
0.000351126
4.33113e-36
8.73586e-05
5.56215e-35
9.71071e-05
0.000396446
0.000351126
0.00102119
0.00115312
0.00239588
0.00483121
0.00538841
0.00269158
0.00483121
0.00239588
0.00269158
0.00538841
0.00966076
0.00872772
0.0145129
0.0159452
0.00872772
0.0159452
0.0145129
0.00966076
0.0246785
0.0226226
0.0334801
0.0362776
0.0511164
0.0474762
0.0649482
0.0695101
0.0861632
0.111301
0.117808
0.0916926
0.0226226
0.0246785
0.0362776
0.0334801
0.147892
0.140441
0.173553
0.18187
0.0474762
0.0649482
0.0511164
0.0695101
0.111301
0.0916926
0.117808
0.0861632
0.140441
0.18187
0.147892
0.173553
0.210491
0.219547
0.250992
0.260615
0.35111
0.294675
0.341052
0.304646
0.439427
0.389529
0.448739
0.399377
0.260615
0.250992
0.210491
0.219547
0.489993
0.547595
0.540417
0.498418
0.294675
0.304646
0.35111
0.341052
0.637445
0.589854
0.641038
0.595419
0.683615
0.723704
0.722351
0.682337
0.448739
0.439427
0.399377
0.389529
0.547595
0.498418
0.489993
0.540417
0.785421
0.756507
0.760771
0.792833
0.81927
0.808527
0.839567
0.825368
0.637445
0.595419
0.589854
0.641038
0.683615
0.723704
0.722351
0.682337
0.839045
0.853325
0.83561
0.860273
0.83561
0.853325
0.825368
0.860273
0.785421
0.760771
0.792833
0.756507
0.839567
0.81927
0.808527
7.79696e-05
6.91398e-05
4.37314e-35
5.1269e-36
0.000895173
0.000776314
0.000308565
0.000268039
5.1269e-36
6.91398e-05
4.37314e-35
7.79696e-05
0.00429151
0.00377348
0.00184155
0.00211208
0.000308565
0.000268039
0.000776314
0.000895173
0.00184155
0.00377348
0.00429151
0.00211208
0.00781689
0.00693498
0.011728
0.0131036
0.0131036
0.011728
0.00781689
0.00693498
0.0205836
0.0185776
0.0279123
0.0306846
0.0205836
0.0306846
0.0279123
0.0185776
0.0438094
0.0401454
0.0556538
0.0603177
0.0805038
0.0747594
0.0977111
0.104585
0.132679
0.12467
0.155694
0.164805
0.0556538
0.0438094
0.0603177
0.0401454
0.240635
0.200861
0.229625
0.190735
0.0747594
0.0977111
0.104585
0.0805038
0.12467
0.164805
0.155694
0.132679
0.240635
0.190735
0.200861
0.229625
0.317702
0.27208
0.329888
0.283792
0.41631
0.428591
0.365982
0.378369
0.53128
0.467991
0.520254
0.479824
0.27208
0.329888
0.317702
0.283792
0.572279
0.623208
0.631487
0.582121
0.365982
0.41631
0.428591
0.378369
0.67217
0.718302
0.678512
0.722351
0.762197
0.760771
0.797302
0.798796
0.479824
0.467991
0.53128
0.520254
0.631487
0.582121
0.623208
0.572279
0.850722
0.858751
0.831664
0.827002
0.878512
0.868006
0.879539
0.893627
0.678512
0.718302
0.67217
0.722351
0.798796
0.762197
0.760771
0.797302
0.882039
0.878512
0.900739
0.900739
0.850722
0.831664
0.868006
0.893627
0.827002
0.858751
0.879539
6.07304e-05
5.29294e-05
3.3179e-35
5.44504e-36
0.000664928
0.000562109
0.000230741
0.000195863
5.44504e-36
5.29294e-05
3.3179e-35
6.07304e-05
0.0032806
0.00281662
0.0013489
0.00158687
0.000230741
0.000195863
0.000562109
0.000664928
0.0103966
0.00911925
0.00608885
0.00528422
0.0013489
0.00281662
0.0032806
0.00158687
0.00608885
0.00528422
0.00911925
0.0103966
0.0166197
0.0147249
0.0225234
0.025185
0.0166197
0.025185
0.0225234
0.0147249
0.036512
0.0329378
0.0463721
0.0509934
0.0329378
0.036512
0.0509934
0.0463721
0.0631923
0.0837071
0.0907341
0.0689736
0.116472
0.108151
0.136668
0.146291
0.180187
0.218045
0.169301
0.205984
0.0631923
0.0907341
0.0837071
0.0689736
0.246532
0.304589
0.290647
0.259628
0.108151
0.136668
0.146291
0.116472
0.205984
0.169301
0.218045
0.180187
0.290647
0.246532
0.259628
0.304589
0.40268
0.337911
0.387802
0.352461
0.439695
0.507422
0.492881
0.45458
0.546578
0.599954
0.61267
0.560402
0.387802
0.40268
0.337911
0.352461
0.702257
0.65214
0.663357
0.711587
0.507422
0.45458
0.439695
0.492881
0.749435
0.792833
0.756507
0.797303
0.865211
0.833222
0.831664
0.863593
0.61267
0.546578
0.560402
0.599954
0.702257
0.663357
0.711587
0.65214
0.887841
0.905501
0.914047
0.892846
0.928411
0.916236
0.919837
0.935663
0.797303
0.749435
0.792833
0.756507
0.833222
0.863593
0.831664
0.865211
0.892846
0.905501
0.914047
0.916236
0.935663
0.928411
0.887841
4.55804e-05
3.88438e-05
2.39891e-35
5.23978e-36
0.00046791
0.000383194
0.000164491
0.000135769
5.23978e-36
3.88438e-05
2.39891e-35
4.55804e-05
0.00238424
0.0019865
0.000930191
0.00112992
0.000164491
0.000135769
0.000383194
0.00046791
0.00790527
0.00676338
0.00452727
0.00382242
0.000930191
0.0019865
0.00238424
0.00112992
0.0129076
0.019948
0.0174779
0.0111807
0.00452727
0.00382242
0.00676338
0.00790527
0.0129076
0.0111807
0.0174779
0.019948
0.0294498
0.0260751
0.0373903
0.0418262
0.0294498
0.0418262
0.0260751
0.0373903
0.0574596
0.0518208
0.0697233
0.0766855
0.0697233
0.0518208
0.0574596
0.0766855
0.0997699
0.091396
0.117061
0.126899
0.193536
0.15816
0.146852
0.180797
0.260712
0.275984
0.218816
0.232893
0.091396
0.126899
0.117061
0.0997699
0.306172
0.354768
0.37179
0.322441
0.180797
0.146852
0.193536
0.15816
0.260712
0.218816
0.275984
0.232893
0.306172
0.354768
0.322441
0.37179
0.47674
0.459122
0.405963
0.423448
0.513526
0.568382
0.585154
0.530913
0.676051
0.638603
0.690382
0.622849
0.47674
0.459122
0.405963
0.423448
0.739608
0.727101
0.785421
0.775122
0.568382
0.530913
0.513526
0.585154
0.858752
0.81927
0.827002
0.863593
0.920923
0.9192
0.894519
0.892846
0.622849
0.676051
0.638603
0.690382
0.775122
0.785421
0.739608
0.727101
0.948096
0.957044
0.937174
0.942457
0.951761
0.964408
0.964408
0.948096
0.827002
0.858752
0.863593
0.81927
0.9192
0.957044
0.894519
0.920923
0.942457
0.937174
0.892846
3.25561e-05
2.68352e-05
1.6072e-35
4.49833e-36
4.49833e-36
2.68352e-05
1.6072e-35
3.25561e-05
0.000307719
0.000242026
0.000110599
8.81137e-05
0.00162511
0.00130217
0.000593465
0.000751512
0.000110599
8.81137e-05
0.000242026
0.000307719
0.00258697
0.00570097
0.00472499
0.00317473
0.000593465
0.00130217
0.00162511
0.000751512
0.00955682
0.0151313
0.012925
0.00804647
0.00317473
0.00258697
0.00472499
0.00570097
0.0228387
0.0330986
0.0289831
0.0197645
0.00955682
0.00804647
0.012925
0.0151313
0.0228387
0.0197645
0.0289831
0.0330986
0.0463184
0.0409953
0.0561928
0.0628749
0.0463184
0.0628749
0.0561928
0.0409953
0.0830928
0.0749258
0.0974845
0.107231
0.107231
0.0749258
0.0974845
0.0830928
0.167866
0.135463
0.154843
0.124083
0.189786
0.204409
0.24495
0.22882
0.271738
0.336865
0.318219
0.289227
0.154843
0.124083
0.167866
0.135463
0.367823
0.440163
0.420006
0.387373
0.189786
0.22882
0.204409
0.24495
0.318219
0.271738
0.336865
0.289227
0.440163
0.367823
0.420006
0.387373
0.549766
0.474123
0.529448
0.494547
0.640471
0.58518
0.659372
0.604996
0.712007
0.69444
0.746195
0.762014
0.474123
0.529448
0.549766
0.494547
0.794854
0.850723
0.808528
0.839567
0.58518
0.659372
0.604996
0.640471
0.87954
0.914047
0.887841
0.9192
0.964244
0.942457
0.944224
0.96244
0.712007
0.762014
0.746195
0.69444
0.808528
0.839567
0.794854
0.850723
0.986447
0.977223
0.973511
0.978999
0.978999
0.96244
0.973511
0.986447
0.914047
0.887841
0.87954
0.9192
0.944224
0.964244
0.942457
3.25358e-36
1.66728e-05
9.21103e-36
2.15201e-05
2.15201e-05
1.66728e-05
9.21103e-36
3.25358e-36
0.000185546
0.000138403
6.89619e-05
5.229e-05
6.89619e-05
5.229e-05
0.000138403
0.000185546
0.00101817
0.000773943
0.000341453
0.000457169
0.00384045
0.00305183
0.00206267
0.00160256
0.000341453
0.000773943
0.000457169
0.00101817
0.00665963
0.0108736
0.00899029
0.00540336
0.00206267
0.00160256
0.00305183
0.00384045
0.0168744
0.0250743
0.0141878
0.0213998
0.00665963
0.00540336
0.00899029
0.0108736
0.0358909
0.0497284
0.0435299
0.0310432
0.0168744
0.0141878
0.0213998
0.0250743
0.0358909
0.0310432
0.0435299
0.0497284
0.066957
0.0592482
0.0785436
0.0878975
0.066957
0.0878975
0.0592482
0.0785436
0.101701
0.128929
0.112799
0.14183
0.101701
0.14183
0.128929
0.112799
0.195957
0.212446
0.160343
0.175058
0.235674
0.298974
0.253841
0.27928
0.326446
0.376727
0.398806
0.347461
0.195957
0.160343
0.212446
0.175058
0.429572
0.507581
0.484333
0.452409
0.27928
0.235674
0.253841
0.298974
0.398806
0.326446
0.376727
0.347461
0.484333
0.429572
0.507581
0.452409
0.596594
0.619492
0.540274
0.563551
0.706921
0.652438
0.727784
0.674534
0.778352
0.808233
0.825368
0.759148
0.540274
0.619492
0.563551
0.596594
0.868006
0.893627
0.853326
0.905501
0.674534
0.706921
0.727784
0.652438
0.937174
0.96244
0.928411
0.957045
0.993867
0.978999
0.992009
0.980834
0.759148
0.778352
0.825368
0.808233
0.868006
0.905501
0.893627
0.853326
0.992009
0.995758
1.00137
1.00137
0.957045
0.993867
0.980834
0.96244
0.937174
0.928411
0.978999
1.21431e-05
7.92729e-06
3.05927e-36
1.5994e-36
1.5994e-36
7.92729e-06
3.05927e-36
1.21431e-05
3.84329e-05
2.65639e-05
6.89472e-05
9.9668e-05
9.9668e-05
6.89472e-05
3.84329e-05
2.65639e-05
0.000568551
0.000401254
0.000170419
0.00024654
0.000170419
0.00024654
0.000401254
0.000568551
0.00236118
0.00176982
0.00120813
0.00087772
0.0042842
0.00728525
0.00576675
0.00330492
0.00120813
0.00087772
0.00176982
0.00236118
0.0117218
0.0179846
0.0148503
0.0094899
0.0042842
0.00330492
0.00576675
0.00728525
0.0264865
0.0376434
0.0321107
0.0222518
0.0117218
0.0094899
0.0148503
0.0179846
0.0518567
0.0694949
0.0608191
0.0448377
0.0264865
0.0222518
0.0321107
0.0376434
0.0694949
0.0518567
0.0448377
0.0608191
0.0803983
0.103858
0.116239
0.0908729
0.0908729
0.116239
0.0803983
0.103858
0.179481
0.131402
0.145753
0.163145
0.179481
0.131402
0.163145
0.145753
0.199097
0.239157
0.259289
0.217378
0.283109
0.330619
0.353939
0.304939
0.434418
0.459883
0.38124
0.405788
0.239157
0.199097
0.259289
0.217378
0.489501
0.571951
0.545752
0.515527
0.353939
0.330619
0.283109
0.304939
0.38124
0.459883
0.405788
0.434418
0.489501
0.571951
0.545752
0.515527
0.628321
0.602366
0.658487
0.683763
0.737385
0.713228
0.78829
0.765691
0.878513
0.814991
0.83561
0.860274
0.658487
0.683763
0.602366
0.628321
0.948096
0.935663
0.916237
0.90074
0.713228
0.765691
0.737385
0.78829
0.964408
0.973511
0.992009
0.986447
1.00702
1.00325
1.00137
1.0089
0.860274
0.814991
0.83561
0.878513
0.90074
0.916237
0.948096
0.935663
1.00137
0.992009
1.00325
1.0089
0.964408
0.986447
0.973511
-3.35076e-37
3.89834e-06
3.89834e-06
-3.35076e-37
4.49142e-05
1.66599e-05
1.66599e-05
4.49142e-05
0.000269423
0.000112205
0.000112205
0.000269423
0.000610253
0.00127619
0.000610253
0.00127619
0.00246761
0.00443927
0.00750294
0.0120142
0.00246761
0.00443927
0.0183658
0.0269693
0.0120142
0.00750294
0.0382406
0.0525805
0.0269693
0.0183658
0.0703554
0.091881
0.0382406
0.0525805
0.0703554
0.091881
0.117401
0.147078
0.117401
0.147078
0.180972
0.219041
0.219041
0.180972
0.261124
0.306947
0.356118
0.408136
0.518198
0.462394
0.306947
0.261124
0.631286
0.574773
0.408136
0.356118
0.462394
0.518198
0.631286
0.574773
0.686862
0.740607
0.839046
0.791626
0.919837
0.882039
0.686862
0.740607
0.977223
0.951761
0.839046
0.791626
1.00702
0.995758
1.0108
1.00702
0.882039
0.919837
0.951761
0.995758
0.977223
0.0803983
0.199097
0.163145
7.92729e-06
0.103858
0.131402
0.103858
0.131402
0.0803983
0.000401254
0.00087772
0.0608191
0.163145
0.00330492
0.0448377
0.0321107
0.199097
0.0222518
0.0148503
0.239157
0.0094899
0.00576675
0.283109
0.00176982
0.330619
0.38124
0.000170419
6.89472e-05
0.434418
2.65639e-05
0.489501
0.545752
7.92729e-06
0.239157
0.283109
0.602366
0.658487
0.38124
0.713228
2.65639e-05
0.765691
0.814991
6.89472e-05
0.860274
0.90074
0.000170419
0.935663
0.964408
0.000401254
0.814991
0.986447
0.860274
1.00137
0.00087772
1.0089
1.0089
0.00176982
1.00137
0.986447
0.00330492
0.964408
0.935663
0.00576675
0.90074
0.0094899
0.765691
0.0148503
0.713228
0.658487
0.0222518
0.602366
0.545752
0.0321107
0.489501
0.434418
0.0448377
0.330619
0.0608191
3.05927e-36
3.05927e-36
1.5994e-36
1.21431e-05
1.21431e-05
1.5994e-36
9.9668e-05
3.84329e-05
3.84329e-05
9.9668e-05
0.00024654
0.000568551
0.00024654
0.000568551
0.00236118
0.00120813
0.00120813
0.00236118
0.00728525
0.0042842
0.0179846
0.0117218
0.0042842
0.00728525
0.0264865
0.0376434
0.0179846
0.0117218
0.0694949
0.0518567
0.0264865
0.0376434
0.0908729
0.116239
0.0518567
0.0694949
0.0908729
0.116239
0.179481
0.145753
0.179481
0.145753
0.217378
0.259289
0.259289
0.217378
0.353939
0.304939
0.459883
0.405788
0.515527
0.571951
0.304939
0.353939
0.683763
0.628321
0.459883
0.405788
0.571951
0.515527
0.628321
0.683763
0.737385
0.78829
0.878513
0.83561
0.916237
0.948096
0.78829
0.737385
0.992009
0.973511
0.878513
0.83561
1.00702
1.00325
1.00325
0.992009
0.948096
0.916237
0.973511
0.160343
0.128929
0.128929
0.101701
0.160343
0.0785436
0.000138403
0.0592482
0.0435299
0.195957
0.0310432
0.235674
0.0213998
0.0141878
0.00899029
0.27928
0.00540336
0.326446
0.00305183
0.00160256
0.000773943
0.376727
0.000341453
0.429572
5.229e-05
1.66728e-05
0.484333
0.540274
1.66728e-05
0.596594
0.195957
0.652438
0.706921
0.27928
5.229e-05
0.759148
0.808233
0.429572
0.853326
0.000138403
0.893627
0.000341453
0.928411
0.957045
0.978999
0.706921
0.000773943
0.993867
0.00160256
0.853326
1.00137
1.00137
0.993867
0.00305183
0.978999
0.00540336
0.957045
0.928411
0.893627
0.00899029
0.0141878
0.808233
0.759148
0.0213998
0.652438
0.0310432
0.596594
0.540274
0.484333
0.0435299
0.0592482
0.376727
0.326446
0.0785436
0.235674
0.101701
9.21103e-36
9.21103e-36
3.25358e-36
2.15201e-05
2.15201e-05
3.25358e-36
0.000185546
6.89619e-05
6.89619e-05
0.000185546
0.000457169
0.00101817
0.00101817
0.000457169
0.00384045
0.00206267
0.00206267
0.00384045
0.0108736
0.00665963
0.0168744
0.0250743
0.00665963
0.0108736
0.0358909
0.0497284
0.0250743
0.0168744
0.066957
0.0878975
0.0497284
0.0358909
0.14183
0.112799
0.066957
0.0878975
0.14183
0.112799
0.175058
0.212446
0.212446
0.175058
0.298974
0.253841
0.253841
0.298974
0.398806
0.347461
0.507581
0.452409
0.563551
0.619492
0.398806
0.347461
0.674534
0.727784
0.452409
0.507581
0.619492
0.563551
0.674534
0.727784
0.778352
0.825368
0.868006
0.905501
0.937174
0.96244
0.825368
0.778352
0.992009
0.980834
0.868006
0.905501
0.995758
0.992009
0.980834
0.937174
0.96244
0.154843
0.0974845
0.189786
2.68352e-05
0.0749258
0.0561928
0.0409953
0.22882
0.0289831
0.00130217
0.00258697
0.271738
0.0197645
0.012925
0.00804647
0.318219
0.00472499
0.367823
0.000593465
0.420006
0.000242026
0.474123
8.81137e-05
0.529448
0.58518
2.68352e-05
0.640471
0.154843
0.69444
8.81137e-05
0.746195
0.794854
0.839567
0.318219
0.367823
0.000242026
0.87954
0.000593465
0.914047
0.942457
0.964244
0.00130217
0.640471
0.978999
0.00258697
0.746195
0.794854
0.986447
0.986447
0.978999
0.00472499
0.964244
0.00804647
0.942457
0.914047
0.87954
0.012925
0.839567
0.0197645
0.69444
0.0289831
0.0409953
0.58518
0.529448
0.474123
0.0561928
0.420006
0.0749258
0.271738
0.0974845
0.22882
0.124083
0.189786
0.124083
1.6072e-35
1.6072e-35
4.49833e-36
3.25561e-05
3.25561e-05
4.49833e-36
0.000110599
0.000307719
0.000110599
0.000307719
0.000751512
0.00162511
0.00162511
0.000751512
0.00570097
0.00317473
0.00317473
0.00570097
0.00955682
0.0151313
0.0228387
0.0330986
0.00955682
0.0151313
0.0463184
0.0628749
0.0330986
0.0228387
0.107231
0.0830928
0.0463184
0.0628749
0.167866
0.135463
0.0830928
0.107231
0.167866
0.135463
0.24495
0.204409
0.24495
0.204409
0.289227
0.336865
0.336865
0.289227
0.440163
0.387373
0.549766
0.494547
0.604996
0.659372
0.387373
0.440163
0.712007
0.762014
0.494547
0.549766
0.659372
0.604996
0.712007
0.762014
0.850723
0.808528
0.887841
0.9192
0.944224
0.96244
0.808528
0.850723
0.977223
0.973511
0.9192
0.887841
0.973511
0.96244
0.944224
0.218816
0.0518208
0.0373903
0.260712
0.0260751
0.0174779
0.306172
0.0111807
0.00676338
0.354768
0.00382242
0.0019865
0.405963
0.000930191
0.000383194
0.459122
0.000135769
3.88438e-05
0.513526
0.568382
3.88438e-05
0.0697233
0.091396
0.622849
0.676051
0.146852
0.727101
0.000135769
0.775122
0.81927
0.000383194
0.858752
0.892846
0.000930191
0.920923
0.942457
0.0019865
0.513526
0.957044
0.568382
0.964408
0.00382242
0.964408
0.957044
0.00676338
0.775122
0.81927
0.942457
0.920923
0.0111807
0.892846
0.858752
0.0174779
0.0260751
0.727101
0.676051
0.0373903
0.622849
0.0518208
0.459122
0.0697233
0.405963
0.354768
0.091396
0.306172
0.260712
0.117061
0.218816
0.180797
0.146852
0.117061
0.180797
2.39891e-35
2.39891e-35
5.23978e-36
4.55804e-05
4.55804e-05
5.23978e-36
0.00046791
0.000164491
0.000164491
0.00046791
0.00238424
0.00112992
0.00112992
0.00238424
0.00790527
0.00452727
0.00452727
0.00790527
0.019948
0.0129076
0.0294498
0.0418262
0.019948
0.0129076
0.0766855
0.0574596
0.0294498
0.0418262
0.126899
0.0997699
0.0766855
0.0574596
0.193536
0.15816
0.126899
0.0997699
0.15816
0.193536
0.275984
0.232893
0.232893
0.275984
0.37179
0.322441
0.322441
0.37179
0.47674
0.423448
0.585154
0.530913
0.638603
0.690382
0.423448
0.47674
0.785421
0.739608
0.530913
0.585154
0.690382
0.638603
0.785421
0.739608
0.827002
0.863593
0.894519
0.9192
0.937174
0.948096
0.863593
0.827002
0.948096
0.951761
0.894519
0.937174
0.9192
0.0329378
0.0225234
0.290647
0.0147249
0.337911
0.00911925
0.00528422
0.00281662
0.387802
0.0013489
0.439695
0.000562109
0.000195863
5.29294e-05
0.492881
0.546578
5.29294e-05
0.599954
0.0463721
0.65214
0.702257
0.0837071
0.000195863
0.749435
0.792833
0.169301
0.831664
0.000562109
0.865211
0.0013489
0.892846
0.914047
0.928411
0.387802
0.00281662
0.935663
0.00528422
0.546578
0.935663
0.928411
0.914047
0.00911925
0.702257
0.892846
0.0147249
0.865211
0.831664
0.792833
0.0225234
0.749435
0.0329378
0.65214
0.599954
0.0463721
0.0631923
0.492881
0.439695
0.0837071
0.337911
0.108151
0.290647
0.246532
0.205984
0.136668
0.169301
0.136668
0.108151
0.205984
0.0631923
0.246532
3.3179e-35
3.3179e-35
5.44504e-36
6.07304e-05
6.07304e-05
5.44504e-36
0.000664928
0.000230741
0.000230741
0.000664928
0.0032806
0.00158687
0.0032806
0.00158687
0.00608885
0.0103966
0.00608885
0.0103966
0.0166197
0.025185
0.036512
0.0509934
0.0166197
0.025185
0.0907341
0.0689736
0.0509934
0.036512
0.146291
0.116472
0.0907341
0.0689736
0.218045
0.180187
0.146291
0.116472
0.180187
0.218045
0.304589
0.259628
0.304589
0.259628
0.40268
0.352461
0.40268
0.352461
0.507422
0.45458
0.560402
0.61267
0.711587
0.663357
0.45458
0.507422
0.756507
0.797303
0.61267
0.560402
0.663357
0.711587
0.797303
0.756507
0.863593
0.833222
0.905501
0.887841
0.916236
0.919837
0.833222
0.863593
0.905501
0.916236
0.887841
0.317702
0.011728
0.365982
0.00693498
0.00377348
0.00184155
0.41631
0.000776314
0.467991
0.000268039
6.91398e-05
0.520254
0.572279
6.91398e-05
0.623208
0.0279123
0.67217
0.000268039
0.718302
0.760771
0.798796
0.0977111
0.12467
0.000776314
0.831664
0.00184155
0.858751
0.879539
0.893627
0.00377348
0.317702
0.900739
0.00693498
0.41631
0.467991
0.900739
0.893627
0.879539
0.011728
0.623208
0.858751
0.0185776
0.831664
0.798796
0.760771
0.0279123
0.718302
0.0401454
0.67217
0.572279
0.0556538
0.520254
0.0747594
0.365982
0.0977111
0.12467
0.27208
0.229625
0.190735
0.155694
0.155694
0.190735
0.0747594
0.229625
0.0556538
0.27208
0.0401454
0.0185776
4.37314e-35
4.37314e-35
5.1269e-36
7.79696e-05
7.79696e-05
5.1269e-36
0.000308565
0.000895173
0.000308565
0.000895173
0.00429151
0.00211208
0.00211208
0.00429151
0.00781689
0.0131036
0.00781689
0.0131036
0.0306846
0.0205836
0.0603177
0.0438094
0.0205836
0.0306846
0.0805038
0.104585
0.0438094
0.0603177
0.132679
0.164805
0.0805038
0.104585
0.200861
0.240635
0.164805
0.132679
0.200861
0.240635
0.329888
0.283792
0.329888
0.283792
0.428591
0.378369
0.378369
0.428591
0.53128
0.479824
0.631487
0.582121
0.678512
0.722351
0.479824
0.53128
0.797302
0.762197
0.631487
0.582121
0.678512
0.722351
0.797302
0.762197
0.850722
0.827002
0.878512
0.868006
0.882039
0.878512
0.827002
0.868006
0.850722
0.389529
0.00239588
0.00102119
0.439427
0.000351126
8.73586e-05
0.489993
0.540417
8.73586e-05
0.00483121
0.00872772
0.589854
0.637445
0.0226226
0.682337
0.000351126
0.723704
0.760771
0.00102119
0.792833
0.81927
0.00239588
0.839567
0.853325
0.00483121
0.210491
0.860273
0.250992
0.860273
0.00872772
0.853325
0.839567
0.0145129
0.439427
0.489993
0.81927
0.792833
0.0226226
0.760771
0.723704
0.0334801
0.682337
0.637445
0.0474762
0.589854
0.540417
0.0649482
0.0861632
0.389529
0.341052
0.111301
0.294675
0.140441
0.173553
0.173553
0.140441
0.111301
0.210491
0.0861632
0.0649482
0.250992
0.0474762
0.0334801
0.294675
0.0145129
0.341052
5.56215e-35
5.56215e-35
4.33113e-36
9.71071e-05
9.71071e-05
4.33113e-36
0.00115312
0.000396446
0.000396446
0.00115312
0.00269158
0.00538841
0.00538841
0.00269158
0.0159452
0.00966076
0.00966076
0.0159452
0.0246785
0.0362776
0.0511164
0.0695101
0.0246785
0.0362776
0.117808
0.0916926
0.0695101
0.0511164
0.147892
0.18187
0.0916926
0.117808
0.219547
0.260615
0.147892
0.18187
0.260615
0.219547
0.35111
0.304646
0.304646
0.35111
0.399377
0.448739
0.448739
0.399377
0.547595
0.498418
0.641038
0.595419
0.722351
0.683615
0.547595
0.498418
0.756507
0.785421
0.641038
0.595419
0.683615
0.722351
0.785421
0.756507
0.808527
0.825368
0.839045
0.83561
0.83561
0.825368
0.808527
0.000443296
0.000107326
0.456454
0.505038
0.000107326
0.552761
0.00129042
0.598775
0.642239
0.00595905
0.000443296
0.682336
0.718301
0.0267359
0.749434
0.00129042
0.775122
0.00299647
0.794853
0.808232
0.81499
0.124056
0.00595905
0.81499
0.0106089
0.227963
0.808232
0.794853
0.775122
0.0173892
0.359985
0.749434
0.0267359
0.718301
0.682336
0.642239
0.0390549
0.598775
0.0547028
0.552761
0.505038
0.456454
0.0739672
0.407839
0.0970504
0.313629
0.269431
0.124056
0.154977
0.189693
0.154977
0.189693
0.0970504
0.227963
0.0739672
0.0547028
0.0390549
0.269431
0.313629
0.0173892
0.0106089
0.359985
0.00299647
0.407839
6.87228e-35
6.87228e-35
3.12594e-36
0.00011782
0.00011782
3.12594e-36
0.000492281
0.00143178
0.000492281
0.00143178
0.00653873
0.00330873
0.00653873
0.00330873
0.0188342
0.0115646
0.0115646
0.0188342
0.0287782
0.0417909
0.0782858
0.0582065
0.0287782
0.0417909
0.129996
0.102194
0.0582065
0.0782858
0.161641
0.196962
0.102194
0.129996
0.235673
0.277375
0.161641
0.196962
0.235673
0.277375
0.367611
0.321555
0.367611
0.321555
0.462516
0.41485
0.462516
0.41485
0.509803
0.555876
0.641038
0.599897
0.711586
0.678512
0.555876
0.509803
0.739608
0.762013
0.641038
0.599897
0.678512
0.711586
0.762013
0.739608
0.78829
0.778352
0.78829
0.791626
0.778352
0.466879
0.512676
0.000128663
0.000128663
0.556917
0.598775
0.000542213
0.637445
0.672169
0.00712301
0.0125209
0.702257
0.00157645
0.7271
0.00362567
0.746194
0.759147
0.765691
0.0824318
0.00712301
0.765691
0.135583
0.167833
0.0125209
0.759147
0.746194
0.7271
0.284384
0.0202685
0.702257
0.0307902
0.672169
0.637445
0.466879
0.598775
0.0444639
0.556917
0.0616017
0.512676
0.420359
0.0824318
0.37393
0.107085
0.328367
0.24262
0.135583
0.203622
0.167833
0.107085
0.203622
0.24262
0.0616017
0.0444639
0.0307902
0.284384
0.0202685
0.328367
0.00362567
0.37393
0.00157645
0.420359
0.000542213
8.28222e-35
8.28222e-35
1.59342e-36
0.000139679
1.59342e-36
0.000139679
0.00172315
0.000593537
0.000593537
0.00172315
0.00770749
0.00394511
0.00770749
0.00394511
0.01347
0.0216815
0.01347
0.0216815
0.0470539
0.0327556
0.0863742
0.0648607
0.0327556
0.0470539
0.140775
0.111685
0.0863742
0.0648607
0.209622
0.173506
0.111685
0.140775
0.290406
0.248749
0.173506
0.209622
0.290406
0.248749
0.33401
0.378895
0.33401
0.378895
0.46951
0.424324
0.46951
0.424324
0.513636
0.555876
0.631486
0.595419
0.663357
0.690381
0.513636
0.555876
0.727783
0.712007
0.595419
0.631486
0.663357
0.690381
0.727783
0.712007
0.740606
0.737384
0.737384
0.000150896
0.512675
0.552761
0.589854
0.000645175
0.623207
0.652139
0.00187093
0.67605
0.69444
0.00426451
0.70692
0.713227
0.0346603
0.0082875
0.0495402
0.713227
0.70692
0.014405
0.69444
0.67605
0.145532
0.178617
0.0230617
0.652139
0.623207
0.0346603
0.589854
0.552761
0.0495402
0.512675
0.470389
0.0679601
0.426714
0.382468
0.0900818
0.338445
0.295397
0.11596
0.254016
0.214917
0.145532
0.178617
0.11596
0.0900818
0.214917
0.0679601
0.254016
0.0230617
0.295397
0.014405
0.0082875
0.338445
0.00426451
0.00187093
0.382468
0.000645175
0.000150896
0.426714
0.470389
9.76364e-35
9.76364e-35
-1.7707e-37
0.000162174
0.000162174
-1.7707e-37
0.000697383
0.00201859
0.000697383
0.00201859
0.0045814
0.00885884
0.00885884
0.0045814
0.0243991
0.0153181
0.0243991
0.0153181
0.0519045
0.0364883
0.0935273
0.0708745
0.0364883
0.0519045
0.149817
0.119875
0.0935273
0.0708745
0.183127
0.219466
0.149817
0.119875
0.25838
0.299318
0.183127
0.219466
0.25838
0.299318
0.341636
0.384623
0.341636
0.384623
0.469509
0.427513
0.469509
0.427513
0.547594
0.509802
0.582121
0.61267
0.659371
0.638603
0.509802
0.547594
0.674533
0.683762
0.582121
0.61267
0.638603
0.659371
0.674533
0.686862
0.683762
0.540416
0.000749257
0.572279
0.599953
0.622848
0.00216504
0.640471
0.00489354
0.652437
0.00941677
0.658487
0.658487
0.00941677
0.0382269
0.652437
0.0162031
0.640471
0.622848
0.0966835
0.599953
0.0256827
0.572279
0.0382269
0.540416
0.505038
0.261809
0.466878
0.0541278
0.426714
0.0735833
0.385343
0.34356
0.302139
0.0966835
0.123404
0.223236
0.187003
0.153598
0.153598
0.123404
0.187003
0.0735833
0.0541278
0.223236
0.261809
0.0256827
0.0162031
0.302139
0.00489354
0.34356
0.00216504
0.000749257
0.000173485
0.385343
0.426714
0.000173485
0.466878
0.505038
1.12829e-34
1.12829e-34
-2.09419e-36
0.000184737
0.000184737
-2.09419e-36
0.00230922
0.000800829
0.000800829
0.00230922
0.00995743
0.0051982
0.0051982
0.00995743
0.0170522
0.0269035
0.0170522
0.0269035
0.0398614
0.0561941
0.0995275
0.0760641
0.0398614
0.0561941
0.156848
0.126516
0.0995275
0.0760641
0.226198
0.190213
0.126516
0.156848
0.303841
0.264277
0.226198
0.190213
0.303841
0.264277
0.344203
0.384623
0.344203
0.384623
0.424323
0.462516
0.424323
0.462516
0.498418
0.53128
0.560401
0.585153
0.619491
0.604996
0.498418
0.53128
0.631284
0.62832
0.585153
0.560401
0.619491
0.604996
0.62832
0.000851431
0.520254
0.546577
0.568381
0.00244992
0.585179
0.00244992
0.00549354
0.596593
0.0104762
0.01786
0.602365
0.602365
0.0104762
0.596593
0.0580866
0.01786
0.585179
0.568381
0.546577
0.0280513
0.15954
0.192737
0.520254
0.041381
0.489992
0.456454
0.420359
0.0580866
0.382468
0.0783
0.34356
0.304409
0.265765
0.102037
0.228329
0.129192
0.129192
0.15954
0.102037
0.192737
0.0783
0.041381
0.228329
0.0280513
0.265765
0.00549354
0.304409
0.34356
0.000851431
0.000195845
0.382468
0.420359
0.000195845
0.456454
0.489992
1.28026e-34
1.28026e-34
-4.0685e-36
0.000206774
0.000206774
-4.0685e-36
0.00258627
0.000900847
0.000900847
0.00258627
0.0109696
0.00577668
0.0109696
0.00577668
0.0291181
0.0186191
0.0186191
0.0291181
0.0427722
0.0597921
0.0802721
0.104193
0.0427722
0.0597921
0.161655
0.131408
0.0802721
0.104193
0.194552
0.229614
0.131408
0.161655
0.266262
0.303841
0.229614
0.194552
0.303841
0.266262
0.341636
0.378895
0.378895
0.341636
0.41485
0.448738
0.448738
0.41485
0.479824
0.507421
0.530913
0.549765
0.56355
0.57195
0.479824
0.507421
0.57195
0.574772
0.549765
0.530913
0.56355
0.513525
0.00271696
0.529446
0.000217377
0.540273
0.00604622
0.545751
0.545751
0.0114333
0.0114333
0.0193251
0.540273
0.529446
0.0193251
0.513525
0.49288
0.0300951
0.46799
0.439426
0.0440265
0.407838
0.163177
0.37393
0.0612966
0.338444
0.302139
0.0819675
0.265765
0.230044
0.105979
0.195647
0.13315
0.13315
0.105979
0.163177
0.0819675
0.0612966
0.195647
0.0440265
0.0300951
0.230044
0.265765
0.00604622
0.00271696
0.302139
0.000948692
0.338444
0.37393
0.000217377
0.49288
0.407838
0.439426
0.46799
0.000948692
1.42836e-34
1.42836e-34
-6.01546e-36
0.000227686
0.000227686
-6.01546e-36
0.000994486
0.00284137
0.000994486
0.00284137
0.0118645
0.00629922
0.00629922
0.0118645
0.0309756
0.0199711
0.0199711
0.0309756
0.0625898
0.0451324
0.107383
0.0833714
0.0451324
0.0625898
0.134403
0.164095
0.107383
0.0833714
0.196013
0.229614
0.164095
0.134403
0.264277
0.299317
0.229614
0.196013
0.264277
0.299317
0.36761
0.33401
0.36761
0.33401
0.399376
0.42859
0.42859
0.399376
0.476739
0.454579
0.507579
0.494547
0.518196
0.515527
0.476739
0.454579
0.515527
0.494547
0.507579
0.00295811
0.484332
0.00653482
0.4895
0.4895
0.484332
0.00295811
0.0122592
0.474122
0.0205539
0.459121
0.439694
0.416309
0.0460835
0.0317522
0.389528
0.0460835
0.359984
0.108393
0.328366
0.295396
0.164402
0.0636608
0.261809
0.0844753
0.228329
0.195647
0.108393
0.135159
0.135159
0.0844753
0.0636608
0.164402
0.195647
0.0317522
0.0205539
0.0122592
0.228329
0.00653482
0.261809
0.00103816
0.000237487
0.295396
0.328366
0.000237487
0.474122
0.359984
0.389528
0.416309
0.00103816
0.439694
0.459121
1.56865e-34
1.56865e-34
-7.85757e-36
0.00024689
0.00024689
-7.85757e-36
0.00306683
0.00107897
0.00107897
0.00306683
0.0126151
0.00675002
0.0126151
0.00675002
0.0324199
0.0210673
0.0210673
0.0324199
0.0645028
0.0468707
0.109003
0.0852689
0.0468707
0.0645028
0.164095
0.135411
0.0852689
0.109003
0.226197
0.194552
0.164095
0.135411
0.290406
0.25838
0.194552
0.226197
0.25838
0.290406
0.321555
0.351109
0.321555
0.351109
0.378368
0.402678
0.378368
0.402678
0.423447
0.440161
0.452409
0.459881
0.462394
0.459881
0.440161
0.423447
0.452409
0.00694455
0.434417
0.434417
0.000255614
0.429571
0.0129287
0.420004
0.0215093
0.405962
0.0129287
0.0215093
0.3878
0.365981
0.0329727
0.341051
0.0474901
0.313628
0.284383
0.109206
0.254016
0.0651082
0.223235
0.0857483
0.192736
0.163177
0.135159
0.109206
0.135159
0.0857483
0.0651082
0.0474901
0.163177
0.0329727
0.192736
0.00694455
0.223235
0.0031661
0.254016
0.0011172
0.284383
0.313628
0.000255614
0.429571
0.341051
0.365981
0.0011172
0.3878
0.405962
0.420004
0.0031661
1.6973e-34
1.6973e-34
-9.52593e-36
0.000263847
0.000263847
-9.52593e-36
0.00115181
0.00325588
0.00115181
0.00325588
0.0131987
0.00711547
0.0131987
0.00711547
0.0334075
0.0218747
0.0218747
0.0334075
0.0479349
0.0654738
0.109003
0.0859078
0.0654738
0.0479349
0.134403
0.161655
0.0859078
0.109003
0.219466
0.190213
0.161655
0.134403
0.277374
0.248749
0.219466
0.190213
0.248749
0.277374
0.304645
0.329887
0.304645
0.329887
0.371789
0.352461
0.371789
0.352461
0.387373
0.398805
0.405787
0.408134
0.405787
0.387373
0.398805
0.376726
0.0134218
0.367822
0.354766
0.0221626
0.33791
0.317701
0.0337199
0.294674
0.0134218
0.26943
0.048204
0.242619
0.048204
0.214916
0.0655956
0.0655956
0.187002
0.159539
0.0857482
0.13315
0.108393
0.108393
0.0857482
0.13315
0.0337199
0.159539
0.0221626
0.187002
0.0072631
0.00333471
0.214916
0.00118345
0.000271244
0.242619
0.26943
0.000271244
0.381238
0.294674
0.381238
0.317701
0.33791
0.00118345
0.354766
0.367822
0.00333471
0.376726
0.0072631
1.81075e-34
1.81075e-34
-1.09613e-35
0.000278073
0.000278073
-1.09613e-35
0.00340286
0.00121083
0.00340286
0.00121083
0.00738462
0.0135977
0.0135977
0.00738462
0.0339088
0.022369
0.022369
0.0339088
0.0482932
0.0654738
0.0852689
0.107383
0.0654738
0.0482932
0.156847
0.131408
0.107383
0.0852689
0.183127
0.209621
0.156847
0.131408
0.260614
0.235673
0.209621
0.183127
0.235673
0.260614
0.283791
0.304587
0.304587
0.283791
0.322441
0.336863
0.336863
0.322441
0.34746
0.353937
0.356117
0.353937
0.34746
0.0137238
0.306171
0.0224942
0.290645
0.272079
0.250991
0.00345889
0.0339715
0.227962
0.0137238
0.048204
0.203621
0.178617
0.153598
0.0651082
0.129192
0.0844752
0.105979
0.0844752
0.0651082
0.105979
0.048204
0.129192
0.0339715
0.0224942
0.153598
0.00748093
0.178617
0.00123497
0.000283931
0.203621
0.227962
0.000283931
0.318217
0.250991
0.272079
0.290645
0.330617
0.00123497
0.306171
0.318217
0.326444
0.00345889
0.00748093
0.330617
0.326444
1.90583e-34
1.90583e-34
-1.21147e-35
0.000289164
0.000289164
-1.21147e-35
0.00350338
0.00125431
0.00125431
0.00350338
0.0138003
0.0075494
0.0075494
0.0138003
0.0339088
0.0225354
0.0225354
0.0339088
0.0645027
0.0479349
0.104193
0.0833713
0.0645027
0.0479349
0.149816
0.126516
0.104193
0.0833713
0.196961
0.173505
0.149816
0.126516
0.219547
0.240634
0.173505
0.196961
0.219547
0.240634
0.275982
0.259627
0.275982
0.259627
0.289226
0.298973
0.298973
0.289226
0.304938
0.306946
0.304938
0.0224943
0.246531
0.229623
0.21049
0.0337199
0.189692
0.00353495
0.04749
0.167832
0.0138254
0.145531
0.123403
0.0636607
0.102036
0.0819673
0.0819673
0.0636607
0.04749
0.102036
0.0337199
0.123403
0.0224943
0.00759153
0.145531
0.167832
0.00127023
0.000293313
0.189692
0.21049
0.000293313
0.26071
0.229623
0.246531
0.279279
0.283107
0.00127023
0.26071
0.271737
0.279279
0.00353495
0.283107
0.00759153
0.271737
0.0138254
1.97987e-34
1.97987e-34
-1.29482e-35
0.0002968
0.0002968
-1.29482e-35
0.00355447
0.00128094
0.00128094
0.00355447
0.0138003
0.00760491
0.0138003
0.00760491
0.0334076
0.022369
0.022369
0.0334076
0.0468707
0.0625896
0.080272
0.0995271
0.0468707
0.0625896
0.119875
0.140775
0.0995271
0.080272
0.16164
0.181869
0.140775
0.119875
0.218043
0.200861
0.181869
0.16164
0.200861
0.218043
0.244948
0.232892
0.232892
0.244948
0.259288
0.25384
0.25384
0.259288
0.261123
0.173551
0.0329727
0.154976
0.000299119
0.135583
0.0460835
0.115959
0.0966832
0.0612964
0.0137239
0.0221627
0.0782997
0.0612964
0.0782997
0.0460835
0.0329727
0.0966832
0.115959
0.00759161
0.00356063
0.135583
0.00128819
0.154976
0.173551
0.000299119
0.190734
0.190734
0.205983
0.205983
0.218814
0.00128819
0.228818
0.235672
0.00356063
0.239156
0.239156
0.00759161
0.235672
0.228818
0.0137239
0.218814
0.0221627
2.03078e-34
2.03078e-34
-1.34348e-35
0.000300761
0.000300761
-1.34348e-35
0.00128996
0.00355459
0.00128996
0.00355459
0.0135979
0.00754949
0.00754949
0.0135979
0.03242
0.0218748
0.0218748
0.03242
0.0451324
0.0597919
0.0935268
0.076064
0.0597919
0.0451324
0.129995
0.111684
0.0935268
0.076064
0.164804
0.147891
0.129995
0.111684
0.193534
0.180186
0.164804
0.147891
0.180186
0.193534
0.212445
0.204408
0.212445
0.204408
0.217377
0.217377
0.21904
0.0317523
0.107084
0.0440265
0.0900813
0.073583
0.0580864
0.00353515
0.0580864
0.0440265
0.073583
0.0317523
0.0215095
0.0134221
0.0900813
0.00748116
0.107084
0.00128832
0.000301182
0.124055
0.14044
0.000301182
0.124055
0.155693
0.1693
0.180795
0.1693
0.00128832
0.189784
0.195956
0.199096
0.00353515
0.199096
0.00748116
0.195956
0.189784
0.180795
0.0134221
0.0215095
0.155693
0.14044
2.05712e-34
2.05712e-34
-1.35588e-35
0.000300934
0.000300934
-1.35588e-35
0.00350375
0.00128109
0.00128109
0.00350375
0.013199
0.0073848
0.0073848
0.013199
0.0210675
0.0309757
0.0309757
0.0210675
0.0427722
0.0561938
0.0708743
0.0863735
0.0427722
0.0561938
0.102194
0.117807
0.0708743
0.0863735
0.14629
0.132679
0.102194
0.117807
0.158159
0.167864
0.14629
0.132679
0.158159
0.167864
0.179479
0.175057
0.179479
0.175057
0.180972
0.0413809
0.0679598
0.0541276
0.000299443
0.0413809
0.0541276
0.0300952
0.0679598
0.0205541
0.012929
0.00726347
0.0824312
0.00345929
0.0970497
0.00127061
0.1113
0.124669
0.000299443
0.0824312
0.136666
0.14685
0.1113
0.124669
0.00127061
0.154842
0.160342
0.163144
0.154842
0.00345929
0.163144
0.00726347
0.160342
0.14685
0.012929
0.136666
0.0205541
0.0970497
0.0300952
2.05813e-34
2.05813e-34
-1.33159e-35
0.000297314
0.000297314
-1.33159e-35
0.00340345
0.0012546
0.0012546
0.00340345
0.00711574
0.0126155
0.0126155
0.00711574
0.0199713
0.0291182
0.0199713
0.0291182
0.0398614
0.0519042
0.0782851
0.0648606
0.0519042
0.0398614
0.0916922
0.104584
0.0782851
0.0648606
0.116471
0.126898
0.0916922
0.104584
0.135462
0.141829
0.116471
0.126898
0.135462
0.141829
0.147076
0.145752
0.145752
0.0280514
0.04954
0.0193254
0.0122596
0.0616013
0.00694506
0.00333529
0.0739666
0.0012356
0.000293951
0.0861625
0.0977102
0.000293951
0.0382269
0.10815
0.04954
0.11706
0.124081
0.0012356
0.128928
0.131401
0.0977102
0.10815
0.00333529
0.131401
0.128928
0.00694506
0.124081
0.11706
0.0122596
0.0193254
0.0861625
0.0739666
0.0280514
0.0616013
0.0382269
2.03378e-34
2.03378e-34
-1.27129e-35
0.000290003
0.000290003
-1.27129e-35
0.00121126
0.00325668
0.00121126
0.00325668
0.0118651
0.00675036
0.0118651
0.00675036
0.0186193
0.0269036
0.0186193
0.0269036
0.0364883
0.0470536
0.0695093
0.0582063
0.0470536
0.0364883
0.0907329
0.0805034
0.0695093
0.0582063
0.10723
0.0997694
0.0907329
0.0805034
0.116237
0.112799
0.0997694
0.10723
0.116237
0.112799
0.117401
0.0444637
0.00653544
0.0547024
0.00316685
0.00118431
0.000284865
0.0649476
0.0747587
0.000284865
0.0114338
0.0837062
0.091395
0.0974834
0.0346602
0.00118431
0.1017
0.103857
0.103857
0.0649476
0.00316685
0.1017
0.00653544
0.0974834
0.091395
0.0837062
0.0114338
0.0747587
0.0178603
0.0547024
0.0444637
0.0256829
0.0346602
0.0256829
0.0178603
1.98477e-34
1.98477e-34
-1.17683e-35
0.000279213
0.000279213
-1.17683e-35
0.00306782
0.00115235
0.00115235
0.00306782
0.00629963
0.0109702
0.0109702
0.00629963
0.0170524
0.0243992
0.0243992
0.0170524
0.0417906
0.0327557
0.0511162
0.0603169
0.0417906
0.0327557
0.0766843
0.0689732
0.0603169
0.0511162
0.0830923
0.0878961
0.0766843
0.0689732
0.0918795
0.0908723
0.0878961
0.0830923
0.0908723
0.0474757
0.00111826
0.000272445
0.0556532
0.0631916
0.000272445
0.002959
0.0697224
0.0749248
0.0104767
0.0162035
0.00111826
0.0785425
0.0803972
0.0803972
0.0390546
0.002959
0.0785425
0.00604695
0.0749248
0.0697224
0.0631916
0.0104767
0.0556532
0.0162035
0.0474757
0.0307902
0.0230618
0.0230618
0.0307902
0.00604695
0.0390546
1.91246e-34
1.91246e-34
-1.05112e-35
0.000265252
0.000265252
-1.05112e-35
0.00107962
0.00284252
0.00107962
0.00284252
0.00995809
0.00577714
0.00995809
0.00577714
0.0216816
0.0153184
0.0216816
0.0153184
0.0362773
0.0287782
0.0438092
0.0509926
0.0362773
0.0287782
0.0574592
0.0628738
0.0438092
0.0509926
0.0669565
0.0694936
0.0628738
0.0574592
0.0703548
0.0694936
0.0669565
0.0463715
0.000257046
0.05182
0.000257046
0.056192
0.0592473
0.00103939
0.0608181
0.0608181
0.00941735
0.0144054
0.00271797
0.0592473
0.0267359
0.056192
0.00549434
0.05182
0.0463715
0.00941735
0.040145
0.0334799
0.0144054
0.0202686
0.0202686
0.0267359
0.00549434
0.00271797
0.0334799
0.00103939
0.040145
1.8189e-34
1.8189e-34
-8.98209e-36
0.000248519
-8.98209e-36
0.000248519
0.00258754
0.000995221
0.000995221
0.00258754
0.0051987
0.00885955
0.0051987
0.00885955
0.0188344
0.0134702
0.0134702
0.0188344
0.0246785
0.0306843
0.0365118
0.0418254
0.0306843
0.0246785
0.0463181
0.0497273
0.0418254
0.0365118
0.0525794
0.0518563
0.0497273
0.0463181
0.0518563
0.000239106
0.0373897
0.0409946
0.0435292
0.000950051
0.0448369
0.00245101
0.0448369
0.0435292
0.00245101
0.0409946
0.00489439
0.0373897
0.0329373
0.0279121
0.00828811
0.0226226
0.0125213
0.0173894
0.0125213
0.00828811
0.0173894
0.00489439
0.0226226
0.000950051
0.000239106
0.0279121
0.0329373
1.70671e-34
1.70671e-34
-7.23183e-36
0.000229488
0.000229488
-7.23183e-36
0.00231057
0.000901644
0.000901644
0.00231057
0.00770822
0.00458193
0.00458193
0.00770822
0.0159453
0.0115649
0.0159453
0.0115649
0.0251847
0.0205836
0.0330979
0.0294497
0.0205836
0.0251847
0.0358906
0.0376426
0.0330979
0.0294497
0.0382402
0.0358906
0.0376426
0.0310426
0.000852878
0.0321101
0.000219133
0.0321101
0.0310426
0.00216618
0.0289826
0.00426539
0.00712362
0.0106092
0.0260747
0.0225232
0.0185775
0.00712362
0.014513
0.0106092
0.00426539
0.014513
0.00216618
0.0185775
0.000852878
0.0225232
0.0260747
0.000219133
0.0289826
1.57901e-34
1.57901e-34
-5.3214e-36
0.000208694
0.000208694
-5.3214e-36
0.00201998
0.000801663
0.000801663
0.00201998
0.00394564
0.00653946
0.00394564
0.00653946
0.00966102
0.0131038
0.0131038
0.00966102
0.0199477
0.0166197
0.0228386
0.0250737
0.0166197
0.0199477
0.0264863
0.0269686
0.0250737
0.0228386
0.0264863
0.000750748
0.0222513
0.0213994
0.00187209
0.0197642
0.0174777
0.00362655
0.0147249
0.0117282
0.00595965
0.0087281
0.00595965
0.0087281
0.00362655
0.00187209
0.0117282
0.000750748
0.000197684
0.0147249
0.0174777
0.000197684
0.0197642
0.0213994
0.0222513
1.43932e-34
1.43932e-34
-3.32105e-36
0.000186715
0.000186715
-3.32105e-36
0.00172454
0.000698229
0.000698229
0.00172454
0.00330926
0.00538912
0.00330926
0.00538912
0.00781713
0.0103967
0.00781713
0.0103967
0.0129076
0.0151311
0.0179842
0.0168743
0.0151311
0.0129076
0.0179842
0.0183657
0.0168743
0.0141876
0.0129249
0.0015776
0.0111807
0.00299732
0.00911941
0.0015776
0.00693534
0.00483179
0.00483179
0.00299732
0.00693534
0.000646665
0.00017535
0.00911941
0.0111807
0.00017535
0.0129249
0.01485
0.0141876
0.01485
0.000646665
1.29146e-34
1.29146e-34
0.000164149
-1.30918e-36
0.000164149
-1.30918e-36
0.00143313
0.000594369
0.000594369
0.00143313
0.00429218
0.00269209
0.00429218
0.00269209
0.00608908
0.00790544
0.00608908
0.00790544
0.0108735
0.00955686
0.0120139
0.0117218
0.00955686
0.0117218
0.0108735
0.00129151
0.00676354
0.00239668
0.00528456
0.00377402
0.00239668
0.00377402
0.00129151
0.00528456
0.000543654
0.00015273
0.00676354
0.0080465
0.00015273
0.00899022
0.00899022
0.00948978
0.000543654
0.00948978
0.0080465
1.13934e-34
1.13934e-34
6.29256e-37
0.00014159
0.00014159
6.29256e-37
0.00115438
0.000493074
0.000493074
0.00115438
0.00328122
0.00211254
0.00211254
0.00328122
0.00452749
0.00570115
0.00570115
0.00452749
0.00665969
0.0072852
0.00750295
0.0072852
0.00665969
0.00184227
0.00184227
0.00102219
0.00281712
0.000444646
0.000130408
0.00382273
0.00472516
0.000130408
0.00281712
0.00382273
0.00540343
0.00576677
0.00576677
0.000444646
0.00540343
0.00472516
0.00102219
9.86902e-35
9.86902e-35
2.40505e-36
0.000119608
0.000119608
2.40505e-36
0.000896316
0.000397175
0.000896316
0.000397175
0.00238478
0.00158728
0.00238478
0.00158728
0.00384065
0.00317493
0.00317493
0.00384065
0.00428429
0.00443935
0.00428429
0.000352346
0.000108931
0.00198693
0.00258726
0.000108931
0.00305202
0.000777207
0.00330506
0.00330506
0.00198693
0.000352346
0.00305202
0.00258726
0.000777207
0.00134954
0.00134954
8.37882e-35
8.37882e-35
3.92773e-36
9.87199e-05
9.87199e-05
3.92773e-36
0.000309213
0.000665922
0.000309213
0.000665922
0.00162559
0.00113028
0.00162559
0.00113028
0.00236141
0.00206286
0.00206286
0.00246774
0.00236141
0.00130254
0.00160283
8.8777e-05
8.8777e-05
0.00177004
0.00177004
0.000269096
0.00160283
0.00130254
0.000930731
0.00056287
0.00056287
0.000930731
0.000269096
6.95687e-35
6.95687e-35
5.10964e-36
7.93629e-05
5.10964e-36
7.93629e-05
0.00023129
0.000468735
0.00023129
0.000468735
0.00101858
0.000751812
0.00101858
0.000751812
0.00127647
0.00120831
0.00120831
7.03357e-05
0.00087799
0.00087799
0.000774266
0.000196735
0.000593905
0.000383811
0.000383811
0.000196735
7.03357e-05
0.000593905
0.000774266
5.63202e-35
5.63202e-35
5.87125e-36
6.18717e-05
6.18717e-05
5.87125e-36
0.000308366
0.000164933
0.000164933
0.000308366
0.000457413
0.000568902
0.000457413
0.000568902
0.000610431
0.000341799
0.000136443
0.000242498
0.000136443
5.38793e-05
0.000242498
0.000341799
5.38793e-05
0.000401538
0.000401538
4.42632e-35
4.42632e-35
6.14799e-36
4.64526e-05
4.64526e-05
6.14799e-36
0.000186021
0.000110933
0.000110933
0.000186021
0.000246734
0.000246734
0.000269737
8.85943e-05
8.85943e-05
3.95405e-05
0.000138741
0.000170688
3.95405e-05
0.000170688
0.000138741
3.35337e-35
3.35337e-35
5.89879e-36
3.31611e-05
5.89879e-36
3.31611e-05
6.91961e-05
9.99913e-05
6.91961e-05
9.99913e-05
0.000112365
6.91778e-05
2.72912e-05
6.91778e-05
5.25973e-05
2.72912e-05
5.25973e-05
2.41682e-35
2.41682e-35
2.18826e-05
5.11677e-36
2.18826e-05
5.11677e-36
3.8586e-05
3.8586e-05
4.51337e-05
1.69246e-05
2.67425e-05
1.69246e-05
2.67425e-05
1.60905e-35
1.60905e-35
3.84236e-36
1.23171e-05
1.23171e-05
3.84236e-36
1.67647e-05
8.04161e-06
8.04161e-06
9.10202e-36
9.10202e-36
2.17981e-36
2.17981e-36
3.96289e-06
-5.71821e-38
2.87066e-36
2.87066e-36
