-3.98318e-38
7.09502e-36
7.09502e-36
6.59628e-36
2.17517e-35
1.04035e-05
2.09438e-05
6.59628e-36
2.17517e-35
2.09438e-05
1.28123e-35
4.2869e-05
3.72996e-35
3.17096e-05
4.26059e-05
6.55783e-05
6.55783e-05
3.17096e-05
4.2869e-05
3.72996e-35
1.28123e-35
1.87316e-35
6.65337e-05
5.41356e-35
5.44332e-05
0.000117771
0.000147274
9.05383e-05
0.000103508
1.87316e-35
6.65337e-05
9.05383e-05
0.000147274
0.000117771
5.44332e-05
5.41356e-35
2.42794e-35
7.91762e-05
9.24255e-05
7.25034e-35
0.000147757
0.000180716
0.000256883
0.000197975
0.000301798
0.000216868
0.000301798
0.000197975
7.91762e-05
7.25034e-35
9.24255e-05
2.42794e-35
0.000180716
0.000147757
0.000256883
2.94312e-35
9.24937e-35
0.000106308
0.000120799
0.000216788
0.000256268
0.000401752
0.00032456
0.000120799
9.24937e-35
0.000106308
2.94312e-35
0.00059999
0.000434278
0.000527214
0.000404853
0.000404853
0.000401752
0.000527214
0.000216788
0.00059999
0.00032456
0.000256268
3.41928e-35
0.000151679
1.14052e-34
0.000135965
0.000298868
0.000345068
0.000585394
0.000488623
0.000801684
0.000670604
0.000835223
0.00104196
1.14052e-34
0.000151679
0.000135965
3.41928e-35
0.000298868
0.000585394
0.000345068
0.000488623
0.000849848
0.00115885
0.000801684
0.00115885
0.000835223
0.00104196
0.000670604
3.85868e-35
0.000184883
1.36992e-34
0.000168066
0.000394094
0.000446692
0.000807999
0.000691951
0.00164166
0.00132168
0.00102174
0.00122965
0.0015314
0.0019687
0.00214926
0.00160606
3.85868e-35
0.000184883
1.36992e-34
0.000168066
0.000394094
0.000446692
0.000807999
0.000691951
0.0019687
0.00164166
0.00122965
0.00214926
0.00102174
0.0015314
0.00132168
4.26415e-35
0.000220033
1.61009e-34
0.000202326
0.000501571
0.000559802
0.00106694
0.000933259
0.00170767
0.00239965
0.00200122
0.00145862
0.00247233
0.0030409
0.00353293
0.002791
0.000202326
4.26415e-35
0.000220033
1.61009e-34
0.0029042
0.0037996
0.0037996
0.002791
0.000559802
0.00106694
0.000501571
0.000933259
0.00200122
0.0030409
0.00353293
0.00170767
0.00145862
0.00247233
0.00239965
4.63839e-35
0.000256591
1.85703e-34
0.000238282
0.0012087
0.000619569
0.000682305
0.00135728
0.00226089
0.00330536
0.00283504
0.0019755
0.00367352
0.00436677
0.00531112
0.00437363
0.00483812
0.00601739
0.00639473
0.00499994
1.85703e-34
0.000238282
4.63839e-35
0.000256591
0.00135728
0.000682305
0.0012087
0.000619569
0.00639473
0.00601739
0.00483812
0.00437363
0.00283504
0.0019755
0.00226089
0.00330536
0.00436677
0.00531112
0.00367352
4.98345e-35
0.000293883
2.10595e-34
0.000275322
0.000745684
0.00167224
0.00151235
0.000811512
0.000275322
0.000293883
2.10595e-34
4.98345e-35
0.00287654
0.00433916
0.00380778
0.00256167
0.0051176
0.00745752
0.00634076
0.00592113
0.00798163
0.00878374
0.00975639
0.00733492
0.0102705
0.00820667
0.00798163
0.0102705
0.000811512
0.00167224
0.00151235
0.000745684
0.00433916
0.00287654
0.00380778
0.00256167
0.00975639
0.00878374
0.00592113
0.00733492
0.00745752
0.0051176
0.00634076
5.30055e-35
0.00033114
2.35157e-34
0.000312721
0.000876991
0.000944295
0.00200368
0.00183669
0.000312721
0.00033114
2.35157e-34
5.30055e-35
0.00353847
0.00547441
0.00489606
0.00320255
0.000944295
0.00183669
0.00200368
0.000876991
0.00677247
0.00766575
0.00865429
0.00992359
0.0117104
0.0120444
0.0138335
0.0103571
0.0158039
0.0128804
0.0151264
0.012581
0.012581
0.0158039
0.0151264
0.0117104
0.00320255
0.00547441
0.00353847
0.00489606
0.0138335
0.00865429
0.00992359
0.00766575
0.00677247
0.0103571
0.0120444
5.58993e-35
0.000349671
0.000367528
2.58829e-34
0.00101021
0.00107725
0.00234254
0.00217306
0.00422816
0.00667933
0.00607043
0.00388068
0.000349671
0.000367528
2.58829e-34
5.58993e-35
0.00234254
0.00107725
0.00217306
0.00101021
0.00859459
0.00955254
0.0126436
0.0112565
0.00422816
0.00607043
0.00388068
0.00667933
0.0138355
0.0157172
0.0185321
0.0161123
0.0178941
0.0190269
0.0208657
0.0225324
0.0234002
0.0190269
0.0194163
0.0234002
0.0178941
0.0208657
0.0225324
0.0161123
0.00955254
0.0157172
0.0112565
0.00859459
0.0185321
0.0138355
0.0126436
5.85097e-35
2.81046e-34
0.00038532
0.000402185
0.00114184
0.00120682
0.00267925
0.00251211
0.00492567
0.00791875
0.00729719
0.00457673
0.00038532
0.000402185
2.81046e-34
5.85097e-35
0.0105321
0.0115266
0.0155393
0.0140748
0.00267925
0.00120682
0.00251211
0.00114184
0.00729719
0.00791875
0.00492567
0.00457673
0.0196988
0.0176765
0.023725
0.0210756
0.0115266
0.0105321
0.0140748
0.0155393
0.026298
0.0240227
0.0302993
0.0273418
0.0277352
0.0323926
0.0282255
0.0334768
0.0334768
0.026298
0.0277352
0.0323926
0.0240227
0.0210756
0.0176765
0.0273418
0.0196988
0.023725
0.0302993
6.08235e-35
0.000434258
3.01258e-34
0.000418804
0.00126834
0.00132948
0.00300416
0.00284416
0.00561047
0.00915578
0.00527036
0.00854014
0.0125276
0.0135288
0.0185242
0.0170263
0.000418804
0.000434258
3.01258e-34
6.08235e-35
0.00132948
0.00300416
0.00284416
0.00126834
0.0292608
0.0238715
0.021769
0.0264601
0.00915578
0.00561047
0.00854014
0.00527036
0.0170263
0.0125276
0.0135288
0.0185242
0.0388925
0.0345074
0.0308001
0.034371
0.021769
0.0292608
0.0238715
0.0264601
0.0391206
0.037343
0.0451198
0.0425499
0.0464452
0.0397271
0.0391206
0.0464452
0.0345074
0.0388925
0.034371
0.037343
0.0451198
0.0425499
0.0308001
6.28223e-35
0.000462935
3.18954e-34
0.000449288
0.00138622
0.00144184
0.00330785
0.00315965
0.00626226
0.00594106
0.0103533
0.00976205
0.0145212
0.0154988
0.021508
0.0200221
6.28223e-35
3.18954e-34
0.000449288
0.000462935
0.0321057
0.02599
0.0281088
0.034973
0.00138622
0.00144184
0.00330785
0.00315965
0.0103533
0.00626226
0.00976205
0.00594106
0.0417437
0.0480602
0.0434213
0.0380284
0.0200221
0.021508
0.0145212
0.0154988
0.02599
0.0281088
0.0321057
0.034973
0.0535821
0.0580099
0.0479769
0.0514313
0.0480602
0.0417437
0.0380284
0.0434213
0.05432
0.0535879
0.0626927
0.0611029
0.0535821
0.0626927
0.0580099
0.0611029
0.0514313
0.0535879
0.0479769
6.44851e-35
0.000487474
3.33676e-34
0.00047599
0.0014922
0.00154075
0.00358149
0.0034494
0.00656894
0.00686169
0.0114752
0.0109262
0.0164524
0.0173767
0.0243996
0.0229711
0.00047599
0.000487474
3.33676e-34
6.44851e-35
0.0378408
0.0302111
0.0322814
0.0406868
0.0014922
0.0034494
0.00358149
0.00154075
0.0575247
0.0527733
0.0492351
0.045489
0.00686169
0.0114752
0.0109262
0.00656894
0.0229711
0.0243996
0.0173767
0.0164524
0.0651589
0.071768
0.0648058
0.0593245
0.0406868
0.0302111
0.0322814
0.0378408
0.0575247
0.0492351
0.045489
0.0527733
0.0715032
0.068937
0.0770301
0.0806881
0.0648058
0.0593245
0.071768
0.0651589
0.082563
0.0723745
0.0715032
0.068937
0.0806881
0.0770301
0.082563
6.57911e-35
0.000507229
3.45041e-34
0.000498213
0.00158332
0.00162342
0.00381712
0.00370498
0.000498213
0.000507229
3.45041e-34
6.57911e-35
0.00713534
0.00739096
0.0124879
0.0119976
0.0182626
0.0191057
0.0271109
0.0257834
0.0462269
0.0434895
0.0343029
0.0362614
0.00370498
0.00158332
0.00381712
0.00162342
0.0566151
0.0622777
0.0669955
0.0529533
0.00713534
0.0124879
0.0119976
0.00739096
0.0788427
0.0769261
0.0859759
0.0710416
0.0271109
0.0191057
0.0257834
0.0182626
0.0462269
0.0362614
0.0343029
0.0434895
0.0901776
0.0937484
0.0999006
0.0853222
0.0669955
0.0566151
0.0529533
0.0622777
0.0859759
0.0788427
0.0710416
0.0769261
0.0931854
0.0942029
0.106339
0.10416
0.0901776
0.0853222
0.0937484
0.0999006
0.106339
0.0931854
0.10416
6.67214e-35
0.000521677
3.52748e-34
0.00051537
0.00165699
0.00168753
0.00400786
0.00391896
0.00762347
0.0078344
0.013361
0.012944
0.00051537
0.000521677
3.52748e-34
6.67214e-35
0.00391896
0.00400786
0.00165699
0.00168753
0.0198971
0.0206335
0.0295597
0.0283733
0.0399275
0.0514235
0.0488786
0.0381405
0.0636567
0.0716419
0.0761809
0.0601918
0.00762347
0.012944
0.013361
0.0078344
0.0885211
0.100196
0.0931121
0.0827678
0.0198971
0.0283733
0.0206335
0.0295597
0.110745
0.119745
0.102245
0.109782
0.0488786
0.0514235
0.0399275
0.0381405
0.0636567
0.0716419
0.0601918
0.0761809
0.118878
0.126835
0.131727
0.115406
0.0931121
0.0885211
0.100196
0.0827678
0.102245
0.119745
0.109782
0.110745
0.120053
0.115406
0.134224
0.134224
0.118878
0.126835
0.131727
6.72618e-35
0.000530432
3.56594e-34
0.000527004
0.00171115
0.00173127
0.00414818
0.0040851
0.00801888
0.00817891
0.0140685
0.0137373
0.0213067
0.0306624
0.0219144
0.0316718
0.000527004
0.000530432
3.56594e-34
6.72618e-35
0.00173127
0.0040851
0.00414818
0.00171115
0.0137373
0.0140685
0.00817891
0.00801888
0.0431682
0.0561181
0.0538431
0.041607
0.0805778
0.0847984
0.0669823
0.0701443
0.11399
0.107174
0.0995863
0.0941417
0.0306624
0.0213067
0.0316718
0.0219144
0.119184
0.127496
0.139611
0.129714
0.041607
0.0431682
0.0538431
0.0561181
0.13836
0.157955
0.144786
0.149891
0.0847984
0.0701443
0.0805778
0.0669823
0.11399
0.0995863
0.107174
0.0941417
0.166332
0.148746
0.163505
0.150082
0.119184
0.127496
0.129714
0.139611
0.144786
0.13836
0.166332
0.163505
0.149891
0.148746
0.157955
6.74034e-35
0.000533259
3.56475e-34
0.000532804
0.00174425
0.00175339
0.004234
0.00419857
0.00830993
0.00841434
0.0145893
0.0143538
0.000532804
0.000533259
3.56475e-34
6.74034e-35
0.0224492
0.0333839
0.0325817
0.02291
0.0458857
0.0601681
0.0582321
0.0445973
0.00419857
0.004234
0.00175339
0.00174425
0.0143538
0.0145893
0.00841434
0.00830993
0.0224492
0.02291
0.0325817
0.0333839
0.0888111
0.0731172
0.0925845
0.0758801
0.126933
0.120594
0.109782
0.104813
0.135616
0.143483
0.158882
0.149358
0.0582321
0.0445973
0.0458857
0.0601681
0.172614
0.171131
0.184212
0.161339
0.0731172
0.0888111
0.0925845
0.0758801
0.182848
0.19328
0.199504
0.178388
0.120594
0.126933
0.109782
0.104813
0.158882
0.143483
0.149358
0.135616
0.202671
0.184354
0.182848
0.202671
0.172614
0.161339
0.199504
0.184212
0.171131
0.178388
0.19328
6.71442e-35
0.000530081
3.52397e-34
0.000532613
0.00175536
0.00175327
0.00426282
0.00425608
0.00848803
0.00853378
0.0149081
0.0147752
0.0232904
0.0235906
0.0346445
0.0340737
0.000532613
0.000530081
3.52397e-34
6.71442e-35
0.00175327
0.00425608
0.00426282
0.00175536
0.0479983
0.0634514
0.0619127
0.0470213
0.0806903
0.0993024
0.0960908
0.0784102
0.00853378
0.00848803
0.0147752
0.0149081
0.0340737
0.0232904
0.0346445
0.0235906
0.0479983
0.0470213
0.0634514
0.0619127
0.13296
0.138629
0.118798
0.114455
0.151035
0.158215
0.176966
0.168108
0.194304
0.183631
0.209687
0.197097
0.0784102
0.0960908
0.0806903
0.0993024
0.232716
0.222628
0.21617
0.208065
0.114455
0.118798
0.138629
0.13296
0.221144
0.239627
0.243139
0.22282
0.176966
0.168108
0.151035
0.158215
0.183631
0.194304
0.197097
0.209687
0.221144
0.21617
0.243139
0.239627
0.208065
0.222628
0.232716
6.6489e-35
0.000520986
3.44468e-34
0.000526438
0.00174417
0.00173091
0.00423381
0.00425595
0.014989
0.00854797
0.0085337
0.0150154
0.000526438
0.000520986
3.44468e-34
6.6489e-35
0.0238053
0.023936
0.0354163
0.0350937
0.0494426
0.0658694
0.0647741
0.0488064
0.00173091
0.00425595
0.00423381
0.00174417
0.014989
0.0150154
0.00854797
0.0085337
0.0844301
0.104749
0.102196
0.0827013
0.126359
0.143895
0.122775
0.14872
0.0350937
0.0354163
0.023936
0.0238053
0.0647741
0.0488064
0.0494426
0.0658694
0.104749
0.0844301
0.0827013
0.102196
0.164968
0.185387
0.193307
0.171242
0.204551
0.214292
0.233592
0.221883
0.249014
0.264939
0.236858
0.250643
0.122775
0.143895
0.14872
0.126359
0.257979
0.263471
0.276055
0.283658
0.164968
0.193307
0.185387
0.171242
0.287517
0.287517
0.265322
0.263471
0.214292
0.233592
0.204551
0.221883
0.283658
0.276055
0.250643
0.236858
0.264939
0.257979
0.249014
6.54491e-35
0.000506218
3.32899e-34
0.000514446
0.00171099
0.00168695
0.00414781
0.0041982
0.014908
0.0149889
0.00848797
0.00841413
0.0239786
0.023936
0.0356761
0.0356114
0.000514446
0.000506218
3.32899e-34
6.54491e-35
0.00168695
0.0041982
0.00414781
0.00171099
0.0501757
0.0673496
0.0667305
0.0498992
0.0869871
0.10876
0.106943
0.0858615
0.0149889
0.014908
0.00841413
0.00848797
0.0356114
0.0239786
0.0356761
0.023936
0.132237
0.156901
0.12952
0.153066
0.17699
0.200666
0.207408
0.182168
0.0501757
0.0498992
0.0673496
0.0667305
0.0858615
0.106943
0.10876
0.0869871
0.12952
0.153066
0.156901
0.132237
0.223454
0.244724
0.231967
0.255195
0.263878
0.295179
0.276461
0.280367
0.310829
0.293718
0.322971
0.303542
0.17699
0.200666
0.182168
0.207408
0.335468
0.309555
0.311578
0.331263
0.223454
0.231967
0.255195
0.244724
0.309555
0.335468
0.331263
0.303542
0.280367
0.276461
0.263878
0.295179
0.310829
0.293718
0.322971
6.40418e-35
0.000486173
3.17997e-34
0.000496958
0.00165676
0.00162262
0.00400732
0.0040845
0.00817856
0.0145891
0.014775
0.00830981
0.000496958
0.000486173
3.17997e-34
6.40418e-35
0.0238052
0.0235905
0.0354162
0.0356114
0.0501757
0.067848
0.0502671
0.0677236
0.00162262
0.0040845
0.00400732
0.00165676
0.014775
0.0145891
0.00830981
0.00817856
0.088285
0.111216
0.110188
0.0877961
0.160197
0.136257
0.162927
0.134488
0.0235905
0.0238052
0.0354162
0.0356114
0.0502671
0.0677236
0.067848
0.0501757
0.186737
0.190663
0.213481
0.21884
0.239766
0.246793
0.273836
0.264923
0.088285
0.111216
0.0877961
0.110188
0.162927
0.136257
0.134488
0.160197
0.21884
0.186737
0.213481
0.190663
0.288296
0.309261
0.299292
0.322507
0.359866
0.342877
0.341794
0.327258
0.359001
0.373022
0.381995
0.352474
0.239766
0.273836
0.246793
0.264923
0.359001
0.386542
0.361198
0.386542
0.322507
0.309261
0.288296
0.299292
0.352474
0.359866
0.342877
0.373022
0.381995
0.327258
0.341794
6.2288e-35
0.000461384
3.00152e-34
0.000474442
0.00158302
0.00391815
0.00153976
0.00381642
0.00783392
0.0140682
0.0143535
0.00801871
0.000474442
0.000461384
3.00152e-34
6.2288e-35
0.0232903
0.0229099
0.0346445
0.0350937
0.00153976
0.00391815
0.00381642
0.00158302
0.0494426
0.0498992
0.0673497
0.0677236
0.0882851
0.112042
0.111836
0.0884475
0.00801871
0.0143535
0.0140682
0.00783392
0.0229099
0.0350937
0.0232903
0.0346445
0.165072
0.138297
0.166616
0.137529
0.196472
0.193916
0.22726
0.223445
0.0498992
0.0673497
0.0677236
0.0494426
0.111836
0.112042
0.0882851
0.0884475
0.252992
0.28895
0.281865
0.258319
0.346088
0.309366
0.318441
0.334813
0.166616
0.138297
0.137529
0.165072
0.193916
0.223445
0.22726
0.196472
0.252992
0.258319
0.281865
0.28895
0.377048
0.357568
0.371218
0.393208
0.41151
0.42566
0.404271
0.392752
0.440181
0.413672
0.435299
0.411307
0.334813
0.318441
0.309366
0.346088
0.440181
0.411307
0.435299
0.404271
0.42566
0.377048
0.41151
0.357568
0.392752
0.371218
0.393208
6.0211e-35
0.000432505
2.79826e-34
0.000447495
0.000447495
0.000432505
2.79826e-34
6.0211e-35
0.00149185
0.00358067
0.00370399
0.0014407
0.00739037
0.0133606
0.0137369
0.00762325
0.0224491
0.0219142
0.0333838
0.0340737
0.00370399
0.00358067
0.00149185
0.0014407
0.0488064
0.0479983
0.0658695
0.0667306
0.0137369
0.0133606
0.00739037
0.00762325
0.0869872
0.111216
0.111836
0.0877961
0.138297
0.167858
0.167547
0.138553
0.0219142
0.0340737
0.0224491
0.0333838
0.0479983
0.0658695
0.0488064
0.0667306
0.198311
0.19942
0.232415
0.230258
0.262733
0.266201
0.295038
0.300082
0.111216
0.0869872
0.0877961
0.111836
0.138297
0.138553
0.167547
0.167858
0.32645
0.333331
0.365209
0.356245
0.383723
0.42198
0.394989
0.408224
0.198311
0.230258
0.19942
0.232415
0.262733
0.300082
0.266201
0.295038
0.32645
0.365209
0.356245
0.333331
0.465121
0.445994
0.429153
0.445545
0.490521
0.480235
0.458334
0.465863
0.465863
0.468394
0.495727
0.495727
0.383723
0.408224
0.42198
0.394989
0.490521
0.445994
0.458334
0.480235
0.445545
0.465121
0.429153
5.78334e-35
0.000400283
2.57536e-34
0.00041682
0.00138582
0.00132822
0.00330692
0.00344825
0.00041682
0.000400283
2.57536e-34
5.78334e-35
0.00344825
0.00330692
0.00138582
0.00132822
0.006861
0.0124874
0.0129435
0.00713508
0.0213066
0.0206333
0.0316717
0.0325817
0.0470213
0.0458858
0.0634516
0.0647743
0.00713508
0.006861
0.0129435
0.0124874
0.0844303
0.10876
0.110188
0.0858615
0.0325817
0.0316717
0.0213066
0.0206333
0.136257
0.166616
0.167547
0.137529
0.199791
0.234151
0.233717
0.199421
0.0470213
0.0634516
0.0458858
0.0647743
0.10876
0.110188
0.0844303
0.0858615
0.270202
0.306898
0.268697
0.304046
0.339033
0.343512
0.379291
0.37291
0.166616
0.137529
0.167547
0.136257
0.199421
0.233717
0.199791
0.234151
0.404931
0.413472
0.44531
0.434373
0.482892
0.499173
0.460564
0.474094
0.304046
0.268697
0.270202
0.306898
0.343512
0.339033
0.379291
0.37291
0.404931
0.44531
0.434373
0.413472
0.536015
0.519974
0.500835
0.513964
0.52466
0.521971
0.546922
0.55244
0.521971
0.55244
0.513964
0.546922
0.460564
0.500835
0.499173
0.474094
0.519974
0.536015
0.482892
5.51754e-35
0.000383206
0.000365536
2.33832e-34
0.0012679
0.00120547
0.00300315
0.00315837
0.0062615
0.0114747
0.011997
0.00656865
0.000383206
0.000365536
2.33832e-34
5.51754e-35
0.00120547
0.00315837
0.00300315
0.0012679
0.011997
0.0114747
0.0062615
0.00656865
0.019897
0.0191054
0.0295596
0.0306623
0.0445973
0.0431683
0.0601683
0.0619129
0.0827014
0.0806906
0.104749
0.106943
0.0191054
0.0306623
0.019897
0.0295596
0.132238
0.162927
0.165073
0.134488
0.0445973
0.0601683
0.0619129
0.0431683
0.233717
0.198311
0.196472
0.232416
0.309193
0.270705
0.270202
0.308618
0.0806906
0.0827014
0.106943
0.104749
0.134488
0.165073
0.162927
0.132238
0.346736
0.387913
0.384305
0.348681
0.42055
0.462492
0.426111
0.454706
0.233717
0.198311
0.196472
0.232416
0.309193
0.270202
0.308618
0.270705
0.526785
0.513841
0.496292
0.486033
0.553307
0.53751
0.556503
0.575274
0.346736
0.387913
0.384305
0.348681
0.42055
0.462492
0.426111
0.454706
0.513841
0.486033
0.526785
0.496292
0.570391
0.603694
0.578852
0.592196
0.609509
0.609509
0.581695
0.578852
0.570391
0.575274
0.592196
0.603694
0.553307
0.556503
0.53751
5.22513e-35
2.09281e-34
0.000347493
0.00032912
0.00114139
0.00107586
0.00267819
0.0028428
0.00560966
0.0103527
0.0109255
0.00594075
0.000347493
0.00032912
2.09281e-34
5.22513e-35
0.0182624
0.0173764
0.0271108
0.0283731
0.00107586
0.0028428
0.00267819
0.00114139
0.00594075
0.00560966
0.0109255
0.0103527
0.0173764
0.0283731
0.0271108
0.0182624
0.041607
0.0399276
0.0561183
0.0582324
0.0758804
0.0993028
0.102196
0.0784103
0.126359
0.156902
0.160197
0.12952
0.041607
0.0582324
0.0561183
0.0399276
0.193916
0.227261
0.230259
0.190664
0.0993028
0.102196
0.0758804
0.0784103
0.266202
0.306898
0.268697
0.308618
0.390816
0.34933
0.348681
0.390089
0.156902
0.126359
0.12952
0.160197
0.230259
0.193916
0.227261
0.190664
0.468609
0.430113
0.432527
0.473012
0.511471
0.537906
0.504792
0.547121
0.266202
0.306898
0.268697
0.308618
0.390816
0.348681
0.34933
0.390089
0.607107
0.592184
0.579225
0.567248
0.630172
0.612174
0.626776
0.647924
0.430113
0.473012
0.468609
0.432527
0.547121
0.537906
0.504792
0.511471
0.567248
0.592184
0.579225
0.607107
0.638656
0.635671
0.659978
0.666072
0.666072
0.635671
0.626776
0.647924
0.659978
0.630172
0.612174
4.90678e-35
0.000291898
1.84443e-34
0.000310547
0.000310547
0.000291898
1.84443e-34
4.90678e-35
0.00100975
0.00094291
0.00234146
0.00251071
0.00492484
0.0091552
0.00976133
0.00527002
0.0164522
0.0154984
0.0243995
0.0257832
0.00251071
0.00234146
0.00100975
0.00094291
0.0381405
0.0362615
0.0514238
0.0538435
0.00976133
0.00492484
0.0091552
0.00527002
0.0243995
0.0154984
0.0257832
0.0164522
0.0381405
0.0538435
0.0514238
0.0362615
0.0731173
0.0701447
0.092585
0.0960914
0.118798
0.14872
0.153067
0.122775
0.186737
0.223446
0.182169
0.218841
0.092585
0.0960914
0.0701447
0.0731173
0.25832
0.304046
0.262733
0.300083
0.118798
0.122775
0.153067
0.14872
0.387913
0.390089
0.346736
0.343513
0.475667
0.433333
0.476554
0.432527
0.223446
0.186737
0.182169
0.218841
0.304046
0.262733
0.25832
0.300083
0.519175
0.559572
0.554361
0.516277
0.596948
0.619928
0.630553
0.58915
0.343513
0.346736
0.390089
0.387913
0.476554
0.432527
0.433333
0.475667
0.683788
0.6597
0.666975
0.646054
0.682249
0.691545
0.714884
0.702312
0.516277
0.519175
0.554361
0.559572
0.58915
0.596948
0.630553
0.619928
0.6597
0.683788
0.646054
0.666975
0.694668
0.721237
0.721237
0.691545
0.702312
0.714884
0.682249
4.56224e-35
0.000254701
1.59845e-34
0.000273218
4.56224e-35
0.000273218
0.000254701
1.59845e-34
0.000876539
0.000810172
0.00200263
0.00217166
0.00217166
0.00200263
0.000876539
0.000810172
0.00457639
0.00422733
0.00791817
0.00853939
0.014521
0.0135285
0.0215079
0.022971
0.0343029
0.0322815
0.0462272
0.0488789
0.00853939
0.00791817
0.00422733
0.00457639
0.0669824
0.0636571
0.084799
0.0888118
0.0135285
0.022971
0.0215079
0.014521
0.0343029
0.0488789
0.0462272
0.0322815
0.0636571
0.0669824
0.0888118
0.084799
0.109783
0.138629
0.143896
0.114456
0.17699
0.207408
0.171243
0.213482
0.295039
0.252992
0.246793
0.288951
0.109783
0.138629
0.143896
0.114456
0.384305
0.333332
0.339033
0.379292
0.171243
0.213482
0.207408
0.17699
0.473012
0.475667
0.426112
0.430113
0.519175
0.562714
0.563764
0.520144
0.295039
0.288951
0.246793
0.252992
0.339033
0.384305
0.333332
0.379292
0.644907
0.60256
0.605944
0.638899
0.679892
0.710202
0.698232
0.671008
0.473012
0.430113
0.426112
0.475667
0.520144
0.562714
0.519175
0.563764
0.720017
0.735909
0.754462
0.735229
0.74558
0.748825
0.767509
0.774101
0.605944
0.60256
0.638899
0.644907
0.710202
0.671008
0.698232
0.679892
0.774101
0.720017
0.767509
0.74558
0.735909
0.754462
0.735229
0.000236313
0.000218295
1.3596e-34
4.19023e-35
4.19023e-35
0.000218295
1.3596e-34
0.000236313
0.000745254
0.00068105
0.00167124
0.00183534
0.000745254
0.00068105
0.00183534
0.00167124
0.00353767
0.00667876
0.00729645
0.00388035
0.00729645
0.00667876
0.00353767
0.00388035
0.0125275
0.0115262
0.0185241
0.020022
0.030211
0.0281089
0.0406871
0.0434899
0.0601919
0.0566155
0.0761815
0.0805786
0.0185241
0.0115262
0.020022
0.0125275
0.104813
0.0995871
0.126934
0.132961
0.0281089
0.030211
0.0434899
0.0406871
0.0761815
0.0601919
0.0805786
0.0566155
0.104813
0.132961
0.126934
0.0995871
0.200667
0.164968
0.158216
0.193308
0.281866
0.239767
0.273837
0.231968
0.372911
0.318442
0.365209
0.32645
0.200667
0.193308
0.164968
0.158216
0.46861
0.413473
0.462493
0.420551
0.281866
0.231968
0.239767
0.273837
0.511471
0.559572
0.516277
0.562714
0.648529
0.64974
0.607075
0.605944
0.372911
0.365209
0.318442
0.32645
0.413473
0.420551
0.46861
0.462493
0.690141
0.726374
0.719606
0.686286
0.757737
0.770404
0.783613
0.747834
0.516277
0.559572
0.562714
0.511471
0.605944
0.607075
0.648529
0.64974
0.786862
0.803489
0.816965
0.796871
0.796871
0.800232
0.823772
0.823772
0.719606
0.686286
0.726374
0.690141
0.757737
0.783613
0.770404
0.816965
0.803489
0.747834
0.786862
0.00020055
0.000183347
1.13183e-34
3.78849e-35
0.00151108
0.00135636
0.000619173
0.000558668
3.78849e-35
0.000183347
1.13183e-34
0.00020055
0.000619173
0.000558668
0.00135636
0.00151108
0.00287579
0.00547386
0.00606971
0.00320223
0.00547386
0.00287579
0.00320223
0.00606971
0.0105319
0.00955219
0.0155391
0.0170261
0.00955219
0.0170261
0.0155391
0.0105319
0.02599
0.0238715
0.0349733
0.0378412
0.0529534
0.0492356
0.0669962
0.0716428
0.0885218
0.113991
0.120595
0.0941419
0.0238715
0.02599
0.0378412
0.0349733
0.151035
0.143484
0.176967
0.185388
0.0492356
0.0669962
0.0529534
0.0716428
0.113991
0.0941419
0.120595
0.0885218
0.143484
0.185388
0.151035
0.176967
0.214293
0.223455
0.255196
0.264925
0.356247
0.299293
0.346089
0.309366
0.44531
0.39499
0.454707
0.404931
0.264925
0.255196
0.214293
0.223455
0.496292
0.554361
0.547121
0.504792
0.299293
0.309366
0.356247
0.346089
0.644907
0.596948
0.64853
0.60256
0.691429
0.731819
0.730455
0.690141
0.454707
0.44531
0.404931
0.39499
0.554361
0.504792
0.496292
0.547121
0.793991
0.764865
0.769163
0.801461
0.828092
0.817267
0.848536
0.83423
0.644907
0.60256
0.596948
0.64853
0.691429
0.731819
0.730455
0.690141
0.848007
0.862395
0.844546
0.869393
0.844546
0.862395
0.83423
0.869393
0.793991
0.769163
0.801461
0.764865
0.848536
0.828092
0.817267
0.000166533
0.000150385
9.18101e-35
3.35408e-35
0.00120755
0.00106612
0.000501219
0.000445709
3.35408e-35
0.000150385
9.18101e-35
0.000166533
0.00489538
0.00433865
0.0022602
0.00256138
0.000501219
0.000445709
0.00106612
0.00120755
0.0022602
0.00433865
0.00489538
0.00256138
0.00859442
0.00766541
0.0126435
0.0140746
0.0140746
0.0126435
0.00859442
0.00766541
0.021769
0.0196989
0.0292611
0.0321061
0.021769
0.0321061
0.0292611
0.0196989
0.0454891
0.0417442
0.0575254
0.0622786
0.0827681
0.076927
0.100197
0.107175
0.135617
0.127497
0.158883
0.16811
0.0575254
0.0454891
0.0622786
0.0417442
0.244726
0.204551
0.233593
0.194305
0.076927
0.100197
0.107175
0.0827681
0.127497
0.16811
0.158883
0.135617
0.244726
0.194305
0.204551
0.233593
0.322508
0.276462
0.334815
0.288296
0.421981
0.434375
0.371219
0.383724
0.537906
0.474095
0.526785
0.486034
0.276462
0.334815
0.322508
0.288296
0.579226
0.630553
0.6389
0.589151
0.371219
0.421981
0.434375
0.383724
0.679892
0.726374
0.686286
0.730455
0.770599
0.769163
0.805965
0.80747
0.486034
0.474095
0.537906
0.526785
0.6389
0.589151
0.630553
0.579226
0.859776
0.867866
0.84058
0.835883
0.887768
0.877186
0.888805
0.902994
0.686286
0.726374
0.679892
0.730455
0.80747
0.770599
0.769163
0.805965
0.89132
0.887768
0.910159
0.910159
0.859776
0.84058
0.877186
0.902994
0.835883
0.867866
0.888805
0.00013471
0.00011977
7.2017e-35
2.88373e-35
0.000932261
0.000807297
0.000393794
0.000344258
2.88373e-35
0.00011977
7.2017e-35
0.00013471
0.00380716
0.00330489
0.00170706
0.00197524
0.000393794
0.000344258
0.000807297
0.000932261
0.0112563
0.00992347
0.00677231
0.00592082
0.00170706
0.00330489
0.00380716
0.00197524
0.00677231
0.00592082
0.00992347
0.0112563
0.0176765
0.0157172
0.0237252
0.0264605
0.0176765
0.0264605
0.0237252
0.0157172
0.0380285
0.0343715
0.0480608
0.0527742
0.0343715
0.0380285
0.0527742
0.0480608
0.0651598
0.0859769
0.0931134
0.0710418
0.119184
0.110746
0.139612
0.14936
0.183632
0.221884
0.172615
0.209688
0.0651598
0.0931134
0.0859769
0.0710418
0.250644
0.309263
0.29518
0.263878
0.110746
0.139612
0.14936
0.119184
0.209688
0.172615
0.221884
0.183632
0.29518
0.250644
0.263878
0.309263
0.408225
0.342878
0.393209
0.357568
0.445546
0.513842
0.499174
0.460564
0.553308
0.607107
0.619929
0.567248
0.393209
0.408225
0.342878
0.357568
0.710203
0.659701
0.671008
0.719606
0.513842
0.460564
0.445546
0.499174
0.757738
0.801461
0.764865
0.805965
0.874374
0.84215
0.84058
0.872743
0.619929
0.553308
0.567248
0.607107
0.710203
0.671008
0.719606
0.659701
0.897168
0.914957
0.923566
0.902211
0.938034
0.92577
0.929396
0.945338
0.805965
0.757738
0.801461
0.764865
0.84215
0.872743
0.84058
0.874374
0.902211
0.914957
0.923566
0.92577
0.945338
0.938034
0.897168
0.000105349
9.16721e-05
5.38451e-35
2.37466e-35
0.000691123
0.000584824
0.000298625
0.000255641
2.37466e-35
9.16721e-05
5.38451e-35
0.000105349
0.00283449
0.00239924
0.00122914
0.00145839
0.000298625
0.000255641
0.000584824
0.000691123
0.00865415
0.00745739
0.00511746
0.00436648
0.00122914
0.00239924
0.00283449
0.00145839
0.0138354
0.021076
0.0185323
0.0120444
0.00511746
0.00436648
0.00745739
0.00865415
0.0138354
0.0120444
0.0185323
0.021076
0.0308002
0.0273422
0.0388931
0.0434222
0.0308002
0.0434222
0.0273422
0.0388931
0.0593247
0.0535829
0.0717689
0.078844
0.0717689
0.0535829
0.0593247
0.078844
0.102245
0.0937495
0.119747
0.129716
0.197099
0.161339
0.149892
0.184214
0.264941
0.280369
0.22263
0.236858
0.0937495
0.129716
0.119747
0.102245
0.31083
0.359867
0.377049
0.327258
0.184214
0.149892
0.197099
0.161339
0.264941
0.22263
0.280369
0.236858
0.31083
0.359867
0.327258
0.377049
0.482893
0.465122
0.411511
0.429153
0.519975
0.575275
0.592185
0.53751
0.683788
0.646055
0.698233
0.630173
0.482893
0.465122
0.411511
0.429153
0.747835
0.735229
0.793992
0.783614
0.575275
0.53751
0.519975
0.592185
0.867866
0.828092
0.835883
0.872743
0.930493
0.928757
0.903897
0.902211
0.630173
0.683788
0.646055
0.698233
0.783614
0.793992
0.747835
0.735229
0.957863
0.966877
0.946862
0.952184
0.961554
0.974294
0.974294
0.957863
0.835883
0.867866
0.872743
0.828092
0.928757
0.966877
0.903897
0.930493
0.952184
0.946862
0.902211
7.85125e-05
6.60411e-05
3.71879e-35
1.82558e-35
1.82558e-35
6.60411e-05
3.71879e-35
7.85125e-05
0.000487975
0.000401315
0.0002166
0.000180268
0.00200074
0.00164131
0.000834808
0.00102155
0.0002166
0.000180268
0.000401315
0.000487975
0.00304064
0.0063406
0.00531098
0.00367339
0.000834808
0.00164131
0.00200074
0.00102155
0.010357
0.0161126
0.0138337
0.00878375
0.00367339
0.00304064
0.00531098
0.0063406
0.0240228
0.0345082
0.0302998
0.020866
0.010357
0.00878375
0.0138337
0.0161126
0.0240228
0.020866
0.0302998
0.0345082
0.0479771
0.0425506
0.0580108
0.064807
0.0479771
0.064807
0.0580108
0.0425506
0.0853225
0.0770311
0.0999018
0.109783
0.109783
0.0770311
0.0999018
0.0853225
0.171133
0.13836
0.157956
0.126836
0.193281
0.208066
0.249016
0.232718
0.276057
0.341796
0.322973
0.293719
0.157956
0.126836
0.171133
0.13836
0.373024
0.445996
0.425661
0.392753
0.193281
0.232718
0.208066
0.249016
0.322973
0.276057
0.341796
0.293719
0.445996
0.373024
0.425661
0.392753
0.556504
0.480236
0.536016
0.500835
0.647925
0.592197
0.666976
0.612175
0.720017
0.702313
0.754463
0.770404
0.480236
0.536016
0.556504
0.500835
0.803489
0.859776
0.817267
0.848537
0.592197
0.666976
0.612175
0.647925
0.888805
0.923566
0.897169
0.928758
0.974129
0.952184
0.953963
0.972312
0.720017
0.770404
0.754463
0.702313
0.817267
0.848537
0.803489
0.859776
0.996493
0.987202
0.983463
0.988991
0.988991
0.972312
0.983463
0.996493
0.923566
0.897169
0.888805
0.928758
0.953963
0.974129
0.952184
1.23806e-35
4.25985e-05
2.17832e-35
5.40373e-05
5.40373e-05
4.25985e-05
2.17832e-35
1.23806e-35
0.000324084
0.000256568
0.000147619
0.000117483
0.000147619
0.000117483
0.000256568
0.000324084
0.00132126
0.00104166
0.000526887
0.000670448
0.00437346
0.00353277
0.0024722
0.00196845
0.000526887
0.00104166
0.000670448
0.00132126
0.00733488
0.0117106
0.0097565
0.00601735
0.0024722
0.00196845
0.00353277
0.00437346
0.0178941
0.0262987
0.0151266
0.0225329
0.00733488
0.00601735
0.0097565
0.0117106
0.0373432
0.0514324
0.0451206
0.0323932
0.0178941
0.0151266
0.0225329
0.0262987
0.0373432
0.0323932
0.0451206
0.0514324
0.0689373
0.0611039
0.0806892
0.0901792
0.0689373
0.0901792
0.0611039
0.0806892
0.104162
0.131729
0.115407
0.144788
0.104162
0.144788
0.131729
0.115407
0.199506
0.216172
0.163506
0.178389
0.239629
0.303544
0.25798
0.283659
0.331264
0.381996
0.404273
0.352474
0.199506
0.163506
0.216172
0.178389
0.4353
0.513966
0.490522
0.458335
0.283659
0.239629
0.25798
0.303544
0.404273
0.331264
0.381996
0.352474
0.490522
0.4353
0.513966
0.458335
0.603695
0.626778
0.546923
0.570391
0.714885
0.659979
0.73591
0.68225
0.786862
0.816966
0.834231
0.76751
0.546923
0.626778
0.570391
0.603695
0.877186
0.902995
0.862395
0.914957
0.68225
0.714885
0.73591
0.659979
0.946862
0.972312
0.938034
0.966877
1.00397
0.988991
1.00209
0.990839
0.76751
0.786862
0.834231
0.816966
0.877186
0.914957
0.902995
0.862395
1.00209
1.00587
1.01153
1.01153
0.966877
1.00397
0.990839
0.972312
0.946862
0.938034
0.988991
3.15241e-05
2.08248e-05
7.21245e-36
6.18339e-36
6.18339e-36
2.08248e-05
7.21245e-36
3.15241e-05
9.04379e-05
6.54117e-05
0.000147057
0.00019765
0.00019765
0.000147057
9.04379e-05
6.54117e-05
0.000801328
0.000599719
0.00030154
0.000404724
0.00030154
0.000404724
0.000599719
0.000801328
0.00279078
0.00214906
0.00153128
0.0011586
0.00483806
0.00798173
0.00639474
0.0037995
0.00153128
0.0011586
0.00214906
0.00279078
0.012581
0.0190274
0.0158042
0.0102706
0.00483806
0.0037995
0.00639474
0.00798173
0.0277353
0.0391215
0.0334775
0.0234007
0.012581
0.0102706
0.0158042
0.0190274
0.0535882
0.0715046
0.0626937
0.0464461
0.0277353
0.0234007
0.0334775
0.0391215
0.0715046
0.0535882
0.0464461
0.0626937
0.0825641
0.10634
0.11888
0.0931858
0.0931858
0.11888
0.0825641
0.10634
0.18285
0.134225
0.148746
0.166333
0.18285
0.134225
0.166333
0.148746
0.202673
0.243141
0.263473
0.221145
0.287519
0.33547
0.359003
0.309556
0.440182
0.465864
0.386544
0.411308
0.243141
0.202673
0.263473
0.221145
0.495729
0.578853
0.552441
0.521971
0.359003
0.33547
0.287519
0.309556
0.386544
0.465864
0.411308
0.440182
0.495729
0.578853
0.552441
0.521971
0.635671
0.60951
0.666073
0.691547
0.74558
0.721238
0.796872
0.774102
0.887768
0.823773
0.844547
0.869393
0.666073
0.691547
0.60951
0.635671
0.957863
0.945339
0.92577
0.910159
0.721238
0.774102
0.74558
0.796872
0.974294
0.983463
1.00209
0.996493
1.01721
1.01342
1.01153
1.01911
0.869393
0.823773
0.844547
0.887768
0.910159
0.92577
0.957863
0.945339
1.01153
1.00209
1.01342
1.01911
0.974294
0.996493
0.983463
-2.30674e-37
1.03361e-05
1.03361e-05
-2.30674e-37
0.000103291
4.25291e-05
4.25291e-05
0.000103291
0.000433956
0.000216757
0.000216757
0.000433956
0.000849729
0.00160579
0.000849729
0.00160579
0.00290412
0.0049999
0.00820667
0.0128807
0.00290412
0.0049999
0.0194164
0.0282263
0.0128807
0.00820667
0.0397273
0.0543212
0.0282263
0.0194164
0.0723748
0.0942045
0.0397273
0.0543212
0.0723748
0.0942045
0.120053
0.150084
0.120053
0.150084
0.184355
0.222822
0.222822
0.184355
0.265322
0.31158
0.361198
0.413674
0.524662
0.468395
0.31158
0.265322
0.638658
0.581695
0.413674
0.361198
0.468395
0.524662
0.638658
0.581695
0.694668
0.748826
0.848007
0.800232
0.929397
0.89132
0.694668
0.748826
0.987202
0.961555
0.848007
0.800232
1.01721
1.00587
1.02102
1.01721
0.89132
0.929397
0.961555
1.00587
0.987202
0.0825641
0.202673
0.166333
2.08248e-05
0.10634
0.134225
0.10634
0.134225
0.0825641
0.000599719
0.0011586
0.0626937
0.166333
0.0037995
0.0464461
0.0334775
0.202673
0.0234007
0.0158042
0.243141
0.0102706
0.00639474
0.287519
0.00214906
0.33547
0.386544
0.00030154
0.000147057
0.440182
6.54117e-05
0.495729
0.552441
2.08248e-05
0.243141
0.287519
0.60951
0.666073
0.386544
0.721238
6.54117e-05
0.774102
0.823773
0.000147057
0.869393
0.910159
0.00030154
0.945339
0.974294
0.000599719
0.823773
0.996493
0.869393
1.01153
0.0011586
1.01911
1.01911
0.00214906
1.01153
0.996493
0.0037995
0.974294
0.945339
0.00639474
0.910159
0.0102706
0.774102
0.0158042
0.721238
0.666073
0.0234007
0.60951
0.552441
0.0334775
0.495729
0.440182
0.0464461
0.33547
0.0626937
7.21245e-36
7.21245e-36
6.18339e-36
3.15241e-05
3.15241e-05
6.18339e-36
0.00019765
9.04379e-05
9.04379e-05
0.00019765
0.000404724
0.000801328
0.000404724
0.000801328
0.00279078
0.00153128
0.00153128
0.00279078
0.00798173
0.00483806
0.0190274
0.012581
0.00483806
0.00798173
0.0277353
0.0391215
0.0190274
0.012581
0.0715046
0.0535882
0.0277353
0.0391215
0.0931858
0.11888
0.0535882
0.0715046
0.0931858
0.11888
0.18285
0.148746
0.18285
0.148746
0.221145
0.263473
0.263473
0.221145
0.359003
0.309556
0.465864
0.411308
0.521971
0.578853
0.309556
0.359003
0.691547
0.635671
0.465864
0.411308
0.578853
0.521971
0.635671
0.691547
0.74558
0.796872
0.887768
0.844547
0.92577
0.957863
0.796872
0.74558
1.00209
0.983463
0.887768
0.844547
1.01721
1.01342
1.01342
1.00209
0.957863
0.92577
0.983463
0.163506
0.131729
0.131729
0.104162
0.163506
0.0806892
0.000256568
0.0611039
0.0451206
0.199506
0.0323932
0.239629
0.0225329
0.0151266
0.0097565
0.283659
0.00601735
0.331264
0.00353277
0.00196845
0.00104166
0.381996
0.000526887
0.4353
0.000117483
4.25985e-05
0.490522
0.546923
4.25985e-05
0.603695
0.199506
0.659979
0.714885
0.283659
0.000117483
0.76751
0.816966
0.4353
0.862395
0.000256568
0.902995
0.000526887
0.938034
0.966877
0.988991
0.714885
0.00104166
1.00397
0.00196845
0.862395
1.01153
1.01153
1.00397
0.00353277
0.988991
0.00601735
0.966877
0.938034
0.902995
0.0097565
0.0151266
0.816966
0.76751
0.0225329
0.659979
0.0323932
0.603695
0.546923
0.490522
0.0451206
0.0611039
0.381996
0.331264
0.0806892
0.239629
0.104162
2.17832e-35
2.17832e-35
1.23806e-35
5.40373e-05
5.40373e-05
1.23806e-35
0.000324084
0.000147619
0.000147619
0.000324084
0.000670448
0.00132126
0.00132126
0.000670448
0.00437346
0.0024722
0.0024722
0.00437346
0.0117106
0.00733488
0.0178941
0.0262987
0.00733488
0.0117106
0.0373432
0.0514324
0.0262987
0.0178941
0.0689373
0.0901792
0.0514324
0.0373432
0.144788
0.115407
0.0689373
0.0901792
0.144788
0.115407
0.178389
0.216172
0.216172
0.178389
0.303544
0.25798
0.25798
0.303544
0.404273
0.352474
0.513966
0.458335
0.570391
0.626778
0.404273
0.352474
0.68225
0.73591
0.458335
0.513966
0.626778
0.570391
0.68225
0.73591
0.786862
0.834231
0.877186
0.914957
0.946862
0.972312
0.834231
0.786862
1.00209
0.990839
0.877186
0.914957
1.00587
1.00209
0.990839
0.946862
0.972312
0.157956
0.0999018
0.193281
6.60411e-05
0.0770311
0.0580108
0.0425506
0.232718
0.0302998
0.00164131
0.00304064
0.276057
0.020866
0.0138337
0.00878375
0.322973
0.00531098
0.373024
0.000834808
0.425661
0.000401315
0.480236
0.000180268
0.536016
0.592197
6.60411e-05
0.647925
0.157956
0.702313
0.000180268
0.754463
0.803489
0.848537
0.322973
0.373024
0.000401315
0.888805
0.000834808
0.923566
0.952184
0.974129
0.00164131
0.647925
0.988991
0.00304064
0.754463
0.803489
0.996493
0.996493
0.988991
0.00531098
0.974129
0.00878375
0.952184
0.923566
0.888805
0.0138337
0.848537
0.020866
0.702313
0.0302998
0.0425506
0.592197
0.536016
0.480236
0.0580108
0.425661
0.0770311
0.276057
0.0999018
0.232718
0.126836
0.193281
0.126836
3.71879e-35
3.71879e-35
1.82558e-35
7.85125e-05
7.85125e-05
1.82558e-35
0.0002166
0.000487975
0.0002166
0.000487975
0.00102155
0.00200074
0.00200074
0.00102155
0.0063406
0.00367339
0.00367339
0.0063406
0.010357
0.0161126
0.0240228
0.0345082
0.010357
0.0161126
0.0479771
0.064807
0.0345082
0.0240228
0.109783
0.0853225
0.0479771
0.064807
0.171133
0.13836
0.0853225
0.109783
0.171133
0.13836
0.249016
0.208066
0.249016
0.208066
0.293719
0.341796
0.341796
0.293719
0.445996
0.392753
0.556504
0.500835
0.612175
0.666976
0.392753
0.445996
0.720017
0.770404
0.500835
0.556504
0.666976
0.612175
0.720017
0.770404
0.859776
0.817267
0.897169
0.928758
0.953963
0.972312
0.817267
0.859776
0.987202
0.983463
0.928758
0.897169
0.983463
0.972312
0.953963
0.22263
0.0535829
0.0388931
0.264941
0.0273422
0.0185323
0.31083
0.0120444
0.00745739
0.359867
0.00436648
0.00239924
0.411511
0.00122914
0.000584824
0.465122
0.000255641
9.16721e-05
0.519975
0.575275
9.16721e-05
0.0717689
0.0937495
0.630173
0.683788
0.149892
0.735229
0.000255641
0.783614
0.828092
0.000584824
0.867866
0.902211
0.00122914
0.930493
0.952184
0.00239924
0.519975
0.966877
0.575275
0.974294
0.00436648
0.974294
0.966877
0.00745739
0.783614
0.828092
0.952184
0.930493
0.0120444
0.902211
0.867866
0.0185323
0.0273422
0.735229
0.683788
0.0388931
0.630173
0.0535829
0.465122
0.0717689
0.411511
0.359867
0.0937495
0.31083
0.264941
0.119747
0.22263
0.184214
0.149892
0.119747
0.184214
5.38451e-35
5.38451e-35
2.37466e-35
0.000105349
0.000105349
2.37466e-35
0.000691123
0.000298625
0.000298625
0.000691123
0.00283449
0.00145839
0.00145839
0.00283449
0.00865415
0.00511746
0.00511746
0.00865415
0.021076
0.0138354
0.0308002
0.0434222
0.021076
0.0138354
0.078844
0.0593247
0.0308002
0.0434222
0.129716
0.102245
0.078844
0.0593247
0.197099
0.161339
0.129716
0.102245
0.161339
0.197099
0.280369
0.236858
0.236858
0.280369
0.377049
0.327258
0.327258
0.377049
0.482893
0.429153
0.592185
0.53751
0.646055
0.698233
0.429153
0.482893
0.793992
0.747835
0.53751
0.592185
0.698233
0.646055
0.793992
0.747835
0.835883
0.872743
0.903897
0.928757
0.946862
0.957863
0.872743
0.835883
0.957863
0.961554
0.903897
0.946862
0.928757
0.0343715
0.0237252
0.29518
0.0157172
0.342878
0.00992347
0.00592082
0.00330489
0.393209
0.00170706
0.445546
0.000807297
0.000344258
0.00011977
0.499174
0.553308
0.00011977
0.607107
0.0480608
0.659701
0.710203
0.0859769
0.000344258
0.757738
0.801461
0.172615
0.84058
0.000807297
0.874374
0.00170706
0.902211
0.923566
0.938034
0.393209
0.00330489
0.945338
0.00592082
0.553308
0.945338
0.938034
0.923566
0.00992347
0.710203
0.902211
0.0157172
0.874374
0.84058
0.801461
0.0237252
0.757738
0.0343715
0.659701
0.607107
0.0480608
0.0651598
0.499174
0.445546
0.0859769
0.342878
0.110746
0.29518
0.250644
0.209688
0.139612
0.172615
0.139612
0.110746
0.209688
0.0651598
0.250644
7.2017e-35
7.2017e-35
2.88373e-35
0.00013471
0.00013471
2.88373e-35
0.000932261
0.000393794
0.000393794
0.000932261
0.00380716
0.00197524
0.00380716
0.00197524
0.00677231
0.0112563
0.00677231
0.0112563
0.0176765
0.0264605
0.0380285
0.0527742
0.0176765
0.0264605
0.0931134
0.0710418
0.0527742
0.0380285
0.14936
0.119184
0.0931134
0.0710418
0.221884
0.183632
0.14936
0.119184
0.183632
0.221884
0.309263
0.263878
0.309263
0.263878
0.408225
0.357568
0.408225
0.357568
0.513842
0.460564
0.567248
0.619929
0.719606
0.671008
0.460564
0.513842
0.764865
0.805965
0.619929
0.567248
0.671008
0.719606
0.805965
0.764865
0.872743
0.84215
0.914957
0.897168
0.92577
0.929396
0.84215
0.872743
0.914957
0.92577
0.897168
0.322508
0.0126435
0.371219
0.00766541
0.00433865
0.0022602
0.421981
0.00106612
0.474095
0.000445709
0.000150385
0.526785
0.579226
0.000150385
0.630553
0.0292611
0.679892
0.000445709
0.726374
0.769163
0.80747
0.100197
0.127497
0.00106612
0.84058
0.0022602
0.867866
0.888805
0.902994
0.00433865
0.322508
0.910159
0.00766541
0.421981
0.474095
0.910159
0.902994
0.888805
0.0126435
0.630553
0.867866
0.0196989
0.84058
0.80747
0.769163
0.0292611
0.726374
0.0417442
0.679892
0.579226
0.0575254
0.526785
0.076927
0.371219
0.100197
0.127497
0.276462
0.233593
0.194305
0.158883
0.158883
0.194305
0.076927
0.233593
0.0575254
0.276462
0.0417442
0.0196989
9.18101e-35
9.18101e-35
3.35408e-35
0.000166533
0.000166533
3.35408e-35
0.000501219
0.00120755
0.000501219
0.00120755
0.00489538
0.00256138
0.00256138
0.00489538
0.00859442
0.0140746
0.00859442
0.0140746
0.0321061
0.021769
0.0622786
0.0454891
0.021769
0.0321061
0.0827681
0.107175
0.0454891
0.0622786
0.135617
0.16811
0.0827681
0.107175
0.204551
0.244726
0.16811
0.135617
0.204551
0.244726
0.334815
0.288296
0.334815
0.288296
0.434375
0.383724
0.383724
0.434375
0.537906
0.486034
0.6389
0.589151
0.686286
0.730455
0.486034
0.537906
0.805965
0.770599
0.6389
0.589151
0.686286
0.730455
0.805965
0.770599
0.859776
0.835883
0.887768
0.877186
0.89132
0.887768
0.835883
0.877186
0.859776
0.39499
0.00287579
0.00135636
0.44531
0.000558668
0.000183347
0.496292
0.547121
0.000183347
0.00547386
0.00955219
0.596948
0.644907
0.0238715
0.690141
0.000558668
0.731819
0.769163
0.00135636
0.801461
0.828092
0.00287579
0.848536
0.862395
0.00547386
0.214293
0.869393
0.255196
0.869393
0.00955219
0.862395
0.848536
0.0155391
0.44531
0.496292
0.828092
0.801461
0.0238715
0.769163
0.731819
0.0349733
0.690141
0.644907
0.0492356
0.596948
0.547121
0.0669962
0.0885218
0.39499
0.346089
0.113991
0.299293
0.143484
0.176967
0.176967
0.143484
0.113991
0.214293
0.0885218
0.0669962
0.255196
0.0492356
0.0349733
0.299293
0.0155391
0.346089
1.13183e-34
1.13183e-34
3.78849e-35
0.00020055
0.00020055
3.78849e-35
0.00151108
0.000619173
0.000619173
0.00151108
0.00320223
0.00606971
0.00606971
0.00320223
0.0170261
0.0105319
0.0105319
0.0170261
0.02599
0.0378412
0.0529534
0.0716428
0.02599
0.0378412
0.120595
0.0941419
0.0716428
0.0529534
0.151035
0.185388
0.0941419
0.120595
0.223455
0.264925
0.151035
0.185388
0.264925
0.223455
0.356247
0.309366
0.309366
0.356247
0.404931
0.454707
0.454707
0.404931
0.554361
0.504792
0.64853
0.60256
0.730455
0.691429
0.554361
0.504792
0.764865
0.793991
0.64853
0.60256
0.691429
0.730455
0.793991
0.764865
0.817267
0.83423
0.848007
0.844546
0.844546
0.83423
0.817267
0.00068105
0.000218295
0.462493
0.511471
0.000218295
0.559572
0.00167124
0.605944
0.64974
0.00667876
0.00068105
0.690141
0.726374
0.0281089
0.757737
0.00167124
0.783613
0.00353767
0.803489
0.816965
0.823772
0.126934
0.00667876
0.823772
0.0115262
0.231968
0.816965
0.803489
0.783613
0.0185241
0.365209
0.757737
0.0281089
0.726374
0.690141
0.64974
0.0406871
0.605944
0.0566155
0.559572
0.511471
0.462493
0.0761815
0.413473
0.0995871
0.318442
0.273837
0.126934
0.158216
0.193308
0.158216
0.193308
0.0995871
0.231968
0.0761815
0.0566155
0.0406871
0.273837
0.318442
0.0185241
0.0115262
0.365209
0.00353767
0.413473
1.3596e-34
1.3596e-34
4.19023e-35
0.000236313
0.000236313
4.19023e-35
0.000745254
0.00183534
0.000745254
0.00183534
0.00729645
0.00388035
0.00729645
0.00388035
0.020022
0.0125275
0.0125275
0.020022
0.030211
0.0434899
0.0805786
0.0601919
0.030211
0.0434899
0.132961
0.104813
0.0601919
0.0805786
0.164968
0.200667
0.104813
0.132961
0.239767
0.281866
0.164968
0.200667
0.239767
0.281866
0.372911
0.32645
0.372911
0.32645
0.46861
0.420551
0.46861
0.420551
0.516277
0.562714
0.648529
0.607075
0.719606
0.686286
0.562714
0.516277
0.747834
0.770404
0.648529
0.607075
0.686286
0.719606
0.770404
0.747834
0.796871
0.786862
0.796871
0.800232
0.786862
0.473012
0.519175
0.000254701
0.000254701
0.563764
0.605944
0.000810172
0.644907
0.679892
0.00791817
0.0135285
0.710202
0.00200263
0.735229
0.00422733
0.754462
0.767509
0.774101
0.084799
0.00791817
0.774101
0.138629
0.171243
0.0135285
0.767509
0.754462
0.735229
0.288951
0.0215079
0.710202
0.0322815
0.679892
0.644907
0.473012
0.605944
0.0462272
0.563764
0.0636571
0.519175
0.426112
0.084799
0.379292
0.109783
0.333332
0.246793
0.138629
0.207408
0.171243
0.109783
0.207408
0.246793
0.0636571
0.0462272
0.0322815
0.288951
0.0215079
0.333332
0.00422733
0.379292
0.00200263
0.426112
0.000810172
1.59845e-34
1.59845e-34
4.56224e-35
0.000273218
4.56224e-35
0.000273218
0.00217166
0.000876539
0.000876539
0.00217166
0.00853939
0.00457639
0.00853939
0.00457639
0.014521
0.022971
0.014521
0.022971
0.0488789
0.0343029
0.0888118
0.0669824
0.0343029
0.0488789
0.143896
0.114456
0.0888118
0.0669824
0.213482
0.17699
0.114456
0.143896
0.295039
0.252992
0.17699
0.213482
0.295039
0.252992
0.339033
0.384305
0.339033
0.384305
0.475667
0.430113
0.475667
0.430113
0.520144
0.562714
0.638899
0.60256
0.671008
0.698232
0.520144
0.562714
0.735909
0.720017
0.60256
0.638899
0.671008
0.698232
0.735909
0.720017
0.748825
0.74558
0.74558
0.000291898
0.519175
0.559572
0.596948
0.00094291
0.630553
0.6597
0.00234146
0.683788
0.702312
0.00492484
0.714884
0.721237
0.0362615
0.0091552
0.0514238
0.721237
0.714884
0.0154984
0.702312
0.683788
0.14872
0.182169
0.0243995
0.6597
0.630553
0.0362615
0.596948
0.559572
0.0514238
0.519175
0.476554
0.0701447
0.432527
0.387913
0.092585
0.343513
0.300083
0.118798
0.25832
0.218841
0.14872
0.182169
0.118798
0.092585
0.218841
0.0701447
0.25832
0.0243995
0.300083
0.0154984
0.0091552
0.343513
0.00492484
0.00234146
0.387913
0.00094291
0.000291898
0.432527
0.476554
1.84443e-34
1.84443e-34
4.90678e-35
0.000310547
0.000310547
4.90678e-35
0.00100975
0.00251071
0.00100975
0.00251071
0.00527002
0.00976133
0.00976133
0.00527002
0.0257832
0.0164522
0.0257832
0.0164522
0.0538435
0.0381405
0.0960914
0.0731173
0.0381405
0.0538435
0.153067
0.122775
0.0960914
0.0731173
0.186737
0.223446
0.153067
0.122775
0.262733
0.304046
0.186737
0.223446
0.262733
0.304046
0.346736
0.390089
0.346736
0.390089
0.475667
0.433333
0.475667
0.433333
0.554361
0.516277
0.58915
0.619928
0.666975
0.646054
0.516277
0.554361
0.682249
0.691545
0.58915
0.619928
0.646054
0.666975
0.682249
0.694668
0.691545
0.547121
0.00107586
0.579225
0.607107
0.630172
0.00267819
0.647924
0.00560966
0.659978
0.0103527
0.666072
0.666072
0.0103527
0.0399276
0.659978
0.0173764
0.647924
0.630172
0.0993028
0.607107
0.0271108
0.579225
0.0399276
0.547121
0.511471
0.266202
0.473012
0.0561183
0.432527
0.0758804
0.390816
0.348681
0.306898
0.0993028
0.126359
0.227261
0.190664
0.156902
0.156902
0.126359
0.190664
0.0758804
0.0561183
0.227261
0.266202
0.0271108
0.0173764
0.306898
0.00560966
0.348681
0.00267819
0.00107586
0.00032912
0.390816
0.432527
0.00032912
0.473012
0.511471
2.09281e-34
2.09281e-34
5.22513e-35
0.000347493
0.000347493
5.22513e-35
0.0028428
0.00114139
0.00114139
0.0028428
0.0109255
0.00594075
0.00594075
0.0109255
0.0182624
0.0283731
0.0182624
0.0283731
0.041607
0.0582324
0.102196
0.0784103
0.041607
0.0582324
0.160197
0.12952
0.102196
0.0784103
0.230259
0.193916
0.12952
0.160197
0.308618
0.268697
0.230259
0.193916
0.308618
0.268697
0.34933
0.390089
0.34933
0.390089
0.430113
0.468609
0.430113
0.468609
0.504792
0.537906
0.567248
0.592184
0.626776
0.612174
0.504792
0.537906
0.638656
0.635671
0.592184
0.567248
0.626776
0.612174
0.635671
0.00120547
0.526785
0.553307
0.575274
0.00300315
0.592196
0.00300315
0.0062615
0.603694
0.0114747
0.0191054
0.609509
0.609509
0.0114747
0.603694
0.0601683
0.0191054
0.592196
0.575274
0.553307
0.0295596
0.162927
0.196472
0.526785
0.0431683
0.496292
0.462492
0.426111
0.0601683
0.387913
0.0806906
0.348681
0.309193
0.270202
0.104749
0.232416
0.132238
0.132238
0.162927
0.104749
0.196472
0.0806906
0.0431683
0.232416
0.0295596
0.270202
0.0062615
0.309193
0.348681
0.00120547
0.000365536
0.387913
0.426111
0.000365536
0.462492
0.496292
2.33832e-34
2.33832e-34
5.51754e-35
0.000383206
0.000383206
5.51754e-35
0.00315837
0.0012679
0.0012679
0.00315837
0.011997
0.00656865
0.011997
0.00656865
0.0306623
0.019897
0.019897
0.0306623
0.0445973
0.0619129
0.0827014
0.106943
0.0445973
0.0619129
0.165073
0.134488
0.0827014
0.106943
0.198311
0.233717
0.134488
0.165073
0.270705
0.308618
0.233717
0.198311
0.308618
0.270705
0.346736
0.384305
0.384305
0.346736
0.42055
0.454706
0.454706
0.42055
0.486033
0.513841
0.53751
0.556503
0.570391
0.578852
0.486033
0.513841
0.578852
0.581695
0.556503
0.53751
0.570391
0.519974
0.00330692
0.536015
0.000400283
0.546922
0.006861
0.55244
0.55244
0.0124874
0.0124874
0.0206333
0.546922
0.536015
0.0206333
0.519974
0.499173
0.0316717
0.474094
0.44531
0.0458858
0.413472
0.166616
0.379291
0.0634516
0.343512
0.306898
0.0844303
0.270202
0.234151
0.10876
0.199421
0.136257
0.136257
0.10876
0.166616
0.0844303
0.0634516
0.199421
0.0458858
0.0316717
0.234151
0.270202
0.006861
0.00330692
0.306898
0.00132822
0.343512
0.379291
0.000400283
0.499173
0.413472
0.44531
0.474094
0.00132822
2.57536e-34
2.57536e-34
5.78334e-35
0.00041682
0.00041682
5.78334e-35
0.00138582
0.00344825
0.00138582
0.00344825
0.0129435
0.00713508
0.00713508
0.0129435
0.0325817
0.0213066
0.0213066
0.0325817
0.0647743
0.0470213
0.110188
0.0858615
0.0470213
0.0647743
0.137529
0.167547
0.110188
0.0858615
0.199791
0.233717
0.167547
0.137529
0.268697
0.304046
0.233717
0.199791
0.268697
0.304046
0.37291
0.339033
0.37291
0.339033
0.404931
0.434373
0.434373
0.404931
0.482892
0.460564
0.513964
0.500835
0.52466
0.521971
0.482892
0.460564
0.521971
0.500835
0.513964
0.00358067
0.490521
0.00739037
0.495727
0.495727
0.490521
0.00358067
0.0133606
0.480235
0.0219142
0.465121
0.445545
0.42198
0.0479983
0.0333838
0.394989
0.0479983
0.365209
0.111216
0.333331
0.300082
0.167858
0.0658695
0.266201
0.0869872
0.232415
0.19942
0.111216
0.138297
0.138297
0.0869872
0.0658695
0.167858
0.19942
0.0333838
0.0219142
0.0133606
0.232415
0.00739037
0.266201
0.0014407
0.000432505
0.300082
0.333331
0.000432505
0.480235
0.365209
0.394989
0.42198
0.0014407
0.445545
0.465121
2.79826e-34
2.79826e-34
6.0211e-35
0.000447495
0.000447495
6.0211e-35
0.00370399
0.00149185
0.00149185
0.00370399
0.0137369
0.00762325
0.0137369
0.00762325
0.0340737
0.0224491
0.0224491
0.0340737
0.0667306
0.0488064
0.111836
0.0877961
0.0488064
0.0667306
0.167547
0.138553
0.0877961
0.111836
0.230258
0.198311
0.167547
0.138553
0.295038
0.262733
0.198311
0.230258
0.262733
0.295038
0.32645
0.356245
0.32645
0.356245
0.383723
0.408224
0.383723
0.408224
0.429153
0.445994
0.458334
0.465863
0.468394
0.465863
0.445994
0.429153
0.458334
0.00783392
0.440181
0.440181
0.000461384
0.435299
0.0140682
0.42566
0.0229099
0.41151
0.0140682
0.0229099
0.393208
0.371218
0.0346445
0.346088
0.0494426
0.318441
0.28895
0.112042
0.258319
0.0673497
0.22726
0.0882851
0.196472
0.166616
0.138297
0.112042
0.138297
0.0882851
0.0673497
0.0494426
0.166616
0.0346445
0.196472
0.00783392
0.22726
0.00381642
0.258319
0.00153976
0.28895
0.318441
0.000461384
0.435299
0.346088
0.371218
0.00153976
0.393208
0.41151
0.42566
0.00381642
3.00152e-34
3.00152e-34
6.2288e-35
0.000474442
0.000474442
6.2288e-35
0.00158302
0.00391815
0.00158302
0.00391815
0.0143535
0.00801871
0.0143535
0.00801871
0.0350937
0.0232903
0.0232903
0.0350937
0.0498992
0.0677236
0.111836
0.0884475
0.0677236
0.0498992
0.137529
0.165072
0.0884475
0.111836
0.223445
0.193916
0.165072
0.137529
0.281865
0.252992
0.223445
0.193916
0.252992
0.281865
0.309366
0.334813
0.309366
0.334813
0.377048
0.357568
0.377048
0.357568
0.392752
0.404271
0.411307
0.413672
0.411307
0.392752
0.404271
0.381995
0.0145891
0.373022
0.359866
0.0235905
0.342877
0.322507
0.0354162
0.299292
0.0145891
0.273836
0.0501757
0.246793
0.0501757
0.21884
0.067848
0.067848
0.190663
0.162927
0.088285
0.136257
0.111216
0.111216
0.088285
0.136257
0.0354162
0.162927
0.0235905
0.190663
0.00817856
0.00400732
0.21884
0.00162262
0.000486173
0.246793
0.273836
0.000486173
0.386542
0.299292
0.386542
0.322507
0.342877
0.00162262
0.359866
0.373022
0.00400732
0.381995
0.00817856
3.17997e-34
3.17997e-34
6.40418e-35
0.000496958
0.000496958
6.40418e-35
0.0040845
0.00165676
0.0040845
0.00165676
0.00830981
0.014775
0.014775
0.00830981
0.0356114
0.0238052
0.0238052
0.0356114
0.0502671
0.0677236
0.0877961
0.110188
0.0677236
0.0502671
0.160197
0.134488
0.110188
0.0877961
0.186737
0.213481
0.160197
0.134488
0.264923
0.239766
0.213481
0.186737
0.239766
0.264923
0.288296
0.309261
0.309261
0.288296
0.327258
0.341794
0.341794
0.327258
0.352474
0.359001
0.361198
0.359001
0.352474
0.014908
0.310829
0.023936
0.295179
0.276461
0.255195
0.00414781
0.0356761
0.231967
0.014908
0.0501757
0.207408
0.182168
0.156901
0.0673496
0.132237
0.0869871
0.10876
0.0869871
0.0673496
0.10876
0.0501757
0.132237
0.0356761
0.023936
0.156901
0.00841413
0.182168
0.00168695
0.000506218
0.207408
0.231967
0.000506218
0.322971
0.255195
0.276461
0.295179
0.335468
0.00168695
0.310829
0.322971
0.331263
0.00414781
0.00841413
0.335468
0.331263
3.32899e-34
3.32899e-34
6.54491e-35
0.000514446
0.000514446
6.54491e-35
0.0041982
0.00171099
0.00171099
0.0041982
0.0149889
0.00848797
0.00848797
0.0149889
0.0356114
0.0239786
0.0239786
0.0356114
0.0667305
0.0498992
0.106943
0.0858615
0.0667305
0.0498992
0.153066
0.12952
0.106943
0.0858615
0.200666
0.17699
0.153066
0.12952
0.223454
0.244724
0.17699
0.200666
0.223454
0.244724
0.280367
0.263878
0.280367
0.263878
0.293718
0.303542
0.303542
0.293718
0.309555
0.311578
0.309555
0.023936
0.250643
0.233592
0.214292
0.0354163
0.193307
0.00423381
0.0494426
0.171242
0.0150154
0.14872
0.126359
0.0658694
0.104749
0.0844301
0.0844301
0.0658694
0.0494426
0.104749
0.0354163
0.126359
0.023936
0.0085337
0.14872
0.171242
0.00173091
0.000520986
0.193307
0.214292
0.000520986
0.264939
0.233592
0.250643
0.283658
0.287517
0.00173091
0.264939
0.276055
0.283658
0.00423381
0.287517
0.0085337
0.276055
0.0150154
3.44468e-34
3.44468e-34
6.6489e-35
0.000526438
0.000526438
6.6489e-35
0.00425595
0.00174417
0.00174417
0.00425595
0.014989
0.00854797
0.014989
0.00854797
0.0350937
0.0238053
0.0238053
0.0350937
0.0488064
0.0647741
0.0827013
0.102196
0.0488064
0.0647741
0.122775
0.143895
0.102196
0.0827013
0.164968
0.185387
0.143895
0.122775
0.221883
0.204551
0.185387
0.164968
0.204551
0.221883
0.249014
0.236858
0.236858
0.249014
0.263471
0.257979
0.257979
0.263471
0.265322
0.176966
0.0346445
0.158215
0.000530081
0.138629
0.0479983
0.118798
0.0993024
0.0634514
0.0149081
0.0235906
0.0806903
0.0634514
0.0806903
0.0479983
0.0346445
0.0993024
0.118798
0.00853378
0.00426282
0.138629
0.00175327
0.158215
0.176966
0.000530081
0.194304
0.194304
0.209687
0.209687
0.222628
0.00175327
0.232716
0.239627
0.00426282
0.243139
0.243139
0.00853378
0.239627
0.232716
0.0149081
0.222628
0.0235906
3.52397e-34
3.52397e-34
6.71442e-35
0.000532613
0.000532613
6.71442e-35
0.00175536
0.00425608
0.00175536
0.00425608
0.0147752
0.00848803
0.00848803
0.0147752
0.0340737
0.0232904
0.0232904
0.0340737
0.0470213
0.0619127
0.0960908
0.0784102
0.0619127
0.0470213
0.13296
0.114455
0.0960908
0.0784102
0.168108
0.151035
0.13296
0.114455
0.197097
0.183631
0.168108
0.151035
0.183631
0.197097
0.21617
0.208065
0.21617
0.208065
0.221144
0.221144
0.22282
0.0333839
0.109782
0.0458857
0.0925845
0.0758801
0.0601681
0.004234
0.0601681
0.0458857
0.0758801
0.0333839
0.02291
0.0145893
0.0925845
0.00841434
0.109782
0.00175339
0.000533259
0.126933
0.143483
0.000533259
0.126933
0.158882
0.172614
0.184212
0.172614
0.00175339
0.19328
0.199504
0.202671
0.004234
0.202671
0.00841434
0.199504
0.19328
0.184212
0.0145893
0.02291
0.158882
0.143483
3.56475e-34
3.56475e-34
6.74034e-35
0.000532804
0.000532804
6.74034e-35
0.00419857
0.00174425
0.00174425
0.00419857
0.0143538
0.00830993
0.00830993
0.0143538
0.0224492
0.0325817
0.0325817
0.0224492
0.0445973
0.0582321
0.0731172
0.0888111
0.0445973
0.0582321
0.104813
0.120594
0.0731172
0.0888111
0.149358
0.135616
0.104813
0.120594
0.161339
0.171131
0.149358
0.135616
0.161339
0.171131
0.182848
0.178388
0.182848
0.178388
0.184354
0.0431682
0.0701443
0.0561181
0.000530432
0.0431682
0.0561181
0.0316718
0.0701443
0.0219144
0.0140685
0.00817891
0.0847984
0.00414818
0.0995863
0.00173127
0.11399
0.127496
0.000530432
0.0847984
0.139611
0.149891
0.11399
0.127496
0.00173127
0.157955
0.163505
0.166332
0.157955
0.00414818
0.166332
0.00817891
0.163505
0.149891
0.0140685
0.139611
0.0219144
0.0995863
0.0316718
3.56594e-34
3.56594e-34
6.72618e-35
0.000527004
0.000527004
6.72618e-35
0.0040851
0.00171115
0.00171115
0.0040851
0.00801888
0.0137373
0.0137373
0.00801888
0.0213067
0.0306624
0.0213067
0.0306624
0.041607
0.0538431
0.0805778
0.0669823
0.0538431
0.041607
0.0941417
0.107174
0.0805778
0.0669823
0.119184
0.129714
0.0941417
0.107174
0.13836
0.144786
0.119184
0.129714
0.13836
0.144786
0.150082
0.148746
0.148746
0.0295597
0.0514235
0.0206335
0.013361
0.0636567
0.0078344
0.00400786
0.0761809
0.00168753
0.000521677
0.0885211
0.100196
0.000521677
0.0399275
0.110745
0.0514235
0.119745
0.126835
0.00168753
0.131727
0.134224
0.100196
0.110745
0.00400786
0.134224
0.131727
0.0078344
0.126835
0.119745
0.013361
0.0206335
0.0885211
0.0761809
0.0295597
0.0636567
0.0399275
3.52748e-34
3.52748e-34
6.67214e-35
0.00051537
0.00051537
6.67214e-35
0.00165699
0.00391896
0.00165699
0.00391896
0.012944
0.00762347
0.012944
0.00762347
0.0198971
0.0283733
0.0198971
0.0283733
0.0381405
0.0488786
0.0716419
0.0601918
0.0488786
0.0381405
0.0931121
0.0827678
0.0716419
0.0601918
0.109782
0.102245
0.0931121
0.0827678
0.118878
0.115406
0.102245
0.109782
0.118878
0.115406
0.120053
0.0462269
0.00739096
0.0566151
0.00381712
0.00162342
0.000507229
0.0669955
0.0769261
0.000507229
0.0124879
0.0859759
0.0937484
0.0999006
0.0362614
0.00162342
0.10416
0.106339
0.106339
0.0669955
0.00381712
0.10416
0.00739096
0.0999006
0.0937484
0.0859759
0.0124879
0.0769261
0.0191057
0.0566151
0.0462269
0.0271109
0.0362614
0.0271109
0.0191057
3.45041e-34
3.45041e-34
6.57911e-35
0.000498213
0.000498213
6.57911e-35
0.00370498
0.00158332
0.00158332
0.00370498
0.00713534
0.0119976
0.0119976
0.00713534
0.0182626
0.0257834
0.0257834
0.0182626
0.0434895
0.0343029
0.0529533
0.0622777
0.0434895
0.0343029
0.0788427
0.0710416
0.0622777
0.0529533
0.0853222
0.0901776
0.0788427
0.0710416
0.0942029
0.0931854
0.0901776
0.0853222
0.0931854
0.0492351
0.00154075
0.000487474
0.0575247
0.0651589
0.000487474
0.00358149
0.071768
0.0770301
0.0114752
0.0173767
0.00154075
0.0806881
0.082563
0.082563
0.0406868
0.00358149
0.0806881
0.00686169
0.0770301
0.071768
0.0651589
0.0114752
0.0575247
0.0173767
0.0492351
0.0322814
0.0243996
0.0243996
0.0322814
0.00686169
0.0406868
3.33676e-34
3.33676e-34
6.44851e-35
0.00047599
0.00047599
6.44851e-35
0.0014922
0.0034494
0.0014922
0.0034494
0.0109262
0.00656894
0.0109262
0.00656894
0.0229711
0.0164524
0.0229711
0.0164524
0.0378408
0.0302111
0.045489
0.0527733
0.0378408
0.0302111
0.0593245
0.0648058
0.045489
0.0527733
0.068937
0.0715032
0.0648058
0.0593245
0.0723745
0.0715032
0.068937
0.0480602
0.000462935
0.0535821
0.000462935
0.0580099
0.0611029
0.00144184
0.0626927
0.0626927
0.0103533
0.0154988
0.00330785
0.0611029
0.0281088
0.0580099
0.00626226
0.0535821
0.0480602
0.0103533
0.0417437
0.034973
0.0154988
0.021508
0.021508
0.0281088
0.00626226
0.00330785
0.034973
0.00144184
0.0417437
3.18954e-34
3.18954e-34
6.28223e-35
0.000449288
6.28223e-35
0.000449288
0.00315965
0.00138622
0.00138622
0.00315965
0.00594106
0.00976205
0.00594106
0.00976205
0.0200221
0.0145212
0.0145212
0.0200221
0.02599
0.0321057
0.0380284
0.0434213
0.0321057
0.02599
0.0479769
0.0514313
0.0434213
0.0380284
0.05432
0.0535879
0.0514313
0.0479769
0.0535879
0.000434258
0.0388925
0.0425499
0.0451198
0.00132948
0.0464452
0.00300416
0.0464452
0.0451198
0.00300416
0.0425499
0.00561047
0.0388925
0.034371
0.0292608
0.00915578
0.0238715
0.0135288
0.0185242
0.0135288
0.00915578
0.0185242
0.00561047
0.0238715
0.00132948
0.000434258
0.0292608
0.034371
3.01258e-34
3.01258e-34
6.08235e-35
0.000418804
0.000418804
6.08235e-35
0.00284416
0.00126834
0.00126834
0.00284416
0.00854014
0.00527036
0.00527036
0.00854014
0.0170263
0.0125276
0.0170263
0.0125276
0.0264601
0.021769
0.0345074
0.0308001
0.021769
0.0264601
0.037343
0.0391206
0.0345074
0.0308001
0.0397271
0.037343
0.0391206
0.0323926
0.00120682
0.0334768
0.000402185
0.0334768
0.0323926
0.00267925
0.0302993
0.00492567
0.00791875
0.0115266
0.0273418
0.023725
0.0196988
0.00791875
0.0155393
0.0115266
0.00492567
0.0155393
0.00267925
0.0196988
0.00120682
0.023725
0.0273418
0.000402185
0.0302993
2.81046e-34
2.81046e-34
5.85097e-35
0.00038532
0.00038532
5.85097e-35
0.00251211
0.00114184
0.00114184
0.00251211
0.00457673
0.00729719
0.00457673
0.00729719
0.0105321
0.0140748
0.0140748
0.0105321
0.0210756
0.0176765
0.0240227
0.026298
0.0176765
0.0210756
0.0277352
0.0282255
0.026298
0.0240227
0.0277352
0.00107725
0.0234002
0.0225324
0.00234254
0.0208657
0.0185321
0.00422816
0.0157172
0.0126436
0.00667933
0.00955254
0.00667933
0.00955254
0.00422816
0.00234254
0.0126436
0.00107725
0.000367528
0.0157172
0.0185321
0.000367528
0.0208657
0.0225324
0.0234002
2.58829e-34
2.58829e-34
5.58993e-35
0.000349671
0.000349671
5.58993e-35
0.00217306
0.00101021
0.00101021
0.00217306
0.00388068
0.00607043
0.00388068
0.00607043
0.00859459
0.0112565
0.00859459
0.0112565
0.0138355
0.0161123
0.0190269
0.0178941
0.0161123
0.0138355
0.0190269
0.0194163
0.0178941
0.0151264
0.0138335
0.00200368
0.0120444
0.00353847
0.00992359
0.00200368
0.00766575
0.00547441
0.00547441
0.00353847
0.00766575
0.000944295
0.00033114
0.00992359
0.0120444
0.00033114
0.0138335
0.0158039
0.0151264
0.0158039
0.000944295
2.35157e-34
2.35157e-34
0.000312721
5.30055e-35
0.000312721
5.30055e-35
0.00183669
0.000876991
0.000876991
0.00183669
0.00489606
0.00320255
0.00489606
0.00320255
0.00677247
0.00865429
0.00677247
0.00865429
0.0117104
0.0103571
0.0128804
0.012581
0.0103571
0.012581
0.0117104
0.00167224
0.00745752
0.00287654
0.00592113
0.00433916
0.00287654
0.00433916
0.00167224
0.00592113
0.000811512
0.000293883
0.00745752
0.00878374
0.000293883
0.00975639
0.00975639
0.0102705
0.000811512
0.0102705
0.00878374
2.10595e-34
2.10595e-34
4.98345e-35
0.000275322
0.000275322
4.98345e-35
0.00151235
0.000745684
0.000745684
0.00151235
0.00380778
0.00256167
0.00256167
0.00380778
0.0051176
0.00634076
0.00634076
0.0051176
0.00733492
0.00798163
0.00820667
0.00798163
0.00733492
0.00226089
0.00226089
0.00135728
0.00330536
0.000682305
0.000256591
0.00436677
0.00531112
0.000256591
0.00330536
0.00436677
0.00601739
0.00639473
0.00639473
0.000682305
0.00601739
0.00531112
0.00135728
1.85703e-34
1.85703e-34
4.63839e-35
0.000238282
0.000238282
4.63839e-35
0.0012087
0.000619569
0.0012087
0.000619569
0.00283504
0.0019755
0.00283504
0.0019755
0.00437363
0.00367352
0.00367352
0.00437363
0.00483812
0.00499994
0.00483812
0.000559802
0.000220033
0.00239965
0.0030409
0.000220033
0.00353293
0.00106694
0.0037996
0.0037996
0.00239965
0.000559802
0.00353293
0.0030409
0.00106694
0.00170767
0.00170767
1.61009e-34
1.61009e-34
4.26415e-35
0.000202326
0.000202326
4.26415e-35
0.000501571
0.000933259
0.000501571
0.000933259
0.00200122
0.00145862
0.00200122
0.00145862
0.002791
0.00247233
0.00247233
0.0029042
0.002791
0.00164166
0.0019687
0.000184883
0.000184883
0.00214926
0.00214926
0.000446692
0.0019687
0.00164166
0.00122965
0.000807999
0.000807999
0.00122965
0.000446692
1.36992e-34
1.36992e-34
3.85868e-35
0.000168066
3.85868e-35
0.000168066
0.000394094
0.000691951
0.000394094
0.000691951
0.00132168
0.00102174
0.00132168
0.00102174
0.00160606
0.0015314
0.0015314
0.000151679
0.00115885
0.00115885
0.00104196
0.000345068
0.000835223
0.000585394
0.000585394
0.000345068
0.000151679
0.000835223
0.00104196
1.14052e-34
1.14052e-34
3.41928e-35
0.000135965
0.000135965
3.41928e-35
0.000488623
0.000298868
0.000298868
0.000488623
0.000670604
0.000801684
0.000670604
0.000801684
0.000849848
0.000527214
0.000256268
0.000401752
0.000256268
0.000120799
0.000401752
0.000527214
0.000120799
0.00059999
0.00059999
9.24937e-35
9.24937e-35
2.94312e-35
0.000106308
0.000106308
2.94312e-35
0.00032456
0.000216788
0.000216788
0.00032456
0.000404853
0.000404853
0.000434278
0.000180716
0.000180716
9.24255e-05
0.000256883
0.000301798
9.24255e-05
0.000301798
0.000256883
7.25034e-35
7.25034e-35
2.42794e-35
7.91762e-05
2.42794e-35
7.91762e-05
0.000147757
0.000197975
0.000147757
0.000197975
0.000216868
0.000147274
6.65337e-05
0.000147274
0.000117771
6.65337e-05
0.000117771
5.41356e-35
5.41356e-35
5.44332e-05
1.87316e-35
5.44332e-05
1.87316e-35
9.05383e-05
9.05383e-05
0.000103508
4.2869e-05
6.55783e-05
4.2869e-05
6.55783e-05
3.72996e-35
3.72996e-35
1.28123e-35
3.17096e-05
3.17096e-05
1.28123e-35
4.26059e-05
2.09438e-05
2.09438e-05
2.17517e-35
2.17517e-35
6.59628e-36
6.59628e-36
1.04035e-05
-3.98318e-38
7.09502e-36
7.09502e-36
