-3.62309e-38
7.97089e-36
7.97089e-36
7.49419e-36
2.438e-35
1.1739e-05
2.36474e-05
7.49419e-36
2.438e-35
2.36474e-05
1.46791e-35
4.83406e-05
4.17112e-35
3.57384e-05
4.81871e-05
7.36972e-05
7.36972e-05
3.57384e-05
4.83406e-05
4.17112e-35
1.46791e-35
2.16239e-35
7.48181e-05
6.03723e-35
6.1204e-05
0.000131385
0.0001636
0.000101644
0.000115623
2.16239e-35
7.48181e-05
0.000101644
0.0001636
0.000131385
6.1204e-05
6.03723e-35
2.82481e-35
8.87543e-05
0.000103575
8.06103e-35
0.000164229
0.000199917
0.00028152
0.000218297
0.000329169
0.000239362
0.000329169
0.000218297
8.87543e-05
8.06103e-35
0.000103575
2.82481e-35
0.000199917
0.000164229
0.00028152
3.45175e-35
1.02515e-34
0.000118763
0.000134866
0.000238533
0.000281168
0.000434848
0.000353266
0.000134866
1.02515e-34
0.000118763
3.45175e-35
0.000641314
0.000468345
0.000565826
0.000438621
0.000438621
0.000434848
0.000565826
0.000238533
0.000641314
0.000353266
0.000281168
4.04273e-35
0.000168713
1.26024e-34
0.000151366
0.000325854
0.000375784
0.000627113
0.000525916
0.000849799
0.000715614
0.000885312
0.00109752
1.26024e-34
0.000168713
0.000151366
4.04273e-35
0.000325854
0.000627113
0.000375784
0.000525916
0.000900883
0.00121718
0.000849799
0.00121718
0.000885312
0.00109752
0.000715614
4.59873e-35
0.000204916
1.50939e-34
0.00018647
0.000426332
0.000483329
0.000858503
0.000738031
0.00171175
0.00138419
0.00107804
0.00129147
0.00159977
0.00204443
0.00222775
0.00167404
4.59873e-35
0.000204916
1.50939e-34
0.00018647
0.000426332
0.000483329
0.000858503
0.000738031
0.00204443
0.00171175
0.00129147
0.00222775
0.00107804
0.00159977
0.00138419
5.12114e-35
0.000243078
1.76939e-34
0.00022377
0.000539093
0.000602434
0.00112636
0.000988301
0.00178142
0.00248458
0.00207849
0.00152628
0.00255821
0.00313444
0.00363207
0.00287936
0.00022377
5.12114e-35
0.000243078
1.76939e-34
0.00299617
0.00390162
0.00390162
0.00287936
0.000602434
0.00112636
0.000539093
0.000988301
0.00207849
0.00313444
0.00363207
0.00178142
0.00152628
0.00255821
0.00248458
5.61105e-35
0.000282629
2.03599e-34
0.000262777
0.00127282
0.000662405
0.000730959
0.00142568
0.00234675
0.00340537
0.00292738
0.0020546
0.00377709
0.00447848
0.00543138
0.00448292
0.00495403
0.00614353
0.00652374
0.00511489
2.03599e-34
0.000262777
5.61105e-35
0.000282629
0.00142568
0.000730959
0.00127282
0.000662405
0.00652374
0.00614353
0.00495403
0.00448292
0.00292738
0.0020546
0.00234675
0.00340537
0.00447848
0.00543138
0.00377709
6.06877e-35
0.000322862
2.30415e-34
0.000302845
0.000793839
0.0017496
0.0015856
0.000866149
0.000302845
0.000322862
2.30415e-34
6.06877e-35
0.00297456
0.0044544
0.00391541
0.00265226
0.00523905
0.00759931
0.00647146
0.00605128
0.00812395
0.00893456
0.0099131
0.00747513
0.0104302
0.00835319
0.00812395
0.0104302
0.000866149
0.0017496
0.0015856
0.000793839
0.0044544
0.00297456
0.00391541
0.00265226
0.0099131
0.00893456
0.00605128
0.00747513
0.00759931
0.00523905
0.00647146
6.49367e-35
0.000362963
2.56829e-34
0.000343205
0.00093043
0.0010048
0.00208988
0.00191901
0.000343205
0.000362963
2.56829e-34
6.49367e-35
0.00364857
0.00560488
0.00501908
0.00330457
0.0010048
0.00191901
0.00208988
0.00093043
0.00691186
0.00781445
0.00880678
0.0100872
0.0118807
0.0122203
0.0140185
0.0105219
0.0159982
0.0130568
0.0153176
0.0127587
0.0127587
0.0159982
0.0153176
0.0118807
0.00330457
0.00560488
0.00364857
0.00501908
0.0140185
0.00880678
0.0100872
0.00781445
0.00691186
0.0105219
0.0122203
6.88413e-35
0.000383006
0.000402056
2.82249e-34
0.00106884
0.00114341
0.00243733
0.00226427
0.00435012
0.00682483
0.00620875
0.00399399
0.000383006
0.000402056
2.82249e-34
6.88413e-35
0.00243733
0.00114341
0.00226427
0.00106884
0.00875186
0.00971971
0.012829
0.0114309
0.00435012
0.00620875
0.00399399
0.00682483
0.0140251
0.0159184
0.0187458
0.0163113
0.0181035
0.0192383
0.021089
0.0227621
0.0236332
0.0192383
0.0196325
0.0236332
0.0181035
0.021089
0.0227621
0.0163113
0.00971971
0.0159184
0.0114309
0.00875186
0.0187458
0.0140251
0.012829
7.2377e-35
3.06079e-34
0.000421345
0.000439232
0.00120549
0.00127834
0.00278226
0.00261188
0.00505906
0.00807888
0.00745054
0.00470102
0.000421345
0.000439232
3.06079e-34
7.2377e-35
0.010707
0.0117119
0.0157462
0.0142711
0.00278226
0.00127834
0.00261188
0.00120549
0.00745054
0.00807888
0.00505906
0.00470102
0.0199252
0.0178909
0.0239674
0.0213035
0.0117119
0.010707
0.0142711
0.0157462
0.0265453
0.0242641
0.030565
0.0275977
0.0279905
0.0326651
0.0284793
0.0337526
0.0337526
0.0265453
0.0279905
0.0326651
0.0242641
0.0213035
0.0178909
0.0275977
0.0199252
0.0239674
0.030565
7.55128e-35
0.000473591
3.27738e-34
0.000457313
0.00133677
0.00140597
0.00311486
0.00295204
0.00575468
0.00932989
0.00540518
0.00870799
0.0127197
0.0137316
0.0187522
0.0172441
0.000457313
0.000473591
3.27738e-34
7.55128e-35
0.00140597
0.00311486
0.00295204
0.00133677
0.0295318
0.0241227
0.0220077
0.0267169
0.00932989
0.00575468
0.00870799
0.00540518
0.0172441
0.0127197
0.0137316
0.0187522
0.0391944
0.0347909
0.0310736
0.0346593
0.0220077
0.0295318
0.0241227
0.0267169
0.0394177
0.037638
0.0454393
0.0428624
0.0467683
0.0400293
0.0394177
0.0467683
0.0347909
0.0391944
0.0346593
0.037638
0.0454393
0.0428624
0.0310736
7.82142e-35
0.000504277
3.46685e-34
0.000490023
0.0014591
0.0015228
0.00342557
0.00327502
0.0064165
0.00608578
0.0105405
0.00994364
0.0147296
0.0157182
0.021756
0.0202607
7.82142e-35
3.46685e-34
0.000490023
0.000504277
0.0323908
0.0262525
0.028384
0.0352718
0.0014591
0.0015228
0.00342557
0.00327502
0.0105405
0.0064165
0.00994364
0.00608578
0.0420639
0.048398
0.0437411
0.0383336
0.0202607
0.021756
0.0147296
0.0157182
0.0262525
0.028384
0.0323908
0.0352718
0.0539347
0.0583734
0.0483116
0.0517724
0.048398
0.0420639
0.0383336
0.0437411
0.0546683
0.0539379
0.0630675
0.061474
0.0539347
0.0630675
0.0583734
0.061474
0.0517724
0.0539379
0.0483116
8.04465e-35
0.000530507
3.62436e-34
0.000518649
0.00156912
0.00162559
0.00370543
0.00357151
0.00672275
0.00702494
0.0116744
0.0111205
0.0166762
0.0176114
0.0246665
0.0232294
0.000518649
0.000530507
3.62436e-34
8.04465e-35
0.0381534
0.0304963
0.0325793
0.0410123
0.00156912
0.00357151
0.00370543
0.00162559
0.0578977
0.0531288
0.0495862
0.045825
0.00702494
0.0116744
0.0111205
0.00672275
0.0232294
0.0246665
0.0176114
0.0166762
0.065551
0.0721753
0.0651909
0.0596987
0.0410123
0.0304963
0.0325793
0.0381534
0.0578977
0.0495862
0.045825
0.0531288
0.0719037
0.0693349
0.0774493
0.0811151
0.0651909
0.0596987
0.0721753
0.065551
0.082994
0.0727805
0.0719037
0.0693349
0.0811151
0.0774493
0.082994
8.21771e-35
0.000551602
3.74586e-34
0.000542455
0.00166377
0.00171149
0.00394634
0.00383294
0.000542455
0.000551602
3.74586e-34
8.21771e-35
0.00729724
0.00756205
0.0126977
0.0122033
0.0185004
0.0193542
0.0273951
0.0260599
0.0465774
0.0438282
0.0346094
0.0365804
0.00383294
0.00166377
0.00394634
0.00171149
0.0569955
0.0626678
0.0674022
0.0533188
0.00729724
0.0126977
0.0122033
0.00756205
0.0792714
0.0773565
0.086426
0.0714542
0.0273951
0.0193542
0.0260599
0.0185004
0.0465774
0.0365804
0.0346094
0.0438282
0.0906303
0.0942151
0.10038
0.0857677
0.0674022
0.0569955
0.0533188
0.0626678
0.086426
0.0792714
0.0714542
0.0773565
0.0936478
0.0946638
0.10683
0.104648
0.0906303
0.0857677
0.0942151
0.10038
0.10683
0.0936478
0.104648
8.33788e-35
0.000567007
3.82818e-34
0.00056082
0.0017404
0.00177808
0.00414132
0.00405174
0.00779231
0.00801198
0.0135798
0.0131597
0.00056082
0.000567007
3.82818e-34
8.33788e-35
0.00405174
0.00414132
0.0017404
0.00177808
0.0201474
0.0208941
0.0298591
0.0286662
0.0402655
0.0517969
0.0492414
0.0384664
0.0640643
0.0720649
0.0766191
0.060585
0.00779231
0.0131597
0.0135798
0.00801198
0.0889878
0.100688
0.0935831
0.0832173
0.0201474
0.0286662
0.0208941
0.0298591
0.111258
0.120275
0.102737
0.110286
0.0492414
0.0517969
0.0402655
0.0384664
0.0640643
0.0720649
0.060585
0.0766191
0.1194
0.127378
0.13228
0.115925
0.0935831
0.0889878
0.100688
0.0832173
0.102737
0.120275
0.110286
0.111258
0.120581
0.115925
0.134781
0.134781
0.1194
0.127378
0.13228
8.40322e-35
0.000576318
3.86915e-34
0.00057326
0.00179688
0.00182351
0.00428474
0.00422158
0.00819338
0.00836149
0.0142945
0.0139612
0.0215676
0.0309697
0.022185
0.0319842
0.00057326
0.000576318
3.86915e-34
8.40322e-35
0.00182351
0.00422158
0.00428474
0.00179688
0.0139612
0.0142945
0.00836149
0.00819338
0.0435227
0.0565118
0.0542278
0.04195
0.0810313
0.0852657
0.0674007
0.0705764
0.114521
0.107685
0.100087
0.0946256
0.0309697
0.0215676
0.0319842
0.022185
0.119721
0.128052
0.14019
0.130269
0.04195
0.0435227
0.0542278
0.0565118
0.138934
0.158567
0.145368
0.150488
0.0852657
0.0705764
0.0810313
0.0674007
0.114521
0.100087
0.107685
0.0946256
0.166958
0.149338
0.164126
0.150673
0.119721
0.128052
0.130269
0.14019
0.145368
0.138934
0.166958
0.164126
0.150488
0.149338
0.158567
8.41268e-35
0.000579286
3.8677e-34
0.000579446
0.00183161
0.0018465
0.00437245
0.00433756
0.00848864
0.00860033
0.0148206
0.014584
0.000579446
0.000579286
3.8677e-34
8.41268e-35
0.0227186
0.0337067
0.0329008
0.0231882
0.0462539
0.0605791
0.0586357
0.0449549
0.00433756
0.00437245
0.0018465
0.00183161
0.014584
0.0148206
0.00860033
0.00848864
0.0227186
0.0231882
0.0329008
0.0337067
0.0892922
0.073558
0.0930775
0.0763335
0.127499
0.121142
0.110313
0.105329
0.136195
0.14408
0.159507
0.149961
0.0586357
0.0449549
0.0462539
0.0605791
0.173264
0.171771
0.184881
0.161965
0.073558
0.0892922
0.0930775
0.0763335
0.183508
0.193964
0.200198
0.179044
0.121142
0.127499
0.110313
0.105329
0.159507
0.14408
0.149961
0.136195
0.203371
0.18502
0.183508
0.203371
0.173264
0.161965
0.200198
0.184881
0.171771
0.179044
0.193964
8.36625e-35
0.000575834
3.82389e-34
0.000579214
0.00184362
0.0018464
0.00440191
0.00439632
0.00866945
0.00872148
0.0151426
0.0150097
0.0235661
0.023874
0.034975
0.0344019
0.000579214
0.000575834
3.82389e-34
8.36625e-35
0.0018464
0.00439632
0.00440191
0.00184362
0.048377
0.0638762
0.062332
0.0473907
0.0811615
0.0998172
0.0965959
0.0788699
0.00872148
0.00866945
0.0150097
0.0151426
0.0344019
0.0235661
0.034975
0.023874
0.048377
0.0473907
0.0638762
0.062332
0.133543
0.139226
0.119355
0.114999
0.151652
0.158849
0.177633
0.168755
0.195001
0.184307
0.21041
0.197794
0.0788699
0.0965959
0.0811615
0.0998172
0.233476
0.223372
0.216897
0.208783
0.114999
0.119355
0.139226
0.133543
0.221883
0.240398
0.243915
0.223557
0.177633
0.168755
0.151652
0.158849
0.184307
0.195001
0.197794
0.21041
0.221883
0.216897
0.243915
0.240398
0.208783
0.223372
0.233476
8.26497e-35
0.000566054
3.73886e-34
0.000572571
0.00183256
0.00182321
0.00437228
0.00439616
0.0152257
0.00873051
0.00872142
0.015251
0.000572571
0.000566054
3.73886e-34
8.26497e-35
0.0240848
0.0242221
0.0357513
0.0354282
0.0498285
0.0663043
0.0652055
0.0491843
0.00182321
0.00439616
0.00437228
0.00183256
0.0152257
0.015251
0.00873051
0.00872142
0.0849149
0.105281
0.102721
0.0831761
0.126938
0.144507
0.123342
0.149343
0.0354282
0.0357513
0.0242221
0.0240848
0.0652055
0.0491843
0.0498285
0.0663043
0.105281
0.0849149
0.0831761
0.102721
0.165618
0.186074
0.194012
0.171908
0.205272
0.215033
0.234365
0.222631
0.249806
0.265761
0.237633
0.251443
0.123342
0.144507
0.149343
0.126938
0.258788
0.264284
0.276894
0.284508
0.165618
0.194012
0.186074
0.171908
0.288373
0.288373
0.266142
0.264284
0.215033
0.234365
0.205272
0.222631
0.284508
0.276894
0.251443
0.237633
0.265761
0.258788
0.249806
8.1109e-35
0.000550208
3.61487e-34
0.000559695
0.00179875
0.00177759
0.00428441
0.00433709
0.0151426
0.0152256
0.00867003
0.00860014
0.0242596
0.024222
0.0360127
0.035949
0.000559695
0.000550208
3.61487e-34
8.1109e-35
0.00177759
0.00433709
0.00428441
0.00179875
0.0505652
0.0677907
0.0671702
0.0502822
0.0874812
0.109305
0.107483
0.0863473
0.0152256
0.0151426
0.00860014
0.00867003
0.035949
0.0242596
0.0360127
0.024222
0.132834
0.157547
0.130106
0.153702
0.177669
0.201388
0.208145
0.182861
0.0505652
0.0502822
0.0677907
0.0671702
0.0863473
0.107483
0.109305
0.0874812
0.130106
0.153702
0.157547
0.132834
0.224216
0.24552
0.232746
0.256011
0.264706
0.296058
0.277311
0.281218
0.311731
0.294593
0.323891
0.304428
0.177669
0.201388
0.182861
0.208145
0.336407
0.310454
0.312475
0.332195
0.224216
0.232746
0.256011
0.24552
0.310454
0.336407
0.332195
0.304428
0.281218
0.277311
0.264706
0.296058
0.311731
0.294593
0.323891
7.90696e-35
0.000528715
3.45515e-34
0.000540928
0.00174314
0.00171082
0.00414084
0.00422081
0.00836118
0.0148205
0.0150095
0.00848978
0.000540928
0.000528715
3.45515e-34
7.90696e-35
0.0240851
0.0238739
0.0357513
0.035949
0.0505652
0.0682911
0.0506518
0.0681674
0.00171082
0.00422081
0.00414084
0.00174314
0.0150095
0.0148205
0.00848978
0.00836118
0.0887837
0.111769
0.110739
0.0882886
0.160851
0.136865
0.163588
0.135087
0.0238739
0.0240851
0.0357513
0.035949
0.0506518
0.0681674
0.0682911
0.0505652
0.187439
0.191377
0.214232
0.219603
0.240562
0.247603
0.27469
0.26576
0.0887837
0.111769
0.0882886
0.110739
0.163588
0.136865
0.135087
0.160851
0.219603
0.187439
0.214232
0.191377
0.28917
0.310166
0.300186
0.323436
0.36085
0.343837
0.342747
0.328192
0.359978
0.374026
0.383011
0.353446
0.240562
0.27469
0.247603
0.26576
0.359978
0.387565
0.362183
0.387565
0.323436
0.310166
0.28917
0.300186
0.353446
0.36085
0.343837
0.374026
0.383011
0.328192
0.342747
7.65675e-35
0.000502141
3.26386e-34
0.000516766
0.00166728
0.00405069
0.00162476
0.00394573
0.00801156
0.0142943
0.0145836
0.00819504
0.000516766
0.000502141
3.26386e-34
7.65675e-35
0.0235665
0.0231881
0.0349749
0.0354281
0.00162476
0.00405069
0.00394573
0.00166728
0.0498285
0.0502821
0.0677907
0.0681674
0.0887838
0.112598
0.112392
0.088942
0.00819504
0.0145836
0.0142943
0.00801156
0.0231881
0.0354281
0.0235665
0.0349749
0.16574
0.138911
0.167287
0.138137
0.197199
0.194635
0.228042
0.224219
0.0502821
0.0677907
0.0681674
0.0498285
0.112392
0.112598
0.0887838
0.088942
0.253815
0.289835
0.282736
0.259154
0.34706
0.31028
0.319372
0.335765
0.167287
0.138911
0.138137
0.16574
0.194635
0.224219
0.228042
0.197199
0.253815
0.259154
0.282736
0.289835
0.378061
0.358556
0.372227
0.39425
0.412577
0.426747
0.405324
0.393792
0.441289
0.414738
0.4364
0.412374
0.335765
0.319372
0.31028
0.34706
0.441289
0.412374
0.4364
0.405324
0.426747
0.378061
0.412577
0.358556
0.393792
0.372227
0.39425
7.3643e-35
0.000471176
3.04587e-34
0.000487841
0.000487841
0.000471176
3.04587e-34
7.3643e-35
0.00157331
0.0037047
0.00383164
0.00152184
0.00756154
0.0135795
0.0139607
0.00779445
0.0227192
0.0221848
0.0337066
0.0344019
0.00383164
0.0037047
0.00157331
0.00152184
0.049184
0.048377
0.0663044
0.0671703
0.0139607
0.0135795
0.00756154
0.00779445
0.0874813
0.111769
0.112392
0.0882881
0.138911
0.168532
0.168221
0.139163
0.0221848
0.0344019
0.0227192
0.0337066
0.048377
0.0663044
0.049184
0.0671703
0.19904
0.200155
0.233209
0.231047
0.263576
0.267053
0.295935
0.300989
0.111769
0.0874813
0.0882881
0.112392
0.138911
0.139163
0.168221
0.168532
0.327396
0.33429
0.366216
0.357236
0.384757
0.423071
0.39604
0.40929
0.19904
0.231047
0.200155
0.233209
0.263576
0.300989
0.267053
0.295935
0.327396
0.366216
0.357236
0.33429
0.466272
0.447115
0.430253
0.446669
0.491707
0.481408
0.459476
0.467011
0.467011
0.469551
0.496921
0.496921
0.384757
0.40929
0.423071
0.39604
0.491707
0.447115
0.459476
0.481408
0.446669
0.466272
0.430253
7.03377e-35
0.000436611
2.80665e-34
0.000454899
0.00146384
0.00140491
0.00342475
0.00357001
0.000454899
0.000436611
2.80665e-34
7.03377e-35
0.00357001
0.00342475
0.00146384
0.00140491
0.00702435
0.0126973
0.013159
0.00729979
0.0215684
0.0208939
0.0319842
0.0329007
0.0473903
0.0462539
0.0638764
0.0652058
0.00729979
0.00702435
0.013159
0.0126973
0.084915
0.109305
0.110739
0.0863465
0.0329007
0.0319842
0.0215684
0.0208939
0.136865
0.167287
0.168221
0.138136
0.200523
0.234948
0.234514
0.200155
0.0473903
0.0638764
0.0462539
0.0652058
0.109305
0.110739
0.084915
0.0863465
0.271062
0.307817
0.269551
0.30496
0.340002
0.34449
0.380324
0.373931
0.167287
0.138136
0.168221
0.136865
0.200155
0.234514
0.200523
0.234948
0.406001
0.414556
0.446439
0.435485
0.484072
0.500379
0.461715
0.475265
0.30496
0.269551
0.271062
0.307817
0.34449
0.340002
0.380324
0.373931
0.406001
0.446439
0.435485
0.414556
0.537271
0.521209
0.502043
0.515187
0.525897
0.523209
0.548193
0.553719
0.523209
0.553719
0.515187
0.548193
0.461715
0.502043
0.500379
0.475265
0.521209
0.537271
0.484072
6.66912e-35
0.000418773
0.000399311
2.55203e-34
0.00134191
0.00127722
0.00311396
0.00327336
0.00641583
0.011674
0.0122025
0.00672562
0.000418773
0.000399311
2.55203e-34
6.66912e-35
0.00127722
0.00327336
0.00311396
0.00134191
0.0122025
0.011674
0.00641583
0.00672562
0.0201483
0.019354
0.029859
0.0309695
0.0449545
0.0435228
0.0605793
0.0623324
0.0831749
0.0811617
0.105281
0.107483
0.019354
0.0309695
0.0201483
0.029859
0.132834
0.163588
0.16574
0.135086
0.0449545
0.0605793
0.0623324
0.0435228
0.234514
0.199039
0.1972
0.233209
0.310117
0.271563
0.271062
0.309541
0.0811617
0.0831749
0.107483
0.105281
0.135086
0.16574
0.163588
0.132834
0.347719
0.388961
0.385346
0.349668
0.421647
0.463651
0.427217
0.455851
0.234514
0.199039
0.1972
0.233209
0.310117
0.271062
0.309541
0.271563
0.528034
0.51507
0.497498
0.487226
0.554593
0.538775
0.55779
0.57659
0.347719
0.388961
0.385346
0.349668
0.421647
0.463651
0.427217
0.455851
0.51507
0.487226
0.528034
0.497498
0.571702
0.605049
0.580169
0.593536
0.610872
0.610872
0.583022
0.580169
0.571702
0.57659
0.593536
0.605049
0.554593
0.55779
0.538775
6.27378e-35
2.288e-34
0.000380356
0.00036018
0.00121087
0.00114225
0.00278132
0.00295027
0.00575397
0.01054
0.0111196
0.0060889
0.000380356
0.00036018
2.288e-34
6.27378e-35
0.0185015
0.0176111
0.027395
0.0286661
0.00114225
0.00295027
0.00278132
0.00121087
0.0060889
0.00575397
0.0111196
0.01054
0.0176111
0.0286661
0.027395
0.0185015
0.0419495
0.0402656
0.056512
0.0586361
0.0763338
0.0998175
0.102722
0.0788684
0.126939
0.157547
0.160852
0.130104
0.0419495
0.0586361
0.056512
0.0402656
0.194633
0.228043
0.231048
0.191377
0.0998175
0.102722
0.0763338
0.0788684
0.267053
0.307818
0.26955
0.309542
0.391869
0.350317
0.349668
0.391141
0.157547
0.126939
0.130104
0.160852
0.231048
0.194633
0.228043
0.191377
0.469778
0.431226
0.433643
0.474188
0.512702
0.539172
0.506014
0.548402
0.267053
0.307818
0.26955
0.309542
0.391869
0.349668
0.350317
0.391141
0.608471
0.593526
0.580551
0.568559
0.631568
0.613548
0.628165
0.649344
0.431226
0.474188
0.469778
0.433643
0.548402
0.539172
0.506014
0.512702
0.568559
0.593526
0.580551
0.608471
0.64006
0.637076
0.661414
0.667516
0.667516
0.637076
0.628165
0.649344
0.661414
0.631568
0.613548
5.85033e-35
0.000320126
2.02047e-34
0.000340559
0.000340559
0.000320126
2.02047e-34
5.85033e-35
0.00107429
0.00100364
0.00243638
0.00261006
0.00505833
0.00932941
0.00994271
0.00540844
0.0166773
0.0157179
0.0246664
0.0260597
0.00261006
0.00243638
0.00107429
0.00100364
0.0384658
0.0365805
0.0517971
0.0542282
0.00994271
0.00505833
0.00932941
0.00540844
0.0246664
0.0157179
0.0260597
0.0166773
0.0384658
0.0542282
0.0517971
0.0365805
0.0735562
0.0705767
0.0930779
0.0965967
0.119356
0.149344
0.153703
0.12334
0.187437
0.22422
0.182862
0.219604
0.0930779
0.0965967
0.0705767
0.0735562
0.259155
0.304961
0.263574
0.300989
0.119356
0.12334
0.153703
0.149344
0.388961
0.391141
0.347718
0.344491
0.476847
0.43445
0.477736
0.433643
0.22422
0.187437
0.182862
0.219604
0.304961
0.263574
0.259155
0.300989
0.520419
0.560873
0.555654
0.517517
0.598301
0.621311
0.631952
0.590494
0.344491
0.347718
0.391141
0.388961
0.477736
0.433643
0.43445
0.476847
0.685259
0.66114
0.668422
0.647477
0.683722
0.693025
0.716397
0.703809
0.517517
0.520419
0.555654
0.560873
0.590494
0.598301
0.631952
0.621311
0.66114
0.685259
0.647477
0.668422
0.696157
0.722759
0.722759
0.693025
0.703809
0.716397
0.683722
5.40027e-35
0.000280026
1.755e-34
0.000300285
5.40027e-35
0.000300285
0.000280026
1.755e-34
0.000935794
0.000865026
0.00208895
0.00226245
0.00226245
0.00208895
0.000935794
0.000865026
0.00470433
0.00434939
0.00807839
0.00870704
0.0147309
0.0137313
0.0217559
0.0232292
0.0346087
0.0325794
0.0465776
0.0492419
0.00870704
0.00807839
0.00434939
0.00470433
0.0673986
0.0640646
0.0852662
0.0892931
0.0137313
0.0232292
0.0217559
0.0147309
0.0346087
0.0492419
0.0465776
0.0325794
0.0640646
0.0673986
0.0892931
0.0852662
0.110314
0.139226
0.144508
0.114996
0.177666
0.208145
0.171909
0.214234
0.295936
0.253812
0.247604
0.289835
0.110314
0.139226
0.144508
0.114996
0.385347
0.33429
0.34
0.380324
0.171909
0.214234
0.208145
0.177666
0.474188
0.476847
0.427217
0.431224
0.520419
0.564019
0.565071
0.52139
0.295936
0.289835
0.247604
0.253812
0.34
0.385347
0.33429
0.380324
0.646328
0.603924
0.607311
0.640311
0.681361
0.711712
0.699725
0.672467
0.474188
0.431224
0.427217
0.476847
0.52139
0.564019
0.520419
0.565071
0.721543
0.737451
0.756032
0.736772
0.747141
0.750385
0.769096
0.775696
0.607311
0.603924
0.640311
0.646328
0.711712
0.672467
0.699725
0.681361
0.775696
0.721543
0.769096
0.747141
0.737451
0.756032
0.736772
0.000260382
0.000240686
1.49658e-34
4.92387e-35
4.92387e-35
0.000240686
1.49658e-34
0.000260382
0.000798946
0.000729908
0.00174871
0.00191725
0.000798946
0.000729908
0.00191725
0.00174871
0.00364787
0.00682434
0.00744959
0.00399724
0.00744959
0.00682434
0.00364787
0.00399724
0.0127209
0.0117116
0.0187521
0.0202605
0.0304956
0.0283841
0.0410125
0.0438287
0.0605827
0.0569958
0.0766197
0.0810323
0.0187521
0.0117116
0.0202605
0.0127209
0.105325
0.100087
0.1275
0.133544
0.0283841
0.0304956
0.0438287
0.0410125
0.0766197
0.0605827
0.0810323
0.0569958
0.105325
0.133544
0.1275
0.100087
0.20139
0.165614
0.15885
0.194013
0.282737
0.240558
0.274691
0.232747
0.373932
0.319373
0.366216
0.327393
0.20139
0.194013
0.165614
0.15885
0.469779
0.414556
0.463651
0.421644
0.282737
0.232747
0.240558
0.274691
0.512702
0.560873
0.517516
0.56402
0.649956
0.651168
0.608445
0.607311
0.373932
0.366216
0.319373
0.327393
0.414556
0.421644
0.469779
0.463651
0.691625
0.727908
0.721129
0.687767
0.759313
0.771995
0.785224
0.7494
0.517516
0.560873
0.56402
0.512702
0.607311
0.608445
0.649956
0.651168
0.78848
0.805125
0.81862
0.798497
0.798497
0.801868
0.825436
0.825436
0.721129
0.687767
0.727908
0.691625
0.759313
0.785224
0.771995
0.81862
0.805125
0.7494
0.78848
0.00022161
0.000202805
1.24938e-34
4.42011e-35
0.00158395
0.00142486
0.000667102
0.000601486
4.42011e-35
0.000202805
1.24938e-34
0.00022161
0.000667102
0.000601486
0.00142486
0.00158395
0.0029739
0.00560441
0.00620783
0.00330768
0.00560441
0.0029739
0.00330768
0.00620783
0.0107082
0.00971942
0.0157461
0.0172439
0.00971942
0.0172439
0.0157461
0.0107082
0.0262518
0.0241228
0.035272
0.0381539
0.0533165
0.0495866
0.0674027
0.072066
0.0889885
0.114521
0.121144
0.094622
0.0241228
0.0262518
0.0381539
0.035272
0.151647
0.144081
0.177634
0.186076
0.0495866
0.0674027
0.0533165
0.072066
0.114521
0.094622
0.121144
0.0889885
0.144081
0.186076
0.151647
0.177634
0.215034
0.224211
0.256012
0.265761
0.357238
0.300187
0.347061
0.310276
0.44644
0.396041
0.455852
0.405997
0.265761
0.256012
0.215034
0.224211
0.497499
0.555654
0.548403
0.506012
0.300187
0.310276
0.357238
0.347061
0.646328
0.598302
0.649956
0.603923
0.692918
0.73336
0.731994
0.691625
0.455852
0.44644
0.405997
0.396041
0.555654
0.506012
0.497499
0.548403
0.795615
0.766455
0.770755
0.803096
0.829762
0.818927
0.850234
0.835907
0.646328
0.603923
0.598302
0.649956
0.692918
0.73336
0.731994
0.691625
0.849702
0.864111
0.846243
0.871118
0.846243
0.864111
0.835907
0.871118
0.795615
0.770755
0.803096
0.766455
0.850234
0.829762
0.818927
0.000184604
0.000166939
1.01651e-34
3.88689e-35
0.00127133
0.00112563
0.000543248
0.00048251
3.88689e-35
0.000166939
1.01651e-34
0.000184604
0.00501821
0.00445397
0.00234615
0.00265512
0.000543248
0.00048251
0.00112563
0.00127133
0.00234615
0.00445397
0.00501821
0.00265512
0.00875303
0.00781418
0.0128289
0.0142709
0.0142709
0.0128289
0.00875303
0.00781418
0.0220071
0.0199253
0.0295321
0.0323914
0.0220071
0.0323914
0.0295321
0.0199253
0.0458226
0.0420643
0.0578982
0.0626689
0.0832134
0.0773572
0.100689
0.107687
0.13619
0.128053
0.159508
0.168757
0.0578982
0.0458226
0.0626689
0.0420643
0.245522
0.205267
0.234366
0.195002
0.0773572
0.100689
0.107687
0.0832134
0.128053
0.168757
0.159508
0.13619
0.245522
0.195002
0.205267
0.234366
0.323437
0.277312
0.335767
0.289165
0.423072
0.435486
0.372228
0.384752
0.539174
0.475265
0.528035
0.487222
0.277312
0.335767
0.323437
0.289165
0.580552
0.631953
0.640312
0.590492
0.372228
0.423072
0.435486
0.384752
0.681361
0.727908
0.687766
0.731994
0.772196
0.770755
0.807605
0.809114
0.487222
0.475265
0.539174
0.528035
0.640312
0.590492
0.631953
0.580552
0.861488
0.86959
0.842268
0.837568
0.889517
0.878926
0.890557
0.904765
0.687766
0.727908
0.681361
0.731994
0.809114
0.772196
0.770755
0.807605
0.89308
0.889517
0.911938
0.911938
0.861488
0.842268
0.878926
0.904765
0.837568
0.86959
0.890557
0.000149839
0.000133465
7.99829e-35
3.32142e-35
0.000987003
0.000857887
0.000429841
0.000375113
3.32142e-35
0.000133465
7.99829e-35
0.000149839
0.00391461
0.00340498
0.0017809
0.00205716
0.000429841
0.000375113
0.000857887
0.000987003
0.0114308
0.0100871
0.00691297
0.00605103
0.0017809
0.00340498
0.00391461
0.00205716
0.00691297
0.00605103
0.0100871
0.0114308
0.0178903
0.0159185
0.0239676
0.0267174
0.0178903
0.0267174
0.0239676
0.0159185
0.0383312
0.0346597
0.0483985
0.0531299
0.0346597
0.0383312
0.0531299
0.0483985
0.0655517
0.0864269
0.0935847
0.0714503
0.119716
0.111259
0.140191
0.149963
0.184302
0.222633
0.173265
0.210411
0.0655517
0.0935847
0.0864269
0.0714503
0.251444
0.310168
0.296059
0.2647
0.111259
0.140191
0.149963
0.119716
0.210411
0.173265
0.222633
0.184302
0.296059
0.251444
0.2647
0.310168
0.409292
0.343838
0.394251
0.358551
0.44667
0.515071
0.50038
0.461711
0.554594
0.608472
0.621312
0.568555
0.394251
0.409292
0.343838
0.358551
0.711713
0.66114
0.672465
0.72113
0.515071
0.461711
0.44667
0.50038
0.759313
0.803096
0.766453
0.807606
0.876107
0.843844
0.842268
0.874473
0.621312
0.554594
0.568555
0.608472
0.711713
0.672465
0.72113
0.66114
0.898936
0.916742
0.925364
0.903981
0.939851
0.927576
0.931201
0.947165
0.807606
0.759313
0.803096
0.766453
0.843844
0.874473
0.842268
0.876107
0.903981
0.916742
0.925364
0.927576
0.947165
0.939851
0.898936
0.000117597
0.000102561
5.99798e-35
2.7209e-35
0.000736955
0.000626619
0.000328652
0.000280656
2.7209e-35
0.000102561
5.99798e-35
0.000117597
0.00292667
0.00248424
0.00129103
0.00152848
0.000328652
0.000280656
0.000626619
0.000736955
0.00880661
0.00759922
0.00524007
0.00447825
0.00129103
0.00248424
0.00292667
0.00152848
0.0140246
0.021304
0.018746
0.0122204
0.00524007
0.00447825
0.00759922
0.00880661
0.0140246
0.0122204
0.018746
0.021304
0.0310714
0.027598
0.0391949
0.0437422
0.0310714
0.0437422
0.027598
0.0391949
0.0596949
0.0539354
0.0721761
0.0792731
0.0721761
0.0539354
0.0596949
0.0792731
0.102732
0.094216
0.120276
0.130271
0.197796
0.161959
0.150489
0.184882
0.265762
0.28122
0.223373
0.237627
0.094216
0.130271
0.120276
0.102732
0.311732
0.360851
0.378063
0.328186
0.184882
0.150489
0.197796
0.161959
0.265762
0.223373
0.28122
0.237627
0.311732
0.360851
0.328186
0.378063
0.484073
0.466273
0.412579
0.430247
0.52121
0.576591
0.593527
0.538771
0.68526
0.647474
0.699726
0.631569
0.484073
0.466273
0.412579
0.430247
0.749398
0.736773
0.795616
0.785224
0.576591
0.538771
0.52121
0.593527
0.86959
0.829762
0.837567
0.874473
0.9323
0.930562
0.905673
0.903981
0.631569
0.68526
0.647474
0.699726
0.785224
0.795616
0.749398
0.736773
0.959705
0.968732
0.948696
0.95402
0.963408
0.976158
0.976158
0.959705
0.837567
0.86959
0.874473
0.829762
0.930562
0.968732
0.905673
0.9323
0.95402
0.948696
0.903981
8.79465e-05
7.41741e-05
4.15324e-35
2.08354e-35
2.08354e-35
7.41741e-05
4.15324e-35
8.79465e-05
0.000525073
0.000434477
0.000240602
0.000199562
0.00207787
0.00171146
0.000884961
0.00107985
0.000240602
0.000199562
0.000434477
0.000525073
0.00313423
0.00647128
0.00543128
0.00377805
0.000884961
0.00171146
0.00207787
0.00107985
0.0105215
0.0163117
0.0140187
0.00893457
0.00377805
0.00313423
0.00543128
0.00647128
0.0242622
0.0347919
0.0305654
0.0210893
0.0105215
0.00893457
0.0140187
0.0163117
0.0242622
0.0210893
0.0305654
0.0347919
0.0483081
0.042863
0.0583742
0.0651925
0.0483081
0.0651925
0.0583742
0.042863
0.0857627
0.0774501
0.100381
0.110288
0.110288
0.0774501
0.100381
0.0857627
0.171774
0.138928
0.158568
0.12738
0.193965
0.208776
0.249808
0.233477
0.276896
0.342749
0.323893
0.294586
0.158568
0.12738
0.171774
0.138928
0.374027
0.447117
0.426749
0.393786
0.193965
0.233477
0.208776
0.249808
0.323893
0.276896
0.342749
0.294586
0.447117
0.374027
0.426749
0.393786
0.557792
0.481409
0.537272
0.502038
0.649345
0.593536
0.668424
0.613543
0.72154
0.703809
0.756032
0.771995
0.481409
0.537272
0.557792
0.502038
0.805126
0.861489
0.818926
0.850234
0.593536
0.668424
0.613543
0.649345
0.890557
0.925364
0.898935
0.930562
0.975993
0.95402
0.955807
0.974173
0.72154
0.771995
0.756032
0.703809
0.818926
0.850234
0.805126
0.861489
0.998387
0.989083
0.985345
0.990875
0.990875
0.974173
0.985345
0.998387
0.925364
0.898935
0.890557
0.930562
0.955807
0.975993
0.95402
1.40996e-35
4.80155e-05
2.43714e-35
6.07211e-05
6.07211e-05
4.80155e-05
2.43714e-35
1.40996e-35
0.000352649
0.000281265
0.000165613
0.000131172
0.000165613
0.000131172
0.000281265
0.000352649
0.00138366
0.00109727
0.000565559
0.000717057
0.00448271
0.00363195
0.00255912
0.00204423
0.000565559
0.00109727
0.000717057
0.00138366
0.00747497
0.011881
0.00991319
0.0061435
0.00255912
0.00204423
0.00363195
0.00448271
0.0181019
0.0265461
0.0153178
0.0227625
0.00747497
0.0061435
0.00991319
0.011881
0.0376348
0.0517739
0.0454399
0.0326656
0.0181019
0.0153178
0.0227625
0.0265461
0.0376348
0.0326656
0.0454399
0.0517739
0.0693303
0.0614748
0.081116
0.0906323
0.0693303
0.0906323
0.0614748
0.081116
0.104649
0.132281
0.115919
0.14537
0.104649
0.14537
0.132281
0.115919
0.2002
0.216899
0.164127
0.179038
0.240399
0.30443
0.258781
0.284509
0.332196
0.383012
0.405326
0.353439
0.2002
0.164127
0.216899
0.179038
0.436401
0.515189
0.491709
0.45947
0.284509
0.240399
0.258781
0.30443
0.405326
0.332196
0.383012
0.353439
0.491709
0.436401
0.515189
0.45947
0.60505
0.628166
0.548194
0.571697
0.716398
0.661415
0.737452
0.683718
0.788477
0.81862
0.835908
0.769097
0.548194
0.628166
0.571697
0.60505
0.878925
0.904765
0.864111
0.916742
0.683718
0.716398
0.737452
0.661415
0.948695
0.974173
0.939852
0.968732
1.00587
0.990875
1.004
0.992731
0.769097
0.788477
0.835908
0.81862
0.878925
0.916742
0.904765
0.864111
1.004
1.00778
1.01344
1.01344
0.968732
1.00587
0.992731
0.974173
0.948695
0.939852
0.990875
3.55099e-05
2.35506e-05
8.06497e-36
7.05083e-36
7.05083e-36
2.35506e-05
8.06497e-36
3.55099e-05
0.000102454
7.35936e-05
0.000163437
0.000217874
0.000217874
0.000163437
0.000102454
7.35936e-05
0.000849345
0.000641103
0.000328969
0.000439741
0.000328969
0.000439741
0.000641103
0.000849345
0.0028791
0.0022276
0.00160068
0.00121699
0.00495414
0.00812408
0.00652375
0.00390154
0.00160068
0.00121699
0.0022276
0.0028791
0.0127576
0.019239
0.0159985
0.0104303
0.00495414
0.00390154
0.00652375
0.00812408
0.0279878
0.039419
0.0337532
0.0236336
0.0127576
0.0104303
0.0159985
0.019239
0.0539337
0.0719055
0.0630683
0.046769
0.0279878
0.0236336
0.0337532
0.039419
0.0719055
0.0539337
0.046769
0.0630683
0.082995
0.106831
0.119402
0.0936423
0.0936423
0.119402
0.082995
0.106831
0.183511
0.134782
0.149332
0.166959
0.183511
0.134782
0.166959
0.149332
0.203372
0.243917
0.264287
0.221876
0.288374
0.336408
0.359981
0.310446
0.44129
0.467013
0.387566
0.412367
0.243917
0.203372
0.264287
0.221876
0.496922
0.580171
0.55372
0.523203
0.359981
0.336408
0.288374
0.310446
0.387566
0.467013
0.412367
0.44129
0.496922
0.580171
0.55372
0.523203
0.637071
0.610873
0.667517
0.693027
0.747137
0.72276
0.798498
0.775697
0.889517
0.825436
0.846241
0.871118
0.667517
0.693027
0.610873
0.637071
0.959705
0.947165
0.927575
0.911939
0.72276
0.775697
0.747137
0.798498
0.976159
0.985345
1.004
0.998387
1.01913
1.01534
1.01344
1.02104
0.871118
0.825436
0.846241
0.889517
0.911939
0.927575
0.959705
0.947165
1.01344
1.004
1.01534
1.02104
0.976159
0.998387
0.985345
-2.07722e-37
1.16556e-05
1.16556e-05
-2.07722e-37
0.000115336
4.86166e-05
4.86166e-05
0.000115336
0.000467932
0.000240255
0.000240255
0.000467932
0.000901849
0.0016737
0.000901849
0.0016737
0.00299664
0.00511485
0.00835261
0.0130572
0.00299664
0.00511485
0.0196305
0.0284803
0.0130572
0.00835261
0.0400258
0.0546699
0.0284803
0.0196305
0.0727755
0.0946659
0.0400258
0.0546699
0.0727755
0.0946659
0.120574
0.150676
0.120574
0.150676
0.185013
0.22356
0.22356
0.185013
0.266135
0.312478
0.362176
0.41474
0.5259
0.469544
0.312478
0.266135
0.640062
0.583016
0.41474
0.362176
0.469544
0.5259
0.640062
0.583016
0.696153
0.750386
0.849703
0.801865
0.931201
0.893078
0.696153
0.750386
0.989083
0.963407
0.849703
0.801865
1.01913
1.00778
1.02295
1.01913
0.893078
0.931201
0.963407
1.00778
0.989083
0.082995
0.203372
0.166959
2.35506e-05
0.106831
0.134782
0.106831
0.134782
0.082995
0.000641103
0.00121699
0.0630683
0.166959
0.00390154
0.046769
0.0337532
0.203372
0.0236336
0.0159985
0.243917
0.0104303
0.00652375
0.288374
0.0022276
0.336408
0.387566
0.000328969
0.000163437
0.44129
7.35936e-05
0.496922
0.55372
2.35506e-05
0.243917
0.288374
0.610873
0.667517
0.387566
0.72276
7.35936e-05
0.775697
0.825436
0.000163437
0.871118
0.911939
0.000328969
0.947165
0.976159
0.000641103
0.825436
0.998387
0.871118
1.01344
0.00121699
1.02104
1.02104
0.0022276
1.01344
0.998387
0.00390154
0.976159
0.947165
0.00652375
0.911939
0.0104303
0.775697
0.0159985
0.72276
0.667517
0.0236336
0.610873
0.55372
0.0337532
0.496922
0.44129
0.046769
0.336408
0.0630683
8.06497e-36
8.06497e-36
7.05083e-36
3.55099e-05
3.55099e-05
7.05083e-36
0.000217874
0.000102454
0.000102454
0.000217874
0.000439741
0.000849345
0.000439741
0.000849345
0.0028791
0.00160068
0.00160068
0.0028791
0.00812408
0.00495414
0.019239
0.0127576
0.00495414
0.00812408
0.0279878
0.039419
0.019239
0.0127576
0.0719055
0.0539337
0.0279878
0.039419
0.0936423
0.119402
0.0539337
0.0719055
0.0936423
0.119402
0.183511
0.149332
0.183511
0.149332
0.221876
0.264287
0.264287
0.221876
0.359981
0.310446
0.467013
0.412367
0.523203
0.580171
0.310446
0.359981
0.693027
0.637071
0.467013
0.412367
0.580171
0.523203
0.637071
0.693027
0.747137
0.798498
0.889517
0.846241
0.927575
0.959705
0.798498
0.747137
1.004
0.985345
0.889517
0.846241
1.01913
1.01534
1.01534
1.004
0.959705
0.927575
0.985345
0.164127
0.132281
0.132281
0.104649
0.164127
0.081116
0.000281265
0.0614748
0.0454399
0.2002
0.0326656
0.240399
0.0227625
0.0153178
0.00991319
0.284509
0.0061435
0.332196
0.00363195
0.00204423
0.00109727
0.383012
0.000565559
0.436401
0.000131172
4.80155e-05
0.491709
0.548194
4.80155e-05
0.60505
0.2002
0.661415
0.716398
0.284509
0.000131172
0.769097
0.81862
0.436401
0.864111
0.000281265
0.904765
0.000565559
0.939852
0.968732
0.990875
0.716398
0.00109727
1.00587
0.00204423
0.864111
1.01344
1.01344
1.00587
0.00363195
0.990875
0.0061435
0.968732
0.939852
0.904765
0.00991319
0.0153178
0.81862
0.769097
0.0227625
0.661415
0.0326656
0.60505
0.548194
0.491709
0.0454399
0.0614748
0.383012
0.332196
0.081116
0.240399
0.104649
2.43714e-35
2.43714e-35
1.40996e-35
6.07211e-05
6.07211e-05
1.40996e-35
0.000352649
0.000165613
0.000165613
0.000352649
0.000717057
0.00138366
0.00138366
0.000717057
0.00448271
0.00255912
0.00255912
0.00448271
0.011881
0.00747497
0.0181019
0.0265461
0.00747497
0.011881
0.0376348
0.0517739
0.0265461
0.0181019
0.0693303
0.0906323
0.0517739
0.0376348
0.14537
0.115919
0.0693303
0.0906323
0.14537
0.115919
0.179038
0.216899
0.216899
0.179038
0.30443
0.258781
0.258781
0.30443
0.405326
0.353439
0.515189
0.45947
0.571697
0.628166
0.405326
0.353439
0.683718
0.737452
0.45947
0.515189
0.628166
0.571697
0.683718
0.737452
0.788477
0.835908
0.878925
0.916742
0.948695
0.974173
0.835908
0.788477
1.004
0.992731
0.878925
0.916742
1.00778
1.004
0.992731
0.948695
0.974173
0.158568
0.100381
0.193965
7.41741e-05
0.0774501
0.0583742
0.042863
0.233477
0.0305654
0.00171146
0.00313423
0.276896
0.0210893
0.0140187
0.00893457
0.323893
0.00543128
0.374027
0.000884961
0.426749
0.000434477
0.481409
0.000199562
0.537272
0.593536
7.41741e-05
0.649345
0.158568
0.703809
0.000199562
0.756032
0.805126
0.850234
0.323893
0.374027
0.000434477
0.890557
0.000884961
0.925364
0.95402
0.975993
0.00171146
0.649345
0.990875
0.00313423
0.756032
0.805126
0.998387
0.998387
0.990875
0.00543128
0.975993
0.00893457
0.95402
0.925364
0.890557
0.0140187
0.850234
0.0210893
0.703809
0.0305654
0.042863
0.593536
0.537272
0.481409
0.0583742
0.426749
0.0774501
0.276896
0.100381
0.233477
0.12738
0.193965
0.12738
4.15324e-35
4.15324e-35
2.08354e-35
8.79465e-05
8.79465e-05
2.08354e-35
0.000240602
0.000525073
0.000240602
0.000525073
0.00107985
0.00207787
0.00207787
0.00107985
0.00647128
0.00377805
0.00377805
0.00647128
0.0105215
0.0163117
0.0242622
0.0347919
0.0105215
0.0163117
0.0483081
0.0651925
0.0347919
0.0242622
0.110288
0.0857627
0.0483081
0.0651925
0.171774
0.138928
0.0857627
0.110288
0.171774
0.138928
0.249808
0.208776
0.249808
0.208776
0.294586
0.342749
0.342749
0.294586
0.447117
0.393786
0.557792
0.502038
0.613543
0.668424
0.393786
0.447117
0.72154
0.771995
0.502038
0.557792
0.668424
0.613543
0.72154
0.771995
0.861489
0.818926
0.898935
0.930562
0.955807
0.974173
0.818926
0.861489
0.989083
0.985345
0.930562
0.898935
0.985345
0.974173
0.955807
0.223373
0.0539354
0.0391949
0.265762
0.027598
0.018746
0.311732
0.0122204
0.00759922
0.360851
0.00447825
0.00248424
0.412579
0.00129103
0.000626619
0.466273
0.000280656
0.000102561
0.52121
0.576591
0.000102561
0.0721761
0.094216
0.631569
0.68526
0.150489
0.736773
0.000280656
0.785224
0.829762
0.000626619
0.86959
0.903981
0.00129103
0.9323
0.95402
0.00248424
0.52121
0.968732
0.576591
0.976158
0.00447825
0.976158
0.968732
0.00759922
0.785224
0.829762
0.95402
0.9323
0.0122204
0.903981
0.86959
0.018746
0.027598
0.736773
0.68526
0.0391949
0.631569
0.0539354
0.466273
0.0721761
0.412579
0.360851
0.094216
0.311732
0.265762
0.120276
0.223373
0.184882
0.150489
0.120276
0.184882
5.99798e-35
5.99798e-35
2.7209e-35
0.000117597
0.000117597
2.7209e-35
0.000736955
0.000328652
0.000328652
0.000736955
0.00292667
0.00152848
0.00152848
0.00292667
0.00880661
0.00524007
0.00524007
0.00880661
0.021304
0.0140246
0.0310714
0.0437422
0.021304
0.0140246
0.0792731
0.0596949
0.0310714
0.0437422
0.130271
0.102732
0.0792731
0.0596949
0.197796
0.161959
0.130271
0.102732
0.161959
0.197796
0.28122
0.237627
0.237627
0.28122
0.378063
0.328186
0.328186
0.378063
0.484073
0.430247
0.593527
0.538771
0.647474
0.699726
0.430247
0.484073
0.795616
0.749398
0.538771
0.593527
0.699726
0.647474
0.795616
0.749398
0.837567
0.874473
0.905673
0.930562
0.948696
0.959705
0.874473
0.837567
0.959705
0.963408
0.905673
0.948696
0.930562
0.0346597
0.0239676
0.296059
0.0159185
0.343838
0.0100871
0.00605103
0.00340498
0.394251
0.0017809
0.44667
0.000857887
0.000375113
0.000133465
0.50038
0.554594
0.000133465
0.608472
0.0483985
0.66114
0.711713
0.0864269
0.000375113
0.759313
0.803096
0.173265
0.842268
0.000857887
0.876107
0.0017809
0.903981
0.925364
0.939851
0.394251
0.00340498
0.947165
0.00605103
0.554594
0.947165
0.939851
0.925364
0.0100871
0.711713
0.903981
0.0159185
0.876107
0.842268
0.803096
0.0239676
0.759313
0.0346597
0.66114
0.608472
0.0483985
0.0655517
0.50038
0.44667
0.0864269
0.343838
0.111259
0.296059
0.251444
0.210411
0.140191
0.173265
0.140191
0.111259
0.210411
0.0655517
0.251444
7.99829e-35
7.99829e-35
3.32142e-35
0.000149839
0.000149839
3.32142e-35
0.000987003
0.000429841
0.000429841
0.000987003
0.00391461
0.00205716
0.00391461
0.00205716
0.00691297
0.0114308
0.00691297
0.0114308
0.0178903
0.0267174
0.0383312
0.0531299
0.0178903
0.0267174
0.0935847
0.0714503
0.0531299
0.0383312
0.149963
0.119716
0.0935847
0.0714503
0.222633
0.184302
0.149963
0.119716
0.184302
0.222633
0.310168
0.2647
0.310168
0.2647
0.409292
0.358551
0.409292
0.358551
0.515071
0.461711
0.568555
0.621312
0.72113
0.672465
0.461711
0.515071
0.766453
0.807606
0.621312
0.568555
0.672465
0.72113
0.807606
0.766453
0.874473
0.843844
0.916742
0.898936
0.927576
0.931201
0.843844
0.874473
0.916742
0.927576
0.898936
0.323437
0.0128289
0.372228
0.00781418
0.00445397
0.00234615
0.423072
0.00112563
0.475265
0.00048251
0.000166939
0.528035
0.580552
0.000166939
0.631953
0.0295321
0.681361
0.00048251
0.727908
0.770755
0.809114
0.100689
0.128053
0.00112563
0.842268
0.00234615
0.86959
0.890557
0.904765
0.00445397
0.323437
0.911938
0.00781418
0.423072
0.475265
0.911938
0.904765
0.890557
0.0128289
0.631953
0.86959
0.0199253
0.842268
0.809114
0.770755
0.0295321
0.727908
0.0420643
0.681361
0.580552
0.0578982
0.528035
0.0773572
0.372228
0.100689
0.128053
0.277312
0.234366
0.195002
0.159508
0.159508
0.195002
0.0773572
0.234366
0.0578982
0.277312
0.0420643
0.0199253
1.01651e-34
1.01651e-34
3.88689e-35
0.000184604
0.000184604
3.88689e-35
0.000543248
0.00127133
0.000543248
0.00127133
0.00501821
0.00265512
0.00265512
0.00501821
0.00875303
0.0142709
0.00875303
0.0142709
0.0323914
0.0220071
0.0626689
0.0458226
0.0220071
0.0323914
0.0832134
0.107687
0.0458226
0.0626689
0.13619
0.168757
0.0832134
0.107687
0.205267
0.245522
0.168757
0.13619
0.205267
0.245522
0.335767
0.289165
0.335767
0.289165
0.435486
0.384752
0.384752
0.435486
0.539174
0.487222
0.640312
0.590492
0.687766
0.731994
0.487222
0.539174
0.807605
0.772196
0.640312
0.590492
0.687766
0.731994
0.807605
0.772196
0.861488
0.837568
0.889517
0.878926
0.89308
0.889517
0.837568
0.878926
0.861488
0.396041
0.0029739
0.00142486
0.44644
0.000601486
0.000202805
0.497499
0.548403
0.000202805
0.00560441
0.00971942
0.598302
0.646328
0.0241228
0.691625
0.000601486
0.73336
0.770755
0.00142486
0.803096
0.829762
0.0029739
0.850234
0.864111
0.00560441
0.215034
0.871118
0.256012
0.871118
0.00971942
0.864111
0.850234
0.0157461
0.44644
0.497499
0.829762
0.803096
0.0241228
0.770755
0.73336
0.035272
0.691625
0.646328
0.0495866
0.598302
0.548403
0.0674027
0.0889885
0.396041
0.347061
0.114521
0.300187
0.144081
0.177634
0.177634
0.144081
0.114521
0.215034
0.0889885
0.0674027
0.256012
0.0495866
0.035272
0.300187
0.0157461
0.347061
1.24938e-34
1.24938e-34
4.42011e-35
0.00022161
0.00022161
4.42011e-35
0.00158395
0.000667102
0.000667102
0.00158395
0.00330768
0.00620783
0.00620783
0.00330768
0.0172439
0.0107082
0.0107082
0.0172439
0.0262518
0.0381539
0.0533165
0.072066
0.0262518
0.0381539
0.121144
0.094622
0.072066
0.0533165
0.151647
0.186076
0.094622
0.121144
0.224211
0.265761
0.151647
0.186076
0.265761
0.224211
0.357238
0.310276
0.310276
0.357238
0.405997
0.455852
0.455852
0.405997
0.555654
0.506012
0.649956
0.603923
0.731994
0.692918
0.555654
0.506012
0.766455
0.795615
0.649956
0.603923
0.692918
0.731994
0.795615
0.766455
0.818927
0.835907
0.849702
0.846243
0.846243
0.835907
0.818927
0.000729908
0.000240686
0.463651
0.512702
0.000240686
0.560873
0.00174871
0.607311
0.651168
0.00682434
0.000729908
0.691625
0.727908
0.0283841
0.759313
0.00174871
0.785224
0.00364787
0.805125
0.81862
0.825436
0.1275
0.00682434
0.825436
0.0117116
0.232747
0.81862
0.805125
0.785224
0.0187521
0.366216
0.759313
0.0283841
0.727908
0.691625
0.651168
0.0410125
0.607311
0.0569958
0.560873
0.512702
0.463651
0.0766197
0.414556
0.100087
0.319373
0.274691
0.1275
0.15885
0.194013
0.15885
0.194013
0.100087
0.232747
0.0766197
0.0569958
0.0410125
0.274691
0.319373
0.0187521
0.0117116
0.366216
0.00364787
0.414556
1.49658e-34
1.49658e-34
4.92387e-35
0.000260382
0.000260382
4.92387e-35
0.000798946
0.00191725
0.000798946
0.00191725
0.00744959
0.00399724
0.00744959
0.00399724
0.0202605
0.0127209
0.0127209
0.0202605
0.0304956
0.0438287
0.0810323
0.0605827
0.0304956
0.0438287
0.133544
0.105325
0.0605827
0.0810323
0.165614
0.20139
0.105325
0.133544
0.240558
0.282737
0.165614
0.20139
0.240558
0.282737
0.373932
0.327393
0.373932
0.327393
0.469779
0.421644
0.469779
0.421644
0.517516
0.56402
0.649956
0.608445
0.721129
0.687767
0.56402
0.517516
0.7494
0.771995
0.649956
0.608445
0.687767
0.721129
0.771995
0.7494
0.798497
0.78848
0.798497
0.801868
0.78848
0.474188
0.520419
0.000280026
0.000280026
0.565071
0.607311
0.000865026
0.646328
0.681361
0.00807839
0.0137313
0.711712
0.00208895
0.736772
0.00434939
0.756032
0.769096
0.775696
0.0852662
0.00807839
0.775696
0.139226
0.171909
0.0137313
0.769096
0.756032
0.736772
0.289835
0.0217559
0.711712
0.0325794
0.681361
0.646328
0.474188
0.607311
0.0465776
0.565071
0.0640646
0.520419
0.427217
0.0852662
0.380324
0.110314
0.33429
0.247604
0.139226
0.208145
0.171909
0.110314
0.208145
0.247604
0.0640646
0.0465776
0.0325794
0.289835
0.0217559
0.33429
0.00434939
0.380324
0.00208895
0.427217
0.000865026
1.755e-34
1.755e-34
5.40027e-35
0.000300285
5.40027e-35
0.000300285
0.00226245
0.000935794
0.000935794
0.00226245
0.00870704
0.00470433
0.00870704
0.00470433
0.0147309
0.0232292
0.0147309
0.0232292
0.0492419
0.0346087
0.0892931
0.0673986
0.0346087
0.0492419
0.144508
0.114996
0.0892931
0.0673986
0.214234
0.177666
0.114996
0.144508
0.295936
0.253812
0.177666
0.214234
0.295936
0.253812
0.34
0.385347
0.34
0.385347
0.476847
0.431224
0.476847
0.431224
0.52139
0.564019
0.640311
0.603924
0.672467
0.699725
0.52139
0.564019
0.737451
0.721543
0.603924
0.640311
0.672467
0.699725
0.737451
0.721543
0.750385
0.747141
0.747141
0.000320126
0.520419
0.560873
0.598301
0.00100364
0.631952
0.66114
0.00243638
0.685259
0.703809
0.00505833
0.716397
0.722759
0.0365805
0.00932941
0.0517971
0.722759
0.716397
0.0157179
0.703809
0.685259
0.149344
0.182862
0.0246664
0.66114
0.631952
0.0365805
0.598301
0.560873
0.0517971
0.520419
0.477736
0.0705767
0.433643
0.388961
0.0930779
0.344491
0.300989
0.119356
0.259155
0.219604
0.149344
0.182862
0.119356
0.0930779
0.219604
0.0705767
0.259155
0.0246664
0.300989
0.0157179
0.00932941
0.344491
0.00505833
0.00243638
0.388961
0.00100364
0.000320126
0.433643
0.477736
2.02047e-34
2.02047e-34
5.85033e-35
0.000340559
0.000340559
5.85033e-35
0.00107429
0.00261006
0.00107429
0.00261006
0.00540844
0.00994271
0.00994271
0.00540844
0.0260597
0.0166773
0.0260597
0.0166773
0.0542282
0.0384658
0.0965967
0.0735562
0.0384658
0.0542282
0.153703
0.12334
0.0965967
0.0735562
0.187437
0.22422
0.153703
0.12334
0.263574
0.304961
0.187437
0.22422
0.263574
0.304961
0.347718
0.391141
0.347718
0.391141
0.476847
0.43445
0.476847
0.43445
0.555654
0.517517
0.590494
0.621311
0.668422
0.647477
0.517517
0.555654
0.683722
0.693025
0.590494
0.621311
0.647477
0.668422
0.683722
0.696157
0.693025
0.548402
0.00114225
0.580551
0.608471
0.631568
0.00278132
0.649344
0.00575397
0.661414
0.01054
0.667516
0.667516
0.01054
0.0402656
0.661414
0.0176111
0.649344
0.631568
0.0998175
0.608471
0.027395
0.580551
0.0402656
0.548402
0.512702
0.267053
0.474188
0.056512
0.433643
0.0763338
0.391869
0.349668
0.307818
0.0998175
0.126939
0.228043
0.191377
0.157547
0.157547
0.126939
0.191377
0.0763338
0.056512
0.228043
0.267053
0.027395
0.0176111
0.307818
0.00575397
0.349668
0.00278132
0.00114225
0.00036018
0.391869
0.433643
0.00036018
0.474188
0.512702
2.288e-34
2.288e-34
6.27378e-35
0.000380356
0.000380356
6.27378e-35
0.00295027
0.00121087
0.00121087
0.00295027
0.0111196
0.0060889
0.0060889
0.0111196
0.0185015
0.0286661
0.0185015
0.0286661
0.0419495
0.0586361
0.102722
0.0788684
0.0419495
0.0586361
0.160852
0.130104
0.102722
0.0788684
0.231048
0.194633
0.130104
0.160852
0.309542
0.26955
0.231048
0.194633
0.309542
0.26955
0.350317
0.391141
0.350317
0.391141
0.431226
0.469778
0.431226
0.469778
0.506014
0.539172
0.568559
0.593526
0.628165
0.613548
0.506014
0.539172
0.64006
0.637076
0.593526
0.568559
0.628165
0.613548
0.637076
0.00127722
0.528034
0.554593
0.57659
0.00311396
0.593536
0.00311396
0.00641583
0.605049
0.011674
0.019354
0.610872
0.610872
0.011674
0.605049
0.0605793
0.019354
0.593536
0.57659
0.554593
0.029859
0.163588
0.1972
0.528034
0.0435228
0.497498
0.463651
0.427217
0.0605793
0.388961
0.0811617
0.349668
0.310117
0.271062
0.105281
0.233209
0.132834
0.132834
0.163588
0.105281
0.1972
0.0811617
0.0435228
0.233209
0.029859
0.271062
0.00641583
0.310117
0.349668
0.00127722
0.000399311
0.388961
0.427217
0.000399311
0.463651
0.497498
2.55203e-34
2.55203e-34
6.66912e-35
0.000418773
0.000418773
6.66912e-35
0.00327336
0.00134191
0.00134191
0.00327336
0.0122025
0.00672562
0.0122025
0.00672562
0.0309695
0.0201483
0.0201483
0.0309695
0.0449545
0.0623324
0.0831749
0.107483
0.0449545
0.0623324
0.16574
0.135086
0.0831749
0.107483
0.199039
0.234514
0.135086
0.16574
0.271563
0.309541
0.234514
0.199039
0.309541
0.271563
0.347719
0.385346
0.385346
0.347719
0.421647
0.455851
0.455851
0.421647
0.487226
0.51507
0.538775
0.55779
0.571702
0.580169
0.487226
0.51507
0.580169
0.583022
0.55779
0.538775
0.571702
0.521209
0.00342475
0.537271
0.000436611
0.548193
0.00702435
0.553719
0.553719
0.0126973
0.0126973
0.0208939
0.548193
0.537271
0.0208939
0.521209
0.500379
0.0319842
0.475265
0.446439
0.0462539
0.414556
0.167287
0.380324
0.0638764
0.34449
0.307817
0.084915
0.271062
0.234948
0.109305
0.200155
0.136865
0.136865
0.109305
0.167287
0.084915
0.0638764
0.200155
0.0462539
0.0319842
0.234948
0.271062
0.00702435
0.00342475
0.307817
0.00140491
0.34449
0.380324
0.000436611
0.500379
0.414556
0.446439
0.475265
0.00140491
2.80665e-34
2.80665e-34
7.03377e-35
0.000454899
0.000454899
7.03377e-35
0.00146384
0.00357001
0.00146384
0.00357001
0.013159
0.00729979
0.00729979
0.013159
0.0329007
0.0215684
0.0215684
0.0329007
0.0652058
0.0473903
0.110739
0.0863465
0.0473903
0.0652058
0.138136
0.168221
0.110739
0.0863465
0.200523
0.234514
0.168221
0.138136
0.269551
0.30496
0.234514
0.200523
0.269551
0.30496
0.373931
0.340002
0.373931
0.340002
0.406001
0.435485
0.435485
0.406001
0.484072
0.461715
0.515187
0.502043
0.525897
0.523209
0.484072
0.461715
0.523209
0.502043
0.515187
0.0037047
0.491707
0.00756154
0.496921
0.496921
0.491707
0.0037047
0.0135795
0.481408
0.0221848
0.466272
0.446669
0.423071
0.048377
0.0337066
0.39604
0.048377
0.366216
0.111769
0.33429
0.300989
0.168532
0.0663044
0.267053
0.0874813
0.233209
0.200155
0.111769
0.138911
0.138911
0.0874813
0.0663044
0.168532
0.200155
0.0337066
0.0221848
0.0135795
0.233209
0.00756154
0.267053
0.00152184
0.000471176
0.300989
0.33429
0.000471176
0.481408
0.366216
0.39604
0.423071
0.00152184
0.446669
0.466272
3.04587e-34
3.04587e-34
7.3643e-35
0.000487841
0.000487841
7.3643e-35
0.00383164
0.00157331
0.00157331
0.00383164
0.0139607
0.00779445
0.0139607
0.00779445
0.0344019
0.0227192
0.0227192
0.0344019
0.0671703
0.049184
0.112392
0.0882881
0.049184
0.0671703
0.168221
0.139163
0.0882881
0.112392
0.231047
0.19904
0.168221
0.139163
0.295935
0.263576
0.19904
0.231047
0.263576
0.295935
0.327396
0.357236
0.327396
0.357236
0.384757
0.40929
0.384757
0.40929
0.430253
0.447115
0.459476
0.467011
0.469551
0.467011
0.447115
0.430253
0.459476
0.00801156
0.441289
0.441289
0.000502141
0.4364
0.0142943
0.426747
0.0231881
0.412577
0.0142943
0.0231881
0.39425
0.372227
0.0349749
0.34706
0.0498285
0.319372
0.289835
0.112598
0.259154
0.0677907
0.228042
0.0887838
0.197199
0.167287
0.138911
0.112598
0.138911
0.0887838
0.0677907
0.0498285
0.167287
0.0349749
0.197199
0.00801156
0.228042
0.00394573
0.259154
0.00162476
0.289835
0.319372
0.000502141
0.4364
0.34706
0.372227
0.00162476
0.39425
0.412577
0.426747
0.00394573
3.26386e-34
3.26386e-34
7.65675e-35
0.000516766
0.000516766
7.65675e-35
0.00166728
0.00405069
0.00166728
0.00405069
0.0145836
0.00819504
0.0145836
0.00819504
0.0354281
0.0235665
0.0235665
0.0354281
0.0502821
0.0681674
0.112392
0.088942
0.0681674
0.0502821
0.138137
0.16574
0.088942
0.112392
0.224219
0.194635
0.16574
0.138137
0.282736
0.253815
0.224219
0.194635
0.253815
0.282736
0.31028
0.335765
0.31028
0.335765
0.378061
0.358556
0.378061
0.358556
0.393792
0.405324
0.412374
0.414738
0.412374
0.393792
0.405324
0.383011
0.0148205
0.374026
0.36085
0.0238739
0.343837
0.323436
0.0357513
0.300186
0.0148205
0.27469
0.0505652
0.247603
0.0505652
0.219603
0.0682911
0.0682911
0.191377
0.163588
0.0887837
0.136865
0.111769
0.111769
0.0887837
0.136865
0.0357513
0.163588
0.0238739
0.191377
0.00836118
0.00414084
0.219603
0.00171082
0.000528715
0.247603
0.27469
0.000528715
0.387565
0.300186
0.387565
0.323436
0.343837
0.00171082
0.36085
0.374026
0.00414084
0.383011
0.00836118
3.45515e-34
3.45515e-34
7.90696e-35
0.000540928
0.000540928
7.90696e-35
0.00422081
0.00174314
0.00422081
0.00174314
0.00848978
0.0150095
0.0150095
0.00848978
0.035949
0.0240851
0.0240851
0.035949
0.0506518
0.0681674
0.0882886
0.110739
0.0681674
0.0506518
0.160851
0.135087
0.110739
0.0882886
0.187439
0.214232
0.160851
0.135087
0.26576
0.240562
0.214232
0.187439
0.240562
0.26576
0.28917
0.310166
0.310166
0.28917
0.328192
0.342747
0.342747
0.328192
0.353446
0.359978
0.362183
0.359978
0.353446
0.0151426
0.311731
0.024222
0.296058
0.277311
0.256011
0.00428441
0.0360127
0.232746
0.0151426
0.0505652
0.208145
0.182861
0.157547
0.0677907
0.132834
0.0874812
0.109305
0.0874812
0.0677907
0.109305
0.0505652
0.132834
0.0360127
0.024222
0.157547
0.00860014
0.182861
0.00177759
0.000550208
0.208145
0.232746
0.000550208
0.323891
0.256011
0.277311
0.296058
0.336407
0.00177759
0.311731
0.323891
0.332195
0.00428441
0.00860014
0.336407
0.332195
3.61487e-34
3.61487e-34
8.1109e-35
0.000559695
0.000559695
8.1109e-35
0.00433709
0.00179875
0.00179875
0.00433709
0.0152256
0.00867003
0.00867003
0.0152256
0.035949
0.0242596
0.0242596
0.035949
0.0671702
0.0502822
0.107483
0.0863473
0.0671702
0.0502822
0.153702
0.130106
0.107483
0.0863473
0.201388
0.177669
0.153702
0.130106
0.224216
0.24552
0.177669
0.201388
0.224216
0.24552
0.281218
0.264706
0.281218
0.264706
0.294593
0.304428
0.304428
0.294593
0.310454
0.312475
0.310454
0.0242221
0.251443
0.234365
0.215033
0.0357513
0.194012
0.00437228
0.0498285
0.171908
0.015251
0.149343
0.126938
0.0663043
0.105281
0.0849149
0.0849149
0.0663043
0.0498285
0.105281
0.0357513
0.126938
0.0242221
0.00872142
0.149343
0.171908
0.00182321
0.000566054
0.194012
0.215033
0.000566054
0.265761
0.234365
0.251443
0.284508
0.288373
0.00182321
0.265761
0.276894
0.284508
0.00437228
0.288373
0.00872142
0.276894
0.015251
3.73886e-34
3.73886e-34
8.26497e-35
0.000572571
0.000572571
8.26497e-35
0.00439616
0.00183256
0.00183256
0.00439616
0.0152257
0.00873051
0.0152257
0.00873051
0.0354282
0.0240848
0.0240848
0.0354282
0.0491843
0.0652055
0.0831761
0.102721
0.0491843
0.0652055
0.123342
0.144507
0.102721
0.0831761
0.165618
0.186074
0.144507
0.123342
0.222631
0.205272
0.186074
0.165618
0.205272
0.222631
0.249806
0.237633
0.237633
0.249806
0.264284
0.258788
0.258788
0.264284
0.266142
0.177633
0.034975
0.158849
0.000575834
0.139226
0.048377
0.119355
0.0998172
0.0638762
0.0151426
0.023874
0.0811615
0.0638762
0.0811615
0.048377
0.034975
0.0998172
0.119355
0.00872148
0.00440191
0.139226
0.0018464
0.158849
0.177633
0.000575834
0.195001
0.195001
0.21041
0.21041
0.223372
0.0018464
0.233476
0.240398
0.00440191
0.243915
0.243915
0.00872148
0.240398
0.233476
0.0151426
0.223372
0.023874
3.82389e-34
3.82389e-34
8.36625e-35
0.000579214
0.000579214
8.36625e-35
0.00184362
0.00439632
0.00184362
0.00439632
0.0150097
0.00866945
0.00866945
0.0150097
0.0344019
0.0235661
0.0235661
0.0344019
0.0473907
0.062332
0.0965959
0.0788699
0.062332
0.0473907
0.133543
0.114999
0.0965959
0.0788699
0.168755
0.151652
0.133543
0.114999
0.197794
0.184307
0.168755
0.151652
0.184307
0.197794
0.216897
0.208783
0.216897
0.208783
0.221883
0.221883
0.223557
0.0337067
0.110313
0.0462539
0.0930775
0.0763335
0.0605791
0.00437245
0.0605791
0.0462539
0.0763335
0.0337067
0.0231882
0.0148206
0.0930775
0.00860033
0.110313
0.0018465
0.000579286
0.127499
0.14408
0.000579286
0.127499
0.159507
0.173264
0.184881
0.173264
0.0018465
0.193964
0.200198
0.203371
0.00437245
0.203371
0.00860033
0.200198
0.193964
0.184881
0.0148206
0.0231882
0.159507
0.14408
3.8677e-34
3.8677e-34
8.41268e-35
0.000579446
0.000579446
8.41268e-35
0.00433756
0.00183161
0.00183161
0.00433756
0.014584
0.00848864
0.00848864
0.014584
0.0227186
0.0329008
0.0329008
0.0227186
0.0449549
0.0586357
0.073558
0.0892922
0.0449549
0.0586357
0.105329
0.121142
0.073558
0.0892922
0.149961
0.136195
0.105329
0.121142
0.161965
0.171771
0.149961
0.136195
0.161965
0.171771
0.183508
0.179044
0.183508
0.179044
0.18502
0.0435227
0.0705764
0.0565118
0.000576318
0.0435227
0.0565118
0.0319842
0.0705764
0.022185
0.0142945
0.00836149
0.0852657
0.00428474
0.100087
0.00182351
0.114521
0.128052
0.000576318
0.0852657
0.14019
0.150488
0.114521
0.128052
0.00182351
0.158567
0.164126
0.166958
0.158567
0.00428474
0.166958
0.00836149
0.164126
0.150488
0.0142945
0.14019
0.022185
0.100087
0.0319842
3.86915e-34
3.86915e-34
8.40322e-35
0.00057326
0.00057326
8.40322e-35
0.00422158
0.00179688
0.00179688
0.00422158
0.00819338
0.0139612
0.0139612
0.00819338
0.0215676
0.0309697
0.0215676
0.0309697
0.04195
0.0542278
0.0810313
0.0674007
0.0542278
0.04195
0.0946256
0.107685
0.0810313
0.0674007
0.119721
0.130269
0.0946256
0.107685
0.138934
0.145368
0.119721
0.130269
0.138934
0.145368
0.150673
0.149338
0.149338
0.0298591
0.0517969
0.0208941
0.0135798
0.0640643
0.00801198
0.00414132
0.0766191
0.00177808
0.000567007
0.0889878
0.100688
0.000567007
0.0402655
0.111258
0.0517969
0.120275
0.127378
0.00177808
0.13228
0.134781
0.100688
0.111258
0.00414132
0.134781
0.13228
0.00801198
0.127378
0.120275
0.0135798
0.0208941
0.0889878
0.0766191
0.0298591
0.0640643
0.0402655
3.82818e-34
3.82818e-34
8.33788e-35
0.00056082
0.00056082
8.33788e-35
0.0017404
0.00405174
0.0017404
0.00405174
0.0131597
0.00779231
0.0131597
0.00779231
0.0201474
0.0286662
0.0201474
0.0286662
0.0384664
0.0492414
0.0720649
0.060585
0.0492414
0.0384664
0.0935831
0.0832173
0.0720649
0.060585
0.110286
0.102737
0.0935831
0.0832173
0.1194
0.115925
0.102737
0.110286
0.1194
0.115925
0.120581
0.0465774
0.00756205
0.0569955
0.00394634
0.00171149
0.000551602
0.0674022
0.0773565
0.000551602
0.0126977
0.086426
0.0942151
0.10038
0.0365804
0.00171149
0.104648
0.10683
0.10683
0.0674022
0.00394634
0.104648
0.00756205
0.10038
0.0942151
0.086426
0.0126977
0.0773565
0.0193542
0.0569955
0.0465774
0.0273951
0.0365804
0.0273951
0.0193542
3.74586e-34
3.74586e-34
8.21771e-35
0.000542455
0.000542455
8.21771e-35
0.00383294
0.00166377
0.00166377
0.00383294
0.00729724
0.0122033
0.0122033
0.00729724
0.0185004
0.0260599
0.0260599
0.0185004
0.0438282
0.0346094
0.0533188
0.0626678
0.0438282
0.0346094
0.0792714
0.0714542
0.0626678
0.0533188
0.0857677
0.0906303
0.0792714
0.0714542
0.0946638
0.0936478
0.0906303
0.0857677
0.0936478
0.0495862
0.00162559
0.000530507
0.0578977
0.065551
0.000530507
0.00370543
0.0721753
0.0774493
0.0116744
0.0176114
0.00162559
0.0811151
0.082994
0.082994
0.0410123
0.00370543
0.0811151
0.00702494
0.0774493
0.0721753
0.065551
0.0116744
0.0578977
0.0176114
0.0495862
0.0325793
0.0246665
0.0246665
0.0325793
0.00702494
0.0410123
3.62436e-34
3.62436e-34
8.04465e-35
0.000518649
0.000518649
8.04465e-35
0.00156912
0.00357151
0.00156912
0.00357151
0.0111205
0.00672275
0.0111205
0.00672275
0.0232294
0.0166762
0.0232294
0.0166762
0.0381534
0.0304963
0.045825
0.0531288
0.0381534
0.0304963
0.0596987
0.0651909
0.045825
0.0531288
0.0693349
0.0719037
0.0651909
0.0596987
0.0727805
0.0719037
0.0693349
0.048398
0.000504277
0.0539347
0.000504277
0.0583734
0.061474
0.0015228
0.0630675
0.0630675
0.0105405
0.0157182
0.00342557
0.061474
0.028384
0.0583734
0.0064165
0.0539347
0.048398
0.0105405
0.0420639
0.0352718
0.0157182
0.021756
0.021756
0.028384
0.0064165
0.00342557
0.0352718
0.0015228
0.0420639
3.46685e-34
3.46685e-34
7.82142e-35
0.000490023
7.82142e-35
0.000490023
0.00327502
0.0014591
0.0014591
0.00327502
0.00608578
0.00994364
0.00608578
0.00994364
0.0202607
0.0147296
0.0147296
0.0202607
0.0262525
0.0323908
0.0383336
0.0437411
0.0323908
0.0262525
0.0483116
0.0517724
0.0437411
0.0383336
0.0546683
0.0539379
0.0517724
0.0483116
0.0539379
0.000473591
0.0391944
0.0428624
0.0454393
0.00140597
0.0467683
0.00311486
0.0467683
0.0454393
0.00311486
0.0428624
0.00575468
0.0391944
0.0346593
0.0295318
0.00932989
0.0241227
0.0137316
0.0187522
0.0137316
0.00932989
0.0187522
0.00575468
0.0241227
0.00140597
0.000473591
0.0295318
0.0346593
3.27738e-34
3.27738e-34
7.55128e-35
0.000457313
0.000457313
7.55128e-35
0.00295204
0.00133677
0.00133677
0.00295204
0.00870799
0.00540518
0.00540518
0.00870799
0.0172441
0.0127197
0.0172441
0.0127197
0.0267169
0.0220077
0.0347909
0.0310736
0.0220077
0.0267169
0.037638
0.0394177
0.0347909
0.0310736
0.0400293
0.037638
0.0394177
0.0326651
0.00127834
0.0337526
0.000439232
0.0337526
0.0326651
0.00278226
0.030565
0.00505906
0.00807888
0.0117119
0.0275977
0.0239674
0.0199252
0.00807888
0.0157462
0.0117119
0.00505906
0.0157462
0.00278226
0.0199252
0.00127834
0.0239674
0.0275977
0.000439232
0.030565
3.06079e-34
3.06079e-34
7.2377e-35
0.000421345
0.000421345
7.2377e-35
0.00261188
0.00120549
0.00120549
0.00261188
0.00470102
0.00745054
0.00470102
0.00745054
0.010707
0.0142711
0.0142711
0.010707
0.0213035
0.0178909
0.0242641
0.0265453
0.0178909
0.0213035
0.0279905
0.0284793
0.0265453
0.0242641
0.0279905
0.00114341
0.0236332
0.0227621
0.00243733
0.021089
0.0187458
0.00435012
0.0159184
0.012829
0.00682483
0.00971971
0.00682483
0.00971971
0.00435012
0.00243733
0.012829
0.00114341
0.000402056
0.0159184
0.0187458
0.000402056
0.021089
0.0227621
0.0236332
2.82249e-34
2.82249e-34
6.88413e-35
0.000383006
0.000383006
6.88413e-35
0.00226427
0.00106884
0.00106884
0.00226427
0.00399399
0.00620875
0.00399399
0.00620875
0.00875186
0.0114309
0.00875186
0.0114309
0.0140251
0.0163113
0.0192383
0.0181035
0.0163113
0.0140251
0.0192383
0.0196325
0.0181035
0.0153176
0.0140185
0.00208988
0.0122203
0.00364857
0.0100872
0.00208988
0.00781445
0.00560488
0.00560488
0.00364857
0.00781445
0.0010048
0.000362963
0.0100872
0.0122203
0.000362963
0.0140185
0.0159982
0.0153176
0.0159982
0.0010048
2.56829e-34
2.56829e-34
0.000343205
6.49367e-35
0.000343205
6.49367e-35
0.00191901
0.00093043
0.00093043
0.00191901
0.00501908
0.00330457
0.00501908
0.00330457
0.00691186
0.00880678
0.00691186
0.00880678
0.0118807
0.0105219
0.0130568
0.0127587
0.0105219
0.0127587
0.0118807
0.0017496
0.00759931
0.00297456
0.00605128
0.0044544
0.00297456
0.0044544
0.0017496
0.00605128
0.000866149
0.000322862
0.00759931
0.00893456
0.000322862
0.0099131
0.0099131
0.0104302
0.000866149
0.0104302
0.00893456
2.30415e-34
2.30415e-34
6.06877e-35
0.000302845
0.000302845
6.06877e-35
0.0015856
0.000793839
0.000793839
0.0015856
0.00391541
0.00265226
0.00265226
0.00391541
0.00523905
0.00647146
0.00647146
0.00523905
0.00747513
0.00812395
0.00835319
0.00812395
0.00747513
0.00234675
0.00234675
0.00142568
0.00340537
0.000730959
0.000282629
0.00447848
0.00543138
0.000282629
0.00340537
0.00447848
0.00614353
0.00652374
0.00652374
0.000730959
0.00614353
0.00543138
0.00142568
2.03599e-34
2.03599e-34
5.61105e-35
0.000262777
0.000262777
5.61105e-35
0.00127282
0.000662405
0.00127282
0.000662405
0.00292738
0.0020546
0.00292738
0.0020546
0.00448292
0.00377709
0.00377709
0.00448292
0.00495403
0.00511489
0.00495403
0.000602434
0.000243078
0.00248458
0.00313444
0.000243078
0.00363207
0.00112636
0.00390162
0.00390162
0.00248458
0.000602434
0.00363207
0.00313444
0.00112636
0.00178142
0.00178142
1.76939e-34
1.76939e-34
5.12114e-35
0.00022377
0.00022377
5.12114e-35
0.000539093
0.000988301
0.000539093
0.000988301
0.00207849
0.00152628
0.00207849
0.00152628
0.00287936
0.00255821
0.00255821
0.00299617
0.00287936
0.00171175
0.00204443
0.000204916
0.000204916
0.00222775
0.00222775
0.000483329
0.00204443
0.00171175
0.00129147
0.000858503
0.000858503
0.00129147
0.000483329
1.50939e-34
1.50939e-34
4.59873e-35
0.00018647
4.59873e-35
0.00018647
0.000426332
0.000738031
0.000426332
0.000738031
0.00138419
0.00107804
0.00138419
0.00107804
0.00167404
0.00159977
0.00159977
0.000168713
0.00121718
0.00121718
0.00109752
0.000375784
0.000885312
0.000627113
0.000627113
0.000375784
0.000168713
0.000885312
0.00109752
1.26024e-34
1.26024e-34
4.04273e-35
0.000151366
0.000151366
4.04273e-35
0.000525916
0.000325854
0.000325854
0.000525916
0.000715614
0.000849799
0.000715614
0.000849799
0.000900883
0.000565826
0.000281168
0.000434848
0.000281168
0.000134866
0.000434848
0.000565826
0.000134866
0.000641314
0.000641314
1.02515e-34
1.02515e-34
3.45175e-35
0.000118763
0.000118763
3.45175e-35
0.000353266
0.000238533
0.000238533
0.000353266
0.000438621
0.000438621
0.000468345
0.000199917
0.000199917
0.000103575
0.00028152
0.000329169
0.000103575
0.000329169
0.00028152
8.06103e-35
8.06103e-35
2.82481e-35
8.87543e-05
2.82481e-35
8.87543e-05
0.000164229
0.000218297
0.000164229
0.000218297
0.000239362
0.0001636
7.48181e-05
0.0001636
0.000131385
7.48181e-05
0.000131385
6.03723e-35
6.03723e-35
6.1204e-05
2.16239e-35
6.1204e-05
2.16239e-35
0.000101644
0.000101644
0.000115623
4.83406e-05
7.36972e-05
4.83406e-05
7.36972e-05
4.17112e-35
4.17112e-35
1.46791e-35
3.57384e-05
3.57384e-05
1.46791e-35
4.81871e-05
2.36474e-05
2.36474e-05
2.438e-35
2.438e-35
7.49419e-36
7.49419e-36
1.1739e-05
-3.62309e-38
7.97089e-36
7.97089e-36
