-2.8386e-38
9.87921e-36
9.87921e-36
9.48892e-36
3.00859e-35
1.46485e-05
2.94699e-05
9.48892e-36
3.00859e-35
2.94699e-05
1.872e-35
6.00246e-05
5.12516e-35
4.44858e-05
5.98392e-05
9.12073e-05
9.12073e-05
4.44858e-05
6.00246e-05
5.12516e-35
1.872e-35
2.7736e-35
9.24388e-05
7.38047e-35
7.58466e-05
0.000160703
0.000198745
0.000125034
0.000141931
2.7736e-35
9.24388e-05
0.000125034
0.000198745
0.000160703
7.58466e-05
7.38047e-35
3.64649e-35
0.00010938
0.000127232
9.80035e-35
0.000199515
0.000241226
0.00033454
0.000262349
0.00038803
0.000286313
0.00038803
0.000262349
0.00010938
9.80035e-35
0.000127232
3.64649e-35
0.000241226
0.000199515
0.00033454
4.48765e-35
1.23939e-34
0.000145479
0.000164669
0.000285922
0.000334685
0.000506056
0.000415342
0.000164669
1.23939e-34
0.000145479
4.48765e-35
0.000730149
0.000542138
0.000648791
0.000509467
0.000509467
0.000506056
0.000648791
0.000285922
0.000730149
0.000415342
0.000334685
5.29637e-35
0.000204765
1.51539e-34
0.000184279
0.000385572
0.00044173
0.000716856
0.00060635
0.000953837
0.000810792
0.000992845
0.00121689
1.51539e-34
0.000204765
0.000184279
5.29637e-35
0.000385572
0.000716856
0.00044173
0.00060635
0.00100784
0.00134247
0.000953837
0.00134247
0.000992845
0.00121689
0.000810792
6.07279e-35
0.000247294
1.80582e-34
0.000225673
0.000498589
0.000561893
0.000967104
0.000837164
0.00186229
0.00151908
0.00119803
0.00142404
0.00174355
0.00220694
0.00239625
0.00182082
6.07279e-35
0.000247294
1.80582e-34
0.000225673
0.000498589
0.000561893
0.000967104
0.000837164
0.00220694
0.00186229
0.00142404
0.00239625
0.00119803
0.00174355
0.00151908
6.81684e-35
0.000291817
2.10714e-34
0.000269321
0.000624048
0.000693737
0.00125407
0.00110643
0.00193945
0.00266689
0.00224485
0.00167154
0.0027396
0.00333496
0.00384474
0.00306983
0.000269321
6.81684e-35
0.000291817
2.10714e-34
0.00318962
0.00412037
0.00412037
0.00306983
0.000693737
0.00125407
0.000624048
0.00110643
0.00224485
0.00333496
0.00384474
0.00193945
0.00167154
0.0027396
0.00266689
7.52754e-35
0.000337703
2.41466e-34
0.000314682
0.00141013
0.000760132
0.000835016
0.00157261
0.0025305
0.0036199
0.00312575
0.00222548
0.00399687
0.0047177
0.00568918
0.00471806
0.00519834
0.00641373
0.00680015
0.00536231
2.41466e-34
0.000314682
7.52754e-35
0.000337703
0.00157261
0.000835016
0.00141013
0.000760132
0.00680015
0.00641373
0.00519834
0.00471806
0.00312575
0.00222548
0.0025305
0.0036199
0.0047177
0.00568918
0.00399687
8.20263e-35
0.000384172
2.72283e-34
0.000361044
0.000904289
0.0019157
0.00174212
0.00098284
0.000361044
0.000384172
2.72283e-34
8.20263e-35
0.0031841
0.0047014
0.00414616
0.00284892
0.00549781
0.00790298
0.00675213
0.00632968
0.00842973
0.00925727
0.0102485
0.00777144
0.010772
0.00866208
0.00842973
0.010772
0.00098284
0.0019157
0.00174212
0.000904289
0.0047014
0.0031841
0.00414616
0.00284892
0.0102485
0.00925727
0.00632968
0.00777144
0.00790298
0.00549781
0.00675213
8.83852e-35
0.000430325
3.02546e-34
0.000407557
0.0010534
0.00113384
0.00227484
0.00209457
0.000407557
0.000430325
3.02546e-34
8.83852e-35
0.00388367
0.00588428
0.0052823
0.00352696
0.00113384
0.00209457
0.00227484
0.0010534
0.00720994
0.00813218
0.00913358
0.0104371
0.0122462
0.0125963
0.0144141
0.0108712
0.0164136
0.0134352
0.0157264
0.0131338
0.0131338
0.0164136
0.0157264
0.0122462
0.00352696
0.00588428
0.00388367
0.0052823
0.0144141
0.00913358
0.0104371
0.00813218
0.00720994
0.0108712
0.0125963
9.43034e-35
0.00045328
0.000475189
3.31603e-34
0.00120396
0.00128434
0.00264061
0.00245845
0.00461023
0.00713617
0.0065042
0.00424172
0.00045328
0.000475189
3.31603e-34
9.43034e-35
0.00264061
0.00128434
0.00245845
0.00120396
0.00908919
0.0100765
0.0132252
0.0118041
0.00461023
0.0065042
0.00424172
0.00713617
0.0144278
0.0163479
0.0192023
0.0167373
0.0185462
0.0196911
0.0215659
0.0232527
0.0241306
0.0196911
0.0200886
0.0241306
0.0185462
0.0215659
0.0232527
0.0167373
0.0100765
0.0163479
0.0118041
0.00908919
0.0192023
0.0144278
0.0132252
9.9722e-35
3.58791e-34
0.000497213
0.00051776
0.00135221
0.00143051
0.00300301
0.00282399
0.00534326
0.00842125
0.00777753
0.00497336
0.000497213
0.00051776
3.58791e-34
9.9722e-35
0.011083
0.0121069
0.0161881
0.0146903
0.00300301
0.00143051
0.00282399
0.00135221
0.00777753
0.00842125
0.00534326
0.00497336
0.0204081
0.0183471
0.0244848
0.0217905
0.0121069
0.011083
0.0146903
0.0161881
0.0270738
0.0247752
0.0311317
0.0281431
0.0285295
0.0332461
0.0290218
0.0343408
0.0343408
0.0270738
0.0285295
0.0332461
0.0247752
0.0217905
0.0183471
0.0281431
0.0204081
0.0244848
0.0311317
1.04576e-34
0.000557039
3.83468e-34
0.000538349
0.00149432
0.00156851
0.00335195
0.00318109
0.00606165
0.0097019
0.00570101
0.00906537
0.0131334
0.0141635
0.0192386
0.0177084
0.000538349
0.000557039
3.83468e-34
1.04576e-34
0.00156851
0.00335195
0.00318109
0.00149432
0.0301095
0.0246578
0.0225169
0.0272646
0.0097019
0.00606165
0.00906537
0.00570101
0.0177084
0.0131334
0.0141635
0.0192386
0.0398376
0.0353959
0.0316534
0.0352731
0.0225169
0.0301095
0.0246578
0.0272646
0.0400519
0.0382611
0.0461197
0.0435279
0.0474563
0.0406671
0.0400519
0.0474563
0.0353959
0.0398376
0.0352731
0.0382611
0.0461197
0.0435279
0.0316534
1.08798e-34
0.000592074
4.05033e-34
0.000575703
0.00162653
0.00169466
0.00367756
0.00351972
0.00674451
0.00640358
0.0109402
0.0103298
0.0151793
0.0161849
0.0222849
0.0207686
1.08798e-34
4.05033e-34
0.000575703
0.000592074
0.0329981
0.0268131
0.0289696
0.0359082
0.00162653
0.00169466
0.00367756
0.00351972
0.0109402
0.00674451
0.0103298
0.00640358
0.0427449
0.049117
0.0444223
0.0389812
0.0207686
0.0222849
0.0151793
0.0161849
0.0268131
0.0289696
0.0329981
0.0359082
0.0546845
0.0591467
0.0490193
0.0524993
0.049117
0.0427449
0.0389812
0.0444223
0.0554107
0.0546763
0.0638645
0.0622631
0.0546845
0.0638645
0.0591467
0.0622631
0.0524993
0.0546763
0.0490193
1.12323e-34
0.000621995
4.2295e-34
0.00060836
0.00174527
0.00180554
0.0039706
0.00383028
0.00706057
0.00737188
0.0120994
0.0115332
0.0171595
0.0181105
0.0252351
0.0237785
0.00060836
0.000621995
4.2295e-34
1.12323e-34
0.0388183
0.0311061
0.0332127
0.0417049
0.00174527
0.00383028
0.0039706
0.00180554
0.0586905
0.053885
0.0503321
0.0465388
0.00737188
0.0120994
0.0115332
0.00706057
0.0237785
0.0252351
0.0181105
0.0171595
0.0663839
0.0730407
0.0660105
0.0604902
0.0417049
0.0311061
0.0332127
0.0388183
0.0586905
0.0503321
0.0465388
0.053885
0.0727557
0.0701747
0.0783395
0.082022
0.0660105
0.0604902
0.0730407
0.0663839
0.0839094
0.0736365
0.0727557
0.0701747
0.082022
0.0783395
0.0839094
1.15091e-34
0.000646047
4.36765e-34
0.000635499
0.00184733
0.00189812
0.00422268
0.00410392
0.000635499
0.000646047
4.36765e-34
1.15091e-34
0.00765279
0.0079254
0.0131451
0.0126399
0.0190145
0.0198823
0.028
0.0266472
0.0473227
0.0445476
0.0352653
0.037258
0.00410392
0.00184733
0.00422268
0.00189812
0.057803
0.0634965
0.0682659
0.0540961
0.00765279
0.0131451
0.0126399
0.0079254
0.0801822
0.0782697
0.0873815
0.0723276
0.028
0.0198823
0.0266472
0.0190145
0.0473227
0.037258
0.0352653
0.0445476
0.0915921
0.095205
0.101396
0.086708
0.0682659
0.057803
0.0540961
0.0634965
0.0873815
0.0801822
0.0723276
0.0782697
0.0946225
0.0956428
0.107873
0.105682
0.0915921
0.086708
0.095205
0.101396
0.107873
0.0946225
0.105682
1.17053e-34
0.000663612
4.46128e-34
0.000656429
0.00192989
0.00196986
0.00442662
0.00433281
0.0081629
0.00838891
0.0140462
0.013617
0.000656429
0.000663612
4.46128e-34
1.17053e-34
0.00433281
0.00442662
0.00192989
0.00196986
0.0206886
0.0214474
0.0304962
0.0292878
0.0409829
0.0525903
0.0500114
0.0391645
0.0649288
0.0729625
0.0775493
0.0614217
0.0081629
0.013617
0.0140462
0.00838891
0.0899773
0.10173
0.0945823
0.0841692
0.0206886
0.0292878
0.0214474
0.0304962
0.112345
0.121399
0.103776
0.111356
0.0500114
0.0525903
0.0409829
0.0391645
0.0649288
0.0729625
0.0614217
0.0775493
0.120506
0.128529
0.133449
0.117018
0.0945823
0.0899773
0.10173
0.0841692
0.103776
0.121399
0.111356
0.112345
0.121692
0.117018
0.13596
0.13596
0.120506
0.128529
0.133449
1.18173e-34
0.000674239
4.50797e-34
0.000670612
0.0019907
0.00201878
0.00457658
0.00451043
0.008576
0.00874887
0.0147761
0.0144357
0.0221319
0.031621
0.0227591
0.0326486
0.000670612
0.000674239
4.50797e-34
1.18173e-34
0.00201878
0.00451043
0.00457658
0.0019907
0.0144357
0.0147761
0.00874887
0.008576
0.0442747
0.0573478
0.0550432
0.0426854
0.0819926
0.0862566
0.0682917
0.0714923
0.115643
0.108768
0.101147
0.0956512
0.031621
0.0221319
0.0326486
0.0227591
0.120854
0.129231
0.141416
0.131444
0.0426854
0.0442747
0.0550432
0.0573478
0.140142
0.159861
0.146601
0.151753
0.0862566
0.0714923
0.0819926
0.0682917
0.115643
0.101147
0.108768
0.0956512
0.168282
0.150585
0.16544
0.151925
0.120854
0.129231
0.131444
0.141416
0.146601
0.140142
0.168282
0.16544
0.151753
0.150585
0.159861
1.1843e-34
0.000677651
4.50653e-34
0.000677682
0.00202806
0.00204354
0.00466827
0.00463168
0.00888007
0.00899479
0.0153134
0.0150717
0.000677682
0.000677651
4.50653e-34
1.1843e-34
0.0233014
0.034393
0.0335769
0.0237784
0.0470344
0.0614513
0.0594907
0.045722
0.00463168
0.00466827
0.00204354
0.00202806
0.0150717
0.0153134
0.00899479
0.00888007
0.0233014
0.0237784
0.0335769
0.034393
0.090311
0.0744972
0.0941223
0.0772941
0.128696
0.122304
0.111437
0.106422
0.137417
0.145344
0.16083
0.151236
0.0594907
0.045722
0.0470344
0.0614513
0.174637
0.173126
0.186295
0.163284
0.0744972
0.090311
0.0941223
0.0772941
0.184904
0.195409
0.201665
0.180425
0.122304
0.128696
0.111437
0.106422
0.16083
0.145344
0.151236
0.137417
0.204848
0.186422
0.184904
0.204848
0.174637
0.163284
0.201665
0.186295
0.173126
0.180425
0.195409
1.17822e-34
0.000673761
4.45699e-34
0.000677454
0.00204094
0.00204343
0.00469907
0.0046931
0.00906623
0.00911954
0.0156421
0.0155063
0.0241624
0.0244751
0.0356773
0.035097
0.000677454
0.000673761
4.45699e-34
1.17822e-34
0.00204343
0.0046931
0.00469907
0.00204094
0.0491795
0.0647775
0.0632197
0.0481831
0.082159
0.100908
0.0976646
0.07985
0.00911954
0.00906623
0.0155063
0.0156421
0.035097
0.0241624
0.0356773
0.0244751
0.0491795
0.0481831
0.0647775
0.0632197
0.134774
0.140489
0.120535
0.116152
0.152955
0.16019
0.179044
0.170123
0.196475
0.185731
0.211936
0.199265
0.07985
0.0976646
0.082159
0.100908
0.23508
0.224943
0.218433
0.210291
0.116152
0.120535
0.140489
0.134774
0.223435
0.242024
0.245553
0.225115
0.179044
0.170123
0.152955
0.16019
0.185731
0.196475
0.199265
0.211936
0.223435
0.218433
0.245553
0.242024
0.210291
0.224943
0.23508
1.16361e-34
0.00066267
4.36065e-34
0.000669935
0.00202899
0.00201847
0.0046681
0.00469295
0.0157268
0.00912908
0.00911947
0.0157528
0.000669935
0.00066267
4.36065e-34
1.16361e-34
0.0246894
0.0248286
0.0364634
0.0361361
0.050646
0.0672268
0.0661184
0.0499953
0.00201847
0.00469295
0.0046681
0.00202899
0.0157268
0.0157528
0.00912908
0.00911947
0.0859409
0.106408
0.103831
0.0841891
0.128164
0.145799
0.124546
0.150663
0.0361361
0.0364634
0.0248286
0.0246894
0.0661184
0.0499953
0.050646
0.0672268
0.106408
0.0859409
0.0841891
0.103831
0.166994
0.187526
0.195502
0.173316
0.206792
0.216597
0.235995
0.224211
0.251475
0.267494
0.239263
0.253129
0.124546
0.145799
0.150663
0.128164
0.260486
0.266
0.278662
0.2863
0.166994
0.195502
0.187526
0.173316
0.290177
0.290177
0.267863
0.266
0.216597
0.235995
0.206792
0.224211
0.2863
0.278662
0.253129
0.239263
0.267494
0.260486
0.251475
1.14078e-34
0.000644669
4.22e-34
0.000655323
0.00199253
0.00196936
0.00457625
0.00463121
0.0156421
0.0157268
0.0090668
0.0089946
0.0248669
0.0248286
0.036728
0.0366634
0.000655323
0.000644669
4.22e-34
1.14078e-34
0.00196936
0.00463121
0.00457625
0.00199253
0.0513903
0.0687261
0.0681002
0.0511045
0.0885265
0.110459
0.108625
0.0873842
0.0157268
0.0156421
0.0089946
0.0090668
0.0366634
0.0248669
0.036728
0.0248286
0.134095
0.158911
0.131351
0.155045
0.179106
0.202913
0.209701
0.184324
0.0513903
0.0511045
0.0687261
0.0681002
0.0873842
0.108625
0.110459
0.0885265
0.131351
0.155045
0.158911
0.134095
0.225821
0.247197
0.234389
0.257733
0.266446
0.297909
0.279102
0.283011
0.313632
0.296428
0.325829
0.306294
0.179106
0.202913
0.184324
0.209701
0.338382
0.312338
0.314366
0.334158
0.225821
0.234389
0.257733
0.247197
0.312338
0.338382
0.334158
0.306294
0.283011
0.279102
0.266446
0.297909
0.313632
0.296428
0.325829
1.11018e-34
0.000620224
4.03864e-34
0.000633997
0.00193257
0.00189743
0.00442614
0.00450966
0.00874855
0.0153132
0.0155061
0.00888119
0.000633997
0.000620224
4.03864e-34
1.11018e-34
0.0246896
0.024475
0.0364633
0.0366634
0.0513903
0.0692309
0.0514779
0.069106
0.00189743
0.00450966
0.00442614
0.00193257
0.0155061
0.0153132
0.00888119
0.00874855
0.0898389
0.112939
0.111903
0.0893401
0.162233
0.13815
0.164985
0.136362
0.024475
0.0246896
0.0364633
0.0366634
0.0514779
0.069106
0.0692309
0.0513903
0.188925
0.192882
0.215817
0.221213
0.242239
0.249311
0.27649
0.267522
0.0898389
0.112939
0.0893401
0.111903
0.164985
0.13815
0.136362
0.162233
0.221213
0.188925
0.215817
0.192882
0.291009
0.312072
0.302069
0.325392
0.362922
0.345856
0.344753
0.330154
0.362037
0.376137
0.385149
0.355485
0.242239
0.27649
0.249311
0.267522
0.362037
0.389716
0.364248
0.389716
0.325392
0.312072
0.291009
0.302069
0.355485
0.362922
0.345856
0.376137
0.385149
0.330154
0.344753
1.07238e-34
0.000589962
3.82116e-34
0.000606508
0.00185077
0.00433177
0.00180469
0.00422206
0.00838848
0.0147759
0.0150713
0.00857764
0.000606508
0.000589962
3.82116e-34
1.07238e-34
0.0241628
0.0237782
0.0356772
0.036136
0.00180469
0.00433177
0.00422206
0.00185077
0.050646
0.0511044
0.0687262
0.0691061
0.0898389
0.113774
0.113566
0.0899985
0.00857764
0.0150713
0.0147759
0.00838848
0.0237782
0.036136
0.0241628
0.0356772
0.167148
0.140208
0.168704
0.139429
0.198734
0.196157
0.229691
0.22585
0.0511044
0.0687262
0.0691061
0.050646
0.113566
0.113774
0.0898389
0.0899985
0.255551
0.291697
0.284569
0.260913
0.349107
0.312203
0.321331
0.337768
0.168704
0.140208
0.139429
0.167148
0.196157
0.22585
0.229691
0.198734
0.255551
0.260913
0.284569
0.291697
0.380194
0.36063
0.374351
0.39644
0.414822
0.429034
0.407538
0.395972
0.443617
0.416979
0.438714
0.414608
0.337768
0.321331
0.312203
0.349107
0.443617
0.414608
0.438714
0.407538
0.429034
0.380194
0.414822
0.36063
0.395972
0.374351
0.39644
1.02805e-34
0.000554651
3.57298e-34
0.000573558
0.000573558
0.000554651
3.57298e-34
1.02805e-34
0.00174938
0.00396986
0.00410263
0.00169368
0.00792488
0.0140459
0.0144351
0.008165
0.023302
0.0227589
0.0343929
0.0350969
0.00410263
0.00396986
0.00174938
0.00169368
0.0499951
0.0491796
0.0672269
0.0681003
0.0144351
0.0140459
0.00792488
0.008165
0.0885266
0.112939
0.113566
0.0893397
0.140208
0.169956
0.169643
0.140462
0.0227589
0.0350969
0.023302
0.0343929
0.0491796
0.0672269
0.0499951
0.0681003
0.200584
0.201705
0.234882
0.232711
0.265354
0.268846
0.297822
0.302897
0.112939
0.0885266
0.0893397
0.113566
0.140208
0.140462
0.169643
0.169956
0.329386
0.336307
0.368334
0.359321
0.386926
0.425362
0.39825
0.411534
0.200584
0.232711
0.201705
0.234882
0.265354
0.302897
0.268846
0.297822
0.329386
0.368334
0.359321
0.336307
0.468691
0.449469
0.432558
0.449031
0.494199
0.48387
0.461867
0.469423
0.469423
0.47197
0.499427
0.499427
0.386926
0.411534
0.425362
0.39825
0.494199
0.449469
0.461867
0.48387
0.449031
0.468691
0.432558
9.77918e-35
0.00051517
3.30016e-34
0.000535976
0.00163117
0.00156742
0.00367673
0.00382879
0.000535976
0.00051517
3.30016e-34
9.77918e-35
0.00382879
0.00367673
0.00163117
0.00156742
0.00737127
0.0131447
0.0136164
0.0076553
0.0221327
0.0214472
0.0326486
0.0335768
0.0481828
0.0470345
0.0647776
0.0661186
0.0076553
0.00737127
0.0136164
0.0131447
0.0859411
0.110459
0.111903
0.0873834
0.0335768
0.0326486
0.0221327
0.0214472
0.13815
0.168704
0.169643
0.139429
0.202074
0.236629
0.236193
0.201705
0.0481828
0.0647776
0.0470345
0.0661186
0.110459
0.111903
0.0859411
0.0873834
0.272872
0.309754
0.271355
0.306885
0.342041
0.346547
0.382494
0.376078
0.168704
0.139429
0.169643
0.13815
0.201705
0.236193
0.202074
0.236629
0.408247
0.416833
0.448812
0.437819
0.486549
0.50291
0.464128
0.477723
0.306885
0.271355
0.272872
0.309754
0.346547
0.342041
0.382494
0.376078
0.408247
0.448812
0.437819
0.416833
0.539908
0.5238
0.504572
0.517753
0.528494
0.525798
0.550861
0.556402
0.525798
0.556402
0.517753
0.550861
0.464128
0.504572
0.50291
0.477723
0.5238
0.539908
0.486549
9.22699e-35
0.000494685
0.000472476
3.00917e-34
0.00149935
0.00142935
0.00335104
0.00351807
0.00674384
0.012099
0.0126391
0.00706341
0.000494685
0.000472476
3.00917e-34
9.22699e-35
0.00142935
0.00351807
0.00335104
0.00149935
0.0126391
0.012099
0.00674384
0.00706341
0.0206896
0.0198821
0.0304961
0.0316209
0.0457216
0.0442747
0.0614515
0.06322
0.0841879
0.0821593
0.106409
0.108625
0.0198821
0.0316209
0.0206896
0.0304961
0.134095
0.164985
0.167149
0.13636
0.0457216
0.0614515
0.06322
0.0442747
0.236193
0.200583
0.198735
0.234882
0.312062
0.273376
0.272872
0.311485
0.0821593
0.0841879
0.108625
0.106409
0.13636
0.167149
0.164985
0.134095
0.349789
0.391164
0.387536
0.351745
0.423949
0.466083
0.429539
0.458257
0.236193
0.200583
0.198735
0.234882
0.312062
0.272872
0.311485
0.273376
0.530656
0.517649
0.500031
0.489724
0.557291
0.541423
0.560492
0.579351
0.349789
0.391164
0.387536
0.351745
0.423949
0.466083
0.429539
0.458257
0.517649
0.489724
0.530656
0.500031
0.574442
0.607889
0.582934
0.596344
0.613728
0.613728
0.585794
0.582934
0.574442
0.579351
0.596344
0.607889
0.557291
0.560492
0.541423
8.63079e-35
2.70663e-34
0.000450675
0.000427573
0.00135748
0.00128315
0.00300206
0.00317934
0.00606094
0.0109398
0.0115323
0.00640665
0.000450675
0.000427573
2.70663e-34
8.63079e-35
0.0190155
0.0181102
0.028
0.0292877
0.00128315
0.00317934
0.00300206
0.00135748
0.00640665
0.00606094
0.0115323
0.0109398
0.0181102
0.0292877
0.028
0.0190155
0.0426849
0.0409829
0.057348
0.0594911
0.0772944
0.100908
0.103832
0.0798485
0.128164
0.158911
0.162234
0.131349
0.0426849
0.0594911
0.057348
0.0409829
0.196155
0.229692
0.232711
0.192883
0.100908
0.103832
0.0772944
0.0798485
0.268846
0.309754
0.271354
0.311485
0.394083
0.352397
0.351745
0.393352
0.158911
0.128164
0.131349
0.162234
0.232711
0.196155
0.229692
0.192883
0.472231
0.433562
0.435988
0.476657
0.515285
0.54183
0.508576
0.551091
0.268846
0.309754
0.271354
0.311485
0.394083
0.351745
0.352397
0.393352
0.611331
0.596339
0.583332
0.571301
0.634493
0.616417
0.631075
0.652318
0.433562
0.476657
0.472231
0.435988
0.551091
0.54183
0.508576
0.515285
0.571301
0.596339
0.583332
0.611331
0.643004
0.640011
0.664422
0.670541
0.670541
0.640011
0.631075
0.652318
0.664422
0.634493
0.616417
7.99659e-35
0.000381468
2.39908e-34
0.000404956
0.000404956
0.000381468
2.39908e-34
7.99659e-35
0.00120931
0.00113265
0.00263965
0.00282218
0.00534253
0.00970142
0.0103288
0.00570422
0.0171606
0.0161847
0.0252351
0.026647
0.00282218
0.00263965
0.00120931
0.00113265
0.0391639
0.0372581
0.0525905
0.0550436
0.0103288
0.00534253
0.00970142
0.00570422
0.0252351
0.0161847
0.026647
0.0171606
0.0391639
0.0550436
0.0525905
0.0372581
0.0744954
0.0714926
0.0941227
0.0976654
0.120535
0.150663
0.155046
0.124543
0.188923
0.225851
0.184325
0.221214
0.0941227
0.0976654
0.0714926
0.0744954
0.260914
0.306885
0.265352
0.302897
0.120535
0.124543
0.155046
0.150663
0.391164
0.393352
0.349788
0.346548
0.479325
0.436798
0.480217
0.435988
0.225851
0.188923
0.184325
0.221214
0.306885
0.265352
0.260914
0.302897
0.523028
0.563601
0.558365
0.520117
0.601138
0.624211
0.634885
0.593306
0.346548
0.349788
0.393352
0.391164
0.480217
0.435988
0.436798
0.479325
0.688342
0.664154
0.671454
0.650451
0.686796
0.696125
0.719565
0.706942
0.520117
0.523028
0.558365
0.563601
0.593306
0.601138
0.634885
0.624211
0.664154
0.688342
0.650451
0.671454
0.699265
0.725944
0.725944
0.696125
0.706942
0.719565
0.686796
7.32914e-35
0.00033513
2.09266e-34
0.000358527
7.32914e-35
0.000358527
0.00033513
2.09266e-34
0.00105866
0.000981689
0.0022739
0.00245665
0.00245665
0.0022739
0.00105866
0.000981689
0.00497662
0.0046095
0.00842076
0.00906443
0.0151805
0.0141632
0.0222848
0.0237784
0.0352647
0.0332127
0.0473229
0.0500118
0.00906443
0.00842076
0.0046095
0.00497662
0.0682897
0.0649292
0.0862571
0.0903119
0.0141632
0.0237784
0.0222848
0.0151805
0.0352647
0.0500118
0.0473229
0.0332127
0.0649292
0.0682897
0.0903119
0.0862571
0.111438
0.140489
0.1458
0.116149
0.179103
0.209702
0.173317
0.215819
0.297823
0.255548
0.249312
0.291698
0.111438
0.140489
0.1458
0.116149
0.387537
0.336307
0.342039
0.382495
0.173317
0.215819
0.209702
0.179103
0.476657
0.479325
0.429539
0.433561
0.523028
0.566758
0.567813
0.524002
0.297823
0.291698
0.249312
0.255548
0.342039
0.387537
0.336307
0.382495
0.649305
0.606778
0.610176
0.64327
0.684437
0.714873
0.70285
0.675517
0.476657
0.433561
0.429539
0.479325
0.524002
0.566758
0.523028
0.567813
0.724729
0.740681
0.759315
0.740003
0.750397
0.753649
0.772415
0.779033
0.610176
0.606778
0.64327
0.649305
0.714873
0.675517
0.70285
0.684437
0.779033
0.724729
0.772415
0.750397
0.740681
0.759315
0.740003
0.000312327
0.000289452
1.79289e-34
6.63171e-35
6.63171e-35
0.000289452
1.79289e-34
0.000312327
0.00090929
0.000833938
0.00191479
0.00209282
0.00090929
0.000833938
0.00209282
0.00191479
0.00388297
0.00713569
0.0077766
0.00424493
0.0077766
0.00713569
0.00388297
0.00424493
0.0131346
0.0121066
0.0192385
0.0207685
0.0311054
0.0289697
0.0417051
0.0445481
0.0614195
0.0578034
0.0775498
0.0819937
0.0192385
0.0121066
0.0207685
0.0131346
0.106418
0.101148
0.128697
0.134775
0.0289697
0.0311054
0.0445481
0.0417051
0.0775498
0.0614195
0.0819937
0.0578034
0.106418
0.134775
0.128697
0.101148
0.202914
0.16699
0.160191
0.195502
0.28457
0.242236
0.276491
0.23439
0.376079
0.321331
0.368334
0.329383
0.202914
0.195502
0.16699
0.160191
0.472232
0.416833
0.466083
0.423946
0.28457
0.23439
0.242236
0.276491
0.515286
0.563601
0.520116
0.566758
0.652944
0.65416
0.611314
0.610176
0.376079
0.368334
0.321331
0.329383
0.416833
0.423946
0.472232
0.466083
0.694732
0.731117
0.724318
0.690862
0.76261
0.775324
0.788592
0.752667
0.520116
0.563601
0.566758
0.515286
0.610176
0.611314
0.652944
0.65416
0.791855
0.808548
0.822079
0.801899
0.801899
0.80528
0.828914
0.828914
0.724318
0.690862
0.731117
0.694732
0.76261
0.788592
0.775324
0.822079
0.808548
0.752667
0.791855
0.000267197
0.000245207
1.50438e-34
5.90588e-35
0.00174048
0.00157178
0.000764732
0.000692765
5.90588e-35
0.000245207
1.50438e-34
0.000267197
0.000764732
0.000692765
0.00157178
0.00174048
0.00318343
0.00588382
0.00650329
0.00353002
0.00588382
0.00318343
0.00353002
0.00650329
0.0110842
0.0100762
0.0161881
0.0177083
0.0100762
0.0177083
0.0161881
0.0110842
0.0268125
0.0246579
0.0359085
0.0388188
0.0540937
0.0503326
0.0682664
0.0729636
0.089978
0.115644
0.122305
0.0956477
0.0246579
0.0268125
0.0388188
0.0359085
0.152951
0.145345
0.179045
0.187527
0.0503326
0.0682664
0.0540937
0.0729636
0.115644
0.0956477
0.122305
0.089978
0.145345
0.187527
0.152951
0.179045
0.216598
0.225816
0.257734
0.267524
0.359322
0.302069
0.349107
0.312199
0.448813
0.398251
0.458258
0.408243
0.267524
0.257734
0.216598
0.225816
0.500032
0.558366
0.551091
0.508573
0.302069
0.312199
0.359322
0.349107
0.649305
0.601138
0.652944
0.606777
0.696029
0.736586
0.735215
0.694732
0.458258
0.448813
0.408243
0.398251
0.558366
0.508573
0.500032
0.551091
0.799014
0.769772
0.774085
0.806516
0.833255
0.822389
0.853783
0.839416
0.649305
0.606777
0.601138
0.652944
0.696029
0.736586
0.735215
0.694732
0.853248
0.867697
0.84978
0.874724
0.84978
0.867697
0.839416
0.874724
0.799014
0.774085
0.806516
0.769772
0.853783
0.833255
0.822389
0.000223838
0.00020301
1.23057e-34
5.15165e-35
0.00140865
0.00125333
0.000628118
0.000561054
5.15165e-35
0.00020301
1.23057e-34
0.000223838
0.00528145
0.00470097
0.0025299
0.00285175
0.000628118
0.000561054
0.00125333
0.00140865
0.0025299
0.00470097
0.00528145
0.00285175
0.00909034
0.00813191
0.0132251
0.0146901
0.0146901
0.0132251
0.00909034
0.00813191
0.0225162
0.0204081
0.0301098
0.0329987
0.0225162
0.0329987
0.0301098
0.0204081
0.0465365
0.0427453
0.0586911
0.0634977
0.0841654
0.0782704
0.10173
0.10877
0.137412
0.129232
0.160831
0.170125
0.0586911
0.0465365
0.0634977
0.0427453
0.247199
0.206787
0.235996
0.196476
0.0782704
0.10173
0.10877
0.0841654
0.129232
0.170125
0.160831
0.137412
0.247199
0.196476
0.206787
0.235996
0.325393
0.279103
0.33777
0.291004
0.425363
0.437821
0.374352
0.386922
0.541832
0.477723
0.530657
0.489721
0.279103
0.33777
0.325393
0.291004
0.583332
0.634885
0.64327
0.593304
0.374352
0.425363
0.437821
0.386922
0.684437
0.731117
0.690861
0.735216
0.77553
0.774085
0.811038
0.81255
0.489721
0.477723
0.541832
0.530657
0.64327
0.593304
0.634885
0.583332
0.865069
0.873193
0.845796
0.841083
0.893174
0.882554
0.894217
0.908464
0.690861
0.731117
0.684437
0.735216
0.81255
0.77553
0.774085
0.811038
0.896746
0.893174
0.915657
0.915657
0.865069
0.845796
0.882554
0.908464
0.841083
0.873193
0.894217
0.000182777
0.000163284
9.73547e-35
4.36775e-35
0.00110514
0.00096648
0.000502026
0.000441043
4.36775e-35
0.000163284
9.73547e-35
0.000182777
0.00414538
0.00361952
0.00193893
0.002228
0.000502026
0.000441043
0.00096648
0.00110514
0.0118039
0.010437
0.00721102
0.00632943
0.00193893
0.00361952
0.00414538
0.002228
0.00721102
0.00632943
0.010437
0.0118039
0.0183465
0.016348
0.0244851
0.0272651
0.0183465
0.0272651
0.0244851
0.016348
0.0389789
0.0352735
0.0491175
0.0538861
0.0352735
0.0389789
0.0538861
0.0491175
0.0663846
0.0873823
0.0945839
0.0723238
0.120849
0.112346
0.141417
0.151238
0.185726
0.224213
0.174638
0.211937
0.0663846
0.0945839
0.0873823
0.0723238
0.25313
0.312074
0.29791
0.26644
0.112346
0.141417
0.151238
0.120849
0.211937
0.174638
0.224213
0.185726
0.29791
0.25313
0.26644
0.312074
0.411536
0.345857
0.396441
0.360624
0.449032
0.517651
0.502911
0.464123
0.557292
0.611332
0.624212
0.571297
0.396441
0.411536
0.345857
0.360624
0.714874
0.664155
0.675514
0.724319
0.517651
0.464123
0.449032
0.502911
0.76261
0.806516
0.769771
0.811038
0.879728
0.847377
0.845796
0.87809
0.624212
0.557292
0.571297
0.611332
0.714874
0.675514
0.724319
0.664155
0.90262
0.920474
0.92912
0.907679
0.943647
0.931338
0.934972
0.95098
0.811038
0.76261
0.806516
0.769771
0.847377
0.87809
0.845796
0.879728
0.907679
0.920474
0.92912
0.931338
0.95098
0.943647
0.90262
0.000144331
0.000126229
7.33873e-35
3.55228e-35
0.000836096
0.000716355
0.000388313
0.00033416
3.55228e-35
0.000126229
7.33873e-35
0.000144331
0.00312505
0.00266655
0.0014236
0.00167371
0.000388313
0.00033416
0.000716355
0.000836096
0.00913341
0.00790289
0.00549882
0.00471747
0.0014236
0.00266655
0.00312505
0.00167371
0.0144273
0.021791
0.0192025
0.0125963
0.00549882
0.00471747
0.00790289
0.00913341
0.0144273
0.0125963
0.0192025
0.021791
0.0316512
0.0281435
0.0398381
0.0444234
0.0316512
0.0444234
0.0281435
0.0398381
0.0604865
0.0546852
0.0730415
0.0801839
0.0730415
0.0546852
0.0604865
0.0801839
0.103771
0.0952059
0.1214
0.131446
0.199267
0.163279
0.151754
0.186297
0.267495
0.283013
0.224944
0.239256
0.0952059
0.131446
0.1214
0.103771
0.313633
0.362923
0.380196
0.330148
0.186297
0.151754
0.199267
0.163279
0.267495
0.224944
0.283013
0.239256
0.313633
0.362923
0.330148
0.380196
0.486551
0.468692
0.414823
0.432553
0.523801
0.579352
0.59634
0.541418
0.688342
0.650447
0.702851
0.634493
0.486551
0.468692
0.414823
0.432553
0.752665
0.740003
0.799014
0.788592
0.579352
0.541418
0.523801
0.59634
0.873193
0.833255
0.841082
0.878091
0.936075
0.934332
0.909376
0.907679
0.634493
0.688342
0.650447
0.702851
0.788592
0.799014
0.752665
0.740003
0.963554
0.972606
0.952515
0.957854
0.967267
0.980053
0.980053
0.963554
0.841082
0.873193
0.878091
0.833255
0.934332
0.972606
0.909376
0.936075
0.957854
0.952515
0.907679
0.000108585
9.18015e-05
5.10448e-35
2.70374e-35
2.70374e-35
9.18015e-05
5.10448e-35
0.000108585
0.000605513
0.000505681
0.00028795
0.000240862
0.00224424
0.001862
0.000992494
0.00119982
0.00028795
0.000240862
0.000505681
0.000605513
0.00333475
0.00675195
0.00568907
0.00399782
0.000992494
0.001862
0.00224424
0.00119982
0.0108708
0.0167377
0.0144143
0.00925728
0.00399782
0.00333475
0.00568907
0.00675195
0.0247733
0.0353969
0.0311322
0.0215662
0.0108708
0.00925728
0.0144143
0.0167377
0.0247733
0.0215662
0.0311322
0.0353969
0.0490158
0.0435285
0.0591475
0.0660121
0.0490158
0.0660121
0.0591475
0.0435285
0.0867031
0.0783404
0.101397
0.111358
0.111358
0.0783404
0.101397
0.0867031
0.173129
0.140136
0.159862
0.128531
0.195411
0.210285
0.251477
0.235081
0.278664
0.344755
0.32583
0.296422
0.159862
0.128531
0.173129
0.140136
0.376138
0.449471
0.429035
0.395966
0.195411
0.235081
0.210285
0.251477
0.32583
0.278664
0.344755
0.296422
0.449471
0.376138
0.429035
0.395966
0.560494
0.483871
0.539909
0.504567
0.652319
0.596344
0.671455
0.616413
0.724726
0.706943
0.759316
0.775325
0.483871
0.539909
0.560494
0.504567
0.808548
0.865069
0.822388
0.853783
0.596344
0.671455
0.616413
0.652319
0.894217
0.929121
0.902619
0.934332
0.979887
0.957854
0.959646
0.978062
0.724726
0.775325
0.759316
0.706943
0.822388
0.853783
0.808548
0.865069
1.00234
0.993012
0.989264
0.99481
0.99481
0.978062
0.989264
1.00234
0.929121
0.902619
0.894217
0.934332
0.959646
0.979887
0.957854
1.82244e-35
5.97024e-05
3.00465e-35
7.537e-05
7.537e-05
5.97024e-05
3.00465e-35
1.82244e-35
0.000414729
0.000334282
0.000200873
0.000160484
0.000200873
0.000160484
0.000334282
0.000414729
0.00151856
0.00121665
0.000648523
0.000812216
0.00471785
0.00384462
0.0027405
0.00220674
0.000648523
0.00121665
0.000812216
0.00151856
0.00777128
0.0122464
0.0102486
0.0064137
0.0027405
0.00220674
0.00384462
0.00471785
0.0185446
0.0270747
0.0157266
0.023253
0.00777128
0.0064137
0.0102486
0.0122464
0.038258
0.0525008
0.0461204
0.0332466
0.0185446
0.0157266
0.023253
0.0270747
0.038258
0.0332466
0.0461204
0.0525008
0.07017
0.0622639
0.082023
0.0915941
0.07017
0.0915941
0.0622639
0.082023
0.105683
0.133451
0.117012
0.146603
0.105683
0.146603
0.133451
0.117012
0.201666
0.218435
0.165441
0.180418
0.242025
0.306296
0.260479
0.286301
0.334159
0.38515
0.40754
0.355478
0.201666
0.165441
0.218435
0.180418
0.438716
0.517755
0.4942
0.461861
0.286301
0.242025
0.260479
0.306296
0.40754
0.334159
0.38515
0.355478
0.4942
0.438716
0.517755
0.461861
0.60789
0.631077
0.550862
0.574437
0.719566
0.664423
0.740682
0.686792
0.791852
0.82208
0.839416
0.772416
0.550862
0.631077
0.574437
0.60789
0.882553
0.908464
0.867698
0.920475
0.686792
0.719566
0.740682
0.664423
0.952515
0.978062
0.943647
0.972606
1.00985
0.99481
1.00796
0.996671
0.772416
0.791852
0.839416
0.82208
0.882553
0.920475
0.908464
0.867698
1.00796
1.01176
1.01743
1.01743
0.972606
1.00985
0.996671
0.978062
0.952515
0.943647
0.99481
4.42587e-05
2.93728e-05
9.94141e-36
9.12518e-36
9.12518e-36
2.93728e-05
9.94141e-36
4.42587e-05
0.000125831
9.11004e-05
0.000198581
0.000261929
0.000261929
0.000198581
0.000125831
9.11004e-05
0.000953388
0.000729937
0.000387829
0.000510573
0.000387829
0.000510573
0.000729937
0.000953388
0.00306957
0.00239609
0.00174445
0.00134228
0.00519845
0.00842987
0.00680017
0.00412029
0.00174445
0.00134228
0.00239609
0.00306957
0.0131327
0.0196918
0.0164138
0.0107722
0.00519845
0.00412029
0.00680017
0.00842987
0.0285268
0.0400532
0.0343414
0.024131
0.0131327
0.0107722
0.0164138
0.0196918
0.0546721
0.0727575
0.0638654
0.047457
0.0285268
0.024131
0.0343414
0.0400532
0.0727575
0.0546721
0.047457
0.0638654
0.0839103
0.107874
0.120509
0.094617
0.094617
0.120509
0.0839103
0.107874
0.184907
0.135961
0.150579
0.168284
0.184907
0.135961
0.168284
0.150579
0.204849
0.245554
0.266002
0.223428
0.290178
0.338384
0.362039
0.312331
0.443619
0.469425
0.389717
0.414602
0.245554
0.204849
0.266002
0.223428
0.499429
0.582936
0.556403
0.525793
0.362039
0.338384
0.290178
0.312331
0.389717
0.469425
0.414602
0.443619
0.499429
0.582936
0.556403
0.525793
0.640006
0.613729
0.670541
0.696126
0.750393
0.725945
0.801901
0.779034
0.893174
0.828914
0.849777
0.874724
0.670541
0.696126
0.613729
0.640006
0.963555
0.95098
0.931336
0.915657
0.725945
0.779034
0.750393
0.801901
0.980053
0.989264
1.00796
1.00234
1.02314
1.01934
1.01743
1.02505
0.874724
0.828914
0.849777
0.893174
0.915657
0.931336
0.963555
0.95098
1.01743
1.00796
1.01934
1.02505
0.980053
1.00234
0.989264
-1.60595e-37
1.45644e-05
1.45644e-05
-1.60595e-37
0.000141646
6.02631e-05
6.02631e-05
0.000141646
0.000541729
0.000287196
0.000287196
0.000541729
0.00100879
0.00182049
0.00100879
0.00182049
0.00319008
0.00536227
0.00866151
0.0134356
0.00319008
0.00536227
0.0200866
0.0290228
0.0134356
0.00866151
0.0406637
0.0554123
0.0290228
0.0200866
0.0736316
0.0956449
0.0406637
0.0554123
0.0736316
0.0956449
0.121686
0.151928
0.121686
0.151928
0.186415
0.225118
0.225118
0.186415
0.267856
0.314369
0.364241
0.416981
0.528496
0.471963
0.314369
0.267856
0.643006
0.585789
0.416981
0.364241
0.471963
0.528496
0.643006
0.585789
0.699261
0.753651
0.853249
0.805277
0.934973
0.896744
0.699261
0.753651
0.993012
0.967266
0.853249
0.805277
1.02314
1.01176
1.02697
1.02314
0.896744
0.934973
0.967266
1.01176
0.993012
0.0839103
0.204849
0.168284
2.93728e-05
0.107874
0.135961
0.107874
0.135961
0.0839103
0.000729937
0.00134228
0.0638654
0.168284
0.00412029
0.047457
0.0343414
0.204849
0.024131
0.0164138
0.245554
0.0107722
0.00680017
0.290178
0.00239609
0.338384
0.389717
0.000387829
0.000198581
0.443619
9.11004e-05
0.499429
0.556403
2.93728e-05
0.245554
0.290178
0.613729
0.670541
0.389717
0.725945
9.11004e-05
0.779034
0.828914
0.000198581
0.874724
0.915657
0.000387829
0.95098
0.980053
0.000729937
0.828914
1.00234
0.874724
1.01743
0.00134228
1.02505
1.02505
0.00239609
1.01743
1.00234
0.00412029
0.980053
0.95098
0.00680017
0.915657
0.0107722
0.779034
0.0164138
0.725945
0.670541
0.024131
0.613729
0.556403
0.0343414
0.499429
0.443619
0.047457
0.338384
0.0638654
9.94141e-36
9.94141e-36
9.12518e-36
4.42587e-05
4.42587e-05
9.12518e-36
0.000261929
0.000125831
0.000125831
0.000261929
0.000510573
0.000953388
0.000510573
0.000953388
0.00306957
0.00174445
0.00174445
0.00306957
0.00842987
0.00519845
0.0196918
0.0131327
0.00519845
0.00842987
0.0285268
0.0400532
0.0196918
0.0131327
0.0727575
0.0546721
0.0285268
0.0400532
0.094617
0.120509
0.0546721
0.0727575
0.094617
0.120509
0.184907
0.150579
0.184907
0.150579
0.223428
0.266002
0.266002
0.223428
0.362039
0.312331
0.469425
0.414602
0.525793
0.582936
0.312331
0.362039
0.696126
0.640006
0.469425
0.414602
0.582936
0.525793
0.640006
0.696126
0.750393
0.801901
0.893174
0.849777
0.931336
0.963555
0.801901
0.750393
1.00796
0.989264
0.893174
0.849777
1.02314
1.01934
1.01934
1.00796
0.963555
0.931336
0.989264
0.165441
0.133451
0.133451
0.105683
0.165441
0.082023
0.000334282
0.0622639
0.0461204
0.201666
0.0332466
0.242025
0.023253
0.0157266
0.0102486
0.286301
0.0064137
0.334159
0.00384462
0.00220674
0.00121665
0.38515
0.000648523
0.438716
0.000160484
5.97024e-05
0.4942
0.550862
5.97024e-05
0.60789
0.201666
0.664423
0.719566
0.286301
0.000160484
0.772416
0.82208
0.438716
0.867698
0.000334282
0.908464
0.000648523
0.943647
0.972606
0.99481
0.719566
0.00121665
1.00985
0.00220674
0.867698
1.01743
1.01743
1.00985
0.00384462
0.99481
0.0064137
0.972606
0.943647
0.908464
0.0102486
0.0157266
0.82208
0.772416
0.023253
0.664423
0.0332466
0.60789
0.550862
0.4942
0.0461204
0.0622639
0.38515
0.334159
0.082023
0.242025
0.105683
3.00465e-35
3.00465e-35
1.82244e-35
7.537e-05
7.537e-05
1.82244e-35
0.000414729
0.000200873
0.000200873
0.000414729
0.000812216
0.00151856
0.00151856
0.000812216
0.00471785
0.0027405
0.0027405
0.00471785
0.0122464
0.00777128
0.0185446
0.0270747
0.00777128
0.0122464
0.038258
0.0525008
0.0270747
0.0185446
0.07017
0.0915941
0.0525008
0.038258
0.146603
0.117012
0.07017
0.0915941
0.146603
0.117012
0.180418
0.218435
0.218435
0.180418
0.306296
0.260479
0.260479
0.306296
0.40754
0.355478
0.517755
0.461861
0.574437
0.631077
0.40754
0.355478
0.686792
0.740682
0.461861
0.517755
0.631077
0.574437
0.686792
0.740682
0.791852
0.839416
0.882553
0.920475
0.952515
0.978062
0.839416
0.791852
1.00796
0.996671
0.882553
0.920475
1.01176
1.00796
0.996671
0.952515
0.978062
0.159862
0.101397
0.195411
9.18015e-05
0.0783404
0.0591475
0.0435285
0.235081
0.0311322
0.001862
0.00333475
0.278664
0.0215662
0.0144143
0.00925728
0.32583
0.00568907
0.376138
0.000992494
0.429035
0.000505681
0.483871
0.000240862
0.539909
0.596344
9.18015e-05
0.652319
0.159862
0.706943
0.000240862
0.759316
0.808548
0.853783
0.32583
0.376138
0.000505681
0.894217
0.000992494
0.929121
0.957854
0.979887
0.001862
0.652319
0.99481
0.00333475
0.759316
0.808548
1.00234
1.00234
0.99481
0.00568907
0.979887
0.00925728
0.957854
0.929121
0.894217
0.0144143
0.853783
0.0215662
0.706943
0.0311322
0.0435285
0.596344
0.539909
0.483871
0.0591475
0.429035
0.0783404
0.278664
0.101397
0.235081
0.128531
0.195411
0.128531
5.10448e-35
5.10448e-35
2.70374e-35
0.000108585
0.000108585
2.70374e-35
0.00028795
0.000605513
0.00028795
0.000605513
0.00119982
0.00224424
0.00224424
0.00119982
0.00675195
0.00399782
0.00399782
0.00675195
0.0108708
0.0167377
0.0247733
0.0353969
0.0108708
0.0167377
0.0490158
0.0660121
0.0353969
0.0247733
0.111358
0.0867031
0.0490158
0.0660121
0.173129
0.140136
0.0867031
0.111358
0.173129
0.140136
0.251477
0.210285
0.251477
0.210285
0.296422
0.344755
0.344755
0.296422
0.449471
0.395966
0.560494
0.504567
0.616413
0.671455
0.395966
0.449471
0.724726
0.775325
0.504567
0.560494
0.671455
0.616413
0.724726
0.775325
0.865069
0.822388
0.902619
0.934332
0.959646
0.978062
0.822388
0.865069
0.993012
0.989264
0.934332
0.902619
0.989264
0.978062
0.959646
0.224944
0.0546852
0.0398381
0.267495
0.0281435
0.0192025
0.313633
0.0125963
0.00790289
0.362923
0.00471747
0.00266655
0.414823
0.0014236
0.000716355
0.468692
0.00033416
0.000126229
0.523801
0.579352
0.000126229
0.0730415
0.0952059
0.634493
0.688342
0.151754
0.740003
0.00033416
0.788592
0.833255
0.000716355
0.873193
0.907679
0.0014236
0.936075
0.957854
0.00266655
0.523801
0.972606
0.579352
0.980053
0.00471747
0.980053
0.972606
0.00790289
0.788592
0.833255
0.957854
0.936075
0.0125963
0.907679
0.873193
0.0192025
0.0281435
0.740003
0.688342
0.0398381
0.634493
0.0546852
0.468692
0.0730415
0.414823
0.362923
0.0952059
0.313633
0.267495
0.1214
0.224944
0.186297
0.151754
0.1214
0.186297
7.33873e-35
7.33873e-35
3.55228e-35
0.000144331
0.000144331
3.55228e-35
0.000836096
0.000388313
0.000388313
0.000836096
0.00312505
0.00167371
0.00167371
0.00312505
0.00913341
0.00549882
0.00549882
0.00913341
0.021791
0.0144273
0.0316512
0.0444234
0.021791
0.0144273
0.0801839
0.0604865
0.0316512
0.0444234
0.131446
0.103771
0.0801839
0.0604865
0.199267
0.163279
0.131446
0.103771
0.163279
0.199267
0.283013
0.239256
0.239256
0.283013
0.380196
0.330148
0.330148
0.380196
0.486551
0.432553
0.59634
0.541418
0.650447
0.702851
0.432553
0.486551
0.799014
0.752665
0.541418
0.59634
0.702851
0.650447
0.799014
0.752665
0.841082
0.878091
0.909376
0.934332
0.952515
0.963554
0.878091
0.841082
0.963554
0.967267
0.909376
0.952515
0.934332
0.0352735
0.0244851
0.29791
0.016348
0.345857
0.010437
0.00632943
0.00361952
0.396441
0.00193893
0.449032
0.00096648
0.000441043
0.000163284
0.502911
0.557292
0.000163284
0.611332
0.0491175
0.664155
0.714874
0.0873823
0.000441043
0.76261
0.806516
0.174638
0.845796
0.00096648
0.879728
0.00193893
0.907679
0.92912
0.943647
0.396441
0.00361952
0.95098
0.00632943
0.557292
0.95098
0.943647
0.92912
0.010437
0.714874
0.907679
0.016348
0.879728
0.845796
0.806516
0.0244851
0.76261
0.0352735
0.664155
0.611332
0.0491175
0.0663846
0.502911
0.449032
0.0873823
0.345857
0.112346
0.29791
0.25313
0.211937
0.141417
0.174638
0.141417
0.112346
0.211937
0.0663846
0.25313
9.73547e-35
9.73547e-35
4.36775e-35
0.000182777
0.000182777
4.36775e-35
0.00110514
0.000502026
0.000502026
0.00110514
0.00414538
0.002228
0.00414538
0.002228
0.00721102
0.0118039
0.00721102
0.0118039
0.0183465
0.0272651
0.0389789
0.0538861
0.0183465
0.0272651
0.0945839
0.0723238
0.0538861
0.0389789
0.151238
0.120849
0.0945839
0.0723238
0.224213
0.185726
0.151238
0.120849
0.185726
0.224213
0.312074
0.26644
0.312074
0.26644
0.411536
0.360624
0.411536
0.360624
0.517651
0.464123
0.571297
0.624212
0.724319
0.675514
0.464123
0.517651
0.769771
0.811038
0.624212
0.571297
0.675514
0.724319
0.811038
0.769771
0.87809
0.847377
0.920474
0.90262
0.931338
0.934972
0.847377
0.87809
0.920474
0.931338
0.90262
0.325393
0.0132251
0.374352
0.00813191
0.00470097
0.0025299
0.425363
0.00125333
0.477723
0.000561054
0.00020301
0.530657
0.583332
0.00020301
0.634885
0.0301098
0.684437
0.000561054
0.731117
0.774085
0.81255
0.10173
0.129232
0.00125333
0.845796
0.0025299
0.873193
0.894217
0.908464
0.00470097
0.325393
0.915657
0.00813191
0.425363
0.477723
0.915657
0.908464
0.894217
0.0132251
0.634885
0.873193
0.0204081
0.845796
0.81255
0.774085
0.0301098
0.731117
0.0427453
0.684437
0.583332
0.0586911
0.530657
0.0782704
0.374352
0.10173
0.129232
0.279103
0.235996
0.196476
0.160831
0.160831
0.196476
0.0782704
0.235996
0.0586911
0.279103
0.0427453
0.0204081
1.23057e-34
1.23057e-34
5.15165e-35
0.000223838
0.000223838
5.15165e-35
0.000628118
0.00140865
0.000628118
0.00140865
0.00528145
0.00285175
0.00285175
0.00528145
0.00909034
0.0146901
0.00909034
0.0146901
0.0329987
0.0225162
0.0634977
0.0465365
0.0225162
0.0329987
0.0841654
0.10877
0.0465365
0.0634977
0.137412
0.170125
0.0841654
0.10877
0.206787
0.247199
0.170125
0.137412
0.206787
0.247199
0.33777
0.291004
0.33777
0.291004
0.437821
0.386922
0.386922
0.437821
0.541832
0.489721
0.64327
0.593304
0.690861
0.735216
0.489721
0.541832
0.811038
0.77553
0.64327
0.593304
0.690861
0.735216
0.811038
0.77553
0.865069
0.841083
0.893174
0.882554
0.896746
0.893174
0.841083
0.882554
0.865069
0.398251
0.00318343
0.00157178
0.448813
0.000692765
0.000245207
0.500032
0.551091
0.000245207
0.00588382
0.0100762
0.601138
0.649305
0.0246579
0.694732
0.000692765
0.736586
0.774085
0.00157178
0.806516
0.833255
0.00318343
0.853783
0.867697
0.00588382
0.216598
0.874724
0.257734
0.874724
0.0100762
0.867697
0.853783
0.0161881
0.448813
0.500032
0.833255
0.806516
0.0246579
0.774085
0.736586
0.0359085
0.694732
0.649305
0.0503326
0.601138
0.551091
0.0682664
0.089978
0.398251
0.349107
0.115644
0.302069
0.145345
0.179045
0.179045
0.145345
0.115644
0.216598
0.089978
0.0682664
0.257734
0.0503326
0.0359085
0.302069
0.0161881
0.349107
1.50438e-34
1.50438e-34
5.90588e-35
0.000267197
0.000267197
5.90588e-35
0.00174048
0.000764732
0.000764732
0.00174048
0.00353002
0.00650329
0.00650329
0.00353002
0.0177083
0.0110842
0.0110842
0.0177083
0.0268125
0.0388188
0.0540937
0.0729636
0.0268125
0.0388188
0.122305
0.0956477
0.0729636
0.0540937
0.152951
0.187527
0.0956477
0.122305
0.225816
0.267524
0.152951
0.187527
0.267524
0.225816
0.359322
0.312199
0.312199
0.359322
0.408243
0.458258
0.458258
0.408243
0.558366
0.508573
0.652944
0.606777
0.735215
0.696029
0.558366
0.508573
0.769772
0.799014
0.652944
0.606777
0.696029
0.735215
0.799014
0.769772
0.822389
0.839416
0.853248
0.84978
0.84978
0.839416
0.822389
0.000833938
0.000289452
0.466083
0.515286
0.000289452
0.563601
0.00191479
0.610176
0.65416
0.00713569
0.000833938
0.694732
0.731117
0.0289697
0.76261
0.00191479
0.788592
0.00388297
0.808548
0.822079
0.828914
0.128697
0.00713569
0.828914
0.0121066
0.23439
0.822079
0.808548
0.788592
0.0192385
0.368334
0.76261
0.0289697
0.731117
0.694732
0.65416
0.0417051
0.610176
0.0578034
0.563601
0.515286
0.466083
0.0775498
0.416833
0.101148
0.321331
0.276491
0.128697
0.160191
0.195502
0.160191
0.195502
0.101148
0.23439
0.0775498
0.0578034
0.0417051
0.276491
0.321331
0.0192385
0.0121066
0.368334
0.00388297
0.416833
1.79289e-34
1.79289e-34
6.63171e-35
0.000312327
0.000312327
6.63171e-35
0.00090929
0.00209282
0.00090929
0.00209282
0.0077766
0.00424493
0.0077766
0.00424493
0.0207685
0.0131346
0.0131346
0.0207685
0.0311054
0.0445481
0.0819937
0.0614195
0.0311054
0.0445481
0.134775
0.106418
0.0614195
0.0819937
0.16699
0.202914
0.106418
0.134775
0.242236
0.28457
0.16699
0.202914
0.242236
0.28457
0.376079
0.329383
0.376079
0.329383
0.472232
0.423946
0.472232
0.423946
0.520116
0.566758
0.652944
0.611314
0.724318
0.690862
0.566758
0.520116
0.752667
0.775324
0.652944
0.611314
0.690862
0.724318
0.775324
0.752667
0.801899
0.791855
0.801899
0.80528
0.791855
0.476657
0.523028
0.00033513
0.00033513
0.567813
0.610176
0.000981689
0.649305
0.684437
0.00842076
0.0141632
0.714873
0.0022739
0.740003
0.0046095
0.759315
0.772415
0.779033
0.0862571
0.00842076
0.779033
0.140489
0.173317
0.0141632
0.772415
0.759315
0.740003
0.291698
0.0222848
0.714873
0.0332127
0.684437
0.649305
0.476657
0.610176
0.0473229
0.567813
0.0649292
0.523028
0.429539
0.0862571
0.382495
0.111438
0.336307
0.249312
0.140489
0.209702
0.173317
0.111438
0.209702
0.249312
0.0649292
0.0473229
0.0332127
0.291698
0.0222848
0.336307
0.0046095
0.382495
0.0022739
0.429539
0.000981689
2.09266e-34
2.09266e-34
7.32914e-35
0.000358527
7.32914e-35
0.000358527
0.00245665
0.00105866
0.00105866
0.00245665
0.00906443
0.00497662
0.00906443
0.00497662
0.0151805
0.0237784
0.0151805
0.0237784
0.0500118
0.0352647
0.0903119
0.0682897
0.0352647
0.0500118
0.1458
0.116149
0.0903119
0.0682897
0.215819
0.179103
0.116149
0.1458
0.297823
0.255548
0.179103
0.215819
0.297823
0.255548
0.342039
0.387537
0.342039
0.387537
0.479325
0.433561
0.479325
0.433561
0.524002
0.566758
0.64327
0.606778
0.675517
0.70285
0.524002
0.566758
0.740681
0.724729
0.606778
0.64327
0.675517
0.70285
0.740681
0.724729
0.753649
0.750397
0.750397
0.000381468
0.523028
0.563601
0.601138
0.00113265
0.634885
0.664154
0.00263965
0.688342
0.706942
0.00534253
0.719565
0.725944
0.0372581
0.00970142
0.0525905
0.725944
0.719565
0.0161847
0.706942
0.688342
0.150663
0.184325
0.0252351
0.664154
0.634885
0.0372581
0.601138
0.563601
0.0525905
0.523028
0.480217
0.0714926
0.435988
0.391164
0.0941227
0.346548
0.302897
0.120535
0.260914
0.221214
0.150663
0.184325
0.120535
0.0941227
0.221214
0.0714926
0.260914
0.0252351
0.302897
0.0161847
0.00970142
0.346548
0.00534253
0.00263965
0.391164
0.00113265
0.000381468
0.435988
0.480217
2.39908e-34
2.39908e-34
7.99659e-35
0.000404956
0.000404956
7.99659e-35
0.00120931
0.00282218
0.00120931
0.00282218
0.00570422
0.0103288
0.0103288
0.00570422
0.026647
0.0171606
0.026647
0.0171606
0.0550436
0.0391639
0.0976654
0.0744954
0.0391639
0.0550436
0.155046
0.124543
0.0976654
0.0744954
0.188923
0.225851
0.155046
0.124543
0.265352
0.306885
0.188923
0.225851
0.265352
0.306885
0.349788
0.393352
0.349788
0.393352
0.479325
0.436798
0.479325
0.436798
0.558365
0.520117
0.593306
0.624211
0.671454
0.650451
0.520117
0.558365
0.686796
0.696125
0.593306
0.624211
0.650451
0.671454
0.686796
0.699265
0.696125
0.551091
0.00128315
0.583332
0.611331
0.634493
0.00300206
0.652318
0.00606094
0.664422
0.0109398
0.670541
0.670541
0.0109398
0.0409829
0.664422
0.0181102
0.652318
0.634493
0.100908
0.611331
0.028
0.583332
0.0409829
0.551091
0.515285
0.268846
0.476657
0.057348
0.435988
0.0772944
0.394083
0.351745
0.309754
0.100908
0.128164
0.229692
0.192883
0.158911
0.158911
0.128164
0.192883
0.0772944
0.057348
0.229692
0.268846
0.028
0.0181102
0.309754
0.00606094
0.351745
0.00300206
0.00128315
0.000427573
0.394083
0.435988
0.000427573
0.476657
0.515285
2.70663e-34
2.70663e-34
8.63079e-35
0.000450675
0.000450675
8.63079e-35
0.00317934
0.00135748
0.00135748
0.00317934
0.0115323
0.00640665
0.00640665
0.0115323
0.0190155
0.0292877
0.0190155
0.0292877
0.0426849
0.0594911
0.103832
0.0798485
0.0426849
0.0594911
0.162234
0.131349
0.103832
0.0798485
0.232711
0.196155
0.131349
0.162234
0.311485
0.271354
0.232711
0.196155
0.311485
0.271354
0.352397
0.393352
0.352397
0.393352
0.433562
0.472231
0.433562
0.472231
0.508576
0.54183
0.571301
0.596339
0.631075
0.616417
0.508576
0.54183
0.643004
0.640011
0.596339
0.571301
0.631075
0.616417
0.640011
0.00142935
0.530656
0.557291
0.579351
0.00335104
0.596344
0.00335104
0.00674384
0.607889
0.012099
0.0198821
0.613728
0.613728
0.012099
0.607889
0.0614515
0.0198821
0.596344
0.579351
0.557291
0.0304961
0.164985
0.198735
0.530656
0.0442747
0.500031
0.466083
0.429539
0.0614515
0.391164
0.0821593
0.351745
0.312062
0.272872
0.106409
0.234882
0.134095
0.134095
0.164985
0.106409
0.198735
0.0821593
0.0442747
0.234882
0.0304961
0.272872
0.00674384
0.312062
0.351745
0.00142935
0.000472476
0.391164
0.429539
0.000472476
0.466083
0.500031
3.00917e-34
3.00917e-34
9.22699e-35
0.000494685
0.000494685
9.22699e-35
0.00351807
0.00149935
0.00149935
0.00351807
0.0126391
0.00706341
0.0126391
0.00706341
0.0316209
0.0206896
0.0206896
0.0316209
0.0457216
0.06322
0.0841879
0.108625
0.0457216
0.06322
0.167149
0.13636
0.0841879
0.108625
0.200583
0.236193
0.13636
0.167149
0.273376
0.311485
0.236193
0.200583
0.311485
0.273376
0.349789
0.387536
0.387536
0.349789
0.423949
0.458257
0.458257
0.423949
0.489724
0.517649
0.541423
0.560492
0.574442
0.582934
0.489724
0.517649
0.582934
0.585794
0.560492
0.541423
0.574442
0.5238
0.00367673
0.539908
0.00051517
0.550861
0.00737127
0.556402
0.556402
0.0131447
0.0131447
0.0214472
0.550861
0.539908
0.0214472
0.5238
0.50291
0.0326486
0.477723
0.448812
0.0470345
0.416833
0.168704
0.382494
0.0647776
0.346547
0.309754
0.0859411
0.272872
0.236629
0.110459
0.201705
0.13815
0.13815
0.110459
0.168704
0.0859411
0.0647776
0.201705
0.0470345
0.0326486
0.236629
0.272872
0.00737127
0.00367673
0.309754
0.00156742
0.346547
0.382494
0.00051517
0.50291
0.416833
0.448812
0.477723
0.00156742
3.30016e-34
3.30016e-34
9.77918e-35
0.000535976
0.000535976
9.77918e-35
0.00163117
0.00382879
0.00163117
0.00382879
0.0136164
0.0076553
0.0076553
0.0136164
0.0335768
0.0221327
0.0221327
0.0335768
0.0661186
0.0481828
0.111903
0.0873834
0.0481828
0.0661186
0.139429
0.169643
0.111903
0.0873834
0.202074
0.236193
0.169643
0.139429
0.271355
0.306885
0.236193
0.202074
0.271355
0.306885
0.376078
0.342041
0.376078
0.342041
0.408247
0.437819
0.437819
0.408247
0.486549
0.464128
0.517753
0.504572
0.528494
0.525798
0.486549
0.464128
0.525798
0.504572
0.517753
0.00396986
0.494199
0.00792488
0.499427
0.499427
0.494199
0.00396986
0.0140459
0.48387
0.0227589
0.468691
0.449031
0.425362
0.0491796
0.0343929
0.39825
0.0491796
0.368334
0.112939
0.336307
0.302897
0.169956
0.0672269
0.268846
0.0885266
0.234882
0.201705
0.112939
0.140208
0.140208
0.0885266
0.0672269
0.169956
0.201705
0.0343929
0.0227589
0.0140459
0.234882
0.00792488
0.268846
0.00169368
0.000554651
0.302897
0.336307
0.000554651
0.48387
0.368334
0.39825
0.425362
0.00169368
0.449031
0.468691
3.57298e-34
3.57298e-34
1.02805e-34
0.000573558
0.000573558
1.02805e-34
0.00410263
0.00174938
0.00174938
0.00410263
0.0144351
0.008165
0.0144351
0.008165
0.0350969
0.023302
0.023302
0.0350969
0.0681003
0.0499951
0.113566
0.0893397
0.0499951
0.0681003
0.169643
0.140462
0.0893397
0.113566
0.232711
0.200584
0.169643
0.140462
0.297822
0.265354
0.200584
0.232711
0.265354
0.297822
0.329386
0.359321
0.329386
0.359321
0.386926
0.411534
0.386926
0.411534
0.432558
0.449469
0.461867
0.469423
0.47197
0.469423
0.449469
0.432558
0.461867
0.00838848
0.443617
0.443617
0.000589962
0.438714
0.0147759
0.429034
0.0237782
0.414822
0.0147759
0.0237782
0.39644
0.374351
0.0356772
0.349107
0.050646
0.321331
0.291697
0.113774
0.260913
0.0687262
0.229691
0.0898389
0.198734
0.168704
0.140208
0.113774
0.140208
0.0898389
0.0687262
0.050646
0.168704
0.0356772
0.198734
0.00838848
0.229691
0.00422206
0.260913
0.00180469
0.291697
0.321331
0.000589962
0.438714
0.349107
0.374351
0.00180469
0.39644
0.414822
0.429034
0.00422206
3.82116e-34
3.82116e-34
1.07238e-34
0.000606508
0.000606508
1.07238e-34
0.00185077
0.00433177
0.00185077
0.00433177
0.0150713
0.00857764
0.0150713
0.00857764
0.036136
0.0241628
0.0241628
0.036136
0.0511044
0.0691061
0.113566
0.0899985
0.0691061
0.0511044
0.139429
0.167148
0.0899985
0.113566
0.22585
0.196157
0.167148
0.139429
0.284569
0.255551
0.22585
0.196157
0.255551
0.284569
0.312203
0.337768
0.312203
0.337768
0.380194
0.36063
0.380194
0.36063
0.395972
0.407538
0.414608
0.416979
0.414608
0.395972
0.407538
0.385149
0.0153132
0.376137
0.362922
0.024475
0.345856
0.325392
0.0364633
0.302069
0.0153132
0.27649
0.0513903
0.249311
0.0513903
0.221213
0.0692309
0.0692309
0.192882
0.164985
0.0898389
0.13815
0.112939
0.112939
0.0898389
0.13815
0.0364633
0.164985
0.024475
0.192882
0.00874855
0.00442614
0.221213
0.00189743
0.000620224
0.249311
0.27649
0.000620224
0.389716
0.302069
0.389716
0.325392
0.345856
0.00189743
0.362922
0.376137
0.00442614
0.385149
0.00874855
4.03864e-34
4.03864e-34
1.11018e-34
0.000633997
0.000633997
1.11018e-34
0.00450966
0.00193257
0.00450966
0.00193257
0.00888119
0.0155061
0.0155061
0.00888119
0.0366634
0.0246896
0.0246896
0.0366634
0.0514779
0.069106
0.0893401
0.111903
0.069106
0.0514779
0.162233
0.136362
0.111903
0.0893401
0.188925
0.215817
0.162233
0.136362
0.267522
0.242239
0.215817
0.188925
0.242239
0.267522
0.291009
0.312072
0.312072
0.291009
0.330154
0.344753
0.344753
0.330154
0.355485
0.362037
0.364248
0.362037
0.355485
0.0156421
0.313632
0.0248286
0.297909
0.279102
0.257733
0.00457625
0.036728
0.234389
0.0156421
0.0513903
0.209701
0.184324
0.158911
0.0687261
0.134095
0.0885265
0.110459
0.0885265
0.0687261
0.110459
0.0513903
0.134095
0.036728
0.0248286
0.158911
0.0089946
0.184324
0.00196936
0.000644669
0.209701
0.234389
0.000644669
0.325829
0.257733
0.279102
0.297909
0.338382
0.00196936
0.313632
0.325829
0.334158
0.00457625
0.0089946
0.338382
0.334158
4.22e-34
4.22e-34
1.14078e-34
0.000655323
0.000655323
1.14078e-34
0.00463121
0.00199253
0.00199253
0.00463121
0.0157268
0.0090668
0.0090668
0.0157268
0.0366634
0.0248669
0.0248669
0.0366634
0.0681002
0.0511045
0.108625
0.0873842
0.0681002
0.0511045
0.155045
0.131351
0.108625
0.0873842
0.202913
0.179106
0.155045
0.131351
0.225821
0.247197
0.179106
0.202913
0.225821
0.247197
0.283011
0.266446
0.283011
0.266446
0.296428
0.306294
0.306294
0.296428
0.312338
0.314366
0.312338
0.0248286
0.253129
0.235995
0.216597
0.0364634
0.195502
0.0046681
0.050646
0.173316
0.0157528
0.150663
0.128164
0.0672268
0.106408
0.0859409
0.0859409
0.0672268
0.050646
0.106408
0.0364634
0.128164
0.0248286
0.00911947
0.150663
0.173316
0.00201847
0.00066267
0.195502
0.216597
0.00066267
0.267494
0.235995
0.253129
0.2863
0.290177
0.00201847
0.267494
0.278662
0.2863
0.0046681
0.290177
0.00911947
0.278662
0.0157528
4.36065e-34
4.36065e-34
1.16361e-34
0.000669935
0.000669935
1.16361e-34
0.00469295
0.00202899
0.00202899
0.00469295
0.0157268
0.00912908
0.0157268
0.00912908
0.0361361
0.0246894
0.0246894
0.0361361
0.0499953
0.0661184
0.0841891
0.103831
0.0499953
0.0661184
0.124546
0.145799
0.103831
0.0841891
0.166994
0.187526
0.145799
0.124546
0.224211
0.206792
0.187526
0.166994
0.206792
0.224211
0.251475
0.239263
0.239263
0.251475
0.266
0.260486
0.260486
0.266
0.267863
0.179044
0.0356773
0.16019
0.000673761
0.140489
0.0491795
0.120535
0.100908
0.0647775
0.0156421
0.0244751
0.082159
0.0647775
0.082159
0.0491795
0.0356773
0.100908
0.120535
0.00911954
0.00469907
0.140489
0.00204343
0.16019
0.179044
0.000673761
0.196475
0.196475
0.211936
0.211936
0.224943
0.00204343
0.23508
0.242024
0.00469907
0.245553
0.245553
0.00911954
0.242024
0.23508
0.0156421
0.224943
0.0244751
4.45699e-34
4.45699e-34
1.17822e-34
0.000677454
0.000677454
1.17822e-34
0.00204094
0.0046931
0.00204094
0.0046931
0.0155063
0.00906623
0.00906623
0.0155063
0.035097
0.0241624
0.0241624
0.035097
0.0481831
0.0632197
0.0976646
0.07985
0.0632197
0.0481831
0.134774
0.116152
0.0976646
0.07985
0.170123
0.152955
0.134774
0.116152
0.199265
0.185731
0.170123
0.152955
0.185731
0.199265
0.218433
0.210291
0.218433
0.210291
0.223435
0.223435
0.225115
0.034393
0.111437
0.0470344
0.0941223
0.0772941
0.0614513
0.00466827
0.0614513
0.0470344
0.0772941
0.034393
0.0237784
0.0153134
0.0941223
0.00899479
0.111437
0.00204354
0.000677651
0.128696
0.145344
0.000677651
0.128696
0.16083
0.174637
0.186295
0.174637
0.00204354
0.195409
0.201665
0.204848
0.00466827
0.204848
0.00899479
0.201665
0.195409
0.186295
0.0153134
0.0237784
0.16083
0.145344
4.50653e-34
4.50653e-34
1.1843e-34
0.000677682
0.000677682
1.1843e-34
0.00463168
0.00202806
0.00202806
0.00463168
0.0150717
0.00888007
0.00888007
0.0150717
0.0233014
0.0335769
0.0335769
0.0233014
0.045722
0.0594907
0.0744972
0.090311
0.045722
0.0594907
0.106422
0.122304
0.0744972
0.090311
0.151236
0.137417
0.106422
0.122304
0.163284
0.173126
0.151236
0.137417
0.163284
0.173126
0.184904
0.180425
0.184904
0.180425
0.186422
0.0442747
0.0714923
0.0573478
0.000674239
0.0442747
0.0573478
0.0326486
0.0714923
0.0227591
0.0147761
0.00874887
0.0862566
0.00457658
0.101147
0.00201878
0.115643
0.129231
0.000674239
0.0862566
0.141416
0.151753
0.115643
0.129231
0.00201878
0.159861
0.16544
0.168282
0.159861
0.00457658
0.168282
0.00874887
0.16544
0.151753
0.0147761
0.141416
0.0227591
0.101147
0.0326486
4.50797e-34
4.50797e-34
1.18173e-34
0.000670612
0.000670612
1.18173e-34
0.00451043
0.0019907
0.0019907
0.00451043
0.008576
0.0144357
0.0144357
0.008576
0.0221319
0.031621
0.0221319
0.031621
0.0426854
0.0550432
0.0819926
0.0682917
0.0550432
0.0426854
0.0956512
0.108768
0.0819926
0.0682917
0.120854
0.131444
0.0956512
0.108768
0.140142
0.146601
0.120854
0.131444
0.140142
0.146601
0.151925
0.150585
0.150585
0.0304962
0.0525903
0.0214474
0.0140462
0.0649288
0.00838891
0.00442662
0.0775493
0.00196986
0.000663612
0.0899773
0.10173
0.000663612
0.0409829
0.112345
0.0525903
0.121399
0.128529
0.00196986
0.133449
0.13596
0.10173
0.112345
0.00442662
0.13596
0.133449
0.00838891
0.128529
0.121399
0.0140462
0.0214474
0.0899773
0.0775493
0.0304962
0.0649288
0.0409829
4.46128e-34
4.46128e-34
1.17053e-34
0.000656429
0.000656429
1.17053e-34
0.00192989
0.00433281
0.00192989
0.00433281
0.013617
0.0081629
0.013617
0.0081629
0.0206886
0.0292878
0.0206886
0.0292878
0.0391645
0.0500114
0.0729625
0.0614217
0.0500114
0.0391645
0.0945823
0.0841692
0.0729625
0.0614217
0.111356
0.103776
0.0945823
0.0841692
0.120506
0.117018
0.103776
0.111356
0.120506
0.117018
0.121692
0.0473227
0.0079254
0.057803
0.00422268
0.00189812
0.000646047
0.0682659
0.0782697
0.000646047
0.0131451
0.0873815
0.095205
0.101396
0.037258
0.00189812
0.105682
0.107873
0.107873
0.0682659
0.00422268
0.105682
0.0079254
0.101396
0.095205
0.0873815
0.0131451
0.0782697
0.0198823
0.057803
0.0473227
0.028
0.037258
0.028
0.0198823
4.36765e-34
4.36765e-34
1.15091e-34
0.000635499
0.000635499
1.15091e-34
0.00410392
0.00184733
0.00184733
0.00410392
0.00765279
0.0126399
0.0126399
0.00765279
0.0190145
0.0266472
0.0266472
0.0190145
0.0445476
0.0352653
0.0540961
0.0634965
0.0445476
0.0352653
0.0801822
0.0723276
0.0634965
0.0540961
0.086708
0.0915921
0.0801822
0.0723276
0.0956428
0.0946225
0.0915921
0.086708
0.0946225
0.0503321
0.00180554
0.000621995
0.0586905
0.0663839
0.000621995
0.0039706
0.0730407
0.0783395
0.0120994
0.0181105
0.00180554
0.082022
0.0839094
0.0839094
0.0417049
0.0039706
0.082022
0.00737188
0.0783395
0.0730407
0.0663839
0.0120994
0.0586905
0.0181105
0.0503321
0.0332127
0.0252351
0.0252351
0.0332127
0.00737188
0.0417049
4.2295e-34
4.2295e-34
1.12323e-34
0.00060836
0.00060836
1.12323e-34
0.00174527
0.00383028
0.00174527
0.00383028
0.0115332
0.00706057
0.0115332
0.00706057
0.0237785
0.0171595
0.0237785
0.0171595
0.0388183
0.0311061
0.0465388
0.053885
0.0388183
0.0311061
0.0604902
0.0660105
0.0465388
0.053885
0.0701747
0.0727557
0.0660105
0.0604902
0.0736365
0.0727557
0.0701747
0.049117
0.000592074
0.0546845
0.000592074
0.0591467
0.0622631
0.00169466
0.0638645
0.0638645
0.0109402
0.0161849
0.00367756
0.0622631
0.0289696
0.0591467
0.00674451
0.0546845
0.049117
0.0109402
0.0427449
0.0359082
0.0161849
0.0222849
0.0222849
0.0289696
0.00674451
0.00367756
0.0359082
0.00169466
0.0427449
4.05033e-34
4.05033e-34
1.08798e-34
0.000575703
1.08798e-34
0.000575703
0.00351972
0.00162653
0.00162653
0.00351972
0.00640358
0.0103298
0.00640358
0.0103298
0.0207686
0.0151793
0.0151793
0.0207686
0.0268131
0.0329981
0.0389812
0.0444223
0.0329981
0.0268131
0.0490193
0.0524993
0.0444223
0.0389812
0.0554107
0.0546763
0.0524993
0.0490193
0.0546763
0.000557039
0.0398376
0.0435279
0.0461197
0.00156851
0.0474563
0.00335195
0.0474563
0.0461197
0.00335195
0.0435279
0.00606165
0.0398376
0.0352731
0.0301095
0.0097019
0.0246578
0.0141635
0.0192386
0.0141635
0.0097019
0.0192386
0.00606165
0.0246578
0.00156851
0.000557039
0.0301095
0.0352731
3.83468e-34
3.83468e-34
1.04576e-34
0.000538349
0.000538349
1.04576e-34
0.00318109
0.00149432
0.00149432
0.00318109
0.00906537
0.00570101
0.00570101
0.00906537
0.0177084
0.0131334
0.0177084
0.0131334
0.0272646
0.0225169
0.0353959
0.0316534
0.0225169
0.0272646
0.0382611
0.0400519
0.0353959
0.0316534
0.0406671
0.0382611
0.0400519
0.0332461
0.00143051
0.0343408
0.00051776
0.0343408
0.0332461
0.00300301
0.0311317
0.00534326
0.00842125
0.0121069
0.0281431
0.0244848
0.0204081
0.00842125
0.0161881
0.0121069
0.00534326
0.0161881
0.00300301
0.0204081
0.00143051
0.0244848
0.0281431
0.00051776
0.0311317
3.58791e-34
3.58791e-34
9.9722e-35
0.000497213
0.000497213
9.9722e-35
0.00282399
0.00135221
0.00135221
0.00282399
0.00497336
0.00777753
0.00497336
0.00777753
0.011083
0.0146903
0.0146903
0.011083
0.0217905
0.0183471
0.0247752
0.0270738
0.0183471
0.0217905
0.0285295
0.0290218
0.0270738
0.0247752
0.0285295
0.00128434
0.0241306
0.0232527
0.00264061
0.0215659
0.0192023
0.00461023
0.0163479
0.0132252
0.00713617
0.0100765
0.00713617
0.0100765
0.00461023
0.00264061
0.0132252
0.00128434
0.000475189
0.0163479
0.0192023
0.000475189
0.0215659
0.0232527
0.0241306
3.31603e-34
3.31603e-34
9.43034e-35
0.00045328
0.00045328
9.43034e-35
0.00245845
0.00120396
0.00120396
0.00245845
0.00424172
0.0065042
0.00424172
0.0065042
0.00908919
0.0118041
0.00908919
0.0118041
0.0144278
0.0167373
0.0196911
0.0185462
0.0167373
0.0144278
0.0196911
0.0200886
0.0185462
0.0157264
0.0144141
0.00227484
0.0125963
0.00388367
0.0104371
0.00227484
0.00813218
0.00588428
0.00588428
0.00388367
0.00813218
0.00113384
0.000430325
0.0104371
0.0125963
0.000430325
0.0144141
0.0164136
0.0157264
0.0164136
0.00113384
3.02546e-34
3.02546e-34
0.000407557
8.83852e-35
0.000407557
8.83852e-35
0.00209457
0.0010534
0.0010534
0.00209457
0.0052823
0.00352696
0.0052823
0.00352696
0.00720994
0.00913358
0.00720994
0.00913358
0.0122462
0.0108712
0.0134352
0.0131338
0.0108712
0.0131338
0.0122462
0.0019157
0.00790298
0.0031841
0.00632968
0.0047014
0.0031841
0.0047014
0.0019157
0.00632968
0.00098284
0.000384172
0.00790298
0.00925727
0.000384172
0.0102485
0.0102485
0.010772
0.00098284
0.010772
0.00925727
2.72283e-34
2.72283e-34
8.20263e-35
0.000361044
0.000361044
8.20263e-35
0.00174212
0.000904289
0.000904289
0.00174212
0.00414616
0.00284892
0.00284892
0.00414616
0.00549781
0.00675213
0.00675213
0.00549781
0.00777144
0.00842973
0.00866208
0.00842973
0.00777144
0.0025305
0.0025305
0.00157261
0.0036199
0.000835016
0.000337703
0.0047177
0.00568918
0.000337703
0.0036199
0.0047177
0.00641373
0.00680015
0.00680015
0.000835016
0.00641373
0.00568918
0.00157261
2.41466e-34
2.41466e-34
7.52754e-35
0.000314682
0.000314682
7.52754e-35
0.00141013
0.000760132
0.00141013
0.000760132
0.00312575
0.00222548
0.00312575
0.00222548
0.00471806
0.00399687
0.00399687
0.00471806
0.00519834
0.00536231
0.00519834
0.000693737
0.000291817
0.00266689
0.00333496
0.000291817
0.00384474
0.00125407
0.00412037
0.00412037
0.00266689
0.000693737
0.00384474
0.00333496
0.00125407
0.00193945
0.00193945
2.10714e-34
2.10714e-34
6.81684e-35
0.000269321
0.000269321
6.81684e-35
0.000624048
0.00110643
0.000624048
0.00110643
0.00224485
0.00167154
0.00224485
0.00167154
0.00306983
0.0027396
0.0027396
0.00318962
0.00306983
0.00186229
0.00220694
0.000247294
0.000247294
0.00239625
0.00239625
0.000561893
0.00220694
0.00186229
0.00142404
0.000967104
0.000967104
0.00142404
0.000561893
1.80582e-34
1.80582e-34
6.07279e-35
0.000225673
6.07279e-35
0.000225673
0.000498589
0.000837164
0.000498589
0.000837164
0.00151908
0.00119803
0.00151908
0.00119803
0.00182082
0.00174355
0.00174355
0.000204765
0.00134247
0.00134247
0.00121689
0.00044173
0.000992845
0.000716856
0.000716856
0.00044173
0.000204765
0.000992845
0.00121689
1.51539e-34
1.51539e-34
5.29637e-35
0.000184279
0.000184279
5.29637e-35
0.00060635
0.000385572
0.000385572
0.00060635
0.000810792
0.000953837
0.000810792
0.000953837
0.00100784
0.000648791
0.000334685
0.000506056
0.000334685
0.000164669
0.000506056
0.000648791
0.000164669
0.000730149
0.000730149
1.23939e-34
1.23939e-34
4.48765e-35
0.000145479
0.000145479
4.48765e-35
0.000415342
0.000285922
0.000285922
0.000415342
0.000509467
0.000509467
0.000542138
0.000241226
0.000241226
0.000127232
0.00033454
0.00038803
0.000127232
0.00038803
0.00033454
9.80035e-35
9.80035e-35
3.64649e-35
0.00010938
3.64649e-35
0.00010938
0.000199515
0.000262349
0.000199515
0.000262349
0.000286313
0.000198745
9.24388e-05
0.000198745
0.000160703
9.24388e-05
0.000160703
7.38047e-35
7.38047e-35
7.58466e-05
2.7736e-35
7.58466e-05
2.7736e-35
0.000125034
0.000125034
0.000141931
6.00246e-05
9.12073e-05
6.00246e-05
9.12073e-05
5.12516e-35
5.12516e-35
1.872e-35
4.44858e-05
4.44858e-05
1.872e-35
5.98392e-05
2.94699e-05
2.94699e-05
3.00859e-35
3.00859e-35
9.48892e-36
9.48892e-36
1.46485e-05
-2.8386e-38
9.87921e-36
9.87921e-36
