-2.41615e-38
1.0907e-35
1.0907e-35
1.05813e-35
3.31526e-35
1.62155e-05
3.25803e-05
1.05813e-35
3.31526e-35
3.25803e-05
2.08903e-35
6.62255e-05
5.63684e-35
4.91879e-05
6.59022e-05
0.000100568
0.000100568
4.91879e-05
6.62255e-05
5.63684e-35
2.08903e-35
3.09565e-35
0.000101761
8.09895e-35
8.36998e-05
0.000176353
0.000217509
0.000137293
0.000156065
3.09565e-35
0.000101761
0.000137293
0.000217509
0.000176353
8.36998e-05
8.09895e-35
4.07215e-35
0.000120412
0.000139725
1.07282e-34
0.000218267
0.000263254
0.000362835
0.000285988
0.000419431
0.000310741
0.000419431
0.000285988
0.000120412
1.07282e-34
0.000139725
4.07215e-35
0.000263254
0.000218267
0.000362835
5.0167e-35
1.35338e-34
0.000159727
0.000180389
0.000311453
0.000363195
0.000544045
0.00044859
0.000180389
1.35338e-34
0.000159727
5.0167e-35
0.000777521
0.000581716
0.000693016
0.000546486
0.000546486
0.000544045
0.000693016
0.000311453
0.000777521
0.00044859
0.000363195
5.92938e-35
0.000223767
1.65082e-34
0.000201786
0.000418131
0.000476825
0.000764719
0.000649343
0.00100956
0.000860855
0.00105012
0.00128052
1.65082e-34
0.000223767
0.000201786
5.92938e-35
0.000418131
0.000764719
0.000476825
0.000649343
0.00106366
0.00140923
0.00100956
0.00140923
0.00105012
0.00128052
0.000860855
6.81064e-35
0.000269621
1.96282e-34
0.000246473
0.000538369
0.000603657
0.001025
0.000890045
0.0019425
0.0015912
0.00126156
0.0014946
0.00181881
0.00229346
0.00248598
0.00189935
6.81064e-35
0.000269621
1.96282e-34
0.000246473
0.000538369
0.000603657
0.001025
0.000890045
0.00229346
0.0019425
0.0014946
0.00248598
0.00126156
0.00181881
0.0015912
7.66033e-35
0.000317491
2.28567e-34
0.000293435
0.000671176
0.000742216
0.00132213
0.00116932
0.00202348
0.00276396
0.00233365
0.00174891
0.00283492
0.00344163
0.00395794
0.00317159
0.000293435
7.66033e-35
0.000317491
2.28567e-34
0.00329089
0.00423677
0.00423677
0.00317159
0.000742216
0.00132213
0.000671176
0.00116932
0.00233365
0.00344163
0.00395794
0.00202348
0.00174891
0.00283492
0.00276396
8.47696e-35
0.000366716
2.61447e-34
0.000342105
0.0014831
0.00081465
0.000890201
0.00165088
0.00262811
0.00373407
0.00323146
0.00231695
0.00411279
0.00484484
0.0058263
0.00484349
0.00532646
0.00655737
0.00694712
0.00549433
2.61447e-34
0.000342105
8.47696e-35
0.000366716
0.00165088
0.000890201
0.0014831
0.00081465
0.00694712
0.00655737
0.00532646
0.00484349
0.00323146
0.00231695
0.00262811
0.00373407
0.00484484
0.0058263
0.00411279
9.25741e-35
0.000416476
2.94342e-34
0.000391738
0.000966146
0.00200412
0.00182516
0.00104465
0.000391738
0.000416476
2.94342e-34
9.25741e-35
0.00329529
0.00483277
0.00426892
0.00295464
0.00563476
0.00806438
0.0069016
0.0064775
0.00859266
0.00942865
0.0104268
0.00792718
0.0109536
0.00882409
0.00859266
0.0109536
0.00104465
0.00200412
0.00182516
0.000966146
0.00483277
0.00329529
0.00426892
0.00295464
0.0104268
0.00942865
0.0064775
0.00792718
0.00806438
0.00563476
0.0069016
9.99692e-35
0.000465829
3.26603e-34
0.000441445
0.00112244
0.00120212
0.00237326
0.00218756
0.000441445
0.000465829
3.26603e-34
9.99692e-35
0.00400831
0.00603277
0.00542211
0.00364688
0.00120212
0.00218756
0.00237326
0.00112244
0.00736816
0.00830072
0.00930735
0.010623
0.0124406
0.0127958
0.0146241
0.0110551
0.016634
0.0136365
0.0159433
0.0133307
0.0133307
0.016634
0.0159433
0.0124406
0.00364688
0.00603277
0.00400831
0.00542211
0.0146241
0.00930735
0.010623
0.00830072
0.00736816
0.0110551
0.0127958
1.06892e-34
0.000490239
0.000513752
3.57546e-34
0.00127991
0.00135883
0.00274872
0.00256117
0.00474799
0.00730152
0.00666089
0.00437562
0.000490239
0.000513752
3.57546e-34
1.06892e-34
0.00274872
0.00135883
0.00256117
0.00127991
0.0092687
0.0102656
0.0134355
0.0120022
0.00474799
0.00666089
0.00437562
0.00730152
0.0146404
0.0165756
0.0194444
0.0169636
0.0187789
0.0199317
0.0218186
0.0235127
0.0243943
0.0199317
0.020328
0.0243943
0.0187789
0.0218186
0.0235127
0.0169636
0.0102656
0.0165756
0.0120022
0.0092687
0.0194444
0.0146404
0.0134355
1.13268e-34
3.86478e-34
0.000537074
0.00055919
0.00143468
0.00151085
0.00312035
0.00293605
0.00549364
0.00860296
0.00795071
0.00512081
0.000537074
0.00055919
3.86478e-34
1.13268e-34
0.0112836
0.012316
0.0164225
0.0149125
0.00312035
0.00151085
0.00293605
0.00143468
0.00795071
0.00860296
0.00549364
0.00512081
0.0206637
0.0185884
0.024759
0.0220489
0.012316
0.0112836
0.0149125
0.0164225
0.0273543
0.0250442
0.0314319
0.0284319
0.0288125
0.0335538
0.0293098
0.0346523
0.0346523
0.0273543
0.0288125
0.0335538
0.0250442
0.0220489
0.0185884
0.0284319
0.0206637
0.024759
0.0314319
1.19015e-34
0.000601091
4.12722e-34
0.00058089
0.00158281
0.00165425
0.00347791
0.00330198
0.00622394
0.0098992
0.00586135
0.0092544
0.0133543
0.014392
0.0194963
0.0179543
0.00058089
0.000601091
4.12722e-34
1.19015e-34
0.00165425
0.00347791
0.00330198
0.00158281
0.0304154
0.0249409
0.0227865
0.0275547
0.0098992
0.00622394
0.0092544
0.00586135
0.0179543
0.0133543
0.014392
0.0194963
0.0401779
0.0357165
0.0319588
0.0355978
0.0227865
0.0304154
0.0249409
0.0275547
0.040388
0.0385885
0.0464797
0.0438799
0.0478203
0.0410019
0.040388
0.0478203
0.0357165
0.0401779
0.0355978
0.0385885
0.0464797
0.0438799
0.0319588
1.2405e-34
0.000638455
4.35648e-34
0.000620656
0.00172041
0.00178524
0.00381138
0.00364876
0.0069178
0.00657593
0.0111521
0.0105338
0.0154198
0.0164317
0.0225649
0.0210372
1.2405e-34
4.35648e-34
0.000620656
0.000638455
0.0333194
0.0271104
0.0292791
0.0362449
0.00172041
0.00178524
0.00381138
0.00364876
0.0111521
0.0069178
0.0105338
0.00657593
0.0431048
0.0494971
0.0447828
0.0393228
0.0210372
0.0225649
0.0154198
0.0164317
0.0271104
0.0292791
0.0333194
0.0362449
0.0550807
0.0595554
0.0493914
0.052884
0.0494971
0.0431048
0.0393228
0.0447828
0.0558036
0.0550639
0.0642857
0.06268
0.0550807
0.0642857
0.0595554
0.06268
0.052884
0.0550639
0.0493914
1.2829e-34
0.000670364
4.54693e-34
0.000655408
0.00184384
0.00190032
0.00411135
0.00396663
0.00724382
0.00755503
0.0123246
0.011751
0.0174182
0.0183741
0.025536
0.0240686
0.000655408
0.000670364
4.54693e-34
1.2829e-34
0.0391696
0.0314298
0.0335471
0.042071
0.00184384
0.00396663
0.00411135
0.00190032
0.0591094
0.0542847
0.050726
0.0469157
0.00755503
0.0123246
0.011751
0.00724382
0.0240686
0.025536
0.0183741
0.0174182
0.0668235
0.0734976
0.0664436
0.0609066
0.042071
0.0314298
0.0335471
0.0391696
0.0591094
0.050726
0.0469157
0.0542847
0.073206
0.0706154
0.0788093
0.0825007
0.0664436
0.0609066
0.0734976
0.0668235
0.0843924
0.0740855
0.073206
0.0706154
0.0825007
0.0788093
0.0843924
1.31661e-34
0.000696021
4.69381e-34
0.000684286
0.00194976
0.00199636
0.00436932
0.00424662
0.000684286
0.000696021
4.69381e-34
1.31661e-34
0.00784561
0.00811712
0.013382
0.0128702
0.0192897
0.020161
0.0283199
0.0269571
0.0477164
0.0449274
0.0356138
0.0376156
0.00424662
0.00194976
0.00436932
0.00199636
0.058229
0.063934
0.0687217
0.0545067
0.00784561
0.013382
0.0128702
0.00811712
0.080663
0.0787513
0.0878855
0.0727873
0.0283199
0.020161
0.0269571
0.0192897
0.0477164
0.0376156
0.0356138
0.0449274
0.0920998
0.0957269
0.101932
0.0872017
0.0687217
0.058229
0.0545067
0.063934
0.0878855
0.080663
0.0727873
0.0787513
0.0951336
0.0961596
0.108423
0.106227
0.0920998
0.0872017
0.0957269
0.101932
0.108423
0.0951336
0.106227
1.341e-34
0.000714777
4.79341e-34
0.000706561
0.0020353
0.00207077
0.00457796
0.00448078
0.00836378
0.00858769
0.014293
0.0138581
0.000706561
0.000714777
4.79341e-34
1.341e-34
0.00448078
0.00457796
0.0020353
0.00207077
0.0209786
0.0217393
0.0308329
0.0296156
0.0413612
0.0530092
0.0504174
0.0395356
0.0653846
0.0734358
0.0780399
0.061864
0.00836378
0.0138581
0.014293
0.00858769
0.0904986
0.102279
0.0951091
0.0846704
0.0209786
0.0296156
0.0217393
0.0308329
0.112917
0.12199
0.104321
0.11192
0.0504174
0.0530092
0.0413612
0.0395356
0.0653846
0.0734358
0.061864
0.0780399
0.12109
0.129136
0.134065
0.11759
0.0951091
0.0904986
0.102279
0.0846704
0.104321
0.12199
0.11192
0.112917
0.122274
0.11759
0.136581
0.136581
0.12109
0.129136
0.134065
1.35562e-34
0.000726152
4.84321e-34
0.000721668
0.00209813
0.00212149
0.00473136
0.00466244
0.00878327
0.00895309
0.015031
0.0146856
0.0224343
0.0319643
0.0230618
0.0329997
0.000721668
0.000726152
4.84321e-34
1.35562e-34
0.00212149
0.00466244
0.00473136
0.00209813
0.0146856
0.015031
0.00895309
0.00878327
0.044671
0.0577889
0.0554729
0.0430765
0.0824991
0.0867789
0.0687631
0.0719749
0.116235
0.109339
0.101705
0.0961915
0.0319643
0.0224343
0.0329997
0.0230618
0.121449
0.129851
0.142061
0.132063
0.0430765
0.044671
0.0554729
0.0577889
0.140775
0.160542
0.14725
0.152418
0.0867789
0.0719749
0.0824991
0.0687631
0.116235
0.101705
0.109339
0.0961915
0.168979
0.151238
0.166131
0.152584
0.121449
0.129851
0.132063
0.142061
0.14725
0.140775
0.168979
0.166131
0.152418
0.151238
0.160542
1.36016e-34
0.000729855
4.84192e-34
0.000729219
0.00213652
0.00214715
0.00482514
0.00478646
0.0090919
0.0092027
0.015574
0.0153285
0.000729219
0.000729855
4.84192e-34
1.36016e-34
0.0236137
0.0347554
0.0339329
0.0240895
0.0474457
0.0619114
0.0599409
0.0461301
0.00478646
0.00482514
0.00214715
0.00213652
0.0153285
0.015574
0.0092027
0.0090919
0.0236137
0.0240895
0.0339329
0.0347554
0.0908473
0.0749942
0.0946727
0.0777999
0.129326
0.122915
0.112029
0.106998
0.138059
0.146008
0.161525
0.151907
0.0599409
0.0461301
0.0474457
0.0619114
0.175358
0.173839
0.187039
0.163976
0.0749942
0.0908473
0.0946727
0.0777999
0.185639
0.196169
0.202436
0.181148
0.122915
0.129326
0.112029
0.106998
0.161525
0.146008
0.151907
0.138059
0.205624
0.187155
0.185639
0.205624
0.175358
0.163976
0.202436
0.187039
0.173839
0.181148
0.196169
1.35454e-34
0.00072579
4.7896e-34
0.00072902
0.00214942
0.00214703
0.00485663
0.0048493
0.00928071
0.00932931
0.0159063
0.0157678
0.0244819
0.0247918
0.0360481
0.0354629
0.00072902
0.00072579
4.7896e-34
1.35454e-34
0.00214703
0.0048493
0.00485663
0.00214942
0.0496023
0.0652527
0.0636869
0.0486049
0.0826841
0.101482
0.0982268
0.080369
0.00932931
0.00928071
0.0157678
0.0159063
0.0354629
0.0244819
0.0360481
0.0247918
0.0496023
0.0486049
0.0652527
0.0636869
0.135421
0.141153
0.121155
0.116759
0.15364
0.160894
0.179786
0.170842
0.197249
0.186478
0.212738
0.200038
0.080369
0.0982268
0.0826841
0.101482
0.235922
0.225767
0.21924
0.211081
0.116759
0.121155
0.141153
0.135421
0.224247
0.242878
0.246412
0.225934
0.179786
0.170842
0.15364
0.160894
0.186478
0.197249
0.200038
0.212738
0.224247
0.21924
0.246412
0.242878
0.211081
0.225767
0.235922
1.33888e-34
0.000714063
4.68759e-34
0.000721078
0.00213648
0.00212115
0.00482495
0.00484917
0.0159907
0.00934425
0.00932924
0.0160182
0.000721078
0.000714063
4.68759e-34
1.33888e-34
0.0250132
0.0251483
0.0368392
0.0365087
0.0510766
0.067713
0.0665987
0.0504271
0.00212115
0.00484917
0.00482495
0.00213648
0.0159907
0.0160182
0.00934425
0.00932924
0.0864808
0.107002
0.104415
0.0847256
0.128808
0.146478
0.125181
0.151356
0.0365087
0.0368392
0.0251483
0.0250132
0.0665987
0.0504271
0.0510766
0.067713
0.107002
0.0864808
0.0847256
0.104415
0.167717
0.188288
0.196284
0.174055
0.207589
0.217418
0.23685
0.22504
0.252351
0.268403
0.240115
0.254014
0.125181
0.146478
0.151356
0.128808
0.261374
0.2669
0.27959
0.28724
0.167717
0.196284
0.188288
0.174055
0.291123
0.291123
0.268763
0.2669
0.217418
0.23685
0.207589
0.22504
0.28724
0.27959
0.254014
0.240115
0.268403
0.261374
0.252351
1.31349e-34
0.000694977
4.5385e-34
0.000705598
0.00209805
0.0020702
0.004731
0.00478609
0.0159062
0.0159906
0.00928067
0.00920249
0.0251921
0.0251482
0.0371056
0.0370394
0.000705598
0.000694977
4.5385e-34
1.31349e-34
0.0020702
0.00478609
0.004731
0.00209805
0.0518248
0.0692191
0.0685893
0.0515424
0.0890765
0.111067
0.109225
0.0879337
0.0159906
0.0159062
0.00920249
0.00928067
0.0370394
0.0251921
0.0371056
0.0251482
0.134757
0.159628
0.132007
0.155751
0.179861
0.203713
0.210518
0.185092
0.0518248
0.0515424
0.0692191
0.0685893
0.0879337
0.109225
0.111067
0.0890765
0.132007
0.155751
0.159628
0.134757
0.226662
0.248077
0.235251
0.258636
0.267357
0.298879
0.280041
0.283952
0.314627
0.297387
0.326844
0.307272
0.179861
0.203713
0.185092
0.210518
0.339417
0.313322
0.315358
0.335186
0.226662
0.235251
0.258636
0.248077
0.313322
0.339417
0.335186
0.307272
0.283952
0.280041
0.267357
0.298879
0.314627
0.297387
0.326844
1.27886e-34
0.000669022
4.3461e-34
0.000682979
0.00203519
0.0019956
0.00457744
0.00466184
0.00895274
0.0155738
0.0157676
0.00909182
0.000682979
0.000669022
4.3461e-34
1.27886e-34
0.0250132
0.0247917
0.0368392
0.0370394
0.0518248
0.0697262
0.0519179
0.0695996
0.0019956
0.00466184
0.00457744
0.00203519
0.0157676
0.0155738
0.00909182
0.00895274
0.0903939
0.113555
0.112514
0.0898975
0.162959
0.138825
0.165719
0.137034
0.0247917
0.0250132
0.0368392
0.0370394
0.0519179
0.0695996
0.0697262
0.0518248
0.189707
0.193673
0.216649
0.222058
0.243119
0.250207
0.277433
0.268446
0.0903939
0.113555
0.0898975
0.112514
0.165719
0.138825
0.137034
0.162959
0.222058
0.189707
0.216649
0.193673
0.291971
0.31307
0.303055
0.326417
0.364006
0.346914
0.345804
0.331179
0.363114
0.377242
0.386267
0.356548
0.243119
0.277433
0.250207
0.268446
0.363114
0.390842
0.365325
0.390842
0.326417
0.31307
0.291971
0.303055
0.356548
0.364006
0.346914
0.377242
0.386267
0.331179
0.345804
1.23564e-34
0.000636855
4.11521e-34
0.000653797
0.00194961
0.00447996
0.00189937
0.00436865
0.00858722
0.0150307
0.0153282
0.00878315
0.000653797
0.000636855
4.11521e-34
1.23564e-34
0.0244818
0.0240893
0.036048
0.0365086
0.00189937
0.00447996
0.00436865
0.00194961
0.0510766
0.0515424
0.0692192
0.0695997
0.090394
0.114393
0.114183
0.0905587
0.00878315
0.0153282
0.0150307
0.00858722
0.0240893
0.0365086
0.0244818
0.036048
0.167888
0.140889
0.169448
0.140112
0.19954
0.196958
0.230557
0.226706
0.0515424
0.0692192
0.0695997
0.0510766
0.114183
0.114393
0.090394
0.0905587
0.256461
0.292673
0.285529
0.261835
0.350178
0.313209
0.322356
0.338818
0.169448
0.140889
0.140112
0.167888
0.196958
0.226706
0.230557
0.19954
0.256461
0.261835
0.285529
0.292673
0.381311
0.361713
0.375462
0.397586
0.415996
0.430229
0.408696
0.397109
0.444835
0.418152
0.439925
0.415773
0.338818
0.322356
0.313209
0.350178
0.444835
0.415773
0.439925
0.408696
0.430229
0.381311
0.415996
0.361713
0.397109
0.375462
0.397586
1.1846e-34
0.000599282
3.85152e-34
0.000618789
0.000618789
0.000599282
3.85152e-34
1.1846e-34
0.00184366
0.00411055
0.00424561
0.00178415
0.00811653
0.0142927
0.0146852
0.00836363
0.0236136
0.0230616
0.0347554
0.0354628
0.00424561
0.00411055
0.00184366
0.00178415
0.0504271
0.0496023
0.0677131
0.0685894
0.0146852
0.0142927
0.00811653
0.00836363
0.0890766
0.113555
0.114183
0.0898976
0.140889
0.170704
0.170389
0.141148
0.0230616
0.0354628
0.0236136
0.0347554
0.0496023
0.0677131
0.0504271
0.0685894
0.201397
0.202518
0.23576
0.233582
0.266287
0.269786
0.298811
0.303897
0.113555
0.0890766
0.0898976
0.114183
0.140889
0.141148
0.170389
0.170704
0.330428
0.337363
0.369442
0.360412
0.388059
0.426561
0.399407
0.412707
0.201397
0.233582
0.202518
0.23576
0.266287
0.303897
0.269786
0.298811
0.330428
0.369442
0.360412
0.337363
0.469955
0.450701
0.433761
0.450265
0.495501
0.485156
0.463112
0.470684
0.470684
0.47323
0.500737
0.500737
0.388059
0.412707
0.426561
0.399407
0.495501
0.450701
0.463112
0.485156
0.450265
0.469955
0.433761
1.12657e-34
0.000557227
3.56138e-34
0.000578824
0.00172022
0.00165304
0.00381047
0.00396546
0.000578824
0.000557227
3.56138e-34
1.12657e-34
0.00396546
0.00381047
0.00172022
0.00165304
0.00755436
0.0133815
0.0138575
0.00784543
0.0224342
0.021739
0.0329996
0.0339329
0.0486049
0.0474458
0.0652528
0.0665988
0.00784543
0.00755436
0.0138575
0.0133815
0.086481
0.111067
0.112514
0.0879337
0.0339329
0.0329996
0.0224342
0.021739
0.138825
0.169448
0.17039
0.140112
0.202891
0.237511
0.237073
0.202518
0.0486049
0.0652528
0.0474458
0.0665988
0.111067
0.112514
0.086481
0.0879337
0.273821
0.310768
0.272303
0.307893
0.343109
0.347624
0.38363
0.377201
0.169448
0.140112
0.17039
0.138825
0.202518
0.237073
0.202891
0.237511
0.40942
0.418023
0.450053
0.43904
0.487844
0.504233
0.465386
0.479007
0.307893
0.272303
0.273821
0.310768
0.347624
0.343109
0.38363
0.377201
0.40942
0.450053
0.43904
0.418023
0.541285
0.525153
0.50589
0.519094
0.529851
0.527147
0.552254
0.557803
0.527147
0.557803
0.519094
0.552254
0.465386
0.50589
0.504233
0.479007
0.525153
0.541285
0.487844
1.06242e-34
0.000534873
0.000511697
3.25157e-34
0.00158259
0.00150956
0.00347693
0.00364746
0.00691705
0.0123241
0.0128695
0.00724362
0.000534873
0.000511697
3.25157e-34
1.06242e-34
0.00150956
0.00364746
0.00347693
0.00158259
0.0128695
0.0123241
0.00691705
0.00724362
0.0209785
0.0201607
0.0308328
0.0319642
0.0461301
0.0446711
0.0619116
0.0636871
0.0847256
0.0826844
0.107002
0.109226
0.0201607
0.0319642
0.0209785
0.0308328
0.134757
0.165719
0.167888
0.137035
0.0461301
0.0619116
0.0636871
0.0446711
0.237073
0.201397
0.19954
0.23576
0.313082
0.274328
0.273821
0.312502
0.0826844
0.0847256
0.109226
0.107002
0.137035
0.167888
0.165719
0.134757
0.350873
0.392316
0.388681
0.352832
0.425152
0.467354
0.430752
0.459514
0.237073
0.201397
0.19954
0.23576
0.313082
0.273821
0.312502
0.274328
0.532025
0.518997
0.501354
0.491027
0.5587
0.542802
0.561903
0.580792
0.350873
0.392316
0.388681
0.352832
0.425152
0.467354
0.430752
0.459514
0.518997
0.491027
0.532025
0.501354
0.575869
0.609371
0.584377
0.597809
0.615218
0.615218
0.587237
0.584377
0.575869
0.580792
0.597809
0.609371
0.5587
0.561903
0.542802
9.92962e-35
2.92904e-34
0.000487971
0.000463744
0.00143446
0.0013575
0.00311933
0.0033006
0.00622315
0.0111516
0.0117503
0.00657571
0.000487971
0.000463744
2.92904e-34
9.92962e-35
0.0192896
0.0183737
0.0283198
0.0296155
0.0013575
0.0033006
0.00311933
0.00143446
0.00657571
0.00622315
0.0117503
0.0111516
0.0183737
0.0296155
0.0283198
0.0192896
0.0430765
0.0413613
0.0577891
0.0599412
0.0778003
0.101482
0.104415
0.080369
0.128808
0.159628
0.16296
0.132007
0.0430765
0.0599412
0.0577891
0.0413613
0.196958
0.230557
0.233583
0.193673
0.101482
0.104415
0.0778003
0.080369
0.269786
0.310768
0.272303
0.312503
0.395241
0.353487
0.352832
0.394509
0.159628
0.128808
0.132007
0.16296
0.233583
0.196958
0.230557
0.193673
0.473514
0.434783
0.437214
0.477947
0.516635
0.543219
0.509912
0.552494
0.269786
0.310768
0.272303
0.312503
0.395241
0.352832
0.353487
0.394509
0.612823
0.597808
0.584783
0.57273
0.636018
0.61791
0.632594
0.653869
0.434783
0.477947
0.473514
0.437214
0.552494
0.543219
0.509912
0.516635
0.57273
0.597808
0.584783
0.612823
0.64454
0.641538
0.66599
0.672118
0.672118
0.641538
0.632594
0.653869
0.66599
0.636018
0.61791
9.18961e-35
0.000414427
2.60064e-34
0.000439181
0.000439181
0.000414427
2.60064e-34
9.18961e-35
0.00127968
0.0012008
0.00274767
0.00293463
0.00549282
0.00989864
0.010533
0.00586112
0.017418
0.0164313
0.0255359
0.026957
0.00293463
0.00274767
0.00127968
0.0012008
0.0395355
0.0376156
0.0530094
0.0554732
0.010533
0.00549282
0.00989864
0.00586112
0.0255359
0.0164313
0.026957
0.017418
0.0395355
0.0554732
0.0530094
0.0376156
0.0749942
0.0719752
0.0946732
0.0982275
0.121155
0.151357
0.155751
0.125181
0.189707
0.226707
0.185093
0.222059
0.0946732
0.0982275
0.0719752
0.0749942
0.261836
0.307893
0.266287
0.303897
0.121155
0.125181
0.155751
0.151357
0.392317
0.394509
0.350873
0.347624
0.48062
0.438026
0.481513
0.437214
0.226707
0.189707
0.185093
0.222059
0.307893
0.266287
0.261836
0.303897
0.524391
0.565026
0.559781
0.521473
0.602618
0.625724
0.636415
0.594771
0.347624
0.350873
0.394509
0.392317
0.481513
0.437214
0.438026
0.48062
0.689948
0.665727
0.673035
0.651998
0.688394
0.697741
0.721217
0.708576
0.521473
0.524391
0.559781
0.565026
0.594771
0.602618
0.636415
0.625724
0.665727
0.689948
0.651998
0.673035
0.700881
0.727605
0.727605
0.697741
0.708576
0.721217
0.688394
8.41043e-35
0.000364765
2.27281e-34
0.000389547
8.41043e-35
0.000389547
0.000364765
2.27281e-34
0.00112222
0.00104337
0.00237224
0.00255975
0.00255975
0.00237224
0.00112222
0.00104337
0.00512058
0.00474717
0.00860238
0.00925364
0.0154196
0.0143917
0.0225648
0.0240685
0.0356138
0.0335472
0.0477166
0.0504178
0.00925364
0.00860238
0.00474717
0.00512058
0.0687631
0.065385
0.0867795
0.0908481
0.0143917
0.0240685
0.0225648
0.0154196
0.0356138
0.0504178
0.0477166
0.0335472
0.065385
0.0687631
0.0908481
0.0867795
0.112029
0.141154
0.146479
0.116759
0.179861
0.210519
0.174056
0.21665
0.298812
0.256461
0.250208
0.292674
0.112029
0.141154
0.146479
0.116759
0.388682
0.337364
0.343109
0.383631
0.174056
0.21665
0.210519
0.179861
0.477947
0.48062
0.430753
0.434783
0.524391
0.568188
0.569245
0.525366
0.298812
0.292674
0.250208
0.256461
0.343109
0.388682
0.337364
0.383631
0.650858
0.608266
0.611671
0.644813
0.686041
0.716521
0.70448
0.677103
0.477947
0.434783
0.430753
0.48062
0.525366
0.568188
0.524391
0.569245
0.726385
0.742364
0.761026
0.741686
0.752089
0.755351
0.774144
0.780772
0.611671
0.608266
0.644813
0.650858
0.716521
0.677103
0.70448
0.686041
0.780772
0.726385
0.774144
0.752089
0.742364
0.761026
0.741686
0.000340054
0.000315697
1.95133e-34
7.59678e-35
7.59678e-35
0.000315697
1.95133e-34
0.000340054
0.000965934
0.000889002
0.00200315
0.00218619
0.000965934
0.000889002
0.00218619
0.00200315
0.00400751
0.00730095
0.00794995
0.00437539
0.00794995
0.00730095
0.00400751
0.00437539
0.0133542
0.0123157
0.0194962
0.0210371
0.0314298
0.0292792
0.0420713
0.0449278
0.061864
0.0582295
0.0780405
0.0824999
0.0194962
0.0123157
0.0210371
0.0133542
0.106998
0.101706
0.129327
0.135422
0.0292792
0.0314298
0.0449278
0.0420713
0.0780405
0.061864
0.0824999
0.0582295
0.106998
0.135422
0.129327
0.101706
0.203714
0.167717
0.160895
0.196285
0.285531
0.243119
0.277434
0.235252
0.377202
0.322357
0.369443
0.330428
0.203714
0.196285
0.167717
0.160895
0.473514
0.418024
0.467355
0.425152
0.285531
0.235252
0.243119
0.277434
0.516635
0.565026
0.521474
0.568188
0.654503
0.655721
0.612809
0.611671
0.377202
0.369443
0.322357
0.330428
0.418024
0.425152
0.473514
0.467355
0.696352
0.732789
0.725981
0.692474
0.764327
0.77706
0.790346
0.754366
0.521474
0.565026
0.568188
0.516635
0.611671
0.612809
0.654503
0.655721
0.793608
0.81033
0.823881
0.803672
0.803672
0.807052
0.830725
0.830725
0.725981
0.692474
0.732789
0.696352
0.764327
0.790346
0.77706
0.823881
0.81033
0.754366
0.793608
0.000291585
0.000268036
1.64103e-34
6.7516e-35
0.00182387
0.00164998
0.000814456
0.000741133
6.7516e-35
0.000268036
1.64103e-34
0.000291585
0.000814456
0.000741133
0.00164998
0.00182387
0.00329454
0.00603223
0.00666015
0.00364666
0.00603223
0.00329454
0.00364666
0.00666015
0.0112834
0.0102652
0.0164224
0.0179542
0.0102652
0.0179542
0.0164224
0.0112834
0.0271104
0.024941
0.0362452
0.03917
0.0545067
0.0507265
0.0687224
0.0734367
0.0904994
0.116236
0.122916
0.0961916
0.024941
0.0271104
0.03917
0.0362452
0.15364
0.146009
0.179787
0.188289
0.0507265
0.0687224
0.0545067
0.0734367
0.116236
0.0961916
0.122916
0.0904994
0.146009
0.188289
0.15364
0.179787
0.217419
0.226663
0.258637
0.268448
0.360413
0.303056
0.350179
0.313209
0.450053
0.399407
0.459515
0.40942
0.268448
0.258637
0.217419
0.226663
0.501355
0.559782
0.552495
0.509912
0.303056
0.313209
0.360413
0.350179
0.650858
0.602619
0.654503
0.608266
0.697648
0.738267
0.736895
0.696352
0.459515
0.450053
0.40942
0.399407
0.559782
0.509912
0.501355
0.552495
0.800784
0.771497
0.775819
0.808297
0.835074
0.824188
0.855631
0.841243
0.650858
0.608266
0.602619
0.654503
0.697648
0.738267
0.736895
0.696352
0.855095
0.869564
0.851616
0.8766
0.851616
0.869564
0.841243
0.8766
0.800784
0.775819
0.808297
0.771497
0.855631
0.835074
0.824188
0.000244875
0.00022243
1.34553e-34
5.87609e-35
0.00148193
0.00132133
0.000671003
0.000602718
5.87609e-35
0.00022243
1.34553e-34
0.000244875
0.00542142
0.00483226
0.00262743
0.00295444
0.000671003
0.000602718
0.00132133
0.00148193
0.00262743
0.00483226
0.00542142
0.00295444
0.00926857
0.0083004
0.0134354
0.0149124
0.0149124
0.0134354
0.00926857
0.0083004
0.0227865
0.0206638
0.0304157
0.0333199
0.0227865
0.0333199
0.0304157
0.0206638
0.0469157
0.0431053
0.05911
0.0639349
0.0846705
0.0787521
0.10228
0.10934
0.138059
0.129852
0.161526
0.170844
0.05911
0.0469157
0.0639349
0.0431053
0.248079
0.207589
0.236851
0.19725
0.0787521
0.10228
0.10934
0.0846705
0.129852
0.170844
0.161526
0.138059
0.248079
0.19725
0.207589
0.236851
0.326418
0.280042
0.338819
0.291972
0.426562
0.439041
0.375464
0.388059
0.54322
0.479008
0.532026
0.491027
0.280042
0.338819
0.326418
0.291972
0.584784
0.636415
0.644814
0.594772
0.375464
0.426562
0.439041
0.388059
0.686041
0.73279
0.692474
0.736895
0.777265
0.775819
0.812826
0.81434
0.491027
0.479008
0.54322
0.532026
0.644814
0.594772
0.636415
0.584784
0.866933
0.875069
0.847633
0.84291
0.895077
0.884438
0.896122
0.910389
0.692474
0.73279
0.686041
0.736895
0.81434
0.777265
0.775819
0.812826
0.898649
0.895077
0.917592
0.917592
0.866933
0.847633
0.884438
0.910389
0.84291
0.875069
0.896122
0.000200478
0.000179328
1.06703e-34
4.97003e-35
0.0011683
0.00102432
0.00053822
0.000476051
4.97003e-35
0.000179328
1.06703e-34
0.000200478
0.00426828
0.00373362
0.00202288
0.00231677
0.00053822
0.000476051
0.00102432
0.0011683
0.0120021
0.0106229
0.00736804
0.0064772
0.00202288
0.00373362
0.00426828
0.00231677
0.00736804
0.0064772
0.0106229
0.0120021
0.0185884
0.0165757
0.0247593
0.0275551
0.0185884
0.0275551
0.0247593
0.0165757
0.0393228
0.0355983
0.0494977
0.0542856
0.0355983
0.0393228
0.0542856
0.0494977
0.0668243
0.0878865
0.0951104
0.0727874
0.121449
0.112918
0.142062
0.151908
0.186478
0.225042
0.175359
0.212739
0.0668243
0.0951104
0.0878865
0.0727874
0.254015
0.313072
0.298881
0.267357
0.112918
0.142062
0.151908
0.121449
0.212739
0.175359
0.225042
0.186478
0.298881
0.254015
0.267357
0.313072
0.412709
0.346915
0.397587
0.361713
0.450266
0.518998
0.504234
0.465386
0.558701
0.612824
0.625725
0.57273
0.397587
0.412709
0.346915
0.361713
0.716521
0.665727
0.677103
0.725981
0.518998
0.465386
0.450266
0.504234
0.764327
0.808297
0.771497
0.812826
0.881613
0.849213
0.847633
0.879974
0.625725
0.558701
0.57273
0.612824
0.716521
0.677103
0.725981
0.665727
0.904533
0.922417
0.931075
0.909603
0.945621
0.93329
0.936935
0.952965
0.812826
0.764327
0.808297
0.771497
0.849213
0.879974
0.847633
0.881613
0.909603
0.922417
0.931075
0.93329
0.952965
0.945621
0.904533
0.000158728
0.000138947
8.06164e-35
4.03238e-35
0.000889204
0.000764166
0.000418007
0.000362595
4.03238e-35
0.000138947
8.06164e-35
0.000158728
0.00323089
0.00276356
0.0014941
0.00174875
0.000418007
0.000362595
0.000764166
0.000889204
0.00930721
0.00806426
0.00563465
0.00484457
0.0014941
0.00276356
0.00323089
0.00174875
0.0146404
0.0220492
0.0194446
0.0127958
0.00563465
0.00484457
0.00806426
0.00930721
0.0146404
0.0127958
0.0194446
0.0220492
0.0319589
0.0284324
0.0401785
0.0447837
0.0319589
0.0447837
0.0284324
0.0401785
0.0609067
0.0550815
0.0734986
0.0806643
0.0734986
0.0550815
0.0609067
0.0806643
0.104321
0.095728
0.121991
0.132064
0.20004
0.163976
0.15242
0.18704
0.268404
0.283954
0.225768
0.240116
0.095728
0.132064
0.121991
0.104321
0.314629
0.364007
0.381312
0.331179
0.18704
0.15242
0.20004
0.163976
0.268404
0.225768
0.283954
0.240116
0.314629
0.364007
0.331179
0.381312
0.487845
0.469956
0.415997
0.433761
0.525154
0.580792
0.597809
0.542802
0.689949
0.651998
0.70448
0.636019
0.487845
0.469956
0.415997
0.433761
0.754366
0.741687
0.800784
0.790347
0.580792
0.542802
0.525154
0.597809
0.875069
0.835074
0.84291
0.879974
0.93804
0.936295
0.911298
0.909603
0.636019
0.689949
0.651998
0.70448
0.790347
0.800784
0.754366
0.741687
0.965558
0.974621
0.954498
0.959849
0.96927
0.982078
0.982078
0.965558
0.84291
0.875069
0.879974
0.835074
0.936295
0.974621
0.911298
0.93804
0.959849
0.954498
0.909603
0.000119721
0.000101253
5.61826e-35
3.06232e-35
3.06232e-35
0.000101253
5.61826e-35
0.000119721
0.000648684
0.000543621
0.000311353
0.000262825
0.00233316
0.00194216
0.00104971
0.00126143
0.000311353
0.000262825
0.000543621
0.000648684
0.00344137
0.00690145
0.00582617
0.0041127
0.00104971
0.00194216
0.00233316
0.00126143
0.0110551
0.0169639
0.0146243
0.00942867
0.0041127
0.00344137
0.00582617
0.00690145
0.0250443
0.0357173
0.0314324
0.021819
0.0110551
0.00942867
0.0146243
0.0169639
0.0250443
0.021819
0.0314324
0.0357173
0.0493915
0.0438806
0.0595563
0.0664449
0.0493915
0.0664449
0.0595563
0.0438806
0.0872019
0.0788103
0.101933
0.111922
0.111922
0.0788103
0.101933
0.0872019
0.173841
0.140776
0.160543
0.129137
0.19617
0.211081
0.252353
0.235923
0.279591
0.345806
0.326846
0.297388
0.160543
0.129137
0.173841
0.140776
0.377243
0.450702
0.430231
0.397109
0.19617
0.235923
0.211081
0.252353
0.326846
0.279591
0.345806
0.297388
0.450702
0.377243
0.430231
0.397109
0.561904
0.485157
0.541286
0.50589
0.65387
0.59781
0.673037
0.617911
0.726385
0.708576
0.761027
0.77706
0.485157
0.541286
0.561904
0.50589
0.810331
0.866934
0.824188
0.855631
0.59781
0.673037
0.617911
0.65387
0.896123
0.931075
0.904533
0.936295
0.981913
0.959849
0.961638
0.980086
0.726385
0.77706
0.761027
0.708576
0.824188
0.855631
0.810331
0.866934
1.0044
0.995057
0.991298
0.996856
0.996856
0.980086
0.991298
1.0044
0.931075
0.904533
0.896123
0.936295
0.961638
0.981913
0.959849
2.06075e-35
6.59464e-05
3.31172e-35
8.32884e-05
8.32884e-05
6.59464e-05
3.31172e-35
2.06075e-35
0.000448106
0.000362528
0.000218186
0.000176076
0.000218186
0.000176076
0.000362528
0.000448106
0.00159078
0.00128023
0.000692693
0.000860746
0.00484331
0.00395779
0.00283483
0.00229322
0.000692693
0.00128023
0.000860746
0.00159078
0.00792714
0.0124408
0.0104269
0.00655733
0.00283483
0.00229322
0.00395779
0.00484331
0.0187789
0.027355
0.0159436
0.0235132
0.00792714
0.00655733
0.0104269
0.0124408
0.0385886
0.0528852
0.0464805
0.0335544
0.0187789
0.0159436
0.0235132
0.027355
0.0385886
0.0335544
0.0464805
0.0528852
0.0706156
0.062681
0.0825018
0.0921014
0.0706156
0.0921014
0.062681
0.0825018
0.106228
0.134067
0.117591
0.147252
0.106228
0.147252
0.134067
0.117591
0.202437
0.219242
0.166133
0.181148
0.242879
0.307274
0.261374
0.287241
0.335188
0.386269
0.408698
0.356549
0.202437
0.166133
0.219242
0.181148
0.439926
0.519096
0.495502
0.463113
0.287241
0.242879
0.261374
0.307274
0.408698
0.335188
0.386269
0.356549
0.495502
0.439926
0.519096
0.463113
0.609372
0.632595
0.552255
0.575869
0.721217
0.665991
0.742365
0.688394
0.793608
0.823881
0.841244
0.774145
0.552255
0.632595
0.575869
0.609372
0.884438
0.910389
0.869565
0.922418
0.688394
0.721217
0.742365
0.665991
0.954498
0.980086
0.945621
0.974621
1.01191
0.996856
1.01003
0.998714
0.774145
0.793608
0.841244
0.823881
0.884438
0.922418
0.910389
0.869565
1.01003
1.01383
1.01951
1.01951
0.974621
1.01191
0.998714
0.980086
0.954498
0.945621
0.996856
4.89966e-05
3.24592e-05
1.0961e-35
1.0322e-35
1.0322e-35
3.24592e-05
1.0961e-35
4.89966e-05
0.000137224
0.000100406
0.000217296
0.000285658
0.000285658
0.000217296
0.000137224
0.000100406
0.00100919
0.000777254
0.000419176
0.000546392
0.000419176
0.000546392
0.000777254
0.00100919
0.00317138
0.00248579
0.00181873
0.00140899
0.00532641
0.00859277
0.00694714
0.00423667
0.00181873
0.00140899
0.00248579
0.00317138
0.0133307
0.0199323
0.0166343
0.0109538
0.00532641
0.00423667
0.00694714
0.00859277
0.0288126
0.040389
0.034653
0.0243947
0.0133307
0.0109538
0.0166343
0.0199323
0.055064
0.0732074
0.0642866
0.0478211
0.0288126
0.0243947
0.034653
0.040389
0.0732074
0.055064
0.0478211
0.0642866
0.0843936
0.108424
0.121092
0.0951338
0.0951338
0.121092
0.0843936
0.108424
0.185641
0.136583
0.151239
0.16898
0.185641
0.136583
0.16898
0.151239
0.205626
0.246414
0.266902
0.224248
0.291125
0.339419
0.363117
0.313323
0.444836
0.470686
0.390843
0.415774
0.246414
0.205626
0.266902
0.224248
0.500738
0.584379
0.557804
0.527147
0.363117
0.339419
0.291125
0.313323
0.390843
0.470686
0.415774
0.444836
0.500738
0.584379
0.557804
0.527147
0.641538
0.61522
0.672119
0.697742
0.752089
0.727606
0.803673
0.780773
0.895078
0.830725
0.851616
0.876601
0.672119
0.697742
0.61522
0.641538
0.965558
0.952965
0.93329
0.917592
0.727606
0.780773
0.752089
0.803673
0.982078
0.991298
1.01003
1.0044
1.02523
1.02141
1.01951
1.02714
0.876601
0.830725
0.851616
0.895078
0.917592
0.93329
0.965558
0.952965
1.01951
1.01003
1.02141
1.02714
0.982078
1.0044
0.991298
-1.36448e-37
1.61468e-05
1.61468e-05
-1.36448e-37
0.000155846
6.58422e-05
6.58422e-05
0.000155846
0.000581386
0.000310658
0.000310658
0.000581386
0.00106357
0.00189908
0.00106357
0.00189908
0.00329083
0.0054943
0.00882407
0.0136369
0.00329083
0.0054943
0.020328
0.0293106
0.0136369
0.00882407
0.0410021
0.0558048
0.0293106
0.020328
0.0740857
0.0961613
0.0410021
0.0558048
0.0740857
0.0961613
0.122274
0.152586
0.122274
0.152586
0.187155
0.225936
0.225936
0.187155
0.268763
0.31536
0.365325
0.418154
0.529853
0.47323
0.31536
0.268763
0.644541
0.587237
0.418154
0.365325
0.47323
0.529853
0.644541
0.587237
0.700881
0.755352
0.855096
0.807052
0.936936
0.898649
0.700881
0.755352
0.995057
0.96927
0.855096
0.807052
1.02523
1.01383
1.02906
1.02523
0.898649
0.936936
0.96927
1.01383
0.995057
0.0843936
0.205626
0.16898
3.24592e-05
0.108424
0.136583
0.108424
0.136583
0.0843936
0.000777254
0.00140899
0.0642866
0.16898
0.00423667
0.0478211
0.034653
0.205626
0.0243947
0.0166343
0.246414
0.0109538
0.00694714
0.291125
0.00248579
0.339419
0.390843
0.000419176
0.000217296
0.444836
0.000100406
0.500738
0.557804
3.24592e-05
0.246414
0.291125
0.61522
0.672119
0.390843
0.727606
0.000100406
0.780773
0.830725
0.000217296
0.876601
0.917592
0.000419176
0.952965
0.982078
0.000777254
0.830725
1.0044
0.876601
1.01951
0.00140899
1.02714
1.02714
0.00248579
1.01951
1.0044
0.00423667
0.982078
0.952965
0.00694714
0.917592
0.0109538
0.780773
0.0166343
0.727606
0.672119
0.0243947
0.61522
0.557804
0.034653
0.500738
0.444836
0.0478211
0.339419
0.0642866
1.0961e-35
1.0961e-35
1.0322e-35
4.89966e-05
4.89966e-05
1.0322e-35
0.000285658
0.000137224
0.000137224
0.000285658
0.000546392
0.00100919
0.000546392
0.00100919
0.00317138
0.00181873
0.00181873
0.00317138
0.00859277
0.00532641
0.0199323
0.0133307
0.00532641
0.00859277
0.0288126
0.040389
0.0199323
0.0133307
0.0732074
0.055064
0.0288126
0.040389
0.0951338
0.121092
0.055064
0.0732074
0.0951338
0.121092
0.185641
0.151239
0.185641
0.151239
0.224248
0.266902
0.266902
0.224248
0.363117
0.313323
0.470686
0.415774
0.527147
0.584379
0.313323
0.363117
0.697742
0.641538
0.470686
0.415774
0.584379
0.527147
0.641538
0.697742
0.752089
0.803673
0.895078
0.851616
0.93329
0.965558
0.803673
0.752089
1.01003
0.991298
0.895078
0.851616
1.02523
1.02141
1.02141
1.01003
0.965558
0.93329
0.991298
0.166133
0.134067
0.134067
0.106228
0.166133
0.0825018
0.000362528
0.062681
0.0464805
0.202437
0.0335544
0.242879
0.0235132
0.0159436
0.0104269
0.287241
0.00655733
0.335188
0.00395779
0.00229322
0.00128023
0.386269
0.000692693
0.439926
0.000176076
6.59464e-05
0.495502
0.552255
6.59464e-05
0.609372
0.202437
0.665991
0.721217
0.287241
0.000176076
0.774145
0.823881
0.439926
0.869565
0.000362528
0.910389
0.000692693
0.945621
0.974621
0.996856
0.721217
0.00128023
1.01191
0.00229322
0.869565
1.01951
1.01951
1.01191
0.00395779
0.996856
0.00655733
0.974621
0.945621
0.910389
0.0104269
0.0159436
0.823881
0.774145
0.0235132
0.665991
0.0335544
0.609372
0.552255
0.495502
0.0464805
0.062681
0.386269
0.335188
0.0825018
0.242879
0.106228
3.31172e-35
3.31172e-35
2.06075e-35
8.32884e-05
8.32884e-05
2.06075e-35
0.000448106
0.000218186
0.000218186
0.000448106
0.000860746
0.00159078
0.00159078
0.000860746
0.00484331
0.00283483
0.00283483
0.00484331
0.0124408
0.00792714
0.0187789
0.027355
0.00792714
0.0124408
0.0385886
0.0528852
0.027355
0.0187789
0.0706156
0.0921014
0.0528852
0.0385886
0.147252
0.117591
0.0706156
0.0921014
0.147252
0.117591
0.181148
0.219242
0.219242
0.181148
0.307274
0.261374
0.261374
0.307274
0.408698
0.356549
0.519096
0.463113
0.575869
0.632595
0.408698
0.356549
0.688394
0.742365
0.463113
0.519096
0.632595
0.575869
0.688394
0.742365
0.793608
0.841244
0.884438
0.922418
0.954498
0.980086
0.841244
0.793608
1.01003
0.998714
0.884438
0.922418
1.01383
1.01003
0.998714
0.954498
0.980086
0.160543
0.101933
0.19617
0.000101253
0.0788103
0.0595563
0.0438806
0.235923
0.0314324
0.00194216
0.00344137
0.279591
0.021819
0.0146243
0.00942867
0.326846
0.00582617
0.377243
0.00104971
0.430231
0.000543621
0.485157
0.000262825
0.541286
0.59781
0.000101253
0.65387
0.160543
0.708576
0.000262825
0.761027
0.810331
0.855631
0.326846
0.377243
0.000543621
0.896123
0.00104971
0.931075
0.959849
0.981913
0.00194216
0.65387
0.996856
0.00344137
0.761027
0.810331
1.0044
1.0044
0.996856
0.00582617
0.981913
0.00942867
0.959849
0.931075
0.896123
0.0146243
0.855631
0.021819
0.708576
0.0314324
0.0438806
0.59781
0.541286
0.485157
0.0595563
0.430231
0.0788103
0.279591
0.101933
0.235923
0.129137
0.19617
0.129137
5.61826e-35
5.61826e-35
3.06232e-35
0.000119721
0.000119721
3.06232e-35
0.000311353
0.000648684
0.000311353
0.000648684
0.00126143
0.00233316
0.00233316
0.00126143
0.00690145
0.0041127
0.0041127
0.00690145
0.0110551
0.0169639
0.0250443
0.0357173
0.0110551
0.0169639
0.0493915
0.0664449
0.0357173
0.0250443
0.111922
0.0872019
0.0493915
0.0664449
0.173841
0.140776
0.0872019
0.111922
0.173841
0.140776
0.252353
0.211081
0.252353
0.211081
0.297388
0.345806
0.345806
0.297388
0.450702
0.397109
0.561904
0.50589
0.617911
0.673037
0.397109
0.450702
0.726385
0.77706
0.50589
0.561904
0.673037
0.617911
0.726385
0.77706
0.866934
0.824188
0.904533
0.936295
0.961638
0.980086
0.824188
0.866934
0.995057
0.991298
0.936295
0.904533
0.991298
0.980086
0.961638
0.225768
0.0550815
0.0401785
0.268404
0.0284324
0.0194446
0.314629
0.0127958
0.00806426
0.364007
0.00484457
0.00276356
0.415997
0.0014941
0.000764166
0.469956
0.000362595
0.000138947
0.525154
0.580792
0.000138947
0.0734986
0.095728
0.636019
0.689949
0.15242
0.741687
0.000362595
0.790347
0.835074
0.000764166
0.875069
0.909603
0.0014941
0.93804
0.959849
0.00276356
0.525154
0.974621
0.580792
0.982078
0.00484457
0.982078
0.974621
0.00806426
0.790347
0.835074
0.959849
0.93804
0.0127958
0.909603
0.875069
0.0194446
0.0284324
0.741687
0.689949
0.0401785
0.636019
0.0550815
0.469956
0.0734986
0.415997
0.364007
0.095728
0.314629
0.268404
0.121991
0.225768
0.18704
0.15242
0.121991
0.18704
8.06164e-35
8.06164e-35
4.03238e-35
0.000158728
0.000158728
4.03238e-35
0.000889204
0.000418007
0.000418007
0.000889204
0.00323089
0.00174875
0.00174875
0.00323089
0.00930721
0.00563465
0.00563465
0.00930721
0.0220492
0.0146404
0.0319589
0.0447837
0.0220492
0.0146404
0.0806643
0.0609067
0.0319589
0.0447837
0.132064
0.104321
0.0806643
0.0609067
0.20004
0.163976
0.132064
0.104321
0.163976
0.20004
0.283954
0.240116
0.240116
0.283954
0.381312
0.331179
0.331179
0.381312
0.487845
0.433761
0.597809
0.542802
0.651998
0.70448
0.433761
0.487845
0.800784
0.754366
0.542802
0.597809
0.70448
0.651998
0.800784
0.754366
0.84291
0.879974
0.911298
0.936295
0.954498
0.965558
0.879974
0.84291
0.965558
0.96927
0.911298
0.954498
0.936295
0.0355983
0.0247593
0.298881
0.0165757
0.346915
0.0106229
0.0064772
0.00373362
0.397587
0.00202288
0.450266
0.00102432
0.000476051
0.000179328
0.504234
0.558701
0.000179328
0.612824
0.0494977
0.665727
0.716521
0.0878865
0.000476051
0.764327
0.808297
0.175359
0.847633
0.00102432
0.881613
0.00202288
0.909603
0.931075
0.945621
0.397587
0.00373362
0.952965
0.0064772
0.558701
0.952965
0.945621
0.931075
0.0106229
0.716521
0.909603
0.0165757
0.881613
0.847633
0.808297
0.0247593
0.764327
0.0355983
0.665727
0.612824
0.0494977
0.0668243
0.504234
0.450266
0.0878865
0.346915
0.112918
0.298881
0.254015
0.212739
0.142062
0.175359
0.142062
0.112918
0.212739
0.0668243
0.254015
1.06703e-34
1.06703e-34
4.97003e-35
0.000200478
0.000200478
4.97003e-35
0.0011683
0.00053822
0.00053822
0.0011683
0.00426828
0.00231677
0.00426828
0.00231677
0.00736804
0.0120021
0.00736804
0.0120021
0.0185884
0.0275551
0.0393228
0.0542856
0.0185884
0.0275551
0.0951104
0.0727874
0.0542856
0.0393228
0.151908
0.121449
0.0951104
0.0727874
0.225042
0.186478
0.151908
0.121449
0.186478
0.225042
0.313072
0.267357
0.313072
0.267357
0.412709
0.361713
0.412709
0.361713
0.518998
0.465386
0.57273
0.625725
0.725981
0.677103
0.465386
0.518998
0.771497
0.812826
0.625725
0.57273
0.677103
0.725981
0.812826
0.771497
0.879974
0.849213
0.922417
0.904533
0.93329
0.936935
0.849213
0.879974
0.922417
0.93329
0.904533
0.326418
0.0134354
0.375464
0.0083004
0.00483226
0.00262743
0.426562
0.00132133
0.479008
0.000602718
0.00022243
0.532026
0.584784
0.00022243
0.636415
0.0304157
0.686041
0.000602718
0.73279
0.775819
0.81434
0.10228
0.129852
0.00132133
0.847633
0.00262743
0.875069
0.896122
0.910389
0.00483226
0.326418
0.917592
0.0083004
0.426562
0.479008
0.917592
0.910389
0.896122
0.0134354
0.636415
0.875069
0.0206638
0.847633
0.81434
0.775819
0.0304157
0.73279
0.0431053
0.686041
0.584784
0.05911
0.532026
0.0787521
0.375464
0.10228
0.129852
0.280042
0.236851
0.19725
0.161526
0.161526
0.19725
0.0787521
0.236851
0.05911
0.280042
0.0431053
0.0206638
1.34553e-34
1.34553e-34
5.87609e-35
0.000244875
0.000244875
5.87609e-35
0.000671003
0.00148193
0.000671003
0.00148193
0.00542142
0.00295444
0.00295444
0.00542142
0.00926857
0.0149124
0.00926857
0.0149124
0.0333199
0.0227865
0.0639349
0.0469157
0.0227865
0.0333199
0.0846705
0.10934
0.0469157
0.0639349
0.138059
0.170844
0.0846705
0.10934
0.207589
0.248079
0.170844
0.138059
0.207589
0.248079
0.338819
0.291972
0.338819
0.291972
0.439041
0.388059
0.388059
0.439041
0.54322
0.491027
0.644814
0.594772
0.692474
0.736895
0.491027
0.54322
0.812826
0.777265
0.644814
0.594772
0.692474
0.736895
0.812826
0.777265
0.866933
0.84291
0.895077
0.884438
0.898649
0.895077
0.84291
0.884438
0.866933
0.399407
0.00329454
0.00164998
0.450053
0.000741133
0.000268036
0.501355
0.552495
0.000268036
0.00603223
0.0102652
0.602619
0.650858
0.024941
0.696352
0.000741133
0.738267
0.775819
0.00164998
0.808297
0.835074
0.00329454
0.855631
0.869564
0.00603223
0.217419
0.8766
0.258637
0.8766
0.0102652
0.869564
0.855631
0.0164224
0.450053
0.501355
0.835074
0.808297
0.024941
0.775819
0.738267
0.0362452
0.696352
0.650858
0.0507265
0.602619
0.552495
0.0687224
0.0904994
0.399407
0.350179
0.116236
0.303056
0.146009
0.179787
0.179787
0.146009
0.116236
0.217419
0.0904994
0.0687224
0.258637
0.0507265
0.0362452
0.303056
0.0164224
0.350179
1.64103e-34
1.64103e-34
6.7516e-35
0.000291585
0.000291585
6.7516e-35
0.00182387
0.000814456
0.000814456
0.00182387
0.00364666
0.00666015
0.00666015
0.00364666
0.0179542
0.0112834
0.0112834
0.0179542
0.0271104
0.03917
0.0545067
0.0734367
0.0271104
0.03917
0.122916
0.0961916
0.0734367
0.0545067
0.15364
0.188289
0.0961916
0.122916
0.226663
0.268448
0.15364
0.188289
0.268448
0.226663
0.360413
0.313209
0.313209
0.360413
0.40942
0.459515
0.459515
0.40942
0.559782
0.509912
0.654503
0.608266
0.736895
0.697648
0.559782
0.509912
0.771497
0.800784
0.654503
0.608266
0.697648
0.736895
0.800784
0.771497
0.824188
0.841243
0.855095
0.851616
0.851616
0.841243
0.824188
0.000889002
0.000315697
0.467355
0.516635
0.000315697
0.565026
0.00200315
0.611671
0.655721
0.00730095
0.000889002
0.696352
0.732789
0.0292792
0.764327
0.00200315
0.790346
0.00400751
0.81033
0.823881
0.830725
0.129327
0.00730095
0.830725
0.0123157
0.235252
0.823881
0.81033
0.790346
0.0194962
0.369443
0.764327
0.0292792
0.732789
0.696352
0.655721
0.0420713
0.611671
0.0582295
0.565026
0.516635
0.467355
0.0780405
0.418024
0.101706
0.322357
0.277434
0.129327
0.160895
0.196285
0.160895
0.196285
0.101706
0.235252
0.0780405
0.0582295
0.0420713
0.277434
0.322357
0.0194962
0.0123157
0.369443
0.00400751
0.418024
1.95133e-34
1.95133e-34
7.59678e-35
0.000340054
0.000340054
7.59678e-35
0.000965934
0.00218619
0.000965934
0.00218619
0.00794995
0.00437539
0.00794995
0.00437539
0.0210371
0.0133542
0.0133542
0.0210371
0.0314298
0.0449278
0.0824999
0.061864
0.0314298
0.0449278
0.135422
0.106998
0.061864
0.0824999
0.167717
0.203714
0.106998
0.135422
0.243119
0.285531
0.167717
0.203714
0.243119
0.285531
0.377202
0.330428
0.377202
0.330428
0.473514
0.425152
0.473514
0.425152
0.521474
0.568188
0.654503
0.612809
0.725981
0.692474
0.568188
0.521474
0.754366
0.77706
0.654503
0.612809
0.692474
0.725981
0.77706
0.754366
0.803672
0.793608
0.803672
0.807052
0.793608
0.477947
0.524391
0.000364765
0.000364765
0.569245
0.611671
0.00104337
0.650858
0.686041
0.00860238
0.0143917
0.716521
0.00237224
0.741686
0.00474717
0.761026
0.774144
0.780772
0.0867795
0.00860238
0.780772
0.141154
0.174056
0.0143917
0.774144
0.761026
0.741686
0.292674
0.0225648
0.716521
0.0335472
0.686041
0.650858
0.477947
0.611671
0.0477166
0.569245
0.065385
0.524391
0.430753
0.0867795
0.383631
0.112029
0.337364
0.250208
0.141154
0.210519
0.174056
0.112029
0.210519
0.250208
0.065385
0.0477166
0.0335472
0.292674
0.0225648
0.337364
0.00474717
0.383631
0.00237224
0.430753
0.00104337
2.27281e-34
2.27281e-34
8.41043e-35
0.000389547
8.41043e-35
0.000389547
0.00255975
0.00112222
0.00112222
0.00255975
0.00925364
0.00512058
0.00925364
0.00512058
0.0154196
0.0240685
0.0154196
0.0240685
0.0504178
0.0356138
0.0908481
0.0687631
0.0356138
0.0504178
0.146479
0.116759
0.0908481
0.0687631
0.21665
0.179861
0.116759
0.146479
0.298812
0.256461
0.179861
0.21665
0.298812
0.256461
0.343109
0.388682
0.343109
0.388682
0.48062
0.434783
0.48062
0.434783
0.525366
0.568188
0.644813
0.608266
0.677103
0.70448
0.525366
0.568188
0.742364
0.726385
0.608266
0.644813
0.677103
0.70448
0.742364
0.726385
0.755351
0.752089
0.752089
0.000414427
0.524391
0.565026
0.602618
0.0012008
0.636415
0.665727
0.00274767
0.689948
0.708576
0.00549282
0.721217
0.727605
0.0376156
0.00989864
0.0530094
0.727605
0.721217
0.0164313
0.708576
0.689948
0.151357
0.185093
0.0255359
0.665727
0.636415
0.0376156
0.602618
0.565026
0.0530094
0.524391
0.481513
0.0719752
0.437214
0.392317
0.0946732
0.347624
0.303897
0.121155
0.261836
0.222059
0.151357
0.185093
0.121155
0.0946732
0.222059
0.0719752
0.261836
0.0255359
0.303897
0.0164313
0.00989864
0.347624
0.00549282
0.00274767
0.392317
0.0012008
0.000414427
0.437214
0.481513
2.60064e-34
2.60064e-34
9.18961e-35
0.000439181
0.000439181
9.18961e-35
0.00127968
0.00293463
0.00127968
0.00293463
0.00586112
0.010533
0.010533
0.00586112
0.026957
0.017418
0.026957
0.017418
0.0554732
0.0395355
0.0982275
0.0749942
0.0395355
0.0554732
0.155751
0.125181
0.0982275
0.0749942
0.189707
0.226707
0.155751
0.125181
0.266287
0.307893
0.189707
0.226707
0.266287
0.307893
0.350873
0.394509
0.350873
0.394509
0.48062
0.438026
0.48062
0.438026
0.559781
0.521473
0.594771
0.625724
0.673035
0.651998
0.521473
0.559781
0.688394
0.697741
0.594771
0.625724
0.651998
0.673035
0.688394
0.700881
0.697741
0.552494
0.0013575
0.584783
0.612823
0.636018
0.00311933
0.653869
0.00622315
0.66599
0.0111516
0.672118
0.672118
0.0111516
0.0413613
0.66599
0.0183737
0.653869
0.636018
0.101482
0.612823
0.0283198
0.584783
0.0413613
0.552494
0.516635
0.269786
0.477947
0.0577891
0.437214
0.0778003
0.395241
0.352832
0.310768
0.101482
0.128808
0.230557
0.193673
0.159628
0.159628
0.128808
0.193673
0.0778003
0.0577891
0.230557
0.269786
0.0283198
0.0183737
0.310768
0.00622315
0.352832
0.00311933
0.0013575
0.000463744
0.395241
0.437214
0.000463744
0.477947
0.516635
2.92904e-34
2.92904e-34
9.92962e-35
0.000487971
0.000487971
9.92962e-35
0.0033006
0.00143446
0.00143446
0.0033006
0.0117503
0.00657571
0.00657571
0.0117503
0.0192896
0.0296155
0.0192896
0.0296155
0.0430765
0.0599412
0.104415
0.080369
0.0430765
0.0599412
0.16296
0.132007
0.104415
0.080369
0.233583
0.196958
0.132007
0.16296
0.312503
0.272303
0.233583
0.196958
0.312503
0.272303
0.353487
0.394509
0.353487
0.394509
0.434783
0.473514
0.434783
0.473514
0.509912
0.543219
0.57273
0.597808
0.632594
0.61791
0.509912
0.543219
0.64454
0.641538
0.597808
0.57273
0.632594
0.61791
0.641538
0.00150956
0.532025
0.5587
0.580792
0.00347693
0.597809
0.00347693
0.00691705
0.609371
0.0123241
0.0201607
0.615218
0.615218
0.0123241
0.609371
0.0619116
0.0201607
0.597809
0.580792
0.5587
0.0308328
0.165719
0.19954
0.532025
0.0446711
0.501354
0.467354
0.430752
0.0619116
0.392316
0.0826844
0.352832
0.313082
0.273821
0.107002
0.23576
0.134757
0.134757
0.165719
0.107002
0.19954
0.0826844
0.0446711
0.23576
0.0308328
0.273821
0.00691705
0.313082
0.352832
0.00150956
0.000511697
0.392316
0.430752
0.000511697
0.467354
0.501354
3.25157e-34
3.25157e-34
1.06242e-34
0.000534873
0.000534873
1.06242e-34
0.00364746
0.00158259
0.00158259
0.00364746
0.0128695
0.00724362
0.0128695
0.00724362
0.0319642
0.0209785
0.0209785
0.0319642
0.0461301
0.0636871
0.0847256
0.109226
0.0461301
0.0636871
0.167888
0.137035
0.0847256
0.109226
0.201397
0.237073
0.137035
0.167888
0.274328
0.312502
0.237073
0.201397
0.312502
0.274328
0.350873
0.388681
0.388681
0.350873
0.425152
0.459514
0.459514
0.425152
0.491027
0.518997
0.542802
0.561903
0.575869
0.584377
0.491027
0.518997
0.584377
0.587237
0.561903
0.542802
0.575869
0.525153
0.00381047
0.541285
0.000557227
0.552254
0.00755436
0.557803
0.557803
0.0133815
0.0133815
0.021739
0.552254
0.541285
0.021739
0.525153
0.504233
0.0329996
0.479007
0.450053
0.0474458
0.418023
0.169448
0.38363
0.0652528
0.347624
0.310768
0.086481
0.273821
0.237511
0.111067
0.202518
0.138825
0.138825
0.111067
0.169448
0.086481
0.0652528
0.202518
0.0474458
0.0329996
0.237511
0.273821
0.00755436
0.00381047
0.310768
0.00165304
0.347624
0.38363
0.000557227
0.504233
0.418023
0.450053
0.479007
0.00165304
3.56138e-34
3.56138e-34
1.12657e-34
0.000578824
0.000578824
1.12657e-34
0.00172022
0.00396546
0.00172022
0.00396546
0.0138575
0.00784543
0.00784543
0.0138575
0.0339329
0.0224342
0.0224342
0.0339329
0.0665988
0.0486049
0.112514
0.0879337
0.0486049
0.0665988
0.140112
0.17039
0.112514
0.0879337
0.202891
0.237073
0.17039
0.140112
0.272303
0.307893
0.237073
0.202891
0.272303
0.307893
0.377201
0.343109
0.377201
0.343109
0.40942
0.43904
0.43904
0.40942
0.487844
0.465386
0.519094
0.50589
0.529851
0.527147
0.487844
0.465386
0.527147
0.50589
0.519094
0.00411055
0.495501
0.00811653
0.500737
0.500737
0.495501
0.00411055
0.0142927
0.485156
0.0230616
0.469955
0.450265
0.426561
0.0496023
0.0347554
0.399407
0.0496023
0.369442
0.113555
0.337363
0.303897
0.170704
0.0677131
0.269786
0.0890766
0.23576
0.202518
0.113555
0.140889
0.140889
0.0890766
0.0677131
0.170704
0.202518
0.0347554
0.0230616
0.0142927
0.23576
0.00811653
0.269786
0.00178415
0.000599282
0.303897
0.337363
0.000599282
0.485156
0.369442
0.399407
0.426561
0.00178415
0.450265
0.469955
3.85152e-34
3.85152e-34
1.1846e-34
0.000618789
0.000618789
1.1846e-34
0.00424561
0.00184366
0.00184366
0.00424561
0.0146852
0.00836363
0.0146852
0.00836363
0.0354628
0.0236136
0.0236136
0.0354628
0.0685894
0.0504271
0.114183
0.0898976
0.0504271
0.0685894
0.170389
0.141148
0.0898976
0.114183
0.233582
0.201397
0.170389
0.141148
0.298811
0.266287
0.201397
0.233582
0.266287
0.298811
0.330428
0.360412
0.330428
0.360412
0.388059
0.412707
0.388059
0.412707
0.433761
0.450701
0.463112
0.470684
0.47323
0.470684
0.450701
0.433761
0.463112
0.00858722
0.444835
0.444835
0.000636855
0.439925
0.0150307
0.430229
0.0240893
0.415996
0.0150307
0.0240893
0.397586
0.375462
0.036048
0.350178
0.0510766
0.322356
0.292673
0.114393
0.261835
0.0692192
0.230557
0.090394
0.19954
0.169448
0.140889
0.114393
0.140889
0.090394
0.0692192
0.0510766
0.169448
0.036048
0.19954
0.00858722
0.230557
0.00436865
0.261835
0.00189937
0.292673
0.322356
0.000636855
0.439925
0.350178
0.375462
0.00189937
0.397586
0.415996
0.430229
0.00436865
4.11521e-34
4.11521e-34
1.23564e-34
0.000653797
0.000653797
1.23564e-34
0.00194961
0.00447996
0.00194961
0.00447996
0.0153282
0.00878315
0.0153282
0.00878315
0.0365086
0.0244818
0.0244818
0.0365086
0.0515424
0.0695997
0.114183
0.0905587
0.0695997
0.0515424
0.140112
0.167888
0.0905587
0.114183
0.226706
0.196958
0.167888
0.140112
0.285529
0.256461
0.226706
0.196958
0.256461
0.285529
0.313209
0.338818
0.313209
0.338818
0.381311
0.361713
0.381311
0.361713
0.397109
0.408696
0.415773
0.418152
0.415773
0.397109
0.408696
0.386267
0.0155738
0.377242
0.364006
0.0247917
0.346914
0.326417
0.0368392
0.303055
0.0155738
0.277433
0.0518248
0.250207
0.0518248
0.222058
0.0697262
0.0697262
0.193673
0.165719
0.0903939
0.138825
0.113555
0.113555
0.0903939
0.138825
0.0368392
0.165719
0.0247917
0.193673
0.00895274
0.00457744
0.222058
0.0019956
0.000669022
0.250207
0.277433
0.000669022
0.390842
0.303055
0.390842
0.326417
0.346914
0.0019956
0.364006
0.377242
0.00457744
0.386267
0.00895274
4.3461e-34
4.3461e-34
1.27886e-34
0.000682979
0.000682979
1.27886e-34
0.00466184
0.00203519
0.00466184
0.00203519
0.00909182
0.0157676
0.0157676
0.00909182
0.0370394
0.0250132
0.0250132
0.0370394
0.0519179
0.0695996
0.0898975
0.112514
0.0695996
0.0519179
0.162959
0.137034
0.112514
0.0898975
0.189707
0.216649
0.162959
0.137034
0.268446
0.243119
0.216649
0.189707
0.243119
0.268446
0.291971
0.31307
0.31307
0.291971
0.331179
0.345804
0.345804
0.331179
0.356548
0.363114
0.365325
0.363114
0.356548
0.0159062
0.314627
0.0251482
0.298879
0.280041
0.258636
0.004731
0.0371056
0.235251
0.0159062
0.0518248
0.210518
0.185092
0.159628
0.0692191
0.134757
0.0890765
0.111067
0.0890765
0.0692191
0.111067
0.0518248
0.134757
0.0371056
0.0251482
0.159628
0.00920249
0.185092
0.0020702
0.000694977
0.210518
0.235251
0.000694977
0.326844
0.258636
0.280041
0.298879
0.339417
0.0020702
0.314627
0.326844
0.335186
0.004731
0.00920249
0.339417
0.335186
4.5385e-34
4.5385e-34
1.31349e-34
0.000705598
0.000705598
1.31349e-34
0.00478609
0.00209805
0.00209805
0.00478609
0.0159906
0.00928067
0.00928067
0.0159906
0.0370394
0.0251921
0.0251921
0.0370394
0.0685893
0.0515424
0.109225
0.0879337
0.0685893
0.0515424
0.155751
0.132007
0.109225
0.0879337
0.203713
0.179861
0.155751
0.132007
0.226662
0.248077
0.179861
0.203713
0.226662
0.248077
0.283952
0.267357
0.283952
0.267357
0.297387
0.307272
0.307272
0.297387
0.313322
0.315358
0.313322
0.0251483
0.254014
0.23685
0.217418
0.0368392
0.196284
0.00482495
0.0510766
0.174055
0.0160182
0.151356
0.128808
0.067713
0.107002
0.0864808
0.0864808
0.067713
0.0510766
0.107002
0.0368392
0.128808
0.0251483
0.00932924
0.151356
0.174055
0.00212115
0.000714063
0.196284
0.217418
0.000714063
0.268403
0.23685
0.254014
0.28724
0.291123
0.00212115
0.268403
0.27959
0.28724
0.00482495
0.291123
0.00932924
0.27959
0.0160182
4.68759e-34
4.68759e-34
1.33888e-34
0.000721078
0.000721078
1.33888e-34
0.00484917
0.00213648
0.00213648
0.00484917
0.0159907
0.00934425
0.0159907
0.00934425
0.0365087
0.0250132
0.0250132
0.0365087
0.0504271
0.0665987
0.0847256
0.104415
0.0504271
0.0665987
0.125181
0.146478
0.104415
0.0847256
0.167717
0.188288
0.146478
0.125181
0.22504
0.207589
0.188288
0.167717
0.207589
0.22504
0.252351
0.240115
0.240115
0.252351
0.2669
0.261374
0.261374
0.2669
0.268763
0.179786
0.0360481
0.160894
0.00072579
0.141153
0.0496023
0.121155
0.101482
0.0652527
0.0159063
0.0247918
0.0826841
0.0652527
0.0826841
0.0496023
0.0360481
0.101482
0.121155
0.00932931
0.00485663
0.141153
0.00214703
0.160894
0.179786
0.00072579
0.197249
0.197249
0.212738
0.212738
0.225767
0.00214703
0.235922
0.242878
0.00485663
0.246412
0.246412
0.00932931
0.242878
0.235922
0.0159063
0.225767
0.0247918
4.7896e-34
4.7896e-34
1.35454e-34
0.00072902
0.00072902
1.35454e-34
0.00214942
0.0048493
0.00214942
0.0048493
0.0157678
0.00928071
0.00928071
0.0157678
0.0354629
0.0244819
0.0244819
0.0354629
0.0486049
0.0636869
0.0982268
0.080369
0.0636869
0.0486049
0.135421
0.116759
0.0982268
0.080369
0.170842
0.15364
0.135421
0.116759
0.200038
0.186478
0.170842
0.15364
0.186478
0.200038
0.21924
0.211081
0.21924
0.211081
0.224247
0.224247
0.225934
0.0347554
0.112029
0.0474457
0.0946727
0.0777999
0.0619114
0.00482514
0.0619114
0.0474457
0.0777999
0.0347554
0.0240895
0.015574
0.0946727
0.0092027
0.112029
0.00214715
0.000729855
0.129326
0.146008
0.000729855
0.129326
0.161525
0.175358
0.187039
0.175358
0.00214715
0.196169
0.202436
0.205624
0.00482514
0.205624
0.0092027
0.202436
0.196169
0.187039
0.015574
0.0240895
0.161525
0.146008
4.84192e-34
4.84192e-34
1.36016e-34
0.000729219
0.000729219
1.36016e-34
0.00478646
0.00213652
0.00213652
0.00478646
0.0153285
0.0090919
0.0090919
0.0153285
0.0236137
0.0339329
0.0339329
0.0236137
0.0461301
0.0599409
0.0749942
0.0908473
0.0461301
0.0599409
0.106998
0.122915
0.0749942
0.0908473
0.151907
0.138059
0.106998
0.122915
0.163976
0.173839
0.151907
0.138059
0.163976
0.173839
0.185639
0.181148
0.185639
0.181148
0.187155
0.044671
0.0719749
0.0577889
0.000726152
0.044671
0.0577889
0.0329997
0.0719749
0.0230618
0.015031
0.00895309
0.0867789
0.00473136
0.101705
0.00212149
0.116235
0.129851
0.000726152
0.0867789
0.142061
0.152418
0.116235
0.129851
0.00212149
0.160542
0.166131
0.168979
0.160542
0.00473136
0.168979
0.00895309
0.166131
0.152418
0.015031
0.142061
0.0230618
0.101705
0.0329997
4.84321e-34
4.84321e-34
1.35562e-34
0.000721668
0.000721668
1.35562e-34
0.00466244
0.00209813
0.00209813
0.00466244
0.00878327
0.0146856
0.0146856
0.00878327
0.0224343
0.0319643
0.0224343
0.0319643
0.0430765
0.0554729
0.0824991
0.0687631
0.0554729
0.0430765
0.0961915
0.109339
0.0824991
0.0687631
0.121449
0.132063
0.0961915
0.109339
0.140775
0.14725
0.121449
0.132063
0.140775
0.14725
0.152584
0.151238
0.151238
0.0308329
0.0530092
0.0217393
0.014293
0.0653846
0.00858769
0.00457796
0.0780399
0.00207077
0.000714777
0.0904986
0.102279
0.000714777
0.0413612
0.112917
0.0530092
0.12199
0.129136
0.00207077
0.134065
0.136581
0.102279
0.112917
0.00457796
0.136581
0.134065
0.00858769
0.129136
0.12199
0.014293
0.0217393
0.0904986
0.0780399
0.0308329
0.0653846
0.0413612
4.79341e-34
4.79341e-34
1.341e-34
0.000706561
0.000706561
1.341e-34
0.0020353
0.00448078
0.0020353
0.00448078
0.0138581
0.00836378
0.0138581
0.00836378
0.0209786
0.0296156
0.0209786
0.0296156
0.0395356
0.0504174
0.0734358
0.061864
0.0504174
0.0395356
0.0951091
0.0846704
0.0734358
0.061864
0.11192
0.104321
0.0951091
0.0846704
0.12109
0.11759
0.104321
0.11192
0.12109
0.11759
0.122274
0.0477164
0.00811712
0.058229
0.00436932
0.00199636
0.000696021
0.0687217
0.0787513
0.000696021
0.013382
0.0878855
0.0957269
0.101932
0.0376156
0.00199636
0.106227
0.108423
0.108423
0.0687217
0.00436932
0.106227
0.00811712
0.101932
0.0957269
0.0878855
0.013382
0.0787513
0.020161
0.058229
0.0477164
0.0283199
0.0376156
0.0283199
0.020161
4.69381e-34
4.69381e-34
1.31661e-34
0.000684286
0.000684286
1.31661e-34
0.00424662
0.00194976
0.00194976
0.00424662
0.00784561
0.0128702
0.0128702
0.00784561
0.0192897
0.0269571
0.0269571
0.0192897
0.0449274
0.0356138
0.0545067
0.063934
0.0449274
0.0356138
0.080663
0.0727873
0.063934
0.0545067
0.0872017
0.0920998
0.080663
0.0727873
0.0961596
0.0951336
0.0920998
0.0872017
0.0951336
0.050726
0.00190032
0.000670364
0.0591094
0.0668235
0.000670364
0.00411135
0.0734976
0.0788093
0.0123246
0.0183741
0.00190032
0.0825007
0.0843924
0.0843924
0.042071
0.00411135
0.0825007
0.00755503
0.0788093
0.0734976
0.0668235
0.0123246
0.0591094
0.0183741
0.050726
0.0335471
0.025536
0.025536
0.0335471
0.00755503
0.042071
4.54693e-34
4.54693e-34
1.2829e-34
0.000655408
0.000655408
1.2829e-34
0.00184384
0.00396663
0.00184384
0.00396663
0.011751
0.00724382
0.011751
0.00724382
0.0240686
0.0174182
0.0240686
0.0174182
0.0391696
0.0314298
0.0469157
0.0542847
0.0391696
0.0314298
0.0609066
0.0664436
0.0469157
0.0542847
0.0706154
0.073206
0.0664436
0.0609066
0.0740855
0.073206
0.0706154
0.0494971
0.000638455
0.0550807
0.000638455
0.0595554
0.06268
0.00178524
0.0642857
0.0642857
0.0111521
0.0164317
0.00381138
0.06268
0.0292791
0.0595554
0.0069178
0.0550807
0.0494971
0.0111521
0.0431048
0.0362449
0.0164317
0.0225649
0.0225649
0.0292791
0.0069178
0.00381138
0.0362449
0.00178524
0.0431048
4.35648e-34
4.35648e-34
1.2405e-34
0.000620656
1.2405e-34
0.000620656
0.00364876
0.00172041
0.00172041
0.00364876
0.00657593
0.0105338
0.00657593
0.0105338
0.0210372
0.0154198
0.0154198
0.0210372
0.0271104
0.0333194
0.0393228
0.0447828
0.0333194
0.0271104
0.0493914
0.052884
0.0447828
0.0393228
0.0558036
0.0550639
0.052884
0.0493914
0.0550639
0.000601091
0.0401779
0.0438799
0.0464797
0.00165425
0.0478203
0.00347791
0.0478203
0.0464797
0.00347791
0.0438799
0.00622394
0.0401779
0.0355978
0.0304154
0.0098992
0.0249409
0.014392
0.0194963
0.014392
0.0098992
0.0194963
0.00622394
0.0249409
0.00165425
0.000601091
0.0304154
0.0355978
4.12722e-34
4.12722e-34
1.19015e-34
0.00058089
0.00058089
1.19015e-34
0.00330198
0.00158281
0.00158281
0.00330198
0.0092544
0.00586135
0.00586135
0.0092544
0.0179543
0.0133543
0.0179543
0.0133543
0.0275547
0.0227865
0.0357165
0.0319588
0.0227865
0.0275547
0.0385885
0.040388
0.0357165
0.0319588
0.0410019
0.0385885
0.040388
0.0335538
0.00151085
0.0346523
0.00055919
0.0346523
0.0335538
0.00312035
0.0314319
0.00549364
0.00860296
0.012316
0.0284319
0.024759
0.0206637
0.00860296
0.0164225
0.012316
0.00549364
0.0164225
0.00312035
0.0206637
0.00151085
0.024759
0.0284319
0.00055919
0.0314319
3.86478e-34
3.86478e-34
1.13268e-34
0.000537074
0.000537074
1.13268e-34
0.00293605
0.00143468
0.00143468
0.00293605
0.00512081
0.00795071
0.00512081
0.00795071
0.0112836
0.0149125
0.0149125
0.0112836
0.0220489
0.0185884
0.0250442
0.0273543
0.0185884
0.0220489
0.0288125
0.0293098
0.0273543
0.0250442
0.0288125
0.00135883
0.0243943
0.0235127
0.00274872
0.0218186
0.0194444
0.00474799
0.0165756
0.0134355
0.00730152
0.0102656
0.00730152
0.0102656
0.00474799
0.00274872
0.0134355
0.00135883
0.000513752
0.0165756
0.0194444
0.000513752
0.0218186
0.0235127
0.0243943
3.57546e-34
3.57546e-34
1.06892e-34
0.000490239
0.000490239
1.06892e-34
0.00256117
0.00127991
0.00127991
0.00256117
0.00437562
0.00666089
0.00437562
0.00666089
0.0092687
0.0120022
0.0092687
0.0120022
0.0146404
0.0169636
0.0199317
0.0187789
0.0169636
0.0146404
0.0199317
0.020328
0.0187789
0.0159433
0.0146241
0.00237326
0.0127958
0.00400831
0.010623
0.00237326
0.00830072
0.00603277
0.00603277
0.00400831
0.00830072
0.00120212
0.000465829
0.010623
0.0127958
0.000465829
0.0146241
0.016634
0.0159433
0.016634
0.00120212
3.26603e-34
3.26603e-34
0.000441445
9.99692e-35
0.000441445
9.99692e-35
0.00218756
0.00112244
0.00112244
0.00218756
0.00542211
0.00364688
0.00542211
0.00364688
0.00736816
0.00930735
0.00736816
0.00930735
0.0124406
0.0110551
0.0136365
0.0133307
0.0110551
0.0133307
0.0124406
0.00200412
0.00806438
0.00329529
0.0064775
0.00483277
0.00329529
0.00483277
0.00200412
0.0064775
0.00104465
0.000416476
0.00806438
0.00942865
0.000416476
0.0104268
0.0104268
0.0109536
0.00104465
0.0109536
0.00942865
2.94342e-34
2.94342e-34
9.25741e-35
0.000391738
0.000391738
9.25741e-35
0.00182516
0.000966146
0.000966146
0.00182516
0.00426892
0.00295464
0.00295464
0.00426892
0.00563476
0.0069016
0.0069016
0.00563476
0.00792718
0.00859266
0.00882409
0.00859266
0.00792718
0.00262811
0.00262811
0.00165088
0.00373407
0.000890201
0.000366716
0.00484484
0.0058263
0.000366716
0.00373407
0.00484484
0.00655737
0.00694712
0.00694712
0.000890201
0.00655737
0.0058263
0.00165088
2.61447e-34
2.61447e-34
8.47696e-35
0.000342105
0.000342105
8.47696e-35
0.0014831
0.00081465
0.0014831
0.00081465
0.00323146
0.00231695
0.00323146
0.00231695
0.00484349
0.00411279
0.00411279
0.00484349
0.00532646
0.00549433
0.00532646
0.000742216
0.000317491
0.00276396
0.00344163
0.000317491
0.00395794
0.00132213
0.00423677
0.00423677
0.00276396
0.000742216
0.00395794
0.00344163
0.00132213
0.00202348
0.00202348
2.28567e-34
2.28567e-34
7.66033e-35
0.000293435
0.000293435
7.66033e-35
0.000671176
0.00116932
0.000671176
0.00116932
0.00233365
0.00174891
0.00233365
0.00174891
0.00317159
0.00283492
0.00283492
0.00329089
0.00317159
0.0019425
0.00229346
0.000269621
0.000269621
0.00248598
0.00248598
0.000603657
0.00229346
0.0019425
0.0014946
0.001025
0.001025
0.0014946
0.000603657
1.96282e-34
1.96282e-34
6.81064e-35
0.000246473
6.81064e-35
0.000246473
0.000538369
0.000890045
0.000538369
0.000890045
0.0015912
0.00126156
0.0015912
0.00126156
0.00189935
0.00181881
0.00181881
0.000223767
0.00140923
0.00140923
0.00128052
0.000476825
0.00105012
0.000764719
0.000764719
0.000476825
0.000223767
0.00105012
0.00128052
1.65082e-34
1.65082e-34
5.92938e-35
0.000201786
0.000201786
5.92938e-35
0.000649343
0.000418131
0.000418131
0.000649343
0.000860855
0.00100956
0.000860855
0.00100956
0.00106366
0.000693016
0.000363195
0.000544045
0.000363195
0.000180389
0.000544045
0.000693016
0.000180389
0.000777521
0.000777521
1.35338e-34
1.35338e-34
5.0167e-35
0.000159727
0.000159727
5.0167e-35
0.00044859
0.000311453
0.000311453
0.00044859
0.000546486
0.000546486
0.000581716
0.000263254
0.000263254
0.000139725
0.000362835
0.000419431
0.000139725
0.000419431
0.000362835
1.07282e-34
1.07282e-34
4.07215e-35
0.000120412
4.07215e-35
0.000120412
0.000218267
0.000285988
0.000218267
0.000285988
0.000310741
0.000217509
0.000101761
0.000217509
0.000176353
0.000101761
0.000176353
8.09895e-35
8.09895e-35
8.36998e-05
3.09565e-35
8.36998e-05
3.09565e-35
0.000137293
0.000137293
0.000156065
6.62255e-05
0.000100568
6.62255e-05
0.000100568
5.63684e-35
5.63684e-35
2.08903e-35
4.91879e-05
4.91879e-05
2.08903e-35
6.59022e-05
3.25803e-05
3.25803e-05
3.31526e-35
3.31526e-35
1.05813e-35
1.05813e-35
1.62155e-05
-2.41615e-38
1.0907e-35
1.0907e-35
