1.50764e-38
2.04622e-35
2.04622e-35
2.0569e-35
6.17095e-35
3.07837e-05
6.17389e-05
2.0569e-35
6.17095e-35
6.17389e-05
4.11137e-35
0.000124688
1.04064e-34
9.29669e-05
0.000124261
0.000188186
0.000188186
9.29669e-05
0.000124688
1.04064e-34
4.11137e-35
6.15086e-35
0.000189791
1.48025e-34
0.000156902
0.000322853
0.000393202
0.000254298
0.000287625
6.15086e-35
0.000189791
0.000254298
0.000393202
0.000322853
0.000156902
1.48025e-34
8.17209e-35
0.000223346
0.000257659
1.93887e-34
0.000394435
0.00046926
0.000627427
0.000505991
0.000713271
0.000545401
0.000713271
0.000505991
0.000223346
1.93887e-34
0.000257659
8.17209e-35
0.00046926
0.000394435
0.000627427
1.01736e-34
2.41729e-34
0.000292749
0.00032858
0.000547463
0.000629428
0.000898607
0.000758011
0.00032858
2.41729e-34
0.000292749
1.01736e-34
0.00122021
0.000949728
0.00110636
0.000899933
0.000899933
0.000898607
0.00110636
0.000547463
0.00122021
0.000758011
0.000629428
1.21535e-34
0.00040251
2.91414e-34
0.00036523
0.000714694
0.000803968
0.00121037
0.00104931
0.00152737
0.00133457
0.00158453
0.00187404
2.91414e-34
0.00040251
0.00036523
1.21535e-34
0.000714694
0.00121037
0.000803968
0.00104931
0.00159629
0.0020323
0.00152737
0.0020323
0.00158453
0.00187404
0.00133457
1.41077e-34
0.00047908
3.42598e-34
0.000440579
0.00089609
0.000992206
0.00156271
0.00138163
0.00268893
0.00226089
0.00185711
0.00215158
0.00253312
0.00309954
0.00332189
0.00262838
1.41077e-34
0.00047908
3.42598e-34
0.000440579
0.00089609
0.000992206
0.00156271
0.00138163
0.00309954
0.00268893
0.00215158
0.00332189
0.00185711
0.00253312
0.00226089
1.60287e-34
0.000557621
3.94753e-34
0.000518272
0.0010904
0.00119233
0.00195243
0.0017533
0.00280416
0.00366513
0.00315723
0.00246764
0.00373357
0.00443331
0.00501005
0.00411514
0.000518272
1.60287e-34
0.000557621
3.94753e-34
0.0042496
0.00531912
0.00531912
0.00411514
0.00119233
0.00195243
0.0010904
0.0017533
0.00315723
0.00443331
0.00501005
0.00280416
0.00246764
0.00373357
0.00366513
1.79054e-34
0.000637198
4.4719e-34
0.0005975
0.00215977
0.0012953
0.00140154
0.00237373
0.00353294
0.00479112
0.00421047
0.00315968
0.00519815
0.00602416
0.0070976
0.00600482
0.00653367
0.00789018
0.00831073
0.00671664
4.4719e-34
0.0005975
1.79054e-34
0.000637198
0.00237373
0.00140154
0.00215977
0.0012953
0.00831073
0.00789018
0.00653367
0.00600482
0.00421047
0.00315968
0.00353294
0.00479112
0.00602416
0.0070976
0.00519815
1.97231e-34
0.000716654
4.9909e-34
0.000677209
0.0015076
0.0028186
0.00259405
0.00161628
0.000677209
0.000716654
4.9909e-34
1.97231e-34
0.00432371
0.00604578
0.00540403
0.00392134
0.00690837
0.00955693
0.00828333
0.00784541
0.0100986
0.0110152
0.0120762
0.00938661
0.0126346
0.0103458
0.0100986
0.0126346
0.00161628
0.0028186
0.00259405
0.0015076
0.00604578
0.00432371
0.00540403
0.00392134
0.0120762
0.0110152
0.00784541
0.00938661
0.00955693
0.00690837
0.00828333
2.14636e-34
0.000794663
5.49547e-34
0.00075615
0.00172341
0.00183236
0.00327745
0.00304728
0.00075615
0.000794663
5.49547e-34
2.14636e-34
0.00515851
0.00740041
0.00671273
0.00473641
0.00183236
0.00304728
0.00327745
0.00172341
0.00883028
0.00985667
0.0109108
0.0123373
0.0142342
0.0146379
0.0165627
0.0127694
0.0186697
0.015494
0.0179465
0.0151724
0.0151724
0.0186697
0.0179465
0.0142342
0.00473641
0.00740041
0.00515851
0.00671273
0.0165627
0.0109108
0.0123373
0.00985667
0.00883028
0.0127694
0.0146379
2.31062e-34
0.000832934
0.000869789
5.97598e-34
0.00193832
0.00204519
0.00373951
0.00350921
0.00601667
0.00882068
0.00810484
0.00558544
0.000832934
0.000869789
5.97598e-34
2.31062e-34
0.00373951
0.00204519
0.00350921
0.00193832
0.0109178
0.012007
0.01537
0.0138269
0.00601667
0.00810484
0.00558544
0.00882068
0.0166104
0.018673
0.0216734
0.0190473
0.0209447
0.0221467
0.0241472
0.0259081
0.0268232
0.0221467
0.0225597
0.0268232
0.0209447
0.0241472
0.0259081
0.0190473
0.012007
0.018673
0.0138269
0.0109178
0.0216734
0.0166104
0.01537
2.46284e-34
6.42268e-34
0.000906088
0.000940543
0.00214763
0.00225001
0.0041934
0.00396871
0.00687586
0.0102686
0.00954391
0.00644682
0.000906088
0.000940543
6.42268e-34
2.46284e-34
0.0131161
0.0142382
0.0185731
0.0169558
0.0041934
0.00225001
0.00396871
0.00214763
0.00954391
0.0102686
0.00687586
0.00644682
0.0230134
0.0208125
0.027277
0.0244227
0.0142382
0.0131161
0.0169558
0.0185731
0.0299306
0.0275359
0.0341895
0.0310862
0.0314402
0.0363807
0.0319543
0.0375141
0.0375141
0.0299306
0.0314402
0.0363807
0.0275359
0.0244227
0.0208125
0.0310862
0.0230134
0.027277
0.0341895
2.6007e-34
0.00100544
6.82605e-34
0.00097412
0.00234653
0.00244199
0.00462753
0.00441423
0.00771301
0.011704
0.00729774
0.0109907
0.0153642
0.0164875
0.0218559
0.0202105
0.00097412
0.00100544
6.82605e-34
2.6007e-34
0.00244199
0.00462753
0.00441423
0.00234653
0.0332173
0.0275366
0.0252602
0.0302155
0.011704
0.00771301
0.0109907
0.00729774
0.0202105
0.0153642
0.0164875
0.0218559
0.0432965
0.0386549
0.034775
0.0385746
0.0252602
0.0332173
0.0275366
0.0302155
0.0434679
0.0416154
0.0497784
0.0471061
0.0511553
0.0440999
0.0434679
0.0511553
0.0386549
0.0432965
0.0385746
0.0416154
0.0497784
0.0471061
0.034775
2.72191e-34
0.00106307
7.1772e-34
0.00103557
0.00253028
0.0026165
0.0050306
0.00483426
0.00850523
0.00811511
0.0130865
0.0124048
0.0175982
0.0186904
0.0251235
0.0234978
2.72191e-34
7.1772e-34
0.00103557
0.00106307
0.0362603
0.0298257
0.0321111
0.039322
0.00253028
0.0026165
0.0050306
0.00483426
0.0130865
0.00850523
0.0124048
0.00811511
0.0463966
0.0529712
0.0480801
0.0424583
0.0234978
0.0251235
0.0175982
0.0186904
0.0298257
0.0321111
0.0362603
0.039322
0.0587031
0.0632904
0.0528165
0.0564011
0.0529712
0.0463966
0.0424583
0.0480801
0.059395
0.0586369
0.0681345
0.0664908
0.0587031
0.0681345
0.0632904
0.0664908
0.0564011
0.0586369
0.0528165
2.82434e-34
0.00111214
7.46816e-34
0.00108908
0.00269438
0.00276923
0.00539191
0.00521777
0.00887645
0.00923061
0.0143769
0.0137461
0.0197537
0.0207832
0.02828
0.0267219
0.00108908
0.00111214
7.46816e-34
2.82434e-34
0.0423797
0.0343751
0.036602
0.0454102
0.00269438
0.00521777
0.00539191
0.00276923
0.0629285
0.0579329
0.0543208
0.0503608
0.00923061
0.0143769
0.0137461
0.00887645
0.0267219
0.02828
0.0207832
0.0197537
0.0708336
0.0776631
0.070395
0.0647243
0.0454102
0.0343751
0.036602
0.0423797
0.0629285
0.0543208
0.0503608
0.0579329
0.0773123
0.0746636
0.0830931
0.0868641
0.070395
0.0647243
0.0776631
0.0708336
0.0887958
0.0782117
0.0773123
0.0746636
0.0868641
0.0830931
0.0887958
2.90607e-34
0.00115151
7.69221e-34
0.00113344
0.00283475
0.00289634
0.00570183
0.00555455
0.00113344
0.00115151
7.69221e-34
2.90607e-34
0.00956063
0.00986897
0.0155382
0.0149764
0.0217682
0.022705
0.0312327
0.0297878
0.0513002
0.0483914
0.0387737
0.0408759
0.00555455
0.00283475
0.00570183
0.00289634
0.0621098
0.06792
0.0728699
0.0582469
0.00956063
0.0155382
0.0149764
0.00986897
0.0850396
0.0831348
0.0924695
0.0769863
0.0312327
0.022705
0.0297878
0.0217682
0.0513002
0.0408759
0.0387737
0.0483914
0.0967185
0.100474
0.106804
0.091719
0.0728699
0.0621098
0.0582469
0.06792
0.0924695
0.0850396
0.0769863
0.0831348
0.099814
0.10086
0.113421
0.111183
0.0967185
0.091719
0.100474
0.106804
0.113421
0.099814
0.111183
2.96553e-34
0.00118026
7.84409e-34
0.0011676
0.00294783
0.00299462
0.00595201
0.00583556
0.0101486
0.0104025
0.0165373
0.0160606
0.0011676
0.00118026
7.84409e-34
2.96553e-34
0.00583556
0.00595201
0.00294783
0.00299462
0.0235831
0.0244
0.0338946
0.0326056
0.0448058
0.0568158
0.0541157
0.0428907
0.0695294
0.0777408
0.0824956
0.0658798
0.0101486
0.0160606
0.0165373
0.0104025
0.095235
0.107262
0.0998957
0.0892333
0.0235831
0.0326056
0.0244
0.0338946
0.118112
0.127357
0.109295
0.117042
0.0541157
0.0568158
0.0448058
0.0428907
0.0695294
0.0777408
0.0658798
0.0824956
0.126383
0.134634
0.139652
0.122819
0.0998957
0.095235
0.107262
0.0892333
0.109295
0.127357
0.117042
0.118112
0.127589
0.122819
0.142212
0.142212
0.126383
0.134634
0.139652
3.00154e-34
0.00119771
7.92019e-34
0.00119076
0.00303075
0.00306153
0.00613569
0.00605323
0.0106239
0.0108163
0.0173457
0.0169676
0.0251456
0.0350922
0.0258189
0.0361875
0.00119076
0.00119771
7.92019e-34
3.00154e-34
0.00306153
0.00605323
0.00613569
0.00303075
0.0169676
0.0173457
0.0108163
0.0106239
0.0482754
0.0617923
0.0593815
0.0466041
0.0870987
0.0915149
0.0730299
0.0763566
0.121592
0.114513
0.106768
0.101095
0.0350922
0.0251456
0.0361875
0.0258189
0.126859
0.135469
0.147901
0.137669
0.0466041
0.0482754
0.0593815
0.0617923
0.146538
0.166702
0.153125
0.15844
0.0915149
0.0763566
0.0870987
0.0730299
0.121592
0.106768
0.114513
0.101095
0.17528
0.157183
0.172385
0.158551
0.126859
0.135469
0.137669
0.147901
0.153125
0.146538
0.17528
0.172385
0.15844
0.157183
0.166702
3.01338e-34
0.00120345
7.91873e-34
0.00120237
0.00308138
0.00309538
0.00624789
0.00620166
0.0109732
0.0110987
0.0179401
0.0176715
0.00120237
0.00120345
7.91873e-34
3.01338e-34
0.0264105
0.0380442
0.0371747
0.0269206
0.0511819
0.0660815
0.0640317
0.0498039
0.00620166
0.00624789
0.00309538
0.00308138
0.0176715
0.0179401
0.0110987
0.0109732
0.0264105
0.0269206
0.0371747
0.0380442
0.0957115
0.0794828
0.0996563
0.0823872
0.135025
0.128447
0.117384
0.112211
0.143877
0.152018
0.167809
0.157973
0.0640317
0.0498039
0.0511819
0.0660815
0.181876
0.180278
0.193748
0.17025
0.0794828
0.0957115
0.0996563
0.0823872
0.192269
0.203025
0.20939
0.187706
0.128447
0.135025
0.117384
0.112211
0.167809
0.152018
0.157973
0.143877
0.212629
0.19381
0.192269
0.212629
0.181876
0.17025
0.20939
0.193748
0.180278
0.187706
0.203025
3.00082e-34
0.00119734
7.83974e-34
0.00120216
0.00309842
0.00309527
0.00628557
0.00627683
0.0111868
0.0112419
0.0183036
0.0181522
0.027341
0.0276733
0.0394105
0.0387921
0.00120216
0.00119734
7.83974e-34
3.00082e-34
0.00309527
0.00627683
0.00628557
0.00309842
0.0534399
0.0695563
0.0679282
0.0523956
0.0874411
0.106676
0.103321
0.0850456
0.0112419
0.0111868
0.0181522
0.0183036
0.0387921
0.027341
0.0394105
0.0276733
0.0534399
0.0523956
0.0695563
0.0679282
0.141276
0.147153
0.126764
0.122247
0.159831
0.167256
0.186474
0.177334
0.204226
0.193231
0.219963
0.207011
0.0850456
0.103321
0.0874411
0.106676
0.243503
0.233194
0.226512
0.218227
0.122247
0.126764
0.147153
0.141276
0.231596
0.250563
0.254151
0.233308
0.186474
0.177334
0.159831
0.167256
0.193231
0.204226
0.207011
0.219963
0.231596
0.226512
0.254151
0.250563
0.218227
0.233194
0.243503
2.9641e-34
0.00117952
7.68511e-34
0.00119014
0.00308141
0.00306122
0.00624771
0.0062767
0.018396
0.0112586
0.0112418
0.018426
0.00119014
0.00117952
7.68511e-34
2.9641e-34
0.0279102
0.0280551
0.0402465
0.0398973
0.054983
0.0721141
0.0709558
0.054303
0.00306122
0.0062767
0.00624771
0.00308141
0.018396
0.018426
0.0112586
0.0112418
0.0913684
0.112364
0.109698
0.0895528
0.134627
0.152613
0.130901
0.157612
0.0398973
0.0402465
0.0280551
0.0279102
0.0709558
0.054303
0.054983
0.0721141
0.112364
0.0913684
0.0895528
0.109698
0.174237
0.195162
0.203331
0.180722
0.214779
0.224809
0.244546
0.232507
0.260232
0.276573
0.247813
0.26197
0.130901
0.152613
0.157612
0.134627
0.269388
0.274995
0.287922
0.295682
0.174237
0.203331
0.195162
0.180722
0.29962
0.29962
0.276885
0.274995
0.224809
0.244546
0.214779
0.232507
0.295682
0.287922
0.26197
0.247813
0.276573
0.269388
0.260232
2.90398e-34
0.00115042
7.45852e-34
0.00116658
0.00303081
0.0029941
0.00613534
0.00620127
0.0183035
0.0183959
0.0111868
0.0110985
0.0281018
0.0280551
0.0405279
0.040458
0.00116658
0.00115042
7.45852e-34
2.90398e-34
0.0029941
0.00620127
0.00613534
0.00303081
0.055766
0.0736794
0.073025
0.0554703
0.0940527
0.116551
0.114654
0.0928708
0.0183959
0.0183035
0.0110985
0.0111868
0.040458
0.0281018
0.0405279
0.0280551
0.140738
0.166089
0.137914
0.162116
0.186662
0.210919
0.217869
0.192012
0.055766
0.0554703
0.0736794
0.073025
0.0928708
0.114654
0.116551
0.0940527
0.137914
0.162116
0.166089
0.140738
0.234241
0.255989
0.243002
0.266749
0.275559
0.307587
0.288475
0.292397
0.323559
0.306026
0.335948
0.316051
0.186662
0.210919
0.192012
0.217869
0.348694
0.322186
0.32425
0.344405
0.234241
0.243002
0.266749
0.255989
0.322186
0.348694
0.344405
0.316051
0.292397
0.288475
0.275559
0.307587
0.323559
0.306026
0.335948
2.82165e-34
0.00111074
7.16531e-34
0.00113206
0.00294792
0.00289564
0.0059515
0.0060526
0.0108159
0.0179399
0.018152
0.0109732
0.00113206
0.00111074
7.16531e-34
2.82165e-34
0.0279102
0.0276732
0.0402465
0.040458
0.055766
0.0742064
0.0558632
0.074075
0.00289564
0.0060526
0.0059515
0.00294792
0.018152
0.0179399
0.0109732
0.0108159
0.095415
0.119114
0.118042
0.0949015
0.169503
0.144916
0.17233
0.143077
0.0276732
0.0279102
0.0402465
0.040458
0.0558632
0.074075
0.0742064
0.055766
0.196732
0.200787
0.22413
0.229653
0.251027
0.258255
0.285901
0.276745
0.095415
0.119114
0.0949015
0.118042
0.17233
0.144916
0.143077
0.169503
0.229653
0.196732
0.22413
0.200787
0.30062
0.322025
0.311903
0.335602
0.373715
0.356387
0.355218
0.34039
0.372765
0.38713
0.396278
0.36611
0.251027
0.285901
0.258255
0.276745
0.372765
0.400913
0.375005
0.400913
0.335602
0.322025
0.30062
0.311903
0.36611
0.373715
0.356387
0.38713
0.396278
0.34039
0.355218
2.71871e-34
0.00106141
6.81228e-34
0.00108738
0.00283486
0.00583471
0.00276836
0.00570118
0.010402
0.0173454
0.0176712
0.0106238
0.00108738
0.00106141
6.81228e-34
2.71871e-34
0.027341
0.0269205
0.0394104
0.0398973
0.00276836
0.00583471
0.00570118
0.00283486
0.054983
0.0554703
0.0736795
0.0740751
0.095415
0.119977
0.119762
0.0955851
0.0106238
0.0176712
0.0173454
0.010402
0.0269205
0.0398973
0.027341
0.0394104
0.174552
0.147036
0.17615
0.146238
0.206786
0.204146
0.23833
0.234398
0.0554703
0.0736795
0.0740751
0.054983
0.119762
0.119977
0.095415
0.0955851
0.264632
0.301424
0.294148
0.270112
0.359768
0.322238
0.331547
0.348214
0.17615
0.147036
0.146238
0.174552
0.204146
0.234398
0.23833
0.206786
0.264632
0.270112
0.294148
0.301424
0.391297
0.371431
0.385405
0.407831
0.426489
0.440911
0.419051
0.407309
0.455708
0.428631
0.450734
0.426222
0.348214
0.331547
0.322238
0.359768
0.455708
0.426222
0.450734
0.419051
0.440911
0.391297
0.426489
0.371431
0.407309
0.385405
0.407831
2.59708e-34
0.00100356
6.40743e-34
0.0010336
0.0010336
0.00100356
6.40743e-34
2.59708e-34
0.00269452
0.00539114
0.0055535
0.00261549
0.0098684
0.016537
0.0169671
0.0101485
0.0264104
0.0258187
0.0380442
0.0387921
0.0055535
0.00539114
0.00269452
0.00261549
0.054303
0.0534399
0.0721142
0.0730251
0.0169671
0.016537
0.0098684
0.0101485
0.0940528
0.119115
0.119762
0.0949015
0.147036
0.177437
0.177115
0.147302
0.0258187
0.0387921
0.0264104
0.0380442
0.0534399
0.0721142
0.054303
0.0730251
0.208685
0.209831
0.243641
0.241419
0.274651
0.278218
0.307676
0.312856
0.119115
0.0940528
0.0949015
0.119762
0.147036
0.147302
0.177115
0.177437
0.339761
0.346818
0.379357
0.370175
0.398208
0.437262
0.409739
0.423192
0.208685
0.241419
0.209831
0.243641
0.274651
0.312856
0.278218
0.307676
0.339761
0.379357
0.370175
0.346818
0.481232
0.46169
0.444527
0.461283
0.507109
0.496631
0.474264
0.481934
0.481934
0.484513
0.512412
0.512412
0.398208
0.423192
0.437262
0.409739
0.507109
0.46169
0.474264
0.496631
0.461283
0.481232
0.444527
2.45892e-34
0.000938503
5.95974e-34
0.00097194
0.00253044
0.00244087
0.00502972
0.00521655
0.00097194
0.000938503
5.95974e-34
2.45892e-34
0.00521655
0.00502972
0.00253044
0.00244087
0.00922995
0.0155378
0.01606
0.0095606
0.0251456
0.0243998
0.0361874
0.0371746
0.0523955
0.051182
0.0695565
0.070956
0.0095606
0.00922995
0.01606
0.0155378
0.0913686
0.116552
0.118043
0.0928708
0.0371746
0.0361874
0.0251456
0.0243998
0.144916
0.176151
0.177115
0.146238
0.210213
0.245429
0.244982
0.209831
0.0523955
0.0695565
0.051182
0.070956
0.116552
0.118043
0.0913686
0.0928708
0.282332
0.319853
0.280784
0.316925
0.352665
0.357259
0.393783
0.387246
0.176151
0.146238
0.177115
0.144916
0.209831
0.244982
0.210213
0.245429
0.419914
0.428656
0.461121
0.449937
0.499386
0.516017
0.476634
0.490461
0.316925
0.280784
0.282332
0.319853
0.357259
0.352665
0.393783
0.387246
0.419914
0.461121
0.449937
0.428656
0.553545
0.537207
0.517666
0.531039
0.541933
0.539195
0.564653
0.570272
0.539195
0.570272
0.531039
0.564653
0.476634
0.517666
0.516017
0.490461
0.537207
0.553545
0.499386
2.30653e-34
0.000903766
0.000867653
5.47872e-34
0.0023467
0.00224882
0.00462659
0.00483291
0.0085045
0.0143764
0.0149757
0.00887641
0.000903766
0.000867653
5.47872e-34
2.30653e-34
0.00224882
0.00483291
0.00462659
0.0023467
0.0149757
0.0143764
0.0085045
0.00887641
0.023583
0.0227047
0.0338945
0.0350921
0.0498038
0.0482754
0.0660817
0.0679285
0.0895528
0.0874414
0.112364
0.114655
0.0227047
0.0350921
0.023583
0.0338945
0.140739
0.17233
0.174552
0.143077
0.0498038
0.0660817
0.0679285
0.0482754
0.244982
0.208685
0.206786
0.243641
0.322209
0.282849
0.282332
0.321619
0.0874414
0.0895528
0.114655
0.112364
0.143077
0.174552
0.17233
0.140739
0.360564
0.402614
0.398918
0.362558
0.435899
0.47869
0.441589
0.470729
0.244982
0.208685
0.206786
0.243641
0.322209
0.282332
0.321619
0.282849
0.544216
0.530997
0.513144
0.502662
0.571234
0.555109
0.574453
0.593606
0.360564
0.402614
0.398918
0.362558
0.435899
0.47869
0.441589
0.470729
0.530997
0.502662
0.544216
0.513144
0.588596
0.622545
0.59721
0.610838
0.628465
0.628465
0.600106
0.59721
0.588596
0.593606
0.610838
0.622545
0.571234
0.574453
0.555109
2.14225e-34
4.97416e-34
0.000830541
0.000792496
0.00214781
0.00204397
0.00419241
0.00441279
0.00771223
0.013086
0.0137454
0.00811507
0.000830541
0.000792496
4.97416e-34
2.14225e-34
0.0217681
0.0207829
0.0312326
0.0326055
0.00204397
0.00441279
0.00419241
0.00214781
0.00811507
0.00771223
0.0137454
0.013086
0.0207829
0.0326055
0.0312326
0.0217681
0.0466041
0.0448059
0.0617925
0.064032
0.0823875
0.106676
0.109699
0.0850456
0.134628
0.166089
0.169503
0.137914
0.0466041
0.064032
0.0617925
0.0448059
0.204146
0.23833
0.241419
0.200787
0.106676
0.109699
0.0823875
0.0850456
0.278218
0.319854
0.280784
0.32162
0.405587
0.363223
0.362558
0.404842
0.166089
0.134628
0.137914
0.169503
0.241419
0.204146
0.23833
0.200787
0.484945
0.445684
0.448153
0.489446
0.528652
0.555572
0.521829
0.564982
0.278218
0.319854
0.280784
0.32162
0.405587
0.362558
0.363223
0.404842
0.626084
0.61086
0.597687
0.585463
0.64957
0.631215
0.646082
0.667643
0.445684
0.489446
0.484945
0.448153
0.564982
0.555572
0.521829
0.528652
0.585463
0.61086
0.597687
0.626084
0.658176
0.655137
0.679915
0.686118
0.686118
0.655137
0.646082
0.667643
0.679915
0.64957
0.631215
1.96834e-34
0.000714524
4.45566e-34
0.000753761
0.000753761
0.000714524
4.45566e-34
1.96834e-34
0.0019385
0.00183113
0.00373851
0.00396722
0.00687506
0.0117034
0.012404
0.0072977
0.0197536
0.0186901
0.0282799
0.0297877
0.00396722
0.00373851
0.0019385
0.00183113
0.0428907
0.040876
0.0568161
0.0593819
0.012404
0.00687506
0.0117034
0.0072977
0.0282799
0.0186901
0.0297877
0.0197536
0.0428907
0.0593819
0.0568161
0.040876
0.0794827
0.076357
0.0996568
0.103321
0.126765
0.157613
0.162117
0.130901
0.196731
0.234399
0.192012
0.229654
0.0996568
0.103321
0.076357
0.0794827
0.270112
0.316926
0.274651
0.312856
0.126765
0.130901
0.162117
0.157613
0.402614
0.404843
0.360564
0.357259
0.49216
0.448978
0.493067
0.448154
0.234399
0.196731
0.192012
0.229654
0.316926
0.274651
0.270112
0.312856
0.536524
0.577695
0.572374
0.533563
0.615774
0.639163
0.650001
0.607817
0.357259
0.360564
0.404843
0.402614
0.493067
0.448154
0.448978
0.49216
0.704204
0.679681
0.687066
0.665767
0.702615
0.712076
0.735858
0.723061
0.533563
0.536524
0.572374
0.577695
0.607817
0.615774
0.650001
0.639163
0.679681
0.704204
0.665767
0.687066
0.715255
0.742324
0.742324
0.712076
0.723061
0.735858
0.702615
1.78686e-34
0.00063517
3.93229e-34
0.000674898
1.78686e-34
0.000674898
0.00063517
3.93229e-34
0.00172358
0.00161509
0.00327646
0.00350773
0.00350773
0.00327646
0.00172358
0.00161509
0.00644678
0.00601587
0.010268
0.0109899
0.0175981
0.0164872
0.0251234
0.0267217
0.0387736
0.0366021
0.0513005
0.0541161
0.0109899
0.010268
0.00601587
0.00644678
0.0730298
0.0695298
0.0915154
0.0957123
0.0164872
0.0267217
0.0251234
0.0175981
0.0387736
0.0541161
0.0513005
0.0366021
0.0695298
0.0730298
0.0957123
0.0915154
0.117385
0.147154
0.152614
0.122247
0.186661
0.21787
0.180723
0.224131
0.307677
0.264632
0.258256
0.301425
0.117385
0.147154
0.152614
0.122247
0.398919
0.346819
0.352665
0.393783
0.180723
0.224131
0.21787
0.186661
0.489446
0.49216
0.441589
0.445684
0.536524
0.580903
0.581975
0.537513
0.307677
0.301425
0.258256
0.264632
0.352665
0.398919
0.346819
0.393783
0.664643
0.621501
0.624954
0.658515
0.700269
0.73113
0.718929
0.691212
0.489446
0.445684
0.441589
0.49216
0.537513
0.580903
0.536524
0.581975
0.741105
0.757279
0.776182
0.756605
0.767123
0.770425
0.78946
0.796168
0.624954
0.621501
0.658515
0.664643
0.73113
0.691212
0.718929
0.700269
0.796168
0.741105
0.78946
0.767123
0.757279
0.776182
0.756605
0.000595336
0.000555756
3.41217e-34
1.59964e-34
1.59964e-34
0.000555756
3.41217e-34
0.000595336
0.00150777
0.00140043
0.00281766
0.00304584
0.00150777
0.00140043
0.00304584
0.00281766
0.00515773
0.00882014
0.00954312
0.0055854
0.00954312
0.00882014
0.00515773
0.0055854
0.0153641
0.0142379
0.0218558
0.0234977
0.034375
0.0321112
0.0454105
0.0483918
0.0658797
0.0621102
0.0824962
0.0870996
0.0218558
0.0142379
0.0234977
0.0153641
0.112211
0.106768
0.135026
0.141277
0.0321112
0.034375
0.0483918
0.0454105
0.0824962
0.0658797
0.0870996
0.0621102
0.112211
0.141277
0.135026
0.106768
0.21092
0.174237
0.167257
0.203332
0.294149
0.251026
0.285901
0.243003
0.387247
0.331548
0.379358
0.339761
0.21092
0.203332
0.174237
0.167257
0.484945
0.428656
0.478691
0.435899
0.294149
0.243003
0.251026
0.285901
0.528653
0.577695
0.533563
0.580903
0.668338
0.669573
0.626109
0.624954
0.387247
0.379358
0.331548
0.339761
0.428656
0.435899
0.484945
0.478691
0.710719
0.747613
0.740714
0.706789
0.779541
0.792422
0.805879
0.769451
0.533563
0.577695
0.580903
0.528653
0.624954
0.626109
0.668338
0.669573
0.809172
0.826106
0.839821
0.819358
0.819358
0.822778
0.846748
0.846748
0.740714
0.706789
0.747613
0.710719
0.779541
0.805879
0.792422
0.839821
0.826106
0.769451
0.809172
0.00051632
0.000477431
2.90211e-34
1.40813e-34
0.0025927
0.00237286
0.00129546
0.00119132
1.40813e-34
0.000477431
2.90211e-34
0.00051632
0.00129546
0.00119132
0.00237286
0.0025927
0.00432298
0.00739989
0.00810407
0.00473636
0.00739989
0.00432298
0.00473636
0.00810407
0.013116
0.0120067
0.018573
0.0202104
0.0120067
0.0202104
0.018573
0.013116
0.0298256
0.0275367
0.0393223
0.0423801
0.0582468
0.0543213
0.0728706
0.0777418
0.0952358
0.121593
0.128448
0.101095
0.0275367
0.0298256
0.0423801
0.0393223
0.15983
0.152019
0.186475
0.195164
0.0543213
0.0728706
0.0582468
0.0777418
0.121593
0.101095
0.128448
0.0952358
0.152019
0.195164
0.15983
0.186475
0.22481
0.234241
0.26675
0.276746
0.370176
0.311904
0.359769
0.322238
0.461121
0.40974
0.47073
0.419914
0.276746
0.26675
0.22481
0.234241
0.513144
0.572375
0.564982
0.521829
0.311904
0.322238
0.370176
0.359769
0.664643
0.615774
0.668338
0.621501
0.712033
0.753162
0.751772
0.710719
0.47073
0.461121
0.419914
0.40974
0.572375
0.521829
0.513144
0.564982
0.81645
0.786804
0.791182
0.824059
0.851163
0.84014
0.871969
0.857401
0.664643
0.621501
0.615774
0.668338
0.712033
0.753162
0.751772
0.710719
0.87142
0.886071
0.867899
0.893191
0.867899
0.886071
0.857401
0.893191
0.81645
0.791182
0.824059
0.786804
0.871969
0.851163
0.84014
0.000438893
0.00040112
2.40732e-34
1.21342e-34
0.00215855
0.00195166
0.00109053
0.000991336
1.21342e-34
0.00040112
2.40732e-34
0.000438893
0.00671201
0.0060453
0.00353228
0.0039213
0.00109053
0.000991336
0.00195166
0.00215855
0.00353228
0.0060453
0.00671201
0.0039213
0.0109178
0.00985636
0.0153699
0.0169557
0.0169557
0.0153699
0.0109178
0.00985636
0.0252601
0.0230135
0.0332176
0.0362608
0.0252601
0.0362608
0.0332176
0.0230135
0.0503607
0.0463971
0.0629292
0.067921
0.0892332
0.0831356
0.107263
0.114514
0.143877
0.13547
0.16781
0.177335
0.0629292
0.0503607
0.067921
0.0463971
0.25599
0.214779
0.244547
0.204227
0.0831356
0.107263
0.114514
0.0892332
0.13547
0.177335
0.16781
0.143877
0.25599
0.204227
0.214779
0.244547
0.335603
0.288476
0.348216
0.30062
0.437263
0.449938
0.385407
0.398208
0.555573
0.490462
0.544216
0.502662
0.288476
0.348216
0.335603
0.30062
0.597688
0.650002
0.658516
0.607817
0.385407
0.437263
0.449938
0.398208
0.70027
0.747613
0.706789
0.751772
0.792646
0.791182
0.828647
0.83018
0.502662
0.490462
0.555573
0.544216
0.658516
0.607817
0.650002
0.597688
0.883413
0.89165
0.863881
0.859098
0.911896
0.901129
0.912957
0.927395
0.706789
0.747613
0.70027
0.751772
0.83018
0.792646
0.791182
0.828647
0.915511
0.911896
0.934685
0.934685
0.883413
0.863881
0.901129
0.927395
0.859098
0.89165
0.912957
0.00036385
0.000327476
1.9311e-34
1.01621e-34
0.00175225
0.00156205
0.000896204
0.00080325
1.01621e-34
0.000327476
1.9311e-34
0.00036385
0.00540336
0.00479068
0.00280358
0.00315965
0.000896204
0.00080325
0.00156205
0.00175225
0.0138268
0.0123372
0.00883022
0.00784513
0.00280358
0.00479068
0.00540336
0.00315965
0.00883022
0.00784513
0.0123372
0.0138268
0.0208124
0.0186731
0.0272772
0.0302159
0.0208124
0.0302159
0.0272772
0.0186731
0.0424582
0.038575
0.0529718
0.0579339
0.038575
0.0424582
0.0579339
0.0529718
0.0708344
0.0924704
0.0998971
0.0769862
0.126859
0.118113
0.147902
0.157975
0.193231
0.232508
0.181878
0.219964
0.0708344
0.0998971
0.0924704
0.0769862
0.261972
0.322027
0.307588
0.275559
0.118113
0.147902
0.157975
0.126859
0.219964
0.181878
0.232508
0.193231
0.307588
0.261972
0.275559
0.322027
0.423193
0.356388
0.407832
0.37143
0.461284
0.530998
0.516018
0.476634
0.571235
0.626084
0.639164
0.585463
0.407832
0.423193
0.356388
0.37143
0.73113
0.679682
0.691212
0.740715
0.530998
0.476634
0.461284
0.516018
0.779541
0.824059
0.786804
0.828647
0.898276
0.865481
0.863881
0.896616
0.639164
0.571235
0.585463
0.626084
0.73113
0.691212
0.740715
0.679682
0.921472
0.939571
0.948335
0.926604
0.963056
0.950574
0.954263
0.970487
0.828647
0.779541
0.824059
0.786804
0.865481
0.896616
0.863881
0.898276
0.926604
0.939571
0.948335
0.950574
0.970487
0.963056
0.921472
0.000291696
0.00025685
1.47466e-34
8.16856e-35
0.00138075
0.00120984
0.000714779
0.000628871
8.16856e-35
0.00025685
1.47466e-34
0.000291696
0.00420987
0.00366474
0.00215109
0.00246761
0.000714779
0.000628871
0.00120984
0.00138075
0.0109107
0.00955683
0.00690832
0.00602389
0.00215109
0.00366474
0.00420987
0.00246761
0.0166103
0.0244231
0.0216736
0.0146379
0.00690832
0.00602389
0.00955683
0.0109107
0.0166103
0.0146379
0.0216736
0.0244231
0.034775
0.0310866
0.0432971
0.048081
0.034775
0.048081
0.0310866
0.0432971
0.0647242
0.0587039
0.0776641
0.085041
0.0776641
0.0587039
0.0647242
0.085041
0.109295
0.100475
0.127358
0.137671
0.207012
0.17025
0.158442
0.19375
0.276574
0.292399
0.233196
0.247813
0.100475
0.137671
0.127358
0.109295
0.323561
0.373716
0.391299
0.34039
0.19375
0.158442
0.207012
0.17025
0.276574
0.233196
0.292399
0.247813
0.323561
0.373716
0.34039
0.391299
0.499388
0.481233
0.42649
0.444527
0.537208
0.593607
0.610861
0.555109
0.704205
0.665767
0.718929
0.649571
0.499388
0.481233
0.42649
0.444527
0.769451
0.756606
0.816451
0.805879
0.593607
0.555109
0.537208
0.610861
0.89165
0.851163
0.859098
0.896616
0.955385
0.953618
0.928321
0.926605
0.649571
0.704205
0.665767
0.718929
0.805879
0.816451
0.769451
0.756606
0.983232
0.992405
0.97204
0.977456
0.986989
0.999951
0.999951
0.983232
0.859098
0.89165
0.896616
0.851163
0.953618
0.992405
0.928321
0.955385
0.977456
0.97204
0.926605
0.000222618
0.000189262
1.03705e-34
6.1548e-35
6.1548e-35
0.000189262
1.03705e-34
0.000222618
0.00104862
0.000898196
0.000547516
0.00046886
0.00315671
0.00268859
0.00158413
0.00185708
0.000547516
0.00046886
0.000898196
0.00104862
0.00443307
0.00828318
0.00709748
0.00519811
0.00158413
0.00268859
0.00315671
0.00185708
0.0127694
0.0190477
0.0165629
0.0110152
0.00519811
0.00443307
0.00709748
0.00828318
0.0275359
0.0386558
0.03419
0.0241476
0.0127694
0.0110152
0.0165629
0.0190477
0.0275359
0.0241476
0.03419
0.0386558
0.0528164
0.0471068
0.0632913
0.0703963
0.0528164
0.0703963
0.0632913
0.0471068
0.0917189
0.0830941
0.106805
0.117044
0.117044
0.0830941
0.106805
0.0917189
0.18028
0.146538
0.166704
0.134635
0.203026
0.218227
0.260235
0.243505
0.287924
0.35522
0.335949
0.306026
0.166704
0.134635
0.18028
0.146538
0.387132
0.461692
0.440912
0.407309
0.203026
0.243505
0.218227
0.260235
0.335949
0.287924
0.35522
0.306026
0.461692
0.387132
0.440912
0.407309
0.574454
0.496632
0.553546
0.517666
0.667644
0.610839
0.687067
0.631215
0.741105
0.723062
0.776183
0.792423
0.496632
0.553546
0.574454
0.517666
0.826107
0.883413
0.84014
0.871969
0.610839
0.687067
0.631215
0.667644
0.912958
0.948335
0.921472
0.953619
0.999785
0.977456
0.979267
0.997936
0.741105
0.792423
0.776183
0.723062
0.84014
0.871969
0.826107
0.883413
1.02254
1.01309
1.00928
1.01491
1.01491
0.997936
1.00928
1.02254
0.948335
0.921472
0.912958
0.953619
0.979267
0.999785
0.977456
4.12121e-35
0.000124397
6.15105e-35
0.000156468
0.000156468
0.000124397
6.15105e-35
4.12121e-35
0.000757507
0.000627129
0.000394455
0.000322593
0.000394455
0.000322593
0.000627129
0.000757507
0.00226045
0.00187375
0.00110604
0.00133454
0.00600465
0.0050099
0.00373354
0.00309931
0.00110604
0.00187375
0.00133454
0.00226045
0.00938657
0.0142345
0.0120763
0.00789015
0.00373354
0.00309931
0.0050099
0.00600465
0.0209446
0.0299313
0.0179468
0.0259086
0.00938657
0.00789015
0.0120763
0.0142345
0.0416153
0.0564024
0.0497791
0.0363813
0.0209446
0.0179468
0.0259086
0.0299313
0.0416153
0.0363813
0.0497791
0.0564024
0.0746635
0.0664917
0.0868651
0.0967202
0.0746635
0.0967202
0.0664917
0.0868651
0.111184
0.139653
0.122819
0.153127
0.111184
0.153127
0.139653
0.122819
0.209392
0.226514
0.172387
0.187706
0.250565
0.316053
0.269388
0.295683
0.344407
0.396279
0.419053
0.36611
0.209392
0.172387
0.226514
0.187706
0.450735
0.531041
0.50711
0.474264
0.295683
0.250565
0.269388
0.316053
0.419053
0.344407
0.396279
0.36611
0.50711
0.450735
0.531041
0.474264
0.622546
0.646083
0.564654
0.588596
0.735858
0.679916
0.75728
0.702615
0.809172
0.839821
0.857402
0.789461
0.564654
0.646083
0.588596
0.622546
0.901129
0.927396
0.886071
0.939572
0.702615
0.735858
0.75728
0.679916
0.97204
0.997936
0.963056
0.992405
1.03014
1.01491
1.02824
1.01679
0.789461
0.809172
0.857402
0.839821
0.901129
0.939572
0.927396
0.886071
1.02824
1.03208
1.03783
1.03783
0.992405
1.03014
1.01679
0.997936
0.97204
0.963056
1.01491
9.27668e-05
6.16146e-05
2.03579e-35
2.06973e-35
2.06973e-35
6.16146e-05
2.03579e-35
9.27668e-05
0.000254285
0.000188033
0.000392993
0.000505646
0.000505646
0.000392993
0.000254285
0.000188033
0.00152699
0.00121995
0.00071302
0.000899902
0.00071302
0.000899902
0.00121995
0.00152699
0.00411493
0.00332171
0.00253309
0.00203206
0.00653363
0.0100987
0.00831075
0.00531903
0.00253309
0.00203206
0.00332171
0.00411493
0.0151724
0.0221473
0.01867
0.0126347
0.00653363
0.00531903
0.00831075
0.0100987
0.0314401
0.043469
0.0375147
0.0268237
0.0151724
0.0126347
0.01867
0.0221473
0.0586368
0.0773139
0.0681355
0.0511561
0.0314401
0.0268237
0.0375147
0.043469
0.0773139
0.0586368
0.0511561
0.0681355
0.088797
0.113422
0.126385
0.0998139
0.0998139
0.126385
0.088797
0.113422
0.192271
0.142214
0.157183
0.175281
0.192271
0.142214
0.175281
0.157183
0.21263
0.254152
0.274997
0.231596
0.299622
0.348696
0.372767
0.322186
0.455709
0.481936
0.400915
0.426222
0.254152
0.21263
0.274997
0.231596
0.512413
0.597212
0.570273
0.539195
0.372767
0.348696
0.299622
0.322186
0.400915
0.481936
0.426222
0.455709
0.512413
0.597212
0.570273
0.539195
0.655137
0.628466
0.686119
0.712078
0.767123
0.742325
0.819359
0.796169
0.911896
0.846748
0.867899
0.893192
0.686119
0.712078
0.628466
0.655137
0.983232
0.970487
0.950574
0.934685
0.742325
0.796169
0.767123
0.819359
0.999951
1.00928
1.02824
1.02254
1.04362
1.03976
1.03783
1.04555
0.893192
0.846748
0.867899
0.911896
0.934685
0.950574
0.983232
0.970487
1.03783
1.02824
1.03976
1.04555
0.999951
1.02254
1.00928
9.93903e-38
3.07129e-05
3.07129e-05
9.93903e-38
0.000287397
0.000124231
0.000124231
0.000287397
0.000949384
0.000545365
0.000545365
0.000949384
0.00159626
0.00262809
0.00159626
0.00262809
0.00424957
0.00671661
0.0103457
0.0154944
0.00424957
0.00671661
0.0225596
0.0319552
0.0154944
0.0103457
0.0440998
0.0593963
0.0319552
0.0225596
0.0782116
0.100862
0.0440998
0.0593963
0.0782116
0.100862
0.127589
0.158554
0.127589
0.158554
0.193809
0.23331
0.23331
0.193809
0.276885
0.324252
0.375005
0.428634
0.541935
0.484513
0.324252
0.276885
0.658177
0.600106
0.428634
0.375005
0.484513
0.541935
0.658177
0.600106
0.715255
0.770426
0.871421
0.822778
0.954264
0.915511
0.715255
0.770426
1.01309
0.986989
0.871421
0.822778
1.04362
1.03208
1.04749
1.04362
0.915511
0.954264
0.986989
1.03208
1.01309
0.088797
0.21263
0.175281
6.16146e-05
0.113422
0.142214
0.113422
0.142214
0.088797
0.00121995
0.00203206
0.0681355
0.175281
0.00531903
0.0511561
0.0375147
0.21263
0.0268237
0.01867
0.254152
0.0126347
0.00831075
0.299622
0.00332171
0.348696
0.400915
0.00071302
0.000392993
0.455709
0.000188033
0.512413
0.570273
6.16146e-05
0.254152
0.299622
0.628466
0.686119
0.400915
0.742325
0.000188033
0.796169
0.846748
0.000392993
0.893192
0.934685
0.00071302
0.970487
0.999951
0.00121995
0.846748
1.02254
0.893192
1.03783
0.00203206
1.04555
1.04555
0.00332171
1.03783
1.02254
0.00531903
0.999951
0.970487
0.00831075
0.934685
0.0126347
0.796169
0.01867
0.742325
0.686119
0.0268237
0.628466
0.570273
0.0375147
0.512413
0.455709
0.0511561
0.348696
0.0681355
2.03579e-35
2.03579e-35
2.06973e-35
9.27668e-05
9.27668e-05
2.06973e-35
0.000505646
0.000254285
0.000254285
0.000505646
0.000899902
0.00152699
0.000899902
0.00152699
0.00411493
0.00253309
0.00253309
0.00411493
0.0100987
0.00653363
0.0221473
0.0151724
0.00653363
0.0100987
0.0314401
0.043469
0.0221473
0.0151724
0.0773139
0.0586368
0.0314401
0.043469
0.0998139
0.126385
0.0586368
0.0773139
0.0998139
0.126385
0.192271
0.157183
0.192271
0.157183
0.231596
0.274997
0.274997
0.231596
0.372767
0.322186
0.481936
0.426222
0.539195
0.597212
0.322186
0.372767
0.712078
0.655137
0.481936
0.426222
0.597212
0.539195
0.655137
0.712078
0.767123
0.819359
0.911896
0.867899
0.950574
0.983232
0.819359
0.767123
1.02824
1.00928
0.911896
0.867899
1.04362
1.03976
1.03976
1.02824
0.983232
0.950574
1.00928
0.172387
0.139653
0.139653
0.111184
0.172387
0.0868651
0.000627129
0.0664917
0.0497791
0.209392
0.0363813
0.250565
0.0259086
0.0179468
0.0120763
0.295683
0.00789015
0.344407
0.0050099
0.00309931
0.00187375
0.396279
0.00110604
0.450735
0.000322593
0.000124397
0.50711
0.564654
0.000124397
0.622546
0.209392
0.679916
0.735858
0.295683
0.000322593
0.789461
0.839821
0.450735
0.886071
0.000627129
0.927396
0.00110604
0.963056
0.992405
1.01491
0.735858
0.00187375
1.03014
0.00309931
0.886071
1.03783
1.03783
1.03014
0.0050099
1.01491
0.00789015
0.992405
0.963056
0.927396
0.0120763
0.0179468
0.839821
0.789461
0.0259086
0.679916
0.0363813
0.622546
0.564654
0.50711
0.0497791
0.0664917
0.396279
0.344407
0.0868651
0.250565
0.111184
6.15105e-35
6.15105e-35
4.12121e-35
0.000156468
0.000156468
4.12121e-35
0.000757507
0.000394455
0.000394455
0.000757507
0.00133454
0.00226045
0.00226045
0.00133454
0.00600465
0.00373354
0.00373354
0.00600465
0.0142345
0.00938657
0.0209446
0.0299313
0.00938657
0.0142345
0.0416153
0.0564024
0.0299313
0.0209446
0.0746635
0.0967202
0.0564024
0.0416153
0.153127
0.122819
0.0746635
0.0967202
0.153127
0.122819
0.187706
0.226514
0.226514
0.187706
0.316053
0.269388
0.269388
0.316053
0.419053
0.36611
0.531041
0.474264
0.588596
0.646083
0.419053
0.36611
0.702615
0.75728
0.474264
0.531041
0.646083
0.588596
0.702615
0.75728
0.809172
0.857402
0.901129
0.939572
0.97204
0.997936
0.857402
0.809172
1.02824
1.01679
0.901129
0.939572
1.03208
1.02824
1.01679
0.97204
0.997936
0.166704
0.106805
0.203026
0.000189262
0.0830941
0.0632913
0.0471068
0.243505
0.03419
0.00268859
0.00443307
0.287924
0.0241476
0.0165629
0.0110152
0.335949
0.00709748
0.387132
0.00158413
0.440912
0.000898196
0.496632
0.00046886
0.553546
0.610839
0.000189262
0.667644
0.166704
0.723062
0.00046886
0.776183
0.826107
0.871969
0.335949
0.387132
0.000898196
0.912958
0.00158413
0.948335
0.977456
0.999785
0.00268859
0.667644
1.01491
0.00443307
0.776183
0.826107
1.02254
1.02254
1.01491
0.00709748
0.999785
0.0110152
0.977456
0.948335
0.912958
0.0165629
0.871969
0.0241476
0.723062
0.03419
0.0471068
0.610839
0.553546
0.496632
0.0632913
0.440912
0.0830941
0.287924
0.106805
0.243505
0.134635
0.203026
0.134635
1.03705e-34
1.03705e-34
6.1548e-35
0.000222618
0.000222618
6.1548e-35
0.000547516
0.00104862
0.000547516
0.00104862
0.00185708
0.00315671
0.00315671
0.00185708
0.00828318
0.00519811
0.00519811
0.00828318
0.0127694
0.0190477
0.0275359
0.0386558
0.0127694
0.0190477
0.0528164
0.0703963
0.0386558
0.0275359
0.117044
0.0917189
0.0528164
0.0703963
0.18028
0.146538
0.0917189
0.117044
0.18028
0.146538
0.260235
0.218227
0.260235
0.218227
0.306026
0.35522
0.35522
0.306026
0.461692
0.407309
0.574454
0.517666
0.631215
0.687067
0.407309
0.461692
0.741105
0.792423
0.517666
0.574454
0.687067
0.631215
0.741105
0.792423
0.883413
0.84014
0.921472
0.953619
0.979267
0.997936
0.84014
0.883413
1.01309
1.00928
0.953619
0.921472
1.00928
0.997936
0.979267
0.233196
0.0587039
0.0432971
0.276574
0.0310866
0.0216736
0.323561
0.0146379
0.00955683
0.373716
0.00602389
0.00366474
0.42649
0.00215109
0.00120984
0.481233
0.000628871
0.00025685
0.537208
0.593607
0.00025685
0.0776641
0.100475
0.649571
0.704205
0.158442
0.756606
0.000628871
0.805879
0.851163
0.00120984
0.89165
0.926605
0.00215109
0.955385
0.977456
0.00366474
0.537208
0.992405
0.593607
0.999951
0.00602389
0.999951
0.992405
0.00955683
0.805879
0.851163
0.977456
0.955385
0.0146379
0.926605
0.89165
0.0216736
0.0310866
0.756606
0.704205
0.0432971
0.649571
0.0587039
0.481233
0.0776641
0.42649
0.373716
0.100475
0.323561
0.276574
0.127358
0.233196
0.19375
0.158442
0.127358
0.19375
1.47466e-34
1.47466e-34
8.16856e-35
0.000291696
0.000291696
8.16856e-35
0.00138075
0.000714779
0.000714779
0.00138075
0.00420987
0.00246761
0.00246761
0.00420987
0.0109107
0.00690832
0.00690832
0.0109107
0.0244231
0.0166103
0.034775
0.048081
0.0244231
0.0166103
0.085041
0.0647242
0.034775
0.048081
0.137671
0.109295
0.085041
0.0647242
0.207012
0.17025
0.137671
0.109295
0.17025
0.207012
0.292399
0.247813
0.247813
0.292399
0.391299
0.34039
0.34039
0.391299
0.499388
0.444527
0.610861
0.555109
0.665767
0.718929
0.444527
0.499388
0.816451
0.769451
0.555109
0.610861
0.718929
0.665767
0.816451
0.769451
0.859098
0.896616
0.928321
0.953618
0.97204
0.983232
0.896616
0.859098
0.983232
0.986989
0.928321
0.97204
0.953618
0.038575
0.0272772
0.307588
0.0186731
0.356388
0.0123372
0.00784513
0.00479068
0.407832
0.00280358
0.461284
0.00156205
0.00080325
0.000327476
0.516018
0.571235
0.000327476
0.626084
0.0529718
0.679682
0.73113
0.0924704
0.00080325
0.779541
0.824059
0.181878
0.863881
0.00156205
0.898276
0.00280358
0.926604
0.948335
0.963056
0.407832
0.00479068
0.970487
0.00784513
0.571235
0.970487
0.963056
0.948335
0.0123372
0.73113
0.926604
0.0186731
0.898276
0.863881
0.824059
0.0272772
0.779541
0.038575
0.679682
0.626084
0.0529718
0.0708344
0.516018
0.461284
0.0924704
0.356388
0.118113
0.307588
0.261972
0.219964
0.147902
0.181878
0.147902
0.118113
0.219964
0.0708344
0.261972
1.9311e-34
1.9311e-34
1.01621e-34
0.00036385
0.00036385
1.01621e-34
0.00175225
0.000896204
0.000896204
0.00175225
0.00540336
0.00315965
0.00540336
0.00315965
0.00883022
0.0138268
0.00883022
0.0138268
0.0208124
0.0302159
0.0424582
0.0579339
0.0208124
0.0302159
0.0998971
0.0769862
0.0579339
0.0424582
0.157975
0.126859
0.0998971
0.0769862
0.232508
0.193231
0.157975
0.126859
0.193231
0.232508
0.322027
0.275559
0.322027
0.275559
0.423193
0.37143
0.423193
0.37143
0.530998
0.476634
0.585463
0.639164
0.740715
0.691212
0.476634
0.530998
0.786804
0.828647
0.639164
0.585463
0.691212
0.740715
0.828647
0.786804
0.896616
0.865481
0.939571
0.921472
0.950574
0.954263
0.865481
0.896616
0.939571
0.950574
0.921472
0.335603
0.0153699
0.385407
0.00985636
0.0060453
0.00353228
0.437263
0.00195166
0.490462
0.000991336
0.00040112
0.544216
0.597688
0.00040112
0.650002
0.0332176
0.70027
0.000991336
0.747613
0.791182
0.83018
0.107263
0.13547
0.00195166
0.863881
0.00353228
0.89165
0.912957
0.927395
0.0060453
0.335603
0.934685
0.00985636
0.437263
0.490462
0.934685
0.927395
0.912957
0.0153699
0.650002
0.89165
0.0230135
0.863881
0.83018
0.791182
0.0332176
0.747613
0.0463971
0.70027
0.597688
0.0629292
0.544216
0.0831356
0.385407
0.107263
0.13547
0.288476
0.244547
0.204227
0.16781
0.16781
0.204227
0.0831356
0.244547
0.0629292
0.288476
0.0463971
0.0230135
2.40732e-34
2.40732e-34
1.21342e-34
0.000438893
0.000438893
1.21342e-34
0.00109053
0.00215855
0.00109053
0.00215855
0.00671201
0.0039213
0.0039213
0.00671201
0.0109178
0.0169557
0.0109178
0.0169557
0.0362608
0.0252601
0.067921
0.0503607
0.0252601
0.0362608
0.0892332
0.114514
0.0503607
0.067921
0.143877
0.177335
0.0892332
0.114514
0.214779
0.25599
0.177335
0.143877
0.214779
0.25599
0.348216
0.30062
0.348216
0.30062
0.449938
0.398208
0.398208
0.449938
0.555573
0.502662
0.658516
0.607817
0.706789
0.751772
0.502662
0.555573
0.828647
0.792646
0.658516
0.607817
0.706789
0.751772
0.828647
0.792646
0.883413
0.859098
0.911896
0.901129
0.915511
0.911896
0.859098
0.901129
0.883413
0.40974
0.00432298
0.00237286
0.461121
0.00119132
0.000477431
0.513144
0.564982
0.000477431
0.00739989
0.0120067
0.615774
0.664643
0.0275367
0.710719
0.00119132
0.753162
0.791182
0.00237286
0.824059
0.851163
0.00432298
0.871969
0.886071
0.00739989
0.22481
0.893191
0.26675
0.893191
0.0120067
0.886071
0.871969
0.018573
0.461121
0.513144
0.851163
0.824059
0.0275367
0.791182
0.753162
0.0393223
0.710719
0.664643
0.0543213
0.615774
0.564982
0.0728706
0.0952358
0.40974
0.359769
0.121593
0.311904
0.152019
0.186475
0.186475
0.152019
0.121593
0.22481
0.0952358
0.0728706
0.26675
0.0543213
0.0393223
0.311904
0.018573
0.359769
2.90211e-34
2.90211e-34
1.40813e-34
0.00051632
0.00051632
1.40813e-34
0.0025927
0.00129546
0.00129546
0.0025927
0.00473636
0.00810407
0.00810407
0.00473636
0.0202104
0.013116
0.013116
0.0202104
0.0298256
0.0423801
0.0582468
0.0777418
0.0298256
0.0423801
0.128448
0.101095
0.0777418
0.0582468
0.15983
0.195164
0.101095
0.128448
0.234241
0.276746
0.15983
0.195164
0.276746
0.234241
0.370176
0.322238
0.322238
0.370176
0.419914
0.47073
0.47073
0.419914
0.572375
0.521829
0.668338
0.621501
0.751772
0.712033
0.572375
0.521829
0.786804
0.81645
0.668338
0.621501
0.712033
0.751772
0.81645
0.786804
0.84014
0.857401
0.87142
0.867899
0.867899
0.857401
0.84014
0.00140043
0.000555756
0.478691
0.528653
0.000555756
0.577695
0.00281766
0.624954
0.669573
0.00882014
0.00140043
0.710719
0.747613
0.0321112
0.779541
0.00281766
0.805879
0.00515773
0.826106
0.839821
0.846748
0.135026
0.00882014
0.846748
0.0142379
0.243003
0.839821
0.826106
0.805879
0.0218558
0.379358
0.779541
0.0321112
0.747613
0.710719
0.669573
0.0454105
0.624954
0.0621102
0.577695
0.528653
0.478691
0.0824962
0.428656
0.106768
0.331548
0.285901
0.135026
0.167257
0.203332
0.167257
0.203332
0.106768
0.243003
0.0824962
0.0621102
0.0454105
0.285901
0.331548
0.0218558
0.0142379
0.379358
0.00515773
0.428656
3.41217e-34
3.41217e-34
1.59964e-34
0.000595336
0.000595336
1.59964e-34
0.00150777
0.00304584
0.00150777
0.00304584
0.00954312
0.0055854
0.00954312
0.0055854
0.0234977
0.0153641
0.0153641
0.0234977
0.034375
0.0483918
0.0870996
0.0658797
0.034375
0.0483918
0.141277
0.112211
0.0658797
0.0870996
0.174237
0.21092
0.112211
0.141277
0.251026
0.294149
0.174237
0.21092
0.251026
0.294149
0.387247
0.339761
0.387247
0.339761
0.484945
0.435899
0.484945
0.435899
0.533563
0.580903
0.668338
0.626109
0.740714
0.706789
0.580903
0.533563
0.769451
0.792422
0.668338
0.626109
0.706789
0.740714
0.792422
0.769451
0.819358
0.809172
0.819358
0.822778
0.809172
0.489446
0.536524
0.00063517
0.00063517
0.581975
0.624954
0.00161509
0.664643
0.700269
0.010268
0.0164872
0.73113
0.00327646
0.756605
0.00601587
0.776182
0.78946
0.796168
0.0915154
0.010268
0.796168
0.147154
0.180723
0.0164872
0.78946
0.776182
0.756605
0.301425
0.0251234
0.73113
0.0366021
0.700269
0.664643
0.489446
0.624954
0.0513005
0.581975
0.0695298
0.536524
0.441589
0.0915154
0.393783
0.117385
0.346819
0.258256
0.147154
0.21787
0.180723
0.117385
0.21787
0.258256
0.0695298
0.0513005
0.0366021
0.301425
0.0251234
0.346819
0.00601587
0.393783
0.00327646
0.441589
0.00161509
3.93229e-34
3.93229e-34
1.78686e-34
0.000674898
1.78686e-34
0.000674898
0.00350773
0.00172358
0.00172358
0.00350773
0.0109899
0.00644678
0.0109899
0.00644678
0.0175981
0.0267217
0.0175981
0.0267217
0.0541161
0.0387736
0.0957123
0.0730298
0.0387736
0.0541161
0.152614
0.122247
0.0957123
0.0730298
0.224131
0.186661
0.122247
0.152614
0.307677
0.264632
0.186661
0.224131
0.307677
0.264632
0.352665
0.398919
0.352665
0.398919
0.49216
0.445684
0.49216
0.445684
0.537513
0.580903
0.658515
0.621501
0.691212
0.718929
0.537513
0.580903
0.757279
0.741105
0.621501
0.658515
0.691212
0.718929
0.757279
0.741105
0.770425
0.767123
0.767123
0.000714524
0.536524
0.577695
0.615774
0.00183113
0.650001
0.679681
0.00373851
0.704204
0.723061
0.00687506
0.735858
0.742324
0.040876
0.0117034
0.0568161
0.742324
0.735858
0.0186901
0.723061
0.704204
0.157613
0.192012
0.0282799
0.679681
0.650001
0.040876
0.615774
0.577695
0.0568161
0.536524
0.493067
0.076357
0.448154
0.402614
0.0996568
0.357259
0.312856
0.126765
0.270112
0.229654
0.157613
0.192012
0.126765
0.0996568
0.229654
0.076357
0.270112
0.0282799
0.312856
0.0186901
0.0117034
0.357259
0.00687506
0.00373851
0.402614
0.00183113
0.000714524
0.448154
0.493067
4.45566e-34
4.45566e-34
1.96834e-34
0.000753761
0.000753761
1.96834e-34
0.0019385
0.00396722
0.0019385
0.00396722
0.0072977
0.012404
0.012404
0.0072977
0.0297877
0.0197536
0.0297877
0.0197536
0.0593819
0.0428907
0.103321
0.0794827
0.0428907
0.0593819
0.162117
0.130901
0.103321
0.0794827
0.196731
0.234399
0.162117
0.130901
0.274651
0.316926
0.196731
0.234399
0.274651
0.316926
0.360564
0.404843
0.360564
0.404843
0.49216
0.448978
0.49216
0.448978
0.572374
0.533563
0.607817
0.639163
0.687066
0.665767
0.533563
0.572374
0.702615
0.712076
0.607817
0.639163
0.665767
0.687066
0.702615
0.715255
0.712076
0.564982
0.00204397
0.597687
0.626084
0.64957
0.00419241
0.667643
0.00771223
0.679915
0.013086
0.686118
0.686118
0.013086
0.0448059
0.679915
0.0207829
0.667643
0.64957
0.106676
0.626084
0.0312326
0.597687
0.0448059
0.564982
0.528652
0.278218
0.489446
0.0617925
0.448153
0.0823875
0.405587
0.362558
0.319854
0.106676
0.134628
0.23833
0.200787
0.166089
0.166089
0.134628
0.200787
0.0823875
0.0617925
0.23833
0.278218
0.0312326
0.0207829
0.319854
0.00771223
0.362558
0.00419241
0.00204397
0.000792496
0.405587
0.448153
0.000792496
0.489446
0.528652
4.97416e-34
4.97416e-34
2.14225e-34
0.000830541
0.000830541
2.14225e-34
0.00441279
0.00214781
0.00214781
0.00441279
0.0137454
0.00811507
0.00811507
0.0137454
0.0217681
0.0326055
0.0217681
0.0326055
0.0466041
0.064032
0.109699
0.0850456
0.0466041
0.064032
0.169503
0.137914
0.109699
0.0850456
0.241419
0.204146
0.137914
0.169503
0.32162
0.280784
0.241419
0.204146
0.32162
0.280784
0.363223
0.404842
0.363223
0.404842
0.445684
0.484945
0.445684
0.484945
0.521829
0.555572
0.585463
0.61086
0.646082
0.631215
0.521829
0.555572
0.658176
0.655137
0.61086
0.585463
0.646082
0.631215
0.655137
0.00224882
0.544216
0.571234
0.593606
0.00462659
0.610838
0.00462659
0.0085045
0.622545
0.0143764
0.0227047
0.628465
0.628465
0.0143764
0.622545
0.0660817
0.0227047
0.610838
0.593606
0.571234
0.0338945
0.17233
0.206786
0.544216
0.0482754
0.513144
0.47869
0.441589
0.0660817
0.402614
0.0874414
0.362558
0.322209
0.282332
0.112364
0.243641
0.140739
0.140739
0.17233
0.112364
0.206786
0.0874414
0.0482754
0.243641
0.0338945
0.282332
0.0085045
0.322209
0.362558
0.00224882
0.000867653
0.402614
0.441589
0.000867653
0.47869
0.513144
5.47872e-34
5.47872e-34
2.30653e-34
0.000903766
0.000903766
2.30653e-34
0.00483291
0.0023467
0.0023467
0.00483291
0.0149757
0.00887641
0.0149757
0.00887641
0.0350921
0.023583
0.023583
0.0350921
0.0498038
0.0679285
0.0895528
0.114655
0.0498038
0.0679285
0.174552
0.143077
0.0895528
0.114655
0.208685
0.244982
0.143077
0.174552
0.282849
0.321619
0.244982
0.208685
0.321619
0.282849
0.360564
0.398918
0.398918
0.360564
0.435899
0.470729
0.470729
0.435899
0.502662
0.530997
0.555109
0.574453
0.588596
0.59721
0.502662
0.530997
0.59721
0.600106
0.574453
0.555109
0.588596
0.537207
0.00502972
0.553545
0.000938503
0.564653
0.00922995
0.570272
0.570272
0.0155378
0.0155378
0.0243998
0.564653
0.553545
0.0243998
0.537207
0.516017
0.0361874
0.490461
0.461121
0.051182
0.428656
0.176151
0.393783
0.0695565
0.357259
0.319853
0.0913686
0.282332
0.245429
0.116552
0.209831
0.144916
0.144916
0.116552
0.176151
0.0913686
0.0695565
0.209831
0.051182
0.0361874
0.245429
0.282332
0.00922995
0.00502972
0.319853
0.00244087
0.357259
0.393783
0.000938503
0.516017
0.428656
0.461121
0.490461
0.00244087
5.95974e-34
5.95974e-34
2.45892e-34
0.00097194
0.00097194
2.45892e-34
0.00253044
0.00521655
0.00253044
0.00521655
0.01606
0.0095606
0.0095606
0.01606
0.0371746
0.0251456
0.0251456
0.0371746
0.070956
0.0523955
0.118043
0.0928708
0.0523955
0.070956
0.146238
0.177115
0.118043
0.0928708
0.210213
0.244982
0.177115
0.146238
0.280784
0.316925
0.244982
0.210213
0.280784
0.316925
0.387246
0.352665
0.387246
0.352665
0.419914
0.449937
0.449937
0.419914
0.499386
0.476634
0.531039
0.517666
0.541933
0.539195
0.499386
0.476634
0.539195
0.517666
0.531039
0.00539114
0.507109
0.0098684
0.512412
0.512412
0.507109
0.00539114
0.016537
0.496631
0.0258187
0.481232
0.461283
0.437262
0.0534399
0.0380442
0.409739
0.0534399
0.379357
0.119115
0.346818
0.312856
0.177437
0.0721142
0.278218
0.0940528
0.243641
0.209831
0.119115
0.147036
0.147036
0.0940528
0.0721142
0.177437
0.209831
0.0380442
0.0258187
0.016537
0.243641
0.0098684
0.278218
0.00261549
0.00100356
0.312856
0.346818
0.00100356
0.496631
0.379357
0.409739
0.437262
0.00261549
0.461283
0.481232
6.40743e-34
6.40743e-34
2.59708e-34
0.0010336
0.0010336
2.59708e-34
0.0055535
0.00269452
0.00269452
0.0055535
0.0169671
0.0101485
0.0169671
0.0101485
0.0387921
0.0264104
0.0264104
0.0387921
0.0730251
0.054303
0.119762
0.0949015
0.054303
0.0730251
0.177115
0.147302
0.0949015
0.119762
0.241419
0.208685
0.177115
0.147302
0.307676
0.274651
0.208685
0.241419
0.274651
0.307676
0.339761
0.370175
0.339761
0.370175
0.398208
0.423192
0.398208
0.423192
0.444527
0.46169
0.474264
0.481934
0.484513
0.481934
0.46169
0.444527
0.474264
0.010402
0.455708
0.455708
0.00106141
0.450734
0.0173454
0.440911
0.0269205
0.426489
0.0173454
0.0269205
0.407831
0.385405
0.0394104
0.359768
0.054983
0.331547
0.301424
0.119977
0.270112
0.0736795
0.23833
0.095415
0.206786
0.17615
0.147036
0.119977
0.147036
0.095415
0.0736795
0.054983
0.17615
0.0394104
0.206786
0.010402
0.23833
0.00570118
0.270112
0.00276836
0.301424
0.331547
0.00106141
0.450734
0.359768
0.385405
0.00276836
0.407831
0.426489
0.440911
0.00570118
6.81228e-34
6.81228e-34
2.71871e-34
0.00108738
0.00108738
2.71871e-34
0.00283486
0.00583471
0.00283486
0.00583471
0.0176712
0.0106238
0.0176712
0.0106238
0.0398973
0.027341
0.027341
0.0398973
0.0554703
0.0740751
0.119762
0.0955851
0.0740751
0.0554703
0.146238
0.174552
0.0955851
0.119762
0.234398
0.204146
0.174552
0.146238
0.294148
0.264632
0.234398
0.204146
0.264632
0.294148
0.322238
0.348214
0.322238
0.348214
0.391297
0.371431
0.391297
0.371431
0.407309
0.419051
0.426222
0.428631
0.426222
0.407309
0.419051
0.396278
0.0179399
0.38713
0.373715
0.0276732
0.356387
0.335602
0.0402465
0.311903
0.0179399
0.285901
0.055766
0.258255
0.055766
0.229653
0.0742064
0.0742064
0.200787
0.17233
0.095415
0.144916
0.119114
0.119114
0.095415
0.144916
0.0402465
0.17233
0.0276732
0.200787
0.0108159
0.0059515
0.229653
0.00289564
0.00111074
0.258255
0.285901
0.00111074
0.400913
0.311903
0.400913
0.335602
0.356387
0.00289564
0.373715
0.38713
0.0059515
0.396278
0.0108159
7.16531e-34
7.16531e-34
2.82165e-34
0.00113206
0.00113206
2.82165e-34
0.0060526
0.00294792
0.0060526
0.00294792
0.0109732
0.018152
0.018152
0.0109732
0.040458
0.0279102
0.0279102
0.040458
0.0558632
0.074075
0.0949015
0.118042
0.074075
0.0558632
0.169503
0.143077
0.118042
0.0949015
0.196732
0.22413
0.169503
0.143077
0.276745
0.251027
0.22413
0.196732
0.251027
0.276745
0.30062
0.322025
0.322025
0.30062
0.34039
0.355218
0.355218
0.34039
0.36611
0.372765
0.375005
0.372765
0.36611
0.0183035
0.323559
0.0280551
0.307587
0.288475
0.266749
0.00613534
0.0405279
0.243002
0.0183035
0.055766
0.217869
0.192012
0.166089
0.0736794
0.140738
0.0940527
0.116551
0.0940527
0.0736794
0.116551
0.055766
0.140738
0.0405279
0.0280551
0.166089
0.0110985
0.192012
0.0029941
0.00115042
0.217869
0.243002
0.00115042
0.335948
0.266749
0.288475
0.307587
0.348694
0.0029941
0.323559
0.335948
0.344405
0.00613534
0.0110985
0.348694
0.344405
7.45852e-34
7.45852e-34
2.90398e-34
0.00116658
0.00116658
2.90398e-34
0.00620127
0.00303081
0.00303081
0.00620127
0.0183959
0.0111868
0.0111868
0.0183959
0.040458
0.0281018
0.0281018
0.040458
0.073025
0.0554703
0.114654
0.0928708
0.073025
0.0554703
0.162116
0.137914
0.114654
0.0928708
0.210919
0.186662
0.162116
0.137914
0.234241
0.255989
0.186662
0.210919
0.234241
0.255989
0.292397
0.275559
0.292397
0.275559
0.306026
0.316051
0.316051
0.306026
0.322186
0.32425
0.322186
0.0280551
0.26197
0.244546
0.224809
0.0402465
0.203331
0.00624771
0.054983
0.180722
0.018426
0.157612
0.134627
0.0721141
0.112364
0.0913684
0.0913684
0.0721141
0.054983
0.112364
0.0402465
0.134627
0.0280551
0.0112418
0.157612
0.180722
0.00306122
0.00117952
0.203331
0.224809
0.00117952
0.276573
0.244546
0.26197
0.295682
0.29962
0.00306122
0.276573
0.287922
0.295682
0.00624771
0.29962
0.0112418
0.287922
0.018426
7.68511e-34
7.68511e-34
2.9641e-34
0.00119014
0.00119014
2.9641e-34
0.0062767
0.00308141
0.00308141
0.0062767
0.018396
0.0112586
0.018396
0.0112586
0.0398973
0.0279102
0.0279102
0.0398973
0.054303
0.0709558
0.0895528
0.109698
0.054303
0.0709558
0.130901
0.152613
0.109698
0.0895528
0.174237
0.195162
0.152613
0.130901
0.232507
0.214779
0.195162
0.174237
0.214779
0.232507
0.260232
0.247813
0.247813
0.260232
0.274995
0.269388
0.269388
0.274995
0.276885
0.186474
0.0394105
0.167256
0.00119734
0.147153
0.0534399
0.126764
0.106676
0.0695563
0.0183036
0.0276733
0.0874411
0.0695563
0.0874411
0.0534399
0.0394105
0.106676
0.126764
0.0112419
0.00628557
0.147153
0.00309527
0.167256
0.186474
0.00119734
0.204226
0.204226
0.219963
0.219963
0.233194
0.00309527
0.243503
0.250563
0.00628557
0.254151
0.254151
0.0112419
0.250563
0.243503
0.0183036
0.233194
0.0276733
7.83974e-34
7.83974e-34
3.00082e-34
0.00120216
0.00120216
3.00082e-34
0.00309842
0.00627683
0.00309842
0.00627683
0.0181522
0.0111868
0.0111868
0.0181522
0.0387921
0.027341
0.027341
0.0387921
0.0523956
0.0679282
0.103321
0.0850456
0.0679282
0.0523956
0.141276
0.122247
0.103321
0.0850456
0.177334
0.159831
0.141276
0.122247
0.207011
0.193231
0.177334
0.159831
0.193231
0.207011
0.226512
0.218227
0.226512
0.218227
0.231596
0.231596
0.233308
0.0380442
0.117384
0.0511819
0.0996563
0.0823872
0.0660815
0.00624789
0.0660815
0.0511819
0.0823872
0.0380442
0.0269206
0.0179401
0.0996563
0.0110987
0.117384
0.00309538
0.00120345
0.135025
0.152018
0.00120345
0.135025
0.167809
0.181876
0.193748
0.181876
0.00309538
0.203025
0.20939
0.212629
0.00624789
0.212629
0.0110987
0.20939
0.203025
0.193748
0.0179401
0.0269206
0.167809
0.152018
7.91873e-34
7.91873e-34
3.01338e-34
0.00120237
0.00120237
3.01338e-34
0.00620166
0.00308138
0.00308138
0.00620166
0.0176715
0.0109732
0.0109732
0.0176715
0.0264105
0.0371747
0.0371747
0.0264105
0.0498039
0.0640317
0.0794828
0.0957115
0.0498039
0.0640317
0.112211
0.128447
0.0794828
0.0957115
0.157973
0.143877
0.112211
0.128447
0.17025
0.180278
0.157973
0.143877
0.17025
0.180278
0.192269
0.187706
0.192269
0.187706
0.19381
0.0482754
0.0763566
0.0617923
0.00119771
0.0482754
0.0617923
0.0361875
0.0763566
0.0258189
0.0173457
0.0108163
0.0915149
0.00613569
0.106768
0.00306153
0.121592
0.135469
0.00119771
0.0915149
0.147901
0.15844
0.121592
0.135469
0.00306153
0.166702
0.172385
0.17528
0.166702
0.00613569
0.17528
0.0108163
0.172385
0.15844
0.0173457
0.147901
0.0258189
0.106768
0.0361875
7.92019e-34
7.92019e-34
3.00154e-34
0.00119076
0.00119076
3.00154e-34
0.00605323
0.00303075
0.00303075
0.00605323
0.0106239
0.0169676
0.0169676
0.0106239
0.0251456
0.0350922
0.0251456
0.0350922
0.0466041
0.0593815
0.0870987
0.0730299
0.0593815
0.0466041
0.101095
0.114513
0.0870987
0.0730299
0.126859
0.137669
0.101095
0.114513
0.146538
0.153125
0.126859
0.137669
0.146538
0.153125
0.158551
0.157183
0.157183
0.0338946
0.0568158
0.0244
0.0165373
0.0695294
0.0104025
0.00595201
0.0824956
0.00299462
0.00118026
0.095235
0.107262
0.00118026
0.0448058
0.118112
0.0568158
0.127357
0.134634
0.00299462
0.139652
0.142212
0.107262
0.118112
0.00595201
0.142212
0.139652
0.0104025
0.134634
0.127357
0.0165373
0.0244
0.095235
0.0824956
0.0338946
0.0695294
0.0448058
7.84409e-34
7.84409e-34
2.96553e-34
0.0011676
0.0011676
2.96553e-34
0.00294783
0.00583556
0.00294783
0.00583556
0.0160606
0.0101486
0.0160606
0.0101486
0.0235831
0.0326056
0.0235831
0.0326056
0.0428907
0.0541157
0.0777408
0.0658798
0.0541157
0.0428907
0.0998957
0.0892333
0.0777408
0.0658798
0.117042
0.109295
0.0998957
0.0892333
0.126383
0.122819
0.109295
0.117042
0.126383
0.122819
0.127589
0.0513002
0.00986897
0.0621098
0.00570183
0.00289634
0.00115151
0.0728699
0.0831348
0.00115151
0.0155382
0.0924695
0.100474
0.106804
0.0408759
0.00289634
0.111183
0.113421
0.113421
0.0728699
0.00570183
0.111183
0.00986897
0.106804
0.100474
0.0924695
0.0155382
0.0831348
0.022705
0.0621098
0.0513002
0.0312327
0.0408759
0.0312327
0.022705
7.69221e-34
7.69221e-34
2.90607e-34
0.00113344
0.00113344
2.90607e-34
0.00555455
0.00283475
0.00283475
0.00555455
0.00956063
0.0149764
0.0149764
0.00956063
0.0217682
0.0297878
0.0297878
0.0217682
0.0483914
0.0387737
0.0582469
0.06792
0.0483914
0.0387737
0.0850396
0.0769863
0.06792
0.0582469
0.091719
0.0967185
0.0850396
0.0769863
0.10086
0.099814
0.0967185
0.091719
0.099814
0.0543208
0.00276923
0.00111214
0.0629285
0.0708336
0.00111214
0.00539191
0.0776631
0.0830931
0.0143769
0.0207832
0.00276923
0.0868641
0.0887958
0.0887958
0.0454102
0.00539191
0.0868641
0.00923061
0.0830931
0.0776631
0.0708336
0.0143769
0.0629285
0.0207832
0.0543208
0.036602
0.02828
0.02828
0.036602
0.00923061
0.0454102
7.46816e-34
7.46816e-34
2.82434e-34
0.00108908
0.00108908
2.82434e-34
0.00269438
0.00521777
0.00269438
0.00521777
0.0137461
0.00887645
0.0137461
0.00887645
0.0267219
0.0197537
0.0267219
0.0197537
0.0423797
0.0343751
0.0503608
0.0579329
0.0423797
0.0343751
0.0647243
0.070395
0.0503608
0.0579329
0.0746636
0.0773123
0.070395
0.0647243
0.0782117
0.0773123
0.0746636
0.0529712
0.00106307
0.0587031
0.00106307
0.0632904
0.0664908
0.0026165
0.0681345
0.0681345
0.0130865
0.0186904
0.0050306
0.0664908
0.0321111
0.0632904
0.00850523
0.0587031
0.0529712
0.0130865
0.0463966
0.039322
0.0186904
0.0251235
0.0251235
0.0321111
0.00850523
0.0050306
0.039322
0.0026165
0.0463966
7.1772e-34
7.1772e-34
2.72191e-34
0.00103557
2.72191e-34
0.00103557
0.00483426
0.00253028
0.00253028
0.00483426
0.00811511
0.0124048
0.00811511
0.0124048
0.0234978
0.0175982
0.0175982
0.0234978
0.0298257
0.0362603
0.0424583
0.0480801
0.0362603
0.0298257
0.0528165
0.0564011
0.0480801
0.0424583
0.059395
0.0586369
0.0564011
0.0528165
0.0586369
0.00100544
0.0432965
0.0471061
0.0497784
0.00244199
0.0511553
0.00462753
0.0511553
0.0497784
0.00462753
0.0471061
0.00771301
0.0432965
0.0385746
0.0332173
0.011704
0.0275366
0.0164875
0.0218559
0.0164875
0.011704
0.0218559
0.00771301
0.0275366
0.00244199
0.00100544
0.0332173
0.0385746
6.82605e-34
6.82605e-34
2.6007e-34
0.00097412
0.00097412
2.6007e-34
0.00441423
0.00234653
0.00234653
0.00441423
0.0109907
0.00729774
0.00729774
0.0109907
0.0202105
0.0153642
0.0202105
0.0153642
0.0302155
0.0252602
0.0386549
0.034775
0.0252602
0.0302155
0.0416154
0.0434679
0.0386549
0.034775
0.0440999
0.0416154
0.0434679
0.0363807
0.00225001
0.0375141
0.000940543
0.0375141
0.0363807
0.0041934
0.0341895
0.00687586
0.0102686
0.0142382
0.0310862
0.027277
0.0230134
0.0102686
0.0185731
0.0142382
0.00687586
0.0185731
0.0041934
0.0230134
0.00225001
0.027277
0.0310862
0.000940543
0.0341895
6.42268e-34
6.42268e-34
2.46284e-34
0.000906088
0.000906088
2.46284e-34
0.00396871
0.00214763
0.00214763
0.00396871
0.00644682
0.00954391
0.00644682
0.00954391
0.0131161
0.0169558
0.0169558
0.0131161
0.0244227
0.0208125
0.0275359
0.0299306
0.0208125
0.0244227
0.0314402
0.0319543
0.0299306
0.0275359
0.0314402
0.00204519
0.0268232
0.0259081
0.00373951
0.0241472
0.0216734
0.00601667
0.018673
0.01537
0.00882068
0.012007
0.00882068
0.012007
0.00601667
0.00373951
0.01537
0.00204519
0.000869789
0.018673
0.0216734
0.000869789
0.0241472
0.0259081
0.0268232
5.97598e-34
5.97598e-34
2.31062e-34
0.000832934
0.000832934
2.31062e-34
0.00350921
0.00193832
0.00193832
0.00350921
0.00558544
0.00810484
0.00558544
0.00810484
0.0109178
0.0138269
0.0109178
0.0138269
0.0166104
0.0190473
0.0221467
0.0209447
0.0190473
0.0166104
0.0221467
0.0225597
0.0209447
0.0179465
0.0165627
0.00327745
0.0146379
0.00515851
0.0123373
0.00327745
0.00985667
0.00740041
0.00740041
0.00515851
0.00985667
0.00183236
0.000794663
0.0123373
0.0146379
0.000794663
0.0165627
0.0186697
0.0179465
0.0186697
0.00183236
5.49547e-34
5.49547e-34
0.00075615
2.14636e-34
0.00075615
2.14636e-34
0.00304728
0.00172341
0.00172341
0.00304728
0.00671273
0.00473641
0.00671273
0.00473641
0.00883028
0.0109108
0.00883028
0.0109108
0.0142342
0.0127694
0.015494
0.0151724
0.0127694
0.0151724
0.0142342
0.0028186
0.00955693
0.00432371
0.00784541
0.00604578
0.00432371
0.00604578
0.0028186
0.00784541
0.00161628
0.000716654
0.00955693
0.0110152
0.000716654
0.0120762
0.0120762
0.0126346
0.00161628
0.0126346
0.0110152
4.9909e-34
4.9909e-34
1.97231e-34
0.000677209
0.000677209
1.97231e-34
0.00259405
0.0015076
0.0015076
0.00259405
0.00540403
0.00392134
0.00392134
0.00540403
0.00690837
0.00828333
0.00828333
0.00690837
0.00938661
0.0100986
0.0103458
0.0100986
0.00938661
0.00353294
0.00353294
0.00237373
0.00479112
0.00140154
0.000637198
0.00602416
0.0070976
0.000637198
0.00479112
0.00602416
0.00789018
0.00831073
0.00831073
0.00140154
0.00789018
0.0070976
0.00237373
4.4719e-34
4.4719e-34
1.79054e-34
0.0005975
0.0005975
1.79054e-34
0.00215977
0.0012953
0.00215977
0.0012953
0.00421047
0.00315968
0.00421047
0.00315968
0.00600482
0.00519815
0.00519815
0.00600482
0.00653367
0.00671664
0.00653367
0.00119233
0.000557621
0.00366513
0.00443331
0.000557621
0.00501005
0.00195243
0.00531912
0.00531912
0.00366513
0.00119233
0.00501005
0.00443331
0.00195243
0.00280416
0.00280416
3.94753e-34
3.94753e-34
1.60287e-34
0.000518272
0.000518272
1.60287e-34
0.0010904
0.0017533
0.0010904
0.0017533
0.00315723
0.00246764
0.00315723
0.00246764
0.00411514
0.00373357
0.00373357
0.0042496
0.00411514
0.00268893
0.00309954
0.00047908
0.00047908
0.00332189
0.00332189
0.000992206
0.00309954
0.00268893
0.00215158
0.00156271
0.00156271
0.00215158
0.000992206
3.42598e-34
3.42598e-34
1.41077e-34
0.000440579
1.41077e-34
0.000440579
0.00089609
0.00138163
0.00089609
0.00138163
0.00226089
0.00185711
0.00226089
0.00185711
0.00262838
0.00253312
0.00253312
0.00040251
0.0020323
0.0020323
0.00187404
0.000803968
0.00158453
0.00121037
0.00121037
0.000803968
0.00040251
0.00158453
0.00187404
2.91414e-34
2.91414e-34
1.21535e-34
0.00036523
0.00036523
1.21535e-34
0.00104931
0.000714694
0.000714694
0.00104931
0.00133457
0.00152737
0.00133457
0.00152737
0.00159629
0.00110636
0.000629428
0.000898607
0.000629428
0.00032858
0.000898607
0.00110636
0.00032858
0.00122021
0.00122021
2.41729e-34
2.41729e-34
1.01736e-34
0.000292749
0.000292749
1.01736e-34
0.000758011
0.000547463
0.000547463
0.000758011
0.000899933
0.000899933
0.000949728
0.00046926
0.00046926
0.000257659
0.000627427
0.000713271
0.000257659
0.000713271
0.000627427
1.93887e-34
1.93887e-34
8.17209e-35
0.000223346
8.17209e-35
0.000223346
0.000394435
0.000505991
0.000394435
0.000505991
0.000545401
0.000393202
0.000189791
0.000393202
0.000322853
0.000189791
0.000322853
1.48025e-34
1.48025e-34
0.000156902
6.15086e-35
0.000156902
6.15086e-35
0.000254298
0.000254298
0.000287625
0.000124688
0.000188186
0.000124688
0.000188186
1.04064e-34
1.04064e-34
4.11137e-35
9.29669e-05
9.29669e-05
4.11137e-35
0.000124261
6.17389e-05
6.17389e-05
6.17095e-35
6.17095e-35
2.0569e-35
2.0569e-35
3.07837e-05
1.50764e-38
2.04622e-35
2.04622e-35
