2.05897e-38
2.18065e-35
2.18065e-35
2.19558e-35
6.57263e-35
3.28333e-05
6.58551e-05
2.19558e-35
6.57263e-35
6.58551e-05
4.39535e-35
0.000132968
1.10769e-34
9.91241e-05
0.00013264
0.00020055
0.00020055
9.91241e-05
0.000132968
1.10769e-34
4.39535e-35
6.58451e-35
0.000202269
1.57446e-34
0.000167191
0.000343534
0.00041799
0.000271013
0.000306138
6.58451e-35
0.000202269
0.000271013
0.00041799
0.000343534
0.000167191
1.57446e-34
8.75923e-35
0.000237812
0.000274371
2.06053e-34
0.000419368
0.000498334
0.000664735
0.000536937
0.000754712
0.00057904
0.000754712
0.000536937
0.000237812
2.06053e-34
0.000274371
8.75923e-35
0.000498334
0.000419368
0.000664735
1.09172e-34
2.56666e-34
0.000311437
0.000349558
0.000580526
0.000666976
0.000948543
0.000801523
0.000349558
2.56666e-34
0.000311437
1.09172e-34
0.0012826
0.00100146
0.00116461
0.00095042
0.00095042
0.000948543
0.00116461
0.000580526
0.0012826
0.000801523
0.000666976
1.30555e-34
0.000427774
3.09137e-34
0.000388181
0.000755841
0.000850063
0.00127305
0.00110553
0.00160012
0.00140186
0.00165976
0.00195758
3.09137e-34
0.000427774
0.000388181
1.30555e-34
0.000755841
0.00127305
0.000850063
0.00110553
0.00167235
0.00212003
0.00160012
0.00212003
0.00165976
0.00195758
0.00140186
1.51686e-34
0.000508633
3.63109e-34
0.000467817
0.000945295
0.00104689
0.0016382
0.00145067
0.00279384
0.00235491
0.0019412
0.00224395
0.0026348
0.00321292
0.00343945
0.00273073
1.51686e-34
0.000508633
3.63109e-34
0.000467817
0.000945295
0.00104689
0.0016382
0.00145067
0.00321292
0.00279384
0.00224395
0.00343945
0.0019412
0.0026348
0.00235491
1.72475e-34
0.000591433
4.18028e-34
0.000549798
0.00114763
0.0012556
0.00204078
0.00183526
0.00291378
0.00379158
0.00327275
0.00256852
0.00386095
0.0045726
0.0051578
0.0042475
0.000549798
1.72475e-34
0.000591433
4.18028e-34
0.00438585
0.00547116
0.00547116
0.0042475
0.0012556
0.00204078
0.00114763
0.00183526
0.00327275
0.0045726
0.0051578
0.00291378
0.00256852
0.00386095
0.00379158
1.92795e-34
0.000675204
4.73178e-34
0.000633279
0.00225463
0.0013605
0.00147333
0.00247486
0.0036598
0.0049392
0.00434765
0.00327732
0.00535131
0.00618956
0.00727585
0.00616756
0.00670473
0.00807714
0.008502
0.00688793
4.73178e-34
0.000633279
1.92795e-34
0.000675204
0.00247486
0.00147333
0.00225463
0.0013605
0.008502
0.00807714
0.00670473
0.00616756
0.00434765
0.00327732
0.0036598
0.0049392
0.00618956
0.00727585
0.00535131
2.12476e-34
0.000758742
5.27711e-34
0.000717165
0.00158067
0.00293235
0.00270172
0.00169643
0.000717165
0.000758742
5.27711e-34
2.12476e-34
0.00446769
0.00621542
0.0055629
0.00405562
0.00708729
0.00976585
0.00847672
0.00803697
0.0103094
0.0112374
0.0123072
0.00959269
0.01287
0.010561
0.0103094
0.01287
0.00169643
0.00293235
0.00270172
0.00158067
0.00621542
0.00446769
0.0055629
0.00405562
0.0123072
0.0112374
0.00803697
0.00959269
0.00976585
0.00708729
0.00847672
2.31319e-34
0.000840672
5.80682e-34
0.000800156
0.00180418
0.00192061
0.00340351
0.00316753
0.000800156
0.000840672
5.80682e-34
2.31319e-34
0.0053193
0.00759135
0.00689316
0.00488708
0.00192061
0.00316753
0.00340351
0.00180418
0.00903483
0.0100742
0.011135
0.0125769
0.014485
0.0148955
0.0168337
0.0130106
0.0189543
0.0157537
0.0182267
0.0154321
0.0154321
0.0189543
0.0182267
0.014485
0.00488708
0.00759135
0.0053193
0.00689316
0.0168337
0.011135
0.0125769
0.0100742
0.00903483
0.0130106
0.0148955
2.49093e-34
0.000880808
0.000919502
6.31092e-34
0.00202654
0.00214119
0.00387743
0.00364167
0.00619379
0.00903243
0.00830645
0.00575212
0.000880808
0.000919502
6.31092e-34
2.49093e-34
0.00387743
0.00214119
0.00364167
0.00202654
0.0111476
0.0122501
0.0156399
0.0140817
0.00619379
0.00830645
0.00575212
0.00903243
0.0168865
0.0189658
0.0219844
0.0193382
0.0212491
0.0224559
0.0244724
0.0262425
0.0271623
0.0224559
0.0228737
0.0271623
0.0212491
0.0244724
0.0262425
0.0193382
0.0122501
0.0189658
0.0140817
0.0111476
0.0219844
0.0168865
0.0156399
2.65552e-34
6.77928e-34
0.000957593
0.000993688
0.00224295
0.00235328
0.00434255
0.00411282
0.00706858
0.0105003
0.0097661
0.00662891
0.000957593
0.000993688
6.77928e-34
2.65552e-34
0.0133705
0.0145062
0.0188726
0.0172407
0.00434255
0.00235328
0.00411282
0.00224295
0.0097661
0.0105003
0.00706858
0.00662891
0.0233409
0.0211232
0.0276278
0.0247536
0.0145062
0.0133705
0.0172407
0.0188726
0.0302897
0.0278851
0.0345737
0.0314562
0.031809
0.0367747
0.0323229
0.0379129
0.0379129
0.0302897
0.031809
0.0367747
0.0278851
0.0247536
0.0211232
0.0314562
0.0233409
0.0276278
0.0345737
2.80444e-34
0.00106169
7.20203e-34
0.00102896
0.00244851
0.00255193
0.00478711
0.00456928
0.00792038
0.0119548
0.00749446
0.0112326
0.0156424
0.0167792
0.0221841
0.0205247
0.00102896
0.00106169
7.20203e-34
2.80444e-34
0.00255193
0.00478711
0.00456928
0.00244851
0.033607
0.0278979
0.0256046
0.0305859
0.0119548
0.00792038
0.0112326
0.00749446
0.0205247
0.0156424
0.0167792
0.0221841
0.0437304
0.0390639
0.0351685
0.0389888
0.0256046
0.033607
0.0278979
0.0305859
0.0438965
0.042039
0.0502372
0.047555
0.0516192
0.0445337
0.0438965
0.0516192
0.0390639
0.0437304
0.0389888
0.042039
0.0502372
0.047555
0.0351685
2.93521e-34
0.00112205
7.56991e-34
0.00109339
0.00263836
0.00273242
0.00519963
0.00499937
0.00872606
0.00832545
0.013355
0.0126651
0.0178989
0.0190045
0.0254788
0.0238401
2.93521e-34
7.56991e-34
0.00109339
0.00112205
0.0366692
0.0302026
0.0325048
0.0397493
0.00263836
0.00273242
0.00519963
0.00499937
0.013355
0.00872606
0.0126651
0.00832545
0.046854
0.0534537
0.0485383
0.042895
0.0238401
0.0254788
0.0178989
0.0190045
0.0302026
0.0325048
0.0366692
0.0397493
0.0592063
0.0638091
0.0532946
0.0568898
0.0534537
0.046854
0.042895
0.0485383
0.0598939
0.059136
0.068669
0.06702
0.0592063
0.068669
0.0638091
0.06702
0.0568898
0.059136
0.0532946
3.04551e-34
0.0011734
7.87466e-34
0.00114948
0.0028079
0.0028903
0.00556928
0.00539187
0.00909918
0.00946349
0.0146614
0.0140234
0.0200754
0.0211178
0.0286606
0.0270905
0.00114948
0.0011734
7.87466e-34
3.04551e-34
0.0428254
0.0347829
0.0370261
0.0458733
0.0028079
0.00539187
0.00556928
0.0028903
0.0634581
0.0584392
0.0548196
0.0508393
0.00946349
0.0146614
0.0140234
0.00909918
0.0270905
0.0286606
0.0211178
0.0200754
0.0713897
0.0782406
0.0709431
0.0652557
0.0458733
0.0347829
0.0370261
0.0428254
0.0634581
0.0548196
0.0508393
0.0584392
0.0778818
0.0752276
0.083687
0.0874689
0.0709431
0.0652557
0.0782406
0.0713897
0.0894063
0.0787868
0.0778818
0.0752276
0.0874689
0.083687
0.0894063
3.1333e-34
0.00121459
8.10927e-34
0.00119595
0.00295296
0.00302167
0.00588623
0.00573641
0.00119595
0.00121459
8.10927e-34
3.1333e-34
0.00979432
0.0101123
0.0158369
0.0152689
0.0221089
0.023058
0.0316362
0.0301807
0.0517966
0.0488718
0.0392101
0.0413279
0.00573641
0.00295296
0.00588623
0.00302167
0.0626475
0.0684725
0.0734443
0.0587651
0.00979432
0.0158369
0.0152689
0.0101123
0.0856459
0.0837419
0.093104
0.0775692
0.0316362
0.023058
0.0301807
0.0221089
0.0517966
0.0413279
0.0392101
0.0488718
0.0973581
0.101132
0.107478
0.0923469
0.0734443
0.0626475
0.0587651
0.0684725
0.093104
0.0856459
0.0775692
0.0837419
0.100465
0.101511
0.114112
0.111868
0.0973581
0.0923469
0.101132
0.107478
0.114112
0.100465
0.111868
3.1969e-34
0.00124466
8.2683e-34
0.00123174
0.00306989
0.0031232
0.00614203
0.00602381
0.0103916
0.0106544
0.0168479
0.0163663
0.00123174
0.00124466
8.2683e-34
3.1969e-34
0.00602381
0.00614203
0.00306989
0.0031232
0.0239405
0.0247689
0.0343183
0.0330202
0.045283
0.0573425
0.0546281
0.0433533
0.070103
0.0783367
0.0831117
0.0664349
0.0103916
0.0163663
0.0168479
0.0106544
0.0958901
0.107951
0.100558
0.0898653
0.0239405
0.0330202
0.0247689
0.0343183
0.11883
0.128099
0.109985
0.11775
0.0546281
0.0573425
0.045283
0.0433533
0.070103
0.0783367
0.0664349
0.0831117
0.127115
0.135393
0.140424
0.123545
0.100558
0.0958901
0.107951
0.0898653
0.109985
0.128099
0.11775
0.11883
0.128327
0.123545
0.14299
0.14299
0.127115
0.135393
0.140424
3.23505e-34
0.00126289
8.348e-34
0.001256
0.00315573
0.00319233
0.00632981
0.00624638
0.0108744
0.0110747
0.0176658
0.0172841
0.0255173
0.0355256
0.0262009
0.0366283
0.001256
0.00126289
8.348e-34
3.23505e-34
0.00319233
0.00624638
0.00632981
0.00315573
0.0172841
0.0176658
0.0110747
0.0108744
0.0487742
0.0623456
0.0599225
0.0470896
0.0877347
0.092169
0.0736186
0.0769625
0.122332
0.115228
0.107467
0.101772
0.0355256
0.0255173
0.0366283
0.0262009
0.127607
0.136244
0.148707
0.138444
0.0470896
0.0487742
0.0599225
0.0623456
0.147336
0.167552
0.153936
0.159271
0.092169
0.0769625
0.0877347
0.0736186
0.122332
0.107467
0.115228
0.101772
0.176149
0.158006
0.173248
0.159375
0.127607
0.136244
0.138444
0.148707
0.153936
0.147336
0.176149
0.173248
0.159271
0.158006
0.167552
3.247e-34
0.00126886
8.3465e-34
0.00126817
0.00320831
0.00322728
0.0064445
0.00639812
0.0112293
0.0113616
0.0182672
0.0179963
0.00126817
0.00126886
8.3465e-34
3.247e-34
0.0267935
0.0384987
0.0376236
0.0273127
0.0516987
0.0666575
0.0645975
0.0503087
0.00639812
0.0064445
0.00322728
0.00320831
0.0179963
0.0182672
0.0113616
0.0112293
0.0267935
0.0273127
0.0376236
0.0384987
0.0963835
0.0801011
0.100344
0.0830209
0.135811
0.129211
0.118123
0.11293
0.14468
0.152846
0.168675
0.158809
0.0645975
0.0503087
0.0516987
0.0666575
0.182774
0.181165
0.194673
0.171117
0.0801011
0.0963835
0.100344
0.0830209
0.193182
0.203969
0.210348
0.188612
0.129211
0.135811
0.118123
0.11293
0.168675
0.152846
0.158809
0.14468
0.213593
0.194729
0.193182
0.213593
0.182774
0.171117
0.210348
0.194673
0.181165
0.188612
0.203969
3.23251e-34
0.00126243
8.26385e-34
0.00126796
0.00322627
0.00322716
0.00648302
0.00647496
0.0114463
0.0115071
0.018635
0.0184827
0.0277323
0.0280722
0.039875
0.0392529
0.00126796
0.00126243
8.26385e-34
3.23251e-34
0.00322716
0.00647496
0.00648302
0.00322627
0.0539704
0.0701503
0.0685145
0.0529159
0.0880979
0.107392
0.104024
0.0856889
0.0115071
0.0114463
0.0184827
0.018635
0.0392529
0.0277323
0.039875
0.0280722
0.0539704
0.0529159
0.0701503
0.0685145
0.142083
0.14798
0.127538
0.123003
0.160684
0.168132
0.187395
0.178228
0.205186
0.194162
0.220957
0.20797
0.0856889
0.104024
0.0880979
0.107392
0.244545
0.234216
0.227512
0.219213
0.123003
0.127538
0.14798
0.142083
0.23261
0.25162
0.255214
0.234322
0.187395
0.178228
0.160684
0.168132
0.194162
0.205186
0.20797
0.220957
0.23261
0.227512
0.255214
0.25162
0.219213
0.234216
0.244545
3.19189e-34
0.00124375
8.102e-34
0.00125536
0.00320915
0.00319198
0.00644433
0.0064748
0.0187293
0.0115195
0.011507
0.0187587
0.00125536
0.00124375
8.102e-34
3.19189e-34
0.0283066
0.0284575
0.040717
0.0403662
0.0555228
0.0727213
0.0715577
0.0548347
0.00319198
0.0064748
0.00644433
0.00320915
0.0187293
0.0187587
0.0115195
0.011507
0.0920428
0.113103
0.110427
0.090216
0.135429
0.153458
0.131688
0.158473
0.0403662
0.040717
0.0284575
0.0283066
0.0715577
0.0548347
0.0555228
0.0727213
0.113103
0.0920428
0.090216
0.110427
0.175134
0.196108
0.2043
0.18164
0.215769
0.225825
0.245603
0.233533
0.261315
0.277694
0.248873
0.263063
0.131688
0.153458
0.158473
0.135429
0.270492
0.276106
0.289066
0.29684
0.175134
0.2043
0.196108
0.18164
0.300787
0.300787
0.278003
0.276106
0.225825
0.245603
0.215769
0.233533
0.29684
0.289066
0.263063
0.248873
0.277694
0.270492
0.261315
3.12598e-34
0.00121326
7.86478e-34
0.0012307
0.00315739
0.00312264
0.00632947
0.00639767
0.0186349
0.0187293
0.0114469
0.0113614
0.0285
0.0284574
0.0410005
0.040931
0.0012307
0.00121326
7.86478e-34
3.12598e-34
0.00312264
0.00639767
0.00632947
0.00315739
0.0563106
0.0742946
0.0736376
0.0560088
0.0947391
0.117307
0.115403
0.0935484
0.0187293
0.0186349
0.0113614
0.0114469
0.040931
0.0285
0.0410005
0.0284574
0.141562
0.166978
0.138725
0.162992
0.187596
0.21191
0.218879
0.192963
0.0563106
0.0560088
0.0742946
0.0736376
0.0935484
0.115403
0.117307
0.0947391
0.138725
0.162992
0.166978
0.141562
0.235282
0.257075
0.244066
0.267862
0.276687
0.308781
0.289632
0.293556
0.324784
0.307214
0.337195
0.317255
0.187596
0.21191
0.192963
0.218879
0.349966
0.323405
0.325469
0.345669
0.235282
0.244066
0.267862
0.257075
0.323405
0.349966
0.345669
0.317255
0.293556
0.289632
0.276687
0.308781
0.324784
0.307214
0.337195
3.03609e-34
0.0011717
7.55774e-34
0.00119454
0.00307231
0.00302091
0.00614153
0.00624564
0.0110744
0.018267
0.0184825
0.0112303
0.00119454
0.0011717
7.55774e-34
3.03609e-34
0.0283068
0.0280721
0.040717
0.040931
0.0563106
0.0748243
0.0564039
0.0746931
0.00302091
0.00624564
0.00614153
0.00307231
0.0184825
0.018267
0.0112303
0.0110744
0.0961075
0.11988
0.118804
0.0955879
0.170403
0.145754
0.173239
0.143907
0.0280721
0.0283068
0.040717
0.040931
0.0564039
0.0746931
0.0748243
0.0563106
0.197696
0.201765
0.225158
0.230696
0.252112
0.259359
0.287062
0.277883
0.0961075
0.11988
0.0955879
0.118804
0.173239
0.145754
0.143907
0.170403
0.230696
0.197696
0.225158
0.201765
0.301808
0.323252
0.313116
0.33686
0.375044
0.357684
0.356507
0.341654
0.374086
0.388484
0.397648
0.367423
0.252112
0.287062
0.259359
0.277883
0.374086
0.402291
0.376334
0.402291
0.33686
0.323252
0.301808
0.313116
0.367423
0.375044
0.357684
0.388484
0.397648
0.341654
0.356507
2.92398e-34
0.00112001
7.18792e-34
0.00114774
0.00295608
0.00602281
0.00288937
0.00588559
0.0106539
0.0176656
0.017996
0.0108759
0.00114774
0.00112001
7.18792e-34
2.92398e-34
0.0277327
0.0273126
0.0398749
0.0403662
0.00288937
0.00602281
0.00588559
0.00295608
0.0555229
0.0560087
0.0742947
0.0746931
0.0961075
0.120746
0.120531
0.0962743
0.0108759
0.017996
0.0176656
0.0106539
0.0273126
0.0403662
0.0277327
0.0398749
0.175469
0.147882
0.177072
0.147078
0.207782
0.205132
0.239397
0.235455
0.0560087
0.0742947
0.0746931
0.0555229
0.120531
0.120746
0.0961075
0.0962743
0.265753
0.302624
0.295329
0.271247
0.361081
0.323476
0.332806
0.349501
0.177072
0.147882
0.147078
0.175469
0.205132
0.235455
0.239397
0.207782
0.265753
0.271247
0.295329
0.302624
0.392663
0.372763
0.386766
0.409233
0.427924
0.442371
0.420467
0.408707
0.457194
0.430064
0.452211
0.427654
0.349501
0.332806
0.323476
0.361081
0.457194
0.427654
0.452211
0.420467
0.442371
0.392663
0.427924
0.372763
0.408707
0.386766
0.409233
2.79176e-34
0.00105939
6.76367e-34
0.00109137
0.00109137
0.00105939
6.76367e-34
2.79176e-34
0.00281162
0.0055685
0.00573518
0.00273133
0.0101117
0.0168476
0.0172836
0.0103935
0.026794
0.0262008
0.0384987
0.0392529
0.00573518
0.0055685
0.00281162
0.00273133
0.0548345
0.0539705
0.0727214
0.0736377
0.0172836
0.0168476
0.0101117
0.0103935
0.0947392
0.11988
0.120531
0.0955875
0.147882
0.178362
0.17804
0.148145
0.0262008
0.0392529
0.026794
0.0384987
0.0539705
0.0727214
0.0548345
0.0736377
0.209683
0.210835
0.244722
0.242494
0.275797
0.279374
0.308891
0.314083
0.11988
0.0947392
0.0955875
0.120531
0.147882
0.148145
0.17804
0.178362
0.34104
0.348113
0.380714
0.371511
0.399598
0.438725
0.411152
0.424625
0.209683
0.242494
0.210835
0.244722
0.275797
0.314083
0.279374
0.308891
0.34104
0.380714
0.371511
0.348113
0.482772
0.463192
0.446001
0.462789
0.508693
0.498197
0.475791
0.48347
0.48347
0.486058
0.514006
0.514006
0.399598
0.424625
0.438725
0.411152
0.508693
0.463192
0.475791
0.498197
0.462789
0.482772
0.446001
2.64178e-34
0.000991191
6.29427e-34
0.00102672
0.00264256
0.00255074
0.00519876
0.00539044
0.00102672
0.000991191
6.29427e-34
2.64178e-34
0.00539044
0.00519876
0.00264256
0.00255074
0.00946287
0.0158365
0.0163656
0.00979665
0.025518
0.0247687
0.0366283
0.0376235
0.0529156
0.0516987
0.0701505
0.071558
0.00979665
0.00946287
0.0163656
0.0158365
0.092043
0.117307
0.118805
0.0935477
0.0376235
0.0366283
0.025518
0.0247687
0.145755
0.177072
0.17804
0.147077
0.211216
0.246516
0.246067
0.210835
0.0529156
0.0701505
0.0516987
0.071558
0.117307
0.118805
0.092043
0.0935477
0.283499
0.321098
0.281945
0.318163
0.353973
0.358577
0.395171
0.38862
0.177072
0.147077
0.17804
0.145755
0.210835
0.246067
0.211216
0.246516
0.42135
0.430109
0.462632
0.451426
0.500962
0.517625
0.478172
0.492025
0.318163
0.281945
0.283499
0.321098
0.358577
0.353973
0.395171
0.38862
0.42135
0.462632
0.451426
0.430109
0.555217
0.538851
0.519276
0.532669
0.543581
0.540842
0.566343
0.571972
0.540842
0.571972
0.532669
0.566343
0.478172
0.519276
0.517625
0.492025
0.538851
0.555217
0.500962
2.47658e-34
0.000955212
0.000916888
5.78964e-34
0.00245307
0.002352
0.00478616
0.00499779
0.00872538
0.0146609
0.0152682
0.00910182
0.000955212
0.000916888
5.78964e-34
2.47658e-34
0.002352
0.00499779
0.00478616
0.00245307
0.0152682
0.0146609
0.00872538
0.00910182
0.0239414
0.0230578
0.0343183
0.0355255
0.0503083
0.0487743
0.0666576
0.0685148
0.0902149
0.0880981
0.113103
0.115404
0.0230578
0.0355255
0.0239414
0.0343183
0.141562
0.173239
0.175469
0.143905
0.0503083
0.0666576
0.0685148
0.0487743
0.246067
0.209683
0.207782
0.244723
0.323459
0.284015
0.283499
0.322868
0.0880981
0.0902149
0.115404
0.113103
0.143905
0.175469
0.173239
0.141562
0.36189
0.404022
0.400318
0.363889
0.437368
0.480238
0.44307
0.47226
0.246067
0.209683
0.207782
0.244723
0.323459
0.283499
0.322868
0.284015
0.545878
0.532634
0.514752
0.504252
0.572943
0.55679
0.576164
0.595353
0.36189
0.404022
0.400318
0.363889
0.437368
0.480238
0.44307
0.47226
0.532634
0.504252
0.545878
0.514752
0.590334
0.62434
0.598959
0.612613
0.63027
0.63027
0.601864
0.598959
0.590334
0.595353
0.612613
0.62434
0.572943
0.576164
0.55679
2.29871e-34
5.25993e-34
0.000878355
0.00083802
0.00224773
0.00213988
0.00434156
0.00456761
0.00791965
0.0133545
0.0140226
0.00832831
0.000878355
0.00083802
5.25993e-34
2.29871e-34
0.0221099
0.0211175
0.0316361
0.0330201
0.00213988
0.00456761
0.00434156
0.00224773
0.00832831
0.00791965
0.0140226
0.0133545
0.0211175
0.0330201
0.0316361
0.0221099
0.0470891
0.0452831
0.0623458
0.0645979
0.0830212
0.107392
0.110428
0.0856875
0.13543
0.166978
0.170404
0.138724
0.0470891
0.0645979
0.0623458
0.0452831
0.20513
0.239397
0.242495
0.201765
0.107392
0.110428
0.0830212
0.0856875
0.279374
0.321098
0.281944
0.322869
0.407001
0.364555
0.363889
0.406255
0.166978
0.13543
0.138724
0.170404
0.242495
0.20513
0.239397
0.201765
0.486505
0.447173
0.449648
0.491015
0.530292
0.557256
0.523456
0.566684
0.279374
0.321098
0.281944
0.322869
0.407001
0.363889
0.364555
0.406255
0.62789
0.612637
0.599445
0.587201
0.651415
0.633031
0.647918
0.669518
0.447173
0.491015
0.486505
0.449648
0.566684
0.557256
0.523456
0.530292
0.587201
0.612637
0.599445
0.62789
0.660032
0.656992
0.68181
0.688023
0.688023
0.656992
0.647918
0.669518
0.68181
0.651415
0.633031
2.11063e-34
0.000756135
4.71511e-34
0.000797707
0.000797707
0.000756135
4.71511e-34
2.11063e-34
0.00203138
0.0019193
0.00387643
0.00411109
0.00706783
0.0119543
0.0126643
0.00749745
0.0200764
0.0190042
0.0286605
0.0301806
0.00411109
0.00387643
0.00203138
0.0019193
0.0433527
0.041328
0.0573427
0.0599229
0.0126643
0.00706783
0.0119543
0.00749745
0.0286605
0.0190042
0.0301806
0.0200764
0.0433527
0.0599229
0.0573427
0.041328
0.0800994
0.0769629
0.100344
0.104024
0.127538
0.158474
0.162993
0.131685
0.197693
0.235456
0.192964
0.230696
0.100344
0.104024
0.0769629
0.0800994
0.271248
0.318163
0.275795
0.314083
0.127538
0.131685
0.162993
0.158474
0.404022
0.406255
0.361889
0.358578
0.493735
0.450474
0.494644
0.449648
0.235456
0.197693
0.192964
0.230696
0.318163
0.275795
0.271248
0.314083
0.538179
0.579421
0.574091
0.535213
0.617566
0.640993
0.651851
0.609596
0.358578
0.361889
0.406255
0.404022
0.494644
0.449648
0.450474
0.493735
0.706144
0.68158
0.688975
0.667644
0.704553
0.714026
0.737848
0.725032
0.535213
0.538179
0.574091
0.579421
0.609596
0.617566
0.651851
0.640993
0.68158
0.706144
0.667644
0.688975
0.717214
0.744325
0.744325
0.714026
0.725032
0.737848
0.704553
1.91464e-34
0.000672723
4.16461e-34
0.000714795
1.91464e-34
0.000714795
0.000672723
4.16461e-34
0.00180894
0.00169516
0.00340252
0.00363994
0.00363994
0.00340252
0.00180894
0.00169516
0.00663195
0.00619305
0.0104998
0.0112317
0.0179
0.0167789
0.0254787
0.0270903
0.0392096
0.0370262
0.0517969
0.0546285
0.0112317
0.0104998
0.00619305
0.00663195
0.0736167
0.0701034
0.0921696
0.0963844
0.0167789
0.0270903
0.0254787
0.0179
0.0392096
0.0546285
0.0517969
0.0370262
0.0701034
0.0736167
0.0963844
0.0921696
0.118124
0.14798
0.153459
0.123
0.187593
0.21888
0.18164
0.225159
0.308892
0.26575
0.25936
0.302624
0.118124
0.14798
0.153459
0.123
0.400319
0.348113
0.353971
0.395172
0.18164
0.225159
0.21888
0.187593
0.491015
0.493735
0.44307
0.447172
0.538179
0.582635
0.58371
0.53917
0.308892
0.302624
0.25936
0.26575
0.353971
0.400319
0.348113
0.395172
0.666519
0.623306
0.626763
0.66038
0.702205
0.733116
0.720893
0.693134
0.491015
0.447172
0.44307
0.493735
0.53917
0.582635
0.538179
0.58371
0.74311
0.759306
0.778242
0.758634
0.76917
0.772473
0.791541
0.79826
0.626763
0.623306
0.66038
0.666519
0.733116
0.693134
0.720893
0.702205
0.79826
0.74311
0.791541
0.76917
0.759306
0.778242
0.758634
0.000631061
0.000589153
3.61686e-34
1.71273e-34
1.71273e-34
0.000589153
3.61686e-34
0.000631061
0.00158521
0.00147214
0.00293141
0.00316586
0.00158521
0.00147214
0.00316586
0.00293141
0.00531858
0.00903194
0.00976522
0.0057551
0.00976522
0.00903194
0.00531858
0.0057551
0.0156435
0.0145059
0.022184
0.0238399
0.0347823
0.0325049
0.0458736
0.0488723
0.0664329
0.062648
0.0831123
0.0877357
0.022184
0.0145059
0.0238399
0.0156435
0.112927
0.107468
0.135811
0.142085
0.0325049
0.0347823
0.0488723
0.0458736
0.0831123
0.0664329
0.0877357
0.062648
0.112927
0.142085
0.135811
0.107468
0.211911
0.175131
0.168133
0.204301
0.295331
0.252109
0.287062
0.244067
0.388622
0.332807
0.380715
0.341037
0.211911
0.204301
0.175131
0.168133
0.486506
0.430109
0.480238
0.437366
0.295331
0.244067
0.252109
0.287062
0.530292
0.579422
0.535212
0.582636
0.67022
0.671458
0.627921
0.626763
0.388622
0.380715
0.332807
0.341037
0.430109
0.437366
0.486506
0.480238
0.712673
0.749628
0.742717
0.708739
0.781608
0.794509
0.807989
0.771504
0.535212
0.579422
0.582636
0.530292
0.626763
0.627921
0.67022
0.671458
0.811291
0.828249
0.841985
0.821488
0.821488
0.824919
0.848923
0.848923
0.742717
0.708739
0.749628
0.712673
0.781608
0.807989
0.794509
0.841985
0.828249
0.771504
0.811291
0.000547796
0.000506619
3.07895e-34
1.50652e-34
0.00270016
0.00247399
0.00136468
0.00125453
1.50652e-34
0.000506619
3.07895e-34
0.000547796
0.00136468
0.00125453
0.00247399
0.00270016
0.00446701
0.00759087
0.00830559
0.00488993
0.00759087
0.00446701
0.00488993
0.00830559
0.0133716
0.0122499
0.0188725
0.0205246
0.0122499
0.0205246
0.0188725
0.0133716
0.030202
0.027898
0.0397496
0.0428259
0.058763
0.05482
0.0734449
0.0783378
0.0958908
0.122333
0.129212
0.101769
0.027898
0.030202
0.0428259
0.0397496
0.16068
0.152847
0.187396
0.196109
0.05482
0.0734449
0.058763
0.0783378
0.122333
0.101769
0.129212
0.0958908
0.152847
0.196109
0.16068
0.187396
0.225826
0.235278
0.267863
0.277885
0.371512
0.313117
0.361082
0.323472
0.462633
0.411153
0.472261
0.421347
0.277885
0.267863
0.225826
0.235278
0.514753
0.574091
0.566685
0.523454
0.313117
0.323472
0.371512
0.361082
0.666519
0.617566
0.67022
0.623304
0.713992
0.755187
0.753794
0.712674
0.472261
0.462633
0.421347
0.411153
0.574091
0.523454
0.514753
0.566685
0.818578
0.788887
0.793269
0.8262
0.853347
0.842309
0.874186
0.859594
0.666519
0.623304
0.617566
0.67022
0.713992
0.755187
0.753794
0.712674
0.873635
0.888311
0.870114
0.895443
0.870114
0.888311
0.859594
0.895443
0.818578
0.793269
0.8262
0.788887
0.874186
0.853347
0.842309
0.000466087
0.000426081
2.55631e-34
1.29723e-34
0.00225321
0.00204001
0.00115132
0.00104596
1.29723e-34
0.000426081
2.55631e-34
0.000466087
0.00689235
0.00621498
0.00365919
0.00405825
0.00115132
0.00104596
0.00204001
0.00225321
0.00365919
0.00621498
0.00689235
0.00405825
0.0111487
0.0100739
0.0156398
0.0172405
0.0172405
0.0156398
0.0111487
0.0100739
0.025604
0.023341
0.0336073
0.0366697
0.025604
0.0366697
0.0336073
0.023341
0.0508371
0.0468544
0.0634587
0.0684736
0.0898618
0.0837426
0.107952
0.115229
0.144676
0.136245
0.168676
0.178229
0.0634587
0.0508371
0.0684736
0.0468544
0.257077
0.215765
0.245604
0.205187
0.0837426
0.107952
0.115229
0.0898618
0.136245
0.178229
0.168676
0.144676
0.257077
0.205187
0.215765
0.245604
0.336861
0.289633
0.349503
0.301803
0.438726
0.451427
0.386767
0.399593
0.557257
0.492025
0.545879
0.504248
0.289633
0.349503
0.336861
0.301803
0.599446
0.651851
0.660381
0.609594
0.386767
0.438726
0.451427
0.399593
0.702205
0.749628
0.708737
0.753794
0.794739
0.79327
0.830794
0.832331
0.504248
0.492025
0.557257
0.545879
0.660381
0.609594
0.651851
0.599446
0.885649
0.8939
0.866086
0.861299
0.914177
0.903398
0.915241
0.929702
0.708737
0.749628
0.702205
0.753794
0.832331
0.794739
0.79327
0.830794
0.917803
0.914177
0.937003
0.937003
0.885649
0.866086
0.903398
0.929702
0.861299
0.8939
0.915241
0.000386762
0.00034822
2.05239e-34
1.08563e-34
0.00183402
0.00163755
0.000948415
0.000849304
1.08563e-34
0.00034822
2.05239e-34
0.000386762
0.00556216
0.0049388
0.00291324
0.00327968
0.000948415
0.000849304
0.00163755
0.00183402
0.0140816
0.0125768
0.00903584
0.00803671
0.00291324
0.0049388
0.00556216
0.00327968
0.00903584
0.00803671
0.0125768
0.0140816
0.0211226
0.0189659
0.027628
0.0305864
0.0211226
0.0305864
0.027628
0.0189659
0.0428929
0.0389892
0.0534543
0.0584403
0.0389892
0.0428929
0.0584403
0.0534543
0.0713905
0.0931049
0.100559
0.0775657
0.127603
0.118831
0.148708
0.158811
0.194157
0.233535
0.182776
0.220958
0.0713905
0.100559
0.0931049
0.0775657
0.263064
0.323254
0.308782
0.276682
0.118831
0.148708
0.158811
0.127603
0.220958
0.182776
0.233535
0.194157
0.308782
0.263064
0.276682
0.323254
0.424627
0.357685
0.409234
0.372758
0.46279
0.532635
0.517626
0.478168
0.572943
0.62789
0.640994
0.587198
0.409234
0.424627
0.357685
0.372758
0.733116
0.681581
0.693132
0.742718
0.532635
0.478168
0.46279
0.517626
0.781609
0.8262
0.788886
0.830795
0.900537
0.867692
0.866086
0.898873
0.640994
0.572943
0.587198
0.62789
0.733116
0.693132
0.742718
0.681581
0.923774
0.941897
0.950675
0.92891
0.96542
0.952923
0.956612
0.972863
0.830795
0.781609
0.8262
0.788886
0.867692
0.898873
0.866086
0.900537
0.92891
0.941897
0.950675
0.952923
0.972863
0.96542
0.923774
0.000310352
0.0002734
1.56852e-34
8.72122e-35
0.00144965
0.00127252
0.000758332
0.000666395
8.72122e-35
0.0002734
1.56852e-34
0.000310352
0.00434699
0.00379123
0.00224351
0.00257054
0.000758332
0.000666395
0.00127252
0.00144965
0.0111348
0.00976576
0.00708824
0.00618932
0.00224351
0.00379123
0.00434699
0.00257054
0.016886
0.0247541
0.0219847
0.0148955
0.00708824
0.00618932
0.00976576
0.0111348
0.016886
0.0148955
0.0219847
0.0247541
0.0351665
0.0314566
0.0437309
0.0485394
0.0351665
0.0485394
0.0314566
0.0437309
0.0652522
0.059207
0.0782415
0.0856474
0.0782415
0.059207
0.0652522
0.0856474
0.10998
0.101133
0.1281
0.138446
0.207972
0.171112
0.159272
0.194674
0.277695
0.293558
0.234217
0.248868
0.101133
0.138446
0.1281
0.10998
0.324785
0.375045
0.392665
0.341649
0.194674
0.159272
0.207972
0.171112
0.277695
0.234217
0.293558
0.248868
0.324785
0.375045
0.341649
0.392665
0.500963
0.482773
0.427925
0.445996
0.538852
0.595354
0.612639
0.556786
0.706144
0.667641
0.720894
0.651416
0.500963
0.482773
0.427925
0.445996
0.771502
0.758634
0.818578
0.807989
0.595354
0.556786
0.538852
0.612639
0.8939
0.853348
0.861298
0.898873
0.957737
0.955967
0.930633
0.928911
0.651416
0.706144
0.667641
0.720894
0.807989
0.818578
0.771502
0.758634
0.985627
0.994816
0.974423
0.979843
0.989395
1.00237
1.00237
0.985627
0.861298
0.8939
0.898873
0.853348
0.955967
0.994816
0.930633
0.957737
0.979843
0.974423
0.928911
0.000237057
0.000201651
1.10375e-34
6.56814e-35
6.56814e-35
0.000201651
1.10375e-34
0.000237057
0.00110472
0.00094815
0.000582374
0.00049793
0.00327217
0.00279354
0.0016594
0.00194287
0.000582374
0.00049793
0.00094815
0.00110472
0.00457239
0.00847655
0.00727575
0.00535219
0.0016594
0.00279354
0.00327217
0.00194287
0.0130102
0.0193386
0.0168339
0.0112374
0.00535219
0.00457239
0.00727575
0.00847655
0.0278833
0.0390648
0.0345742
0.0244727
0.0130102
0.0112374
0.0168339
0.0193386
0.0278833
0.0244727
0.0345742
0.0390648
0.0532913
0.0475557
0.0638099
0.0709446
0.0532913
0.0709446
0.0638099
0.0475557
0.0923423
0.0836879
0.107479
0.117752
0.117752
0.0836879
0.107479
0.0923423
0.181167
0.147331
0.167553
0.135394
0.20397
0.219207
0.261317
0.244547
0.289067
0.356509
0.337197
0.307208
0.167553
0.135394
0.181167
0.147331
0.388485
0.463194
0.442372
0.408702
0.20397
0.244547
0.219207
0.261317
0.337197
0.289067
0.356509
0.307208
0.463194
0.388485
0.442372
0.408702
0.576165
0.498199
0.555218
0.519271
0.669519
0.612614
0.688976
0.633027
0.743107
0.725032
0.778242
0.79451
0.498199
0.555218
0.576165
0.519271
0.828249
0.885649
0.842308
0.874187
0.612614
0.688976
0.633027
0.669519
0.915241
0.950675
0.923773
0.955967
1.00221
0.979843
0.981661
1.00035
0.743107
0.79451
0.778242
0.725032
0.842308
0.874187
0.828249
0.885649
1.025
1.01553
1.01172
1.01735
1.01735
1.00035
1.01172
1.025
0.950675
0.923773
0.915241
0.955967
0.981661
1.00221
0.979843
4.39693e-35
0.000132653
6.54918e-35
0.000166735
0.000166735
0.000132653
6.54918e-35
4.39693e-35
0.000800931
0.000664463
0.000420611
0.000343291
0.000420611
0.000343291
0.000664463
0.000800931
0.00235442
0.00195733
0.00116433
0.00140319
0.00616736
0.00515768
0.0038618
0.00321271
0.00116433
0.00195733
0.00140319
0.00235442
0.00959254
0.0144852
0.0123073
0.00807712
0.0038618
0.00321271
0.00515768
0.00616736
0.0212477
0.0302905
0.0182269
0.0262429
0.00959254
0.00807712
0.0123073
0.0144852
0.042036
0.0568912
0.050238
0.0367753
0.0212477
0.0182269
0.0262429
0.0302905
0.042036
0.0367753
0.050238
0.0568912
0.0752233
0.0670209
0.0874699
0.09736
0.0752233
0.09736
0.0670209
0.0874699
0.111869
0.140425
0.123539
0.153939
0.111869
0.153939
0.140425
0.123539
0.210349
0.227515
0.173249
0.188606
0.251621
0.317258
0.270485
0.296842
0.34567
0.397649
0.420469
0.367416
0.210349
0.173249
0.227515
0.188606
0.452212
0.532671
0.508695
0.475785
0.296842
0.251621
0.270485
0.317258
0.420469
0.34567
0.397649
0.367416
0.508695
0.452212
0.532671
0.475785
0.624341
0.64792
0.566344
0.590329
0.737849
0.681811
0.759307
0.704549
0.811288
0.841986
0.859595
0.791542
0.566344
0.64792
0.590329
0.624341
0.903396
0.929702
0.888311
0.941897
0.704549
0.737849
0.759307
0.681811
0.974422
1.00035
0.96542
0.994816
1.03261
1.01735
1.0307
1.01924
0.791542
0.811288
0.859595
0.841986
0.903396
0.941897
0.929702
0.888311
1.0307
1.03456
1.04032
1.04032
0.994816
1.03261
1.01924
1.00035
0.974422
0.96542
1.01735
9.89005e-05
6.57552e-05
2.16702e-35
2.20866e-35
2.20866e-35
6.57552e-05
2.16702e-35
9.89005e-05
0.000271752
0.000200429
0.000417817
0.000536529
0.000536529
0.000417817
0.000271752
0.000200429
0.00159969
0.00128238
0.000754504
0.000951459
0.000754504
0.000951459
0.00128238
0.00159969
0.00424725
0.0034393
0.00263564
0.00211982
0.00670484
0.0103095
0.00850203
0.00547109
0.00263564
0.00211982
0.0034393
0.00424725
0.0154311
0.0224566
0.0189546
0.0128702
0.00670484
0.00547109
0.00850203
0.0103095
0.0318065
0.0438977
0.0379135
0.0271628
0.0154311
0.0128702
0.0189546
0.0224566
0.0591322
0.0778836
0.0686699
0.05162
0.0318065
0.0271628
0.0379135
0.0438977
0.0778836
0.0591322
0.05162
0.0686699
0.0894073
0.114114
0.127117
0.10046
0.10046
0.127117
0.0894073
0.114114
0.193185
0.142991
0.158
0.17615
0.193185
0.142991
0.17615
0.158
0.213594
0.255216
0.276109
0.232603
0.300788
0.349967
0.374089
0.323399
0.457195
0.483472
0.402293
0.427648
0.255216
0.213594
0.276109
0.232603
0.514007
0.598961
0.571973
0.540837
0.374089
0.349967
0.300788
0.323399
0.402293
0.483472
0.427648
0.457195
0.514007
0.598961
0.571973
0.540837
0.656988
0.630271
0.688024
0.714028
0.769167
0.744326
0.821489
0.798261
0.914178
0.848924
0.870112
0.895443
0.688024
0.714028
0.630271
0.656988
0.985628
0.972863
0.952921
0.937003
0.744326
0.798261
0.769167
0.821489
1.00237
1.01172
1.0307
1.025
1.04611
1.04225
1.04032
1.04805
0.895443
0.848924
0.870112
0.914178
0.937003
0.952921
0.985628
0.972863
1.04032
1.0307
1.04225
1.04805
1.00237
1.025
1.01172
1.33563e-37
3.27453e-05
3.27453e-05
1.33563e-37
0.000305857
0.000133037
0.000133037
0.000305857
0.00100106
0.000579874
0.000579874
0.00100106
0.00167325
0.00273041
0.00167325
0.00273041
0.00438628
0.00688789
0.0105605
0.0157541
0.00438628
0.00688789
0.0228719
0.0323239
0.0157541
0.0105605
0.0445304
0.0598954
0.0323239
0.0228719
0.0787822
0.101513
0.0445304
0.0598954
0.0787822
0.101513
0.128321
0.159377
0.128321
0.159377
0.194723
0.234325
0.234325
0.194723
0.277997
0.325472
0.376328
0.430067
0.543583
0.486052
0.325472
0.277997
0.660034
0.601859
0.430067
0.376328
0.486052
0.543583
0.660034
0.601859
0.71721
0.772474
0.873636
0.824916
0.956613
0.917801
0.71721
0.772474
1.01553
0.989394
0.873636
0.824916
1.04611
1.03456
1.04999
1.04611
0.917801
0.956613
0.989394
1.03456
1.01553
0.0894073
0.213594
0.17615
6.57552e-05
0.114114
0.142991
0.114114
0.142991
0.0894073
0.00128238
0.00211982
0.0686699
0.17615
0.00547109
0.05162
0.0379135
0.213594
0.0271628
0.0189546
0.255216
0.0128702
0.00850203
0.300788
0.0034393
0.349967
0.402293
0.000754504
0.000417817
0.457195
0.000200429
0.514007
0.571973
6.57552e-05
0.255216
0.300788
0.630271
0.688024
0.402293
0.744326
0.000200429
0.798261
0.848924
0.000417817
0.895443
0.937003
0.000754504
0.972863
1.00237
0.00128238
0.848924
1.025
0.895443
1.04032
0.00211982
1.04805
1.04805
0.0034393
1.04032
1.025
0.00547109
1.00237
0.972863
0.00850203
0.937003
0.0128702
0.798261
0.0189546
0.744326
0.688024
0.0271628
0.630271
0.571973
0.0379135
0.514007
0.457195
0.05162
0.349967
0.0686699
2.16702e-35
2.16702e-35
2.20866e-35
9.89005e-05
9.89005e-05
2.20866e-35
0.000536529
0.000271752
0.000271752
0.000536529
0.000951459
0.00159969
0.000951459
0.00159969
0.00424725
0.00263564
0.00263564
0.00424725
0.0103095
0.00670484
0.0224566
0.0154311
0.00670484
0.0103095
0.0318065
0.0438977
0.0224566
0.0154311
0.0778836
0.0591322
0.0318065
0.0438977
0.10046
0.127117
0.0591322
0.0778836
0.10046
0.127117
0.193185
0.158
0.193185
0.158
0.232603
0.276109
0.276109
0.232603
0.374089
0.323399
0.483472
0.427648
0.540837
0.598961
0.323399
0.374089
0.714028
0.656988
0.483472
0.427648
0.598961
0.540837
0.656988
0.714028
0.769167
0.821489
0.914178
0.870112
0.952921
0.985628
0.821489
0.769167
1.0307
1.01172
0.914178
0.870112
1.04611
1.04225
1.04225
1.0307
0.985628
0.952921
1.01172
0.173249
0.140425
0.140425
0.111869
0.173249
0.0874699
0.000664463
0.0670209
0.050238
0.210349
0.0367753
0.251621
0.0262429
0.0182269
0.0123073
0.296842
0.00807712
0.34567
0.00515768
0.00321271
0.00195733
0.397649
0.00116433
0.452212
0.000343291
0.000132653
0.508695
0.566344
0.000132653
0.624341
0.210349
0.681811
0.737849
0.296842
0.000343291
0.791542
0.841986
0.452212
0.888311
0.000664463
0.929702
0.00116433
0.96542
0.994816
1.01735
0.737849
0.00195733
1.03261
0.00321271
0.888311
1.04032
1.04032
1.03261
0.00515768
1.01735
0.00807712
0.994816
0.96542
0.929702
0.0123073
0.0182269
0.841986
0.791542
0.0262429
0.681811
0.0367753
0.624341
0.566344
0.508695
0.050238
0.0670209
0.397649
0.34567
0.0874699
0.251621
0.111869
6.54918e-35
6.54918e-35
4.39693e-35
0.000166735
0.000166735
4.39693e-35
0.000800931
0.000420611
0.000420611
0.000800931
0.00140319
0.00235442
0.00235442
0.00140319
0.00616736
0.0038618
0.0038618
0.00616736
0.0144852
0.00959254
0.0212477
0.0302905
0.00959254
0.0144852
0.042036
0.0568912
0.0302905
0.0212477
0.0752233
0.09736
0.0568912
0.042036
0.153939
0.123539
0.0752233
0.09736
0.153939
0.123539
0.188606
0.227515
0.227515
0.188606
0.317258
0.270485
0.270485
0.317258
0.420469
0.367416
0.532671
0.475785
0.590329
0.64792
0.420469
0.367416
0.704549
0.759307
0.475785
0.532671
0.64792
0.590329
0.704549
0.759307
0.811288
0.859595
0.903396
0.941897
0.974422
1.00035
0.859595
0.811288
1.0307
1.01924
0.903396
0.941897
1.03456
1.0307
1.01924
0.974422
1.00035
0.167553
0.107479
0.20397
0.000201651
0.0836879
0.0638099
0.0475557
0.244547
0.0345742
0.00279354
0.00457239
0.289067
0.0244727
0.0168339
0.0112374
0.337197
0.00727575
0.388485
0.0016594
0.442372
0.00094815
0.498199
0.00049793
0.555218
0.612614
0.000201651
0.669519
0.167553
0.725032
0.00049793
0.778242
0.828249
0.874187
0.337197
0.388485
0.00094815
0.915241
0.0016594
0.950675
0.979843
1.00221
0.00279354
0.669519
1.01735
0.00457239
0.778242
0.828249
1.025
1.025
1.01735
0.00727575
1.00221
0.0112374
0.979843
0.950675
0.915241
0.0168339
0.874187
0.0244727
0.725032
0.0345742
0.0475557
0.612614
0.555218
0.498199
0.0638099
0.442372
0.0836879
0.289067
0.107479
0.244547
0.135394
0.20397
0.135394
1.10375e-34
1.10375e-34
6.56814e-35
0.000237057
0.000237057
6.56814e-35
0.000582374
0.00110472
0.000582374
0.00110472
0.00194287
0.00327217
0.00327217
0.00194287
0.00847655
0.00535219
0.00535219
0.00847655
0.0130102
0.0193386
0.0278833
0.0390648
0.0130102
0.0193386
0.0532913
0.0709446
0.0390648
0.0278833
0.117752
0.0923423
0.0532913
0.0709446
0.181167
0.147331
0.0923423
0.117752
0.181167
0.147331
0.261317
0.219207
0.261317
0.219207
0.307208
0.356509
0.356509
0.307208
0.463194
0.408702
0.576165
0.519271
0.633027
0.688976
0.408702
0.463194
0.743107
0.79451
0.519271
0.576165
0.688976
0.633027
0.743107
0.79451
0.885649
0.842308
0.923773
0.955967
0.981661
1.00035
0.842308
0.885649
1.01553
1.01172
0.955967
0.923773
1.01172
1.00035
0.981661
0.234217
0.059207
0.0437309
0.277695
0.0314566
0.0219847
0.324785
0.0148955
0.00976576
0.375045
0.00618932
0.00379123
0.427925
0.00224351
0.00127252
0.482773
0.000666395
0.0002734
0.538852
0.595354
0.0002734
0.0782415
0.101133
0.651416
0.706144
0.159272
0.758634
0.000666395
0.807989
0.853348
0.00127252
0.8939
0.928911
0.00224351
0.957737
0.979843
0.00379123
0.538852
0.994816
0.595354
1.00237
0.00618932
1.00237
0.994816
0.00976576
0.807989
0.853348
0.979843
0.957737
0.0148955
0.928911
0.8939
0.0219847
0.0314566
0.758634
0.706144
0.0437309
0.651416
0.059207
0.482773
0.0782415
0.427925
0.375045
0.101133
0.324785
0.277695
0.1281
0.234217
0.194674
0.159272
0.1281
0.194674
1.56852e-34
1.56852e-34
8.72122e-35
0.000310352
0.000310352
8.72122e-35
0.00144965
0.000758332
0.000758332
0.00144965
0.00434699
0.00257054
0.00257054
0.00434699
0.0111348
0.00708824
0.00708824
0.0111348
0.0247541
0.016886
0.0351665
0.0485394
0.0247541
0.016886
0.0856474
0.0652522
0.0351665
0.0485394
0.138446
0.10998
0.0856474
0.0652522
0.207972
0.171112
0.138446
0.10998
0.171112
0.207972
0.293558
0.248868
0.248868
0.293558
0.392665
0.341649
0.341649
0.392665
0.500963
0.445996
0.612639
0.556786
0.667641
0.720894
0.445996
0.500963
0.818578
0.771502
0.556786
0.612639
0.720894
0.667641
0.818578
0.771502
0.861298
0.898873
0.930633
0.955967
0.974423
0.985627
0.898873
0.861298
0.985627
0.989395
0.930633
0.974423
0.955967
0.0389892
0.027628
0.308782
0.0189659
0.357685
0.0125768
0.00803671
0.0049388
0.409234
0.00291324
0.46279
0.00163755
0.000849304
0.00034822
0.517626
0.572943
0.00034822
0.62789
0.0534543
0.681581
0.733116
0.0931049
0.000849304
0.781609
0.8262
0.182776
0.866086
0.00163755
0.900537
0.00291324
0.92891
0.950675
0.96542
0.409234
0.0049388
0.972863
0.00803671
0.572943
0.972863
0.96542
0.950675
0.0125768
0.733116
0.92891
0.0189659
0.900537
0.866086
0.8262
0.027628
0.781609
0.0389892
0.681581
0.62789
0.0534543
0.0713905
0.517626
0.46279
0.0931049
0.357685
0.118831
0.308782
0.263064
0.220958
0.148708
0.182776
0.148708
0.118831
0.220958
0.0713905
0.263064
2.05239e-34
2.05239e-34
1.08563e-34
0.000386762
0.000386762
1.08563e-34
0.00183402
0.000948415
0.000948415
0.00183402
0.00556216
0.00327968
0.00556216
0.00327968
0.00903584
0.0140816
0.00903584
0.0140816
0.0211226
0.0305864
0.0428929
0.0584403
0.0211226
0.0305864
0.100559
0.0775657
0.0584403
0.0428929
0.158811
0.127603
0.100559
0.0775657
0.233535
0.194157
0.158811
0.127603
0.194157
0.233535
0.323254
0.276682
0.323254
0.276682
0.424627
0.372758
0.424627
0.372758
0.532635
0.478168
0.587198
0.640994
0.742718
0.693132
0.478168
0.532635
0.788886
0.830795
0.640994
0.587198
0.693132
0.742718
0.830795
0.788886
0.898873
0.867692
0.941897
0.923774
0.952923
0.956612
0.867692
0.898873
0.941897
0.952923
0.923774
0.336861
0.0156398
0.386767
0.0100739
0.00621498
0.00365919
0.438726
0.00204001
0.492025
0.00104596
0.000426081
0.545879
0.599446
0.000426081
0.651851
0.0336073
0.702205
0.00104596
0.749628
0.79327
0.832331
0.107952
0.136245
0.00204001
0.866086
0.00365919
0.8939
0.915241
0.929702
0.00621498
0.336861
0.937003
0.0100739
0.438726
0.492025
0.937003
0.929702
0.915241
0.0156398
0.651851
0.8939
0.023341
0.866086
0.832331
0.79327
0.0336073
0.749628
0.0468544
0.702205
0.599446
0.0634587
0.545879
0.0837426
0.386767
0.107952
0.136245
0.289633
0.245604
0.205187
0.168676
0.168676
0.205187
0.0837426
0.245604
0.0634587
0.289633
0.0468544
0.023341
2.55631e-34
2.55631e-34
1.29723e-34
0.000466087
0.000466087
1.29723e-34
0.00115132
0.00225321
0.00115132
0.00225321
0.00689235
0.00405825
0.00405825
0.00689235
0.0111487
0.0172405
0.0111487
0.0172405
0.0366697
0.025604
0.0684736
0.0508371
0.025604
0.0366697
0.0898618
0.115229
0.0508371
0.0684736
0.144676
0.178229
0.0898618
0.115229
0.215765
0.257077
0.178229
0.144676
0.215765
0.257077
0.349503
0.301803
0.349503
0.301803
0.451427
0.399593
0.399593
0.451427
0.557257
0.504248
0.660381
0.609594
0.708737
0.753794
0.504248
0.557257
0.830794
0.794739
0.660381
0.609594
0.708737
0.753794
0.830794
0.794739
0.885649
0.861299
0.914177
0.903398
0.917803
0.914177
0.861299
0.903398
0.885649
0.411153
0.00446701
0.00247399
0.462633
0.00125453
0.000506619
0.514753
0.566685
0.000506619
0.00759087
0.0122499
0.617566
0.666519
0.027898
0.712674
0.00125453
0.755187
0.793269
0.00247399
0.8262
0.853347
0.00446701
0.874186
0.888311
0.00759087
0.225826
0.895443
0.267863
0.895443
0.0122499
0.888311
0.874186
0.0188725
0.462633
0.514753
0.853347
0.8262
0.027898
0.793269
0.755187
0.0397496
0.712674
0.666519
0.05482
0.617566
0.566685
0.0734449
0.0958908
0.411153
0.361082
0.122333
0.313117
0.152847
0.187396
0.187396
0.152847
0.122333
0.225826
0.0958908
0.0734449
0.267863
0.05482
0.0397496
0.313117
0.0188725
0.361082
3.07895e-34
3.07895e-34
1.50652e-34
0.000547796
0.000547796
1.50652e-34
0.00270016
0.00136468
0.00136468
0.00270016
0.00488993
0.00830559
0.00830559
0.00488993
0.0205246
0.0133716
0.0133716
0.0205246
0.030202
0.0428259
0.058763
0.0783378
0.030202
0.0428259
0.129212
0.101769
0.0783378
0.058763
0.16068
0.196109
0.101769
0.129212
0.235278
0.277885
0.16068
0.196109
0.277885
0.235278
0.371512
0.323472
0.323472
0.371512
0.421347
0.472261
0.472261
0.421347
0.574091
0.523454
0.67022
0.623304
0.753794
0.713992
0.574091
0.523454
0.788887
0.818578
0.67022
0.623304
0.713992
0.753794
0.818578
0.788887
0.842309
0.859594
0.873635
0.870114
0.870114
0.859594
0.842309
0.00147214
0.000589153
0.480238
0.530292
0.000589153
0.579422
0.00293141
0.626763
0.671458
0.00903194
0.00147214
0.712673
0.749628
0.0325049
0.781608
0.00293141
0.807989
0.00531858
0.828249
0.841985
0.848923
0.135811
0.00903194
0.848923
0.0145059
0.244067
0.841985
0.828249
0.807989
0.022184
0.380715
0.781608
0.0325049
0.749628
0.712673
0.671458
0.0458736
0.626763
0.062648
0.579422
0.530292
0.480238
0.0831123
0.430109
0.107468
0.332807
0.287062
0.135811
0.168133
0.204301
0.168133
0.204301
0.107468
0.244067
0.0831123
0.062648
0.0458736
0.287062
0.332807
0.022184
0.0145059
0.380715
0.00531858
0.430109
3.61686e-34
3.61686e-34
1.71273e-34
0.000631061
0.000631061
1.71273e-34
0.00158521
0.00316586
0.00158521
0.00316586
0.00976522
0.0057551
0.00976522
0.0057551
0.0238399
0.0156435
0.0156435
0.0238399
0.0347823
0.0488723
0.0877357
0.0664329
0.0347823
0.0488723
0.142085
0.112927
0.0664329
0.0877357
0.175131
0.211911
0.112927
0.142085
0.252109
0.295331
0.175131
0.211911
0.252109
0.295331
0.388622
0.341037
0.388622
0.341037
0.486506
0.437366
0.486506
0.437366
0.535212
0.582636
0.67022
0.627921
0.742717
0.708739
0.582636
0.535212
0.771504
0.794509
0.67022
0.627921
0.708739
0.742717
0.794509
0.771504
0.821488
0.811291
0.821488
0.824919
0.811291
0.491015
0.538179
0.000672723
0.000672723
0.58371
0.626763
0.00169516
0.666519
0.702205
0.0104998
0.0167789
0.733116
0.00340252
0.758634
0.00619305
0.778242
0.791541
0.79826
0.0921696
0.0104998
0.79826
0.14798
0.18164
0.0167789
0.791541
0.778242
0.758634
0.302624
0.0254787
0.733116
0.0370262
0.702205
0.666519
0.491015
0.626763
0.0517969
0.58371
0.0701034
0.538179
0.44307
0.0921696
0.395172
0.118124
0.348113
0.25936
0.14798
0.21888
0.18164
0.118124
0.21888
0.25936
0.0701034
0.0517969
0.0370262
0.302624
0.0254787
0.348113
0.00619305
0.395172
0.00340252
0.44307
0.00169516
4.16461e-34
4.16461e-34
1.91464e-34
0.000714795
1.91464e-34
0.000714795
0.00363994
0.00180894
0.00180894
0.00363994
0.0112317
0.00663195
0.0112317
0.00663195
0.0179
0.0270903
0.0179
0.0270903
0.0546285
0.0392096
0.0963844
0.0736167
0.0392096
0.0546285
0.153459
0.123
0.0963844
0.0736167
0.225159
0.187593
0.123
0.153459
0.308892
0.26575
0.187593
0.225159
0.308892
0.26575
0.353971
0.400319
0.353971
0.400319
0.493735
0.447172
0.493735
0.447172
0.53917
0.582635
0.66038
0.623306
0.693134
0.720893
0.53917
0.582635
0.759306
0.74311
0.623306
0.66038
0.693134
0.720893
0.759306
0.74311
0.772473
0.76917
0.76917
0.000756135
0.538179
0.579421
0.617566
0.0019193
0.651851
0.68158
0.00387643
0.706144
0.725032
0.00706783
0.737848
0.744325
0.041328
0.0119543
0.0573427
0.744325
0.737848
0.0190042
0.725032
0.706144
0.158474
0.192964
0.0286605
0.68158
0.651851
0.041328
0.617566
0.579421
0.0573427
0.538179
0.494644
0.0769629
0.449648
0.404022
0.100344
0.358578
0.314083
0.127538
0.271248
0.230696
0.158474
0.192964
0.127538
0.100344
0.230696
0.0769629
0.271248
0.0286605
0.314083
0.0190042
0.0119543
0.358578
0.00706783
0.00387643
0.404022
0.0019193
0.000756135
0.449648
0.494644
4.71511e-34
4.71511e-34
2.11063e-34
0.000797707
0.000797707
2.11063e-34
0.00203138
0.00411109
0.00203138
0.00411109
0.00749745
0.0126643
0.0126643
0.00749745
0.0301806
0.0200764
0.0301806
0.0200764
0.0599229
0.0433527
0.104024
0.0800994
0.0433527
0.0599229
0.162993
0.131685
0.104024
0.0800994
0.197693
0.235456
0.162993
0.131685
0.275795
0.318163
0.197693
0.235456
0.275795
0.318163
0.361889
0.406255
0.361889
0.406255
0.493735
0.450474
0.493735
0.450474
0.574091
0.535213
0.609596
0.640993
0.688975
0.667644
0.535213
0.574091
0.704553
0.714026
0.609596
0.640993
0.667644
0.688975
0.704553
0.717214
0.714026
0.566684
0.00213988
0.599445
0.62789
0.651415
0.00434156
0.669518
0.00791965
0.68181
0.0133545
0.688023
0.688023
0.0133545
0.0452831
0.68181
0.0211175
0.669518
0.651415
0.107392
0.62789
0.0316361
0.599445
0.0452831
0.566684
0.530292
0.279374
0.491015
0.0623458
0.449648
0.0830212
0.407001
0.363889
0.321098
0.107392
0.13543
0.239397
0.201765
0.166978
0.166978
0.13543
0.201765
0.0830212
0.0623458
0.239397
0.279374
0.0316361
0.0211175
0.321098
0.00791965
0.363889
0.00434156
0.00213988
0.00083802
0.407001
0.449648
0.00083802
0.491015
0.530292
5.25993e-34
5.25993e-34
2.29871e-34
0.000878355
0.000878355
2.29871e-34
0.00456761
0.00224773
0.00224773
0.00456761
0.0140226
0.00832831
0.00832831
0.0140226
0.0221099
0.0330201
0.0221099
0.0330201
0.0470891
0.0645979
0.110428
0.0856875
0.0470891
0.0645979
0.170404
0.138724
0.110428
0.0856875
0.242495
0.20513
0.138724
0.170404
0.322869
0.281944
0.242495
0.20513
0.322869
0.281944
0.364555
0.406255
0.364555
0.406255
0.447173
0.486505
0.447173
0.486505
0.523456
0.557256
0.587201
0.612637
0.647918
0.633031
0.523456
0.557256
0.660032
0.656992
0.612637
0.587201
0.647918
0.633031
0.656992
0.002352
0.545878
0.572943
0.595353
0.00478616
0.612613
0.00478616
0.00872538
0.62434
0.0146609
0.0230578
0.63027
0.63027
0.0146609
0.62434
0.0666576
0.0230578
0.612613
0.595353
0.572943
0.0343183
0.173239
0.207782
0.545878
0.0487743
0.514752
0.480238
0.44307
0.0666576
0.404022
0.0880981
0.363889
0.323459
0.283499
0.113103
0.244723
0.141562
0.141562
0.173239
0.113103
0.207782
0.0880981
0.0487743
0.244723
0.0343183
0.283499
0.00872538
0.323459
0.363889
0.002352
0.000916888
0.404022
0.44307
0.000916888
0.480238
0.514752
5.78964e-34
5.78964e-34
2.47658e-34
0.000955212
0.000955212
2.47658e-34
0.00499779
0.00245307
0.00245307
0.00499779
0.0152682
0.00910182
0.0152682
0.00910182
0.0355255
0.0239414
0.0239414
0.0355255
0.0503083
0.0685148
0.0902149
0.115404
0.0503083
0.0685148
0.175469
0.143905
0.0902149
0.115404
0.209683
0.246067
0.143905
0.175469
0.284015
0.322868
0.246067
0.209683
0.322868
0.284015
0.36189
0.400318
0.400318
0.36189
0.437368
0.47226
0.47226
0.437368
0.504252
0.532634
0.55679
0.576164
0.590334
0.598959
0.504252
0.532634
0.598959
0.601864
0.576164
0.55679
0.590334
0.538851
0.00519876
0.555217
0.000991191
0.566343
0.00946287
0.571972
0.571972
0.0158365
0.0158365
0.0247687
0.566343
0.555217
0.0247687
0.538851
0.517625
0.0366283
0.492025
0.462632
0.0516987
0.430109
0.177072
0.395171
0.0701505
0.358577
0.321098
0.092043
0.283499
0.246516
0.117307
0.210835
0.145755
0.145755
0.117307
0.177072
0.092043
0.0701505
0.210835
0.0516987
0.0366283
0.246516
0.283499
0.00946287
0.00519876
0.321098
0.00255074
0.358577
0.395171
0.000991191
0.517625
0.430109
0.462632
0.492025
0.00255074
6.29427e-34
6.29427e-34
2.64178e-34
0.00102672
0.00102672
2.64178e-34
0.00264256
0.00539044
0.00264256
0.00539044
0.0163656
0.00979665
0.00979665
0.0163656
0.0376235
0.025518
0.025518
0.0376235
0.071558
0.0529156
0.118805
0.0935477
0.0529156
0.071558
0.147077
0.17804
0.118805
0.0935477
0.211216
0.246067
0.17804
0.147077
0.281945
0.318163
0.246067
0.211216
0.281945
0.318163
0.38862
0.353973
0.38862
0.353973
0.42135
0.451426
0.451426
0.42135
0.500962
0.478172
0.532669
0.519276
0.543581
0.540842
0.500962
0.478172
0.540842
0.519276
0.532669
0.0055685
0.508693
0.0101117
0.514006
0.514006
0.508693
0.0055685
0.0168476
0.498197
0.0262008
0.482772
0.462789
0.438725
0.0539705
0.0384987
0.411152
0.0539705
0.380714
0.11988
0.348113
0.314083
0.178362
0.0727214
0.279374
0.0947392
0.244722
0.210835
0.11988
0.147882
0.147882
0.0947392
0.0727214
0.178362
0.210835
0.0384987
0.0262008
0.0168476
0.244722
0.0101117
0.279374
0.00273133
0.00105939
0.314083
0.348113
0.00105939
0.498197
0.380714
0.411152
0.438725
0.00273133
0.462789
0.482772
6.76367e-34
6.76367e-34
2.79176e-34
0.00109137
0.00109137
2.79176e-34
0.00573518
0.00281162
0.00281162
0.00573518
0.0172836
0.0103935
0.0172836
0.0103935
0.0392529
0.026794
0.026794
0.0392529
0.0736377
0.0548345
0.120531
0.0955875
0.0548345
0.0736377
0.17804
0.148145
0.0955875
0.120531
0.242494
0.209683
0.17804
0.148145
0.308891
0.275797
0.209683
0.242494
0.275797
0.308891
0.34104
0.371511
0.34104
0.371511
0.399598
0.424625
0.399598
0.424625
0.446001
0.463192
0.475791
0.48347
0.486058
0.48347
0.463192
0.446001
0.475791
0.0106539
0.457194
0.457194
0.00112001
0.452211
0.0176656
0.442371
0.0273126
0.427924
0.0176656
0.0273126
0.409233
0.386766
0.0398749
0.361081
0.0555229
0.332806
0.302624
0.120746
0.271247
0.0742947
0.239397
0.0961075
0.207782
0.177072
0.147882
0.120746
0.147882
0.0961075
0.0742947
0.0555229
0.177072
0.0398749
0.207782
0.0106539
0.239397
0.00588559
0.271247
0.00288937
0.302624
0.332806
0.00112001
0.452211
0.361081
0.386766
0.00288937
0.409233
0.427924
0.442371
0.00588559
7.18792e-34
7.18792e-34
2.92398e-34
0.00114774
0.00114774
2.92398e-34
0.00295608
0.00602281
0.00295608
0.00602281
0.017996
0.0108759
0.017996
0.0108759
0.0403662
0.0277327
0.0277327
0.0403662
0.0560087
0.0746931
0.120531
0.0962743
0.0746931
0.0560087
0.147078
0.175469
0.0962743
0.120531
0.235455
0.205132
0.175469
0.147078
0.295329
0.265753
0.235455
0.205132
0.265753
0.295329
0.323476
0.349501
0.323476
0.349501
0.392663
0.372763
0.392663
0.372763
0.408707
0.420467
0.427654
0.430064
0.427654
0.408707
0.420467
0.397648
0.018267
0.388484
0.375044
0.0280721
0.357684
0.33686
0.040717
0.313116
0.018267
0.287062
0.0563106
0.259359
0.0563106
0.230696
0.0748243
0.0748243
0.201765
0.173239
0.0961075
0.145754
0.11988
0.11988
0.0961075
0.145754
0.040717
0.173239
0.0280721
0.201765
0.0110744
0.00614153
0.230696
0.00302091
0.0011717
0.259359
0.287062
0.0011717
0.402291
0.313116
0.402291
0.33686
0.357684
0.00302091
0.375044
0.388484
0.00614153
0.397648
0.0110744
7.55774e-34
7.55774e-34
3.03609e-34
0.00119454
0.00119454
3.03609e-34
0.00624564
0.00307231
0.00624564
0.00307231
0.0112303
0.0184825
0.0184825
0.0112303
0.040931
0.0283068
0.0283068
0.040931
0.0564039
0.0746931
0.0955879
0.118804
0.0746931
0.0564039
0.170403
0.143907
0.118804
0.0955879
0.197696
0.225158
0.170403
0.143907
0.277883
0.252112
0.225158
0.197696
0.252112
0.277883
0.301808
0.323252
0.323252
0.301808
0.341654
0.356507
0.356507
0.341654
0.367423
0.374086
0.376334
0.374086
0.367423
0.0186349
0.324784
0.0284574
0.308781
0.289632
0.267862
0.00632947
0.0410005
0.244066
0.0186349
0.0563106
0.218879
0.192963
0.166978
0.0742946
0.141562
0.0947391
0.117307
0.0947391
0.0742946
0.117307
0.0563106
0.141562
0.0410005
0.0284574
0.166978
0.0113614
0.192963
0.00312264
0.00121326
0.218879
0.244066
0.00121326
0.337195
0.267862
0.289632
0.308781
0.349966
0.00312264
0.324784
0.337195
0.345669
0.00632947
0.0113614
0.349966
0.345669
7.86478e-34
7.86478e-34
3.12598e-34
0.0012307
0.0012307
3.12598e-34
0.00639767
0.00315739
0.00315739
0.00639767
0.0187293
0.0114469
0.0114469
0.0187293
0.040931
0.0285
0.0285
0.040931
0.0736376
0.0560088
0.115403
0.0935484
0.0736376
0.0560088
0.162992
0.138725
0.115403
0.0935484
0.21191
0.187596
0.162992
0.138725
0.235282
0.257075
0.187596
0.21191
0.235282
0.257075
0.293556
0.276687
0.293556
0.276687
0.307214
0.317255
0.317255
0.307214
0.323405
0.325469
0.323405
0.0284575
0.263063
0.245603
0.225825
0.040717
0.2043
0.00644433
0.0555228
0.18164
0.0187587
0.158473
0.135429
0.0727213
0.113103
0.0920428
0.0920428
0.0727213
0.0555228
0.113103
0.040717
0.135429
0.0284575
0.011507
0.158473
0.18164
0.00319198
0.00124375
0.2043
0.225825
0.00124375
0.277694
0.245603
0.263063
0.29684
0.300787
0.00319198
0.277694
0.289066
0.29684
0.00644433
0.300787
0.011507
0.289066
0.0187587
8.102e-34
8.102e-34
3.19189e-34
0.00125536
0.00125536
3.19189e-34
0.0064748
0.00320915
0.00320915
0.0064748
0.0187293
0.0115195
0.0187293
0.0115195
0.0403662
0.0283066
0.0283066
0.0403662
0.0548347
0.0715577
0.090216
0.110427
0.0548347
0.0715577
0.131688
0.153458
0.110427
0.090216
0.175134
0.196108
0.153458
0.131688
0.233533
0.215769
0.196108
0.175134
0.215769
0.233533
0.261315
0.248873
0.248873
0.261315
0.276106
0.270492
0.270492
0.276106
0.278003
0.187395
0.039875
0.168132
0.00126243
0.14798
0.0539704
0.127538
0.107392
0.0701503
0.018635
0.0280722
0.0880979
0.0701503
0.0880979
0.0539704
0.039875
0.107392
0.127538
0.0115071
0.00648302
0.14798
0.00322716
0.168132
0.187395
0.00126243
0.205186
0.205186
0.220957
0.220957
0.234216
0.00322716
0.244545
0.25162
0.00648302
0.255214
0.255214
0.0115071
0.25162
0.244545
0.018635
0.234216
0.0280722
8.26385e-34
8.26385e-34
3.23251e-34
0.00126796
0.00126796
3.23251e-34
0.00322627
0.00647496
0.00322627
0.00647496
0.0184827
0.0114463
0.0114463
0.0184827
0.0392529
0.0277323
0.0277323
0.0392529
0.0529159
0.0685145
0.104024
0.0856889
0.0685145
0.0529159
0.142083
0.123003
0.104024
0.0856889
0.178228
0.160684
0.142083
0.123003
0.20797
0.194162
0.178228
0.160684
0.194162
0.20797
0.227512
0.219213
0.227512
0.219213
0.23261
0.23261
0.234322
0.0384987
0.118123
0.0516987
0.100344
0.0830209
0.0666575
0.0064445
0.0666575
0.0516987
0.0830209
0.0384987
0.0273127
0.0182672
0.100344
0.0113616
0.118123
0.00322728
0.00126886
0.135811
0.152846
0.00126886
0.135811
0.168675
0.182774
0.194673
0.182774
0.00322728
0.203969
0.210348
0.213593
0.0064445
0.213593
0.0113616
0.210348
0.203969
0.194673
0.0182672
0.0273127
0.168675
0.152846
8.3465e-34
8.3465e-34
3.247e-34
0.00126817
0.00126817
3.247e-34
0.00639812
0.00320831
0.00320831
0.00639812
0.0179963
0.0112293
0.0112293
0.0179963
0.0267935
0.0376236
0.0376236
0.0267935
0.0503087
0.0645975
0.0801011
0.0963835
0.0503087
0.0645975
0.11293
0.129211
0.0801011
0.0963835
0.158809
0.14468
0.11293
0.129211
0.171117
0.181165
0.158809
0.14468
0.171117
0.181165
0.193182
0.188612
0.193182
0.188612
0.194729
0.0487742
0.0769625
0.0623456
0.00126289
0.0487742
0.0623456
0.0366283
0.0769625
0.0262009
0.0176658
0.0110747
0.092169
0.00632981
0.107467
0.00319233
0.122332
0.136244
0.00126289
0.092169
0.148707
0.159271
0.122332
0.136244
0.00319233
0.167552
0.173248
0.176149
0.167552
0.00632981
0.176149
0.0110747
0.173248
0.159271
0.0176658
0.148707
0.0262009
0.107467
0.0366283
8.348e-34
8.348e-34
3.23505e-34
0.001256
0.001256
3.23505e-34
0.00624638
0.00315573
0.00315573
0.00624638
0.0108744
0.0172841
0.0172841
0.0108744
0.0255173
0.0355256
0.0255173
0.0355256
0.0470896
0.0599225
0.0877347
0.0736186
0.0599225
0.0470896
0.101772
0.115228
0.0877347
0.0736186
0.127607
0.138444
0.101772
0.115228
0.147336
0.153936
0.127607
0.138444
0.147336
0.153936
0.159375
0.158006
0.158006
0.0343183
0.0573425
0.0247689
0.0168479
0.070103
0.0106544
0.00614203
0.0831117
0.0031232
0.00124466
0.0958901
0.107951
0.00124466
0.045283
0.11883
0.0573425
0.128099
0.135393
0.0031232
0.140424
0.14299
0.107951
0.11883
0.00614203
0.14299
0.140424
0.0106544
0.135393
0.128099
0.0168479
0.0247689
0.0958901
0.0831117
0.0343183
0.070103
0.045283
8.2683e-34
8.2683e-34
3.1969e-34
0.00123174
0.00123174
3.1969e-34
0.00306989
0.00602381
0.00306989
0.00602381
0.0163663
0.0103916
0.0163663
0.0103916
0.0239405
0.0330202
0.0239405
0.0330202
0.0433533
0.0546281
0.0783367
0.0664349
0.0546281
0.0433533
0.100558
0.0898653
0.0783367
0.0664349
0.11775
0.109985
0.100558
0.0898653
0.127115
0.123545
0.109985
0.11775
0.127115
0.123545
0.128327
0.0517966
0.0101123
0.0626475
0.00588623
0.00302167
0.00121459
0.0734443
0.0837419
0.00121459
0.0158369
0.093104
0.101132
0.107478
0.0413279
0.00302167
0.111868
0.114112
0.114112
0.0734443
0.00588623
0.111868
0.0101123
0.107478
0.101132
0.093104
0.0158369
0.0837419
0.023058
0.0626475
0.0517966
0.0316362
0.0413279
0.0316362
0.023058
8.10927e-34
8.10927e-34
3.1333e-34
0.00119595
0.00119595
3.1333e-34
0.00573641
0.00295296
0.00295296
0.00573641
0.00979432
0.0152689
0.0152689
0.00979432
0.0221089
0.0301807
0.0301807
0.0221089
0.0488718
0.0392101
0.0587651
0.0684725
0.0488718
0.0392101
0.0856459
0.0775692
0.0684725
0.0587651
0.0923469
0.0973581
0.0856459
0.0775692
0.101511
0.100465
0.0973581
0.0923469
0.100465
0.0548196
0.0028903
0.0011734
0.0634581
0.0713897
0.0011734
0.00556928
0.0782406
0.083687
0.0146614
0.0211178
0.0028903
0.0874689
0.0894063
0.0894063
0.0458733
0.00556928
0.0874689
0.00946349
0.083687
0.0782406
0.0713897
0.0146614
0.0634581
0.0211178
0.0548196
0.0370261
0.0286606
0.0286606
0.0370261
0.00946349
0.0458733
7.87466e-34
7.87466e-34
3.04551e-34
0.00114948
0.00114948
3.04551e-34
0.0028079
0.00539187
0.0028079
0.00539187
0.0140234
0.00909918
0.0140234
0.00909918
0.0270905
0.0200754
0.0270905
0.0200754
0.0428254
0.0347829
0.0508393
0.0584392
0.0428254
0.0347829
0.0652557
0.0709431
0.0508393
0.0584392
0.0752276
0.0778818
0.0709431
0.0652557
0.0787868
0.0778818
0.0752276
0.0534537
0.00112205
0.0592063
0.00112205
0.0638091
0.06702
0.00273242
0.068669
0.068669
0.013355
0.0190045
0.00519963
0.06702
0.0325048
0.0638091
0.00872606
0.0592063
0.0534537
0.013355
0.046854
0.0397493
0.0190045
0.0254788
0.0254788
0.0325048
0.00872606
0.00519963
0.0397493
0.00273242
0.046854
7.56991e-34
7.56991e-34
2.93521e-34
0.00109339
2.93521e-34
0.00109339
0.00499937
0.00263836
0.00263836
0.00499937
0.00832545
0.0126651
0.00832545
0.0126651
0.0238401
0.0178989
0.0178989
0.0238401
0.0302026
0.0366692
0.042895
0.0485383
0.0366692
0.0302026
0.0532946
0.0568898
0.0485383
0.042895
0.0598939
0.059136
0.0568898
0.0532946
0.059136
0.00106169
0.0437304
0.047555
0.0502372
0.00255193
0.0516192
0.00478711
0.0516192
0.0502372
0.00478711
0.047555
0.00792038
0.0437304
0.0389888
0.033607
0.0119548
0.0278979
0.0167792
0.0221841
0.0167792
0.0119548
0.0221841
0.00792038
0.0278979
0.00255193
0.00106169
0.033607
0.0389888
7.20203e-34
7.20203e-34
2.80444e-34
0.00102896
0.00102896
2.80444e-34
0.00456928
0.00244851
0.00244851
0.00456928
0.0112326
0.00749446
0.00749446
0.0112326
0.0205247
0.0156424
0.0205247
0.0156424
0.0305859
0.0256046
0.0390639
0.0351685
0.0256046
0.0305859
0.042039
0.0438965
0.0390639
0.0351685
0.0445337
0.042039
0.0438965
0.0367747
0.00235328
0.0379129
0.000993688
0.0379129
0.0367747
0.00434255
0.0345737
0.00706858
0.0105003
0.0145062
0.0314562
0.0276278
0.0233409
0.0105003
0.0188726
0.0145062
0.00706858
0.0188726
0.00434255
0.0233409
0.00235328
0.0276278
0.0314562
0.000993688
0.0345737
6.77928e-34
6.77928e-34
2.65552e-34
0.000957593
0.000957593
2.65552e-34
0.00411282
0.00224295
0.00224295
0.00411282
0.00662891
0.0097661
0.00662891
0.0097661
0.0133705
0.0172407
0.0172407
0.0133705
0.0247536
0.0211232
0.0278851
0.0302897
0.0211232
0.0247536
0.031809
0.0323229
0.0302897
0.0278851
0.031809
0.00214119
0.0271623
0.0262425
0.00387743
0.0244724
0.0219844
0.00619379
0.0189658
0.0156399
0.00903243
0.0122501
0.00903243
0.0122501
0.00619379
0.00387743
0.0156399
0.00214119
0.000919502
0.0189658
0.0219844
0.000919502
0.0244724
0.0262425
0.0271623
6.31092e-34
6.31092e-34
2.49093e-34
0.000880808
0.000880808
2.49093e-34
0.00364167
0.00202654
0.00202654
0.00364167
0.00575212
0.00830645
0.00575212
0.00830645
0.0111476
0.0140817
0.0111476
0.0140817
0.0168865
0.0193382
0.0224559
0.0212491
0.0193382
0.0168865
0.0224559
0.0228737
0.0212491
0.0182267
0.0168337
0.00340351
0.0148955
0.0053193
0.0125769
0.00340351
0.0100742
0.00759135
0.00759135
0.0053193
0.0100742
0.00192061
0.000840672
0.0125769
0.0148955
0.000840672
0.0168337
0.0189543
0.0182267
0.0189543
0.00192061
5.80682e-34
5.80682e-34
0.000800156
2.31319e-34
0.000800156
2.31319e-34
0.00316753
0.00180418
0.00180418
0.00316753
0.00689316
0.00488708
0.00689316
0.00488708
0.00903483
0.011135
0.00903483
0.011135
0.014485
0.0130106
0.0157537
0.0154321
0.0130106
0.0154321
0.014485
0.00293235
0.00976585
0.00446769
0.00803697
0.00621542
0.00446769
0.00621542
0.00293235
0.00803697
0.00169643
0.000758742
0.00976585
0.0112374
0.000758742
0.0123072
0.0123072
0.01287
0.00169643
0.01287
0.0112374
5.27711e-34
5.27711e-34
2.12476e-34
0.000717165
0.000717165
2.12476e-34
0.00270172
0.00158067
0.00158067
0.00270172
0.0055629
0.00405562
0.00405562
0.0055629
0.00708729
0.00847672
0.00847672
0.00708729
0.00959269
0.0103094
0.010561
0.0103094
0.00959269
0.0036598
0.0036598
0.00247486
0.0049392
0.00147333
0.000675204
0.00618956
0.00727585
0.000675204
0.0049392
0.00618956
0.00807714
0.008502
0.008502
0.00147333
0.00807714
0.00727585
0.00247486
4.73178e-34
4.73178e-34
1.92795e-34
0.000633279
0.000633279
1.92795e-34
0.00225463
0.0013605
0.00225463
0.0013605
0.00434765
0.00327732
0.00434765
0.00327732
0.00616756
0.00535131
0.00535131
0.00616756
0.00670473
0.00688793
0.00670473
0.0012556
0.000591433
0.00379158
0.0045726
0.000591433
0.0051578
0.00204078
0.00547116
0.00547116
0.00379158
0.0012556
0.0051578
0.0045726
0.00204078
0.00291378
0.00291378
4.18028e-34
4.18028e-34
1.72475e-34
0.000549798
0.000549798
1.72475e-34
0.00114763
0.00183526
0.00114763
0.00183526
0.00327275
0.00256852
0.00327275
0.00256852
0.0042475
0.00386095
0.00386095
0.00438585
0.0042475
0.00279384
0.00321292
0.000508633
0.000508633
0.00343945
0.00343945
0.00104689
0.00321292
0.00279384
0.00224395
0.0016382
0.0016382
0.00224395
0.00104689
3.63109e-34
3.63109e-34
1.51686e-34
0.000467817
1.51686e-34
0.000467817
0.000945295
0.00145067
0.000945295
0.00145067
0.00235491
0.0019412
0.00235491
0.0019412
0.00273073
0.0026348
0.0026348
0.000427774
0.00212003
0.00212003
0.00195758
0.000850063
0.00165976
0.00127305
0.00127305
0.000850063
0.000427774
0.00165976
0.00195758
3.09137e-34
3.09137e-34
1.30555e-34
0.000388181
0.000388181
1.30555e-34
0.00110553
0.000755841
0.000755841
0.00110553
0.00140186
0.00160012
0.00140186
0.00160012
0.00167235
0.00116461
0.000666976
0.000948543
0.000666976
0.000349558
0.000948543
0.00116461
0.000349558
0.0012826
0.0012826
2.56666e-34
2.56666e-34
1.09172e-34
0.000311437
0.000311437
1.09172e-34
0.000801523
0.000580526
0.000580526
0.000801523
0.00095042
0.00095042
0.00100146
0.000498334
0.000498334
0.000274371
0.000664735
0.000754712
0.000274371
0.000754712
0.000664735
2.06053e-34
2.06053e-34
8.75923e-35
0.000237812
8.75923e-35
0.000237812
0.000419368
0.000536937
0.000419368
0.000536937
0.00057904
0.00041799
0.000202269
0.00041799
0.000343534
0.000202269
0.000343534
1.57446e-34
1.57446e-34
0.000167191
6.58451e-35
0.000167191
6.58451e-35
0.000271013
0.000271013
0.000306138
0.000132968
0.00020055
0.000132968
0.00020055
1.10769e-34
1.10769e-34
4.39535e-35
9.91241e-05
9.91241e-05
4.39535e-35
0.00013264
6.58551e-05
6.58551e-05
6.57263e-35
6.57263e-35
2.19558e-35
2.19558e-35
3.28333e-05
2.05897e-38
2.18065e-35
2.18065e-35
