5.00336e-38
2.89936e-35
2.89936e-35
2.94855e-35
8.71958e-35
4.37906e-05
8.77671e-05
2.94855e-35
8.71958e-35
8.77671e-05
5.91553e-35
0.000176841
1.46596e-34
0.000132037
0.000176346
0.000266367
0.000266367
0.000132037
0.000176841
1.46596e-34
5.91553e-35
8.87362e-35
0.000268239
2.0773e-34
0.000222174
0.000453467
0.00054987
0.00035866
0.000404986
8.87362e-35
0.000268239
0.00035866
0.00054987
0.000453467
0.000222174
2.0773e-34
1.18209e-34
0.00031502
0.000362617
2.70906e-34
0.000551414
0.000652711
0.000863129
0.000702084
0.00097507
0.000754562
0.00097507
0.000702084
0.00031502
2.70906e-34
0.000362617
1.18209e-34
0.000652711
0.000551414
0.000863129
1.47557e-34
3.36182e-34
0.000411042
0.000460254
0.000757489
0.000866161
0.00121403
0.00103347
0.000460254
3.36182e-34
0.000411042
1.47557e-34
0.00161422
0.00127746
0.00147418
0.00121465
0.00121465
0.00121403
0.00147418
0.000757489
0.00161422
0.00103347
0.000866161
1.76739e-34
0.000561045
4.03358e-34
0.000510327
0.000978189
0.00109437
0.00160618
0.00140484
0.00198793
0.0017558
0.00205937
0.00240154
4.03358e-34
0.000561045
0.000510327
1.76739e-34
0.000978189
0.00160618
0.00109437
0.00140484
0.00207005
0.00258613
0.00198793
0.00258613
0.00205937
0.00240154
0.0017558
2.05671e-34
0.000664501
4.71996e-34
0.000612572
0.00121336
0.00133647
0.0020394
0.00181784
0.00335122
0.00285562
0.00238581
0.0027343
0.00316757
0.00381493
0.00406384
0.00327597
2.05671e-34
0.000664501
4.71996e-34
0.000612572
0.00121336
0.00133647
0.0020394
0.00181784
0.00381493
0.00335122
0.0027343
0.00406384
0.00238581
0.00316757
0.00285562
2.34217e-34
0.000769772
5.4143e-34
0.000717103
0.00146149
0.00159035
0.00251014
0.00227053
0.00349528
0.00446321
0.00388731
0.00310452
0.0045304
0.00531183
0.00594227
0.00495194
0.000717103
2.34217e-34
0.000769772
5.4143e-34
0.00509985
0.00627823
0.00627823
0.00495194
0.00159035
0.00251014
0.00146149
0.00227053
0.00388731
0.00531183
0.00594227
0.00349528
0.00310452
0.0045304
0.00446321
2.62185e-34
0.000875689
6.10803e-34
0.000822903
0.00275789
0.00171993
0.0018528
0.00301203
0.00433234
0.00572539
0.00507664
0.00390498
0.00615869
0.00706682
0.00822186
0.00703285
0.00760241
0.00906899
0.00951687
0.00779883
6.10803e-34
0.000822903
2.62185e-34
0.000875689
0.00301203
0.0018528
0.00275789
0.00171993
0.00951687
0.00906899
0.00760241
0.00703285
0.00507664
0.00390498
0.00433234
0.00572539
0.00706682
0.00822186
0.00615869
2.89329e-34
0.000980816
6.79104e-34
0.00092866
0.001985
0.00353638
0.00327231
0.00211974
0.00092866
0.000980816
6.79104e-34
2.89329e-34
0.00523045
0.00711571
0.00640626
0.00477455
0.00803323
0.0108741
0.00950398
0.00905232
0.0114293
0.0124155
0.0135322
0.0106761
0.0141185
0.0116904
0.0114293
0.0141185
0.00211974
0.00353638
0.00327231
0.001985
0.00711571
0.00523045
0.00640626
0.00477455
0.0135322
0.0124155
0.00905232
0.0106761
0.0108741
0.00803323
0.00950398
3.15358e-34
0.00108351
7.45208e-34
0.00103283
0.00225224
0.00238638
0.00407272
0.00380415
0.00103283
0.00108351
7.45208e-34
3.15358e-34
0.00617059
0.00860424
0.00784993
0.00569607
0.00238638
0.00380415
0.00407272
0.00225224
0.0101189
0.0112266
0.0123244
0.013847
0.0158159
0.0162603
0.0182703
0.0142809
0.0204629
0.0171321
0.0197112
0.0167965
0.0167965
0.0204629
0.0197112
0.0158159
0.00569607
0.00860424
0.00617059
0.00784993
0.0182703
0.0123244
0.013847
0.0112266
0.0101189
0.0142809
0.0162603
3.39945e-34
0.00113368
0.00118199
8.07927e-34
0.00251663
0.00264747
0.00460933
0.00434224
0.00713085
0.0101552
0.00937454
0.00664896
0.00113368
0.00118199
8.07927e-34
3.39945e-34
0.00460933
0.00264747
0.00434224
0.00251663
0.0123683
0.0135371
0.01707
0.0154322
0.00713085
0.00937454
0.00664896
0.0101552
0.0183436
0.0205163
0.0236324
0.0208808
0.0228503
0.0240958
0.0261939
0.0280136
0.0289581
0.0240958
0.0245234
0.0289581
0.0228503
0.0261939
0.0280136
0.0208808
0.0135371
0.0205163
0.0154322
0.0123683
0.0236324
0.0183436
0.01707
3.62743e-34
8.66056e-34
0.0012294
0.00127442
0.00277277
0.00289754
0.00513379
0.00487445
0.00808754
0.0117289
0.0109421
0.0076103
0.0012294
0.00127442
8.66056e-34
3.62743e-34
0.0147246
0.0159238
0.0204591
0.0187495
0.00513379
0.00289754
0.00487445
0.00277277
0.0109421
0.0117289
0.00808754
0.0076103
0.025074
0.022765
0.0294851
0.0265068
0.0159238
0.0147246
0.0187495
0.0204591
0.0321925
0.0297235
0.0366077
0.033414
0.0337471
0.0388598
0.0342761
0.0400237
0.0400237
0.0321925
0.0337471
0.0388598
0.0297235
0.0265068
0.022765
0.033414
0.025074
0.0294851
0.0366077
3.83398e-34
0.00135897
9.18419e-34
0.00131814
0.00301514
0.00313105
0.00563345
0.00538815
0.00901616
0.0132836
0.00855586
0.0125117
0.0171249
0.0183216
0.0239212
0.0221872
0.00131814
0.00135897
9.18419e-34
3.83398e-34
0.00313105
0.00563345
0.00538815
0.00301514
0.0356694
0.0298084
0.0274273
0.0325464
0.0132836
0.00901616
0.0125117
0.00855586
0.0221872
0.0171249
0.0183216
0.0239212
0.0460252
0.0412289
0.0372421
0.0411794
0.0274273
0.0356694
0.0298084
0.0325464
0.0461656
0.0442666
0.0526642
0.0499288
0.0540728
0.0468133
0.0461656
0.0540728
0.0412289
0.0460252
0.0411794
0.0442666
0.0526642
0.0499288
0.0372421
4.01563e-34
0.00143388
9.63916e-34
0.0013981
0.00323829
0.00334269
0.00609591
0.00587079
0.00989238
0.00946113
0.0147769
0.014041
0.0195033
0.0206641
0.0273589
0.0256495
4.01563e-34
9.63916e-34
0.0013981
0.00143388
0.0388314
0.0321998
0.0345851
0.0420095
0.00323829
0.00334269
0.00609591
0.00587079
0.0147769
0.00989238
0.014041
0.00946113
0.0492711
0.0560044
0.050962
0.0451991
0.0256495
0.0273589
0.0195033
0.0206641
0.0321998
0.0345851
0.0388314
0.0420095
0.0618653
0.0665505
0.0558098
0.0594746
0.0560044
0.0492711
0.0451991
0.050962
0.0625331
0.061759
0.0714936
0.0698167
0.0618653
0.0714936
0.0665505
0.0698167
0.0594746
0.061759
0.0558098
4.16916e-34
0.00149755
1.00156e-33
0.00146759
0.00343705
0.00352747
0.00650948
0.00631026
0.0103022
0.0106929
0.0161677
0.0154881
0.0217929
0.0228851
0.0306735
0.029038
0.00146759
0.00149755
1.00156e-33
4.16916e-34
0.0451807
0.0369457
0.0392659
0.0483213
0.00343705
0.00631026
0.00650948
0.00352747
0.0662561
0.0611149
0.0574538
0.0533662
0.0106929
0.0161677
0.0154881
0.0103022
0.029038
0.0306735
0.0228851
0.0217929
0.0743267
0.0812909
0.0738399
0.0680534
0.0483213
0.0369457
0.0392659
0.0451807
0.0662561
0.0574538
0.0533662
0.0611149
0.0808918
0.0781925
0.0868232
0.090663
0.0738399
0.0680534
0.0812909
0.0743267
0.0926295
0.0818082
0.0808918
0.0781925
0.090663
0.0868232
0.0926295
4.29173e-34
0.00154857
1.03052e-33
0.0015251
0.00360672
0.003681
0.00686357
0.00669536
0.0015251
0.00154857
1.03052e-33
4.29173e-34
0.0110565
0.0113961
0.0174175
0.0168131
0.0239291
0.0249216
0.0337697
0.0322551
0.0544194
0.0514087
0.041527
0.0437145
0.00669536
0.00360672
0.00686357
0.003681
0.065486
0.0713897
0.0764775
0.0615037
0.0110565
0.0174175
0.0168131
0.0113961
0.0888472
0.0869456
0.0964533
0.0806403
0.0337697
0.0249216
0.0322551
0.0239291
0.0544194
0.0437145
0.041527
0.0514087
0.100735
0.104599
0.111036
0.0956481
0.0764775
0.065486
0.0615037
0.0713897
0.0964533
0.0888472
0.0806403
0.0869456
0.103884
0.104948
0.117761
0.115487
0.100735
0.0956481
0.104599
0.111036
0.117761
0.103884
0.115487
4.38099e-34
0.00158581
1.05015e-33
0.00156936
0.0037432
0.00379954
0.00714901
0.00701619
0.0117037
0.0119831
0.0184913
0.0179791
0.00156936
0.00158581
1.05015e-33
4.38099e-34
0.00701619
0.00714901
0.0037432
0.00379954
0.0258511
0.0267157
0.036558
0.0352081
0.0478009
0.060124
0.057332
0.04581
0.0731295
0.0814814
0.0863639
0.0693706
0.0117037
0.0179791
0.0184913
0.0119831
0.0993452
0.111585
0.104052
0.0931964
0.0258511
0.0352081
0.0267157
0.036558
0.122616
0.132009
0.113612
0.121486
0.057332
0.060124
0.0478009
0.04581
0.0731295
0.0814814
0.0693706
0.0863639
0.130975
0.139398
0.144493
0.127356
0.104052
0.0993452
0.111585
0.0931964
0.113612
0.132009
0.121486
0.122616
0.1322
0.127356
0.147091
0.147091
0.130975
0.139398
0.144493
4.43519e-34
0.00160843
1.05999e-33
0.00159936
0.00384318
0.00388019
0.00735838
0.00726441
0.0122264
0.0124379
0.0193594
0.0189535
0.0275043
0.0378117
0.0282163
0.0389578
0.00159936
0.00160843
1.05999e-33
4.43519e-34
0.00388019
0.00726441
0.00735838
0.00384318
0.0189535
0.0193594
0.0124379
0.0122264
0.0514057
0.065267
0.062776
0.0496695
0.0910889
0.0956204
0.0767335
0.0801575
0.126232
0.118997
0.111154
0.105346
0.0378117
0.0275043
0.0389578
0.0282163
0.131545
0.140331
0.152954
0.142525
0.0496695
0.0514057
0.062776
0.065267
0.151528
0.172029
0.158211
0.163648
0.0956204
0.0801575
0.0910889
0.0767335
0.126232
0.111154
0.118997
0.105346
0.180726
0.162327
0.177791
0.163715
0.131545
0.140331
0.142525
0.152954
0.158211
0.151528
0.180726
0.177791
0.163648
0.162327
0.172029
4.45325e-34
0.00161589
1.05983e-33
0.00161443
0.00390418
0.00392097
0.0074862
0.00743354
0.0126102
0.0127481
0.0199973
0.0197091
0.00161443
0.00161589
1.05983e-33
4.45325e-34
0.0288415
0.0408999
0.0399906
0.0293807
0.0544238
0.0696973
0.0675804
0.052993
0.00743354
0.0074862
0.00392097
0.00390418
0.0197091
0.0199973
0.0127481
0.0126102
0.0288415
0.0293807
0.0399906
0.0408999
0.0999254
0.0833739
0.103971
0.0863616
0.139952
0.133234
0.122017
0.116725
0.148908
0.15721
0.173236
0.163216
0.0675804
0.052993
0.0544238
0.0696973
0.187503
0.185839
0.199538
0.175671
0.0833739
0.0999254
0.103971
0.0863616
0.197994
0.208939
0.215389
0.193369
0.133234
0.139952
0.122017
0.116725
0.173236
0.15721
0.163216
0.148908
0.218669
0.199555
0.197994
0.218669
0.187503
0.175671
0.215389
0.199538
0.185839
0.193369
0.208939
4.43482e-34
0.00160804
1.04967e-33
0.00161421
0.00392471
0.00392087
0.00752913
0.00751917
0.0128447
0.0129053
0.0203873
0.0202249
0.0298247
0.0301759
0.0423285
0.041682
0.00161421
0.00160804
1.04967e-33
4.43482e-34
0.00392087
0.00751917
0.00752913
0.00392471
0.0567675
0.0732848
0.0716041
0.0556835
0.0915588
0.111168
0.107728
0.0890956
0.0129053
0.0128447
0.0202249
0.0203873
0.041682
0.0298247
0.0423285
0.0301759
0.0567675
0.0556835
0.0732848
0.0716041
0.146335
0.152334
0.131612
0.126992
0.165176
0.172745
0.192242
0.182935
0.21024
0.199056
0.226187
0.213022
0.0890956
0.107728
0.0915588
0.111168
0.250029
0.239589
0.232778
0.224386
0.126992
0.131612
0.152334
0.146335
0.237927
0.257178
0.260809
0.23966
0.192242
0.182935
0.165176
0.172745
0.199056
0.21024
0.213022
0.226187
0.237927
0.232778
0.260809
0.257178
0.224386
0.239589
0.250029
4.38027e-34
0.00158506
1.02975e-33
0.00159872
0.00390426
0.00387989
0.00748603
0.00751903
0.0204864
0.0129237
0.0129053
0.0205185
0.00159872
0.00158506
1.02975e-33
4.38027e-34
0.0304261
0.0305792
0.0432023
0.0428374
0.0583687
0.0759247
0.0747293
0.057663
0.00387989
0.00751903
0.00748603
0.00390426
0.0204864
0.0205185
0.0129237
0.0129053
0.0955961
0.116997
0.114266
0.0937297
0.139652
0.157906
0.135842
0.163009
0.0428374
0.0432023
0.0305792
0.0304261
0.0747293
0.057663
0.0583687
0.0759247
0.116997
0.0955961
0.0937297
0.114266
0.17986
0.201085
0.209399
0.186468
0.220972
0.23117
0.251165
0.238933
0.26701
0.283592
0.254436
0.26881
0.135842
0.157906
0.163009
0.139652
0.276278
0.281953
0.295079
0.302932
0.17986
0.209399
0.201085
0.186468
0.306917
0.306917
0.283866
0.281953
0.23117
0.251165
0.220972
0.238933
0.302932
0.295079
0.26881
0.254436
0.283592
0.276278
0.26701
4.29069e-34
0.00154747
1.00051e-33
0.00156831
0.00384333
0.00379904
0.00735804
0.00743314
0.0203872
0.0204864
0.0128448
0.0127479
0.0306284
0.0305791
0.0434964
0.0434235
0.00156831
0.00154747
1.00051e-33
4.29069e-34
0.00379904
0.00743314
0.00735804
0.00384333
0.059181
0.07754
0.0768648
0.0588741
0.0983551
0.121288
0.119345
0.0971403
0.0204864
0.0203872
0.0127479
0.0128448
0.0434235
0.0306284
0.0434964
0.0305791
0.145899
0.171658
0.143011
0.167604
0.192519
0.217121
0.224193
0.19797
0.059181
0.0588741
0.07754
0.0768648
0.0971403
0.119345
0.121288
0.0983551
0.143011
0.167604
0.171658
0.145899
0.240758
0.262788
0.249663
0.273717
0.282605
0.315057
0.295714
0.299648
0.331219
0.313441
0.343752
0.323583
0.192519
0.217121
0.19797
0.224193
0.356645
0.32979
0.331877
0.352306
0.240758
0.249663
0.273717
0.262788
0.32979
0.356645
0.352306
0.323583
0.299648
0.295714
0.282605
0.315057
0.331219
0.313441
0.343752
4.16784e-34
0.00149613
9.62618e-34
0.00152368
0.00374342
0.00368032
0.00714851
0.00726376
0.0124375
0.0199971
0.0202247
0.0126102
0.00152368
0.00149613
9.62618e-34
4.16784e-34
0.0304261
0.0301758
0.0432023
0.0434235
0.059181
0.0780838
0.0592817
0.0779483
0.00368032
0.00726376
0.00714851
0.00374342
0.0202247
0.0199971
0.0126102
0.0124375
0.0997551
0.123914
0.122816
0.0992273
0.17514
0.150168
0.178024
0.148289
0.0301758
0.0304261
0.0432023
0.0434235
0.0592817
0.0779483
0.0780838
0.059181
0.202777
0.206908
0.230562
0.236181
0.25782
0.265166
0.293165
0.283868
0.0997551
0.123914
0.0992273
0.122816
0.178024
0.150168
0.148289
0.17514
0.236181
0.202777
0.230562
0.206908
0.30804
0.329701
0.319488
0.343471
0.382024
0.364498
0.363281
0.348282
0.381027
0.395591
0.404841
0.374297
0.25782
0.293165
0.265166
0.283868
0.381027
0.409527
0.383293
0.409527
0.343471
0.329701
0.30804
0.319488
0.374297
0.382024
0.364498
0.395591
0.404841
0.348282
0.363281
4.0141e-34
0.00143219
9.16914e-34
0.00146584
0.003607
0.00701531
0.00352664
0.00686293
0.0119826
0.0193591
0.0197088
0.0122264
0.00146584
0.00143219
9.16914e-34
4.0141e-34
0.0298247
0.0293806
0.0423284
0.0428374
0.00352664
0.00701531
0.00686293
0.003607
0.0583687
0.0588741
0.0775401
0.0779483
0.0997551
0.124798
0.124577
0.0999298
0.0122264
0.0197088
0.0193591
0.0119826
0.0293806
0.0428374
0.0298247
0.0423284
0.180291
0.152335
0.181921
0.151519
0.213018
0.210329
0.245007
0.241008
0.0588741
0.0775401
0.0779483
0.0583687
0.124577
0.124798
0.0997551
0.0999298
0.271646
0.308926
0.301539
0.277214
0.367975
0.329975
0.339419
0.35626
0.181921
0.152335
0.151519
0.180291
0.210329
0.241008
0.245007
0.213018
0.271646
0.277214
0.301539
0.308926
0.399838
0.379746
0.393909
0.416589
0.435454
0.450034
0.427901
0.41603
0.464991
0.437586
0.459963
0.435151
0.35626
0.339419
0.329975
0.367975
0.464991
0.435151
0.459963
0.427901
0.450034
0.399838
0.435454
0.379746
0.41603
0.393909
0.416589
3.83231e-34
0.00135706
8.64388e-34
0.00139608
0.00139608
0.00135706
8.64388e-34
3.83231e-34
0.00343739
0.00650872
0.00669427
0.00334172
0.0113955
0.018491
0.018953
0.0117038
0.0288415
0.0282161
0.0408999
0.041682
0.00669427
0.00650872
0.00343739
0.00334172
0.057663
0.0567675
0.0759248
0.0768649
0.018953
0.018491
0.0113955
0.0117038
0.0983552
0.123914
0.124577
0.0992272
0.152335
0.183233
0.182905
0.152606
0.0282161
0.041682
0.0288415
0.0408999
0.0567675
0.0759248
0.057663
0.0768649
0.214951
0.216118
0.250409
0.248149
0.281826
0.28545
0.315273
0.320531
0.123914
0.0983552
0.0992272
0.124577
0.152335
0.152606
0.182905
0.183233
0.347752
0.35491
0.387836
0.378526
0.406883
0.4464
0.418567
0.432148
0.214951
0.248149
0.216118
0.250409
0.281826
0.320531
0.28545
0.315273
0.347752
0.387836
0.378526
0.35491
0.49085
0.47107
0.453719
0.470686
0.517004
0.506414
0.483779
0.491531
0.491531
0.494138
0.522363
0.522363
0.406883
0.432148
0.4464
0.418567
0.517004
0.47107
0.483779
0.506414
0.470686
0.49085
0.453719
3.62572e-34
0.00127235
8.06145e-34
0.0013159
0.00323867
0.00312999
0.00609505
0.006309
0.0013159
0.00127235
8.06145e-34
3.62572e-34
0.006309
0.00609505
0.00323867
0.00312999
0.0106922
0.017417
0.0179785
0.0110566
0.0275042
0.0267154
0.0389577
0.0399905
0.0556835
0.0544239
0.0732849
0.0747295
0.0110566
0.0106922
0.0179785
0.017417
0.0955963
0.121288
0.122816
0.0971402
0.0399905
0.0389577
0.0275042
0.0267154
0.150169
0.181921
0.182905
0.151519
0.216507
0.252228
0.251772
0.216118
0.0556835
0.0732849
0.0544239
0.0747295
0.121288
0.122816
0.0955963
0.0971402
0.28963
0.327634
0.288057
0.324662
0.360841
0.365501
0.402459
0.395833
0.181921
0.151519
0.182905
0.150169
0.216118
0.251772
0.216507
0.252228
0.428877
0.437734
0.470563
0.459237
0.509225
0.526057
0.486227
0.500225
0.324662
0.288057
0.28963
0.327634
0.365501
0.360841
0.402459
0.395833
0.428877
0.470563
0.459237
0.437734
0.563982
0.547472
0.5277
0.541215
0.552223
0.549456
0.575205
0.580883
0.549456
0.580883
0.541215
0.575205
0.486227
0.5277
0.526057
0.500225
0.547472
0.563982
0.509225
3.39779e-34
0.00122702
0.00117982
7.43365e-34
0.00301555
0.0028964
0.00563252
0.0058694
0.00989166
0.0161672
0.0168125
0.0103022
0.00122702
0.00117982
7.43365e-34
3.39779e-34
0.0028964
0.0058694
0.00563252
0.00301555
0.0168125
0.0161672
0.00989166
0.0103022
0.0258511
0.0249213
0.0365579
0.0378116
0.0529929
0.0514058
0.0696975
0.0716044
0.0937296
0.0915591
0.116998
0.119345
0.0249213
0.0378116
0.0258511
0.0365579
0.145899
0.178025
0.180291
0.148289
0.0529929
0.0696975
0.0716044
0.0514058
0.251773
0.214951
0.213018
0.250409
0.330025
0.290154
0.28963
0.329427
0.0915591
0.0937296
0.119345
0.116998
0.148289
0.180291
0.178025
0.145899
0.368853
0.411411
0.407665
0.370875
0.445072
0.488355
0.450837
0.480293
0.251773
0.214951
0.213018
0.250409
0.330025
0.28963
0.329427
0.290154
0.554593
0.541217
0.523187
0.512577
0.581898
0.565585
0.585131
0.604504
0.368853
0.411411
0.407665
0.370875
0.445072
0.488355
0.450837
0.480293
0.541217
0.512577
0.554593
0.523187
0.599421
0.633741
0.608124
0.621914
0.639722
0.639722
0.61105
0.608124
0.599421
0.604504
0.621914
0.633741
0.581898
0.585131
0.565585
3.15209e-34
6.77254e-34
0.00113122
0.00108131
0.0027732
0.0026463
0.00513282
0.00538667
0.0090154
0.0147763
0.0154874
0.00946121
0.00113122
0.00108131
6.77254e-34
3.15209e-34
0.0239291
0.0228848
0.0337696
0.035208
0.0026463
0.00538667
0.00513282
0.0027732
0.00946121
0.0090154
0.0154874
0.0147763
0.0228848
0.035208
0.0337696
0.0239291
0.0496694
0.047801
0.0652673
0.0675807
0.0863619
0.111168
0.114266
0.0890955
0.139652
0.171658
0.175141
0.143011
0.0496694
0.0675807
0.0652673
0.047801
0.210329
0.245007
0.248149
0.206908
0.111168
0.114266
0.0863619
0.0890955
0.28545
0.327634
0.288057
0.329427
0.414424
0.371551
0.370876
0.41367
0.171658
0.139652
0.143011
0.175141
0.248149
0.210329
0.245007
0.206908
0.494688
0.454985
0.457487
0.499246
0.538885
0.566085
0.531979
0.575606
0.28545
0.327634
0.288057
0.329427
0.414424
0.370876
0.371551
0.41367
0.637351
0.621954
0.608658
0.596292
0.661079
0.64252
0.657538
0.679337
0.454985
0.499246
0.494688
0.457487
0.575606
0.566085
0.531979
0.538885
0.596292
0.621954
0.608658
0.637351
0.669755
0.666686
0.691733
0.697999
0.697999
0.666686
0.657538
0.679337
0.691733
0.661079
0.64252
2.89211e-34
0.000978648
6.09001e-34
0.00103037
0.00103037
0.000978648
6.09001e-34
2.89211e-34
0.00251707
0.00238521
0.00460834
0.00487291
0.00808675
0.013283
0.0140402
0.00855594
0.0217929
0.0206638
0.0306734
0.032255
0.00487291
0.00460834
0.00251707
0.00238521
0.0458099
0.0437146
0.0601242
0.0627764
0.0140402
0.00808675
0.013283
0.00855594
0.0306734
0.0206638
0.032255
0.0217929
0.0458099
0.0627764
0.0601242
0.0437146
0.0833738
0.0801578
0.103971
0.107729
0.131613
0.163009
0.167605
0.135842
0.202777
0.241009
0.19797
0.236182
0.103971
0.107729
0.0801578
0.0833738
0.277214
0.324662
0.281826
0.320531
0.131613
0.135842
0.167605
0.163009
0.411411
0.41367
0.368853
0.365501
0.501995
0.458323
0.502913
0.457487
0.241009
0.202777
0.19797
0.236182
0.324662
0.281826
0.277214
0.320531
0.546852
0.588469
0.583086
0.543855
0.626953
0.650578
0.661538
0.618905
0.365501
0.368853
0.41367
0.411411
0.502913
0.457487
0.458323
0.501995
0.716297
0.691524
0.698972
0.677456
0.714678
0.724235
0.748269
0.735345
0.543855
0.546852
0.583086
0.588469
0.618905
0.626953
0.661538
0.650578
0.691524
0.716297
0.677456
0.698972
0.727446
0.7548
0.7548
0.724235
0.735345
0.748269
0.714678
2.6211e-34
0.000873625
5.39726e-34
0.000926288
2.6211e-34
0.000926288
0.000873625
5.39726e-34
0.00225268
0.00211861
0.00407174
0.00434071
0.00434071
0.00407174
0.00225268
0.00211861
0.00761038
0.00713006
0.0117284
0.0125109
0.0195032
0.0183213
0.0273588
0.0290379
0.0415269
0.039266
0.0544196
0.0573324
0.0125109
0.0117284
0.00713006
0.00761038
0.0767333
0.07313
0.095621
0.0999263
0.0183213
0.0290379
0.0273588
0.0195032
0.0415269
0.0573324
0.0544196
0.039266
0.07313
0.0767333
0.0999263
0.095621
0.122018
0.152335
0.157907
0.126992
0.192519
0.224194
0.186469
0.230563
0.315274
0.271646
0.265166
0.308927
0.122018
0.152335
0.157907
0.126992
0.407665
0.354911
0.360841
0.40246
0.186469
0.230563
0.224194
0.192519
0.499247
0.501995
0.450837
0.454985
0.546852
0.591715
0.5928
0.547854
0.315274
0.308927
0.265166
0.271646
0.360841
0.407665
0.354911
0.40246
0.676344
0.632747
0.636239
0.670148
0.712339
0.743514
0.731181
0.703182
0.499247
0.454985
0.450837
0.501995
0.547854
0.591715
0.546852
0.5928
0.753581
0.769918
0.78902
0.769247
0.77986
0.783194
0.80243
0.809205
0.636239
0.632747
0.670148
0.676344
0.743514
0.703182
0.731181
0.712339
0.809205
0.753581
0.80243
0.77986
0.769918
0.78902
0.769247
0.000820682
0.000767873
4.70436e-34
2.34198e-34
2.34198e-34
0.000767873
4.70436e-34
0.000820682
0.00198541
0.00185174
0.00353545
0.00380267
0.00198541
0.00185174
0.00380267
0.00353545
0.00616982
0.0101547
0.0109413
0.00664904
0.0109413
0.0101547
0.00616982
0.00664904
0.0171249
0.0159234
0.0239211
0.0256494
0.0369456
0.0345852
0.0483216
0.0514092
0.0693704
0.0654865
0.0863646
0.0910898
0.0239211
0.0159234
0.0256494
0.0171249
0.116724
0.111154
0.139953
0.146336
0.0345852
0.0369456
0.0514092
0.0483216
0.0863646
0.0693704
0.0910898
0.0654865
0.116724
0.146336
0.139953
0.111154
0.217122
0.179859
0.172745
0.2094
0.30154
0.257819
0.293166
0.249664
0.395834
0.33942
0.387836
0.347752
0.217122
0.2094
0.179859
0.172745
0.494689
0.437734
0.488356
0.445072
0.30154
0.249664
0.257819
0.293166
0.538885
0.58847
0.543855
0.591715
0.68008
0.681329
0.637407
0.636239
0.395834
0.387836
0.33942
0.347752
0.437734
0.445072
0.494689
0.488356
0.722904
0.760175
0.753202
0.71893
0.792426
0.80543
0.819028
0.782229
0.543855
0.58847
0.591715
0.538885
0.636239
0.637407
0.68008
0.681329
0.822347
0.839457
0.853307
0.832634
0.832634
0.836088
0.860302
0.860302
0.753202
0.71893
0.760175
0.722904
0.792426
0.819028
0.80543
0.853307
0.839457
0.782229
0.822347
0.0007151
0.000662822
4.01981e-34
2.05721e-34
0.00327093
0.00301117
0.00172031
0.00158939
2.05721e-34
0.000662822
4.01981e-34
0.0007151
0.00172031
0.00158939
0.00301117
0.00327093
0.00522973
0.00860372
0.00937375
0.00569615
0.00860372
0.00522973
0.00569615
0.00937375
0.0147246
0.0135368
0.020459
0.0221871
0.0135368
0.0221871
0.020459
0.0147246
0.0321997
0.0298085
0.0420098
0.0451812
0.0615035
0.0574543
0.0764781
0.0814824
0.0993459
0.126232
0.133235
0.105346
0.0298085
0.0321997
0.0451812
0.0420098
0.165176
0.157211
0.192243
0.201087
0.0574543
0.0764781
0.0615035
0.0814824
0.126232
0.105346
0.133235
0.0993459
0.157211
0.201087
0.165176
0.192243
0.231171
0.240758
0.273718
0.283869
0.378528
0.319489
0.367976
0.329974
0.470564
0.418568
0.480294
0.428877
0.283869
0.273718
0.231171
0.240758
0.523188
0.583087
0.575607
0.531979
0.319489
0.329974
0.378528
0.367976
0.676345
0.626954
0.680081
0.632746
0.724232
0.765784
0.764379
0.722904
0.480294
0.470564
0.428877
0.418568
0.583087
0.531979
0.523188
0.575607
0.82971
0.799766
0.80419
0.837398
0.864772
0.853635
0.885783
0.871067
0.676345
0.632746
0.626954
0.680081
0.724232
0.765784
0.764379
0.722904
0.885224
0.900024
0.881669
0.907215
0.881669
0.900024
0.871067
0.907215
0.82971
0.80419
0.837398
0.799766
0.885783
0.864772
0.853635
0.000610842
0.00055963
3.35015e-34
1.76867e-34
0.00275664
0.00250938
0.00146183
0.00133563
1.76867e-34
0.00055963
3.35015e-34
0.000610842
0.00784919
0.00711523
0.00433169
0.00477462
0.00146183
0.00133563
0.00250938
0.00275664
0.00433169
0.00711523
0.00784919
0.00477462
0.0123683
0.0112263
0.0170699
0.0187493
0.0187493
0.0170699
0.0123683
0.0112263
0.0274272
0.0250741
0.0356697
0.0388319
0.0274272
0.0388319
0.0356697
0.0250741
0.053366
0.0492716
0.0662568
0.0713907
0.0931962
0.0869464
0.111586
0.118998
0.148908
0.140332
0.173237
0.182937
0.0662568
0.053366
0.0713907
0.0492716
0.26279
0.220971
0.251166
0.210241
0.0869464
0.111586
0.118998
0.0931962
0.140332
0.182937
0.173237
0.148908
0.26279
0.210241
0.220971
0.251166
0.343472
0.295715
0.356262
0.308039
0.446401
0.459238
0.39391
0.406882
0.566086
0.500226
0.554594
0.512576
0.295715
0.356262
0.343472
0.308039
0.608659
0.661538
0.670148
0.618904
0.39391
0.446401
0.459238
0.406882
0.712339
0.760175
0.71893
0.764379
0.80567
0.804191
0.842033
0.843583
0.512576
0.500226
0.566086
0.554594
0.670148
0.618904
0.661538
0.608659
0.897344
0.905664
0.87762
0.872788
0.926107
0.915235
0.927182
0.941762
0.71893
0.760175
0.712339
0.764379
0.843583
0.80567
0.804191
0.842033
0.929757
0.926107
0.949122
0.949122
0.897344
0.87762
0.915235
0.941762
0.872788
0.905664
0.927182
0.00050891
0.00045913
2.69966e-34
1.4777e-34
0.00226944
0.00203875
0.00121364
0.00109368
1.4777e-34
0.00045913
2.69966e-34
0.00050891
0.00640558
0.00572496
0.0034947
0.00390504
0.00121364
0.00109368
0.00203875
0.00226944
0.015432
0.0138469
0.0101189
0.00905204
0.0034947
0.00572496
0.00640558
0.00390504
0.0101189
0.00905204
0.0138469
0.015432
0.022765
0.0205163
0.0294854
0.0325469
0.022765
0.0325469
0.0294854
0.0205163
0.045199
0.0411798
0.056005
0.0611159
0.0411798
0.045199
0.0611159
0.056005
0.0743275
0.0964543
0.104053
0.08064
0.131545
0.122617
0.152955
0.163218
0.199055
0.238935
0.187504
0.226188
0.0743275
0.104053
0.0964543
0.08064
0.268811
0.329703
0.315059
0.282604
0.122617
0.152955
0.163218
0.131545
0.226188
0.187504
0.238935
0.199055
0.315059
0.268811
0.282604
0.329703
0.43215
0.364499
0.41659
0.379746
0.470687
0.541218
0.526058
0.486227
0.581899
0.637351
0.650579
0.596292
0.41659
0.43215
0.364499
0.379746
0.743514
0.691525
0.703182
0.753203
0.541218
0.486227
0.470687
0.526058
0.792426
0.837398
0.799766
0.842033
0.912358
0.879237
0.877621
0.910681
0.650579
0.581899
0.596292
0.637351
0.743514
0.703182
0.753203
0.691525
0.935782
0.954059
0.96291
0.940966
0.977775
0.96517
0.968895
0.985279
0.842033
0.792426
0.837398
0.799766
0.879237
0.910681
0.877621
0.912358
0.940966
0.954059
0.96291
0.96517
0.985279
0.977775
0.935782
0.000409961
0.000361793
2.07015e-34
1.18508e-34
0.00181694
0.00160566
0.000978407
0.000865627
1.18508e-34
0.000361793
2.07015e-34
0.000409961
0.00507604
0.00446283
0.00273381
0.00310458
0.000978407
0.000865627
0.00160566
0.00181694
0.0123243
0.010874
0.00803323
0.00706656
0.00273381
0.00446283
0.00507604
0.00310458
0.0183435
0.0265072
0.0236327
0.0162604
0.00803323
0.00706656
0.010874
0.0123243
0.0183435
0.0162604
0.0236327
0.0265072
0.0372419
0.0334144
0.0460258
0.050963
0.0372419
0.050963
0.0334144
0.0460258
0.0680531
0.061866
0.0812918
0.0888486
0.0812918
0.061866
0.0680531
0.0888486
0.113612
0.1046
0.13201
0.142527
0.213024
0.175671
0.16365
0.19954
0.283594
0.29965
0.239591
0.254435
0.1046
0.142527
0.13201
0.113612
0.33122
0.382026
0.39984
0.348282
0.19954
0.16365
0.213024
0.175671
0.283594
0.239591
0.29965
0.254435
0.33122
0.382026
0.348282
0.39984
0.509227
0.490852
0.435455
0.453719
0.547473
0.604505
0.621955
0.565584
0.716298
0.677456
0.731182
0.66108
0.509227
0.490852
0.435455
0.453719
0.782229
0.769248
0.82971
0.819028
0.604505
0.565584
0.547473
0.621955
0.905665
0.864772
0.872788
0.910681
0.97003
0.968246
0.9427
0.940966
0.66108
0.716298
0.677456
0.731182
0.819028
0.82971
0.782229
0.769248
0.998149
1.00741
0.986848
0.992317
1.00194
1.01503
1.01503
0.998149
0.872788
0.905665
0.910681
0.864772
0.968246
1.00741
0.9427
0.97003
0.992317
0.986848
0.940966
0.000314272
0.0002677
1.46087e-34
8.91154e-35
8.91154e-35
0.0002677
1.46087e-34
0.000314272
0.00140413
0.00121362
0.00075764
0.000652327
0.00388678
0.00335089
0.00205897
0.00238585
0.00075764
0.000652327
0.00121362
0.00140413
0.00531158
0.00950383
0.00822174
0.00615869
0.00205897
0.00335089
0.00388678
0.00238585
0.0142808
0.0208811
0.0182705
0.0124156
0.00615869
0.00531158
0.00822174
0.00950383
0.0297233
0.0412297
0.0366082
0.0261943
0.0142808
0.0124156
0.0182705
0.0208811
0.0297233
0.0261943
0.0366082
0.0412297
0.0558096
0.0499295
0.0665513
0.0738413
0.0558096
0.0738413
0.0665513
0.0499295
0.0956478
0.0868242
0.111037
0.121488
0.121488
0.0868242
0.111037
0.0956478
0.185841
0.151527
0.17203
0.1394
0.208941
0.224386
0.267012
0.250031
0.295081
0.363283
0.343753
0.31344
0.17203
0.1394
0.185841
0.151527
0.395593
0.471072
0.450035
0.416029
0.208941
0.250031
0.224386
0.267012
0.343753
0.295081
0.363283
0.31344
0.471072
0.395593
0.450035
0.416029
0.585132
0.506416
0.563983
0.5277
0.679338
0.621915
0.698973
0.64252
0.753581
0.735345
0.78902
0.805431
0.506416
0.563983
0.585132
0.5277
0.839457
0.897344
0.853635
0.885784
0.621915
0.698973
0.64252
0.679338
0.927182
0.96291
0.935782
0.968246
1.01486
0.992317
0.994147
1.013
0.753581
0.805431
0.78902
0.735345
0.853635
0.885784
0.839457
0.897344
1.03784
1.02829
1.02445
1.03013
1.03013
1.013
1.02445
1.03784
0.96291
0.935782
0.927182
0.968246
0.994147
1.01486
0.992317
5.95977e-35
0.000176544
8.68529e-35
0.000221729
0.000221729
0.000176544
8.68529e-35
5.95977e-35
0.00103295
0.000862834
0.000551498
0.000453216
0.000551498
0.000453216
0.000862834
0.00103295
0.00285517
0.00240126
0.00147386
0.00175583
0.00703268
0.00594213
0.0045304
0.0038147
0.00147386
0.00240126
0.00175583
0.00285517
0.010676
0.0158161
0.0135323
0.00906896
0.0045304
0.0038147
0.00594213
0.00703268
0.0228502
0.0321933
0.0197114
0.028014
0.010676
0.00906896
0.0135323
0.0158161
0.0442664
0.0594759
0.052665
0.0388604
0.0228502
0.0197114
0.028014
0.0321933
0.0442664
0.0388604
0.052665
0.0594759
0.0781922
0.0698176
0.0906641
0.100737
0.0781922
0.100737
0.0698176
0.0906641
0.115488
0.144494
0.127355
0.158213
0.115488
0.158213
0.144494
0.127355
0.21539
0.23278
0.177793
0.193369
0.257179
0.323586
0.276278
0.302933
0.352308
0.404842
0.427903
0.374297
0.21539
0.177793
0.23278
0.193369
0.459964
0.541216
0.517005
0.483779
0.302933
0.257179
0.276278
0.323586
0.427903
0.352308
0.404842
0.374297
0.517005
0.459964
0.541216
0.483779
0.633742
0.65754
0.575207
0.59942
0.74827
0.691734
0.769919
0.714678
0.822347
0.853307
0.871068
0.802431
0.575207
0.65754
0.59942
0.633742
0.915235
0.941762
0.900024
0.954059
0.714678
0.74827
0.769919
0.691734
0.986848
1.013
0.977775
1.00741
1.04552
1.03013
1.04359
1.03203
0.802431
0.822347
0.871068
0.853307
0.915235
0.954059
0.941762
0.900024
1.04359
1.04747
1.05328
1.05328
1.00741
1.04552
1.03203
1.013
0.986848
0.977775
1.03013
0.000131831
8.7641e-05
2.87487e-35
2.99605e-35
2.99605e-35
8.7641e-05
2.87487e-35
0.000131831
0.000358683
0.000266218
0.000549663
0.000701729
0.000701729
0.000549663
0.000358683
0.000266218
0.00198754
0.00161396
0.000974822
0.00121466
0.000974822
0.00121466
0.00161396
0.00198754
0.00495172
0.00406366
0.00316757
0.0025859
0.00760238
0.0114295
0.00951689
0.00627814
0.00316757
0.0025859
0.00406366
0.00495172
0.0167964
0.0240964
0.0204632
0.0141186
0.00760238
0.00627814
0.00951689
0.0114295
0.033747
0.0461667
0.0400243
0.0289586
0.0167964
0.0141186
0.0204632
0.0240964
0.0617587
0.0808934
0.0714945
0.0540736
0.033747
0.0289586
0.0400243
0.0461667
0.0808934
0.0617587
0.0540736
0.0714945
0.0926306
0.117763
0.130977
0.103884
0.103884
0.130977
0.0926306
0.117763
0.197996
0.147092
0.162327
0.180727
0.197996
0.147092
0.180727
0.162327
0.218671
0.260811
0.281955
0.237926
0.306919
0.356646
0.38103
0.32979
0.464993
0.491533
0.409529
0.43515
0.260811
0.218671
0.281955
0.237926
0.522364
0.608126
0.580884
0.549455
0.38103
0.356646
0.306919
0.32979
0.409529
0.491533
0.43515
0.464993
0.522364
0.608126
0.580884
0.549455
0.666686
0.639723
0.697999
0.724237
0.77986
0.754801
0.832635
0.809206
0.926108
0.860303
0.881669
0.907215
0.697999
0.724237
0.639723
0.666686
0.998149
0.985279
0.96517
0.949123
0.754801
0.809206
0.77986
0.832635
1.01503
1.02445
1.04359
1.03784
1.05912
1.05523
1.05328
1.06108
0.907215
0.860303
0.881669
0.926108
0.949123
0.96517
0.998149
0.985279
1.05328
1.04359
1.05523
1.06108
1.01503
1.03784
1.02445
3.09449e-37
4.37184e-05
4.37184e-05
3.09449e-37
0.000404751
0.000176337
0.000176337
0.000404751
0.00127711
0.00075456
0.00075456
0.00127711
0.00207005
0.00327568
0.00207005
0.00327568
0.00509984
0.0077988
0.0116904
0.0171325
0.00509984
0.0077988
0.0245233
0.034277
0.0171325
0.0116904
0.046813
0.0625345
0.034277
0.0245233
0.0818079
0.10495
0.046813
0.0625345
0.0818079
0.10495
0.1322
0.163718
0.1322
0.163718
0.199555
0.239663
0.239663
0.199555
0.283866
0.33188
0.383293
0.437589
0.552225
0.494138
0.33188
0.283866
0.669757
0.61105
0.437589
0.383293
0.494138
0.552225
0.669757
0.61105
0.727446
0.783196
0.885225
0.836088
0.968895
0.929757
0.727446
0.783196
1.02829
1.00194
0.885225
0.836088
1.05912
1.04747
1.06303
1.05912
0.929757
0.968895
1.00194
1.04747
1.02829
0.0926306
0.218671
0.180727
8.7641e-05
0.117763
0.147092
0.117763
0.147092
0.0926306
0.00161396
0.0025859
0.0714945
0.180727
0.00627814
0.0540736
0.0400243
0.218671
0.0289586
0.0204632
0.260811
0.0141186
0.00951689
0.306919
0.00406366
0.356646
0.409529
0.000974822
0.000549663
0.464993
0.000266218
0.522364
0.580884
8.7641e-05
0.260811
0.306919
0.639723
0.697999
0.409529
0.754801
0.000266218
0.809206
0.860303
0.000549663
0.907215
0.949123
0.000974822
0.985279
1.01503
0.00161396
0.860303
1.03784
0.907215
1.05328
0.0025859
1.06108
1.06108
0.00406366
1.05328
1.03784
0.00627814
1.01503
0.985279
0.00951689
0.949123
0.0141186
0.809206
0.0204632
0.754801
0.697999
0.0289586
0.639723
0.580884
0.0400243
0.522364
0.464993
0.0540736
0.356646
0.0714945
2.87487e-35
2.87487e-35
2.99605e-35
0.000131831
0.000131831
2.99605e-35
0.000701729
0.000358683
0.000358683
0.000701729
0.00121466
0.00198754
0.00121466
0.00198754
0.00495172
0.00316757
0.00316757
0.00495172
0.0114295
0.00760238
0.0240964
0.0167964
0.00760238
0.0114295
0.033747
0.0461667
0.0240964
0.0167964
0.0808934
0.0617587
0.033747
0.0461667
0.103884
0.130977
0.0617587
0.0808934
0.103884
0.130977
0.197996
0.162327
0.197996
0.162327
0.237926
0.281955
0.281955
0.237926
0.38103
0.32979
0.491533
0.43515
0.549455
0.608126
0.32979
0.38103
0.724237
0.666686
0.491533
0.43515
0.608126
0.549455
0.666686
0.724237
0.77986
0.832635
0.926108
0.881669
0.96517
0.998149
0.832635
0.77986
1.04359
1.02445
0.926108
0.881669
1.05912
1.05523
1.05523
1.04359
0.998149
0.96517
1.02445
0.177793
0.144494
0.144494
0.115488
0.177793
0.0906641
0.000862834
0.0698176
0.052665
0.21539
0.0388604
0.257179
0.028014
0.0197114
0.0135323
0.302933
0.00906896
0.352308
0.00594213
0.0038147
0.00240126
0.404842
0.00147386
0.459964
0.000453216
0.000176544
0.517005
0.575207
0.000176544
0.633742
0.21539
0.691734
0.74827
0.302933
0.000453216
0.802431
0.853307
0.459964
0.900024
0.000862834
0.941762
0.00147386
0.977775
1.00741
1.03013
0.74827
0.00240126
1.04552
0.0038147
0.900024
1.05328
1.05328
1.04552
0.00594213
1.03013
0.00906896
1.00741
0.977775
0.941762
0.0135323
0.0197114
0.853307
0.802431
0.028014
0.691734
0.0388604
0.633742
0.575207
0.517005
0.052665
0.0698176
0.404842
0.352308
0.0906641
0.257179
0.115488
8.68529e-35
8.68529e-35
5.95977e-35
0.000221729
0.000221729
5.95977e-35
0.00103295
0.000551498
0.000551498
0.00103295
0.00175583
0.00285517
0.00285517
0.00175583
0.00703268
0.0045304
0.0045304
0.00703268
0.0158161
0.010676
0.0228502
0.0321933
0.010676
0.0158161
0.0442664
0.0594759
0.0321933
0.0228502
0.0781922
0.100737
0.0594759
0.0442664
0.158213
0.127355
0.0781922
0.100737
0.158213
0.127355
0.193369
0.23278
0.23278
0.193369
0.323586
0.276278
0.276278
0.323586
0.427903
0.374297
0.541216
0.483779
0.59942
0.65754
0.427903
0.374297
0.714678
0.769919
0.483779
0.541216
0.65754
0.59942
0.714678
0.769919
0.822347
0.871068
0.915235
0.954059
0.986848
1.013
0.871068
0.822347
1.04359
1.03203
0.915235
0.954059
1.04747
1.04359
1.03203
0.986848
1.013
0.17203
0.111037
0.208941
0.0002677
0.0868242
0.0665513
0.0499295
0.250031
0.0366082
0.00335089
0.00531158
0.295081
0.0261943
0.0182705
0.0124156
0.343753
0.00822174
0.395593
0.00205897
0.450035
0.00121362
0.506416
0.000652327
0.563983
0.621915
0.0002677
0.679338
0.17203
0.735345
0.000652327
0.78902
0.839457
0.885784
0.343753
0.395593
0.00121362
0.927182
0.00205897
0.96291
0.992317
1.01486
0.00335089
0.679338
1.03013
0.00531158
0.78902
0.839457
1.03784
1.03784
1.03013
0.00822174
1.01486
0.0124156
0.992317
0.96291
0.927182
0.0182705
0.885784
0.0261943
0.735345
0.0366082
0.0499295
0.621915
0.563983
0.506416
0.0665513
0.450035
0.0868242
0.295081
0.111037
0.250031
0.1394
0.208941
0.1394
1.46087e-34
1.46087e-34
8.91154e-35
0.000314272
0.000314272
8.91154e-35
0.00075764
0.00140413
0.00075764
0.00140413
0.00238585
0.00388678
0.00388678
0.00238585
0.00950383
0.00615869
0.00615869
0.00950383
0.0142808
0.0208811
0.0297233
0.0412297
0.0142808
0.0208811
0.0558096
0.0738413
0.0412297
0.0297233
0.121488
0.0956478
0.0558096
0.0738413
0.185841
0.151527
0.0956478
0.121488
0.185841
0.151527
0.267012
0.224386
0.267012
0.224386
0.31344
0.363283
0.363283
0.31344
0.471072
0.416029
0.585132
0.5277
0.64252
0.698973
0.416029
0.471072
0.753581
0.805431
0.5277
0.585132
0.698973
0.64252
0.753581
0.805431
0.897344
0.853635
0.935782
0.968246
0.994147
1.013
0.853635
0.897344
1.02829
1.02445
0.968246
0.935782
1.02445
1.013
0.994147
0.239591
0.061866
0.0460258
0.283594
0.0334144
0.0236327
0.33122
0.0162604
0.010874
0.382026
0.00706656
0.00446283
0.435455
0.00273381
0.00160566
0.490852
0.000865627
0.000361793
0.547473
0.604505
0.000361793
0.0812918
0.1046
0.66108
0.716298
0.16365
0.769248
0.000865627
0.819028
0.864772
0.00160566
0.905665
0.940966
0.00273381
0.97003
0.992317
0.00446283
0.547473
1.00741
0.604505
1.01503
0.00706656
1.01503
1.00741
0.010874
0.819028
0.864772
0.992317
0.97003
0.0162604
0.940966
0.905665
0.0236327
0.0334144
0.769248
0.716298
0.0460258
0.66108
0.061866
0.490852
0.0812918
0.435455
0.382026
0.1046
0.33122
0.283594
0.13201
0.239591
0.19954
0.16365
0.13201
0.19954
2.07015e-34
2.07015e-34
1.18508e-34
0.000409961
0.000409961
1.18508e-34
0.00181694
0.000978407
0.000978407
0.00181694
0.00507604
0.00310458
0.00310458
0.00507604
0.0123243
0.00803323
0.00803323
0.0123243
0.0265072
0.0183435
0.0372419
0.050963
0.0265072
0.0183435
0.0888486
0.0680531
0.0372419
0.050963
0.142527
0.113612
0.0888486
0.0680531
0.213024
0.175671
0.142527
0.113612
0.175671
0.213024
0.29965
0.254435
0.254435
0.29965
0.39984
0.348282
0.348282
0.39984
0.509227
0.453719
0.621955
0.565584
0.677456
0.731182
0.453719
0.509227
0.82971
0.782229
0.565584
0.621955
0.731182
0.677456
0.82971
0.782229
0.872788
0.910681
0.9427
0.968246
0.986848
0.998149
0.910681
0.872788
0.998149
1.00194
0.9427
0.986848
0.968246
0.0411798
0.0294854
0.315059
0.0205163
0.364499
0.0138469
0.00905204
0.00572496
0.41659
0.0034947
0.470687
0.00203875
0.00109368
0.00045913
0.526058
0.581899
0.00045913
0.637351
0.056005
0.691525
0.743514
0.0964543
0.00109368
0.792426
0.837398
0.187504
0.877621
0.00203875
0.912358
0.0034947
0.940966
0.96291
0.977775
0.41659
0.00572496
0.985279
0.00905204
0.581899
0.985279
0.977775
0.96291
0.0138469
0.743514
0.940966
0.0205163
0.912358
0.877621
0.837398
0.0294854
0.792426
0.0411798
0.691525
0.637351
0.056005
0.0743275
0.526058
0.470687
0.0964543
0.364499
0.122617
0.315059
0.268811
0.226188
0.152955
0.187504
0.152955
0.122617
0.226188
0.0743275
0.268811
2.69966e-34
2.69966e-34
1.4777e-34
0.00050891
0.00050891
1.4777e-34
0.00226944
0.00121364
0.00121364
0.00226944
0.00640558
0.00390504
0.00640558
0.00390504
0.0101189
0.015432
0.0101189
0.015432
0.022765
0.0325469
0.045199
0.0611159
0.022765
0.0325469
0.104053
0.08064
0.0611159
0.045199
0.163218
0.131545
0.104053
0.08064
0.238935
0.199055
0.163218
0.131545
0.199055
0.238935
0.329703
0.282604
0.329703
0.282604
0.43215
0.379746
0.43215
0.379746
0.541218
0.486227
0.596292
0.650579
0.753203
0.703182
0.486227
0.541218
0.799766
0.842033
0.650579
0.596292
0.703182
0.753203
0.842033
0.799766
0.910681
0.879237
0.954059
0.935782
0.96517
0.968895
0.879237
0.910681
0.954059
0.96517
0.935782
0.343472
0.0170699
0.39391
0.0112263
0.00711523
0.00433169
0.446401
0.00250938
0.500226
0.00133563
0.00055963
0.554594
0.608659
0.00055963
0.661538
0.0356697
0.712339
0.00133563
0.760175
0.804191
0.843583
0.111586
0.140332
0.00250938
0.87762
0.00433169
0.905664
0.927182
0.941762
0.00711523
0.343472
0.949122
0.0112263
0.446401
0.500226
0.949122
0.941762
0.927182
0.0170699
0.661538
0.905664
0.0250741
0.87762
0.843583
0.804191
0.0356697
0.760175
0.0492716
0.712339
0.608659
0.0662568
0.554594
0.0869464
0.39391
0.111586
0.140332
0.295715
0.251166
0.210241
0.173237
0.173237
0.210241
0.0869464
0.251166
0.0662568
0.295715
0.0492716
0.0250741
3.35015e-34
3.35015e-34
1.76867e-34
0.000610842
0.000610842
1.76867e-34
0.00146183
0.00275664
0.00146183
0.00275664
0.00784919
0.00477462
0.00477462
0.00784919
0.0123683
0.0187493
0.0123683
0.0187493
0.0388319
0.0274272
0.0713907
0.053366
0.0274272
0.0388319
0.0931962
0.118998
0.053366
0.0713907
0.148908
0.182937
0.0931962
0.118998
0.220971
0.26279
0.182937
0.148908
0.220971
0.26279
0.356262
0.308039
0.356262
0.308039
0.459238
0.406882
0.406882
0.459238
0.566086
0.512576
0.670148
0.618904
0.71893
0.764379
0.512576
0.566086
0.842033
0.80567
0.670148
0.618904
0.71893
0.764379
0.842033
0.80567
0.897344
0.872788
0.926107
0.915235
0.929757
0.926107
0.872788
0.915235
0.897344
0.418568
0.00522973
0.00301117
0.470564
0.00158939
0.000662822
0.523188
0.575607
0.000662822
0.00860372
0.0135368
0.626954
0.676345
0.0298085
0.722904
0.00158939
0.765784
0.80419
0.00301117
0.837398
0.864772
0.00522973
0.885783
0.900024
0.00860372
0.231171
0.907215
0.273718
0.907215
0.0135368
0.900024
0.885783
0.020459
0.470564
0.523188
0.864772
0.837398
0.0298085
0.80419
0.765784
0.0420098
0.722904
0.676345
0.0574543
0.626954
0.575607
0.0764781
0.0993459
0.418568
0.367976
0.126232
0.319489
0.157211
0.192243
0.192243
0.157211
0.126232
0.231171
0.0993459
0.0764781
0.273718
0.0574543
0.0420098
0.319489
0.020459
0.367976
4.01981e-34
4.01981e-34
2.05721e-34
0.0007151
0.0007151
2.05721e-34
0.00327093
0.00172031
0.00172031
0.00327093
0.00569615
0.00937375
0.00937375
0.00569615
0.0221871
0.0147246
0.0147246
0.0221871
0.0321997
0.0451812
0.0615035
0.0814824
0.0321997
0.0451812
0.133235
0.105346
0.0814824
0.0615035
0.165176
0.201087
0.105346
0.133235
0.240758
0.283869
0.165176
0.201087
0.283869
0.240758
0.378528
0.329974
0.329974
0.378528
0.428877
0.480294
0.480294
0.428877
0.583087
0.531979
0.680081
0.632746
0.764379
0.724232
0.583087
0.531979
0.799766
0.82971
0.680081
0.632746
0.724232
0.764379
0.82971
0.799766
0.853635
0.871067
0.885224
0.881669
0.881669
0.871067
0.853635
0.00185174
0.000767873
0.488356
0.538885
0.000767873
0.58847
0.00353545
0.636239
0.681329
0.0101547
0.00185174
0.722904
0.760175
0.0345852
0.792426
0.00353545
0.819028
0.00616982
0.839457
0.853307
0.860302
0.139953
0.0101547
0.860302
0.0159234
0.249664
0.853307
0.839457
0.819028
0.0239211
0.387836
0.792426
0.0345852
0.760175
0.722904
0.681329
0.0483216
0.636239
0.0654865
0.58847
0.538885
0.488356
0.0863646
0.437734
0.111154
0.33942
0.293166
0.139953
0.172745
0.2094
0.172745
0.2094
0.111154
0.249664
0.0863646
0.0654865
0.0483216
0.293166
0.33942
0.0239211
0.0159234
0.387836
0.00616982
0.437734
4.70436e-34
4.70436e-34
2.34198e-34
0.000820682
0.000820682
2.34198e-34
0.00198541
0.00380267
0.00198541
0.00380267
0.0109413
0.00664904
0.0109413
0.00664904
0.0256494
0.0171249
0.0171249
0.0256494
0.0369456
0.0514092
0.0910898
0.0693704
0.0369456
0.0514092
0.146336
0.116724
0.0693704
0.0910898
0.179859
0.217122
0.116724
0.146336
0.257819
0.30154
0.179859
0.217122
0.257819
0.30154
0.395834
0.347752
0.395834
0.347752
0.494689
0.445072
0.494689
0.445072
0.543855
0.591715
0.68008
0.637407
0.753202
0.71893
0.591715
0.543855
0.782229
0.80543
0.68008
0.637407
0.71893
0.753202
0.80543
0.782229
0.832634
0.822347
0.832634
0.836088
0.822347
0.499247
0.546852
0.000873625
0.000873625
0.5928
0.636239
0.00211861
0.676344
0.712339
0.0117284
0.0183213
0.743514
0.00407174
0.769247
0.00713006
0.78902
0.80243
0.809205
0.095621
0.0117284
0.809205
0.152335
0.186469
0.0183213
0.80243
0.78902
0.769247
0.308927
0.0273588
0.743514
0.039266
0.712339
0.676344
0.499247
0.636239
0.0544196
0.5928
0.07313
0.546852
0.450837
0.095621
0.40246
0.122018
0.354911
0.265166
0.152335
0.224194
0.186469
0.122018
0.224194
0.265166
0.07313
0.0544196
0.039266
0.308927
0.0273588
0.354911
0.00713006
0.40246
0.00407174
0.450837
0.00211861
5.39726e-34
5.39726e-34
2.6211e-34
0.000926288
2.6211e-34
0.000926288
0.00434071
0.00225268
0.00225268
0.00434071
0.0125109
0.00761038
0.0125109
0.00761038
0.0195032
0.0290379
0.0195032
0.0290379
0.0573324
0.0415269
0.0999263
0.0767333
0.0415269
0.0573324
0.157907
0.126992
0.0999263
0.0767333
0.230563
0.192519
0.126992
0.157907
0.315274
0.271646
0.192519
0.230563
0.315274
0.271646
0.360841
0.407665
0.360841
0.407665
0.501995
0.454985
0.501995
0.454985
0.547854
0.591715
0.670148
0.632747
0.703182
0.731181
0.547854
0.591715
0.769918
0.753581
0.632747
0.670148
0.703182
0.731181
0.769918
0.753581
0.783194
0.77986
0.77986
0.000978648
0.546852
0.588469
0.626953
0.00238521
0.661538
0.691524
0.00460834
0.716297
0.735345
0.00808675
0.748269
0.7548
0.0437146
0.013283
0.0601242
0.7548
0.748269
0.0206638
0.735345
0.716297
0.163009
0.19797
0.0306734
0.691524
0.661538
0.0437146
0.626953
0.588469
0.0601242
0.546852
0.502913
0.0801578
0.457487
0.411411
0.103971
0.365501
0.320531
0.131613
0.277214
0.236182
0.163009
0.19797
0.131613
0.103971
0.236182
0.0801578
0.277214
0.0306734
0.320531
0.0206638
0.013283
0.365501
0.00808675
0.00460834
0.411411
0.00238521
0.000978648
0.457487
0.502913
6.09001e-34
6.09001e-34
2.89211e-34
0.00103037
0.00103037
2.89211e-34
0.00251707
0.00487291
0.00251707
0.00487291
0.00855594
0.0140402
0.0140402
0.00855594
0.032255
0.0217929
0.032255
0.0217929
0.0627764
0.0458099
0.107729
0.0833738
0.0458099
0.0627764
0.167605
0.135842
0.107729
0.0833738
0.202777
0.241009
0.167605
0.135842
0.281826
0.324662
0.202777
0.241009
0.281826
0.324662
0.368853
0.41367
0.368853
0.41367
0.501995
0.458323
0.501995
0.458323
0.583086
0.543855
0.618905
0.650578
0.698972
0.677456
0.543855
0.583086
0.714678
0.724235
0.618905
0.650578
0.677456
0.698972
0.714678
0.727446
0.724235
0.575606
0.0026463
0.608658
0.637351
0.661079
0.00513282
0.679337
0.0090154
0.691733
0.0147763
0.697999
0.697999
0.0147763
0.047801
0.691733
0.0228848
0.679337
0.661079
0.111168
0.637351
0.0337696
0.608658
0.047801
0.575606
0.538885
0.28545
0.499246
0.0652673
0.457487
0.0863619
0.414424
0.370876
0.327634
0.111168
0.139652
0.245007
0.206908
0.171658
0.171658
0.139652
0.206908
0.0863619
0.0652673
0.245007
0.28545
0.0337696
0.0228848
0.327634
0.0090154
0.370876
0.00513282
0.0026463
0.00108131
0.414424
0.457487
0.00108131
0.499246
0.538885
6.77254e-34
6.77254e-34
3.15209e-34
0.00113122
0.00113122
3.15209e-34
0.00538667
0.0027732
0.0027732
0.00538667
0.0154874
0.00946121
0.00946121
0.0154874
0.0239291
0.035208
0.0239291
0.035208
0.0496694
0.0675807
0.114266
0.0890955
0.0496694
0.0675807
0.175141
0.143011
0.114266
0.0890955
0.248149
0.210329
0.143011
0.175141
0.329427
0.288057
0.248149
0.210329
0.329427
0.288057
0.371551
0.41367
0.371551
0.41367
0.454985
0.494688
0.454985
0.494688
0.531979
0.566085
0.596292
0.621954
0.657538
0.64252
0.531979
0.566085
0.669755
0.666686
0.621954
0.596292
0.657538
0.64252
0.666686
0.0028964
0.554593
0.581898
0.604504
0.00563252
0.621914
0.00563252
0.00989166
0.633741
0.0161672
0.0249213
0.639722
0.639722
0.0161672
0.633741
0.0696975
0.0249213
0.621914
0.604504
0.581898
0.0365579
0.178025
0.213018
0.554593
0.0514058
0.523187
0.488355
0.450837
0.0696975
0.411411
0.0915591
0.370875
0.330025
0.28963
0.116998
0.250409
0.145899
0.145899
0.178025
0.116998
0.213018
0.0915591
0.0514058
0.250409
0.0365579
0.28963
0.00989166
0.330025
0.370875
0.0028964
0.00117982
0.411411
0.450837
0.00117982
0.488355
0.523187
7.43365e-34
7.43365e-34
3.39779e-34
0.00122702
0.00122702
3.39779e-34
0.0058694
0.00301555
0.00301555
0.0058694
0.0168125
0.0103022
0.0168125
0.0103022
0.0378116
0.0258511
0.0258511
0.0378116
0.0529929
0.0716044
0.0937296
0.119345
0.0529929
0.0716044
0.180291
0.148289
0.0937296
0.119345
0.214951
0.251773
0.148289
0.180291
0.290154
0.329427
0.251773
0.214951
0.329427
0.290154
0.368853
0.407665
0.407665
0.368853
0.445072
0.480293
0.480293
0.445072
0.512577
0.541217
0.565585
0.585131
0.599421
0.608124
0.512577
0.541217
0.608124
0.61105
0.585131
0.565585
0.599421
0.547472
0.00609505
0.563982
0.00127235
0.575205
0.0106922
0.580883
0.580883
0.017417
0.017417
0.0267154
0.575205
0.563982
0.0267154
0.547472
0.526057
0.0389577
0.500225
0.470563
0.0544239
0.437734
0.181921
0.402459
0.0732849
0.365501
0.327634
0.0955963
0.28963
0.252228
0.121288
0.216118
0.150169
0.150169
0.121288
0.181921
0.0955963
0.0732849
0.216118
0.0544239
0.0389577
0.252228
0.28963
0.0106922
0.00609505
0.327634
0.00312999
0.365501
0.402459
0.00127235
0.526057
0.437734
0.470563
0.500225
0.00312999
8.06145e-34
8.06145e-34
3.62572e-34
0.0013159
0.0013159
3.62572e-34
0.00323867
0.006309
0.00323867
0.006309
0.0179785
0.0110566
0.0110566
0.0179785
0.0399905
0.0275042
0.0275042
0.0399905
0.0747295
0.0556835
0.122816
0.0971402
0.0556835
0.0747295
0.151519
0.182905
0.122816
0.0971402
0.216507
0.251772
0.182905
0.151519
0.288057
0.324662
0.251772
0.216507
0.288057
0.324662
0.395833
0.360841
0.395833
0.360841
0.428877
0.459237
0.459237
0.428877
0.509225
0.486227
0.541215
0.5277
0.552223
0.549456
0.509225
0.486227
0.549456
0.5277
0.541215
0.00650872
0.517004
0.0113955
0.522363
0.522363
0.517004
0.00650872
0.018491
0.506414
0.0282161
0.49085
0.470686
0.4464
0.0567675
0.0408999
0.418567
0.0567675
0.387836
0.123914
0.35491
0.320531
0.183233
0.0759248
0.28545
0.0983552
0.250409
0.216118
0.123914
0.152335
0.152335
0.0983552
0.0759248
0.183233
0.216118
0.0408999
0.0282161
0.018491
0.250409
0.0113955
0.28545
0.00334172
0.00135706
0.320531
0.35491
0.00135706
0.506414
0.387836
0.418567
0.4464
0.00334172
0.470686
0.49085
8.64388e-34
8.64388e-34
3.83231e-34
0.00139608
0.00139608
3.83231e-34
0.00669427
0.00343739
0.00343739
0.00669427
0.018953
0.0117038
0.018953
0.0117038
0.041682
0.0288415
0.0288415
0.041682
0.0768649
0.057663
0.124577
0.0992272
0.057663
0.0768649
0.182905
0.152606
0.0992272
0.124577
0.248149
0.214951
0.182905
0.152606
0.315273
0.281826
0.214951
0.248149
0.281826
0.315273
0.347752
0.378526
0.347752
0.378526
0.406883
0.432148
0.406883
0.432148
0.453719
0.47107
0.483779
0.491531
0.494138
0.491531
0.47107
0.453719
0.483779
0.0119826
0.464991
0.464991
0.00143219
0.459963
0.0193591
0.450034
0.0293806
0.435454
0.0193591
0.0293806
0.416589
0.393909
0.0423284
0.367975
0.0583687
0.339419
0.308926
0.124798
0.277214
0.0775401
0.245007
0.0997551
0.213018
0.181921
0.152335
0.124798
0.152335
0.0997551
0.0775401
0.0583687
0.181921
0.0423284
0.213018
0.0119826
0.245007
0.00686293
0.277214
0.00352664
0.308926
0.339419
0.00143219
0.459963
0.367975
0.393909
0.00352664
0.416589
0.435454
0.450034
0.00686293
9.16914e-34
9.16914e-34
4.0141e-34
0.00146584
0.00146584
4.0141e-34
0.003607
0.00701531
0.003607
0.00701531
0.0197088
0.0122264
0.0197088
0.0122264
0.0428374
0.0298247
0.0298247
0.0428374
0.0588741
0.0779483
0.124577
0.0999298
0.0779483
0.0588741
0.151519
0.180291
0.0999298
0.124577
0.241008
0.210329
0.180291
0.151519
0.301539
0.271646
0.241008
0.210329
0.271646
0.301539
0.329975
0.35626
0.329975
0.35626
0.399838
0.379746
0.399838
0.379746
0.41603
0.427901
0.435151
0.437586
0.435151
0.41603
0.427901
0.404841
0.0199971
0.395591
0.382024
0.0301758
0.364498
0.343471
0.0432023
0.319488
0.0199971
0.293165
0.059181
0.265166
0.059181
0.236181
0.0780838
0.0780838
0.206908
0.178024
0.0997551
0.150168
0.123914
0.123914
0.0997551
0.150168
0.0432023
0.178024
0.0301758
0.206908
0.0124375
0.00714851
0.236181
0.00368032
0.00149613
0.265166
0.293165
0.00149613
0.409527
0.319488
0.409527
0.343471
0.364498
0.00368032
0.382024
0.395591
0.00714851
0.404841
0.0124375
9.62618e-34
9.62618e-34
4.16784e-34
0.00152368
0.00152368
4.16784e-34
0.00726376
0.00374342
0.00726376
0.00374342
0.0126102
0.0202247
0.0202247
0.0126102
0.0434235
0.0304261
0.0304261
0.0434235
0.0592817
0.0779483
0.0992273
0.122816
0.0779483
0.0592817
0.17514
0.148289
0.122816
0.0992273
0.202777
0.230562
0.17514
0.148289
0.283868
0.25782
0.230562
0.202777
0.25782
0.283868
0.30804
0.329701
0.329701
0.30804
0.348282
0.363281
0.363281
0.348282
0.374297
0.381027
0.383293
0.381027
0.374297
0.0203872
0.331219
0.0305791
0.315057
0.295714
0.273717
0.00735804
0.0434964
0.249663
0.0203872
0.059181
0.224193
0.19797
0.171658
0.07754
0.145899
0.0983551
0.121288
0.0983551
0.07754
0.121288
0.059181
0.145899
0.0434964
0.0305791
0.171658
0.0127479
0.19797
0.00379904
0.00154747
0.224193
0.249663
0.00154747
0.343752
0.273717
0.295714
0.315057
0.356645
0.00379904
0.331219
0.343752
0.352306
0.00735804
0.0127479
0.356645
0.352306
1.00051e-33
1.00051e-33
4.29069e-34
0.00156831
0.00156831
4.29069e-34
0.00743314
0.00384333
0.00384333
0.00743314
0.0204864
0.0128448
0.0128448
0.0204864
0.0434235
0.0306284
0.0306284
0.0434235
0.0768648
0.0588741
0.119345
0.0971403
0.0768648
0.0588741
0.167604
0.143011
0.119345
0.0971403
0.217121
0.192519
0.167604
0.143011
0.240758
0.262788
0.192519
0.217121
0.240758
0.262788
0.299648
0.282605
0.299648
0.282605
0.313441
0.323583
0.323583
0.313441
0.32979
0.331877
0.32979
0.0305792
0.26881
0.251165
0.23117
0.0432023
0.209399
0.00748603
0.0583687
0.186468
0.0205185
0.163009
0.139652
0.0759247
0.116997
0.0955961
0.0955961
0.0759247
0.0583687
0.116997
0.0432023
0.139652
0.0305792
0.0129053
0.163009
0.186468
0.00387989
0.00158506
0.209399
0.23117
0.00158506
0.283592
0.251165
0.26881
0.302932
0.306917
0.00387989
0.283592
0.295079
0.302932
0.00748603
0.306917
0.0129053
0.295079
0.0205185
1.02975e-33
1.02975e-33
4.38027e-34
0.00159872
0.00159872
4.38027e-34
0.00751903
0.00390426
0.00390426
0.00751903
0.0204864
0.0129237
0.0204864
0.0129237
0.0428374
0.0304261
0.0304261
0.0428374
0.057663
0.0747293
0.0937297
0.114266
0.057663
0.0747293
0.135842
0.157906
0.114266
0.0937297
0.17986
0.201085
0.157906
0.135842
0.238933
0.220972
0.201085
0.17986
0.220972
0.238933
0.26701
0.254436
0.254436
0.26701
0.281953
0.276278
0.276278
0.281953
0.283866
0.192242
0.0423285
0.172745
0.00160804
0.152334
0.0567675
0.131612
0.111168
0.0732848
0.0203873
0.0301759
0.0915588
0.0732848
0.0915588
0.0567675
0.0423285
0.111168
0.131612
0.0129053
0.00752913
0.152334
0.00392087
0.172745
0.192242
0.00160804
0.21024
0.21024
0.226187
0.226187
0.239589
0.00392087
0.250029
0.257178
0.00752913
0.260809
0.260809
0.0129053
0.257178
0.250029
0.0203873
0.239589
0.0301759
1.04967e-33
1.04967e-33
4.43482e-34
0.00161421
0.00161421
4.43482e-34
0.00392471
0.00751917
0.00392471
0.00751917
0.0202249
0.0128447
0.0128447
0.0202249
0.041682
0.0298247
0.0298247
0.041682
0.0556835
0.0716041
0.107728
0.0890956
0.0716041
0.0556835
0.146335
0.126992
0.107728
0.0890956
0.182935
0.165176
0.146335
0.126992
0.213022
0.199056
0.182935
0.165176
0.199056
0.213022
0.232778
0.224386
0.232778
0.224386
0.237927
0.237927
0.23966
0.0408999
0.122017
0.0544238
0.103971
0.0863616
0.0696973
0.0074862
0.0696973
0.0544238
0.0863616
0.0408999
0.0293807
0.0199973
0.103971
0.0127481
0.122017
0.00392097
0.00161589
0.139952
0.15721
0.00161589
0.139952
0.173236
0.187503
0.199538
0.187503
0.00392097
0.208939
0.215389
0.218669
0.0074862
0.218669
0.0127481
0.215389
0.208939
0.199538
0.0199973
0.0293807
0.173236
0.15721
1.05983e-33
1.05983e-33
4.45325e-34
0.00161443
0.00161443
4.45325e-34
0.00743354
0.00390418
0.00390418
0.00743354
0.0197091
0.0126102
0.0126102
0.0197091
0.0288415
0.0399906
0.0399906
0.0288415
0.052993
0.0675804
0.0833739
0.0999254
0.052993
0.0675804
0.116725
0.133234
0.0833739
0.0999254
0.163216
0.148908
0.116725
0.133234
0.175671
0.185839
0.163216
0.148908
0.175671
0.185839
0.197994
0.193369
0.197994
0.193369
0.199555
0.0514057
0.0801575
0.065267
0.00160843
0.0514057
0.065267
0.0389578
0.0801575
0.0282163
0.0193594
0.0124379
0.0956204
0.00735838
0.111154
0.00388019
0.126232
0.140331
0.00160843
0.0956204
0.152954
0.163648
0.126232
0.140331
0.00388019
0.172029
0.177791
0.180726
0.172029
0.00735838
0.180726
0.0124379
0.177791
0.163648
0.0193594
0.152954
0.0282163
0.111154
0.0389578
1.05999e-33
1.05999e-33
4.43519e-34
0.00159936
0.00159936
4.43519e-34
0.00726441
0.00384318
0.00384318
0.00726441
0.0122264
0.0189535
0.0189535
0.0122264
0.0275043
0.0378117
0.0275043
0.0378117
0.0496695
0.062776
0.0910889
0.0767335
0.062776
0.0496695
0.105346
0.118997
0.0910889
0.0767335
0.131545
0.142525
0.105346
0.118997
0.151528
0.158211
0.131545
0.142525
0.151528
0.158211
0.163715
0.162327
0.162327
0.036558
0.060124
0.0267157
0.0184913
0.0731295
0.0119831
0.00714901
0.0863639
0.00379954
0.00158581
0.0993452
0.111585
0.00158581
0.0478009
0.122616
0.060124
0.132009
0.139398
0.00379954
0.144493
0.147091
0.111585
0.122616
0.00714901
0.147091
0.144493
0.0119831
0.139398
0.132009
0.0184913
0.0267157
0.0993452
0.0863639
0.036558
0.0731295
0.0478009
1.05015e-33
1.05015e-33
4.38099e-34
0.00156936
0.00156936
4.38099e-34
0.0037432
0.00701619
0.0037432
0.00701619
0.0179791
0.0117037
0.0179791
0.0117037
0.0258511
0.0352081
0.0258511
0.0352081
0.04581
0.057332
0.0814814
0.0693706
0.057332
0.04581
0.104052
0.0931964
0.0814814
0.0693706
0.121486
0.113612
0.104052
0.0931964
0.130975
0.127356
0.113612
0.121486
0.130975
0.127356
0.1322
0.0544194
0.0113961
0.065486
0.00686357
0.003681
0.00154857
0.0764775
0.0869456
0.00154857
0.0174175
0.0964533
0.104599
0.111036
0.0437145
0.003681
0.115487
0.117761
0.117761
0.0764775
0.00686357
0.115487
0.0113961
0.111036
0.104599
0.0964533
0.0174175
0.0869456
0.0249216
0.065486
0.0544194
0.0337697
0.0437145
0.0337697
0.0249216
1.03052e-33
1.03052e-33
4.29173e-34
0.0015251
0.0015251
4.29173e-34
0.00669536
0.00360672
0.00360672
0.00669536
0.0110565
0.0168131
0.0168131
0.0110565
0.0239291
0.0322551
0.0322551
0.0239291
0.0514087
0.041527
0.0615037
0.0713897
0.0514087
0.041527
0.0888472
0.0806403
0.0713897
0.0615037
0.0956481
0.100735
0.0888472
0.0806403
0.104948
0.103884
0.100735
0.0956481
0.103884
0.0574538
0.00352747
0.00149755
0.0662561
0.0743267
0.00149755
0.00650948
0.0812909
0.0868232
0.0161677
0.0228851
0.00352747
0.090663
0.0926295
0.0926295
0.0483213
0.00650948
0.090663
0.0106929
0.0868232
0.0812909
0.0743267
0.0161677
0.0662561
0.0228851
0.0574538
0.0392659
0.0306735
0.0306735
0.0392659
0.0106929
0.0483213
1.00156e-33
1.00156e-33
4.16916e-34
0.00146759
0.00146759
4.16916e-34
0.00343705
0.00631026
0.00343705
0.00631026
0.0154881
0.0103022
0.0154881
0.0103022
0.029038
0.0217929
0.029038
0.0217929
0.0451807
0.0369457
0.0533662
0.0611149
0.0451807
0.0369457
0.0680534
0.0738399
0.0533662
0.0611149
0.0781925
0.0808918
0.0738399
0.0680534
0.0818082
0.0808918
0.0781925
0.0560044
0.00143388
0.0618653
0.00143388
0.0665505
0.0698167
0.00334269
0.0714936
0.0714936
0.0147769
0.0206641
0.00609591
0.0698167
0.0345851
0.0665505
0.00989238
0.0618653
0.0560044
0.0147769
0.0492711
0.0420095
0.0206641
0.0273589
0.0273589
0.0345851
0.00989238
0.00609591
0.0420095
0.00334269
0.0492711
9.63916e-34
9.63916e-34
4.01563e-34
0.0013981
4.01563e-34
0.0013981
0.00587079
0.00323829
0.00323829
0.00587079
0.00946113
0.014041
0.00946113
0.014041
0.0256495
0.0195033
0.0195033
0.0256495
0.0321998
0.0388314
0.0451991
0.050962
0.0388314
0.0321998
0.0558098
0.0594746
0.050962
0.0451991
0.0625331
0.061759
0.0594746
0.0558098
0.061759
0.00135897
0.0460252
0.0499288
0.0526642
0.00313105
0.0540728
0.00563345
0.0540728
0.0526642
0.00563345
0.0499288
0.00901616
0.0460252
0.0411794
0.0356694
0.0132836
0.0298084
0.0183216
0.0239212
0.0183216
0.0132836
0.0239212
0.00901616
0.0298084
0.00313105
0.00135897
0.0356694
0.0411794
9.18419e-34
9.18419e-34
3.83398e-34
0.00131814
0.00131814
3.83398e-34
0.00538815
0.00301514
0.00301514
0.00538815
0.0125117
0.00855586
0.00855586
0.0125117
0.0221872
0.0171249
0.0221872
0.0171249
0.0325464
0.0274273
0.0412289
0.0372421
0.0274273
0.0325464
0.0442666
0.0461656
0.0412289
0.0372421
0.0468133
0.0442666
0.0461656
0.0388598
0.00289754
0.0400237
0.00127442
0.0400237
0.0388598
0.00513379
0.0366077
0.00808754
0.0117289
0.0159238
0.033414
0.0294851
0.025074
0.0117289
0.0204591
0.0159238
0.00808754
0.0204591
0.00513379
0.025074
0.00289754
0.0294851
0.033414
0.00127442
0.0366077
8.66056e-34
8.66056e-34
3.62743e-34
0.0012294
0.0012294
3.62743e-34
0.00487445
0.00277277
0.00277277
0.00487445
0.0076103
0.0109421
0.0076103
0.0109421
0.0147246
0.0187495
0.0187495
0.0147246
0.0265068
0.022765
0.0297235
0.0321925
0.022765
0.0265068
0.0337471
0.0342761
0.0321925
0.0297235
0.0337471
0.00264747
0.0289581
0.0280136
0.00460933
0.0261939
0.0236324
0.00713085
0.0205163
0.01707
0.0101552
0.0135371
0.0101552
0.0135371
0.00713085
0.00460933
0.01707
0.00264747
0.00118199
0.0205163
0.0236324
0.00118199
0.0261939
0.0280136
0.0289581
8.07927e-34
8.07927e-34
3.39945e-34
0.00113368
0.00113368
3.39945e-34
0.00434224
0.00251663
0.00251663
0.00434224
0.00664896
0.00937454
0.00664896
0.00937454
0.0123683
0.0154322
0.0123683
0.0154322
0.0183436
0.0208808
0.0240958
0.0228503
0.0208808
0.0183436
0.0240958
0.0245234
0.0228503
0.0197112
0.0182703
0.00407272
0.0162603
0.00617059
0.013847
0.00407272
0.0112266
0.00860424
0.00860424
0.00617059
0.0112266
0.00238638
0.00108351
0.013847
0.0162603
0.00108351
0.0182703
0.0204629
0.0197112
0.0204629
0.00238638
7.45208e-34
7.45208e-34
0.00103283
3.15358e-34
0.00103283
3.15358e-34
0.00380415
0.00225224
0.00225224
0.00380415
0.00784993
0.00569607
0.00784993
0.00569607
0.0101189
0.0123244
0.0101189
0.0123244
0.0158159
0.0142809
0.0171321
0.0167965
0.0142809
0.0167965
0.0158159
0.00353638
0.0108741
0.00523045
0.00905232
0.00711571
0.00523045
0.00711571
0.00353638
0.00905232
0.00211974
0.000980816
0.0108741
0.0124155
0.000980816
0.0135322
0.0135322
0.0141185
0.00211974
0.0141185
0.0124155
6.79104e-34
6.79104e-34
2.89329e-34
0.00092866
0.00092866
2.89329e-34
0.00327231
0.001985
0.001985
0.00327231
0.00640626
0.00477455
0.00477455
0.00640626
0.00803323
0.00950398
0.00950398
0.00803323
0.0106761
0.0114293
0.0116904
0.0114293
0.0106761
0.00433234
0.00433234
0.00301203
0.00572539
0.0018528
0.000875689
0.00706682
0.00822186
0.000875689
0.00572539
0.00706682
0.00906899
0.00951687
0.00951687
0.0018528
0.00906899
0.00822186
0.00301203
6.10803e-34
6.10803e-34
2.62185e-34
0.000822903
0.000822903
2.62185e-34
0.00275789
0.00171993
0.00275789
0.00171993
0.00507664
0.00390498
0.00507664
0.00390498
0.00703285
0.00615869
0.00615869
0.00703285
0.00760241
0.00779883
0.00760241
0.00159035
0.000769772
0.00446321
0.00531183
0.000769772
0.00594227
0.00251014
0.00627823
0.00627823
0.00446321
0.00159035
0.00594227
0.00531183
0.00251014
0.00349528
0.00349528
5.4143e-34
5.4143e-34
2.34217e-34
0.000717103
0.000717103
2.34217e-34
0.00146149
0.00227053
0.00146149
0.00227053
0.00388731
0.00310452
0.00388731
0.00310452
0.00495194
0.0045304
0.0045304
0.00509985
0.00495194
0.00335122
0.00381493
0.000664501
0.000664501
0.00406384
0.00406384
0.00133647
0.00381493
0.00335122
0.0027343
0.0020394
0.0020394
0.0027343
0.00133647
4.71996e-34
4.71996e-34
2.05671e-34
0.000612572
2.05671e-34
0.000612572
0.00121336
0.00181784
0.00121336
0.00181784
0.00285562
0.00238581
0.00285562
0.00238581
0.00327597
0.00316757
0.00316757
0.000561045
0.00258613
0.00258613
0.00240154
0.00109437
0.00205937
0.00160618
0.00160618
0.00109437
0.000561045
0.00205937
0.00240154
4.03358e-34
4.03358e-34
1.76739e-34
0.000510327
0.000510327
1.76739e-34
0.00140484
0.000978189
0.000978189
0.00140484
0.0017558
0.00198793
0.0017558
0.00198793
0.00207005
0.00147418
0.000866161
0.00121403
0.000866161
0.000460254
0.00121403
0.00147418
0.000460254
0.00161422
0.00161422
3.36182e-34
3.36182e-34
1.47557e-34
0.000411042
0.000411042
1.47557e-34
0.00103347
0.000757489
0.000757489
0.00103347
0.00121465
0.00121465
0.00127746
0.000652711
0.000652711
0.000362617
0.000863129
0.00097507
0.000362617
0.00097507
0.000863129
2.70906e-34
2.70906e-34
1.18209e-34
0.00031502
1.18209e-34
0.00031502
0.000551414
0.000702084
0.000551414
0.000702084
0.000754562
0.00054987
0.000268239
0.00054987
0.000453467
0.000268239
0.000453467
2.0773e-34
2.0773e-34
0.000222174
8.87362e-35
0.000222174
8.87362e-35
0.00035866
0.00035866
0.000404986
0.000176841
0.000266367
0.000176841
0.000266367
1.46596e-34
1.46596e-34
5.91553e-35
0.000132037
0.000132037
5.91553e-35
0.000176346
8.77671e-05
8.77671e-05
8.71958e-35
8.71958e-35
2.94855e-35
2.94855e-35
4.37906e-05
5.00336e-38
2.89936e-35
2.89936e-35
