6.89544e-38
3.36192e-35
3.36192e-35
3.43014e-35
1.01009e-34
5.08425e-05
0.000101885
3.43014e-35
1.01009e-34
0.000101885
6.89253e-35
0.000205148
1.69634e-34
0.000153211
0.00020472
0.000308768
0.000308768
0.000153211
0.000205148
1.69634e-34
6.89253e-35
1.03517e-34
0.000310821
2.40057e-34
0.00025753
0.000524308
0.000634819
0.000415436
0.000468601
1.03517e-34
0.000310821
0.000415436
0.000634819
0.000524308
0.00025753
2.40057e-34
1.38057e-34
0.000364655
0.000419569
3.12587e-34
0.000636604
0.000752187
0.000990891
0.000808341
0.00111699
0.000868432
0.00111699
0.000808341
0.000364655
3.12587e-34
0.000419569
1.38057e-34
0.000752187
0.000636604
0.000990891
1.72517e-34
3.87268e-34
0.000475059
0.000531662
0.000871148
0.000994479
0.00138491
0.00118268
0.000531662
3.87268e-34
0.000475059
1.72517e-34
0.00182772
0.00145499
0.00167349
0.0013858
0.0013858
0.00138491
0.00167349
0.000871148
0.00182772
0.00118268
0.000994479
2.06839e-34
0.000646957
4.63869e-34
0.000588806
0.00112039
0.00125169
0.00182048
0.00159734
0.00223731
0.00198449
0.00231653
0.00268723
4.63869e-34
0.000646957
0.000588806
2.06839e-34
0.00112039
0.00182048
0.00125169
0.00159734
0.00232763
0.00288611
0.00223731
0.00288611
0.00231653
0.00268723
0.00198449
2.40909e-34
0.000764897
5.41896e-34
0.000705544
0.00138415
0.00152285
0.00229729
0.00205389
0.00370967
0.00317748
0.00267231
0.00304968
0.00351214
0.00420219
0.00446548
0.00362646
2.40909e-34
0.000764897
5.41896e-34
0.000705544
0.00138415
0.00152285
0.00229729
0.00205389
0.00420219
0.00370967
0.00304968
0.00446548
0.00267231
0.00351214
0.00317748
2.74553e-34
0.000884537
6.20613e-34
0.000824515
0.00166081
0.00180569
0.00281162
0.00255024
0.00386906
0.00489482
0.00428219
0.003449
0.00496255
0.00578706
0.00644655
0.0054046
0.000824515
2.74553e-34
0.000884537
6.20613e-34
0.00556132
0.0067971
0.0067971
0.0054046
0.00180569
0.00281162
0.00166081
0.00255024
0.00428219
0.00578706
0.00644655
0.00386906
0.003449
0.00496255
0.00489482
3.07532e-34
0.00100458
6.99073e-34
0.000944593
0.00308112
0.00194754
0.00209678
0.00335678
0.00476437
0.00623024
0.00554482
0.00430737
0.00667884
0.00763042
0.00882954
0.0075886
0.00818181
0.00970626
0.0101689
0.00838388
6.99073e-34
0.000944593
3.07532e-34
0.00100458
0.00335678
0.00209678
0.00308112
0.00194754
0.0101689
0.00970626
0.00818181
0.0075886
0.00554482
0.00430737
0.00476437
0.00623024
0.00763042
0.00882954
0.00667884
3.39544e-34
0.00112345
7.7616e-34
0.00106433
0.00224045
0.00392372
0.0036386
0.00239175
0.00106433
0.00112345
7.7616e-34
3.39544e-34
0.00572011
0.00769336
0.0069476
0.00523443
0.00864142
0.0115855
0.0101634
0.00970419
0.0121483
0.013172
0.0143187
0.0113743
0.0149201
0.0124188
0.0121483
0.0149201
0.00239175
0.00392372
0.0036386
0.00224045
0.00769336
0.00572011
0.0069476
0.00523443
0.0143187
0.013172
0.00970419
0.0113743
0.0115855
0.00864142
0.0101634
3.70239e-34
0.00123933
8.50639e-34
0.00118201
0.00253481
0.00268549
0.00450153
0.0042126
0.00118201
0.00123933
8.50639e-34
3.70239e-34
0.00671671
0.00925365
0.0084637
0.00621254
0.00268549
0.0042126
0.00450153
0.00253481
0.0108147
0.0119659
0.0130874
0.0146616
0.0166697
0.017136
0.0191919
0.0150981
0.0214308
0.0180164
0.0206636
0.0176752
0.0176752
0.0214308
0.0206636
0.0166697
0.00621254
0.00925365
0.00671671
0.0084637
0.0191919
0.0130874
0.0146616
0.0119659
0.0108147
0.0150981
0.017136
3.99225e-34
0.00129574
0.00135027
9.21202e-34
0.00282527
0.00297243
0.00507798
0.00479148
0.00773162
0.0108745
0.0100593
0.00722053
0.00129574
0.00135027
9.21202e-34
3.99225e-34
0.00507798
0.00297243
0.00479148
0.00282527
0.0131503
0.0143623
0.0179865
0.016298
0.00773162
0.0100593
0.00722053
0.0108745
0.0192794
0.0215103
0.0246888
0.0218697
0.0238802
0.0251471
0.0272977
0.029149
0.0301095
0.0251471
0.0255848
0.0301095
0.0238802
0.0272977
0.029149
0.0218697
0.0143623
0.0215103
0.016298
0.0131503
0.0246888
0.0192794
0.0179865
4.2609e-34
9.86521e-34
0.00140353
0.00145424
0.00310609
0.00324669
0.00564009
0.00536257
0.00874043
0.0125155
0.0116957
0.00823482
0.00140353
0.00145424
9.86521e-34
4.2609e-34
0.0155906
0.016832
0.0214751
0.0197162
0.00564009
0.00324669
0.00536257
0.00310609
0.0116957
0.0125155
0.00874043
0.00823482
0.0261843
0.0238179
0.0306748
0.02763
0.016832
0.0155906
0.0197162
0.0214751
0.0334116
0.0309041
0.0379106
0.0346682
0.0349927
0.0401955
0.0355275
0.0413758
0.0413758
0.0334116
0.0349927
0.0401955
0.0309041
0.02763
0.0238179
0.0346682
0.0261843
0.0306748
0.0379106
4.50413e-34
0.00154923
1.04531e-33
0.00150333
0.00337139
0.00350238
0.00617466
0.0059127
0.0097179
0.0141337
0.00923048
0.0133309
0.0180718
0.0193093
0.025033
0.0232518
0.00150333
0.00154923
1.04531e-33
4.50413e-34
0.00350238
0.00617466
0.0059127
0.00337139
0.0369894
0.0310316
0.0285945
0.0338018
0.0141337
0.0097179
0.0133309
0.00923048
0.0232518
0.0180718
0.0193093
0.025033
0.0474941
0.042615
0.0385719
0.0425817
0.0285945
0.0369894
0.0310316
0.0338018
0.0476182
0.0456963
0.0542176
0.0514483
0.0556434
0.0482767
0.0476182
0.0556434
0.042615
0.0474941
0.0425817
0.0456963
0.0542176
0.0514483
0.0385719
4.71789e-34
0.0016333
1.09634e-33
0.00159317
0.00361537
0.00373382
0.00666874
0.00642874
0.0106389
0.0101822
0.015686
0.0149217
0.0205266
0.0217261
0.0285613
0.0268076
4.71789e-34
1.09634e-33
0.00159317
0.0016333
0.040215
0.033477
0.0359161
0.0434551
0.00361537
0.00373382
0.00666874
0.00642874
0.015686
0.0106389
0.0149217
0.0101822
0.0508174
0.0576358
0.0525127
0.0466748
0.0268076
0.0285613
0.0205266
0.0217261
0.033477
0.0359161
0.040215
0.0434551
0.063566
0.0683037
0.0574221
0.0611281
0.0576358
0.0508174
0.0466748
0.0525127
0.0642214
0.063441
0.0733
0.0716054
0.063566
0.0733
0.0683037
0.0716054
0.0611281
0.063441
0.0574221
4.89838e-34
0.0017047
1.13855e-33
0.00167119
0.00383249
0.0039357
0.00711011
0.00689804
0.0110654
0.0114794
0.0171303
0.0164253
0.0228873
0.0240154
0.0319601
0.0302837
0.00167119
0.0017047
1.13855e-33
4.89838e-34
0.0466869
0.038327
0.0406982
0.049886
0.00383249
0.00689804
0.00711011
0.0039357
0.0680444
0.0628256
0.0591378
0.0549825
0.0114794
0.0171303
0.0164253
0.0110654
0.0302837
0.0319601
0.0240154
0.0228873
0.0762039
0.0832402
0.0756918
0.0698445
0.049886
0.038327
0.0406982
0.0466869
0.0680444
0.0591378
0.0549825
0.0628256
0.0828157
0.0800916
0.0888274
0.0927042
0.0756918
0.0698445
0.0832402
0.0762039
0.0946892
0.0837439
0.0828157
0.0800916
0.0927042
0.0888274
0.0946892
5.04228e-34
0.00176189
1.17101e-33
0.00173572
0.00401775
0.00410329
0.00748767
0.00730889
0.00173572
0.00176189
1.17101e-33
5.04228e-34
0.0118569
0.0122172
0.0184271
0.0178007
0.0250878
0.026113
0.0351327
0.0335814
0.0560947
0.0530301
0.0430051
0.0452398
0.00730889
0.00401775
0.00748767
0.00410329
0.0672996
0.0732537
0.0784147
0.0632533
0.0118569
0.0184271
0.0178007
0.0122172
0.0908923
0.0889919
0.0985922
0.0826041
0.0351327
0.026113
0.0335814
0.0250878
0.0560947
0.0452398
0.0430051
0.0530301
0.102892
0.106814
0.113307
0.0977603
0.0784147
0.0672996
0.0632533
0.0732537
0.0985922
0.0908923
0.0826041
0.0889919
0.106072
0.107143
0.120091
0.117797
0.102892
0.0977603
0.106814
0.113307
0.120091
0.106072
0.117797
5.14686e-34
0.00180361
1.193e-33
0.00178537
0.00416675
0.00423261
0.00779185
0.00765091
0.0125355
0.0128326
0.0195408
0.0190102
0.00178537
0.00180361
1.193e-33
5.14686e-34
0.00765091
0.00779185
0.00416675
0.00423261
0.0270665
0.0279598
0.0379882
0.0366064
0.0494094
0.0618999
0.0590594
0.0473759
0.0750622
0.0834897
0.0884398
0.0712442
0.0125355
0.0190102
0.0195408
0.0128326
0.101551
0.113904
0.106282
0.0953243
0.0270665
0.0366064
0.0279598
0.0379882
0.125032
0.134504
0.11593
0.123871
0.0590594
0.0618999
0.0494094
0.0473759
0.0750622
0.0834897
0.0712442
0.0884398
0.133439
0.141954
0.147088
0.129792
0.106282
0.101551
0.113904
0.0953243
0.11593
0.134504
0.123871
0.125032
0.134676
0.129792
0.149707
0.149707
0.133439
0.141954
0.147088
5.21008e-34
0.00182892
1.20405e-33
0.00181902
0.00427596
0.00432056
0.00801486
0.00791538
0.0130832
0.0133093
0.0204405
0.0200205
0.0287675
0.0392722
0.0295039
0.0404448
0.00181902
0.00182892
1.20405e-33
5.21008e-34
0.00432056
0.00791538
0.00801486
0.00427596
0.0200205
0.0204405
0.0133093
0.0130832
0.0530861
0.0671314
0.0645981
0.0513127
0.0932298
0.0978223
0.0787197
0.0821967
0.128719
0.121402
0.113506
0.107626
0.0392722
0.0287675
0.0404448
0.0295039
0.13406
0.142938
0.155662
0.145128
0.0513127
0.0530861
0.0645981
0.0671314
0.154204
0.174883
0.160937
0.166439
0.0978223
0.0821967
0.0932298
0.0787197
0.128719
0.113506
0.121402
0.107626
0.183644
0.165087
0.180688
0.166483
0.13406
0.142938
0.145128
0.155662
0.160937
0.154204
0.183644
0.180688
0.166439
0.165087
0.174883
5.23071e-34
0.00183727
1.20389e-33
0.00183593
0.00434272
0.00436501
0.00815097
0.00809552
0.0134854
0.0136343
0.0211016
0.0208036
0.00183593
0.00183727
1.20389e-33
5.23071e-34
0.030143
0.0424323
0.0415023
0.0307016
0.0561635
0.0716365
0.0694845
0.0547015
0.00809552
0.00815097
0.00436501
0.00434272
0.0208036
0.0211016
0.0136343
0.0134854
0.030143
0.0307016
0.0415023
0.0424323
0.102185
0.0854592
0.106284
0.088493
0.142592
0.1358
0.124501
0.119144
0.151605
0.159992
0.176142
0.166026
0.0694845
0.0547015
0.0561635
0.0716365
0.190516
0.188818
0.202638
0.178577
0.0854592
0.102185
0.106284
0.088493
0.201059
0.212106
0.2186
0.196405
0.1358
0.142592
0.124501
0.119144
0.176142
0.159992
0.166026
0.151605
0.221903
0.202635
0.201059
0.221903
0.190516
0.178577
0.2186
0.202638
0.188818
0.196405
0.212106
5.20833e-34
0.00182847
1.19253e-33
0.00183573
0.00436542
0.00436489
0.00819667
0.00818669
0.0137312
0.013799
0.0215056
0.021338
0.0311541
0.0315194
0.0438938
0.0432331
0.00183573
0.00182847
1.19253e-33
5.20833e-34
0.00436489
0.00818669
0.00819667
0.00436542
0.0585526
0.0752838
0.0735757
0.0574442
0.0937662
0.113574
0.110091
0.0912647
0.013799
0.0137312
0.021338
0.0215056
0.0432331
0.0311541
0.0438938
0.0315194
0.0585526
0.0574442
0.0752838
0.0735757
0.149045
0.155109
0.134209
0.129533
0.168039
0.175683
0.195329
0.185934
0.213458
0.202175
0.229516
0.216239
0.0912647
0.110091
0.0937662
0.113574
0.25352
0.243011
0.23613
0.227684
0.129533
0.134209
0.155109
0.149045
0.241317
0.260715
0.26437
0.243059
0.195329
0.185934
0.168039
0.175683
0.202175
0.213458
0.216239
0.229516
0.241317
0.23613
0.26437
0.260715
0.227684
0.243011
0.25352
5.14342e-34
0.00180271
1.17024e-33
0.0018184
0.0043435
0.0043202
0.00815079
0.00818655
0.021609
0.0138141
0.0137989
0.0216415
0.0018184
0.00180271
1.17024e-33
5.14342e-34
0.0317724
0.0319341
0.0447878
0.0444152
0.0601846
0.0779673
0.0767527
0.0594617
0.0043202
0.00818655
0.00815079
0.0043435
0.021609
0.0216415
0.0138141
0.0137989
0.0978619
0.119479
0.116713
0.0959657
0.142342
0.160741
0.138486
0.165897
0.0444152
0.0447878
0.0319341
0.0317724
0.0767527
0.0594617
0.0601846
0.0779673
0.119479
0.0978619
0.0959657
0.116713
0.182869
0.204255
0.212646
0.189543
0.224286
0.234572
0.254704
0.24237
0.270634
0.287344
0.257979
0.272466
0.138486
0.160741
0.165897
0.142342
0.279965
0.285673
0.298904
0.306806
0.182869
0.212646
0.204255
0.189543
0.310816
0.310816
0.287601
0.285673
0.234572
0.254704
0.224286
0.24237
0.306806
0.298904
0.272466
0.257979
0.287344
0.279965
0.270634
5.03727e-34
0.00176058
1.1375e-33
0.00178436
0.0042775
0.00423202
0.00801451
0.00809509
0.0215055
0.0216089
0.0137317
0.0136341
0.0319805
0.031934
0.0450886
0.0450147
0.00178436
0.00176058
1.1375e-33
5.03727e-34
0.00423202
0.00809509
0.00801451
0.0042775
0.0610125
0.0796091
0.0789234
0.0606958
0.10066
0.123825
0.121857
0.099425
0.0216089
0.0215055
0.0136341
0.0137317
0.0450147
0.0319805
0.0450886
0.031934
0.148661
0.174637
0.145739
0.170542
0.195653
0.220438
0.227574
0.201157
0.0610125
0.0606958
0.0796091
0.0789234
0.099425
0.121857
0.123825
0.10066
0.145739
0.170542
0.174637
0.148661
0.244243
0.266423
0.253225
0.277441
0.286371
0.319048
0.299581
0.303523
0.33531
0.317404
0.347919
0.327607
0.195653
0.220438
0.201157
0.227574
0.36089
0.333855
0.335952
0.356525
0.244243
0.253225
0.277441
0.266423
0.333855
0.36089
0.356525
0.327607
0.303523
0.299581
0.286371
0.319048
0.33531
0.317404
0.347919
4.89196e-34
0.00170302
1.09505e-33
0.00173435
0.00416902
0.00410249
0.00779133
0.00791467
0.0133089
0.0211014
0.0213378
0.0134864
0.00173435
0.00170302
1.09505e-33
4.89196e-34
0.0317726
0.0315193
0.0447878
0.0450147
0.0610125
0.0801617
0.0611111
0.0800246
0.00410249
0.00791467
0.00779133
0.00416902
0.0213378
0.0211014
0.0134864
0.0133089
0.10208
0.126484
0.125372
0.101542
0.178157
0.15298
0.181071
0.151077
0.0315193
0.0317726
0.0447878
0.0450147
0.0611111
0.0800246
0.0801617
0.0610125
0.20601
0.210181
0.234001
0.23967
0.26145
0.268859
0.297046
0.287674
0.10208
0.126484
0.101542
0.125372
0.181071
0.15298
0.151077
0.178157
0.23967
0.20601
0.234001
0.210181
0.312004
0.333801
0.323539
0.347672
0.386459
0.368828
0.367586
0.352498
0.385437
0.400106
0.409409
0.378671
0.26145
0.297046
0.268859
0.287674
0.385437
0.414123
0.38772
0.414123
0.347672
0.333801
0.312004
0.323539
0.378671
0.386459
0.368828
0.400106
0.409409
0.352498
0.367586
4.7103e-34
0.0016313
1.0438e-33
0.0016695
0.00402066
0.00764994
0.00393471
0.00748701
0.0128322
0.0204403
0.0208033
0.0130847
0.0016695
0.0016313
1.0438e-33
4.7103e-34
0.0311545
0.0307015
0.0438938
0.0444151
0.00393471
0.00764994
0.00748701
0.00402066
0.0601846
0.0606957
0.0796091
0.0800247
0.10208
0.127379
0.127156
0.102254
0.0130847
0.0208033
0.0204403
0.0128322
0.0307015
0.0444151
0.0311545
0.0438938
0.183361
0.155171
0.185008
0.154343
0.21635
0.213634
0.248575
0.244541
0.0606957
0.0796091
0.0800247
0.0601846
0.127156
0.127379
0.10208
0.102254
0.275393
0.312932
0.305486
0.281008
0.372355
0.334106
0.343621
0.360555
0.185008
0.155171
0.154343
0.183361
0.213634
0.244541
0.248575
0.21635
0.275393
0.281008
0.305486
0.312932
0.404395
0.384186
0.398446
0.42126
0.440235
0.454898
0.432621
0.420684
0.469941
0.442362
0.464884
0.439916
0.360555
0.343621
0.334106
0.372355
0.469941
0.439916
0.464884
0.432621
0.454898
0.404395
0.440235
0.384186
0.420684
0.398446
0.42126
4.49565e-34
0.00154696
9.84853e-34
0.00159121
0.00159121
0.00154696
9.84853e-34
4.49565e-34
0.00383596
0.00710932
0.0073077
0.00373268
0.0122167
0.0195404
0.02002
0.0125373
0.0301435
0.0295037
0.0424322
0.0432331
0.0073077
0.00710932
0.00383596
0.00373268
0.0594615
0.0585526
0.0779673
0.0789235
0.02002
0.0195404
0.0122167
0.0125373
0.100661
0.126484
0.127156
0.101541
0.155171
0.186333
0.186002
0.155442
0.0295037
0.0432331
0.0301435
0.0424322
0.0585526
0.0779673
0.0594615
0.0789235
0.218299
0.21948
0.254025
0.251745
0.285658
0.289313
0.319329
0.324628
0.126484
0.100661
0.101541
0.127156
0.155171
0.155442
0.186002
0.186333
0.352017
0.359229
0.392359
0.382983
0.411512
0.451272
0.423276
0.436924
0.218299
0.251745
0.21948
0.254025
0.285658
0.324628
0.289313
0.319329
0.352017
0.392359
0.382983
0.359229
0.495977
0.476069
0.458623
0.475698
0.522276
0.511628
0.488854
0.496646
0.496646
0.499271
0.527665
0.527665
0.411512
0.436924
0.451272
0.423276
0.522276
0.476069
0.488854
0.511628
0.475698
0.495977
0.458623
4.25183e-34
0.00145178
9.19418e-34
0.00150117
0.00361929
0.00350112
0.00666785
0.00689666
0.00150117
0.00145178
9.19418e-34
4.25183e-34
0.00689666
0.00666785
0.00361929
0.00350112
0.0114788
0.0184267
0.0190096
0.0118591
0.0287682
0.0279596
0.0404447
0.0415022
0.0574439
0.0561635
0.0752839
0.076753
0.0118591
0.0114788
0.0190096
0.0184267
0.0978621
0.123825
0.125373
0.0994243
0.0415022
0.0404447
0.0287682
0.0279596
0.15298
0.185008
0.186003
0.154342
0.21987
0.25586
0.255401
0.21948
0.0574439
0.0752839
0.0561635
0.076753
0.123825
0.125373
0.0978621
0.0994243
0.293527
0.331787
0.29194
0.328792
0.365204
0.369898
0.407087
0.400413
0.185008
0.154342
0.186003
0.15298
0.21948
0.255401
0.21987
0.25586
0.433657
0.442574
0.475596
0.464194
0.514468
0.531405
0.491342
0.505428
0.328792
0.29194
0.293527
0.331787
0.369898
0.365204
0.407087
0.400413
0.433657
0.475596
0.464194
0.442574
0.56954
0.55294
0.533049
0.546635
0.557703
0.554925
0.580825
0.586533
0.554925
0.586533
0.546635
0.580825
0.491342
0.533049
0.531405
0.505428
0.55294
0.56954
0.514468
3.98296e-34
0.00140122
0.0013477
8.48792e-34
0.00337564
0.00324534
0.0061737
0.00642722
0.0106382
0.0171299
0.0178
0.0110679
0.00140122
0.0013477
8.48792e-34
3.98296e-34
0.00324534
0.00642722
0.0061737
0.00337564
0.0178
0.0171299
0.0106382
0.0110679
0.0270673
0.0261127
0.0379881
0.0392721
0.0547011
0.0530862
0.0716367
0.073576
0.0959647
0.0937665
0.119479
0.121857
0.0261127
0.0392721
0.0270673
0.0379881
0.148662
0.181071
0.183362
0.151075
0.0547011
0.0716367
0.073576
0.0530862
0.255401
0.218299
0.21635
0.254025
0.334197
0.294054
0.293527
0.333594
0.0937665
0.0959647
0.121857
0.119479
0.151075
0.183362
0.181071
0.148662
0.373275
0.416102
0.412329
0.375313
0.449963
0.493505
0.455766
0.48539
0.255401
0.218299
0.21635
0.254025
0.334197
0.293527
0.333594
0.294054
0.56012
0.54666
0.528537
0.517861
0.587575
0.571165
0.590816
0.610305
0.373275
0.416102
0.412329
0.375313
0.449963
0.493505
0.455766
0.48539
0.54666
0.517861
0.56012
0.528537
0.605187
0.6397
0.613934
0.627809
0.645712
0.645712
0.616879
0.613934
0.605187
0.610305
0.627809
0.6397
0.587575
0.590816
0.571165
3.69325e-34
7.74302e-34
0.00129336
0.00123672
0.00311054
0.00297104
0.00563908
0.00591108
0.00971716
0.0156856
0.0164245
0.010185
0.00129336
0.00123672
7.74302e-34
3.69325e-34
0.0250887
0.0240151
0.0351326
0.0366063
0.00297104
0.00591108
0.00563908
0.00311054
0.010185
0.00971716
0.0164245
0.0156856
0.0240151
0.0366063
0.0351326
0.0250887
0.0513123
0.0494095
0.0671316
0.0694848
0.0884933
0.113575
0.116713
0.0912634
0.142343
0.174638
0.178157
0.145737
0.0513123
0.0694848
0.0671316
0.0494095
0.213632
0.248575
0.251746
0.210182
0.113575
0.116713
0.0884933
0.0912634
0.289313
0.331788
0.291939
0.333595
0.419137
0.375992
0.375313
0.418377
0.174638
0.142343
0.145737
0.178157
0.251746
0.213632
0.248575
0.210182
0.49988
0.459943
0.462462
0.504468
0.544335
0.571682
0.537386
0.581263
0.289313
0.331788
0.291939
0.333595
0.419137
0.375313
0.375992
0.418377
0.643346
0.627858
0.614497
0.60206
0.667202
0.648539
0.663634
0.685558
0.459943
0.504468
0.49988
0.462462
0.581263
0.571682
0.537386
0.544335
0.60206
0.627858
0.614497
0.643346
0.675916
0.672834
0.698019
0.704318
0.704318
0.672834
0.663634
0.685558
0.698019
0.667202
0.648539
3.38685e-34
0.00112088
6.97257e-34
0.00117963
0.00117963
0.00112088
6.97257e-34
3.38685e-34
0.00282978
0.00268411
0.00507695
0.0053609
0.00873968
0.0141332
0.0149208
0.00923331
0.0228883
0.0217258
0.0319601
0.0335813
0.0053609
0.00507695
0.00282978
0.00268411
0.0473754
0.0452399
0.0619001
0.0645986
0.0149208
0.00873968
0.0141332
0.00923331
0.0319601
0.0217258
0.0335813
0.0228883
0.0473754
0.0645986
0.0619001
0.0452399
0.0854577
0.0821971
0.106284
0.110091
0.134209
0.165898
0.170543
0.138484
0.206007
0.244542
0.201157
0.239671
0.106284
0.110091
0.0821971
0.0854577
0.281008
0.328793
0.285656
0.324629
0.134209
0.138484
0.170543
0.165898
0.416102
0.418377
0.373274
0.369899
0.507234
0.463303
0.508158
0.462462
0.244542
0.206007
0.201157
0.239671
0.328793
0.285656
0.281008
0.324629
0.552353
0.594205
0.588789
0.549338
0.632903
0.656651
0.667676
0.624807
0.369899
0.373274
0.418377
0.416102
0.508158
0.462462
0.463303
0.507234
0.722728
0.697823
0.705304
0.683677
0.721097
0.730701
0.754868
0.741876
0.549338
0.552353
0.588789
0.594205
0.624807
0.632903
0.667676
0.656651
0.697823
0.722728
0.683677
0.705304
0.733932
0.761433
0.761433
0.730701
0.741876
0.754868
0.721097
3.06767e-34
0.00100214
6.18889e-34
0.00106202
3.06767e-34
0.00106202
0.00100214
6.18889e-34
0.00253925
0.00239041
0.00450052
0.00478981
0.00478981
0.00450052
0.00253925
0.00239041
0.00823769
0.00773086
0.012515
0.01333
0.0205276
0.0193089
0.0285612
0.0302836
0.0430046
0.0406983
0.056095
0.0590598
0.01333
0.012515
0.00773086
0.00823769
0.0787179
0.0750626
0.0978228
0.102186
0.0193089
0.0302836
0.0285612
0.0205276
0.0430046
0.0590598
0.056095
0.0406983
0.0750626
0.0787179
0.102186
0.0978228
0.124501
0.155109
0.160742
0.129531
0.19565
0.227575
0.189543
0.234003
0.31933
0.275391
0.268859
0.312933
0.124501
0.155109
0.160742
0.129531
0.41233
0.35923
0.365202
0.407087
0.189543
0.234003
0.227575
0.19565
0.504468
0.507234
0.455767
0.459942
0.552353
0.597471
0.598562
0.553361
0.31933
0.312933
0.268859
0.275391
0.365202
0.41233
0.35923
0.407087
0.682569
0.638732
0.642244
0.676336
0.718757
0.750098
0.737695
0.70955
0.504468
0.459942
0.455767
0.507234
0.553361
0.597471
0.552353
0.598562
0.760217
0.776636
0.795843
0.775967
0.786633
0.789981
0.809323
0.816133
0.642244
0.638732
0.676336
0.682569
0.750098
0.70955
0.737695
0.718757
0.816133
0.760217
0.809323
0.786633
0.776636
0.795843
0.775967
0.000942438
0.000882291
5.40309e-34
2.7392e-34
2.7392e-34
0.000882291
5.40309e-34
0.000942438
0.00224468
0.00209553
0.00392276
0.00421098
0.00224468
0.00209553
0.00421098
0.00392276
0.00671597
0.010874
0.0116948
0.00722336
0.0116948
0.010874
0.00671597
0.00722336
0.0180728
0.0168317
0.0250329
0.0268075
0.0383264
0.0359162
0.0498863
0.0530306
0.0712423
0.0673
0.0884404
0.0932308
0.0250329
0.0168317
0.0268075
0.0180728
0.119141
0.113506
0.142592
0.149046
0.0359162
0.0383264
0.0530306
0.0498863
0.0884404
0.0712423
0.0932308
0.0673
0.119141
0.149046
0.142592
0.113506
0.22044
0.182866
0.175684
0.212646
0.305488
0.261447
0.297046
0.253226
0.400414
0.343622
0.392359
0.352014
0.22044
0.212646
0.182866
0.175684
0.499881
0.442574
0.493506
0.449961
0.305488
0.253226
0.261447
0.297046
0.544335
0.594205
0.549336
0.597471
0.686326
0.687583
0.643419
0.642244
0.400414
0.392359
0.343622
0.352014
0.442574
0.449961
0.499881
0.493506
0.729382
0.766852
0.75984
0.725388
0.799274
0.812342
0.826015
0.789024
0.549336
0.594205
0.597471
0.544335
0.642244
0.643419
0.686326
0.687583
0.829351
0.846549
0.860471
0.839687
0.839687
0.843163
0.867502
0.867502
0.75984
0.725388
0.766852
0.729382
0.799274
0.826015
0.812342
0.860471
0.846549
0.789024
0.829351
0.000822571
0.000762914
4.62456e-34
2.40441e-34
0.00363708
0.0033559
0.00195143
0.00180456
2.40441e-34
0.000762914
4.62456e-34
0.000822571
0.00195143
0.00180456
0.0033559
0.00363708
0.00571942
0.00925316
0.0100585
0.00621524
0.00925316
0.00571942
0.00621524
0.0100585
0.0155916
0.014362
0.021475
0.0232517
0.014362
0.0232517
0.021475
0.0155916
0.0334764
0.0310317
0.0434554
0.0466875
0.0632512
0.0591383
0.0784153
0.0834907
0.101551
0.128719
0.135801
0.107623
0.0310317
0.0334764
0.0466875
0.0434554
0.168035
0.159993
0.19533
0.204257
0.0591383
0.0784153
0.0632512
0.0834907
0.128719
0.107623
0.135801
0.101551
0.159993
0.204257
0.168035
0.19533
0.234573
0.244239
0.277442
0.287676
0.382984
0.32354
0.372356
0.334102
0.475596
0.423276
0.485391
0.433654
0.287676
0.277442
0.234573
0.244239
0.528537
0.588789
0.581263
0.537384
0.32354
0.334102
0.382984
0.372356
0.682569
0.632903
0.686327
0.638731
0.73072
0.772493
0.77108
0.729382
0.485391
0.475596
0.433654
0.423276
0.588789
0.537384
0.528537
0.581263
0.836754
0.806657
0.811103
0.844484
0.872
0.860807
0.89312
0.878325
0.682569
0.638731
0.632903
0.686327
0.73072
0.772493
0.77108
0.729382
0.892555
0.907434
0.888986
0.914661
0.888986
0.907434
0.878325
0.914661
0.836754
0.811103
0.844484
0.806657
0.89312
0.872
0.860807
0.000703863
0.000645289
3.86056e-34
2.06563e-34
0.00307975
0.00281083
0.00166425
0.00152188
2.06563e-34
0.000645289
3.86056e-34
0.000703863
0.00846291
0.00769291
0.00476374
0.00523693
0.00166425
0.00152188
0.00281083
0.00307975
0.00476374
0.00769291
0.00846291
0.00523693
0.0131513
0.0119657
0.0179865
0.0197161
0.0197161
0.0179865
0.0131513
0.0119657
0.0285939
0.0261844
0.0369897
0.0402155
0.0285939
0.0402155
0.0369897
0.0261844
0.0549804
0.0508179
0.068045
0.0732548
0.095321
0.0889927
0.113905
0.121404
0.151601
0.142939
0.176143
0.185936
0.068045
0.0549804
0.0732548
0.0508179
0.266425
0.224281
0.254705
0.213459
0.0889927
0.113905
0.121404
0.095321
0.142939
0.185936
0.176143
0.151601
0.266425
0.213459
0.224281
0.254705
0.347673
0.299582
0.360557
0.311999
0.451273
0.464196
0.398447
0.411508
0.571683
0.505429
0.56012
0.517857
0.299582
0.360557
0.347673
0.311999
0.614498
0.667676
0.676336
0.624805
0.398447
0.451273
0.464196
0.411508
0.718758
0.766853
0.725387
0.77108
0.812593
0.811103
0.849144
0.850702
0.517857
0.505429
0.571683
0.56012
0.676336
0.624805
0.667676
0.614498
0.904742
0.913106
0.884918
0.880063
0.933652
0.922728
0.934734
0.949388
0.725387
0.766853
0.718758
0.77108
0.850702
0.812593
0.811103
0.849144
0.937325
0.933652
0.956787
0.956787
0.904742
0.884918
0.922728
0.949388
0.880063
0.913106
0.934734
0.000587427
0.000530343
3.11591e-34
1.7245e-34
0.00254905
0.00229663
0.00138706
0.00125089
1.7245e-34
0.000530343
3.11591e-34
0.000587427
0.00694687
0.00622983
0.00386851
0.0043096
0.00138706
0.00125089
0.00229663
0.00254905
0.0162979
0.0146615
0.0108156
0.00970393
0.00386851
0.00622983
0.00694687
0.0043096
0.0108156
0.00970393
0.0146615
0.0162979
0.0238174
0.0215104
0.0306751
0.0338023
0.0238174
0.0338023
0.0306751
0.0215104
0.0466727
0.0425822
0.0576364
0.0628266
0.0425822
0.0466727
0.0628266
0.0576364
0.0762047
0.0985931
0.106284
0.0826007
0.134055
0.125033
0.155663
0.166028
0.20217
0.242372
0.190517
0.229518
0.0762047
0.106284
0.0985931
0.0826007
0.272467
0.333803
0.319049
0.286366
0.125033
0.155663
0.166028
0.134055
0.229518
0.190517
0.242372
0.20217
0.319049
0.272467
0.286366
0.333803
0.436926
0.368829
0.421261
0.384181
0.475699
0.546661
0.531406
0.491338
0.587576
0.643347
0.656652
0.602056
0.421261
0.436926
0.368829
0.384181
0.750098
0.697824
0.709548
0.759841
0.546661
0.491338
0.475699
0.531406
0.799274
0.844484
0.806656
0.849144
0.919835
0.886545
0.884918
0.918149
0.656652
0.587576
0.602056
0.643347
0.750098
0.709548
0.759841
0.697824
0.943383
0.961749
0.970647
0.948591
0.985587
0.972921
0.97666
0.993129
0.849144
0.799274
0.844484
0.806656
0.886545
0.918149
0.884918
0.919835
0.948591
0.961749
0.970647
0.972921
0.993129
0.985587
0.943383
0.000474002
0.000418612
2.39276e-34
1.38203e-34
0.00205289
0.00181995
0.00112272
0.000993866
1.38203e-34
0.000418612
2.39276e-34
0.000474002
0.00554417
0.00489446
0.00304922
0.00345092
0.00112272
0.000993866
0.00181995
0.00205289
0.0130873
0.0115854
0.00864231
0.00763018
0.00304922
0.00489446
0.00554417
0.00345092
0.0192789
0.0276305
0.0246891
0.017136
0.00864231
0.00763018
0.0115854
0.0130873
0.0192789
0.017136
0.0246891
0.0276305
0.03857
0.0346686
0.0474947
0.0525137
0.03857
0.0525137
0.0346686
0.0474947
0.0698412
0.0635668
0.0832411
0.0908938
0.0832411
0.0635668
0.0698412
0.0908938
0.115926
0.106815
0.134506
0.14513
0.216241
0.178572
0.16644
0.20264
0.287346
0.303525
0.243012
0.257974
0.106815
0.14513
0.134506
0.115926
0.335311
0.38646
0.404397
0.352493
0.20264
0.16644
0.216241
0.178572
0.287346
0.243012
0.303525
0.257974
0.335311
0.38646
0.352493
0.404397
0.514469
0.495978
0.440236
0.458618
0.552941
0.610306
0.62786
0.571161
0.722728
0.683674
0.737696
0.667203
0.514469
0.495978
0.440236
0.458618
0.789022
0.775967
0.836755
0.826015
0.610306
0.571161
0.552941
0.62786
0.913107
0.872001
0.880062
0.918149
0.977804
0.97601
0.950337
0.948591
0.667203
0.722728
0.683674
0.737696
0.826015
0.836755
0.789022
0.775967
1.00606
1.01538
0.994711
1.0002
1.00988
1.02303
1.02303
1.00606
0.880062
0.913107
0.918149
0.872001
0.97601
1.01538
0.950337
0.977804
1.0002
0.994711
0.948591
0.000363918
0.00031021
1.6905e-34
1.03864e-34
1.03864e-34
0.00031021
1.6905e-34
0.000363918
0.00159656
0.00138451
0.000872877
0.000751761
0.00428162
0.00370936
0.00231616
0.0026739
0.000872877
0.000751761
0.00138451
0.00159656
0.00578684
0.0101632
0.00882944
0.00667968
0.00231616
0.00370936
0.00428162
0.0026739
0.0150978
0.0218701
0.0191921
0.013172
0.00667968
0.00578684
0.00882944
0.0101632
0.0309024
0.0426159
0.0379111
0.027298
0.0150978
0.013172
0.0191921
0.0218701
0.0309024
0.027298
0.0379111
0.0426159
0.057419
0.051449
0.0683046
0.0756933
0.057419
0.0756933
0.0683046
0.051449
0.0977559
0.0888284
0.113308
0.123873
0.123873
0.0888284
0.113308
0.0977559
0.18882
0.154199
0.174884
0.141955
0.212107
0.227679
0.270636
0.253521
0.298906
0.367588
0.34792
0.317398
0.174884
0.141955
0.18882
0.154199
0.400107
0.476072
0.4549
0.420679
0.212107
0.253521
0.227679
0.270636
0.34792
0.298906
0.367588
0.317398
0.476072
0.400107
0.4549
0.420679
0.590818
0.511629
0.569541
0.533044
0.685559
0.62781
0.705305
0.648535
0.760215
0.741876
0.795843
0.812343
0.511629
0.569541
0.590818
0.533044
0.84655
0.904742
0.860806
0.893121
0.62781
0.705305
0.648535
0.685559
0.934735
0.970647
0.943383
0.97601
1.02287
1.0002
1.00205
1.02099
0.760215
0.812343
0.795843
0.741876
0.860806
0.893121
0.84655
0.904742
1.04596
1.03636
1.03251
1.03821
1.03821
1.02099
1.03251
1.04596
0.970647
0.943383
0.934735
0.97601
1.00205
1.02287
1.0002
6.9438e-35
0.000204835
1.00581e-34
0.000257082
0.000257082
0.000204835
1.00581e-34
6.9438e-35
0.00118211
0.000990613
0.000637771
0.00052405
0.000637771
0.00052405
0.000990613
0.00118211
0.003177
0.00268697
0.00167321
0.00198576
0.00758841
0.00644642
0.00496335
0.00420198
0.00167321
0.00268697
0.00198576
0.003177
0.0113741
0.01667
0.0143188
0.00970624
0.00496335
0.00420198
0.00644642
0.00758841
0.0238788
0.0334124
0.0206639
0.0291494
0.0113741
0.00970624
0.0143188
0.01667
0.0456936
0.0611295
0.0542184
0.0401961
0.0238788
0.0206639
0.0291494
0.0334124
0.0456936
0.0401961
0.0542184
0.0611295
0.0800875
0.0716063
0.0927052
0.102894
0.0800875
0.102894
0.0716063
0.0927052
0.117799
0.14709
0.129787
0.16094
0.117799
0.16094
0.14709
0.129787
0.218601
0.236133
0.180689
0.196399
0.260717
0.327609
0.279959
0.306808
0.356527
0.409411
0.432623
0.378665
0.218601
0.180689
0.236133
0.196399
0.464885
0.546637
0.522277
0.488849
0.306808
0.260717
0.279959
0.327609
0.432623
0.356527
0.409411
0.378665
0.522277
0.464885
0.546637
0.488849
0.639701
0.663635
0.580826
0.605182
0.754869
0.69802
0.776637
0.721094
0.829349
0.860471
0.878326
0.809324
0.580826
0.663635
0.605182
0.639701
0.922727
0.949389
0.907434
0.96175
0.721094
0.754869
0.776637
0.69802
0.994711
1.02099
0.985587
1.01538
1.05367
1.03821
1.05174
1.04013
0.809324
0.829349
0.878326
0.860471
0.922727
0.96175
0.949389
0.907434
1.05174
1.05565
1.06148
1.06148
1.01538
1.05367
1.04013
1.02099
0.994711
0.985587
1.03821
0.000152988
0.000101782
3.32875e-35
3.49192e-35
3.49192e-35
0.000101782
3.32875e-35
0.000152988
0.000416136
0.000308639
0.000634641
0.000807941
0.000807941
0.000634641
0.000416136
0.000308639
0.00223689
0.0018275
0.00111677
0.00138679
0.00111677
0.00138679
0.0018275
0.00223689
0.00540436
0.00446532
0.00351294
0.0028859
0.00818191
0.0121484
0.0101689
0.00679702
0.00351294
0.0028859
0.00446532
0.00540436
0.0176742
0.0251478
0.0214311
0.0149202
0.00818191
0.00679702
0.0101689
0.0121484
0.0349904
0.0476194
0.0413764
0.0301099
0.0176742
0.0149202
0.0214311
0.0251478
0.0634373
0.0828175
0.0733009
0.0556441
0.0349904
0.0301099
0.0413764
0.0476194
0.0828175
0.0634373
0.0556441
0.0733009
0.0946903
0.120093
0.133441
0.106067
0.106067
0.133441
0.0946903
0.120093
0.201062
0.149709
0.165082
0.183645
0.201062
0.149709
0.183645
0.165082
0.221904
0.264372
0.285675
0.241311
0.310818
0.360891
0.38544
0.333849
0.469942
0.496648
0.414125
0.43991
0.264372
0.221904
0.285675
0.241311
0.527666
0.613936
0.586534
0.554919
0.38544
0.360891
0.310818
0.333849
0.414125
0.496648
0.43991
0.469942
0.527666
0.613936
0.586534
0.554919
0.67283
0.645713
0.704319
0.730702
0.78663
0.761434
0.839688
0.816133
0.933652
0.867502
0.888984
0.914662
0.704319
0.730702
0.645713
0.67283
1.00606
0.993129
0.97292
0.956787
0.761434
0.816133
0.78663
0.839688
1.02303
1.03251
1.05174
1.04596
1.06735
1.06344
1.06148
1.06931
0.914662
0.867502
0.888984
0.933652
0.956787
0.97292
1.00606
0.993129
1.06148
1.05174
1.06344
1.06931
1.02303
1.04596
1.03251
4.24029e-37
5.07517e-05
5.07517e-05
4.24029e-37
0.000468323
0.000205099
0.000205099
0.000468323
0.0014546
0.000869229
0.000869229
0.0014546
0.00232848
0.00362615
0.00232848
0.00362615
0.00556172
0.00838384
0.0124183
0.0180168
0.00556172
0.00838384
0.0255831
0.0355285
0.0180168
0.0124183
0.0482737
0.0642229
0.0355285
0.0255831
0.0837395
0.107145
0.0482737
0.0642229
0.0837395
0.107145
0.134671
0.166486
0.134671
0.166486
0.202629
0.243061
0.243061
0.202629
0.287595
0.335954
0.387713
0.442365
0.557705
0.499265
0.335954
0.287595
0.675917
0.616874
0.442365
0.387713
0.499265
0.557705
0.675917
0.616874
0.733928
0.789982
0.892556
0.843161
0.976661
0.937324
0.733928
0.789982
1.03636
1.00988
0.892556
0.843161
1.06735
1.05565
1.07128
1.06735
0.937324
0.976661
1.00988
1.05565
1.03636
0.0946903
0.221904
0.183645
0.000101782
0.120093
0.149709
0.120093
0.149709
0.0946903
0.0018275
0.0028859
0.0733009
0.183645
0.00679702
0.0556441
0.0413764
0.221904
0.0301099
0.0214311
0.264372
0.0149202
0.0101689
0.310818
0.00446532
0.360891
0.414125
0.00111677
0.000634641
0.469942
0.000308639
0.527666
0.586534
0.000101782
0.264372
0.310818
0.645713
0.704319
0.414125
0.761434
0.000308639
0.816133
0.867502
0.000634641
0.914662
0.956787
0.00111677
0.993129
1.02303
0.0018275
0.867502
1.04596
0.914662
1.06148
0.0028859
1.06931
1.06931
0.00446532
1.06148
1.04596
0.00679702
1.02303
0.993129
0.0101689
0.956787
0.0149202
0.816133
0.0214311
0.761434
0.704319
0.0301099
0.645713
0.586534
0.0413764
0.527666
0.469942
0.0556441
0.360891
0.0733009
3.32875e-35
3.32875e-35
3.49192e-35
0.000152988
0.000152988
3.49192e-35
0.000807941
0.000416136
0.000416136
0.000807941
0.00138679
0.00223689
0.00138679
0.00223689
0.00540436
0.00351294
0.00351294
0.00540436
0.0121484
0.00818191
0.0251478
0.0176742
0.00818191
0.0121484
0.0349904
0.0476194
0.0251478
0.0176742
0.0828175
0.0634373
0.0349904
0.0476194
0.106067
0.133441
0.0634373
0.0828175
0.106067
0.133441
0.201062
0.165082
0.201062
0.165082
0.241311
0.285675
0.285675
0.241311
0.38544
0.333849
0.496648
0.43991
0.554919
0.613936
0.333849
0.38544
0.730702
0.67283
0.496648
0.43991
0.613936
0.554919
0.67283
0.730702
0.78663
0.839688
0.933652
0.888984
0.97292
1.00606
0.839688
0.78663
1.05174
1.03251
0.933652
0.888984
1.06735
1.06344
1.06344
1.05174
1.00606
0.97292
1.03251
0.180689
0.14709
0.14709
0.117799
0.180689
0.0927052
0.000990613
0.0716063
0.0542184
0.218601
0.0401961
0.260717
0.0291494
0.0206639
0.0143188
0.306808
0.00970624
0.356527
0.00644642
0.00420198
0.00268697
0.409411
0.00167321
0.464885
0.00052405
0.000204835
0.522277
0.580826
0.000204835
0.639701
0.218601
0.69802
0.754869
0.306808
0.00052405
0.809324
0.860471
0.464885
0.907434
0.000990613
0.949389
0.00167321
0.985587
1.01538
1.03821
0.754869
0.00268697
1.05367
0.00420198
0.907434
1.06148
1.06148
1.05367
0.00644642
1.03821
0.00970624
1.01538
0.985587
0.949389
0.0143188
0.0206639
0.860471
0.809324
0.0291494
0.69802
0.0401961
0.639701
0.580826
0.522277
0.0542184
0.0716063
0.409411
0.356527
0.0927052
0.260717
0.117799
1.00581e-34
1.00581e-34
6.9438e-35
0.000257082
0.000257082
6.9438e-35
0.00118211
0.000637771
0.000637771
0.00118211
0.00198576
0.003177
0.003177
0.00198576
0.00758841
0.00496335
0.00496335
0.00758841
0.01667
0.0113741
0.0238788
0.0334124
0.0113741
0.01667
0.0456936
0.0611295
0.0334124
0.0238788
0.0800875
0.102894
0.0611295
0.0456936
0.16094
0.129787
0.0800875
0.102894
0.16094
0.129787
0.196399
0.236133
0.236133
0.196399
0.327609
0.279959
0.279959
0.327609
0.432623
0.378665
0.546637
0.488849
0.605182
0.663635
0.432623
0.378665
0.721094
0.776637
0.488849
0.546637
0.663635
0.605182
0.721094
0.776637
0.829349
0.878326
0.922727
0.96175
0.994711
1.02099
0.878326
0.829349
1.05174
1.04013
0.922727
0.96175
1.05565
1.05174
1.04013
0.994711
1.02099
0.174884
0.113308
0.212107
0.00031021
0.0888284
0.0683046
0.051449
0.253521
0.0379111
0.00370936
0.00578684
0.298906
0.027298
0.0191921
0.013172
0.34792
0.00882944
0.400107
0.00231616
0.4549
0.00138451
0.511629
0.000751761
0.569541
0.62781
0.00031021
0.685559
0.174884
0.741876
0.000751761
0.795843
0.84655
0.893121
0.34792
0.400107
0.00138451
0.934735
0.00231616
0.970647
1.0002
1.02287
0.00370936
0.685559
1.03821
0.00578684
0.795843
0.84655
1.04596
1.04596
1.03821
0.00882944
1.02287
0.013172
1.0002
0.970647
0.934735
0.0191921
0.893121
0.027298
0.741876
0.0379111
0.051449
0.62781
0.569541
0.511629
0.0683046
0.4549
0.0888284
0.298906
0.113308
0.253521
0.141955
0.212107
0.141955
1.6905e-34
1.6905e-34
1.03864e-34
0.000363918
0.000363918
1.03864e-34
0.000872877
0.00159656
0.000872877
0.00159656
0.0026739
0.00428162
0.00428162
0.0026739
0.0101632
0.00667968
0.00667968
0.0101632
0.0150978
0.0218701
0.0309024
0.0426159
0.0150978
0.0218701
0.057419
0.0756933
0.0426159
0.0309024
0.123873
0.0977559
0.057419
0.0756933
0.18882
0.154199
0.0977559
0.123873
0.18882
0.154199
0.270636
0.227679
0.270636
0.227679
0.317398
0.367588
0.367588
0.317398
0.476072
0.420679
0.590818
0.533044
0.648535
0.705305
0.420679
0.476072
0.760215
0.812343
0.533044
0.590818
0.705305
0.648535
0.760215
0.812343
0.904742
0.860806
0.943383
0.97601
1.00205
1.02099
0.860806
0.904742
1.03636
1.03251
0.97601
0.943383
1.03251
1.02099
1.00205
0.243012
0.0635668
0.0474947
0.287346
0.0346686
0.0246891
0.335311
0.017136
0.0115854
0.38646
0.00763018
0.00489446
0.440236
0.00304922
0.00181995
0.495978
0.000993866
0.000418612
0.552941
0.610306
0.000418612
0.0832411
0.106815
0.667203
0.722728
0.16644
0.775967
0.000993866
0.826015
0.872001
0.00181995
0.913107
0.948591
0.00304922
0.977804
1.0002
0.00489446
0.552941
1.01538
0.610306
1.02303
0.00763018
1.02303
1.01538
0.0115854
0.826015
0.872001
1.0002
0.977804
0.017136
0.948591
0.913107
0.0246891
0.0346686
0.775967
0.722728
0.0474947
0.667203
0.0635668
0.495978
0.0832411
0.440236
0.38646
0.106815
0.335311
0.287346
0.134506
0.243012
0.20264
0.16644
0.134506
0.20264
2.39276e-34
2.39276e-34
1.38203e-34
0.000474002
0.000474002
1.38203e-34
0.00205289
0.00112272
0.00112272
0.00205289
0.00554417
0.00345092
0.00345092
0.00554417
0.0130873
0.00864231
0.00864231
0.0130873
0.0276305
0.0192789
0.03857
0.0525137
0.0276305
0.0192789
0.0908938
0.0698412
0.03857
0.0525137
0.14513
0.115926
0.0908938
0.0698412
0.216241
0.178572
0.14513
0.115926
0.178572
0.216241
0.303525
0.257974
0.257974
0.303525
0.404397
0.352493
0.352493
0.404397
0.514469
0.458618
0.62786
0.571161
0.683674
0.737696
0.458618
0.514469
0.836755
0.789022
0.571161
0.62786
0.737696
0.683674
0.836755
0.789022
0.880062
0.918149
0.950337
0.97601
0.994711
1.00606
0.918149
0.880062
1.00606
1.00988
0.950337
0.994711
0.97601
0.0425822
0.0306751
0.319049
0.0215104
0.368829
0.0146615
0.00970393
0.00622983
0.421261
0.00386851
0.475699
0.00229663
0.00125089
0.000530343
0.531406
0.587576
0.000530343
0.643347
0.0576364
0.697824
0.750098
0.0985931
0.00125089
0.799274
0.844484
0.190517
0.884918
0.00229663
0.919835
0.00386851
0.948591
0.970647
0.985587
0.421261
0.00622983
0.993129
0.00970393
0.587576
0.993129
0.985587
0.970647
0.0146615
0.750098
0.948591
0.0215104
0.919835
0.884918
0.844484
0.0306751
0.799274
0.0425822
0.697824
0.643347
0.0576364
0.0762047
0.531406
0.475699
0.0985931
0.368829
0.125033
0.319049
0.272467
0.229518
0.155663
0.190517
0.155663
0.125033
0.229518
0.0762047
0.272467
3.11591e-34
3.11591e-34
1.7245e-34
0.000587427
0.000587427
1.7245e-34
0.00254905
0.00138706
0.00138706
0.00254905
0.00694687
0.0043096
0.00694687
0.0043096
0.0108156
0.0162979
0.0108156
0.0162979
0.0238174
0.0338023
0.0466727
0.0628266
0.0238174
0.0338023
0.106284
0.0826007
0.0628266
0.0466727
0.166028
0.134055
0.106284
0.0826007
0.242372
0.20217
0.166028
0.134055
0.20217
0.242372
0.333803
0.286366
0.333803
0.286366
0.436926
0.384181
0.436926
0.384181
0.546661
0.491338
0.602056
0.656652
0.759841
0.709548
0.491338
0.546661
0.806656
0.849144
0.656652
0.602056
0.709548
0.759841
0.849144
0.806656
0.918149
0.886545
0.961749
0.943383
0.972921
0.97666
0.886545
0.918149
0.961749
0.972921
0.943383
0.347673
0.0179865
0.398447
0.0119657
0.00769291
0.00476374
0.451273
0.00281083
0.505429
0.00152188
0.000645289
0.56012
0.614498
0.000645289
0.667676
0.0369897
0.718758
0.00152188
0.766853
0.811103
0.850702
0.113905
0.142939
0.00281083
0.884918
0.00476374
0.913106
0.934734
0.949388
0.00769291
0.347673
0.956787
0.0119657
0.451273
0.505429
0.956787
0.949388
0.934734
0.0179865
0.667676
0.913106
0.0261844
0.884918
0.850702
0.811103
0.0369897
0.766853
0.0508179
0.718758
0.614498
0.068045
0.56012
0.0889927
0.398447
0.113905
0.142939
0.299582
0.254705
0.213459
0.176143
0.176143
0.213459
0.0889927
0.254705
0.068045
0.299582
0.0508179
0.0261844
3.86056e-34
3.86056e-34
2.06563e-34
0.000703863
0.000703863
2.06563e-34
0.00166425
0.00307975
0.00166425
0.00307975
0.00846291
0.00523693
0.00523693
0.00846291
0.0131513
0.0197161
0.0131513
0.0197161
0.0402155
0.0285939
0.0732548
0.0549804
0.0285939
0.0402155
0.095321
0.121404
0.0549804
0.0732548
0.151601
0.185936
0.095321
0.121404
0.224281
0.266425
0.185936
0.151601
0.224281
0.266425
0.360557
0.311999
0.360557
0.311999
0.464196
0.411508
0.411508
0.464196
0.571683
0.517857
0.676336
0.624805
0.725387
0.77108
0.517857
0.571683
0.849144
0.812593
0.676336
0.624805
0.725387
0.77108
0.849144
0.812593
0.904742
0.880063
0.933652
0.922728
0.937325
0.933652
0.880063
0.922728
0.904742
0.423276
0.00571942
0.0033559
0.475596
0.00180456
0.000762914
0.528537
0.581263
0.000762914
0.00925316
0.014362
0.632903
0.682569
0.0310317
0.729382
0.00180456
0.772493
0.811103
0.0033559
0.844484
0.872
0.00571942
0.89312
0.907434
0.00925316
0.234573
0.914661
0.277442
0.914661
0.014362
0.907434
0.89312
0.021475
0.475596
0.528537
0.872
0.844484
0.0310317
0.811103
0.772493
0.0434554
0.729382
0.682569
0.0591383
0.632903
0.581263
0.0784153
0.101551
0.423276
0.372356
0.128719
0.32354
0.159993
0.19533
0.19533
0.159993
0.128719
0.234573
0.101551
0.0784153
0.277442
0.0591383
0.0434554
0.32354
0.021475
0.372356
4.62456e-34
4.62456e-34
2.40441e-34
0.000822571
0.000822571
2.40441e-34
0.00363708
0.00195143
0.00195143
0.00363708
0.00621524
0.0100585
0.0100585
0.00621524
0.0232517
0.0155916
0.0155916
0.0232517
0.0334764
0.0466875
0.0632512
0.0834907
0.0334764
0.0466875
0.135801
0.107623
0.0834907
0.0632512
0.168035
0.204257
0.107623
0.135801
0.244239
0.287676
0.168035
0.204257
0.287676
0.244239
0.382984
0.334102
0.334102
0.382984
0.433654
0.485391
0.485391
0.433654
0.588789
0.537384
0.686327
0.638731
0.77108
0.73072
0.588789
0.537384
0.806657
0.836754
0.686327
0.638731
0.73072
0.77108
0.836754
0.806657
0.860807
0.878325
0.892555
0.888986
0.888986
0.878325
0.860807
0.00209553
0.000882291
0.493506
0.544335
0.000882291
0.594205
0.00392276
0.642244
0.687583
0.010874
0.00209553
0.729382
0.766852
0.0359162
0.799274
0.00392276
0.826015
0.00671597
0.846549
0.860471
0.867502
0.142592
0.010874
0.867502
0.0168317
0.253226
0.860471
0.846549
0.826015
0.0250329
0.392359
0.799274
0.0359162
0.766852
0.729382
0.687583
0.0498863
0.642244
0.0673
0.594205
0.544335
0.493506
0.0884404
0.442574
0.113506
0.343622
0.297046
0.142592
0.175684
0.212646
0.175684
0.212646
0.113506
0.253226
0.0884404
0.0673
0.0498863
0.297046
0.343622
0.0250329
0.0168317
0.392359
0.00671597
0.442574
5.40309e-34
5.40309e-34
2.7392e-34
0.000942438
0.000942438
2.7392e-34
0.00224468
0.00421098
0.00224468
0.00421098
0.0116948
0.00722336
0.0116948
0.00722336
0.0268075
0.0180728
0.0180728
0.0268075
0.0383264
0.0530306
0.0932308
0.0712423
0.0383264
0.0530306
0.149046
0.119141
0.0712423
0.0932308
0.182866
0.22044
0.119141
0.149046
0.261447
0.305488
0.182866
0.22044
0.261447
0.305488
0.400414
0.352014
0.400414
0.352014
0.499881
0.449961
0.499881
0.449961
0.549336
0.597471
0.686326
0.643419
0.75984
0.725388
0.597471
0.549336
0.789024
0.812342
0.686326
0.643419
0.725388
0.75984
0.812342
0.789024
0.839687
0.829351
0.839687
0.843163
0.829351
0.504468
0.552353
0.00100214
0.00100214
0.598562
0.642244
0.00239041
0.682569
0.718757
0.012515
0.0193089
0.750098
0.00450052
0.775967
0.00773086
0.795843
0.809323
0.816133
0.0978228
0.012515
0.816133
0.155109
0.189543
0.0193089
0.809323
0.795843
0.775967
0.312933
0.0285612
0.750098
0.0406983
0.718757
0.682569
0.504468
0.642244
0.056095
0.598562
0.0750626
0.552353
0.455767
0.0978228
0.407087
0.124501
0.35923
0.268859
0.155109
0.227575
0.189543
0.124501
0.227575
0.268859
0.0750626
0.056095
0.0406983
0.312933
0.0285612
0.35923
0.00773086
0.407087
0.00450052
0.455767
0.00239041
6.18889e-34
6.18889e-34
3.06767e-34
0.00106202
3.06767e-34
0.00106202
0.00478981
0.00253925
0.00253925
0.00478981
0.01333
0.00823769
0.01333
0.00823769
0.0205276
0.0302836
0.0205276
0.0302836
0.0590598
0.0430046
0.102186
0.0787179
0.0430046
0.0590598
0.160742
0.129531
0.102186
0.0787179
0.234003
0.19565
0.129531
0.160742
0.31933
0.275391
0.19565
0.234003
0.31933
0.275391
0.365202
0.41233
0.365202
0.41233
0.507234
0.459942
0.507234
0.459942
0.553361
0.597471
0.676336
0.638732
0.70955
0.737695
0.553361
0.597471
0.776636
0.760217
0.638732
0.676336
0.70955
0.737695
0.776636
0.760217
0.789981
0.786633
0.786633
0.00112088
0.552353
0.594205
0.632903
0.00268411
0.667676
0.697823
0.00507695
0.722728
0.741876
0.00873968
0.754868
0.761433
0.0452399
0.0141332
0.0619001
0.761433
0.754868
0.0217258
0.741876
0.722728
0.165898
0.201157
0.0319601
0.697823
0.667676
0.0452399
0.632903
0.594205
0.0619001
0.552353
0.508158
0.0821971
0.462462
0.416102
0.106284
0.369899
0.324629
0.134209
0.281008
0.239671
0.165898
0.201157
0.134209
0.106284
0.239671
0.0821971
0.281008
0.0319601
0.324629
0.0217258
0.0141332
0.369899
0.00873968
0.00507695
0.416102
0.00268411
0.00112088
0.462462
0.508158
6.97257e-34
6.97257e-34
3.38685e-34
0.00117963
0.00117963
3.38685e-34
0.00282978
0.0053609
0.00282978
0.0053609
0.00923331
0.0149208
0.0149208
0.00923331
0.0335813
0.0228883
0.0335813
0.0228883
0.0645986
0.0473754
0.110091
0.0854577
0.0473754
0.0645986
0.170543
0.138484
0.110091
0.0854577
0.206007
0.244542
0.170543
0.138484
0.285656
0.328793
0.206007
0.244542
0.285656
0.328793
0.373274
0.418377
0.373274
0.418377
0.507234
0.463303
0.507234
0.463303
0.588789
0.549338
0.624807
0.656651
0.705304
0.683677
0.549338
0.588789
0.721097
0.730701
0.624807
0.656651
0.683677
0.705304
0.721097
0.733932
0.730701
0.581263
0.00297104
0.614497
0.643346
0.667202
0.00563908
0.685558
0.00971716
0.698019
0.0156856
0.704318
0.704318
0.0156856
0.0494095
0.698019
0.0240151
0.685558
0.667202
0.113575
0.643346
0.0351326
0.614497
0.0494095
0.581263
0.544335
0.289313
0.504468
0.0671316
0.462462
0.0884933
0.419137
0.375313
0.331788
0.113575
0.142343
0.248575
0.210182
0.174638
0.174638
0.142343
0.210182
0.0884933
0.0671316
0.248575
0.289313
0.0351326
0.0240151
0.331788
0.00971716
0.375313
0.00563908
0.00297104
0.00123672
0.419137
0.462462
0.00123672
0.504468
0.544335
7.74302e-34
7.74302e-34
3.69325e-34
0.00129336
0.00129336
3.69325e-34
0.00591108
0.00311054
0.00311054
0.00591108
0.0164245
0.010185
0.010185
0.0164245
0.0250887
0.0366063
0.0250887
0.0366063
0.0513123
0.0694848
0.116713
0.0912634
0.0513123
0.0694848
0.178157
0.145737
0.116713
0.0912634
0.251746
0.213632
0.145737
0.178157
0.333595
0.291939
0.251746
0.213632
0.333595
0.291939
0.375992
0.418377
0.375992
0.418377
0.459943
0.49988
0.459943
0.49988
0.537386
0.571682
0.60206
0.627858
0.663634
0.648539
0.537386
0.571682
0.675916
0.672834
0.627858
0.60206
0.663634
0.648539
0.672834
0.00324534
0.56012
0.587575
0.610305
0.0061737
0.627809
0.0061737
0.0106382
0.6397
0.0171299
0.0261127
0.645712
0.645712
0.0171299
0.6397
0.0716367
0.0261127
0.627809
0.610305
0.587575
0.0379881
0.181071
0.21635
0.56012
0.0530862
0.528537
0.493505
0.455766
0.0716367
0.416102
0.0937665
0.375313
0.334197
0.293527
0.119479
0.254025
0.148662
0.148662
0.181071
0.119479
0.21635
0.0937665
0.0530862
0.254025
0.0379881
0.293527
0.0106382
0.334197
0.375313
0.00324534
0.0013477
0.416102
0.455766
0.0013477
0.493505
0.528537
8.48792e-34
8.48792e-34
3.98296e-34
0.00140122
0.00140122
3.98296e-34
0.00642722
0.00337564
0.00337564
0.00642722
0.0178
0.0110679
0.0178
0.0110679
0.0392721
0.0270673
0.0270673
0.0392721
0.0547011
0.073576
0.0959647
0.121857
0.0547011
0.073576
0.183362
0.151075
0.0959647
0.121857
0.218299
0.255401
0.151075
0.183362
0.294054
0.333594
0.255401
0.218299
0.333594
0.294054
0.373275
0.412329
0.412329
0.373275
0.449963
0.48539
0.48539
0.449963
0.517861
0.54666
0.571165
0.590816
0.605187
0.613934
0.517861
0.54666
0.613934
0.616879
0.590816
0.571165
0.605187
0.55294
0.00666785
0.56954
0.00145178
0.580825
0.0114788
0.586533
0.586533
0.0184267
0.0184267
0.0279596
0.580825
0.56954
0.0279596
0.55294
0.531405
0.0404447
0.505428
0.475596
0.0561635
0.442574
0.185008
0.407087
0.0752839
0.369898
0.331787
0.0978621
0.293527
0.25586
0.123825
0.21948
0.15298
0.15298
0.123825
0.185008
0.0978621
0.0752839
0.21948
0.0561635
0.0404447
0.25586
0.293527
0.0114788
0.00666785
0.331787
0.00350112
0.369898
0.407087
0.00145178
0.531405
0.442574
0.475596
0.505428
0.00350112
9.19418e-34
9.19418e-34
4.25183e-34
0.00150117
0.00150117
4.25183e-34
0.00361929
0.00689666
0.00361929
0.00689666
0.0190096
0.0118591
0.0118591
0.0190096
0.0415022
0.0287682
0.0287682
0.0415022
0.076753
0.0574439
0.125373
0.0994243
0.0574439
0.076753
0.154342
0.186003
0.125373
0.0994243
0.21987
0.255401
0.186003
0.154342
0.29194
0.328792
0.255401
0.21987
0.29194
0.328792
0.400413
0.365204
0.400413
0.365204
0.433657
0.464194
0.464194
0.433657
0.514468
0.491342
0.546635
0.533049
0.557703
0.554925
0.514468
0.491342
0.554925
0.533049
0.546635
0.00710932
0.522276
0.0122167
0.527665
0.527665
0.522276
0.00710932
0.0195404
0.511628
0.0295037
0.495977
0.475698
0.451272
0.0585526
0.0424322
0.423276
0.0585526
0.392359
0.126484
0.359229
0.324628
0.186333
0.0779673
0.289313
0.100661
0.254025
0.21948
0.126484
0.155171
0.155171
0.100661
0.0779673
0.186333
0.21948
0.0424322
0.0295037
0.0195404
0.254025
0.0122167
0.289313
0.00373268
0.00154696
0.324628
0.359229
0.00154696
0.511628
0.392359
0.423276
0.451272
0.00373268
0.475698
0.495977
9.84853e-34
9.84853e-34
4.49565e-34
0.00159121
0.00159121
4.49565e-34
0.0073077
0.00383596
0.00383596
0.0073077
0.02002
0.0125373
0.02002
0.0125373
0.0432331
0.0301435
0.0301435
0.0432331
0.0789235
0.0594615
0.127156
0.101541
0.0594615
0.0789235
0.186002
0.155442
0.101541
0.127156
0.251745
0.218299
0.186002
0.155442
0.319329
0.285658
0.218299
0.251745
0.285658
0.319329
0.352017
0.382983
0.352017
0.382983
0.411512
0.436924
0.411512
0.436924
0.458623
0.476069
0.488854
0.496646
0.499271
0.496646
0.476069
0.458623
0.488854
0.0128322
0.469941
0.469941
0.0016313
0.464884
0.0204403
0.454898
0.0307015
0.440235
0.0204403
0.0307015
0.42126
0.398446
0.0438938
0.372355
0.0601846
0.343621
0.312932
0.127379
0.281008
0.0796091
0.248575
0.10208
0.21635
0.185008
0.155171
0.127379
0.155171
0.10208
0.0796091
0.0601846
0.185008
0.0438938
0.21635
0.0128322
0.248575
0.00748701
0.281008
0.00393471
0.312932
0.343621
0.0016313
0.464884
0.372355
0.398446
0.00393471
0.42126
0.440235
0.454898
0.00748701
1.0438e-33
1.0438e-33
4.7103e-34
0.0016695
0.0016695
4.7103e-34
0.00402066
0.00764994
0.00402066
0.00764994
0.0208033
0.0130847
0.0208033
0.0130847
0.0444151
0.0311545
0.0311545
0.0444151
0.0606957
0.0800247
0.127156
0.102254
0.0800247
0.0606957
0.154343
0.183361
0.102254
0.127156
0.244541
0.213634
0.183361
0.154343
0.305486
0.275393
0.244541
0.213634
0.275393
0.305486
0.334106
0.360555
0.334106
0.360555
0.404395
0.384186
0.404395
0.384186
0.420684
0.432621
0.439916
0.442362
0.439916
0.420684
0.432621
0.409409
0.0211014
0.400106
0.386459
0.0315193
0.368828
0.347672
0.0447878
0.323539
0.0211014
0.297046
0.0610125
0.268859
0.0610125
0.23967
0.0801617
0.0801617
0.210181
0.181071
0.10208
0.15298
0.126484
0.126484
0.10208
0.15298
0.0447878
0.181071
0.0315193
0.210181
0.0133089
0.00779133
0.23967
0.00410249
0.00170302
0.268859
0.297046
0.00170302
0.414123
0.323539
0.414123
0.347672
0.368828
0.00410249
0.386459
0.400106
0.00779133
0.409409
0.0133089
1.09505e-33
1.09505e-33
4.89196e-34
0.00173435
0.00173435
4.89196e-34
0.00791467
0.00416902
0.00791467
0.00416902
0.0134864
0.0213378
0.0213378
0.0134864
0.0450147
0.0317726
0.0317726
0.0450147
0.0611111
0.0800246
0.101542
0.125372
0.0800246
0.0611111
0.178157
0.151077
0.125372
0.101542
0.20601
0.234001
0.178157
0.151077
0.287674
0.26145
0.234001
0.20601
0.26145
0.287674
0.312004
0.333801
0.333801
0.312004
0.352498
0.367586
0.367586
0.352498
0.378671
0.385437
0.38772
0.385437
0.378671
0.0215055
0.33531
0.031934
0.319048
0.299581
0.277441
0.00801451
0.0450886
0.253225
0.0215055
0.0610125
0.227574
0.201157
0.174637
0.0796091
0.148661
0.10066
0.123825
0.10066
0.0796091
0.123825
0.0610125
0.148661
0.0450886
0.031934
0.174637
0.0136341
0.201157
0.00423202
0.00176058
0.227574
0.253225
0.00176058
0.347919
0.277441
0.299581
0.319048
0.36089
0.00423202
0.33531
0.347919
0.356525
0.00801451
0.0136341
0.36089
0.356525
1.1375e-33
1.1375e-33
5.03727e-34
0.00178436
0.00178436
5.03727e-34
0.00809509
0.0042775
0.0042775
0.00809509
0.0216089
0.0137317
0.0137317
0.0216089
0.0450147
0.0319805
0.0319805
0.0450147
0.0789234
0.0606958
0.121857
0.099425
0.0789234
0.0606958
0.170542
0.145739
0.121857
0.099425
0.220438
0.195653
0.170542
0.145739
0.244243
0.266423
0.195653
0.220438
0.244243
0.266423
0.303523
0.286371
0.303523
0.286371
0.317404
0.327607
0.327607
0.317404
0.333855
0.335952
0.333855
0.0319341
0.272466
0.254704
0.234572
0.0447878
0.212646
0.00815079
0.0601846
0.189543
0.0216415
0.165897
0.142342
0.0779673
0.119479
0.0978619
0.0978619
0.0779673
0.0601846
0.119479
0.0447878
0.142342
0.0319341
0.0137989
0.165897
0.189543
0.0043202
0.00180271
0.212646
0.234572
0.00180271
0.287344
0.254704
0.272466
0.306806
0.310816
0.0043202
0.287344
0.298904
0.306806
0.00815079
0.310816
0.0137989
0.298904
0.0216415
1.17024e-33
1.17024e-33
5.14342e-34
0.0018184
0.0018184
5.14342e-34
0.00818655
0.0043435
0.0043435
0.00818655
0.021609
0.0138141
0.021609
0.0138141
0.0444152
0.0317724
0.0317724
0.0444152
0.0594617
0.0767527
0.0959657
0.116713
0.0594617
0.0767527
0.138486
0.160741
0.116713
0.0959657
0.182869
0.204255
0.160741
0.138486
0.24237
0.224286
0.204255
0.182869
0.224286
0.24237
0.270634
0.257979
0.257979
0.270634
0.285673
0.279965
0.279965
0.285673
0.287601
0.195329
0.0438938
0.175683
0.00182847
0.155109
0.0585526
0.134209
0.113574
0.0752838
0.0215056
0.0315194
0.0937662
0.0752838
0.0937662
0.0585526
0.0438938
0.113574
0.134209
0.013799
0.00819667
0.155109
0.00436489
0.175683
0.195329
0.00182847
0.213458
0.213458
0.229516
0.229516
0.243011
0.00436489
0.25352
0.260715
0.00819667
0.26437
0.26437
0.013799
0.260715
0.25352
0.0215056
0.243011
0.0315194
1.19253e-33
1.19253e-33
5.20833e-34
0.00183573
0.00183573
5.20833e-34
0.00436542
0.00818669
0.00436542
0.00818669
0.021338
0.0137312
0.0137312
0.021338
0.0432331
0.0311541
0.0311541
0.0432331
0.0574442
0.0735757
0.110091
0.0912647
0.0735757
0.0574442
0.149045
0.129533
0.110091
0.0912647
0.185934
0.168039
0.149045
0.129533
0.216239
0.202175
0.185934
0.168039
0.202175
0.216239
0.23613
0.227684
0.23613
0.227684
0.241317
0.241317
0.243059
0.0424323
0.124501
0.0561635
0.106284
0.088493
0.0716365
0.00815097
0.0716365
0.0561635
0.088493
0.0424323
0.0307016
0.0211016
0.106284
0.0136343
0.124501
0.00436501
0.00183727
0.142592
0.159992
0.00183727
0.142592
0.176142
0.190516
0.202638
0.190516
0.00436501
0.212106
0.2186
0.221903
0.00815097
0.221903
0.0136343
0.2186
0.212106
0.202638
0.0211016
0.0307016
0.176142
0.159992
1.20389e-33
1.20389e-33
5.23071e-34
0.00183593
0.00183593
5.23071e-34
0.00809552
0.00434272
0.00434272
0.00809552
0.0208036
0.0134854
0.0134854
0.0208036
0.030143
0.0415023
0.0415023
0.030143
0.0547015
0.0694845
0.0854592
0.102185
0.0547015
0.0694845
0.119144
0.1358
0.0854592
0.102185
0.166026
0.151605
0.119144
0.1358
0.178577
0.188818
0.166026
0.151605
0.178577
0.188818
0.201059
0.196405
0.201059
0.196405
0.202635
0.0530861
0.0821967
0.0671314
0.00182892
0.0530861
0.0671314
0.0404448
0.0821967
0.0295039
0.0204405
0.0133093
0.0978223
0.00801486
0.113506
0.00432056
0.128719
0.142938
0.00182892
0.0978223
0.155662
0.166439
0.128719
0.142938
0.00432056
0.174883
0.180688
0.183644
0.174883
0.00801486
0.183644
0.0133093
0.180688
0.166439
0.0204405
0.155662
0.0295039
0.113506
0.0404448
1.20405e-33
1.20405e-33
5.21008e-34
0.00181902
0.00181902
5.21008e-34
0.00791538
0.00427596
0.00427596
0.00791538
0.0130832
0.0200205
0.0200205
0.0130832
0.0287675
0.0392722
0.0287675
0.0392722
0.0513127
0.0645981
0.0932298
0.0787197
0.0645981
0.0513127
0.107626
0.121402
0.0932298
0.0787197
0.13406
0.145128
0.107626
0.121402
0.154204
0.160937
0.13406
0.145128
0.154204
0.160937
0.166483
0.165087
0.165087
0.0379882
0.0618999
0.0279598
0.0195408
0.0750622
0.0128326
0.00779185
0.0884398
0.00423261
0.00180361
0.101551
0.113904
0.00180361
0.0494094
0.125032
0.0618999
0.134504
0.141954
0.00423261
0.147088
0.149707
0.113904
0.125032
0.00779185
0.149707
0.147088
0.0128326
0.141954
0.134504
0.0195408
0.0279598
0.101551
0.0884398
0.0379882
0.0750622
0.0494094
1.193e-33
1.193e-33
5.14686e-34
0.00178537
0.00178537
5.14686e-34
0.00416675
0.00765091
0.00416675
0.00765091
0.0190102
0.0125355
0.0190102
0.0125355
0.0270665
0.0366064
0.0270665
0.0366064
0.0473759
0.0590594
0.0834897
0.0712442
0.0590594
0.0473759
0.106282
0.0953243
0.0834897
0.0712442
0.123871
0.11593
0.106282
0.0953243
0.133439
0.129792
0.11593
0.123871
0.133439
0.129792
0.134676
0.0560947
0.0122172
0.0672996
0.00748767
0.00410329
0.00176189
0.0784147
0.0889919
0.00176189
0.0184271
0.0985922
0.106814
0.113307
0.0452398
0.00410329
0.117797
0.120091
0.120091
0.0784147
0.00748767
0.117797
0.0122172
0.113307
0.106814
0.0985922
0.0184271
0.0889919
0.026113
0.0672996
0.0560947
0.0351327
0.0452398
0.0351327
0.026113
1.17101e-33
1.17101e-33
5.04228e-34
0.00173572
0.00173572
5.04228e-34
0.00730889
0.00401775
0.00401775
0.00730889
0.0118569
0.0178007
0.0178007
0.0118569
0.0250878
0.0335814
0.0335814
0.0250878
0.0530301
0.0430051
0.0632533
0.0732537
0.0530301
0.0430051
0.0908923
0.0826041
0.0732537
0.0632533
0.0977603
0.102892
0.0908923
0.0826041
0.107143
0.106072
0.102892
0.0977603
0.106072
0.0591378
0.0039357
0.0017047
0.0680444
0.0762039
0.0017047
0.00711011
0.0832402
0.0888274
0.0171303
0.0240154
0.0039357
0.0927042
0.0946892
0.0946892
0.049886
0.00711011
0.0927042
0.0114794
0.0888274
0.0832402
0.0762039
0.0171303
0.0680444
0.0240154
0.0591378
0.0406982
0.0319601
0.0319601
0.0406982
0.0114794
0.049886
1.13855e-33
1.13855e-33
4.89838e-34
0.00167119
0.00167119
4.89838e-34
0.00383249
0.00689804
0.00383249
0.00689804
0.0164253
0.0110654
0.0164253
0.0110654
0.0302837
0.0228873
0.0302837
0.0228873
0.0466869
0.038327
0.0549825
0.0628256
0.0466869
0.038327
0.0698445
0.0756918
0.0549825
0.0628256
0.0800916
0.0828157
0.0756918
0.0698445
0.0837439
0.0828157
0.0800916
0.0576358
0.0016333
0.063566
0.0016333
0.0683037
0.0716054
0.00373382
0.0733
0.0733
0.015686
0.0217261
0.00666874
0.0716054
0.0359161
0.0683037
0.0106389
0.063566
0.0576358
0.015686
0.0508174
0.0434551
0.0217261
0.0285613
0.0285613
0.0359161
0.0106389
0.00666874
0.0434551
0.00373382
0.0508174
1.09634e-33
1.09634e-33
4.71789e-34
0.00159317
4.71789e-34
0.00159317
0.00642874
0.00361537
0.00361537
0.00642874
0.0101822
0.0149217
0.0101822
0.0149217
0.0268076
0.0205266
0.0205266
0.0268076
0.033477
0.040215
0.0466748
0.0525127
0.040215
0.033477
0.0574221
0.0611281
0.0525127
0.0466748
0.0642214
0.063441
0.0611281
0.0574221
0.063441
0.00154923
0.0474941
0.0514483
0.0542176
0.00350238
0.0556434
0.00617466
0.0556434
0.0542176
0.00617466
0.0514483
0.0097179
0.0474941
0.0425817
0.0369894
0.0141337
0.0310316
0.0193093
0.025033
0.0193093
0.0141337
0.025033
0.0097179
0.0310316
0.00350238
0.00154923
0.0369894
0.0425817
1.04531e-33
1.04531e-33
4.50413e-34
0.00150333
0.00150333
4.50413e-34
0.0059127
0.00337139
0.00337139
0.0059127
0.0133309
0.00923048
0.00923048
0.0133309
0.0232518
0.0180718
0.0232518
0.0180718
0.0338018
0.0285945
0.042615
0.0385719
0.0285945
0.0338018
0.0456963
0.0476182
0.042615
0.0385719
0.0482767
0.0456963
0.0476182
0.0401955
0.00324669
0.0413758
0.00145424
0.0413758
0.0401955
0.00564009
0.0379106
0.00874043
0.0125155
0.016832
0.0346682
0.0306748
0.0261843
0.0125155
0.0214751
0.016832
0.00874043
0.0214751
0.00564009
0.0261843
0.00324669
0.0306748
0.0346682
0.00145424
0.0379106
9.86521e-34
9.86521e-34
4.2609e-34
0.00140353
0.00140353
4.2609e-34
0.00536257
0.00310609
0.00310609
0.00536257
0.00823482
0.0116957
0.00823482
0.0116957
0.0155906
0.0197162
0.0197162
0.0155906
0.02763
0.0238179
0.0309041
0.0334116
0.0238179
0.02763
0.0349927
0.0355275
0.0334116
0.0309041
0.0349927
0.00297243
0.0301095
0.029149
0.00507798
0.0272977
0.0246888
0.00773162
0.0215103
0.0179865
0.0108745
0.0143623
0.0108745
0.0143623
0.00773162
0.00507798
0.0179865
0.00297243
0.00135027
0.0215103
0.0246888
0.00135027
0.0272977
0.029149
0.0301095
9.21202e-34
9.21202e-34
3.99225e-34
0.00129574
0.00129574
3.99225e-34
0.00479148
0.00282527
0.00282527
0.00479148
0.00722053
0.0100593
0.00722053
0.0100593
0.0131503
0.016298
0.0131503
0.016298
0.0192794
0.0218697
0.0251471
0.0238802
0.0218697
0.0192794
0.0251471
0.0255848
0.0238802
0.0206636
0.0191919
0.00450153
0.017136
0.00671671
0.0146616
0.00450153
0.0119659
0.00925365
0.00925365
0.00671671
0.0119659
0.00268549
0.00123933
0.0146616
0.017136
0.00123933
0.0191919
0.0214308
0.0206636
0.0214308
0.00268549
8.50639e-34
8.50639e-34
0.00118201
3.70239e-34
0.00118201
3.70239e-34
0.0042126
0.00253481
0.00253481
0.0042126
0.0084637
0.00621254
0.0084637
0.00621254
0.0108147
0.0130874
0.0108147
0.0130874
0.0166697
0.0150981
0.0180164
0.0176752
0.0150981
0.0176752
0.0166697
0.00392372
0.0115855
0.00572011
0.00970419
0.00769336
0.00572011
0.00769336
0.00392372
0.00970419
0.00239175
0.00112345
0.0115855
0.013172
0.00112345
0.0143187
0.0143187
0.0149201
0.00239175
0.0149201
0.013172
7.7616e-34
7.7616e-34
3.39544e-34
0.00106433
0.00106433
3.39544e-34
0.0036386
0.00224045
0.00224045
0.0036386
0.0069476
0.00523443
0.00523443
0.0069476
0.00864142
0.0101634
0.0101634
0.00864142
0.0113743
0.0121483
0.0124188
0.0121483
0.0113743
0.00476437
0.00476437
0.00335678
0.00623024
0.00209678
0.00100458
0.00763042
0.00882954
0.00100458
0.00623024
0.00763042
0.00970626
0.0101689
0.0101689
0.00209678
0.00970626
0.00882954
0.00335678
6.99073e-34
6.99073e-34
3.07532e-34
0.000944593
0.000944593
3.07532e-34
0.00308112
0.00194754
0.00308112
0.00194754
0.00554482
0.00430737
0.00554482
0.00430737
0.0075886
0.00667884
0.00667884
0.0075886
0.00818181
0.00838388
0.00818181
0.00180569
0.000884537
0.00489482
0.00578706
0.000884537
0.00644655
0.00281162
0.0067971
0.0067971
0.00489482
0.00180569
0.00644655
0.00578706
0.00281162
0.00386906
0.00386906
6.20613e-34
6.20613e-34
2.74553e-34
0.000824515
0.000824515
2.74553e-34
0.00166081
0.00255024
0.00166081
0.00255024
0.00428219
0.003449
0.00428219
0.003449
0.0054046
0.00496255
0.00496255
0.00556132
0.0054046
0.00370967
0.00420219
0.000764897
0.000764897
0.00446548
0.00446548
0.00152285
0.00420219
0.00370967
0.00304968
0.00229729
0.00229729
0.00304968
0.00152285
5.41896e-34
5.41896e-34
2.40909e-34
0.000705544
2.40909e-34
0.000705544
0.00138415
0.00205389
0.00138415
0.00205389
0.00317748
0.00267231
0.00317748
0.00267231
0.00362646
0.00351214
0.00351214
0.000646957
0.00288611
0.00288611
0.00268723
0.00125169
0.00231653
0.00182048
0.00182048
0.00125169
0.000646957
0.00231653
0.00268723
4.63869e-34
4.63869e-34
2.06839e-34
0.000588806
0.000588806
2.06839e-34
0.00159734
0.00112039
0.00112039
0.00159734
0.00198449
0.00223731
0.00198449
0.00223731
0.00232763
0.00167349
0.000994479
0.00138491
0.000994479
0.000531662
0.00138491
0.00167349
0.000531662
0.00182772
0.00182772
3.87268e-34
3.87268e-34
1.72517e-34
0.000475059
0.000475059
1.72517e-34
0.00118268
0.000871148
0.000871148
0.00118268
0.0013858
0.0013858
0.00145499
0.000752187
0.000752187
0.000419569
0.000990891
0.00111699
0.000419569
0.00111699
0.000990891
3.12587e-34
3.12587e-34
1.38057e-34
0.000364655
1.38057e-34
0.000364655
0.000636604
0.000808341
0.000636604
0.000808341
0.000868432
0.000634819
0.000310821
0.000634819
0.000524308
0.000310821
0.000524308
2.40057e-34
2.40057e-34
0.00025753
1.03517e-34
0.00025753
1.03517e-34
0.000415436
0.000415436
0.000468601
0.000205148
0.000308768
0.000205148
0.000308768
1.69634e-34
1.69634e-34
6.89253e-35
0.000153211
0.000153211
6.89253e-35
0.00020472
0.000101885
0.000101885
1.01009e-34
1.01009e-34
3.43014e-35
3.43014e-35
5.08425e-05
6.89544e-38
3.36192e-35
3.36192e-35
