8.2055e-38
3.68252e-35
3.68252e-35
3.76517e-35
1.10584e-34
5.57301e-05
0.000111663
3.76517e-35
1.10584e-34
0.000111663
7.57008e-35
0.000224733
1.85604e-34
0.000167888
0.000224281
0.000338133
0.000338133
0.000167888
0.000224733
1.85604e-34
7.57008e-35
1.13735e-34
0.000340265
2.6246e-34
0.000282037
0.000573346
0.000693642
0.00045462
0.00051268
1.13735e-34
0.000340265
0.00045462
0.000693642
0.000573346
0.000282037
2.6246e-34
1.51738e-34
0.000399051
0.000458933
3.41462e-34
0.000695521
0.00082102
0.00107934
0.000881956
0.00121524
0.000946931
0.00121524
0.000881956
0.000399051
3.41462e-34
0.000458933
1.51738e-34
0.00082102
0.000695521
0.00107934
1.89682e-34
4.22645e-34
0.000519406
0.000581004
0.00094993
0.00108323
0.00150319
0.00128602
0.000581004
4.22645e-34
0.000519406
1.89682e-34
0.00197551
0.00157797
0.00181144
0.00150386
0.00150386
0.00150319
0.00181144
0.00094993
0.00197551
0.00128602
0.00108323
2.27496e-34
0.000706307
5.05755e-34
0.00064315
0.00121916
0.00136046
0.00196878
0.00173061
0.00241002
0.0021424
0.00249447
0.00288494
5.05755e-34
0.000706307
0.00064315
2.27496e-34
0.00121916
0.00196878
0.00136046
0.00173061
0.00250524
0.00309371
0.00241002
0.00309371
0.00249447
0.00288494
0.0021424
2.65054e-34
0.000834241
5.9026e-34
0.000769895
0.00150296
0.00165167
0.00247573
0.00221724
0.00395768
0.00340031
0.00287034
0.00326785
0.00374983
0.00447012
0.00474337
0.00386913
2.65054e-34
0.000834241
5.9026e-34
0.000769895
0.00150296
0.00165167
0.00247573
0.00221724
0.00447012
0.00395768
0.00326785
0.00474337
0.00287034
0.00374983
0.00340031
3.02157e-34
0.000963793
6.75375e-34
0.000898827
0.00179965
0.00195447
0.00302015
0.00274374
0.00412754
0.00519338
0.00455546
0.00368733
0.0052608
0.00611576
0.00679538
0.00571789
0.000898827
3.02157e-34
0.000963793
6.75375e-34
0.00587959
0.00715601
0.00715601
0.00571789
0.00195447
0.00302015
0.00179965
0.00274374
0.00455546
0.00611576
0.00679538
0.00412754
0.00368733
0.0052608
0.00519338
3.38537e-34
0.00109358
7.60092e-34
0.00102874
0.00330464
0.00210625
0.00226528
0.0035952
0.00506303
0.00657937
0.00586869
0.00458599
0.00703802
0.00802012
0.00924979
0.0079731
0.00858151
0.0101469
0.0106198
0.00878867
7.60092e-34
0.00102874
3.38537e-34
0.00109358
0.0035952
0.00226528
0.00330464
0.00210625
0.0106198
0.0101469
0.00858151
0.0079731
0.00586869
0.00458599
0.00506303
0.00657937
0.00802012
0.00924979
0.00703802
3.73858e-34
0.00122193
8.43226e-34
0.0011581
0.0024187
0.00419153
0.00389178
0.00257954
0.0011581
0.00122193
8.43226e-34
3.73858e-34
0.0060585
0.00809275
0.00732192
0.00555306
0.0090616
0.0120773
0.0106194
0.0101548
0.0126455
0.0136949
0.0148624
0.011856
0.0154742
0.0129212
0.0126455
0.0154742
0.00257954
0.00419153
0.00389178
0.0024187
0.00809275
0.0060585
0.00732192
0.00555306
0.0148624
0.0136949
0.0101548
0.011856
0.0120773
0.0090616
0.0106194
4.07728e-34
0.00134691
9.23464e-34
0.00128508
0.00273206
0.00289193
0.00479794
0.00449481
0.00128508
0.00134691
9.23464e-34
4.07728e-34
0.007094
0.00970252
0.00888795
0.00657054
0.00289193
0.00449481
0.00479794
0.00273206
0.0112955
0.0124768
0.0136149
0.0152247
0.01726
0.0177411
0.0198288
0.0156622
0.0220997
0.0186278
0.0213218
0.0182813
0.0182813
0.0220997
0.0213218
0.01726
0.00657054
0.00970252
0.007094
0.00888795
0.0198288
0.0136149
0.0152247
0.0124768
0.0112955
0.0156622
0.0177411
4.39715e-34
0.00140768
0.00146643
9.99415e-34
0.00304076
0.00319662
0.00540184
0.00510176
0.00814654
0.0113716
0.0105325
0.00761685
0.00140768
0.00146643
9.99415e-34
4.39715e-34
0.00540184
0.00319662
0.00510176
0.00304076
0.0136909
0.0149322
0.0186198
0.0168963
0.00814654
0.0105325
0.00761685
0.0113716
0.0199254
0.022197
0.0254187
0.0225532
0.0245905
0.0258738
0.0280602
0.0299334
0.0309049
0.0258738
0.0263169
0.0309049
0.0245905
0.0280602
0.0299334
0.0225532
0.0149322
0.022197
0.0168963
0.0136909
0.0254187
0.0199254
0.0186198
4.69361e-34
1.06967e-33
0.00152375
0.00157836
0.00333881
0.00348751
0.0059899
0.0056996
0.00919121
0.0130589
0.0122162
0.00866795
0.00152375
0.00157836
1.06967e-33
4.69361e-34
0.0161895
0.0174592
0.0221769
0.020384
0.0059899
0.00348751
0.0056996
0.00333881
0.0122162
0.0130589
0.00919121
0.00866795
0.0269511
0.0245449
0.0314965
0.028406
0.0174592
0.0161895
0.020384
0.0221769
0.0342538
0.0317186
0.0388105
0.0355344
0.0358516
0.041118
0.036392
0.0423096
0.0423096
0.0342538
0.0358516
0.041118
0.0317186
0.028406
0.0245449
0.0355344
0.0269511
0.0314965
0.0388105
4.96203e-34
0.00168055
1.13286e-33
0.00163115
0.00362008
0.00375844
0.00654852
0.00627478
0.0102023
0.0147209
0.00969841
0.0138965
0.0187267
0.019991
0.0258007
0.0239869
0.00163115
0.00168055
1.13286e-33
4.96203e-34
0.00375844
0.00654852
0.00627478
0.00362008
0.0379008
0.031876
0.0294004
0.0346687
0.0147209
0.0102023
0.0138965
0.00969841
0.0239869
0.0187267
0.019991
0.0258007
0.0485083
0.0435722
0.0394893
0.0435499
0.0294004
0.0379008
0.031876
0.0346687
0.0486214
0.0466822
0.0552901
0.0524974
0.0567276
0.0492857
0.0486214
0.0567276
0.0435722
0.0485083
0.0435499
0.0466822
0.0552901
0.0524974
0.0394893
5.19792e-34
0.00177096
1.1877e-33
0.00172777
0.0038785
0.00400348
0.00706437
0.00681377
0.0111541
0.0106824
0.0163138
0.0155296
0.0212345
0.0224591
0.0293914
0.027607
5.19792e-34
1.1877e-33
0.00172777
0.00177096
0.0411701
0.034359
0.0368347
0.0444529
0.0038785
0.00400348
0.00706437
0.00681377
0.0163138
0.0111541
0.0155296
0.0106824
0.0518846
0.0587618
0.0535832
0.0476929
0.027607
0.0293914
0.0212345
0.0224591
0.034359
0.0368347
0.0411701
0.0444529
0.0647398
0.0695137
0.0585338
0.0622696
0.0587618
0.0518846
0.0476929
0.0535832
0.0653869
0.0646004
0.0745466
0.0728398
0.0647398
0.0745466
0.0695137
0.0728398
0.0622696
0.0646004
0.0585338
5.39713e-34
0.0018477
1.23303e-33
0.00181164
0.00410833
0.00421708
0.00752487
0.00730356
0.0115948
0.0120221
0.0177949
0.017072
0.0236443
0.0247953
0.0328482
0.0311434
0.00181164
0.0018477
1.23303e-33
5.39713e-34
0.0477264
0.0392811
0.0416864
0.0509657
0.00410833
0.00730356
0.00752487
0.00421708
0.0692783
0.0640061
0.0602997
0.0560976
0.0120221
0.0177949
0.017072
0.0115948
0.0311434
0.0328482
0.0247953
0.0236443
0.077499
0.084585
0.0769697
0.0710794
0.0509657
0.0392811
0.0416864
0.0477264
0.0692783
0.0602997
0.0560976
0.0640061
0.0841434
0.0814005
0.0902101
0.0941123
0.0769697
0.0710794
0.084585
0.077499
0.0961101
0.0850777
0.0841434
0.0814005
0.0941123
0.0902101
0.0961101
5.55598e-34
0.00190915
1.26789e-33
0.00188098
0.0043043
0.00439433
0.00791858
0.00773209
0.00188098
0.00190915
1.26789e-33
5.55598e-34
0.0124119
0.0127836
0.0191241
0.018482
0.0258894
0.0269348
0.0360732
0.0344964
0.0572506
0.0541488
0.0440261
0.0462919
0.00773209
0.0043043
0.00791858
0.00439433
0.0685504
0.0745396
0.079751
0.0644605
0.0124119
0.0191241
0.018482
0.0127836
0.092303
0.0904032
0.100067
0.083958
0.0360732
0.0269348
0.0344964
0.0258894
0.0572506
0.0462919
0.0440261
0.0541488
0.10438
0.108341
0.114874
0.0992157
0.079751
0.0685504
0.0644605
0.0745396
0.100067
0.092303
0.083958
0.0904032
0.107579
0.108657
0.121698
0.119391
0.10438
0.0992157
0.108341
0.114874
0.121698
0.107579
0.119391
5.67147e-34
0.00195397
1.29151e-33
0.00193432
0.00446185
0.00453105
0.00823565
0.00808866
0.0131122
0.0134186
0.020265
0.0197214
0.00193432
0.00195397
1.29151e-33
5.67147e-34
0.00808866
0.00823565
0.00446185
0.00453105
0.0279072
0.0288179
0.0389749
0.0375709
0.0505187
0.0631248
0.0602507
0.0484576
0.0763948
0.0848746
0.0898714
0.072537
0.0131122
0.0197214
0.020265
0.0134186
0.103071
0.115503
0.10782
0.0967912
0.0279072
0.0375709
0.0288179
0.0389749
0.126698
0.136225
0.117527
0.125515
0.0602507
0.0631248
0.0505187
0.0484576
0.0763948
0.0848746
0.072537
0.0898714
0.135137
0.143715
0.148878
0.13147
0.10782
0.103071
0.115503
0.0967912
0.117527
0.136225
0.125515
0.126698
0.136382
0.13147
0.151511
0.151511
0.135137
0.143715
0.148878
5.74137e-34
0.00198118
1.30337e-33
0.00197047
0.00457727
0.00462402
0.00846804
0.0083643
0.0136773
0.0139102
0.0211866
0.0207563
0.0296414
0.0402793
0.0303918
0.0414705
0.00197047
0.00198118
1.30337e-33
5.74137e-34
0.00462402
0.0083643
0.00846804
0.00457727
0.0207563
0.0211866
0.0139102
0.0136773
0.0542447
0.0684171
0.0658545
0.0524477
0.0947058
0.0993403
0.0800901
0.0836025
0.130433
0.12306
0.115127
0.109199
0.0402793
0.0296414
0.0414705
0.0303918
0.135792
0.144734
0.157528
0.146922
0.0524477
0.0542447
0.0658545
0.0684171
0.156048
0.176849
0.162816
0.168362
0.0993403
0.0836025
0.0947058
0.0800901
0.130433
0.115127
0.12306
0.109199
0.185655
0.166988
0.182684
0.168391
0.135792
0.144734
0.146922
0.157528
0.162816
0.156048
0.185655
0.182684
0.168362
0.166988
0.176849
5.7643e-34
0.00199016
1.30321e-33
0.00198865
0.00464781
0.00467101
0.00860986
0.008552
0.0140921
0.0142453
0.0218635
0.0215583
0.00198865
0.00199016
1.30321e-33
5.7643e-34
0.0310432
0.0434892
0.0425446
0.0316124
0.0573628
0.0729736
0.0707971
0.0558816
0.008552
0.00860986
0.00467101
0.00464781
0.0215583
0.0218635
0.0142453
0.0140921
0.0310432
0.0316124
0.0425446
0.0434892
0.103743
0.0868981
0.107878
0.0899621
0.144411
0.137568
0.126212
0.120811
0.153463
0.161908
0.178144
0.167961
0.0707971
0.0558816
0.0573628
0.0729736
0.192592
0.19087
0.204774
0.180578
0.0868981
0.103743
0.107878
0.0899621
0.203172
0.214287
0.220811
0.198494
0.137568
0.144411
0.126212
0.120811
0.178144
0.161908
0.167961
0.153463
0.22413
0.204754
0.203172
0.22413
0.192592
0.180578
0.220811
0.204774
0.19087
0.198494
0.214287
5.73982e-34
0.00198073
1.29103e-33
0.00198844
0.00467177
0.00467088
0.00865747
0.00864699
0.0143455
0.0144152
0.0222772
0.0221056
0.0320736
0.0324457
0.0449734
0.0443024
0.00198844
0.00198073
1.29103e-33
5.73982e-34
0.00467088
0.00864699
0.00865747
0.00467177
0.0597831
0.0766619
0.0749346
0.0586604
0.0952875
0.115233
0.111719
0.0927614
0.0144152
0.0143455
0.0221056
0.0222772
0.0443024
0.0320736
0.0449734
0.0324457
0.0597831
0.0586604
0.0766619
0.0749346
0.150912
0.15702
0.135998
0.131285
0.170011
0.177708
0.197455
0.188
0.215674
0.204323
0.231809
0.218455
0.0927614
0.111719
0.0952875
0.115233
0.255923
0.245366
0.238439
0.229954
0.131285
0.135998
0.15702
0.150912
0.243649
0.263151
0.266822
0.2454
0.197455
0.188
0.170011
0.177708
0.204323
0.215674
0.218455
0.231809
0.243649
0.238439
0.266822
0.263151
0.229954
0.245366
0.255923
5.66843e-34
0.00195308
1.26711e-33
0.00196986
0.00464858
0.00462366
0.00860968
0.00864685
0.0223829
0.0144309
0.0144151
0.0224163
0.00196986
0.00195308
1.26711e-33
5.66843e-34
0.0327037
0.0328682
0.0458812
0.0455028
0.0614363
0.0793753
0.0781473
0.0607041
0.00462366
0.00864685
0.00860968
0.00464858
0.0223829
0.0224163
0.0144309
0.0144151
0.0994232
0.121189
0.118399
0.0975086
0.144196
0.162694
0.14031
0.167887
0.0455028
0.0458812
0.0328682
0.0327037
0.0781473
0.0607041
0.0614363
0.0793753
0.121189
0.0994232
0.0975086
0.118399
0.184942
0.206438
0.214881
0.19166
0.226567
0.236914
0.25714
0.244737
0.273129
0.289927
0.260418
0.274983
0.14031
0.162694
0.167887
0.144196
0.282501
0.288234
0.301537
0.309473
0.184942
0.214881
0.206438
0.19166
0.3135
0.3135
0.29017
0.288234
0.236914
0.25714
0.226567
0.244737
0.309473
0.301537
0.274983
0.260418
0.289927
0.282501
0.273129
5.55156e-34
0.00190785
1.23197e-33
0.00193331
0.0045788
0.00453046
0.00846769
0.00855157
0.0222771
0.0223829
0.014346
0.0142451
0.0329157
0.0328682
0.0461866
0.0461115
0.00193331
0.00190785
1.23197e-33
5.55156e-34
0.00453046
0.00855157
0.00846769
0.0045788
0.0622749
0.0810353
0.080342
0.0619542
0.102249
0.125573
0.123588
0.101002
0.0223829
0.0222771
0.0142451
0.014346
0.0461115
0.0329157
0.0461866
0.0328682
0.150564
0.17669
0.147619
0.172565
0.197811
0.222723
0.229903
0.203352
0.0622749
0.0619542
0.0810353
0.080342
0.101002
0.123588
0.125573
0.102249
0.147619
0.172565
0.17669
0.150564
0.246643
0.268925
0.255676
0.280004
0.288963
0.321794
0.302243
0.30619
0.338125
0.32013
0.350787
0.330376
0.197811
0.222723
0.203352
0.229903
0.363811
0.33665
0.338756
0.359429
0.246643
0.255676
0.280004
0.268925
0.33665
0.363811
0.359429
0.330376
0.30619
0.302243
0.288963
0.321794
0.338125
0.32013
0.350787
5.39148e-34
0.00184603
1.18638e-33
0.00187962
0.00446408
0.00439352
0.00823514
0.00836359
0.0139098
0.0218633
0.0221053
0.014093
0.00187962
0.00184603
1.18638e-33
5.39148e-34
0.0327038
0.0324456
0.0458812
0.0461115
0.0622749
0.081594
0.0623749
0.0814554
0.00439352
0.00836359
0.00823514
0.00446408
0.0221053
0.0218633
0.014093
0.0139098
0.103683
0.128255
0.127133
0.103139
0.180234
0.154916
0.183169
0.152998
0.0324456
0.0327038
0.0458812
0.0461115
0.0623749
0.0814554
0.081594
0.0622749
0.208236
0.212435
0.236369
0.242073
0.26395
0.2714
0.299716
0.290294
0.103683
0.128255
0.103139
0.127133
0.183169
0.154916
0.152998
0.180234
0.242073
0.208236
0.236369
0.212435
0.314731
0.336622
0.326327
0.350562
0.38951
0.371807
0.370547
0.355398
0.388471
0.403212
0.412552
0.381677
0.26395
0.299716
0.2714
0.290294
0.388471
0.417285
0.390763
0.417285
0.350562
0.336622
0.314731
0.326327
0.381677
0.38951
0.371807
0.403212
0.412552
0.355398
0.370547
5.19127e-34
0.00176896
1.13133e-33
0.00180995
0.00430716
0.00808771
0.00421609
0.00791792
0.0134181
0.0211863
0.021558
0.0136787
0.00180995
0.00176896
1.13133e-33
5.19127e-34
0.032074
0.0316123
0.0449734
0.0455027
0.00421609
0.00808771
0.00791792
0.00430716
0.0614363
0.0619541
0.0810354
0.0814555
0.103683
0.129157
0.128933
0.103858
0.0136787
0.021558
0.0211863
0.0134181
0.0316123
0.0455027
0.032074
0.0449734
0.185475
0.157125
0.187134
0.15629
0.218644
0.21591
0.251031
0.246973
0.0619541
0.0810354
0.0814555
0.0614363
0.128933
0.129157
0.103683
0.103858
0.277972
0.315689
0.308203
0.283619
0.375368
0.336948
0.346513
0.36351
0.187134
0.157125
0.15629
0.185475
0.21591
0.246973
0.251031
0.218644
0.277972
0.283619
0.308203
0.315689
0.40753
0.387238
0.401567
0.424473
0.443523
0.458244
0.435868
0.423884
0.473344
0.445647
0.468268
0.443191
0.36351
0.346513
0.336948
0.375368
0.473344
0.443191
0.468268
0.435868
0.458244
0.40753
0.443523
0.387238
0.423884
0.401567
0.424473
4.95462e-34
0.0016783
1.06797e-33
0.00172582
0.00172582
0.0016783
1.06797e-33
4.95462e-34
0.00411174
0.00752408
0.00773091
0.00400233
0.012783
0.0202647
0.0207558
0.0131141
0.0310438
0.0303916
0.0434891
0.0443024
0.00773091
0.00752408
0.00411174
0.00400233
0.0607039
0.0597832
0.0793754
0.0803421
0.0207558
0.0202647
0.012783
0.0131141
0.102249
0.128255
0.128933
0.103138
0.157125
0.188468
0.188135
0.157398
0.0303916
0.0443024
0.0310438
0.0434891
0.0597832
0.0793754
0.0607039
0.0803421
0.220606
0.221794
0.256514
0.254221
0.288295
0.291971
0.32212
0.327448
0.128255
0.102249
0.103138
0.128933
0.157125
0.157398
0.188135
0.188468
0.354952
0.3622
0.39547
0.386048
0.414694
0.454622
0.426514
0.440209
0.220606
0.254221
0.221794
0.256514
0.288295
0.327448
0.291971
0.32212
0.354952
0.39547
0.386048
0.3622
0.499501
0.479508
0.461993
0.479144
0.5259
0.515212
0.492341
0.500162
0.500162
0.502798
0.53131
0.53131
0.414694
0.440209
0.454622
0.426514
0.5259
0.479508
0.492341
0.515212
0.479144
0.499501
0.461993
4.68574e-34
0.00157591
9.97596e-34
0.001629
0.00388236
0.00375717
0.00706348
0.0073022
0.001629
0.00157591
9.97596e-34
4.68574e-34
0.0073022
0.00706348
0.00388236
0.00375717
0.0120214
0.0191237
0.0197208
0.0124141
0.0296421
0.0288177
0.0414705
0.0425445
0.0586601
0.0573628
0.0766621
0.0781475
0.0124141
0.0120214
0.0197208
0.0191237
0.0994234
0.125573
0.127134
0.101001
0.0425445
0.0414705
0.0296421
0.0288177
0.154916
0.187134
0.188135
0.156289
0.222187
0.25836
0.257899
0.221794
0.0586601
0.0766621
0.0573628
0.0781475
0.125573
0.127134
0.0994234
0.101001
0.296209
0.334645
0.294613
0.331634
0.368205
0.372924
0.410269
0.403564
0.187134
0.156289
0.188135
0.154916
0.221794
0.257899
0.222187
0.25836
0.436944
0.445902
0.479056
0.467603
0.518072
0.535082
0.494857
0.509005
0.331634
0.294613
0.296209
0.334645
0.372924
0.368205
0.410269
0.403564
0.436944
0.479056
0.467603
0.445902
0.57336
0.556698
0.536723
0.55036
0.56147
0.558681
0.584687
0.590416
0.558681
0.590416
0.55036
0.584687
0.494857
0.536723
0.535082
0.509005
0.556698
0.57336
0.518072
4.38916e-34
0.00152145
0.00146387
9.21578e-34
0.00362426
0.00348615
0.00654756
0.00681226
0.0111534
0.0177945
0.0184813
0.0115973
0.00152145
0.00146387
9.21578e-34
4.38916e-34
0.00348615
0.00681226
0.00654756
0.00362426
0.0184813
0.0177945
0.0111534
0.0115973
0.0279081
0.0269346
0.0389748
0.0402792
0.0558812
0.0542448
0.0729737
0.0749349
0.0975076
0.0952877
0.12119
0.123588
0.0269346
0.0402792
0.0279081
0.0389748
0.150565
0.183169
0.185476
0.152997
0.0558812
0.0729737
0.0749349
0.0542448
0.257899
0.220605
0.218644
0.256515
0.337068
0.296739
0.296209
0.336462
0.0952877
0.0975076
0.123588
0.12119
0.152997
0.185476
0.183169
0.150565
0.376318
0.419328
0.415537
0.378366
0.453325
0.497046
0.459156
0.488894
0.257899
0.220605
0.218644
0.256515
0.337068
0.296209
0.336462
0.296739
0.563918
0.550401
0.532214
0.521492
0.591477
0.574999
0.594723
0.614291
0.376318
0.419328
0.415537
0.378366
0.453325
0.497046
0.459156
0.488894
0.550401
0.521492
0.563918
0.532214
0.609147
0.643794
0.617926
0.63186
0.649828
0.649828
0.620882
0.617926
0.609147
0.614291
0.63186
0.643794
0.591477
0.594723
0.574999
4.06953e-34
8.41327e-34
0.00140531
0.0013443
0.00334319
0.00319523
0.00598889
0.00627317
0.0102015
0.0163133
0.0170712
0.0106851
0.00140531
0.0013443
8.41327e-34
4.06953e-34
0.0258903
0.024795
0.0360732
0.0375708
0.00319523
0.00627317
0.00598889
0.00334319
0.0106851
0.0102015
0.0170712
0.0163133
0.024795
0.0375708
0.0360732
0.0258903
0.0524473
0.0505188
0.0684173
0.0707974
0.0899624
0.115234
0.1184
0.09276
0.144196
0.17669
0.180235
0.147617
0.0524473
0.0707974
0.0684173
0.0505188
0.215909
0.251032
0.254221
0.212436
0.115234
0.1184
0.0899624
0.09276
0.291971
0.334645
0.294612
0.336462
0.422377
0.379048
0.378366
0.421614
0.17669
0.144196
0.147617
0.180235
0.254221
0.215909
0.251032
0.212436
0.503449
0.463352
0.465882
0.508057
0.548081
0.57553
0.541102
0.58515
0.291971
0.334645
0.294612
0.336462
0.422377
0.378366
0.379048
0.421614
0.647466
0.631915
0.61851
0.606021
0.671409
0.652672
0.667822
0.689831
0.463352
0.508057
0.503449
0.465882
0.58515
0.57553
0.541102
0.548081
0.606021
0.631915
0.61851
0.647466
0.680148
0.677055
0.702337
0.708659
0.708659
0.677055
0.667822
0.689831
0.702337
0.671409
0.652672
3.73143e-34
0.00121937
7.58233e-34
0.00128272
0.00128272
0.00121937
7.58233e-34
3.73143e-34
0.0030452
0.00289054
0.00540082
0.00569794
0.00919045
0.0147204
0.0155287
0.0097012
0.0236453
0.0224588
0.0328481
0.0344963
0.00569794
0.00540082
0.0030452
0.00289054
0.0484571
0.046292
0.063125
0.065855
0.0155287
0.00919045
0.0147204
0.0097012
0.0328481
0.0224588
0.0344963
0.0236453
0.0484571
0.065855
0.063125
0.046292
0.0868965
0.0836029
0.107879
0.111719
0.135999
0.167888
0.172566
0.140308
0.208234
0.246974
0.203352
0.242073
0.107879
0.111719
0.0836029
0.0868965
0.28362
0.331634
0.288293
0.327448
0.135999
0.140308
0.172566
0.167888
0.419328
0.421614
0.376317
0.372924
0.510836
0.466727
0.511764
0.465882
0.246974
0.208234
0.203352
0.242073
0.331634
0.288293
0.28362
0.327448
0.556133
0.598147
0.592708
0.553105
0.63699
0.660824
0.671892
0.628862
0.372924
0.376317
0.421614
0.419328
0.511764
0.465882
0.466727
0.510836
0.727145
0.70215
0.709654
0.687948
0.725504
0.735142
0.7594
0.746362
0.553105
0.556133
0.592708
0.598147
0.628862
0.63699
0.671892
0.660824
0.70215
0.727145
0.687948
0.709654
0.738385
0.765989
0.765989
0.735142
0.746362
0.7594
0.725504
3.37919e-34
0.00109115
6.73606e-34
0.00115581
3.37919e-34
0.00115581
0.00109115
6.73606e-34
0.00273643
0.00257819
0.00479693
0.00510011
0.00510011
0.00479693
0.00273643
0.00257819
0.00867078
0.00814578
0.0130584
0.0138956
0.0212355
0.0199907
0.0293913
0.0311433
0.0440255
0.0416865
0.0572509
0.0602512
0.0138956
0.0130584
0.00814578
0.00867078
0.0800883
0.0763952
0.0993409
0.103744
0.0199907
0.0311433
0.0293913
0.0212355
0.0440255
0.0602512
0.0572509
0.0416865
0.0763952
0.0800883
0.103744
0.0993409
0.126213
0.157021
0.162695
0.131283
0.197808
0.229903
0.191661
0.23637
0.322121
0.27797
0.271401
0.31569
0.126213
0.157021
0.162695
0.131283
0.415538
0.362201
0.368203
0.41027
0.191661
0.23637
0.229903
0.197808
0.508057
0.510836
0.459156
0.463351
0.556133
0.601426
0.602522
0.557145
0.322121
0.31569
0.271401
0.27797
0.368203
0.415538
0.362201
0.41027
0.686845
0.642843
0.646369
0.680587
0.723166
0.75462
0.74217
0.713923
0.508057
0.463351
0.459156
0.510836
0.557145
0.601426
0.556133
0.602522
0.764773
0.781249
0.800528
0.780582
0.791282
0.794642
0.814056
0.82089
0.646369
0.642843
0.680587
0.686845
0.75462
0.713923
0.74217
0.723166
0.82089
0.764773
0.814056
0.791282
0.781249
0.800528
0.780582
0.0010266
0.000961553
5.88626e-34
3.01673e-34
3.01673e-34
0.000961553
5.88626e-34
0.0010266
0.00242286
0.00226402
0.00419057
0.00449321
0.00242286
0.00226402
0.00449321
0.00419057
0.00709326
0.0113711
0.0122153
0.00761964
0.0122153
0.0113711
0.00709326
0.00761964
0.0187277
0.0174589
0.0258006
0.0276069
0.0392805
0.0368348
0.050966
0.0541492
0.0725351
0.0685509
0.089872
0.0947068
0.0258006
0.0174589
0.0276069
0.0187277
0.120809
0.115128
0.144412
0.150913
0.0368348
0.0392805
0.0541492
0.050966
0.089872
0.0725351
0.0947068
0.0685509
0.120809
0.150913
0.144412
0.115128
0.222724
0.184939
0.177709
0.214882
0.308204
0.263946
0.299717
0.255677
0.403565
0.346513
0.39547
0.354949
0.222724
0.214882
0.184939
0.177709
0.50345
0.445903
0.497046
0.453323
0.308204
0.255677
0.263946
0.299717
0.548081
0.598147
0.553104
0.601426
0.690617
0.691878
0.64755
0.64637
0.403565
0.39547
0.346513
0.354949
0.445903
0.453323
0.50345
0.497046
0.733832
0.771439
0.7644
0.729823
0.803976
0.817089
0.830812
0.793687
0.553104
0.598147
0.601426
0.548081
0.64637
0.64755
0.690617
0.691878
0.834158
0.851419
0.86539
0.84453
0.84453
0.848019
0.872445
0.872445
0.7644
0.729823
0.771439
0.733832
0.803976
0.830812
0.817089
0.86539
0.851419
0.793687
0.834158
0.000896893
0.000832263
5.04294e-34
2.64734e-34
0.00389028
0.00359431
0.00211008
0.00195333
2.64734e-34
0.000832263
5.04294e-34
0.000896893
0.00211008
0.00195333
0.00359431
0.00389028
0.00605781
0.00970203
0.0105317
0.00657319
0.00970203
0.00605781
0.00657319
0.0105317
0.0161905
0.0149319
0.0221768
0.0239868
0.0149319
0.0239868
0.0221768
0.0161905
0.0343584
0.0318761
0.0444532
0.0477269
0.0644584
0.0603002
0.0797516
0.0848756
0.103072
0.130434
0.137569
0.109195
0.0318761
0.0343584
0.0477269
0.0444532
0.170007
0.161909
0.197456
0.20644
0.0603002
0.0797516
0.0644584
0.0848756
0.130434
0.109195
0.137569
0.103072
0.161909
0.20644
0.170007
0.197456
0.236915
0.246639
0.280005
0.290295
0.386049
0.326328
0.375369
0.336945
0.479057
0.426514
0.488895
0.436941
0.290295
0.280005
0.236915
0.246639
0.532215
0.592708
0.585151
0.5411
0.326328
0.336945
0.386049
0.375369
0.686845
0.636991
0.690617
0.642842
0.735175
0.777101
0.775682
0.733832
0.488895
0.479057
0.436941
0.426514
0.592708
0.5411
0.532215
0.585151
0.841591
0.811387
0.81585
0.84935
0.876963
0.865729
0.898157
0.883309
0.686845
0.642842
0.636991
0.690617
0.735175
0.777101
0.775682
0.733832
0.897588
0.91252
0.894006
0.919773
0.894006
0.91252
0.883309
0.919773
0.841591
0.81585
0.84935
0.811387
0.898157
0.876963
0.865729
0.000768223
0.000704643
4.21384e-34
2.27367e-34
0.00330328
0.00301937
0.00180304
0.00165069
2.27367e-34
0.000704643
4.21384e-34
0.000768223
0.00888717
0.00809229
0.0050624
0.00555551
0.00180304
0.00165069
0.00301937
0.00330328
0.0050624
0.00809229
0.00888717
0.00555551
0.0136919
0.0124765
0.0186198
0.0203839
0.0203839
0.0186198
0.0136919
0.0124765
0.0293999
0.0269512
0.0379011
0.0411706
0.0293999
0.0411706
0.0379011
0.0269512
0.0560955
0.051885
0.0692789
0.0745407
0.0967879
0.090404
0.115504
0.123061
0.153459
0.144735
0.178145
0.188002
0.0692789
0.0560955
0.0745407
0.051885
0.268927
0.226562
0.257141
0.215675
0.090404
0.115504
0.123061
0.0967879
0.144735
0.188002
0.178145
0.153459
0.268927
0.215675
0.226562
0.257141
0.350563
0.302244
0.363512
0.314727
0.454623
0.467605
0.401568
0.41469
0.575531
0.509006
0.563919
0.521489
0.302244
0.363512
0.350563
0.314727
0.61851
0.671893
0.680587
0.62886
0.401568
0.454623
0.467605
0.41469
0.723166
0.771439
0.729822
0.775682
0.817345
0.81585
0.854027
0.855591
0.521489
0.509006
0.575531
0.563919
0.680587
0.62886
0.671893
0.61851
0.90982
0.918215
0.889927
0.885055
0.938831
0.927869
0.939919
0.954623
0.729822
0.771439
0.723166
0.775682
0.855591
0.817345
0.81585
0.854027
0.942517
0.938831
0.962047
0.962047
0.90982
0.889927
0.927869
0.954623
0.885055
0.918215
0.939919
0.000641778
0.000579688
3.40416e-34
1.89758e-34
0.00274255
0.00247506
0.00150583
0.00135965
1.89758e-34
0.000579688
3.40416e-34
0.000641778
0.0073212
0.00657896
0.00412699
0.00458818
0.00150583
0.00135965
0.00247506
0.00274255
0.0168962
0.0152246
0.0112964
0.0101545
0.00412699
0.00657896
0.0073212
0.00458818
0.0112964
0.0101545
0.0152246
0.0168962
0.0245444
0.0221971
0.0314968
0.0346692
0.0245444
0.0346692
0.0314968
0.0221971
0.0476909
0.0435503
0.0587624
0.0640072
0.0435503
0.0476909
0.0640072
0.0587624
0.0774998
0.100068
0.107822
0.0839547
0.135787
0.126699
0.157529
0.167963
0.204318
0.244739
0.192593
0.231811
0.0774998
0.107822
0.100068
0.0839547
0.274984
0.336624
0.321795
0.288958
0.126699
0.157529
0.167963
0.135787
0.231811
0.192593
0.244739
0.204318
0.321795
0.274984
0.288958
0.336624
0.440211
0.371808
0.424474
0.387234
0.479145
0.550403
0.535083
0.494853
0.591478
0.647466
0.660825
0.606018
0.424474
0.440211
0.371808
0.387234
0.754621
0.702151
0.713921
0.7644
0.550403
0.494853
0.479145
0.535083
0.803976
0.84935
0.811386
0.854027
0.924968
0.891561
0.889928
0.923276
0.660825
0.591478
0.606018
0.647466
0.754621
0.713921
0.7644
0.702151
0.948598
0.967028
0.975957
0.953824
0.990949
0.978238
0.981991
0.998517
0.854027
0.803976
0.84935
0.811386
0.891561
0.923276
0.889928
0.924968
0.953824
0.967028
0.975957
0.978238
0.998517
0.990949
0.948598
0.000518355
0.000457978
2.61628e-34
1.52025e-34
0.00221626
0.00196824
0.00122145
0.00108262
1.52025e-34
0.000457978
2.61628e-34
0.000518355
0.00586804
0.00519302
0.00326739
0.00368922
0.00122145
0.00108262
0.00196824
0.00221626
0.0136148
0.0120772
0.00906248
0.00801988
0.00326739
0.00519302
0.00586804
0.00368922
0.019925
0.0284065
0.025419
0.0177412
0.00906248
0.00801988
0.0120772
0.0136148
0.019925
0.0177412
0.025419
0.0284065
0.0394874
0.0355348
0.0485088
0.0535842
0.0394874
0.0535842
0.0355348
0.0485088
0.0710762
0.0647405
0.0845859
0.0923045
0.0845859
0.0647405
0.0710762
0.0923045
0.117523
0.108342
0.136226
0.146924
0.218457
0.180573
0.168364
0.204775
0.289929
0.306192
0.245368
0.260412
0.108342
0.146924
0.136226
0.117523
0.338126
0.389511
0.407532
0.355393
0.204775
0.168364
0.218457
0.180573
0.289929
0.245368
0.306192
0.260412
0.338126
0.389511
0.355393
0.407532
0.518074
0.499502
0.443524
0.461988
0.556699
0.614292
0.631917
0.574995
0.727146
0.687945
0.742171
0.67141
0.518074
0.499502
0.443524
0.461988
0.793686
0.780582
0.841592
0.830812
0.614292
0.574995
0.556699
0.631917
0.918215
0.876963
0.885054
0.923276
0.983139
0.981339
0.955577
0.953824
0.67141
0.727146
0.687945
0.742171
0.830812
0.841592
0.793686
0.780582
1.0115
1.02084
1.0001
1.00562
1.01533
1.02853
1.02853
1.0115
0.885054
0.918215
0.923276
0.876963
0.981339
1.02084
0.955577
0.983139
1.00562
1.0001
0.953824
0.000398318
0.000339655
1.84968e-34
1.14219e-34
1.14219e-34
0.000339655
1.84968e-34
0.000398318
0.00172983
0.00150279
0.000951632
0.000820589
0.0045549
0.00395737
0.0024941
0.0028719
0.000951632
0.000820589
0.00150279
0.00172983
0.00611553
0.0106193
0.00924969
0.00703884
0.0024941
0.00395737
0.0045549
0.0028719
0.0156619
0.0225536
0.019829
0.0136949
0.00703884
0.00611553
0.00924969
0.0106193
0.0317169
0.0435731
0.038811
0.0280605
0.0156619
0.0136949
0.019829
0.0225536
0.0317169
0.0280605
0.038811
0.0435731
0.0585307
0.0524981
0.0695146
0.0769712
0.0585307
0.0769712
0.0695146
0.0524981
0.0992114
0.0902111
0.114875
0.125517
0.125517
0.0902111
0.114875
0.0992114
0.190872
0.156042
0.176851
0.143717
0.214288
0.229949
0.273131
0.255925
0.301539
0.370549
0.350788
0.320125
0.176851
0.143717
0.190872
0.156042
0.403213
0.47951
0.458245
0.423879
0.214288
0.255925
0.229949
0.273131
0.350788
0.301539
0.370549
0.320125
0.47951
0.403213
0.458245
0.423879
0.594725
0.515213
0.573361
0.536719
0.689832
0.631861
0.709655
0.652668
0.76477
0.746362
0.800529
0.81709
0.515213
0.573361
0.594725
0.536719
0.85142
0.909821
0.865728
0.898157
0.631861
0.709655
0.652668
0.689832
0.939919
0.975957
0.948598
0.981339
1.02836
1.00562
1.00747
1.02647
0.76477
0.81709
0.800529
0.746362
0.865728
0.898157
0.85142
0.909821
1.05153
1.0419
1.03803
1.04376
1.04376
1.02647
1.03803
1.05153
0.975957
0.948598
0.939919
0.981339
1.00747
1.02836
1.00562
7.63475e-35
0.00022442
1.10103e-34
0.000281591
0.000281591
0.00022442
1.10103e-34
7.63475e-35
0.00128545
0.00107906
0.000696671
0.000573084
0.000696671
0.000573084
0.00107906
0.00128545
0.00339982
0.00288467
0.00181116
0.00214365
0.00797291
0.00679525
0.00526159
0.00446991
0.00181116
0.00288467
0.00214365
0.00339982
0.0118559
0.0172603
0.0148625
0.0101469
0.00526159
0.00446991
0.00679525
0.00797291
0.0245892
0.0342546
0.0213221
0.0299338
0.0118559
0.0101469
0.0148625
0.0172603
0.0466795
0.062271
0.0552908
0.0411186
0.0245892
0.0213221
0.0299338
0.0342546
0.0466795
0.0411186
0.0552908
0.062271
0.0813964
0.0728407
0.0941133
0.104382
0.0813964
0.104382
0.0728407
0.0941133
0.119392
0.148879
0.131465
0.162818
0.119392
0.162818
0.148879
0.131465
0.220813
0.238442
0.182685
0.198488
0.263152
0.330379
0.282495
0.309474
0.35943
0.412554
0.43587
0.381671
0.220813
0.182685
0.238442
0.198488
0.468269
0.550362
0.525902
0.492336
0.309474
0.263152
0.282495
0.330379
0.43587
0.35943
0.412554
0.381671
0.525902
0.468269
0.550362
0.492336
0.643795
0.667823
0.584688
0.609142
0.759401
0.702338
0.78125
0.7255
0.834156
0.86539
0.883309
0.814057
0.584688
0.667823
0.609142
0.643795
0.927868
0.954624
0.912521
0.967028
0.7255
0.759401
0.78125
0.702338
1.0001
1.02647
0.990949
1.02084
1.05927
1.04376
1.05733
1.04568
0.814057
0.834156
0.883309
0.86539
0.927868
0.967028
0.954624
0.912521
1.05733
1.06125
1.0671
1.0671
1.02084
1.05927
1.04568
1.02647
1.0001
0.990949
1.04376
0.000167665
0.00011156
3.64407e-35
3.84013e-35
3.84013e-35
0.00011156
3.64407e-35
0.000167665
0.000455311
0.000338002
0.000693463
0.000881558
0.000881558
0.000693463
0.000455311
0.000338002
0.0024096
0.00197528
0.00121502
0.00150483
0.00121502
0.00150483
0.00197528
0.0024096
0.00571765
0.00474321
0.00375061
0.00309349
0.0085816
0.0126456
0.0106198
0.00715593
0.00375061
0.00309349
0.00474321
0.00571765
0.0182803
0.0258744
0.0221
0.0154744
0.0085816
0.00715593
0.0106198
0.0126456
0.0358493
0.0486226
0.0423103
0.0309054
0.0182803
0.0154744
0.0221
0.0258744
0.0645968
0.0841451
0.0745476
0.0567284
0.0358493
0.0309054
0.0423103
0.0486226
0.0841451
0.0645968
0.0567284
0.0745476
0.0961112
0.121699
0.135139
0.107575
0.107575
0.135139
0.0961112
0.121699
0.203174
0.151512
0.166982
0.185656
0.203174
0.151512
0.185656
0.166982
0.224131
0.266824
0.288236
0.243643
0.313502
0.363812
0.388474
0.336644
0.473346
0.500165
0.417286
0.443185
0.266824
0.224131
0.288236
0.243643
0.531311
0.617928
0.590418
0.558676
0.388474
0.363812
0.313502
0.336644
0.417286
0.500165
0.443185
0.473346
0.531311
0.617928
0.590418
0.558676
0.677051
0.649829
0.70866
0.735143
0.791279
0.76599
0.844531
0.82089
0.938832
0.872446
0.894005
0.919774
0.70866
0.735143
0.649829
0.677051
1.0115
0.998517
0.978237
0.962047
0.76599
0.82089
0.791279
0.844531
1.02853
1.03803
1.05733
1.05153
1.07299
1.06907
1.0671
1.07496
0.919774
0.872446
0.894005
0.938832
0.962047
0.978237
1.0115
0.998517
1.0671
1.05733
1.06907
1.07496
1.02853
1.05153
1.03803
5.0271e-37
5.56387e-05
5.56387e-05
5.0271e-37
0.000512403
0.000224656
0.000224656
0.000512403
0.00157758
0.000947719
0.000947719
0.00157758
0.00250608
0.00386881
0.00250608
0.00386881
0.00588
0.00878864
0.0129207
0.0186282
0.00588
0.00878864
0.0263152
0.036393
0.0186282
0.0129207
0.0492827
0.0653884
0.036393
0.0263152
0.0850734
0.108659
0.0492827
0.0653884
0.0850734
0.108659
0.136376
0.168393
0.136376
0.168393
0.204748
0.245402
0.245402
0.204748
0.290164
0.338758
0.390757
0.44565
0.561472
0.502792
0.338758
0.290164
0.68015
0.620877
0.44565
0.390757
0.502792
0.561472
0.68015
0.620877
0.738381
0.794644
0.897589
0.848016
0.981991
0.942516
0.738381
0.794644
1.0419
1.01533
0.897589
0.848016
1.07299
1.06125
1.07694
1.07299
0.942516
0.981991
1.01533
1.06125
1.0419
0.0961112
0.224131
0.185656
0.00011156
0.121699
0.151512
0.121699
0.151512
0.0961112
0.00197528
0.00309349
0.0745476
0.185656
0.00715593
0.0567284
0.0423103
0.224131
0.0309054
0.0221
0.266824
0.0154744
0.0106198
0.313502
0.00474321
0.363812
0.417286
0.00121502
0.000693463
0.473346
0.000338002
0.531311
0.590418
0.00011156
0.266824
0.313502
0.649829
0.70866
0.417286
0.76599
0.000338002
0.82089
0.872446
0.000693463
0.919774
0.962047
0.00121502
0.998517
1.02853
0.00197528
0.872446
1.05153
0.919774
1.0671
0.00309349
1.07496
1.07496
0.00474321
1.0671
1.05153
0.00715593
1.02853
0.998517
0.0106198
0.962047
0.0154744
0.82089
0.0221
0.76599
0.70866
0.0309054
0.649829
0.590418
0.0423103
0.531311
0.473346
0.0567284
0.363812
0.0745476
3.64407e-35
3.64407e-35
3.84013e-35
0.000167665
0.000167665
3.84013e-35
0.000881558
0.000455311
0.000455311
0.000881558
0.00150483
0.0024096
0.00150483
0.0024096
0.00571765
0.00375061
0.00375061
0.00571765
0.0126456
0.0085816
0.0258744
0.0182803
0.0085816
0.0126456
0.0358493
0.0486226
0.0258744
0.0182803
0.0841451
0.0645968
0.0358493
0.0486226
0.107575
0.135139
0.0645968
0.0841451
0.107575
0.135139
0.203174
0.166982
0.203174
0.166982
0.243643
0.288236
0.288236
0.243643
0.388474
0.336644
0.500165
0.443185
0.558676
0.617928
0.336644
0.388474
0.735143
0.677051
0.500165
0.443185
0.617928
0.558676
0.677051
0.735143
0.791279
0.844531
0.938832
0.894005
0.978237
1.0115
0.844531
0.791279
1.05733
1.03803
0.938832
0.894005
1.07299
1.06907
1.06907
1.05733
1.0115
0.978237
1.03803
0.182685
0.148879
0.148879
0.119392
0.182685
0.0941133
0.00107906
0.0728407
0.0552908
0.220813
0.0411186
0.263152
0.0299338
0.0213221
0.0148625
0.309474
0.0101469
0.35943
0.00679525
0.00446991
0.00288467
0.412554
0.00181116
0.468269
0.000573084
0.00022442
0.525902
0.584688
0.00022442
0.643795
0.220813
0.702338
0.759401
0.309474
0.000573084
0.814057
0.86539
0.468269
0.912521
0.00107906
0.954624
0.00181116
0.990949
1.02084
1.04376
0.759401
0.00288467
1.05927
0.00446991
0.912521
1.0671
1.0671
1.05927
0.00679525
1.04376
0.0101469
1.02084
0.990949
0.954624
0.0148625
0.0213221
0.86539
0.814057
0.0299338
0.702338
0.0411186
0.643795
0.584688
0.525902
0.0552908
0.0728407
0.412554
0.35943
0.0941133
0.263152
0.119392
1.10103e-34
1.10103e-34
7.63475e-35
0.000281591
0.000281591
7.63475e-35
0.00128545
0.000696671
0.000696671
0.00128545
0.00214365
0.00339982
0.00339982
0.00214365
0.00797291
0.00526159
0.00526159
0.00797291
0.0172603
0.0118559
0.0245892
0.0342546
0.0118559
0.0172603
0.0466795
0.062271
0.0342546
0.0245892
0.0813964
0.104382
0.062271
0.0466795
0.162818
0.131465
0.0813964
0.104382
0.162818
0.131465
0.198488
0.238442
0.238442
0.198488
0.330379
0.282495
0.282495
0.330379
0.43587
0.381671
0.550362
0.492336
0.609142
0.667823
0.43587
0.381671
0.7255
0.78125
0.492336
0.550362
0.667823
0.609142
0.7255
0.78125
0.834156
0.883309
0.927868
0.967028
1.0001
1.02647
0.883309
0.834156
1.05733
1.04568
0.927868
0.967028
1.06125
1.05733
1.04568
1.0001
1.02647
0.176851
0.114875
0.214288
0.000339655
0.0902111
0.0695146
0.0524981
0.255925
0.038811
0.00395737
0.00611553
0.301539
0.0280605
0.019829
0.0136949
0.350788
0.00924969
0.403213
0.0024941
0.458245
0.00150279
0.515213
0.000820589
0.573361
0.631861
0.000339655
0.689832
0.176851
0.746362
0.000820589
0.800529
0.85142
0.898157
0.350788
0.403213
0.00150279
0.939919
0.0024941
0.975957
1.00562
1.02836
0.00395737
0.689832
1.04376
0.00611553
0.800529
0.85142
1.05153
1.05153
1.04376
0.00924969
1.02836
0.0136949
1.00562
0.975957
0.939919
0.019829
0.898157
0.0280605
0.746362
0.038811
0.0524981
0.631861
0.573361
0.515213
0.0695146
0.458245
0.0902111
0.301539
0.114875
0.255925
0.143717
0.214288
0.143717
1.84968e-34
1.84968e-34
1.14219e-34
0.000398318
0.000398318
1.14219e-34
0.000951632
0.00172983
0.000951632
0.00172983
0.0028719
0.0045549
0.0045549
0.0028719
0.0106193
0.00703884
0.00703884
0.0106193
0.0156619
0.0225536
0.0317169
0.0435731
0.0156619
0.0225536
0.0585307
0.0769712
0.0435731
0.0317169
0.125517
0.0992114
0.0585307
0.0769712
0.190872
0.156042
0.0992114
0.125517
0.190872
0.156042
0.273131
0.229949
0.273131
0.229949
0.320125
0.370549
0.370549
0.320125
0.47951
0.423879
0.594725
0.536719
0.652668
0.709655
0.423879
0.47951
0.76477
0.81709
0.536719
0.594725
0.709655
0.652668
0.76477
0.81709
0.909821
0.865728
0.948598
0.981339
1.00747
1.02647
0.865728
0.909821
1.0419
1.03803
0.981339
0.948598
1.03803
1.02647
1.00747
0.245368
0.0647405
0.0485088
0.289929
0.0355348
0.025419
0.338126
0.0177412
0.0120772
0.389511
0.00801988
0.00519302
0.443524
0.00326739
0.00196824
0.499502
0.00108262
0.000457978
0.556699
0.614292
0.000457978
0.0845859
0.108342
0.67141
0.727146
0.168364
0.780582
0.00108262
0.830812
0.876963
0.00196824
0.918215
0.953824
0.00326739
0.983139
1.00562
0.00519302
0.556699
1.02084
0.614292
1.02853
0.00801988
1.02853
1.02084
0.0120772
0.830812
0.876963
1.00562
0.983139
0.0177412
0.953824
0.918215
0.025419
0.0355348
0.780582
0.727146
0.0485088
0.67141
0.0647405
0.499502
0.0845859
0.443524
0.389511
0.108342
0.338126
0.289929
0.136226
0.245368
0.204775
0.168364
0.136226
0.204775
2.61628e-34
2.61628e-34
1.52025e-34
0.000518355
0.000518355
1.52025e-34
0.00221626
0.00122145
0.00122145
0.00221626
0.00586804
0.00368922
0.00368922
0.00586804
0.0136148
0.00906248
0.00906248
0.0136148
0.0284065
0.019925
0.0394874
0.0535842
0.0284065
0.019925
0.0923045
0.0710762
0.0394874
0.0535842
0.146924
0.117523
0.0923045
0.0710762
0.218457
0.180573
0.146924
0.117523
0.180573
0.218457
0.306192
0.260412
0.260412
0.306192
0.407532
0.355393
0.355393
0.407532
0.518074
0.461988
0.631917
0.574995
0.687945
0.742171
0.461988
0.518074
0.841592
0.793686
0.574995
0.631917
0.742171
0.687945
0.841592
0.793686
0.885054
0.923276
0.955577
0.981339
1.0001
1.0115
0.923276
0.885054
1.0115
1.01533
0.955577
1.0001
0.981339
0.0435503
0.0314968
0.321795
0.0221971
0.371808
0.0152246
0.0101545
0.00657896
0.424474
0.00412699
0.479145
0.00247506
0.00135965
0.000579688
0.535083
0.591478
0.000579688
0.647466
0.0587624
0.702151
0.754621
0.100068
0.00135965
0.803976
0.84935
0.192593
0.889928
0.00247506
0.924968
0.00412699
0.953824
0.975957
0.990949
0.424474
0.00657896
0.998517
0.0101545
0.591478
0.998517
0.990949
0.975957
0.0152246
0.754621
0.953824
0.0221971
0.924968
0.889928
0.84935
0.0314968
0.803976
0.0435503
0.702151
0.647466
0.0587624
0.0774998
0.535083
0.479145
0.100068
0.371808
0.126699
0.321795
0.274984
0.231811
0.157529
0.192593
0.157529
0.126699
0.231811
0.0774998
0.274984
3.40416e-34
3.40416e-34
1.89758e-34
0.000641778
0.000641778
1.89758e-34
0.00274255
0.00150583
0.00150583
0.00274255
0.0073212
0.00458818
0.0073212
0.00458818
0.0112964
0.0168962
0.0112964
0.0168962
0.0245444
0.0346692
0.0476909
0.0640072
0.0245444
0.0346692
0.107822
0.0839547
0.0640072
0.0476909
0.167963
0.135787
0.107822
0.0839547
0.244739
0.204318
0.167963
0.135787
0.204318
0.244739
0.336624
0.288958
0.336624
0.288958
0.440211
0.387234
0.440211
0.387234
0.550403
0.494853
0.606018
0.660825
0.7644
0.713921
0.494853
0.550403
0.811386
0.854027
0.660825
0.606018
0.713921
0.7644
0.854027
0.811386
0.923276
0.891561
0.967028
0.948598
0.978238
0.981991
0.891561
0.923276
0.967028
0.978238
0.948598
0.350563
0.0186198
0.401568
0.0124765
0.00809229
0.0050624
0.454623
0.00301937
0.509006
0.00165069
0.000704643
0.563919
0.61851
0.000704643
0.671893
0.0379011
0.723166
0.00165069
0.771439
0.81585
0.855591
0.115504
0.144735
0.00301937
0.889927
0.0050624
0.918215
0.939919
0.954623
0.00809229
0.350563
0.962047
0.0124765
0.454623
0.509006
0.962047
0.954623
0.939919
0.0186198
0.671893
0.918215
0.0269512
0.889927
0.855591
0.81585
0.0379011
0.771439
0.051885
0.723166
0.61851
0.0692789
0.563919
0.090404
0.401568
0.115504
0.144735
0.302244
0.257141
0.215675
0.178145
0.178145
0.215675
0.090404
0.257141
0.0692789
0.302244
0.051885
0.0269512
4.21384e-34
4.21384e-34
2.27367e-34
0.000768223
0.000768223
2.27367e-34
0.00180304
0.00330328
0.00180304
0.00330328
0.00888717
0.00555551
0.00555551
0.00888717
0.0136919
0.0203839
0.0136919
0.0203839
0.0411706
0.0293999
0.0745407
0.0560955
0.0293999
0.0411706
0.0967879
0.123061
0.0560955
0.0745407
0.153459
0.188002
0.0967879
0.123061
0.226562
0.268927
0.188002
0.153459
0.226562
0.268927
0.363512
0.314727
0.363512
0.314727
0.467605
0.41469
0.41469
0.467605
0.575531
0.521489
0.680587
0.62886
0.729822
0.775682
0.521489
0.575531
0.854027
0.817345
0.680587
0.62886
0.729822
0.775682
0.854027
0.817345
0.90982
0.885055
0.938831
0.927869
0.942517
0.938831
0.885055
0.927869
0.90982
0.426514
0.00605781
0.00359431
0.479057
0.00195333
0.000832263
0.532215
0.585151
0.000832263
0.00970203
0.0149319
0.636991
0.686845
0.0318761
0.733832
0.00195333
0.777101
0.81585
0.00359431
0.84935
0.876963
0.00605781
0.898157
0.91252
0.00970203
0.236915
0.919773
0.280005
0.919773
0.0149319
0.91252
0.898157
0.0221768
0.479057
0.532215
0.876963
0.84935
0.0318761
0.81585
0.777101
0.0444532
0.733832
0.686845
0.0603002
0.636991
0.585151
0.0797516
0.103072
0.426514
0.375369
0.130434
0.326328
0.161909
0.197456
0.197456
0.161909
0.130434
0.236915
0.103072
0.0797516
0.280005
0.0603002
0.0444532
0.326328
0.0221768
0.375369
5.04294e-34
5.04294e-34
2.64734e-34
0.000896893
0.000896893
2.64734e-34
0.00389028
0.00211008
0.00211008
0.00389028
0.00657319
0.0105317
0.0105317
0.00657319
0.0239868
0.0161905
0.0161905
0.0239868
0.0343584
0.0477269
0.0644584
0.0848756
0.0343584
0.0477269
0.137569
0.109195
0.0848756
0.0644584
0.170007
0.20644
0.109195
0.137569
0.246639
0.290295
0.170007
0.20644
0.290295
0.246639
0.386049
0.336945
0.336945
0.386049
0.436941
0.488895
0.488895
0.436941
0.592708
0.5411
0.690617
0.642842
0.775682
0.735175
0.592708
0.5411
0.811387
0.841591
0.690617
0.642842
0.735175
0.775682
0.841591
0.811387
0.865729
0.883309
0.897588
0.894006
0.894006
0.883309
0.865729
0.00226402
0.000961553
0.497046
0.548081
0.000961553
0.598147
0.00419057
0.64637
0.691878
0.0113711
0.00226402
0.733832
0.771439
0.0368348
0.803976
0.00419057
0.830812
0.00709326
0.851419
0.86539
0.872445
0.144412
0.0113711
0.872445
0.0174589
0.255677
0.86539
0.851419
0.830812
0.0258006
0.39547
0.803976
0.0368348
0.771439
0.733832
0.691878
0.050966
0.64637
0.0685509
0.598147
0.548081
0.497046
0.089872
0.445903
0.115128
0.346513
0.299717
0.144412
0.177709
0.214882
0.177709
0.214882
0.115128
0.255677
0.089872
0.0685509
0.050966
0.299717
0.346513
0.0258006
0.0174589
0.39547
0.00709326
0.445903
5.88626e-34
5.88626e-34
3.01673e-34
0.0010266
0.0010266
3.01673e-34
0.00242286
0.00449321
0.00242286
0.00449321
0.0122153
0.00761964
0.0122153
0.00761964
0.0276069
0.0187277
0.0187277
0.0276069
0.0392805
0.0541492
0.0947068
0.0725351
0.0392805
0.0541492
0.150913
0.120809
0.0725351
0.0947068
0.184939
0.222724
0.120809
0.150913
0.263946
0.308204
0.184939
0.222724
0.263946
0.308204
0.403565
0.354949
0.403565
0.354949
0.50345
0.453323
0.50345
0.453323
0.553104
0.601426
0.690617
0.64755
0.7644
0.729823
0.601426
0.553104
0.793687
0.817089
0.690617
0.64755
0.729823
0.7644
0.817089
0.793687
0.84453
0.834158
0.84453
0.848019
0.834158
0.508057
0.556133
0.00109115
0.00109115
0.602522
0.646369
0.00257819
0.686845
0.723166
0.0130584
0.0199907
0.75462
0.00479693
0.780582
0.00814578
0.800528
0.814056
0.82089
0.0993409
0.0130584
0.82089
0.157021
0.191661
0.0199907
0.814056
0.800528
0.780582
0.31569
0.0293913
0.75462
0.0416865
0.723166
0.686845
0.508057
0.646369
0.0572509
0.602522
0.0763952
0.556133
0.459156
0.0993409
0.41027
0.126213
0.362201
0.271401
0.157021
0.229903
0.191661
0.126213
0.229903
0.271401
0.0763952
0.0572509
0.0416865
0.31569
0.0293913
0.362201
0.00814578
0.41027
0.00479693
0.459156
0.00257819
6.73606e-34
6.73606e-34
3.37919e-34
0.00115581
3.37919e-34
0.00115581
0.00510011
0.00273643
0.00273643
0.00510011
0.0138956
0.00867078
0.0138956
0.00867078
0.0212355
0.0311433
0.0212355
0.0311433
0.0602512
0.0440255
0.103744
0.0800883
0.0440255
0.0602512
0.162695
0.131283
0.103744
0.0800883
0.23637
0.197808
0.131283
0.162695
0.322121
0.27797
0.197808
0.23637
0.322121
0.27797
0.368203
0.415538
0.368203
0.415538
0.510836
0.463351
0.510836
0.463351
0.557145
0.601426
0.680587
0.642843
0.713923
0.74217
0.557145
0.601426
0.781249
0.764773
0.642843
0.680587
0.713923
0.74217
0.781249
0.764773
0.794642
0.791282
0.791282
0.00121937
0.556133
0.598147
0.63699
0.00289054
0.671892
0.70215
0.00540082
0.727145
0.746362
0.00919045
0.7594
0.765989
0.046292
0.0147204
0.063125
0.765989
0.7594
0.0224588
0.746362
0.727145
0.167888
0.203352
0.0328481
0.70215
0.671892
0.046292
0.63699
0.598147
0.063125
0.556133
0.511764
0.0836029
0.465882
0.419328
0.107879
0.372924
0.327448
0.135999
0.28362
0.242073
0.167888
0.203352
0.135999
0.107879
0.242073
0.0836029
0.28362
0.0328481
0.327448
0.0224588
0.0147204
0.372924
0.00919045
0.00540082
0.419328
0.00289054
0.00121937
0.465882
0.511764
7.58233e-34
7.58233e-34
3.73143e-34
0.00128272
0.00128272
3.73143e-34
0.0030452
0.00569794
0.0030452
0.00569794
0.0097012
0.0155287
0.0155287
0.0097012
0.0344963
0.0236453
0.0344963
0.0236453
0.065855
0.0484571
0.111719
0.0868965
0.0484571
0.065855
0.172566
0.140308
0.111719
0.0868965
0.208234
0.246974
0.172566
0.140308
0.288293
0.331634
0.208234
0.246974
0.288293
0.331634
0.376317
0.421614
0.376317
0.421614
0.510836
0.466727
0.510836
0.466727
0.592708
0.553105
0.628862
0.660824
0.709654
0.687948
0.553105
0.592708
0.725504
0.735142
0.628862
0.660824
0.687948
0.709654
0.725504
0.738385
0.735142
0.58515
0.00319523
0.61851
0.647466
0.671409
0.00598889
0.689831
0.0102015
0.702337
0.0163133
0.708659
0.708659
0.0163133
0.0505188
0.702337
0.024795
0.689831
0.671409
0.115234
0.647466
0.0360732
0.61851
0.0505188
0.58515
0.548081
0.291971
0.508057
0.0684173
0.465882
0.0899624
0.422377
0.378366
0.334645
0.115234
0.144196
0.251032
0.212436
0.17669
0.17669
0.144196
0.212436
0.0899624
0.0684173
0.251032
0.291971
0.0360732
0.024795
0.334645
0.0102015
0.378366
0.00598889
0.00319523
0.0013443
0.422377
0.465882
0.0013443
0.508057
0.548081
8.41327e-34
8.41327e-34
4.06953e-34
0.00140531
0.00140531
4.06953e-34
0.00627317
0.00334319
0.00334319
0.00627317
0.0170712
0.0106851
0.0106851
0.0170712
0.0258903
0.0375708
0.0258903
0.0375708
0.0524473
0.0707974
0.1184
0.09276
0.0524473
0.0707974
0.180235
0.147617
0.1184
0.09276
0.254221
0.215909
0.147617
0.180235
0.336462
0.294612
0.254221
0.215909
0.336462
0.294612
0.379048
0.421614
0.379048
0.421614
0.463352
0.503449
0.463352
0.503449
0.541102
0.57553
0.606021
0.631915
0.667822
0.652672
0.541102
0.57553
0.680148
0.677055
0.631915
0.606021
0.667822
0.652672
0.677055
0.00348615
0.563918
0.591477
0.614291
0.00654756
0.63186
0.00654756
0.0111534
0.643794
0.0177945
0.0269346
0.649828
0.649828
0.0177945
0.643794
0.0729737
0.0269346
0.63186
0.614291
0.591477
0.0389748
0.183169
0.218644
0.563918
0.0542448
0.532214
0.497046
0.459156
0.0729737
0.419328
0.0952877
0.378366
0.337068
0.296209
0.12119
0.256515
0.150565
0.150565
0.183169
0.12119
0.218644
0.0952877
0.0542448
0.256515
0.0389748
0.296209
0.0111534
0.337068
0.378366
0.00348615
0.00146387
0.419328
0.459156
0.00146387
0.497046
0.532214
9.21578e-34
9.21578e-34
4.38916e-34
0.00152145
0.00152145
4.38916e-34
0.00681226
0.00362426
0.00362426
0.00681226
0.0184813
0.0115973
0.0184813
0.0115973
0.0402792
0.0279081
0.0279081
0.0402792
0.0558812
0.0749349
0.0975076
0.123588
0.0558812
0.0749349
0.185476
0.152997
0.0975076
0.123588
0.220605
0.257899
0.152997
0.185476
0.296739
0.336462
0.257899
0.220605
0.336462
0.296739
0.376318
0.415537
0.415537
0.376318
0.453325
0.488894
0.488894
0.453325
0.521492
0.550401
0.574999
0.594723
0.609147
0.617926
0.521492
0.550401
0.617926
0.620882
0.594723
0.574999
0.609147
0.556698
0.00706348
0.57336
0.00157591
0.584687
0.0120214
0.590416
0.590416
0.0191237
0.0191237
0.0288177
0.584687
0.57336
0.0288177
0.556698
0.535082
0.0414705
0.509005
0.479056
0.0573628
0.445902
0.187134
0.410269
0.0766621
0.372924
0.334645
0.0994234
0.296209
0.25836
0.125573
0.221794
0.154916
0.154916
0.125573
0.187134
0.0994234
0.0766621
0.221794
0.0573628
0.0414705
0.25836
0.296209
0.0120214
0.00706348
0.334645
0.00375717
0.372924
0.410269
0.00157591
0.535082
0.445902
0.479056
0.509005
0.00375717
9.97596e-34
9.97596e-34
4.68574e-34
0.001629
0.001629
4.68574e-34
0.00388236
0.0073022
0.00388236
0.0073022
0.0197208
0.0124141
0.0124141
0.0197208
0.0425445
0.0296421
0.0296421
0.0425445
0.0781475
0.0586601
0.127134
0.101001
0.0586601
0.0781475
0.156289
0.188135
0.127134
0.101001
0.222187
0.257899
0.188135
0.156289
0.294613
0.331634
0.257899
0.222187
0.294613
0.331634
0.403564
0.368205
0.403564
0.368205
0.436944
0.467603
0.467603
0.436944
0.518072
0.494857
0.55036
0.536723
0.56147
0.558681
0.518072
0.494857
0.558681
0.536723
0.55036
0.00752408
0.5259
0.012783
0.53131
0.53131
0.5259
0.00752408
0.0202647
0.515212
0.0303916
0.499501
0.479144
0.454622
0.0597832
0.0434891
0.426514
0.0597832
0.39547
0.128255
0.3622
0.327448
0.188468
0.0793754
0.291971
0.102249
0.256514
0.221794
0.128255
0.157125
0.157125
0.102249
0.0793754
0.188468
0.221794
0.0434891
0.0303916
0.0202647
0.256514
0.012783
0.291971
0.00400233
0.0016783
0.327448
0.3622
0.0016783
0.515212
0.39547
0.426514
0.454622
0.00400233
0.479144
0.499501
1.06797e-33
1.06797e-33
4.95462e-34
0.00172582
0.00172582
4.95462e-34
0.00773091
0.00411174
0.00411174
0.00773091
0.0207558
0.0131141
0.0207558
0.0131141
0.0443024
0.0310438
0.0310438
0.0443024
0.0803421
0.0607039
0.128933
0.103138
0.0607039
0.0803421
0.188135
0.157398
0.103138
0.128933
0.254221
0.220606
0.188135
0.157398
0.32212
0.288295
0.220606
0.254221
0.288295
0.32212
0.354952
0.386048
0.354952
0.386048
0.414694
0.440209
0.414694
0.440209
0.461993
0.479508
0.492341
0.500162
0.502798
0.500162
0.479508
0.461993
0.492341
0.0134181
0.473344
0.473344
0.00176896
0.468268
0.0211863
0.458244
0.0316123
0.443523
0.0211863
0.0316123
0.424473
0.401567
0.0449734
0.375368
0.0614363
0.346513
0.315689
0.129157
0.283619
0.0810354
0.251031
0.103683
0.218644
0.187134
0.157125
0.129157
0.157125
0.103683
0.0810354
0.0614363
0.187134
0.0449734
0.218644
0.0134181
0.251031
0.00791792
0.283619
0.00421609
0.315689
0.346513
0.00176896
0.468268
0.375368
0.401567
0.00421609
0.424473
0.443523
0.458244
0.00791792
1.13133e-33
1.13133e-33
5.19127e-34
0.00180995
0.00180995
5.19127e-34
0.00430716
0.00808771
0.00430716
0.00808771
0.021558
0.0136787
0.021558
0.0136787
0.0455027
0.032074
0.032074
0.0455027
0.0619541
0.0814555
0.128933
0.103858
0.0814555
0.0619541
0.15629
0.185475
0.103858
0.128933
0.246973
0.21591
0.185475
0.15629
0.308203
0.277972
0.246973
0.21591
0.277972
0.308203
0.336948
0.36351
0.336948
0.36351
0.40753
0.387238
0.40753
0.387238
0.423884
0.435868
0.443191
0.445647
0.443191
0.423884
0.435868
0.412552
0.0218633
0.403212
0.38951
0.0324456
0.371807
0.350562
0.0458812
0.326327
0.0218633
0.299716
0.0622749
0.2714
0.0622749
0.242073
0.081594
0.081594
0.212435
0.183169
0.103683
0.154916
0.128255
0.128255
0.103683
0.154916
0.0458812
0.183169
0.0324456
0.212435
0.0139098
0.00823514
0.242073
0.00439352
0.00184603
0.2714
0.299716
0.00184603
0.417285
0.326327
0.417285
0.350562
0.371807
0.00439352
0.38951
0.403212
0.00823514
0.412552
0.0139098
1.18638e-33
1.18638e-33
5.39148e-34
0.00187962
0.00187962
5.39148e-34
0.00836359
0.00446408
0.00836359
0.00446408
0.014093
0.0221053
0.0221053
0.014093
0.0461115
0.0327038
0.0327038
0.0461115
0.0623749
0.0814554
0.103139
0.127133
0.0814554
0.0623749
0.180234
0.152998
0.127133
0.103139
0.208236
0.236369
0.180234
0.152998
0.290294
0.26395
0.236369
0.208236
0.26395
0.290294
0.314731
0.336622
0.336622
0.314731
0.355398
0.370547
0.370547
0.355398
0.381677
0.388471
0.390763
0.388471
0.381677
0.0222771
0.338125
0.0328682
0.321794
0.302243
0.280004
0.00846769
0.0461866
0.255676
0.0222771
0.0622749
0.229903
0.203352
0.17669
0.0810353
0.150564
0.102249
0.125573
0.102249
0.0810353
0.125573
0.0622749
0.150564
0.0461866
0.0328682
0.17669
0.0142451
0.203352
0.00453046
0.00190785
0.229903
0.255676
0.00190785
0.350787
0.280004
0.302243
0.321794
0.363811
0.00453046
0.338125
0.350787
0.359429
0.00846769
0.0142451
0.363811
0.359429
1.23197e-33
1.23197e-33
5.55156e-34
0.00193331
0.00193331
5.55156e-34
0.00855157
0.0045788
0.0045788
0.00855157
0.0223829
0.014346
0.014346
0.0223829
0.0461115
0.0329157
0.0329157
0.0461115
0.080342
0.0619542
0.123588
0.101002
0.080342
0.0619542
0.172565
0.147619
0.123588
0.101002
0.222723
0.197811
0.172565
0.147619
0.246643
0.268925
0.197811
0.222723
0.246643
0.268925
0.30619
0.288963
0.30619
0.288963
0.32013
0.330376
0.330376
0.32013
0.33665
0.338756
0.33665
0.0328682
0.274983
0.25714
0.236914
0.0458812
0.214881
0.00860968
0.0614363
0.19166
0.0224163
0.167887
0.144196
0.0793753
0.121189
0.0994232
0.0994232
0.0793753
0.0614363
0.121189
0.0458812
0.144196
0.0328682
0.0144151
0.167887
0.19166
0.00462366
0.00195308
0.214881
0.236914
0.00195308
0.289927
0.25714
0.274983
0.309473
0.3135
0.00462366
0.289927
0.301537
0.309473
0.00860968
0.3135
0.0144151
0.301537
0.0224163
1.26711e-33
1.26711e-33
5.66843e-34
0.00196986
0.00196986
5.66843e-34
0.00864685
0.00464858
0.00464858
0.00864685
0.0223829
0.0144309
0.0223829
0.0144309
0.0455028
0.0327037
0.0327037
0.0455028
0.0607041
0.0781473
0.0975086
0.118399
0.0607041
0.0781473
0.14031
0.162694
0.118399
0.0975086
0.184942
0.206438
0.162694
0.14031
0.244737
0.226567
0.206438
0.184942
0.226567
0.244737
0.273129
0.260418
0.260418
0.273129
0.288234
0.282501
0.282501
0.288234
0.29017
0.197455
0.0449734
0.177708
0.00198073
0.15702
0.0597831
0.135998
0.115233
0.0766619
0.0222772
0.0324457
0.0952875
0.0766619
0.0952875
0.0597831
0.0449734
0.115233
0.135998
0.0144152
0.00865747
0.15702
0.00467088
0.177708
0.197455
0.00198073
0.215674
0.215674
0.231809
0.231809
0.245366
0.00467088
0.255923
0.263151
0.00865747
0.266822
0.266822
0.0144152
0.263151
0.255923
0.0222772
0.245366
0.0324457
1.29103e-33
1.29103e-33
5.73982e-34
0.00198844
0.00198844
5.73982e-34
0.00467177
0.00864699
0.00467177
0.00864699
0.0221056
0.0143455
0.0143455
0.0221056
0.0443024
0.0320736
0.0320736
0.0443024
0.0586604
0.0749346
0.111719
0.0927614
0.0749346
0.0586604
0.150912
0.131285
0.111719
0.0927614
0.188
0.170011
0.150912
0.131285
0.218455
0.204323
0.188
0.170011
0.204323
0.218455
0.238439
0.229954
0.238439
0.229954
0.243649
0.243649
0.2454
0.0434892
0.126212
0.0573628
0.107878
0.0899621
0.0729736
0.00860986
0.0729736
0.0573628
0.0899621
0.0434892
0.0316124
0.0218635
0.107878
0.0142453
0.126212
0.00467101
0.00199016
0.144411
0.161908
0.00199016
0.144411
0.178144
0.192592
0.204774
0.192592
0.00467101
0.214287
0.220811
0.22413
0.00860986
0.22413
0.0142453
0.220811
0.214287
0.204774
0.0218635
0.0316124
0.178144
0.161908
1.30321e-33
1.30321e-33
5.7643e-34
0.00198865
0.00198865
5.7643e-34
0.008552
0.00464781
0.00464781
0.008552
0.0215583
0.0140921
0.0140921
0.0215583
0.0310432
0.0425446
0.0425446
0.0310432
0.0558816
0.0707971
0.0868981
0.103743
0.0558816
0.0707971
0.120811
0.137568
0.0868981
0.103743
0.167961
0.153463
0.120811
0.137568
0.180578
0.19087
0.167961
0.153463
0.180578
0.19087
0.203172
0.198494
0.203172
0.198494
0.204754
0.0542447
0.0836025
0.0684171
0.00198118
0.0542447
0.0684171
0.0414705
0.0836025
0.0303918
0.0211866
0.0139102
0.0993403
0.00846804
0.115127
0.00462402
0.130433
0.144734
0.00198118
0.0993403
0.157528
0.168362
0.130433
0.144734
0.00462402
0.176849
0.182684
0.185655
0.176849
0.00846804
0.185655
0.0139102
0.182684
0.168362
0.0211866
0.157528
0.0303918
0.115127
0.0414705
1.30337e-33
1.30337e-33
5.74137e-34
0.00197047
0.00197047
5.74137e-34
0.0083643
0.00457727
0.00457727
0.0083643
0.0136773
0.0207563
0.0207563
0.0136773
0.0296414
0.0402793
0.0296414
0.0402793
0.0524477
0.0658545
0.0947058
0.0800901
0.0658545
0.0524477
0.109199
0.12306
0.0947058
0.0800901
0.135792
0.146922
0.109199
0.12306
0.156048
0.162816
0.135792
0.146922
0.156048
0.162816
0.168391
0.166988
0.166988
0.0389749
0.0631248
0.0288179
0.020265
0.0763948
0.0134186
0.00823565
0.0898714
0.00453105
0.00195397
0.103071
0.115503
0.00195397
0.0505187
0.126698
0.0631248
0.136225
0.143715
0.00453105
0.148878
0.151511
0.115503
0.126698
0.00823565
0.151511
0.148878
0.0134186
0.143715
0.136225
0.020265
0.0288179
0.103071
0.0898714
0.0389749
0.0763948
0.0505187
1.29151e-33
1.29151e-33
5.67147e-34
0.00193432
0.00193432
5.67147e-34
0.00446185
0.00808866
0.00446185
0.00808866
0.0197214
0.0131122
0.0197214
0.0131122
0.0279072
0.0375709
0.0279072
0.0375709
0.0484576
0.0602507
0.0848746
0.072537
0.0602507
0.0484576
0.10782
0.0967912
0.0848746
0.072537
0.125515
0.117527
0.10782
0.0967912
0.135137
0.13147
0.117527
0.125515
0.135137
0.13147
0.136382
0.0572506
0.0127836
0.0685504
0.00791858
0.00439433
0.00190915
0.079751
0.0904032
0.00190915
0.0191241
0.100067
0.108341
0.114874
0.0462919
0.00439433
0.119391
0.121698
0.121698
0.079751
0.00791858
0.119391
0.0127836
0.114874
0.108341
0.100067
0.0191241
0.0904032
0.0269348
0.0685504
0.0572506
0.0360732
0.0462919
0.0360732
0.0269348
1.26789e-33
1.26789e-33
5.55598e-34
0.00188098
0.00188098
5.55598e-34
0.00773209
0.0043043
0.0043043
0.00773209
0.0124119
0.018482
0.018482
0.0124119
0.0258894
0.0344964
0.0344964
0.0258894
0.0541488
0.0440261
0.0644605
0.0745396
0.0541488
0.0440261
0.092303
0.083958
0.0745396
0.0644605
0.0992157
0.10438
0.092303
0.083958
0.108657
0.107579
0.10438
0.0992157
0.107579
0.0602997
0.00421708
0.0018477
0.0692783
0.077499
0.0018477
0.00752487
0.084585
0.0902101
0.0177949
0.0247953
0.00421708
0.0941123
0.0961101
0.0961101
0.0509657
0.00752487
0.0941123
0.0120221
0.0902101
0.084585
0.077499
0.0177949
0.0692783
0.0247953
0.0602997
0.0416864
0.0328482
0.0328482
0.0416864
0.0120221
0.0509657
1.23303e-33
1.23303e-33
5.39713e-34
0.00181164
0.00181164
5.39713e-34
0.00410833
0.00730356
0.00410833
0.00730356
0.017072
0.0115948
0.017072
0.0115948
0.0311434
0.0236443
0.0311434
0.0236443
0.0477264
0.0392811
0.0560976
0.0640061
0.0477264
0.0392811
0.0710794
0.0769697
0.0560976
0.0640061
0.0814005
0.0841434
0.0769697
0.0710794
0.0850777
0.0841434
0.0814005
0.0587618
0.00177096
0.0647398
0.00177096
0.0695137
0.0728398
0.00400348
0.0745466
0.0745466
0.0163138
0.0224591
0.00706437
0.0728398
0.0368347
0.0695137
0.0111541
0.0647398
0.0587618
0.0163138
0.0518846
0.0444529
0.0224591
0.0293914
0.0293914
0.0368347
0.0111541
0.00706437
0.0444529
0.00400348
0.0518846
1.1877e-33
1.1877e-33
5.19792e-34
0.00172777
5.19792e-34
0.00172777
0.00681377
0.0038785
0.0038785
0.00681377
0.0106824
0.0155296
0.0106824
0.0155296
0.027607
0.0212345
0.0212345
0.027607
0.034359
0.0411701
0.0476929
0.0535832
0.0411701
0.034359
0.0585338
0.0622696
0.0535832
0.0476929
0.0653869
0.0646004
0.0622696
0.0585338
0.0646004
0.00168055
0.0485083
0.0524974
0.0552901
0.00375844
0.0567276
0.00654852
0.0567276
0.0552901
0.00654852
0.0524974
0.0102023
0.0485083
0.0435499
0.0379008
0.0147209
0.031876
0.019991
0.0258007
0.019991
0.0147209
0.0258007
0.0102023
0.031876
0.00375844
0.00168055
0.0379008
0.0435499
1.13286e-33
1.13286e-33
4.96203e-34
0.00163115
0.00163115
4.96203e-34
0.00627478
0.00362008
0.00362008
0.00627478
0.0138965
0.00969841
0.00969841
0.0138965
0.0239869
0.0187267
0.0239869
0.0187267
0.0346687
0.0294004
0.0435722
0.0394893
0.0294004
0.0346687
0.0466822
0.0486214
0.0435722
0.0394893
0.0492857
0.0466822
0.0486214
0.041118
0.00348751
0.0423096
0.00157836
0.0423096
0.041118
0.0059899
0.0388105
0.00919121
0.0130589
0.0174592
0.0355344
0.0314965
0.0269511
0.0130589
0.0221769
0.0174592
0.00919121
0.0221769
0.0059899
0.0269511
0.00348751
0.0314965
0.0355344
0.00157836
0.0388105
1.06967e-33
1.06967e-33
4.69361e-34
0.00152375
0.00152375
4.69361e-34
0.0056996
0.00333881
0.00333881
0.0056996
0.00866795
0.0122162
0.00866795
0.0122162
0.0161895
0.020384
0.020384
0.0161895
0.028406
0.0245449
0.0317186
0.0342538
0.0245449
0.028406
0.0358516
0.036392
0.0342538
0.0317186
0.0358516
0.00319662
0.0309049
0.0299334
0.00540184
0.0280602
0.0254187
0.00814654
0.022197
0.0186198
0.0113716
0.0149322
0.0113716
0.0149322
0.00814654
0.00540184
0.0186198
0.00319662
0.00146643
0.022197
0.0254187
0.00146643
0.0280602
0.0299334
0.0309049
9.99415e-34
9.99415e-34
4.39715e-34
0.00140768
0.00140768
4.39715e-34
0.00510176
0.00304076
0.00304076
0.00510176
0.00761685
0.0105325
0.00761685
0.0105325
0.0136909
0.0168963
0.0136909
0.0168963
0.0199254
0.0225532
0.0258738
0.0245905
0.0225532
0.0199254
0.0258738
0.0263169
0.0245905
0.0213218
0.0198288
0.00479794
0.0177411
0.007094
0.0152247
0.00479794
0.0124768
0.00970252
0.00970252
0.007094
0.0124768
0.00289193
0.00134691
0.0152247
0.0177411
0.00134691
0.0198288
0.0220997
0.0213218
0.0220997
0.00289193
9.23464e-34
9.23464e-34
0.00128508
4.07728e-34
0.00128508
4.07728e-34
0.00449481
0.00273206
0.00273206
0.00449481
0.00888795
0.00657054
0.00888795
0.00657054
0.0112955
0.0136149
0.0112955
0.0136149
0.01726
0.0156622
0.0186278
0.0182813
0.0156622
0.0182813
0.01726
0.00419153
0.0120773
0.0060585
0.0101548
0.00809275
0.0060585
0.00809275
0.00419153
0.0101548
0.00257954
0.00122193
0.0120773
0.0136949
0.00122193
0.0148624
0.0148624
0.0154742
0.00257954
0.0154742
0.0136949
8.43226e-34
8.43226e-34
3.73858e-34
0.0011581
0.0011581
3.73858e-34
0.00389178
0.0024187
0.0024187
0.00389178
0.00732192
0.00555306
0.00555306
0.00732192
0.0090616
0.0106194
0.0106194
0.0090616
0.011856
0.0126455
0.0129212
0.0126455
0.011856
0.00506303
0.00506303
0.0035952
0.00657937
0.00226528
0.00109358
0.00802012
0.00924979
0.00109358
0.00657937
0.00802012
0.0101469
0.0106198
0.0106198
0.00226528
0.0101469
0.00924979
0.0035952
7.60092e-34
7.60092e-34
3.38537e-34
0.00102874
0.00102874
3.38537e-34
0.00330464
0.00210625
0.00330464
0.00210625
0.00586869
0.00458599
0.00586869
0.00458599
0.0079731
0.00703802
0.00703802
0.0079731
0.00858151
0.00878867
0.00858151
0.00195447
0.000963793
0.00519338
0.00611576
0.000963793
0.00679538
0.00302015
0.00715601
0.00715601
0.00519338
0.00195447
0.00679538
0.00611576
0.00302015
0.00412754
0.00412754
6.75375e-34
6.75375e-34
3.02157e-34
0.000898827
0.000898827
3.02157e-34
0.00179965
0.00274374
0.00179965
0.00274374
0.00455546
0.00368733
0.00455546
0.00368733
0.00571789
0.0052608
0.0052608
0.00587959
0.00571789
0.00395768
0.00447012
0.000834241
0.000834241
0.00474337
0.00474337
0.00165167
0.00447012
0.00395768
0.00326785
0.00247573
0.00247573
0.00326785
0.00165167
5.9026e-34
5.9026e-34
2.65054e-34
0.000769895
2.65054e-34
0.000769895
0.00150296
0.00221724
0.00150296
0.00221724
0.00340031
0.00287034
0.00340031
0.00287034
0.00386913
0.00374983
0.00374983
0.000706307
0.00309371
0.00309371
0.00288494
0.00136046
0.00249447
0.00196878
0.00196878
0.00136046
0.000706307
0.00249447
0.00288494
5.05755e-34
5.05755e-34
2.27496e-34
0.00064315
0.00064315
2.27496e-34
0.00173061
0.00121916
0.00121916
0.00173061
0.0021424
0.00241002
0.0021424
0.00241002
0.00250524
0.00181144
0.00108323
0.00150319
0.00108323
0.000581004
0.00150319
0.00181144
0.000581004
0.00197551
0.00197551
4.22645e-34
4.22645e-34
1.89682e-34
0.000519406
0.000519406
1.89682e-34
0.00128602
0.00094993
0.00094993
0.00128602
0.00150386
0.00150386
0.00157797
0.00082102
0.00082102
0.000458933
0.00107934
0.00121524
0.000458933
0.00121524
0.00107934
3.41462e-34
3.41462e-34
1.51738e-34
0.000399051
1.51738e-34
0.000399051
0.000695521
0.000881956
0.000695521
0.000881956
0.000946931
0.000693642
0.000340265
0.000693642
0.000573346
0.000340265
0.000573346
2.6246e-34
2.6246e-34
0.000282037
1.13735e-34
0.000282037
1.13735e-34
0.00045462
0.00045462
0.00051268
0.000224733
0.000338133
0.000224733
0.000338133
1.85604e-34
1.85604e-34
7.57008e-35
0.000167888
0.000167888
7.57008e-35
0.000224281
0.000111663
0.000111663
1.10584e-34
1.10584e-34
3.76517e-35
3.76517e-35
5.57301e-05
8.2055e-38
3.68252e-35
3.68252e-35
