8.87487e-38
3.84643e-35
3.84643e-35
3.93825e-35
1.15482e-34
5.82289e-05
0.000116657
3.93825e-35
1.15482e-34
0.000116657
7.91742e-35
0.00023471
1.93781e-34
0.000175397
0.000234153
0.000353127
0.000353127
0.000175397
0.00023471
1.93781e-34
7.91742e-35
1.18933e-34
0.000355245
2.73931e-34
0.000294585
0.000598358
0.000723677
0.000474452
0.000535211
1.18933e-34
0.000355245
0.000474452
0.000723677
0.000598358
0.000294585
2.73931e-34
1.5865e-34
0.000416663
0.00047895
3.56245e-34
0.000725507
0.000856102
0.00112449
0.000919585
0.00126539
0.000986558
0.00126539
0.000919585
0.000416663
3.56245e-34
0.00047895
1.5865e-34
0.000856102
0.000725507
0.00112449
1.98303e-34
4.40751e-34
0.000542107
0.000606089
0.000990268
0.00112844
0.00156356
0.00133883
0.000606089
4.40751e-34
0.000542107
1.98303e-34
0.00205094
0.00164082
0.00188184
0.00156356
0.00156356
0.00156356
0.00188184
0.000990268
0.00205094
0.00133883
0.00112844
2.37823e-34
0.00073648
5.27184e-34
0.000670958
0.00127001
0.00141584
0.00204447
0.00179869
0.00249827
0.0022225
0.00258526
0.00298584
5.27184e-34
0.00073648
0.000670958
2.37823e-34
0.00127001
0.00204447
0.00141584
0.00179869
0.002595
0.00319964
0.00249827
0.00319964
0.00258526
0.00298584
0.0022225
2.77081e-34
0.000869499
6.14993e-34
0.00080281
0.00156443
0.00171723
0.0025668
0.00230066
0.00408425
0.00351413
0.00297112
0.00337914
0.00387012
0.00460681
0.00488516
0.0039931
2.77081e-34
0.000869499
6.14993e-34
0.00080281
0.00156443
0.00171723
0.0025668
0.00230066
0.00460681
0.00408425
0.00337914
0.00488516
0.00297112
0.00387012
0.00351413
3.15872e-34
0.0010041
7.03367e-34
0.00093682
0.00187177
0.00203016
0.0031266
0.00284251
0.00425937
0.00534575
0.00469501
0.00380898
0.00541204
0.00628343
0.00697337
0.0058779
0.00093682
3.15872e-34
0.0010041
7.03367e-34
0.0060407
0.00733912
0.00733912
0.0058779
0.00203016
0.0031266
0.00187177
0.00284251
0.00469501
0.00628343
0.00697337
0.00425937
0.00380898
0.00541204
0.00534575
3.53914e-34
0.00113886
7.91268e-34
0.00107175
0.00341869
0.00218894
0.00235097
0.00371689
0.00521531
0.00675754
0.00603402
0.00472859
0.00722053
0.00821888
0.00946421
0.00816942
0.00878404
0.0103717
0.0108498
0.00899537
7.91268e-34
0.00107175
3.53914e-34
0.00113886
0.00371689
0.00235097
0.00341869
0.00218894
0.0108498
0.0103717
0.00878404
0.00816942
0.00603402
0.00472859
0.00521531
0.00675754
0.00821888
0.00946421
0.00722053
3.90859e-34
0.00127204
8.77475e-34
0.001206
0.00251179
0.00432823
0.00402093
0.002675
0.001206
0.00127204
8.77475e-34
3.90859e-34
0.00623101
0.00829655
0.00751295
0.0057165
0.00927551
0.0123282
0.0108522
0.0103845
0.0128993
0.0139616
0.0151398
0.0121004
0.0157569
0.0131758
0.0128993
0.0157569
0.002675
0.00432823
0.00402093
0.00251179
0.00829655
0.00623101
0.00751295
0.0057165
0.0151398
0.0139616
0.0103845
0.0121004
0.0123282
0.00927551
0.0108522
4.26296e-34
0.00140167
9.60636e-34
0.0013377
0.00283525
0.00299685
0.00494924
0.00463873
0.0013377
0.00140167
9.60636e-34
4.26296e-34
0.0072863
0.00993156
0.00910439
0.00675453
0.00299685
0.00463873
0.00494924
0.00283525
0.0115407
0.0127373
0.0138841
0.0155119
0.0175613
0.0180497
0.0201537
0.0159487
0.0224409
0.0189398
0.0216575
0.0185887
0.0185887
0.0224409
0.0216575
0.0175613
0.00675453
0.00993156
0.0072863
0.00910439
0.0201537
0.0138841
0.0155119
0.0127373
0.0115407
0.0159487
0.0180497
4.59774e-34
0.00146479
0.0015256
1.03932e-33
0.00315361
0.00331054
0.00556716
0.00525995
0.00835797
0.0116252
0.0107738
0.00782085
0.00146479
0.0015256
1.03932e-33
4.59774e-34
0.00556716
0.00331054
0.00525995
0.00315361
0.013967
0.0152228
0.0189429
0.0172016
0.00835797
0.0107738
0.00782085
0.0116252
0.0202541
0.0225471
0.025791
0.0229019
0.0249512
0.0262445
0.028449
0.0303334
0.0313105
0.0262445
0.0266883
0.0313105
0.0249512
0.028449
0.0303334
0.0229019
0.0152228
0.0225471
0.0172016
0.013967
0.025791
0.0202541
0.0189429
4.90813e-34
1.11208e-33
0.00158508
0.0016416
0.00346075
0.00360985
0.00616846
0.00587138
0.00942087
0.0133361
0.0124816
0.00889116
0.00158508
0.0016416
1.11208e-33
4.90813e-34
0.0164957
0.0177789
0.0225348
0.0207246
0.00616846
0.00360985
0.00587138
0.00346075
0.0124816
0.0133361
0.00942087
0.00889116
0.027342
0.0249152
0.0319156
0.0288018
0.0177789
0.0164957
0.0207246
0.0225348
0.0346834
0.0321325
0.0392693
0.0359759
0.0362876
0.0415883
0.036833
0.0427857
0.0427857
0.0346834
0.0362876
0.0415883
0.0321325
0.0288018
0.0249152
0.0359759
0.027342
0.0319156
0.0392693
5.1893e-34
0.00174749
1.1775e-33
0.00169632
0.0037504
0.00388851
0.00673936
0.00645928
0.010449
0.0150205
0.00993975
0.0141848
0.0190619
0.0203385
0.0261923
0.0243617
0.00169632
0.00174749
1.1775e-33
5.1893e-34
0.00388851
0.00673936
0.00645928
0.0037504
0.0383655
0.0323064
0.0298114
0.0351107
0.0150205
0.010449
0.0141848
0.00993975
0.0243617
0.0190619
0.0203385
0.0261923
0.0490253
0.0440603
0.0399559
0.0440433
0.0298114
0.0383655
0.0323064
0.0351107
0.049133
0.0471829
0.0558368
0.0530321
0.0572803
0.0497979
0.049133
0.0572803
0.0440603
0.0490253
0.0440433
0.0471829
0.0558368
0.0530321
0.0399559
5.43654e-34
0.00184116
1.23426e-33
0.00179638
0.00401635
0.00414044
0.00726632
0.00700993
0.0114164
0.0109406
0.0166341
0.0158394
0.0215972
0.0228325
0.0298147
0.0280145
5.43654e-34
1.23426e-33
0.00179638
0.00184116
0.041657
0.0348092
0.0373028
0.0449617
0.00401635
0.00414044
0.00726632
0.00700993
0.0166341
0.0114164
0.0158394
0.0109406
0.0524284
0.0593357
0.0541289
0.0482111
0.0280145
0.0298147
0.0215972
0.0228325
0.0348092
0.0373028
0.041657
0.0449617
0.065338
0.0701305
0.0590988
0.0628515
0.0593357
0.0524284
0.0482111
0.0541289
0.0659811
0.0651892
0.075182
0.0734689
0.065338
0.075182
0.0701305
0.0734689
0.0628515
0.0651892
0.0590988
5.6455e-34
0.00192066
1.28117e-33
0.0018832
0.00425273
0.00436
0.00773658
0.00751013
0.0118681
0.0122984
0.0181339
0.0174015
0.0240325
0.0251926
0.033301
0.0315815
0.0018832
0.00192066
1.28117e-33
5.6455e-34
0.0482561
0.0397684
0.0421899
0.0515161
0.00425273
0.00751013
0.00773658
0.00436
0.0699072
0.0646078
0.0608917
0.0566657
0.0122984
0.0181339
0.0174015
0.0118681
0.0315815
0.033301
0.0251926
0.0240325
0.0781589
0.0852704
0.077621
0.0717074
0.0515161
0.0397684
0.0421899
0.0482561
0.0699072
0.0608917
0.0566657
0.0646078
0.08482
0.0820654
0.0909146
0.0948298
0.077621
0.0717074
0.0852704
0.0781589
0.0968341
0.0857552
0.08482
0.0820654
0.0948298
0.0909146
0.0968341
5.81233e-34
0.00198431
1.31724e-33
0.00195498
0.00445416
0.00454215
0.00813854
0.00794764
0.00195498
0.00198431
1.31724e-33
5.81233e-34
0.0126985
0.013072
0.0194796
0.0188291
0.0263007
0.0273535
0.0365528
0.0349626
0.0578398
0.0547187
0.0445479
0.0468279
0.00794764
0.00445416
0.00813854
0.00454215
0.0691877
0.0751948
0.080432
0.0650758
0.0126985
0.0194796
0.0188291
0.013072
0.0930218
0.0911222
0.100819
0.0846469
0.0365528
0.0273535
0.0349626
0.0263007
0.0578398
0.0468279
0.0445479
0.0547187
0.105138
0.109119
0.115672
0.0999555
0.080432
0.0691877
0.0650758
0.0751948
0.100819
0.0930218
0.0846469
0.0911222
0.108345
0.109428
0.122517
0.120202
0.105138
0.0999555
0.109119
0.115672
0.122517
0.108345
0.120202
5.93388e-34
0.00203075
1.34167e-33
0.00201017
0.00461599
0.00468264
0.00846219
0.00831161
0.01341
0.0137169
0.0206344
0.0200837
0.00201017
0.00203075
1.34167e-33
5.93388e-34
0.00831161
0.00846219
0.00461599
0.00468264
0.0283388
0.0292549
0.0394779
0.0380622
0.0510837
0.0637491
0.0608576
0.0490107
0.0770737
0.0855801
0.0906009
0.0731964
0.01341
0.0200837
0.0206344
0.0137169
0.103846
0.116318
0.108604
0.0975381
0.0283388
0.0380622
0.0292549
0.0394779
0.127546
0.137101
0.11834
0.126352
0.0608576
0.0637491
0.0510837
0.0490107
0.0770737
0.0855801
0.0731964
0.0906009
0.136003
0.144613
0.149789
0.132323
0.108604
0.103846
0.116318
0.0975381
0.11834
0.137101
0.126352
0.127546
0.137248
0.132323
0.152429
0.152429
0.136003
0.144613
0.149789
6.00779e-34
0.00205895
1.35394e-33
0.00204758
0.00473443
0.00477816
0.00869937
0.00859291
0.0139839
0.0142161
0.0215671
0.0211311
0.03009
0.0407923
0.030844
0.0419934
0.00204758
0.00205895
1.35394e-33
6.00779e-34
0.00477816
0.00859291
0.00869937
0.00473443
0.0211311
0.0215671
0.0142161
0.0139839
0.0548349
0.0690723
0.0664945
0.0530285
0.0954576
0.100114
0.0807895
0.0843186
0.131306
0.123904
0.115953
0.109999
0.0407923
0.03009
0.0419934
0.030844
0.136673
0.145649
0.158478
0.147836
0.0530285
0.0548349
0.0664945
0.0690723
0.156984
0.177851
0.163773
0.169342
0.100114
0.0843186
0.0954576
0.0807895
0.131306
0.115953
0.123904
0.109999
0.186679
0.167953
0.1837
0.169362
0.136673
0.145649
0.147836
0.158478
0.163773
0.156984
0.186679
0.1837
0.169342
0.167953
0.177851
6.03261e-34
0.00206829
1.35376e-33
0.00206639
0.00480666
0.00482645
0.0088441
0.00878446
0.0144051
0.0145564
0.0222521
0.0219427
0.00206639
0.00206829
1.35376e-33
6.03261e-34
0.0315055
0.0440279
0.0430755
0.0320762
0.0579736
0.073655
0.0714656
0.0564857
0.00878446
0.0088441
0.00482645
0.00480666
0.0219427
0.0222521
0.0145564
0.0144051
0.0315055
0.0320762
0.0430755
0.0440279
0.104536
0.0876327
0.10869
0.0907103
0.145337
0.138469
0.127084
0.121661
0.154408
0.162884
0.179164
0.168947
0.0714656
0.0564857
0.0579736
0.073655
0.193649
0.191915
0.205861
0.181595
0.0876327
0.104536
0.10869
0.0907103
0.204247
0.215397
0.221938
0.199556
0.138469
0.145337
0.127084
0.121661
0.179164
0.162884
0.168947
0.154408
0.225264
0.205831
0.204247
0.225264
0.193649
0.181595
0.221938
0.205861
0.191915
0.199556
0.215397
6.00784e-34
0.00205856
1.34116e-33
0.00206617
0.00483097
0.00482635
0.0088927
0.00888139
0.0146623
0.0147288
0.0226707
0.0224964
0.0325458
0.0329174
0.0455238
0.044847
0.00206617
0.00205856
1.34116e-33
6.00784e-34
0.00482635
0.00888139
0.0088927
0.00483097
0.0604098
0.0773642
0.0756267
0.059283
0.0960622
0.116078
0.112548
0.0935258
0.0147288
0.0146623
0.0224964
0.0226707
0.044847
0.0325458
0.0455238
0.0329174
0.0604098
0.059283
0.0773642
0.0756267
0.151862
0.157994
0.136909
0.132178
0.171015
0.178738
0.198538
0.189052
0.216802
0.205415
0.232977
0.219583
0.0935258
0.112548
0.0960622
0.116078
0.257147
0.246566
0.239615
0.231108
0.132178
0.136909
0.157994
0.151862
0.244835
0.264391
0.268071
0.246591
0.198538
0.189052
0.171015
0.178738
0.205415
0.216802
0.219583
0.232977
0.244835
0.239615
0.268071
0.264391
0.231108
0.246566
0.257147
5.934e-34
0.00202999
1.3164e-33
0.00204693
0.00480677
0.00477787
0.00884393
0.00888126
0.0227771
0.0147489
0.0147287
0.0228115
0.00204693
0.00202999
1.3164e-33
5.934e-34
0.0331818
0.0333439
0.0464385
0.0460566
0.0620737
0.0800928
0.0788574
0.0613404
0.00477787
0.00888126
0.00884393
0.00480677
0.0227771
0.0228115
0.0147489
0.0147287
0.100218
0.122061
0.119258
0.098297
0.14514
0.163688
0.14124
0.168901
0.0460566
0.0464385
0.0333439
0.0331818
0.0788574
0.0613404
0.0620737
0.0800928
0.122061
0.100218
0.098297
0.119258
0.185998
0.207549
0.21602
0.192738
0.227727
0.238107
0.258381
0.245942
0.274399
0.291242
0.261657
0.276264
0.14124
0.163688
0.168901
0.14514
0.283789
0.289537
0.302878
0.31083
0.185998
0.21602
0.207549
0.192738
0.314866
0.314866
0.291475
0.289537
0.238107
0.258381
0.227727
0.245942
0.31083
0.302878
0.276264
0.261657
0.291242
0.283789
0.274399
5.81253e-34
0.0019832
1.28004e-33
0.00200911
0.00473465
0.00468216
0.00869904
0.00878405
0.0226706
0.022777
0.0146624
0.0145562
0.0333958
0.0333438
0.0467463
0.0466701
0.00200911
0.0019832
1.28004e-33
5.81253e-34
0.00468216
0.00878405
0.00869904
0.00473465
0.0629177
0.0817621
0.0810643
0.0625988
0.103058
0.126463
0.124469
0.101807
0.022777
0.0226706
0.0145562
0.0146624
0.0466701
0.0333958
0.0467463
0.0333438
0.151533
0.177735
0.148578
0.173595
0.19891
0.223885
0.231088
0.204469
0.0629177
0.0625988
0.0817621
0.0810643
0.101807
0.124469
0.126463
0.103058
0.148578
0.173595
0.177735
0.151533
0.247864
0.270199
0.256924
0.281309
0.290281
0.323192
0.303598
0.307547
0.339558
0.321515
0.352246
0.331786
0.19891
0.223885
0.204469
0.231088
0.365297
0.33807
0.340183
0.360906
0.247864
0.256924
0.281309
0.270199
0.33807
0.365297
0.360906
0.331786
0.307547
0.303598
0.290281
0.323192
0.339558
0.321515
0.352246
5.64579e-34
0.00191922
1.23286e-33
0.00195354
0.00461633
0.00454149
0.0084617
0.00859224
0.0142157
0.0222519
0.0224962
0.0144051
0.00195354
0.00191922
1.23286e-33
5.64579e-34
0.0331818
0.0329173
0.0464385
0.0466701
0.0629177
0.0823239
0.0630222
0.0821839
0.00454149
0.00859224
0.0084617
0.00461633
0.0224962
0.0222519
0.0144051
0.0142157
0.104498
0.129157
0.12803
0.103955
0.181292
0.155902
0.184237
0.153979
0.0329173
0.0331818
0.0464385
0.0466701
0.0630222
0.0821839
0.0823239
0.0629177
0.209371
0.213583
0.237574
0.243296
0.265222
0.272694
0.301076
0.291627
0.104498
0.129157
0.103955
0.12803
0.184237
0.155902
0.153979
0.181292
0.243296
0.209371
0.237574
0.213583
0.316118
0.338058
0.327745
0.352033
0.391062
0.373322
0.372054
0.356871
0.390015
0.404792
0.414151
0.383204
0.265222
0.301076
0.272694
0.291627
0.390015
0.418893
0.392308
0.418893
0.352033
0.338058
0.316118
0.327745
0.383204
0.391062
0.373322
0.404792
0.414151
0.356871
0.372054
5.43697e-34
0.00183944
1.17587e-33
0.00188142
0.00445459
0.0083107
0.0043592
0.00813791
0.0137164
0.0215668
0.0219424
0.013984
0.00188142
0.00183944
1.17587e-33
5.43697e-34
0.0325458
0.0320761
0.0455237
0.0460566
0.0043592
0.0083107
0.00813791
0.00445459
0.0620737
0.0625987
0.0817621
0.082184
0.104498
0.130063
0.129837
0.104678
0.013984
0.0219424
0.0215668
0.0137164
0.0320761
0.0460566
0.0325458
0.0455237
0.186552
0.158119
0.188216
0.157284
0.219811
0.21707
0.252282
0.248211
0.0625987
0.0817621
0.082184
0.0620737
0.129837
0.130063
0.104498
0.104678
0.279286
0.317092
0.309585
0.284948
0.376901
0.338394
0.347984
0.365013
0.188216
0.158119
0.157284
0.186552
0.21707
0.248211
0.252282
0.219811
0.279286
0.284948
0.309585
0.317092
0.409125
0.38879
0.403155
0.426107
0.445195
0.459946
0.43752
0.425509
0.475076
0.447319
0.46999
0.444855
0.365013
0.347984
0.338394
0.376901
0.475076
0.444855
0.46999
0.43752
0.459946
0.409125
0.445195
0.38879
0.425509
0.403155
0.426107
5.18991e-34
0.00174556
1.11027e-33
0.00179432
0.00179432
0.00174556
1.11027e-33
5.18991e-34
0.00425324
0.00773583
0.00794652
0.00413951
0.0130714
0.0206341
0.0211306
0.0134101
0.0315056
0.0308438
0.0440279
0.0448469
0.00794652
0.00773583
0.00425324
0.00413951
0.0613403
0.0604098
0.0800929
0.0810644
0.0211306
0.0206341
0.0130714
0.0134101
0.103058
0.129157
0.129837
0.103955
0.158119
0.189556
0.189221
0.158396
0.0308438
0.0448469
0.0315056
0.0440279
0.0604098
0.0800929
0.0613403
0.0810644
0.221782
0.222972
0.257782
0.255481
0.289638
0.293324
0.323541
0.328883
0.129157
0.103058
0.103955
0.129837
0.158119
0.158396
0.189221
0.189556
0.356444
0.363712
0.397053
0.387608
0.416312
0.456327
0.428161
0.44188
0.221782
0.255481
0.222972
0.257782
0.289638
0.328883
0.293324
0.323541
0.356444
0.397053
0.387608
0.363712
0.501294
0.481257
0.463705
0.480897
0.527744
0.517035
0.494112
0.501952
0.501952
0.504589
0.533164
0.533164
0.416312
0.44188
0.456327
0.428161
0.527744
0.481257
0.494112
0.517035
0.480897
0.501294
0.463705
4.90898e-34
0.0016395
1.03738e-33
0.00169405
0.00401693
0.00388748
0.00726547
0.00750884
0.00169405
0.0016395
1.03738e-33
4.90898e-34
0.00750884
0.00726547
0.00401693
0.00388748
0.0122978
0.0194791
0.0200831
0.0126987
0.03009
0.0292547
0.0419934
0.0430754
0.059283
0.0579736
0.0773643
0.0788576
0.0126987
0.0122978
0.0200831
0.0194791
0.100218
0.126463
0.12803
0.101807
0.0430754
0.0419934
0.03009
0.0292547
0.155902
0.188216
0.189221
0.157284
0.223368
0.259633
0.25917
0.222972
0.059283
0.0773643
0.0579736
0.0788576
0.126463
0.12803
0.100218
0.101807
0.297574
0.336099
0.295975
0.33308
0.369733
0.374463
0.411889
0.405167
0.188216
0.157284
0.189221
0.155902
0.222972
0.25917
0.223368
0.259633
0.438615
0.447595
0.480816
0.469337
0.519905
0.536952
0.496643
0.510825
0.33308
0.295975
0.297574
0.336099
0.374463
0.369733
0.411889
0.405167
0.438615
0.480816
0.469337
0.447595
0.575303
0.558609
0.53859
0.552256
0.563386
0.560589
0.586651
0.592391
0.560589
0.592391
0.552256
0.586651
0.496643
0.53859
0.536952
0.510825
0.558609
0.575303
0.519905
4.5989e-34
0.00158265
0.00152339
9.58625e-34
0.00375102
0.00360875
0.00673843
0.0070085
0.0114157
0.0181335
0.0188284
0.0118683
0.00158265
0.00152339
9.58625e-34
4.5989e-34
0.00360875
0.0070085
0.00673843
0.00375102
0.0188284
0.0181335
0.0114157
0.0118683
0.0283388
0.0273532
0.0394779
0.0407922
0.0564856
0.0548349
0.0736551
0.075627
0.0982969
0.0960624
0.122061
0.124469
0.0273532
0.0407922
0.0283388
0.0394779
0.151533
0.184237
0.186552
0.153979
0.0564856
0.0736551
0.075627
0.0548349
0.25917
0.221782
0.219812
0.257782
0.338529
0.298108
0.297574
0.33792
0.0960624
0.0982969
0.124469
0.122061
0.153979
0.186552
0.184237
0.151533
0.377866
0.420969
0.417169
0.379919
0.455036
0.498847
0.46088
0.490677
0.25917
0.221782
0.219812
0.257782
0.338529
0.297574
0.33792
0.298108
0.56585
0.552305
0.534085
0.523337
0.593461
0.576947
0.59671
0.616319
0.377866
0.420969
0.417169
0.379919
0.455036
0.498847
0.46088
0.490677
0.552305
0.523337
0.56585
0.534085
0.611158
0.645876
0.619957
0.63392
0.651922
0.651922
0.622915
0.619957
0.611158
0.616319
0.63392
0.645876
0.593461
0.59671
0.576947
4.26452e-34
8.7545e-34
0.00146229
0.00139944
0.00346141
0.00330941
0.00616749
0.00645775
0.0104482
0.0166336
0.0174007
0.0109408
0.00146229
0.00139944
8.7545e-34
4.26452e-34
0.0263007
0.0251923
0.0365527
0.0380621
0.00330941
0.00645775
0.00616749
0.00346141
0.0109408
0.0104482
0.0174007
0.0166336
0.0251923
0.0380621
0.0365527
0.0263007
0.0530284
0.0510838
0.0690726
0.071466
0.0907106
0.116079
0.119258
0.0935257
0.14514
0.177735
0.181292
0.148578
0.0530284
0.071466
0.0690726
0.0510838
0.21707
0.252282
0.255481
0.213583
0.116079
0.119258
0.0907106
0.0935257
0.293324
0.336099
0.295975
0.337921
0.424026
0.380604
0.379919
0.423261
0.177735
0.14514
0.148578
0.181292
0.255481
0.21707
0.252282
0.213583
0.505265
0.465086
0.467622
0.509883
0.549986
0.577486
0.54299
0.587127
0.293324
0.336099
0.295975
0.337921
0.424026
0.379919
0.380604
0.423261
0.649561
0.633979
0.62055
0.608033
0.673548
0.65477
0.669952
0.692004
0.465086
0.509883
0.505265
0.467622
0.587127
0.577486
0.54299
0.549986
0.608033
0.633979
0.62055
0.649561
0.682301
0.679198
0.704533
0.710866
0.710866
0.679198
0.669952
0.692004
0.704533
0.673548
0.65477
3.91063e-34
0.00126985
7.89284e-34
0.00133521
0.00133521
0.00126985
7.89284e-34
3.91063e-34
0.00315428
0.00299572
0.00556618
0.0058698
0.00942009
0.0150199
0.0158386
0.00993995
0.0240325
0.0228322
0.0333009
0.0349625
0.0058698
0.00556618
0.00315428
0.00299572
0.0490106
0.046828
0.0637493
0.0664949
0.0158386
0.00942009
0.0150199
0.00993995
0.0333009
0.0228322
0.0349625
0.0240325
0.0490106
0.0664949
0.0637493
0.046828
0.0876325
0.084319
0.108691
0.112548
0.13691
0.168901
0.173596
0.141239
0.209371
0.248212
0.204469
0.243296
0.108691
0.112548
0.084319
0.0876325
0.284949
0.33308
0.289638
0.328883
0.13691
0.141239
0.173596
0.168901
0.420969
0.423261
0.377866
0.374463
0.512668
0.468469
0.513599
0.467622
0.248212
0.209371
0.204469
0.243296
0.33308
0.289638
0.284949
0.328883
0.558056
0.600151
0.594701
0.55502
0.639069
0.662946
0.674037
0.630922
0.374463
0.377866
0.423261
0.420969
0.513599
0.467622
0.468469
0.512668
0.729391
0.70435
0.711866
0.690118
0.727741
0.7374
0.761705
0.748642
0.55502
0.558056
0.594701
0.600151
0.630922
0.639069
0.674037
0.662946
0.70435
0.729391
0.690118
0.711866
0.740645
0.768305
0.768305
0.7374
0.748642
0.761705
0.727741
3.54176e-34
0.00113677
7.01479e-34
0.00120358
3.54176e-34
0.00120358
0.00113677
7.01479e-34
0.00283591
0.00267391
0.00494827
0.00525838
0.00525838
0.00494827
0.00283591
0.00267391
0.00889136
0.00835719
0.0133356
0.014184
0.0215972
0.0203381
0.0298146
0.0315814
0.0445478
0.04219
0.0578401
0.0608581
0.014184
0.0133356
0.00835719
0.00889136
0.0807893
0.0770741
0.100114
0.104537
0.0203381
0.0315814
0.0298146
0.0215972
0.0445478
0.0608581
0.0578401
0.04219
0.0770741
0.0807893
0.104537
0.100114
0.127084
0.157995
0.163689
0.132178
0.19891
0.231089
0.192739
0.237575
0.323542
0.279285
0.272695
0.317093
0.127084
0.157995
0.163689
0.132178
0.41717
0.363712
0.369733
0.411889
0.192739
0.237575
0.231089
0.19891
0.509883
0.512668
0.46088
0.465086
0.558056
0.603438
0.604536
0.55907
0.323542
0.317093
0.272695
0.279285
0.369733
0.41717
0.363712
0.411889
0.689019
0.644933
0.648467
0.682749
0.725407
0.756919
0.744445
0.716144
0.509883
0.465086
0.46088
0.512668
0.55907
0.603438
0.558056
0.604536
0.767085
0.783595
0.80291
0.782928
0.793642
0.797012
0.816462
0.823308
0.648467
0.644933
0.682749
0.689019
0.756919
0.716144
0.744445
0.725407
0.823308
0.767085
0.816462
0.793642
0.783595
0.80291
0.782928
0.00106948
0.00100218
6.13249e-34
3.16202e-34
3.16202e-34
0.00100218
6.13249e-34
0.00106948
0.00251242
0.00234994
0.00432731
0.00463721
0.00251242
0.00234994
0.00463721
0.00432731
0.00728554
0.0116247
0.0124807
0.00782104
0.0124807
0.0116247
0.00728554
0.00782104
0.019062
0.0177785
0.0261922
0.0280144
0.0397683
0.0373029
0.0515164
0.0547192
0.0731961
0.0691881
0.0906015
0.0954586
0.0261922
0.0177785
0.0280144
0.019062
0.121661
0.115953
0.145338
0.151863
0.0373029
0.0397683
0.0547192
0.0515164
0.0906015
0.0731961
0.0954586
0.0691881
0.121661
0.151863
0.145338
0.115953
0.223887
0.185997
0.178739
0.21602
0.309587
0.265221
0.301077
0.256925
0.405167
0.347985
0.397053
0.356444
0.223887
0.21602
0.185997
0.178739
0.505265
0.447596
0.498847
0.455035
0.309587
0.256925
0.265221
0.301077
0.549986
0.600152
0.55502
0.603438
0.692799
0.694063
0.649649
0.648468
0.405167
0.397053
0.347985
0.356444
0.447596
0.455035
0.505265
0.498847
0.736095
0.77377
0.766718
0.732075
0.806367
0.819502
0.833251
0.796056
0.55502
0.600152
0.603438
0.549986
0.648468
0.649649
0.692799
0.694063
0.836598
0.853895
0.86789
0.846992
0.846992
0.850483
0.874958
0.874958
0.766718
0.732075
0.77377
0.736095
0.806367
0.833251
0.819502
0.86789
0.853895
0.796056
0.836598
0.000934778
0.0008678
5.25625e-34
2.7749e-34
0.0040195
0.00371604
0.00218952
0.00202923
2.7749e-34
0.0008678
5.25625e-34
0.000934778
0.00218952
0.00202923
0.00371604
0.0040195
0.0062303
0.00993106
0.010773
0.00675472
0.00993106
0.0062303
0.00675472
0.010773
0.0164958
0.0152225
0.0225347
0.0243616
0.0152225
0.0243616
0.0225347
0.0164958
0.034809
0.0323065
0.044962
0.0482566
0.0650756
0.0608922
0.0804327
0.0855811
0.103847
0.131307
0.13847
0.109999
0.0323065
0.034809
0.0482566
0.044962
0.171014
0.162885
0.198539
0.207551
0.0608922
0.0804327
0.0650756
0.0855811
0.131307
0.109999
0.13847
0.103847
0.162885
0.207551
0.171014
0.198539
0.238108
0.247863
0.28131
0.291628
0.387609
0.327746
0.376902
0.338394
0.480817
0.428162
0.490678
0.438615
0.291628
0.28131
0.238108
0.247863
0.534085
0.594701
0.587128
0.54299
0.327746
0.338394
0.387609
0.376902
0.689019
0.639069
0.692799
0.644932
0.737439
0.779443
0.778022
0.736095
0.490678
0.480817
0.438615
0.428162
0.594701
0.54299
0.534085
0.587128
0.84405
0.813789
0.818263
0.851823
0.879486
0.868228
0.900717
0.885842
0.689019
0.644932
0.639069
0.692799
0.737439
0.779443
0.778022
0.736095
0.900146
0.915106
0.896555
0.922371
0.896555
0.915106
0.885842
0.922371
0.84405
0.818263
0.851823
0.813789
0.900717
0.879486
0.868228
0.000801047
0.000735047
4.39408e-34
2.38318e-34
0.0034174
0.00312584
0.00187228
0.00171642
2.38318e-34
0.000735047
4.39408e-34
0.000801047
0.00910364
0.00829608
0.00521467
0.00571668
0.00187228
0.00171642
0.00312584
0.0034174
0.00521467
0.00829608
0.00910364
0.00571668
0.013967
0.012737
0.0189428
0.0207245
0.0207245
0.0189428
0.013967
0.012737
0.0298113
0.0273421
0.0383658
0.0416575
0.0298113
0.0416575
0.0383658
0.0273421
0.0566654
0.0524289
0.0699078
0.0751959
0.0975377
0.091123
0.116319
0.123906
0.154408
0.14565
0.179165
0.189054
0.0699078
0.0566654
0.0751959
0.0524289
0.270201
0.227727
0.258382
0.216803
0.091123
0.116319
0.123906
0.0975377
0.14565
0.189054
0.179165
0.154408
0.270201
0.216803
0.227727
0.258382
0.352035
0.303599
0.365015
0.316117
0.456328
0.469339
0.403156
0.416312
0.577487
0.510825
0.565851
0.523337
0.303599
0.365015
0.352035
0.316117
0.620551
0.674037
0.682749
0.630922
0.403156
0.456328
0.469339
0.416312
0.725408
0.77377
0.732075
0.778022
0.819759
0.818263
0.856509
0.858076
0.523337
0.510825
0.577487
0.565851
0.682749
0.630922
0.674037
0.620551
0.912402
0.920812
0.892474
0.887589
0.941464
0.930479
0.942554
0.957284
0.732075
0.77377
0.725408
0.778022
0.858076
0.819759
0.818263
0.856509
0.945152
0.941464
0.964721
0.964721
0.912402
0.892474
0.930479
0.957284
0.887589
0.920812
0.942554
0.000669514
0.00060495
3.55132e-34
1.98888e-34
0.00284138
0.00256615
0.00156486
0.00141518
1.98888e-34
0.00060495
3.55132e-34
0.000669514
0.00751226
0.00675711
0.0042588
0.00472874
0.00156486
0.00141518
0.00256615
0.00284138
0.0172014
0.0155118
0.0115407
0.0103843
0.0042588
0.00675711
0.00751226
0.00472874
0.0115407
0.0103843
0.0155118
0.0172014
0.0249151
0.0225472
0.0319159
0.0351112
0.0249151
0.0351112
0.0319159
0.0225472
0.0482109
0.0440438
0.0593364
0.0646088
0.0440438
0.0482109
0.0646088
0.0593364
0.0781597
0.10082
0.108605
0.0846466
0.136672
0.127547
0.15848
0.168949
0.205414
0.245944
0.19365
0.232978
0.0781597
0.108605
0.10082
0.0846466
0.276266
0.33806
0.323193
0.29028
0.127547
0.15848
0.168949
0.136672
0.232978
0.19365
0.245944
0.205414
0.323193
0.276266
0.29028
0.33806
0.441882
0.373324
0.426108
0.388789
0.480898
0.552306
0.536953
0.496643
0.593462
0.649561
0.662947
0.608033
0.426108
0.441882
0.373324
0.388789
0.75692
0.704351
0.716144
0.766718
0.552306
0.496643
0.480898
0.536953
0.806367
0.851824
0.813789
0.85651
0.927577
0.894108
0.892474
0.925882
0.662947
0.593462
0.608033
0.649561
0.75692
0.716144
0.766718
0.704351
0.951245
0.969711
0.978655
0.956484
0.993674
0.980937
0.9847
1.00125
0.85651
0.806367
0.851824
0.813789
0.894108
0.925882
0.892474
0.927577
0.956484
0.969711
0.978655
0.980937
1.00125
0.993674
0.951245
0.000541005
0.000478115
2.73048e-34
1.59326e-34
0.00229973
0.00204395
0.00127035
0.00112793
1.59326e-34
0.000478115
2.73048e-34
0.000541005
0.0060334
0.00534537
0.00337866
0.00380912
0.00127035
0.00112793
0.00204395
0.00229973
0.013884
0.0123281
0.00927554
0.00821862
0.00337866
0.00534537
0.0060334
0.00380912
0.020254
0.0288022
0.0257912
0.0180498
0.00927554
0.00821862
0.0123281
0.013884
0.020254
0.0180498
0.0257912
0.0288022
0.0399557
0.0359763
0.0490259
0.0541299
0.0399557
0.0541299
0.0359763
0.0490259
0.071707
0.0653387
0.0852713
0.0930233
0.0852713
0.0653387
0.071707
0.0930233
0.118339
0.10912
0.137102
0.147838
0.219585
0.181594
0.169343
0.205863
0.291243
0.307549
0.246567
0.261656
0.10912
0.147838
0.137102
0.118339
0.339559
0.391064
0.409127
0.356871
0.205863
0.169343
0.219585
0.181594
0.291243
0.246567
0.307549
0.261656
0.339559
0.391064
0.356871
0.409127
0.519907
0.501295
0.445197
0.463705
0.55861
0.616319
0.63398
0.576946
0.729392
0.690117
0.744446
0.673549
0.519907
0.501295
0.445197
0.463705
0.796055
0.782928
0.844051
0.833251
0.616319
0.576946
0.55861
0.63398
0.920812
0.879486
0.887589
0.925882
0.98585
0.984048
0.958237
0.956484
0.673549
0.729392
0.690117
0.744446
0.833251
0.844051
0.796055
0.782928
1.01426
1.02362
1.00284
1.00837
1.01809
1.03132
1.03132
1.01426
0.887589
0.920812
0.925882
0.879486
0.984048
1.02362
0.958237
0.98585
1.00837
1.00284
0.956484
0.0004159
0.000354698
1.9311e-34
1.19692e-34
1.19692e-34
0.000354698
1.9311e-34
0.0004159
0.00179796
0.00156316
0.000990506
0.00085573
0.00469447
0.00408392
0.00258487
0.00297123
0.000990506
0.00085573
0.00156316
0.00179796
0.00628319
0.0108521
0.00946409
0.00722056
0.00258487
0.00408392
0.00469447
0.00297123
0.0159487
0.0229023
0.0201539
0.0139616
0.00722056
0.00628319
0.00946409
0.0108521
0.0321323
0.0440612
0.0392698
0.0284493
0.0159487
0.0139616
0.0201539
0.0229023
0.0321323
0.0284493
0.0392698
0.0440612
0.0590984
0.0530328
0.0701313
0.0776224
0.0590984
0.0776224
0.0701313
0.0530328
0.099955
0.0909156
0.115673
0.126354
0.126354
0.0909156
0.115673
0.099955
0.191917
0.156984
0.177852
0.144614
0.215399
0.231107
0.274401
0.257148
0.302879
0.372057
0.352247
0.321515
0.177852
0.144614
0.191917
0.156984
0.404793
0.481259
0.459947
0.425509
0.215399
0.257148
0.231107
0.274401
0.352247
0.302879
0.372057
0.321515
0.481259
0.404793
0.459947
0.425509
0.596712
0.517036
0.575304
0.538589
0.692005
0.633921
0.711867
0.65477
0.767085
0.748643
0.802911
0.819503
0.517036
0.575304
0.596712
0.538589
0.853895
0.912402
0.868228
0.900717
0.633921
0.711867
0.65477
0.692005
0.942554
0.978656
0.951245
0.984048
1.03115
1.00837
1.01022
1.02926
0.767085
0.819503
0.802911
0.748643
0.868228
0.900717
0.853895
0.912402
1.05436
1.04471
1.04084
1.04657
1.04657
1.02926
1.04084
1.05436
0.978656
0.951245
0.942554
0.984048
1.01022
1.03115
1.00837
7.99996e-35
0.000234409
1.14981e-34
0.000294131
0.000294131
0.000234409
1.14981e-34
7.99996e-35
0.0013383
0.0011242
0.000725648
0.000598114
0.000725648
0.000598114
0.0011242
0.0013383
0.00351367
0.00298556
0.00188153
0.00222258
0.00816924
0.00697323
0.00541208
0.00460658
0.00188153
0.00298556
0.00222258
0.00351367
0.0121004
0.0175615
0.0151399
0.0103717
0.00541208
0.00460658
0.00697323
0.00816924
0.024951
0.0346842
0.0216578
0.0303338
0.0121004
0.0103717
0.0151399
0.0175615
0.0471826
0.0628528
0.0558376
0.0415889
0.024951
0.0216578
0.0303338
0.0346842
0.0471826
0.0415889
0.0558376
0.0628528
0.082065
0.0734698
0.0948309
0.10514
0.082065
0.10514
0.0734698
0.0948309
0.120204
0.149791
0.132322
0.163775
0.120204
0.163775
0.149791
0.132322
0.221939
0.239617
0.183702
0.199555
0.264392
0.331788
0.283788
0.310832
0.360907
0.414153
0.437522
0.383204
0.221939
0.183702
0.239617
0.199555
0.469991
0.552258
0.527745
0.494112
0.310832
0.264392
0.283788
0.331788
0.437522
0.360907
0.414153
0.383204
0.527745
0.469991
0.552258
0.494112
0.645877
0.669953
0.586652
0.611157
0.761705
0.704534
0.783596
0.727741
0.836598
0.86789
0.885843
0.816463
0.586652
0.669953
0.611157
0.645877
0.930479
0.957284
0.915106
0.969711
0.727741
0.761705
0.783596
0.704534
1.00284
1.02926
0.993674
1.02362
1.06212
1.04657
1.06017
1.04849
0.816463
0.836598
0.885843
0.86789
0.930479
0.969711
0.957284
0.915106
1.06017
1.06409
1.06996
1.06996
1.02362
1.06212
1.04849
1.02926
1.00284
0.993674
1.04657
0.000175188
0.000116529
3.80637e-35
4.02423e-35
4.02423e-35
0.000116529
3.80637e-35
0.000175188
0.000474507
0.000352981
0.000723471
0.00091922
0.00091922
0.000723471
0.000474507
0.000352981
0.00249787
0.00205068
0.00126515
0.00156361
0.00126515
0.00156361
0.00205068
0.00249787
0.00587768
0.00488499
0.00387015
0.00319941
0.008784
0.0128995
0.0108499
0.00733903
0.00387015
0.00319941
0.00488499
0.00587768
0.0185886
0.0262451
0.0224412
0.015757
0.008784
0.00733903
0.0108499
0.0128995
0.0362873
0.0491341
0.0427864
0.0313109
0.0185886
0.015757
0.0224412
0.0262451
0.0651888
0.0848217
0.075183
0.0572811
0.0362873
0.0313109
0.0427864
0.0491341
0.0848217
0.0651888
0.0572811
0.075183
0.0968352
0.122518
0.136005
0.108345
0.108345
0.136005
0.0968352
0.122518
0.204249
0.152431
0.167953
0.18668
0.204249
0.152431
0.18668
0.167953
0.225265
0.268072
0.28954
0.244834
0.314868
0.365298
0.390017
0.338069
0.475077
0.501954
0.418895
0.444854
0.268072
0.225265
0.28954
0.244834
0.533165
0.619958
0.592392
0.560588
0.390017
0.365298
0.314868
0.338069
0.418895
0.501954
0.444854
0.475077
0.533165
0.619958
0.592392
0.560588
0.679198
0.651923
0.710867
0.737401
0.793642
0.768306
0.846993
0.823309
0.941464
0.874958
0.896555
0.922372
0.710867
0.737401
0.651923
0.679198
1.01426
1.00125
0.980937
0.964721
0.768306
0.823309
0.793642
0.846993
1.03132
1.04084
1.06017
1.05436
1.07586
1.07192
1.06996
1.07783
0.922372
0.874958
0.896555
0.941464
0.964721
0.980937
1.01426
1.00125
1.06996
1.06017
1.07192
1.07783
1.03132
1.05436
1.04084
5.42066e-37
5.81553e-05
5.81553e-05
5.42066e-37
0.000534969
0.000234161
0.000234161
0.000534969
0.00164046
0.000986588
0.000986588
0.00164046
0.00259505
0.00399281
0.00259505
0.00399281
0.0060407
0.00899534
0.0131757
0.0189402
0.0060407
0.00899534
0.026688
0.0368339
0.0189402
0.0131757
0.0497976
0.0659825
0.0368339
0.026688
0.0857547
0.10943
0.0497976
0.0659825
0.0857547
0.10943
0.137247
0.169365
0.137247
0.169365
0.20583
0.246594
0.246594
0.20583
0.291475
0.340185
0.392308
0.447321
0.563388
0.504588
0.340185
0.291475
0.682302
0.622914
0.447321
0.392308
0.504588
0.563388
0.682302
0.622914
0.740645
0.797013
0.900147
0.850483
0.9847
0.945152
0.740645
0.797013
1.04471
1.01809
0.900147
0.850483
1.07586
1.06409
1.07981
1.07586
0.945152
0.9847
1.01809
1.06409
1.04471
0.0968352
0.225265
0.18668
0.000116529
0.122518
0.152431
0.122518
0.152431
0.0968352
0.00205068
0.00319941
0.075183
0.18668
0.00733903
0.0572811
0.0427864
0.225265
0.0313109
0.0224412
0.268072
0.015757
0.0108499
0.314868
0.00488499
0.365298
0.418895
0.00126515
0.000723471
0.475077
0.000352981
0.533165
0.592392
0.000116529
0.268072
0.314868
0.651923
0.710867
0.418895
0.768306
0.000352981
0.823309
0.874958
0.000723471
0.922372
0.964721
0.00126515
1.00125
1.03132
0.00205068
0.874958
1.05436
0.922372
1.06996
0.00319941
1.07783
1.07783
0.00488499
1.06996
1.05436
0.00733903
1.03132
1.00125
0.0108499
0.964721
0.015757
0.823309
0.0224412
0.768306
0.710867
0.0313109
0.651923
0.592392
0.0427864
0.533165
0.475077
0.0572811
0.365298
0.075183
3.80637e-35
3.80637e-35
4.02423e-35
0.000175188
0.000175188
4.02423e-35
0.00091922
0.000474507
0.000474507
0.00091922
0.00156361
0.00249787
0.00156361
0.00249787
0.00587768
0.00387015
0.00387015
0.00587768
0.0128995
0.008784
0.0262451
0.0185886
0.008784
0.0128995
0.0362873
0.0491341
0.0262451
0.0185886
0.0848217
0.0651888
0.0362873
0.0491341
0.108345
0.136005
0.0651888
0.0848217
0.108345
0.136005
0.204249
0.167953
0.204249
0.167953
0.244834
0.28954
0.28954
0.244834
0.390017
0.338069
0.501954
0.444854
0.560588
0.619958
0.338069
0.390017
0.737401
0.679198
0.501954
0.444854
0.619958
0.560588
0.679198
0.737401
0.793642
0.846993
0.941464
0.896555
0.980937
1.01426
0.846993
0.793642
1.06017
1.04084
0.941464
0.896555
1.07586
1.07192
1.07192
1.06017
1.01426
0.980937
1.04084
0.183702
0.149791
0.149791
0.120204
0.183702
0.0948309
0.0011242
0.0734698
0.0558376
0.221939
0.0415889
0.264392
0.0303338
0.0216578
0.0151399
0.310832
0.0103717
0.360907
0.00697323
0.00460658
0.00298556
0.414153
0.00188153
0.469991
0.000598114
0.000234409
0.527745
0.586652
0.000234409
0.645877
0.221939
0.704534
0.761705
0.310832
0.000598114
0.816463
0.86789
0.469991
0.915106
0.0011242
0.957284
0.00188153
0.993674
1.02362
1.04657
0.761705
0.00298556
1.06212
0.00460658
0.915106
1.06996
1.06996
1.06212
0.00697323
1.04657
0.0103717
1.02362
0.993674
0.957284
0.0151399
0.0216578
0.86789
0.816463
0.0303338
0.704534
0.0415889
0.645877
0.586652
0.527745
0.0558376
0.0734698
0.414153
0.360907
0.0948309
0.264392
0.120204
1.14981e-34
1.14981e-34
7.99996e-35
0.000294131
0.000294131
7.99996e-35
0.0013383
0.000725648
0.000725648
0.0013383
0.00222258
0.00351367
0.00351367
0.00222258
0.00816924
0.00541208
0.00541208
0.00816924
0.0175615
0.0121004
0.024951
0.0346842
0.0121004
0.0175615
0.0471826
0.0628528
0.0346842
0.024951
0.082065
0.10514
0.0628528
0.0471826
0.163775
0.132322
0.082065
0.10514
0.163775
0.132322
0.199555
0.239617
0.239617
0.199555
0.331788
0.283788
0.283788
0.331788
0.437522
0.383204
0.552258
0.494112
0.611157
0.669953
0.437522
0.383204
0.727741
0.783596
0.494112
0.552258
0.669953
0.611157
0.727741
0.783596
0.836598
0.885843
0.930479
0.969711
1.00284
1.02926
0.885843
0.836598
1.06017
1.04849
0.930479
0.969711
1.06409
1.06017
1.04849
1.00284
1.02926
0.177852
0.115673
0.215399
0.000354698
0.0909156
0.0701313
0.0530328
0.257148
0.0392698
0.00408392
0.00628319
0.302879
0.0284493
0.0201539
0.0139616
0.352247
0.00946409
0.404793
0.00258487
0.459947
0.00156316
0.517036
0.00085573
0.575304
0.633921
0.000354698
0.692005
0.177852
0.748643
0.00085573
0.802911
0.853895
0.900717
0.352247
0.404793
0.00156316
0.942554
0.00258487
0.978656
1.00837
1.03115
0.00408392
0.692005
1.04657
0.00628319
0.802911
0.853895
1.05436
1.05436
1.04657
0.00946409
1.03115
0.0139616
1.00837
0.978656
0.942554
0.0201539
0.900717
0.0284493
0.748643
0.0392698
0.0530328
0.633921
0.575304
0.517036
0.0701313
0.459947
0.0909156
0.302879
0.115673
0.257148
0.144614
0.215399
0.144614
1.9311e-34
1.9311e-34
1.19692e-34
0.0004159
0.0004159
1.19692e-34
0.000990506
0.00179796
0.000990506
0.00179796
0.00297123
0.00469447
0.00469447
0.00297123
0.0108521
0.00722056
0.00722056
0.0108521
0.0159487
0.0229023
0.0321323
0.0440612
0.0159487
0.0229023
0.0590984
0.0776224
0.0440612
0.0321323
0.126354
0.099955
0.0590984
0.0776224
0.191917
0.156984
0.099955
0.126354
0.191917
0.156984
0.274401
0.231107
0.274401
0.231107
0.321515
0.372057
0.372057
0.321515
0.481259
0.425509
0.596712
0.538589
0.65477
0.711867
0.425509
0.481259
0.767085
0.819503
0.538589
0.596712
0.711867
0.65477
0.767085
0.819503
0.912402
0.868228
0.951245
0.984048
1.01022
1.02926
0.868228
0.912402
1.04471
1.04084
0.984048
0.951245
1.04084
1.02926
1.01022
0.246567
0.0653387
0.0490259
0.291243
0.0359763
0.0257912
0.339559
0.0180498
0.0123281
0.391064
0.00821862
0.00534537
0.445197
0.00337866
0.00204395
0.501295
0.00112793
0.000478115
0.55861
0.616319
0.000478115
0.0852713
0.10912
0.673549
0.729392
0.169343
0.782928
0.00112793
0.833251
0.879486
0.00204395
0.920812
0.956484
0.00337866
0.98585
1.00837
0.00534537
0.55861
1.02362
0.616319
1.03132
0.00821862
1.03132
1.02362
0.0123281
0.833251
0.879486
1.00837
0.98585
0.0180498
0.956484
0.920812
0.0257912
0.0359763
0.782928
0.729392
0.0490259
0.673549
0.0653387
0.501295
0.0852713
0.445197
0.391064
0.10912
0.339559
0.291243
0.137102
0.246567
0.205863
0.169343
0.137102
0.205863
2.73048e-34
2.73048e-34
1.59326e-34
0.000541005
0.000541005
1.59326e-34
0.00229973
0.00127035
0.00127035
0.00229973
0.0060334
0.00380912
0.00380912
0.0060334
0.013884
0.00927554
0.00927554
0.013884
0.0288022
0.020254
0.0399557
0.0541299
0.0288022
0.020254
0.0930233
0.071707
0.0399557
0.0541299
0.147838
0.118339
0.0930233
0.071707
0.219585
0.181594
0.147838
0.118339
0.181594
0.219585
0.307549
0.261656
0.261656
0.307549
0.409127
0.356871
0.356871
0.409127
0.519907
0.463705
0.63398
0.576946
0.690117
0.744446
0.463705
0.519907
0.844051
0.796055
0.576946
0.63398
0.744446
0.690117
0.844051
0.796055
0.887589
0.925882
0.958237
0.984048
1.00284
1.01426
0.925882
0.887589
1.01426
1.01809
0.958237
1.00284
0.984048
0.0440438
0.0319159
0.323193
0.0225472
0.373324
0.0155118
0.0103843
0.00675711
0.426108
0.0042588
0.480898
0.00256615
0.00141518
0.00060495
0.536953
0.593462
0.00060495
0.649561
0.0593364
0.704351
0.75692
0.10082
0.00141518
0.806367
0.851824
0.19365
0.892474
0.00256615
0.927577
0.0042588
0.956484
0.978655
0.993674
0.426108
0.00675711
1.00125
0.0103843
0.593462
1.00125
0.993674
0.978655
0.0155118
0.75692
0.956484
0.0225472
0.927577
0.892474
0.851824
0.0319159
0.806367
0.0440438
0.704351
0.649561
0.0593364
0.0781597
0.536953
0.480898
0.10082
0.373324
0.127547
0.323193
0.276266
0.232978
0.15848
0.19365
0.15848
0.127547
0.232978
0.0781597
0.276266
3.55132e-34
3.55132e-34
1.98888e-34
0.000669514
0.000669514
1.98888e-34
0.00284138
0.00156486
0.00156486
0.00284138
0.00751226
0.00472874
0.00751226
0.00472874
0.0115407
0.0172014
0.0115407
0.0172014
0.0249151
0.0351112
0.0482109
0.0646088
0.0249151
0.0351112
0.108605
0.0846466
0.0646088
0.0482109
0.168949
0.136672
0.108605
0.0846466
0.245944
0.205414
0.168949
0.136672
0.205414
0.245944
0.33806
0.29028
0.33806
0.29028
0.441882
0.388789
0.441882
0.388789
0.552306
0.496643
0.608033
0.662947
0.766718
0.716144
0.496643
0.552306
0.813789
0.85651
0.662947
0.608033
0.716144
0.766718
0.85651
0.813789
0.925882
0.894108
0.969711
0.951245
0.980937
0.9847
0.894108
0.925882
0.969711
0.980937
0.951245
0.352035
0.0189428
0.403156
0.012737
0.00829608
0.00521467
0.456328
0.00312584
0.510825
0.00171642
0.000735047
0.565851
0.620551
0.000735047
0.674037
0.0383658
0.725408
0.00171642
0.77377
0.818263
0.858076
0.116319
0.14565
0.00312584
0.892474
0.00521467
0.920812
0.942554
0.957284
0.00829608
0.352035
0.964721
0.012737
0.456328
0.510825
0.964721
0.957284
0.942554
0.0189428
0.674037
0.920812
0.0273421
0.892474
0.858076
0.818263
0.0383658
0.77377
0.0524289
0.725408
0.620551
0.0699078
0.565851
0.091123
0.403156
0.116319
0.14565
0.303599
0.258382
0.216803
0.179165
0.179165
0.216803
0.091123
0.258382
0.0699078
0.303599
0.0524289
0.0273421
4.39408e-34
4.39408e-34
2.38318e-34
0.000801047
0.000801047
2.38318e-34
0.00187228
0.0034174
0.00187228
0.0034174
0.00910364
0.00571668
0.00571668
0.00910364
0.013967
0.0207245
0.013967
0.0207245
0.0416575
0.0298113
0.0751959
0.0566654
0.0298113
0.0416575
0.0975377
0.123906
0.0566654
0.0751959
0.154408
0.189054
0.0975377
0.123906
0.227727
0.270201
0.189054
0.154408
0.227727
0.270201
0.365015
0.316117
0.365015
0.316117
0.469339
0.416312
0.416312
0.469339
0.577487
0.523337
0.682749
0.630922
0.732075
0.778022
0.523337
0.577487
0.856509
0.819759
0.682749
0.630922
0.732075
0.778022
0.856509
0.819759
0.912402
0.887589
0.941464
0.930479
0.945152
0.941464
0.887589
0.930479
0.912402
0.428162
0.0062303
0.00371604
0.480817
0.00202923
0.0008678
0.534085
0.587128
0.0008678
0.00993106
0.0152225
0.639069
0.689019
0.0323065
0.736095
0.00202923
0.779443
0.818263
0.00371604
0.851823
0.879486
0.0062303
0.900717
0.915106
0.00993106
0.238108
0.922371
0.28131
0.922371
0.0152225
0.915106
0.900717
0.0225347
0.480817
0.534085
0.879486
0.851823
0.0323065
0.818263
0.779443
0.044962
0.736095
0.689019
0.0608922
0.639069
0.587128
0.0804327
0.103847
0.428162
0.376902
0.131307
0.327746
0.162885
0.198539
0.198539
0.162885
0.131307
0.238108
0.103847
0.0804327
0.28131
0.0608922
0.044962
0.327746
0.0225347
0.376902
5.25625e-34
5.25625e-34
2.7749e-34
0.000934778
0.000934778
2.7749e-34
0.0040195
0.00218952
0.00218952
0.0040195
0.00675472
0.010773
0.010773
0.00675472
0.0243616
0.0164958
0.0164958
0.0243616
0.034809
0.0482566
0.0650756
0.0855811
0.034809
0.0482566
0.13847
0.109999
0.0855811
0.0650756
0.171014
0.207551
0.109999
0.13847
0.247863
0.291628
0.171014
0.207551
0.291628
0.247863
0.387609
0.338394
0.338394
0.387609
0.438615
0.490678
0.490678
0.438615
0.594701
0.54299
0.692799
0.644932
0.778022
0.737439
0.594701
0.54299
0.813789
0.84405
0.692799
0.644932
0.737439
0.778022
0.84405
0.813789
0.868228
0.885842
0.900146
0.896555
0.896555
0.885842
0.868228
0.00234994
0.00100218
0.498847
0.549986
0.00100218
0.600152
0.00432731
0.648468
0.694063
0.0116247
0.00234994
0.736095
0.77377
0.0373029
0.806367
0.00432731
0.833251
0.00728554
0.853895
0.86789
0.874958
0.145338
0.0116247
0.874958
0.0177785
0.256925
0.86789
0.853895
0.833251
0.0261922
0.397053
0.806367
0.0373029
0.77377
0.736095
0.694063
0.0515164
0.648468
0.0691881
0.600152
0.549986
0.498847
0.0906015
0.447596
0.115953
0.347985
0.301077
0.145338
0.178739
0.21602
0.178739
0.21602
0.115953
0.256925
0.0906015
0.0691881
0.0515164
0.301077
0.347985
0.0261922
0.0177785
0.397053
0.00728554
0.447596
6.13249e-34
6.13249e-34
3.16202e-34
0.00106948
0.00106948
3.16202e-34
0.00251242
0.00463721
0.00251242
0.00463721
0.0124807
0.00782104
0.0124807
0.00782104
0.0280144
0.019062
0.019062
0.0280144
0.0397683
0.0547192
0.0954586
0.0731961
0.0397683
0.0547192
0.151863
0.121661
0.0731961
0.0954586
0.185997
0.223887
0.121661
0.151863
0.265221
0.309587
0.185997
0.223887
0.265221
0.309587
0.405167
0.356444
0.405167
0.356444
0.505265
0.455035
0.505265
0.455035
0.55502
0.603438
0.692799
0.649649
0.766718
0.732075
0.603438
0.55502
0.796056
0.819502
0.692799
0.649649
0.732075
0.766718
0.819502
0.796056
0.846992
0.836598
0.846992
0.850483
0.836598
0.509883
0.558056
0.00113677
0.00113677
0.604536
0.648467
0.00267391
0.689019
0.725407
0.0133356
0.0203381
0.756919
0.00494827
0.782928
0.00835719
0.80291
0.816462
0.823308
0.100114
0.0133356
0.823308
0.157995
0.192739
0.0203381
0.816462
0.80291
0.782928
0.317093
0.0298146
0.756919
0.04219
0.725407
0.689019
0.509883
0.648467
0.0578401
0.604536
0.0770741
0.558056
0.46088
0.100114
0.411889
0.127084
0.363712
0.272695
0.157995
0.231089
0.192739
0.127084
0.231089
0.272695
0.0770741
0.0578401
0.04219
0.317093
0.0298146
0.363712
0.00835719
0.411889
0.00494827
0.46088
0.00267391
7.01479e-34
7.01479e-34
3.54176e-34
0.00120358
3.54176e-34
0.00120358
0.00525838
0.00283591
0.00283591
0.00525838
0.014184
0.00889136
0.014184
0.00889136
0.0215972
0.0315814
0.0215972
0.0315814
0.0608581
0.0445478
0.104537
0.0807893
0.0445478
0.0608581
0.163689
0.132178
0.104537
0.0807893
0.237575
0.19891
0.132178
0.163689
0.323542
0.279285
0.19891
0.237575
0.323542
0.279285
0.369733
0.41717
0.369733
0.41717
0.512668
0.465086
0.512668
0.465086
0.55907
0.603438
0.682749
0.644933
0.716144
0.744445
0.55907
0.603438
0.783595
0.767085
0.644933
0.682749
0.716144
0.744445
0.783595
0.767085
0.797012
0.793642
0.793642
0.00126985
0.558056
0.600151
0.639069
0.00299572
0.674037
0.70435
0.00556618
0.729391
0.748642
0.00942009
0.761705
0.768305
0.046828
0.0150199
0.0637493
0.768305
0.761705
0.0228322
0.748642
0.729391
0.168901
0.204469
0.0333009
0.70435
0.674037
0.046828
0.639069
0.600151
0.0637493
0.558056
0.513599
0.084319
0.467622
0.420969
0.108691
0.374463
0.328883
0.13691
0.284949
0.243296
0.168901
0.204469
0.13691
0.108691
0.243296
0.084319
0.284949
0.0333009
0.328883
0.0228322
0.0150199
0.374463
0.00942009
0.00556618
0.420969
0.00299572
0.00126985
0.467622
0.513599
7.89284e-34
7.89284e-34
3.91063e-34
0.00133521
0.00133521
3.91063e-34
0.00315428
0.0058698
0.00315428
0.0058698
0.00993995
0.0158386
0.0158386
0.00993995
0.0349625
0.0240325
0.0349625
0.0240325
0.0664949
0.0490106
0.112548
0.0876325
0.0490106
0.0664949
0.173596
0.141239
0.112548
0.0876325
0.209371
0.248212
0.173596
0.141239
0.289638
0.33308
0.209371
0.248212
0.289638
0.33308
0.377866
0.423261
0.377866
0.423261
0.512668
0.468469
0.512668
0.468469
0.594701
0.55502
0.630922
0.662946
0.711866
0.690118
0.55502
0.594701
0.727741
0.7374
0.630922
0.662946
0.690118
0.711866
0.727741
0.740645
0.7374
0.587127
0.00330941
0.62055
0.649561
0.673548
0.00616749
0.692004
0.0104482
0.704533
0.0166336
0.710866
0.710866
0.0166336
0.0510838
0.704533
0.0251923
0.692004
0.673548
0.116079
0.649561
0.0365527
0.62055
0.0510838
0.587127
0.549986
0.293324
0.509883
0.0690726
0.467622
0.0907106
0.424026
0.379919
0.336099
0.116079
0.14514
0.252282
0.213583
0.177735
0.177735
0.14514
0.213583
0.0907106
0.0690726
0.252282
0.293324
0.0365527
0.0251923
0.336099
0.0104482
0.379919
0.00616749
0.00330941
0.00139944
0.424026
0.467622
0.00139944
0.509883
0.549986
8.7545e-34
8.7545e-34
4.26452e-34
0.00146229
0.00146229
4.26452e-34
0.00645775
0.00346141
0.00346141
0.00645775
0.0174007
0.0109408
0.0109408
0.0174007
0.0263007
0.0380621
0.0263007
0.0380621
0.0530284
0.071466
0.119258
0.0935257
0.0530284
0.071466
0.181292
0.148578
0.119258
0.0935257
0.255481
0.21707
0.148578
0.181292
0.337921
0.295975
0.255481
0.21707
0.337921
0.295975
0.380604
0.423261
0.380604
0.423261
0.465086
0.505265
0.465086
0.505265
0.54299
0.577486
0.608033
0.633979
0.669952
0.65477
0.54299
0.577486
0.682301
0.679198
0.633979
0.608033
0.669952
0.65477
0.679198
0.00360875
0.56585
0.593461
0.616319
0.00673843
0.63392
0.00673843
0.0114157
0.645876
0.0181335
0.0273532
0.651922
0.651922
0.0181335
0.645876
0.0736551
0.0273532
0.63392
0.616319
0.593461
0.0394779
0.184237
0.219812
0.56585
0.0548349
0.534085
0.498847
0.46088
0.0736551
0.420969
0.0960624
0.379919
0.338529
0.297574
0.122061
0.257782
0.151533
0.151533
0.184237
0.122061
0.219812
0.0960624
0.0548349
0.257782
0.0394779
0.297574
0.0114157
0.338529
0.379919
0.00360875
0.00152339
0.420969
0.46088
0.00152339
0.498847
0.534085
9.58625e-34
9.58625e-34
4.5989e-34
0.00158265
0.00158265
4.5989e-34
0.0070085
0.00375102
0.00375102
0.0070085
0.0188284
0.0118683
0.0188284
0.0118683
0.0407922
0.0283388
0.0283388
0.0407922
0.0564856
0.075627
0.0982969
0.124469
0.0564856
0.075627
0.186552
0.153979
0.0982969
0.124469
0.221782
0.25917
0.153979
0.186552
0.298108
0.33792
0.25917
0.221782
0.33792
0.298108
0.377866
0.417169
0.417169
0.377866
0.455036
0.490677
0.490677
0.455036
0.523337
0.552305
0.576947
0.59671
0.611158
0.619957
0.523337
0.552305
0.619957
0.622915
0.59671
0.576947
0.611158
0.558609
0.00726547
0.575303
0.0016395
0.586651
0.0122978
0.592391
0.592391
0.0194791
0.0194791
0.0292547
0.586651
0.575303
0.0292547
0.558609
0.536952
0.0419934
0.510825
0.480816
0.0579736
0.447595
0.188216
0.411889
0.0773643
0.374463
0.336099
0.100218
0.297574
0.259633
0.126463
0.222972
0.155902
0.155902
0.126463
0.188216
0.100218
0.0773643
0.222972
0.0579736
0.0419934
0.259633
0.297574
0.0122978
0.00726547
0.336099
0.00388748
0.374463
0.411889
0.0016395
0.536952
0.447595
0.480816
0.510825
0.00388748
1.03738e-33
1.03738e-33
4.90898e-34
0.00169405
0.00169405
4.90898e-34
0.00401693
0.00750884
0.00401693
0.00750884
0.0200831
0.0126987
0.0126987
0.0200831
0.0430754
0.03009
0.03009
0.0430754
0.0788576
0.059283
0.12803
0.101807
0.059283
0.0788576
0.157284
0.189221
0.12803
0.101807
0.223368
0.25917
0.189221
0.157284
0.295975
0.33308
0.25917
0.223368
0.295975
0.33308
0.405167
0.369733
0.405167
0.369733
0.438615
0.469337
0.469337
0.438615
0.519905
0.496643
0.552256
0.53859
0.563386
0.560589
0.519905
0.496643
0.560589
0.53859
0.552256
0.00773583
0.527744
0.0130714
0.533164
0.533164
0.527744
0.00773583
0.0206341
0.517035
0.0308438
0.501294
0.480897
0.456327
0.0604098
0.0440279
0.428161
0.0604098
0.397053
0.129157
0.363712
0.328883
0.189556
0.0800929
0.293324
0.103058
0.257782
0.222972
0.129157
0.158119
0.158119
0.103058
0.0800929
0.189556
0.222972
0.0440279
0.0308438
0.0206341
0.257782
0.0130714
0.293324
0.00413951
0.00174556
0.328883
0.363712
0.00174556
0.517035
0.397053
0.428161
0.456327
0.00413951
0.480897
0.501294
1.11027e-33
1.11027e-33
5.18991e-34
0.00179432
0.00179432
5.18991e-34
0.00794652
0.00425324
0.00425324
0.00794652
0.0211306
0.0134101
0.0211306
0.0134101
0.0448469
0.0315056
0.0315056
0.0448469
0.0810644
0.0613403
0.129837
0.103955
0.0613403
0.0810644
0.189221
0.158396
0.103955
0.129837
0.255481
0.221782
0.189221
0.158396
0.323541
0.289638
0.221782
0.255481
0.289638
0.323541
0.356444
0.387608
0.356444
0.387608
0.416312
0.44188
0.416312
0.44188
0.463705
0.481257
0.494112
0.501952
0.504589
0.501952
0.481257
0.463705
0.494112
0.0137164
0.475076
0.475076
0.00183944
0.46999
0.0215668
0.459946
0.0320761
0.445195
0.0215668
0.0320761
0.426107
0.403155
0.0455237
0.376901
0.0620737
0.347984
0.317092
0.130063
0.284948
0.0817621
0.252282
0.104498
0.219811
0.188216
0.158119
0.130063
0.158119
0.104498
0.0817621
0.0620737
0.188216
0.0455237
0.219811
0.0137164
0.252282
0.00813791
0.284948
0.0043592
0.317092
0.347984
0.00183944
0.46999
0.376901
0.403155
0.0043592
0.426107
0.445195
0.459946
0.00813791
1.17587e-33
1.17587e-33
5.43697e-34
0.00188142
0.00188142
5.43697e-34
0.00445459
0.0083107
0.00445459
0.0083107
0.0219424
0.013984
0.0219424
0.013984
0.0460566
0.0325458
0.0325458
0.0460566
0.0625987
0.082184
0.129837
0.104678
0.082184
0.0625987
0.157284
0.186552
0.104678
0.129837
0.248211
0.21707
0.186552
0.157284
0.309585
0.279286
0.248211
0.21707
0.279286
0.309585
0.338394
0.365013
0.338394
0.365013
0.409125
0.38879
0.409125
0.38879
0.425509
0.43752
0.444855
0.447319
0.444855
0.425509
0.43752
0.414151
0.0222519
0.404792
0.391062
0.0329173
0.373322
0.352033
0.0464385
0.327745
0.0222519
0.301076
0.0629177
0.272694
0.0629177
0.243296
0.0823239
0.0823239
0.213583
0.184237
0.104498
0.155902
0.129157
0.129157
0.104498
0.155902
0.0464385
0.184237
0.0329173
0.213583
0.0142157
0.0084617
0.243296
0.00454149
0.00191922
0.272694
0.301076
0.00191922
0.418893
0.327745
0.418893
0.352033
0.373322
0.00454149
0.391062
0.404792
0.0084617
0.414151
0.0142157
1.23286e-33
1.23286e-33
5.64579e-34
0.00195354
0.00195354
5.64579e-34
0.00859224
0.00461633
0.00859224
0.00461633
0.0144051
0.0224962
0.0224962
0.0144051
0.0466701
0.0331818
0.0331818
0.0466701
0.0630222
0.0821839
0.103955
0.12803
0.0821839
0.0630222
0.181292
0.153979
0.12803
0.103955
0.209371
0.237574
0.181292
0.153979
0.291627
0.265222
0.237574
0.209371
0.265222
0.291627
0.316118
0.338058
0.338058
0.316118
0.356871
0.372054
0.372054
0.356871
0.383204
0.390015
0.392308
0.390015
0.383204
0.0226706
0.339558
0.0333438
0.323192
0.303598
0.281309
0.00869904
0.0467463
0.256924
0.0226706
0.0629177
0.231088
0.204469
0.177735
0.0817621
0.151533
0.103058
0.126463
0.103058
0.0817621
0.126463
0.0629177
0.151533
0.0467463
0.0333438
0.177735
0.0145562
0.204469
0.00468216
0.0019832
0.231088
0.256924
0.0019832
0.352246
0.281309
0.303598
0.323192
0.365297
0.00468216
0.339558
0.352246
0.360906
0.00869904
0.0145562
0.365297
0.360906
1.28004e-33
1.28004e-33
5.81253e-34
0.00200911
0.00200911
5.81253e-34
0.00878405
0.00473465
0.00473465
0.00878405
0.022777
0.0146624
0.0146624
0.022777
0.0466701
0.0333958
0.0333958
0.0466701
0.0810643
0.0625988
0.124469
0.101807
0.0810643
0.0625988
0.173595
0.148578
0.124469
0.101807
0.223885
0.19891
0.173595
0.148578
0.247864
0.270199
0.19891
0.223885
0.247864
0.270199
0.307547
0.290281
0.307547
0.290281
0.321515
0.331786
0.331786
0.321515
0.33807
0.340183
0.33807
0.0333439
0.276264
0.258381
0.238107
0.0464385
0.21602
0.00884393
0.0620737
0.192738
0.0228115
0.168901
0.14514
0.0800928
0.122061
0.100218
0.100218
0.0800928
0.0620737
0.122061
0.0464385
0.14514
0.0333439
0.0147287
0.168901
0.192738
0.00477787
0.00202999
0.21602
0.238107
0.00202999
0.291242
0.258381
0.276264
0.31083
0.314866
0.00477787
0.291242
0.302878
0.31083
0.00884393
0.314866
0.0147287
0.302878
0.0228115
1.3164e-33
1.3164e-33
5.934e-34
0.00204693
0.00204693
5.934e-34
0.00888126
0.00480677
0.00480677
0.00888126
0.0227771
0.0147489
0.0227771
0.0147489
0.0460566
0.0331818
0.0331818
0.0460566
0.0613404
0.0788574
0.098297
0.119258
0.0613404
0.0788574
0.14124
0.163688
0.119258
0.098297
0.185998
0.207549
0.163688
0.14124
0.245942
0.227727
0.207549
0.185998
0.227727
0.245942
0.274399
0.261657
0.261657
0.274399
0.289537
0.283789
0.283789
0.289537
0.291475
0.198538
0.0455238
0.178738
0.00205856
0.157994
0.0604098
0.136909
0.116078
0.0773642
0.0226707
0.0329174
0.0960622
0.0773642
0.0960622
0.0604098
0.0455238
0.116078
0.136909
0.0147288
0.0088927
0.157994
0.00482635
0.178738
0.198538
0.00205856
0.216802
0.216802
0.232977
0.232977
0.246566
0.00482635
0.257147
0.264391
0.0088927
0.268071
0.268071
0.0147288
0.264391
0.257147
0.0226707
0.246566
0.0329174
1.34116e-33
1.34116e-33
6.00784e-34
0.00206617
0.00206617
6.00784e-34
0.00483097
0.00888139
0.00483097
0.00888139
0.0224964
0.0146623
0.0146623
0.0224964
0.044847
0.0325458
0.0325458
0.044847
0.059283
0.0756267
0.112548
0.0935258
0.0756267
0.059283
0.151862
0.132178
0.112548
0.0935258
0.189052
0.171015
0.151862
0.132178
0.219583
0.205415
0.189052
0.171015
0.205415
0.219583
0.239615
0.231108
0.239615
0.231108
0.244835
0.244835
0.246591
0.0440279
0.127084
0.0579736
0.10869
0.0907103
0.073655
0.0088441
0.073655
0.0579736
0.0907103
0.0440279
0.0320762
0.0222521
0.10869
0.0145564
0.127084
0.00482645
0.00206829
0.145337
0.162884
0.00206829
0.145337
0.179164
0.193649
0.205861
0.193649
0.00482645
0.215397
0.221938
0.225264
0.0088441
0.225264
0.0145564
0.221938
0.215397
0.205861
0.0222521
0.0320762
0.179164
0.162884
1.35376e-33
1.35376e-33
6.03261e-34
0.00206639
0.00206639
6.03261e-34
0.00878446
0.00480666
0.00480666
0.00878446
0.0219427
0.0144051
0.0144051
0.0219427
0.0315055
0.0430755
0.0430755
0.0315055
0.0564857
0.0714656
0.0876327
0.104536
0.0564857
0.0714656
0.121661
0.138469
0.0876327
0.104536
0.168947
0.154408
0.121661
0.138469
0.181595
0.191915
0.168947
0.154408
0.181595
0.191915
0.204247
0.199556
0.204247
0.199556
0.205831
0.0548349
0.0843186
0.0690723
0.00205895
0.0548349
0.0690723
0.0419934
0.0843186
0.030844
0.0215671
0.0142161
0.100114
0.00869937
0.115953
0.00477816
0.131306
0.145649
0.00205895
0.100114
0.158478
0.169342
0.131306
0.145649
0.00477816
0.177851
0.1837
0.186679
0.177851
0.00869937
0.186679
0.0142161
0.1837
0.169342
0.0215671
0.158478
0.030844
0.115953
0.0419934
1.35394e-33
1.35394e-33
6.00779e-34
0.00204758
0.00204758
6.00779e-34
0.00859291
0.00473443
0.00473443
0.00859291
0.0139839
0.0211311
0.0211311
0.0139839
0.03009
0.0407923
0.03009
0.0407923
0.0530285
0.0664945
0.0954576
0.0807895
0.0664945
0.0530285
0.109999
0.123904
0.0954576
0.0807895
0.136673
0.147836
0.109999
0.123904
0.156984
0.163773
0.136673
0.147836
0.156984
0.163773
0.169362
0.167953
0.167953
0.0394779
0.0637491
0.0292549
0.0206344
0.0770737
0.0137169
0.00846219
0.0906009
0.00468264
0.00203075
0.103846
0.116318
0.00203075
0.0510837
0.127546
0.0637491
0.137101
0.144613
0.00468264
0.149789
0.152429
0.116318
0.127546
0.00846219
0.152429
0.149789
0.0137169
0.144613
0.137101
0.0206344
0.0292549
0.103846
0.0906009
0.0394779
0.0770737
0.0510837
1.34167e-33
1.34167e-33
5.93388e-34
0.00201017
0.00201017
5.93388e-34
0.00461599
0.00831161
0.00461599
0.00831161
0.0200837
0.01341
0.0200837
0.01341
0.0283388
0.0380622
0.0283388
0.0380622
0.0490107
0.0608576
0.0855801
0.0731964
0.0608576
0.0490107
0.108604
0.0975381
0.0855801
0.0731964
0.126352
0.11834
0.108604
0.0975381
0.136003
0.132323
0.11834
0.126352
0.136003
0.132323
0.137248
0.0578398
0.013072
0.0691877
0.00813854
0.00454215
0.00198431
0.080432
0.0911222
0.00198431
0.0194796
0.100819
0.109119
0.115672
0.0468279
0.00454215
0.120202
0.122517
0.122517
0.080432
0.00813854
0.120202
0.013072
0.115672
0.109119
0.100819
0.0194796
0.0911222
0.0273535
0.0691877
0.0578398
0.0365528
0.0468279
0.0365528
0.0273535
1.31724e-33
1.31724e-33
5.81233e-34
0.00195498
0.00195498
5.81233e-34
0.00794764
0.00445416
0.00445416
0.00794764
0.0126985
0.0188291
0.0188291
0.0126985
0.0263007
0.0349626
0.0349626
0.0263007
0.0547187
0.0445479
0.0650758
0.0751948
0.0547187
0.0445479
0.0930218
0.0846469
0.0751948
0.0650758
0.0999555
0.105138
0.0930218
0.0846469
0.109428
0.108345
0.105138
0.0999555
0.108345
0.0608917
0.00436
0.00192066
0.0699072
0.0781589
0.00192066
0.00773658
0.0852704
0.0909146
0.0181339
0.0251926
0.00436
0.0948298
0.0968341
0.0968341
0.0515161
0.00773658
0.0948298
0.0122984
0.0909146
0.0852704
0.0781589
0.0181339
0.0699072
0.0251926
0.0608917
0.0421899
0.033301
0.033301
0.0421899
0.0122984
0.0515161
1.28117e-33
1.28117e-33
5.6455e-34
0.0018832
0.0018832
5.6455e-34
0.00425273
0.00751013
0.00425273
0.00751013
0.0174015
0.0118681
0.0174015
0.0118681
0.0315815
0.0240325
0.0315815
0.0240325
0.0482561
0.0397684
0.0566657
0.0646078
0.0482561
0.0397684
0.0717074
0.077621
0.0566657
0.0646078
0.0820654
0.08482
0.077621
0.0717074
0.0857552
0.08482
0.0820654
0.0593357
0.00184116
0.065338
0.00184116
0.0701305
0.0734689
0.00414044
0.075182
0.075182
0.0166341
0.0228325
0.00726632
0.0734689
0.0373028
0.0701305
0.0114164
0.065338
0.0593357
0.0166341
0.0524284
0.0449617
0.0228325
0.0298147
0.0298147
0.0373028
0.0114164
0.00726632
0.0449617
0.00414044
0.0524284
1.23426e-33
1.23426e-33
5.43654e-34
0.00179638
5.43654e-34
0.00179638
0.00700993
0.00401635
0.00401635
0.00700993
0.0109406
0.0158394
0.0109406
0.0158394
0.0280145
0.0215972
0.0215972
0.0280145
0.0348092
0.041657
0.0482111
0.0541289
0.041657
0.0348092
0.0590988
0.0628515
0.0541289
0.0482111
0.0659811
0.0651892
0.0628515
0.0590988
0.0651892
0.00174749
0.0490253
0.0530321
0.0558368
0.00388851
0.0572803
0.00673936
0.0572803
0.0558368
0.00673936
0.0530321
0.010449
0.0490253
0.0440433
0.0383655
0.0150205
0.0323064
0.0203385
0.0261923
0.0203385
0.0150205
0.0261923
0.010449
0.0323064
0.00388851
0.00174749
0.0383655
0.0440433
1.1775e-33
1.1775e-33
5.1893e-34
0.00169632
0.00169632
5.1893e-34
0.00645928
0.0037504
0.0037504
0.00645928
0.0141848
0.00993975
0.00993975
0.0141848
0.0243617
0.0190619
0.0243617
0.0190619
0.0351107
0.0298114
0.0440603
0.0399559
0.0298114
0.0351107
0.0471829
0.049133
0.0440603
0.0399559
0.0497979
0.0471829
0.049133
0.0415883
0.00360985
0.0427857
0.0016416
0.0427857
0.0415883
0.00616846
0.0392693
0.00942087
0.0133361
0.0177789
0.0359759
0.0319156
0.027342
0.0133361
0.0225348
0.0177789
0.00942087
0.0225348
0.00616846
0.027342
0.00360985
0.0319156
0.0359759
0.0016416
0.0392693
1.11208e-33
1.11208e-33
4.90813e-34
0.00158508
0.00158508
4.90813e-34
0.00587138
0.00346075
0.00346075
0.00587138
0.00889116
0.0124816
0.00889116
0.0124816
0.0164957
0.0207246
0.0207246
0.0164957
0.0288018
0.0249152
0.0321325
0.0346834
0.0249152
0.0288018
0.0362876
0.036833
0.0346834
0.0321325
0.0362876
0.00331054
0.0313105
0.0303334
0.00556716
0.028449
0.025791
0.00835797
0.0225471
0.0189429
0.0116252
0.0152228
0.0116252
0.0152228
0.00835797
0.00556716
0.0189429
0.00331054
0.0015256
0.0225471
0.025791
0.0015256
0.028449
0.0303334
0.0313105
1.03932e-33
1.03932e-33
4.59774e-34
0.00146479
0.00146479
4.59774e-34
0.00525995
0.00315361
0.00315361
0.00525995
0.00782085
0.0107738
0.00782085
0.0107738
0.013967
0.0172016
0.013967
0.0172016
0.0202541
0.0229019
0.0262445
0.0249512
0.0229019
0.0202541
0.0262445
0.0266883
0.0249512
0.0216575
0.0201537
0.00494924
0.0180497
0.0072863
0.0155119
0.00494924
0.0127373
0.00993156
0.00993156
0.0072863
0.0127373
0.00299685
0.00140167
0.0155119
0.0180497
0.00140167
0.0201537
0.0224409
0.0216575
0.0224409
0.00299685
9.60636e-34
9.60636e-34
0.0013377
4.26296e-34
0.0013377
4.26296e-34
0.00463873
0.00283525
0.00283525
0.00463873
0.00910439
0.00675453
0.00910439
0.00675453
0.0115407
0.0138841
0.0115407
0.0138841
0.0175613
0.0159487
0.0189398
0.0185887
0.0159487
0.0185887
0.0175613
0.00432823
0.0123282
0.00623101
0.0103845
0.00829655
0.00623101
0.00829655
0.00432823
0.0103845
0.002675
0.00127204
0.0123282
0.0139616
0.00127204
0.0151398
0.0151398
0.0157569
0.002675
0.0157569
0.0139616
8.77475e-34
8.77475e-34
3.90859e-34
0.001206
0.001206
3.90859e-34
0.00402093
0.00251179
0.00251179
0.00402093
0.00751295
0.0057165
0.0057165
0.00751295
0.00927551
0.0108522
0.0108522
0.00927551
0.0121004
0.0128993
0.0131758
0.0128993
0.0121004
0.00521531
0.00521531
0.00371689
0.00675754
0.00235097
0.00113886
0.00821888
0.00946421
0.00113886
0.00675754
0.00821888
0.0103717
0.0108498
0.0108498
0.00235097
0.0103717
0.00946421
0.00371689
7.91268e-34
7.91268e-34
3.53914e-34
0.00107175
0.00107175
3.53914e-34
0.00341869
0.00218894
0.00341869
0.00218894
0.00603402
0.00472859
0.00603402
0.00472859
0.00816942
0.00722053
0.00722053
0.00816942
0.00878404
0.00899537
0.00878404
0.00203016
0.0010041
0.00534575
0.00628343
0.0010041
0.00697337
0.0031266
0.00733912
0.00733912
0.00534575
0.00203016
0.00697337
0.00628343
0.0031266
0.00425937
0.00425937
7.03367e-34
7.03367e-34
3.15872e-34
0.00093682
0.00093682
3.15872e-34
0.00187177
0.00284251
0.00187177
0.00284251
0.00469501
0.00380898
0.00469501
0.00380898
0.0058779
0.00541204
0.00541204
0.0060407
0.0058779
0.00408425
0.00460681
0.000869499
0.000869499
0.00488516
0.00488516
0.00171723
0.00460681
0.00408425
0.00337914
0.0025668
0.0025668
0.00337914
0.00171723
6.14993e-34
6.14993e-34
2.77081e-34
0.00080281
2.77081e-34
0.00080281
0.00156443
0.00230066
0.00156443
0.00230066
0.00351413
0.00297112
0.00351413
0.00297112
0.0039931
0.00387012
0.00387012
0.00073648
0.00319964
0.00319964
0.00298584
0.00141584
0.00258526
0.00204447
0.00204447
0.00141584
0.00073648
0.00258526
0.00298584
5.27184e-34
5.27184e-34
2.37823e-34
0.000670958
0.000670958
2.37823e-34
0.00179869
0.00127001
0.00127001
0.00179869
0.0022225
0.00249827
0.0022225
0.00249827
0.002595
0.00188184
0.00112844
0.00156356
0.00112844
0.000606089
0.00156356
0.00188184
0.000606089
0.00205094
0.00205094
4.40751e-34
4.40751e-34
1.98303e-34
0.000542107
0.000542107
1.98303e-34
0.00133883
0.000990268
0.000990268
0.00133883
0.00156356
0.00156356
0.00164082
0.000856102
0.000856102
0.00047895
0.00112449
0.00126539
0.00047895
0.00126539
0.00112449
3.56245e-34
3.56245e-34
1.5865e-34
0.000416663
1.5865e-34
0.000416663
0.000725507
0.000919585
0.000725507
0.000919585
0.000986558
0.000723677
0.000355245
0.000723677
0.000598358
0.000355245
0.000598358
2.73931e-34
2.73931e-34
0.000294585
1.18933e-34
0.000294585
1.18933e-34
0.000474452
0.000474452
0.000535211
0.00023471
0.000353127
0.00023471
0.000353127
1.93781e-34
1.93781e-34
7.91742e-35
0.000175397
0.000175397
7.91742e-35
0.000234153
0.000116657
0.000116657
1.15482e-34
1.15482e-34
3.93825e-35
3.93825e-35
5.82289e-05
8.87487e-38
3.84643e-35
3.84643e-35
