9.55121e-38
4.01212e-35
4.01212e-35
4.1096e-35
1.20427e-34
6.07548e-05
0.000121715
4.1096e-35
1.20427e-34
0.000121715
8.26658e-35
0.000244865
2.0202e-34
0.000182976
0.000244391
0.00036832
0.00036832
0.000182976
0.000244865
2.0202e-34
8.26658e-35
1.24238e-34
0.000370528
2.85486e-34
0.000307229
0.000623752
0.000754108
0.0004949
0.000557991
1.24238e-34
0.000370528
0.0004949
0.000754108
0.000623752
0.000307229
2.85486e-34
1.65799e-34
0.000434404
0.000499389
3.71137e-34
0.000756079
0.000891765
0.00117025
0.000957623
0.00131623
0.00102762
0.00131623
0.000957623
0.000434404
3.71137e-34
0.000499389
1.65799e-34
0.000891765
0.000756079
0.00117025
2.07319e-34
4.58995e-34
0.000564979
0.000631706
0.00103089
0.00117444
0.00162475
0.00139223
0.000631706
4.58995e-34
0.000564979
2.07319e-34
0.00212739
0.00170436
0.00195322
0.00162519
0.00162519
0.00162475
0.00195322
0.00103089
0.00212739
0.00139223
0.00117444
2.48719e-34
0.000767282
5.48784e-34
0.000698986
0.00132064
0.00147222
0.00212116
0.00186756
0.00258749
0.00230467
0.00267731
0.0030881
5.48784e-34
0.000767282
0.000698986
2.48719e-34
0.00132064
0.00212116
0.00147222
0.00186756
0.00268776
0.00330703
0.00258749
0.00330703
0.00267731
0.0030881
0.00230467
2.89855e-34
0.000905468
6.39934e-34
0.000836
0.00162503
0.00178401
0.00265903
0.00238508
0.00421248
0.00362926
0.00307381
0.00349199
0.00399405
0.00474539
0.00502888
0.00411847
2.89855e-34
0.000905468
6.39934e-34
0.000836
0.00162503
0.00178401
0.00265903
0.00238508
0.00474539
0.00421248
0.00349199
0.00502888
0.00307381
0.00399405
0.00362926
3.30506e-34
0.00104518
7.31609e-34
0.000975149
0.00194226
0.00210728
0.00323434
0.0029425
0.00439305
0.00550007
0.00483619
0.00393215
0.00556721
0.00645341
0.00715372
0.00603975
0.000975149
3.30506e-34
0.00104518
7.31609e-34
0.00620658
0.0075247
0.0075247
0.00603975
0.00210728
0.00323434
0.00194226
0.0029425
0.00483619
0.00645341
0.00715372
0.00439305
0.00393215
0.00556721
0.00550007
3.70372e-34
0.00118496
8.22738e-34
0.00111515
0.00353419
0.00226923
0.0024383
0.00384002
0.00536974
0.00693793
0.00620133
0.00487214
0.00740694
0.00842035
0.00968141
0.00836804
0.00899206
0.0105995
0.0110829
0.00920447
8.22738e-34
0.00111515
3.70372e-34
0.00118496
0.00384002
0.0024383
0.00353419
0.00226923
0.0110829
0.0105995
0.00899206
0.00836804
0.00620133
0.00487214
0.00536974
0.00693793
0.00842035
0.00968141
0.00740694
4.09082e-34
0.00132302
9.12066e-34
0.00125437
0.00260171
0.00446648
0.00415174
0.00277233
0.00125437
0.00132302
9.12066e-34
4.09082e-34
0.00640594
0.00850282
0.0077063
0.00588022
0.00949308
0.0125823
0.0110878
0.0106174
0.0131562
0.0142318
0.0154207
0.0123507
0.0160433
0.0134371
0.0131562
0.0160433
0.00277233
0.00446648
0.00415174
0.00260171
0.00850282
0.00640594
0.0077063
0.00588022
0.0154207
0.0142318
0.0106174
0.0123507
0.0125823
0.00949308
0.0110878
4.46204e-34
0.00145731
9.98199e-34
0.00139088
0.00293454
0.00310381
0.00510218
0.00478453
0.00139088
0.00145731
9.98199e-34
4.46204e-34
0.00748129
0.0101633
0.00932351
0.00693805
0.00310381
0.00478453
0.00510218
0.00293454
0.0117892
0.0130012
0.0141565
0.0158027
0.0178661
0.0183624
0.0204827
0.0162413
0.0227865
0.0192556
0.0219976
0.0189036
0.0189036
0.0227865
0.0219976
0.0178661
0.00693805
0.0101633
0.00748129
0.00932351
0.0204827
0.0141565
0.0158027
0.0130012
0.0117892
0.0162413
0.0183624
4.81263e-34
0.00152254
0.00158563
1.07967e-33
0.00326191
0.00342669
0.00573421
0.00542023
0.00857236
0.0118818
0.0110182
0.00802363
0.00152254
0.00158563
1.07967e-33
4.81263e-34
0.00573421
0.00342669
0.00542023
0.00326191
0.0142458
0.0155172
0.0192698
0.0175105
0.00857236
0.0110182
0.00802363
0.0118818
0.0205886
0.0229018
0.0261679
0.0232548
0.0253198
0.0266197
0.0288428
0.0307385
0.0317213
0.0266197
0.0270683
0.0317213
0.0253198
0.0288428
0.0307385
0.0232548
0.0155172
0.0229018
0.0175105
0.0142458
0.0261679
0.0205886
0.0192698
5.13755e-34
1.15498e-33
0.0016471
0.00170571
0.0035776
0.00373459
0.00634882
0.00604545
0.00965374
0.0136164
0.0127503
0.00911242
0.0016471
0.00170571
1.15498e-33
5.13755e-34
0.016804
0.0181028
0.022897
0.0210694
0.00634882
0.00373459
0.00604545
0.0035776
0.0127503
0.0136164
0.00965374
0.00911242
0.0277379
0.025291
0.0323397
0.0292024
0.0181028
0.016804
0.0210694
0.022897
0.0351182
0.0325545
0.0397339
0.0364232
0.0367331
0.0420646
0.0372793
0.0432679
0.0432679
0.0351182
0.0367331
0.0420646
0.0325545
0.0292024
0.025291
0.0364232
0.0277379
0.0323397
0.0397339
5.43174e-34
0.00181527
1.22268e-33
0.00176228
0.00387521
0.00402111
0.00693205
0.00664625
0.0106992
0.0153233
0.0101785
0.0144768
0.0193986
0.0206905
0.0265883
0.0247412
0.00176228
0.00181527
1.22268e-33
5.43174e-34
0.00402111
0.00693205
0.00664625
0.00387521
0.0388358
0.0327423
0.0302274
0.0355581
0.0153233
0.0106992
0.0144768
0.0101785
0.0247412
0.0193986
0.0206905
0.0265883
0.0495487
0.0445543
0.0404306
0.0445431
0.0302274
0.0388358
0.0327423
0.0355581
0.0496507
0.0476937
0.0563903
0.0535736
0.0578399
0.0503209
0.0496507
0.0578399
0.0445543
0.0495487
0.0445431
0.0476937
0.0563903
0.0535736
0.0404306
5.69028e-34
0.00191215
1.2814e-33
0.00186583
0.00414842
0.00428006
0.00747018
0.00720874
0.0116825
0.0111955
0.0169578
0.0161532
0.0219606
0.0232109
0.0302429
0.0284271
5.69028e-34
1.2814e-33
0.00186583
0.00191215
0.0421498
0.0352638
0.0377769
0.0454764
0.00414842
0.00428006
0.00747018
0.00720874
0.0169578
0.0116825
0.0161532
0.0111955
0.0529791
0.0599166
0.0546812
0.0487372
0.0284271
0.0302429
0.0219606
0.0232109
0.0352638
0.0377769
0.0421498
0.0454764
0.0659436
0.0707547
0.0596741
0.0634405
0.0599166
0.0529791
0.0487372
0.0546812
0.0665824
0.0657897
0.0758252
0.0741058
0.0659436
0.0758252
0.0707547
0.0741058
0.0634405
0.0657897
0.0596741
5.90863e-34
0.00199436
1.32993e-33
0.00195568
0.00439122
0.00450567
0.00795024
0.00771949
0.0121378
0.0125786
0.0184765
0.0177352
0.0244208
0.0255952
0.0337589
0.0320251
0.00195568
0.00199436
1.32993e-33
5.90863e-34
0.0487924
0.0402596
0.0426998
0.052073
0.00439122
0.00771949
0.00795024
0.00450567
0.0705435
0.0652167
0.0614912
0.0572413
0.0125786
0.0184765
0.0177352
0.0121378
0.0320251
0.0337589
0.0255952
0.0244208
0.078827
0.085964
0.0782801
0.0723459
0.052073
0.0402596
0.0426998
0.0487924
0.0705435
0.0614912
0.0572413
0.0652167
0.0855048
0.0827427
0.0916278
0.0955561
0.0782801
0.0723459
0.085964
0.078827
0.097567
0.0864456
0.0855048
0.0827427
0.0955561
0.0916278
0.097567
6.08277e-34
0.00206017
1.36724e-33
0.00202995
0.00459815
0.00469278
0.00836048
0.0081661
0.00202995
0.00206017
1.36724e-33
6.08277e-34
0.0129812
0.0133644
0.0198387
0.0191807
0.0267114
0.0277776
0.0370376
0.0354347
0.0584357
0.0552958
0.045073
0.0473707
0.0081661
0.00459815
0.00836048
0.00469278
0.0698329
0.075858
0.081121
0.0656983
0.0129812
0.0198387
0.0191807
0.0133644
0.0937493
0.0918501
0.10158
0.0853462
0.0370376
0.0277776
0.0354347
0.0267114
0.0584357
0.0473707
0.045073
0.0552958
0.105906
0.109906
0.11648
0.100708
0.081121
0.0698329
0.0656983
0.075858
0.10158
0.0937493
0.0853462
0.0918501
0.109125
0.110209
0.123345
0.121024
0.105906
0.100708
0.109906
0.11648
0.123345
0.109125
0.121024
6.20942e-34
0.00210816
1.39252e-33
0.00208706
0.00476445
0.00483708
0.00869072
0.00853755
0.0137036
0.0140193
0.0210076
0.0204507
0.00208706
0.00210816
1.39252e-33
6.20942e-34
0.00853755
0.00869072
0.00476445
0.00483708
0.0287693
0.0296976
0.0399865
0.0385597
0.0516559
0.0643805
0.0614721
0.0495665
0.0777609
0.0862943
0.0913388
0.0738623
0.0137036
0.0204507
0.0210076
0.0140193
0.10463
0.117142
0.109396
0.0982949
0.0287693
0.0385597
0.0296976
0.0399865
0.128405
0.137988
0.119165
0.1272
0.0614721
0.0643805
0.0516559
0.0495665
0.0777609
0.0862943
0.0738623
0.0913388
0.136878
0.145521
0.150712
0.13319
0.109396
0.10463
0.117142
0.0982949
0.119165
0.137988
0.1272
0.128405
0.13813
0.13319
0.153359
0.153359
0.136878
0.145521
0.150712
6.28614e-34
0.00213729
1.40521e-33
0.00212577
0.00488623
0.00493517
0.00893271
0.0088246
0.0142864
0.0145263
0.0219514
0.0215107
0.0305373
0.0413118
0.031302
0.042522
0.00212577
0.00213729
1.40521e-33
6.28614e-34
0.00493517
0.0088246
0.00893271
0.00488623
0.0215107
0.0219514
0.0145263
0.0142864
0.0554324
0.0697349
0.0671424
0.0536113
0.0962186
0.100896
0.0814948
0.0850434
0.13219
0.124759
0.116788
0.11081
0.0413118
0.0305373
0.042522
0.031302
0.137567
0.146574
0.15944
0.148761
0.0536113
0.0554324
0.0671424
0.0697349
0.157936
0.178864
0.164742
0.170333
0.100896
0.0850434
0.0962186
0.0814948
0.13219
0.116788
0.124759
0.11081
0.187715
0.168935
0.184729
0.170346
0.137567
0.146574
0.148761
0.15944
0.164742
0.157936
0.187715
0.184729
0.170333
0.168935
0.178864
6.31143e-34
0.00214692
1.40505e-33
0.00214524
0.00496063
0.00498475
0.00908035
0.00902003
0.014714
0.0148718
0.0226446
0.0223321
0.00214524
0.00214692
1.40505e-33
6.31143e-34
0.0319662
0.0445725
0.0436131
0.0325461
0.058592
0.0743439
0.0721424
0.0570913
0.00902003
0.00908035
0.00498475
0.00496063
0.0223321
0.0226446
0.0148718
0.014714
0.0319662
0.0325461
0.0436131
0.0445725
0.105339
0.0883726
0.109512
0.0914677
0.146275
0.13938
0.127966
0.12252
0.155366
0.163872
0.180196
0.169945
0.0721424
0.0570913
0.058592
0.0743439
0.194718
0.192973
0.206961
0.182628
0.0883726
0.105339
0.109512
0.0914677
0.205335
0.216521
0.223077
0.200635
0.13938
0.146275
0.127966
0.12252
0.180196
0.163872
0.169945
0.155366
0.226411
0.206926
0.205335
0.226411
0.194718
0.182628
0.223077
0.206961
0.192973
0.200635
0.216521
6.2848e-34
0.00213684
1.39203e-33
0.00214503
0.00498589
0.00498462
0.00912992
0.00911893
0.0149753
0.0150469
0.0230681
0.0228924
0.0330162
0.0333952
0.04608
0.0453985
0.00214503
0.00213684
1.39203e-33
6.2848e-34
0.00498462
0.00911893
0.00912992
0.00498589
0.0610443
0.0780742
0.0763273
0.0599068
0.0968463
0.116933
0.113387
0.094295
0.0150469
0.0149753
0.0228924
0.0230681
0.0453985
0.0330162
0.04608
0.0333952
0.0610443
0.0599068
0.0780742
0.0763273
0.152824
0.158979
0.137831
0.13308
0.172031
0.179781
0.199633
0.190117
0.217944
0.206522
0.234158
0.220724
0.094295
0.113387
0.0968463
0.116933
0.258385
0.247779
0.240804
0.232279
0.13308
0.137831
0.158979
0.152824
0.246039
0.265645
0.269333
0.247797
0.199633
0.190117
0.172031
0.179781
0.206522
0.217944
0.220724
0.234158
0.246039
0.240804
0.269333
0.265645
0.232279
0.247779
0.258385
6.20679e-34
0.00210727
1.36644e-33
0.00212516
0.00496139
0.00493481
0.00908017
0.00911878
0.0231764
0.0150634
0.0150468
0.0232106
0.00212516
0.00210727
1.36644e-33
6.20679e-34
0.0336582
0.0338257
0.0470018
0.0466175
0.062719
0.0808182
0.0795763
0.0619774
0.00493481
0.00911878
0.00908017
0.00496139
0.0231764
0.0232106
0.0150634
0.0150468
0.101023
0.122942
0.120127
0.0990896
0.146095
0.164694
0.142178
0.169925
0.0466175
0.0470018
0.0338257
0.0336582
0.0795763
0.0619774
0.062719
0.0808182
0.122942
0.101023
0.0990896
0.120127
0.187065
0.208674
0.217171
0.193829
0.228903
0.239313
0.259635
0.247161
0.275684
0.292572
0.262914
0.277561
0.142178
0.164694
0.169925
0.146095
0.285097
0.290856
0.304233
0.312203
0.187065
0.217171
0.208674
0.193829
0.316248
0.316248
0.292801
0.290856
0.239313
0.259635
0.228903
0.247161
0.312203
0.304233
0.277561
0.262914
0.292572
0.285097
0.275684
6.07895e-34
0.00205887
1.32884e-33
0.00208606
0.00488773
0.00483648
0.00893235
0.00901961
0.023068
0.0231763
0.0149758
0.0148716
0.0338742
0.0338257
0.047312
0.0472357
0.00208606
0.00205887
1.32884e-33
6.07895e-34
0.00483648
0.00901961
0.00893235
0.00488773
0.0635685
0.0824967
0.0817956
0.0632438
0.103876
0.127363
0.125361
0.102617
0.0231763
0.023068
0.0148716
0.0149758
0.0472357
0.0338742
0.047312
0.0338257
0.152514
0.178792
0.149545
0.174637
0.200021
0.225062
0.232287
0.205599
0.0635685
0.0632438
0.0824967
0.0817956
0.102617
0.125361
0.127363
0.103876
0.149545
0.174637
0.178792
0.152514
0.249099
0.271487
0.258187
0.282629
0.291617
0.324605
0.304968
0.30892
0.341007
0.322921
0.353722
0.333211
0.200021
0.225062
0.205599
0.232287
0.3668
0.339512
0.341626
0.3624
0.249099
0.258187
0.282629
0.271487
0.339512
0.3668
0.3624
0.333211
0.30892
0.304968
0.291617
0.324605
0.341007
0.322921
0.353722
5.90376e-34
0.00199269
1.28006e-33
0.00202859
0.00476664
0.00469197
0.0086902
0.0088239
0.0145259
0.0226444
0.0228922
0.014715
0.00202859
0.00199269
1.28006e-33
5.90376e-34
0.0336584
0.0333951
0.0470018
0.0472357
0.0635686
0.0830617
0.06367
0.0829215
0.00469197
0.0088239
0.0086902
0.00476664
0.0228922
0.0226444
0.014715
0.0145259
0.105324
0.130069
0.128938
0.104775
0.182362
0.1569
0.185317
0.154967
0.0333951
0.0336584
0.0470018
0.0472357
0.06367
0.0829215
0.0830617
0.0635686
0.210516
0.214743
0.238794
0.244532
0.266508
0.274003
0.30245
0.292975
0.105324
0.130069
0.104775
0.128938
0.185317
0.1569
0.154967
0.182362
0.244532
0.210516
0.238794
0.214743
0.317523
0.33951
0.32918
0.353521
0.392632
0.374855
0.373578
0.358366
0.391576
0.40639
0.415768
0.384754
0.266508
0.30245
0.274003
0.292975
0.391576
0.42052
0.393877
0.42052
0.353521
0.33951
0.317523
0.32918
0.384754
0.392632
0.374855
0.40639
0.415768
0.358366
0.373578
5.68457e-34
0.00191016
1.22112e-33
0.00195401
0.00460097
0.00853661
0.00450467
0.00835981
0.0140189
0.0219512
0.0223317
0.0142878
0.00195401
0.00191016
1.22112e-33
5.68457e-34
0.0330166
0.0325459
0.0460799
0.0466174
0.00450467
0.00853661
0.00835981
0.00460097
0.0627191
0.0632437
0.0824968
0.0829215
0.105324
0.130979
0.130752
0.105501
0.0142878
0.0223317
0.0219512
0.0140189
0.0325459
0.0466174
0.0330166
0.0460799
0.187641
0.159125
0.189311
0.158284
0.220993
0.218241
0.253546
0.249463
0.0632437
0.0824968
0.0829215
0.0627191
0.130752
0.130979
0.105324
0.105501
0.280613
0.318511
0.310984
0.286292
0.378452
0.339857
0.349472
0.366534
0.189311
0.159125
0.158284
0.187641
0.218241
0.249463
0.253546
0.220993
0.280613
0.286292
0.310984
0.318511
0.410738
0.390362
0.404761
0.42776
0.446887
0.461666
0.43919
0.427158
0.476826
0.449008
0.47173
0.446543
0.366534
0.349472
0.339857
0.378452
0.476826
0.446543
0.47173
0.43919
0.461666
0.410738
0.446887
0.390362
0.427158
0.404761
0.42776
5.42542e-34
0.00181302
1.15324e-33
0.00186389
0.00186389
0.00181302
1.15324e-33
5.42542e-34
0.00439458
0.00794945
0.00816493
0.00427891
0.0133638
0.0210073
0.0215102
0.0137054
0.0319667
0.0313018
0.0445725
0.0453984
0.00816493
0.00794945
0.00439458
0.00427891
0.0619772
0.0610443
0.0808183
0.0817957
0.0215102
0.0210073
0.0133638
0.0137054
0.103876
0.130069
0.130752
0.104775
0.159125
0.190655
0.190319
0.159401
0.0313018
0.0453984
0.0319667
0.0445725
0.0610443
0.0808183
0.0619772
0.0817957
0.222968
0.224164
0.259063
0.256755
0.290995
0.294692
0.324977
0.330334
0.130069
0.103876
0.104775
0.130752
0.159125
0.159401
0.190319
0.190655
0.357955
0.365241
0.398653
0.389185
0.417951
0.45805
0.429827
0.44357
0.222968
0.256755
0.224164
0.259063
0.290995
0.330334
0.294692
0.324977
0.357955
0.398653
0.389185
0.365241
0.503107
0.483025
0.465441
0.482669
0.529608
0.518879
0.495909
0.50376
0.50376
0.506406
0.535038
0.535038
0.417951
0.44357
0.45805
0.429827
0.529608
0.483025
0.495909
0.518879
0.482669
0.503107
0.465441
5.1309e-34
0.00170326
1.07781e-33
0.00176013
0.00415221
0.00401983
0.00746929
0.00771814
0.00176013
0.00170326
1.07781e-33
5.1309e-34
0.00771814
0.00746929
0.00415221
0.00401983
0.012578
0.0198383
0.0204501
0.0129833
0.030538
0.0296974
0.042522
0.043613
0.0599066
0.0585921
0.0780743
0.0795765
0.0129833
0.012578
0.0204501
0.0198383
0.101023
0.127363
0.128938
0.102616
0.043613
0.042522
0.030538
0.0296974
0.1569
0.189311
0.190319
0.158284
0.224559
0.26092
0.260456
0.224164
0.0599066
0.0780743
0.0585921
0.0795765
0.127363
0.128938
0.101023
0.102616
0.298955
0.33757
0.297349
0.334542
0.371277
0.376019
0.413526
0.406787
0.189311
0.158284
0.190319
0.1569
0.224164
0.260456
0.224559
0.26092
0.440307
0.449307
0.482596
0.471091
0.521759
0.538842
0.498453
0.512664
0.334542
0.297349
0.298955
0.33757
0.376019
0.371277
0.413526
0.406787
0.440307
0.482596
0.471091
0.449307
0.577267
0.560541
0.540482
0.554172
0.565323
0.562524
0.588637
0.594388
0.562524
0.594388
0.554172
0.588637
0.498453
0.540482
0.538842
0.512664
0.560541
0.577267
0.521759
4.80596e-34
0.00164482
0.00158307
9.96273e-34
0.00387932
0.00373322
0.00693109
0.00720724
0.0116818
0.018476
0.01918
0.0121402
0.00164482
0.00158307
9.96273e-34
4.80596e-34
0.00373322
0.00720724
0.00693109
0.00387932
0.01918
0.018476
0.0116818
0.0121402
0.0287701
0.0277773
0.0399864
0.0413117
0.0570909
0.0554325
0.0743441
0.0763276
0.0990886
0.0968466
0.122942
0.125361
0.0277773
0.0413117
0.0287701
0.0399864
0.152514
0.185318
0.187641
0.154966
0.0570909
0.0743441
0.0763276
0.0554325
0.260456
0.222967
0.220993
0.259063
0.340006
0.299488
0.298955
0.339396
0.0968466
0.0990886
0.125361
0.122942
0.154966
0.187641
0.185318
0.152514
0.379431
0.422629
0.41882
0.381489
0.456766
0.500668
0.462624
0.492479
0.260456
0.222967
0.220993
0.259063
0.340006
0.298955
0.339396
0.299488
0.567803
0.554228
0.535976
0.525206
0.595468
0.578921
0.598719
0.618368
0.379431
0.422629
0.41882
0.381489
0.456766
0.500668
0.462624
0.492479
0.554228
0.525206
0.567803
0.535976
0.613197
0.647981
0.622009
0.636002
0.654038
0.654038
0.624976
0.622009
0.613197
0.618368
0.636002
0.647981
0.595468
0.598719
0.578921
4.45569e-34
9.10124e-34
0.00152019
0.00145471
0.00358191
0.00342528
0.00634781
0.00664466
0.0106984
0.0169573
0.0177345
0.0111982
0.00152019
0.00145471
9.10124e-34
4.45569e-34
0.0267123
0.0255949
0.0370375
0.0385596
0.00342528
0.00664466
0.00634781
0.00358191
0.0111982
0.0106984
0.0177345
0.0169573
0.0255949
0.0385596
0.0370375
0.0267123
0.0536108
0.051656
0.0697351
0.0721428
0.091468
0.116933
0.120127
0.0942938
0.146095
0.178792
0.182362
0.149543
0.0536108
0.0721428
0.0697351
0.051656
0.218239
0.253547
0.256756
0.214744
0.116933
0.120127
0.091468
0.0942938
0.294692
0.33757
0.297348
0.339396
0.425693
0.382175
0.381489
0.424926
0.178792
0.146095
0.149543
0.182362
0.256756
0.218239
0.253547
0.214744
0.5071
0.466839
0.469382
0.511729
0.551912
0.579464
0.544902
0.589126
0.294692
0.33757
0.297348
0.339396
0.425693
0.381489
0.382175
0.424926
0.651678
0.636064
0.622613
0.610072
0.675711
0.656898
0.672104
0.694201
0.466839
0.511729
0.5071
0.469382
0.589126
0.579464
0.544902
0.551912
0.610072
0.636064
0.622613
0.651678
0.684476
0.681371
0.706753
0.713097
0.713097
0.681371
0.672104
0.694201
0.706753
0.675711
0.656898
4.08513e-34
0.00132047
8.20833e-34
0.00138853
0.00138853
0.00132047
8.20833e-34
4.08513e-34
0.00326629
0.00310241
0.00573318
0.0060438
0.00965298
0.0153228
0.0161524
0.0101812
0.0244217
0.0232106
0.0337588
0.0354346
0.0060438
0.00573318
0.00326629
0.00310241
0.049566
0.0473708
0.0643807
0.0671428
0.0161524
0.00965298
0.0153228
0.0101812
0.0337588
0.0232106
0.0354346
0.0244217
0.049566
0.0671428
0.0643807
0.0473708
0.0883711
0.0850438
0.109512
0.113388
0.137832
0.169926
0.174638
0.142175
0.210514
0.249464
0.2056
0.244533
0.109512
0.113388
0.0850438
0.0883711
0.286293
0.334543
0.290993
0.330334
0.137832
0.142175
0.174638
0.169926
0.422629
0.424926
0.37943
0.37602
0.51452
0.47023
0.515453
0.469382
0.249464
0.210514
0.2056
0.244533
0.334543
0.290993
0.286293
0.330334
0.559999
0.602178
0.596716
0.556958
0.64117
0.665091
0.676204
0.633008
0.37602
0.37943
0.424926
0.422629
0.515453
0.469382
0.47023
0.51452
0.731661
0.706574
0.714102
0.692316
0.730009
0.739682
0.764034
0.750948
0.556958
0.559999
0.596716
0.602178
0.633008
0.64117
0.676204
0.665091
0.706574
0.731661
0.692316
0.714102
0.742937
0.770646
0.770646
0.739682
0.750948
0.764034
0.730009
3.69904e-34
0.00118253
7.29792e-34
0.00125209
3.69904e-34
0.00125209
0.00118253
7.29792e-34
0.00293884
0.00277096
0.00510117
0.00541858
0.00541858
0.00510117
0.00293884
0.00277096
0.00911522
0.00857159
0.0136159
0.014476
0.0219616
0.0206902
0.0302428
0.032025
0.0450725
0.0426999
0.058436
0.0614725
0.014476
0.0136159
0.00857159
0.00911522
0.081493
0.0777613
0.100897
0.10534
0.0206902
0.032025
0.0302428
0.0219616
0.0450725
0.0614725
0.058436
0.0426999
0.0777613
0.081493
0.10534
0.100897
0.127966
0.158979
0.164695
0.133078
0.200019
0.232287
0.19383
0.238795
0.324978
0.28061
0.274003
0.318511
0.127966
0.158979
0.164695
0.133078
0.41882
0.365241
0.371275
0.413526
0.19383
0.238795
0.232287
0.200019
0.511729
0.514521
0.462624
0.466838
0.56
0.605471
0.606572
0.561016
0.324978
0.318511
0.274003
0.28061
0.371275
0.41882
0.365241
0.413526
0.691217
0.647047
0.650588
0.684934
0.727673
0.759243
0.746745
0.718394
0.511729
0.466838
0.462624
0.514521
0.561016
0.605471
0.56
0.606572
0.76943
0.785966
0.805318
0.785299
0.796035
0.799407
0.818894
0.825752
0.650588
0.647047
0.684934
0.691217
0.759243
0.718394
0.746745
0.727673
0.825752
0.76943
0.818894
0.796035
0.785966
0.805318
0.785299
0.00111302
0.00104295
6.38251e-34
3.30172e-34
3.30172e-34
0.00104295
6.38251e-34
0.00111302
0.0026058
0.00243703
0.00446552
0.00478294
0.0026058
0.00243703
0.00478294
0.00446552
0.00748055
0.0118812
0.0127494
0.00802638
0.0127494
0.0118812
0.00748055
0.00802638
0.0193996
0.0181025
0.0265883
0.0284269
0.040259
0.037777
0.0520733
0.0552962
0.0738604
0.0698333
0.0913394
0.0962196
0.0265883
0.0181025
0.0284269
0.0193996
0.122518
0.116789
0.146275
0.152826
0.037777
0.040259
0.0552962
0.0520733
0.0913394
0.0738604
0.0962196
0.0698333
0.122518
0.152826
0.146275
0.116789
0.225063
0.187062
0.179782
0.217172
0.310985
0.266505
0.302451
0.258187
0.406788
0.349473
0.398654
0.357952
0.225063
0.217172
0.187062
0.179782
0.507101
0.449308
0.500668
0.456764
0.310985
0.258187
0.266505
0.302451
0.551912
0.602178
0.556957
0.605471
0.695004
0.696271
0.651773
0.650588
0.406788
0.398654
0.349473
0.357952
0.449308
0.456764
0.507101
0.500668
0.738382
0.776127
0.769061
0.734356
0.808783
0.821941
0.835716
0.798455
0.556957
0.602178
0.605471
0.551912
0.650588
0.651773
0.695004
0.696271
0.839071
0.856397
0.870417
0.84948
0.84948
0.852981
0.877498
0.877498
0.769061
0.734356
0.776127
0.738382
0.808783
0.835716
0.821941
0.870417
0.856397
0.798455
0.839071
0.000973226
0.000903495
5.47272e-34
2.89686e-34
0.00415025
0.00383913
0.002273
0.00210613
2.89686e-34
0.000903495
5.47272e-34
0.000973226
0.002273
0.00210613
0.00383913
0.00415025
0.00640524
0.0101628
0.0110173
0.00694068
0.0101628
0.00640524
0.00694068
0.0110173
0.0168051
0.0155169
0.022897
0.0247411
0.0155169
0.0247411
0.022897
0.0168051
0.0352632
0.0327424
0.0454767
0.0487929
0.0656962
0.0614916
0.0811216
0.0862953
0.104631
0.132191
0.139381
0.110807
0.0327424
0.0352632
0.0487929
0.0454767
0.172027
0.163873
0.199634
0.208675
0.0614916
0.0811216
0.0656962
0.0862953
0.132191
0.110807
0.139381
0.104631
0.163873
0.208675
0.172027
0.199634
0.239314
0.249096
0.28263
0.292977
0.389186
0.329181
0.378453
0.339854
0.482597
0.429828
0.49248
0.440304
0.292977
0.28263
0.239314
0.249096
0.535977
0.596716
0.589127
0.5449
0.329181
0.339854
0.389186
0.378453
0.691217
0.641171
0.695005
0.647046
0.73973
0.781811
0.780387
0.738382
0.49248
0.482597
0.440304
0.429828
0.596716
0.5449
0.535977
0.589127
0.846535
0.816222
0.820702
0.854323
0.882035
0.87076
0.903305
0.888402
0.691217
0.647046
0.641171
0.695005
0.73973
0.781811
0.780387
0.738382
0.902732
0.917719
0.899138
0.924997
0.899138
0.917719
0.888402
0.924997
0.846535
0.820702
0.854323
0.816222
0.903305
0.882035
0.87076
0.000834336
0.000765622
4.57683e-34
2.48739e-34
0.00353284
0.00323355
0.0019456
0.00178301
2.48739e-34
0.000765622
4.57683e-34
0.000834336
0.00932273
0.00850236
0.00536911
0.00588265
0.0019456
0.00178301
0.00323355
0.00353284
0.00536911
0.00850236
0.00932273
0.00588265
0.0142468
0.013001
0.0192697
0.0210692
0.0210692
0.0192697
0.0142468
0.013001
0.0302268
0.027738
0.0388361
0.0421503
0.0302268
0.0421503
0.0388361
0.027738
0.0572392
0.0529796
0.0705442
0.0758591
0.0982917
0.0918509
0.117143
0.12476
0.155362
0.146575
0.180197
0.190119
0.0705442
0.0572392
0.0758591
0.0529796
0.271489
0.228899
0.259636
0.217945
0.0918509
0.117143
0.12476
0.0982917
0.146575
0.190119
0.180197
0.155362
0.271489
0.217945
0.228899
0.259636
0.353522
0.304969
0.366536
0.317519
0.458051
0.471092
0.404762
0.417947
0.579465
0.512665
0.567804
0.525203
0.304969
0.366536
0.353522
0.317519
0.622614
0.676204
0.684934
0.633006
0.404762
0.458051
0.471092
0.417947
0.727674
0.776127
0.734355
0.780387
0.822203
0.820702
0.859018
0.860588
0.525203
0.512665
0.579465
0.567804
0.684934
0.633006
0.676204
0.622614
0.915011
0.923436
0.895048
0.890157
0.944124
0.933124
0.945216
0.959973
0.734355
0.776127
0.727674
0.780387
0.860588
0.822203
0.820702
0.859018
0.947823
0.944124
0.967423
0.967423
0.915011
0.895048
0.933124
0.959973
0.890157
0.923436
0.945216
0.000697621
0.000630393
3.70039e-34
2.07543e-34
0.00294132
0.00265836
0.00162785
0.00147141
2.07543e-34
0.000630393
3.70039e-34
0.000697621
0.00770559
0.00693751
0.00439249
0.00487431
0.00162785
0.00147141
0.00265836
0.00294132
0.0175104
0.0158026
0.0117901
0.0106172
0.00439249
0.00693751
0.00770559
0.00487431
0.0117901
0.0106172
0.0158026
0.0175104
0.0252905
0.0229019
0.03234
0.0355586
0.0252905
0.0355586
0.03234
0.0229019
0.0487352
0.0445435
0.0599172
0.0652178
0.0445435
0.0487352
0.0652178
0.0599172
0.0788277
0.101581
0.109398
0.0853429
0.137563
0.128406
0.159441
0.169946
0.206518
0.247163
0.194719
0.234159
0.0788277
0.109398
0.101581
0.0853429
0.277562
0.339512
0.324607
0.291612
0.128406
0.159441
0.169946
0.137563
0.234159
0.194719
0.247163
0.206518
0.324607
0.277562
0.291612
0.339512
0.443572
0.374856
0.427761
0.390358
0.48267
0.55423
0.538843
0.498449
0.595468
0.651679
0.665092
0.610069
0.427761
0.443572
0.374856
0.390358
0.759244
0.706575
0.718392
0.769061
0.55423
0.498449
0.48267
0.538843
0.808783
0.854323
0.816221
0.859018
0.930214
0.896687
0.895048
0.928515
0.665092
0.595468
0.610069
0.651679
0.759244
0.718392
0.769061
0.706575
0.953927
0.972422
0.981383
0.959172
0.996427
0.983672
0.987437
1.00402
0.859018
0.808783
0.854323
0.816221
0.896687
0.928515
0.895048
0.930214
0.959172
0.972422
0.981383
0.983672
1.00402
0.996427
0.953927
0.000563933
0.000498436
2.84601e-34
1.6623e-34
0.0023841
0.00212062
0.0013229
0.00117382
1.6623e-34
0.000498436
2.84601e-34
0.000563933
0.00620069
0.0054997
0.00349153
0.00393402
0.0013229
0.00117382
0.00212062
0.0023841
0.0141564
0.0125822
0.00949395
0.00842011
0.00349153
0.0054997
0.00620069
0.00393402
0.0205882
0.0292028
0.0261681
0.0183624
0.00949395
0.00842011
0.0125822
0.0141564
0.0205882
0.0183624
0.0261681
0.0292028
0.0404287
0.0364236
0.0495493
0.0546822
0.0404287
0.0546822
0.0364236
0.0495493
0.0723426
0.0659444
0.0859649
0.0937508
0.0859649
0.0659444
0.0723426
0.0937508
0.11916
0.109907
0.137989
0.148763
0.220726
0.182623
0.170334
0.206963
0.292573
0.308922
0.24778
0.262909
0.109907
0.148763
0.137989
0.11916
0.341008
0.392634
0.41074
0.35836
0.206963
0.170334
0.220726
0.182623
0.292573
0.24778
0.308922
0.262909
0.341008
0.392634
0.35836
0.41074
0.52176
0.503108
0.446888
0.465437
0.560543
0.618369
0.636066
0.578917
0.731662
0.692313
0.746746
0.675712
0.52176
0.503108
0.446888
0.465437
0.798453
0.7853
0.846536
0.835716
0.618369
0.578917
0.560543
0.636066
0.923436
0.882036
0.890156
0.928515
0.988591
0.986784
0.960931
0.959172
0.675712
0.731662
0.692313
0.746746
0.835716
0.846536
0.798453
0.7853
1.01705
1.02643
1.00562
1.01115
1.02089
1.03414
1.03414
1.01705
0.890156
0.923436
0.928515
0.882036
0.986784
1.02643
0.960931
0.988591
1.01115
1.00562
0.959172
0.000433674
0.000369919
2.0133e-34
1.24862e-34
1.24862e-34
0.000369919
2.0133e-34
0.000433674
0.00186679
0.00162434
0.00103257
0.000891329
0.00483563
0.00421217
0.00267694
0.00307535
0.00103257
0.000891329
0.00162434
0.00186679
0.00645318
0.0110876
0.0096813
0.00740775
0.00267694
0.00421217
0.00483563
0.00307535
0.016241
0.0232552
0.0204829
0.0142319
0.00740775
0.00645318
0.0096813
0.0110876
0.0325528
0.0445553
0.0397344
0.0288432
0.016241
0.0142319
0.0204829
0.0232552
0.0325528
0.0288432
0.0397344
0.0445553
0.0596711
0.0535742
0.0707556
0.0782816
0.0596711
0.0782816
0.0707556
0.0535742
0.100704
0.0916288
0.116481
0.127202
0.127202
0.0916288
0.116481
0.100704
0.192975
0.157931
0.178866
0.145522
0.216522
0.232274
0.275686
0.258386
0.304235
0.373581
0.353723
0.322915
0.178866
0.145522
0.192975
0.157931
0.406392
0.483027
0.461668
0.427153
0.216522
0.258386
0.232274
0.275686
0.353723
0.304235
0.373581
0.322915
0.483027
0.406392
0.461668
0.427153
0.598721
0.51888
0.577268
0.540478
0.694202
0.636003
0.714103
0.656894
0.769427
0.750948
0.805318
0.821942
0.51888
0.577268
0.598721
0.540478
0.856397
0.915011
0.870758
0.903305
0.636003
0.714103
0.656894
0.694202
0.945217
0.981383
0.953927
0.986784
1.03397
1.01115
1.013
1.03208
0.769427
0.821942
0.805318
0.750948
0.870758
0.903305
0.856397
0.915011
1.05722
1.04756
1.04368
1.04942
1.04942
1.03208
1.04368
1.05722
0.981383
0.953927
0.945217
0.986784
1.013
1.03397
1.01115
8.34499e-35
0.000244553
1.19892e-34
0.000306784
0.000306784
0.000244553
1.19892e-34
8.34499e-35
0.00139167
0.00116997
0.000757213
0.000623488
0.000757213
0.000623488
0.00116997
0.00139167
0.00362877
0.00308784
0.00195293
0.0023059
0.00836785
0.00715359
0.00556798
0.00474518
0.00195293
0.00308784
0.0023059
0.00362877
0.0123506
0.0178664
0.0154208
0.0105995
0.00556798
0.00474518
0.00715359
0.00836785
0.0253184
0.035119
0.0219979
0.030739
0.0123506
0.0105995
0.0154208
0.0178664
0.047691
0.0634418
0.0563911
0.0420652
0.0253184
0.0219979
0.030739
0.035119
0.047691
0.0420652
0.0563911
0.0634418
0.0827387
0.0741067
0.0955571
0.105907
0.0827387
0.105907
0.0741067
0.0955571
0.121025
0.150713
0.133185
0.164744
0.121025
0.164744
0.150713
0.133185
0.223078
0.240807
0.18473
0.200629
0.265647
0.333213
0.285091
0.312205
0.362401
0.41577
0.439192
0.384749
0.223078
0.18473
0.240807
0.200629
0.471732
0.554174
0.529609
0.495904
0.312205
0.265647
0.285091
0.333213
0.439192
0.362401
0.41577
0.384749
0.529609
0.471732
0.554174
0.495904
0.647982
0.672106
0.588638
0.613193
0.764034
0.706754
0.785967
0.730006
0.839069
0.870417
0.888403
0.818895
0.588638
0.672106
0.613193
0.647982
0.933122
0.959973
0.917719
0.972422
0.730006
0.764034
0.785967
0.706754
1.00562
1.03208
0.996428
1.02643
1.06499
1.04942
1.06304
1.05135
0.818895
0.839069
0.888403
0.870417
0.933122
0.972422
0.959973
0.917719
1.06304
1.06697
1.07285
1.07285
1.02643
1.06499
1.05135
1.03208
1.00562
0.996428
1.04942
0.000182753
0.000121611
3.96824e-35
4.19809e-35
4.19809e-35
0.000121611
3.96824e-35
0.000182753
0.000495582
0.000368187
0.000753927
0.000957227
0.000957227
0.000753927
0.000495582
0.000368187
0.00258708
0.00212716
0.00131601
0.00162616
0.00131601
0.00162616
0.00212716
0.00258708
0.00603952
0.00502872
0.00399482
0.00330682
0.00899215
0.0131563
0.011083
0.00752462
0.00399482
0.00330682
0.00502872
0.00603952
0.0189026
0.0266203
0.0227868
0.0160434
0.00899215
0.00752462
0.011083
0.0131563
0.0367308
0.0496519
0.0432685
0.0317218
0.0189026
0.0160434
0.0227868
0.0266203
0.0657861
0.0855065
0.0758262
0.0578407
0.0367308
0.0317218
0.0432685
0.0496519
0.0855065
0.0657861
0.0578407
0.0758262
0.0975681
0.123346
0.13688
0.10912
0.10912
0.13688
0.0975681
0.123346
0.205338
0.15336
0.16893
0.187716
0.205338
0.15336
0.187716
0.16893
0.226413
0.269335
0.290858
0.246032
0.316249
0.366802
0.391579
0.339505
0.476828
0.503763
0.420522
0.446537
0.269335
0.226413
0.290858
0.246032
0.53504
0.622011
0.594389
0.562519
0.391579
0.366802
0.316249
0.339505
0.420522
0.503763
0.446537
0.476828
0.53504
0.622011
0.594389
0.562519
0.681367
0.654039
0.713098
0.739684
0.796032
0.770647
0.849481
0.825753
0.944125
0.877498
0.899136
0.924998
0.713098
0.739684
0.654039
0.681367
1.01705
1.00402
0.983671
0.967423
0.770647
0.825753
0.796032
0.849481
1.03414
1.04368
1.06304
1.05722
1.07876
1.07482
1.07285
1.08074
0.924998
0.877498
0.899136
0.944125
0.967423
0.983671
1.01705
1.00402
1.07285
1.06304
1.07482
1.08074
1.03414
1.05722
1.04368
5.83531e-37
6.06628e-05
6.06628e-05
5.83531e-37
0.000557715
0.000244761
0.000244761
0.000557715
0.00170397
0.0010284
0.0010284
0.00170397
0.00268859
0.00411816
0.00268859
0.00411816
0.00620697
0.00920443
0.0134366
0.019256
0.00620697
0.00920443
0.0270666
0.0372802
0.019256
0.0134366
0.0503179
0.0665839
0.0372802
0.0270666
0.0864413
0.110211
0.0503179
0.0665839
0.0864413
0.110211
0.138124
0.170348
0.138124
0.170348
0.20692
0.247799
0.247799
0.20692
0.292795
0.341629
0.393871
0.449011
0.565325
0.5064
0.341629
0.292795
0.684478
0.624971
0.449011
0.393871
0.5064
0.565325
0.684478
0.624971
0.742933
0.799408
0.902732
0.852979
0.987438
0.947822
0.742933
0.799408
1.04756
1.02089
0.902732
0.852979
1.07876
1.06697
1.08272
1.07876
0.947822
0.987438
1.02089
1.06697
1.04756
0.0975681
0.226413
0.187716
0.000121611
0.123346
0.15336
0.123346
0.15336
0.0975681
0.00212716
0.00330682
0.0758262
0.187716
0.00752462
0.0578407
0.0432685
0.226413
0.0317218
0.0227868
0.269335
0.0160434
0.011083
0.316249
0.00502872
0.366802
0.420522
0.00131601
0.000753927
0.476828
0.000368187
0.53504
0.594389
0.000121611
0.269335
0.316249
0.654039
0.713098
0.420522
0.770647
0.000368187
0.825753
0.877498
0.000753927
0.924998
0.967423
0.00131601
1.00402
1.03414
0.00212716
0.877498
1.05722
0.924998
1.07285
0.00330682
1.08074
1.08074
0.00502872
1.07285
1.05722
0.00752462
1.03414
1.00402
0.011083
0.967423
0.0160434
0.825753
0.0227868
0.770647
0.713098
0.0317218
0.654039
0.594389
0.0432685
0.53504
0.476828
0.0578407
0.366802
0.0758262
3.96824e-35
3.96824e-35
4.19809e-35
0.000182753
0.000182753
4.19809e-35
0.000957227
0.000495582
0.000495582
0.000957227
0.00162616
0.00258708
0.00162616
0.00258708
0.00603952
0.00399482
0.00399482
0.00603952
0.0131563
0.00899215
0.0266203
0.0189026
0.00899215
0.0131563
0.0367308
0.0496519
0.0266203
0.0189026
0.0855065
0.0657861
0.0367308
0.0496519
0.10912
0.13688
0.0657861
0.0855065
0.10912
0.13688
0.205338
0.16893
0.205338
0.16893
0.246032
0.290858
0.290858
0.246032
0.391579
0.339505
0.503763
0.446537
0.562519
0.622011
0.339505
0.391579
0.739684
0.681367
0.503763
0.446537
0.622011
0.562519
0.681367
0.739684
0.796032
0.849481
0.944125
0.899136
0.983671
1.01705
0.849481
0.796032
1.06304
1.04368
0.944125
0.899136
1.07876
1.07482
1.07482
1.06304
1.01705
0.983671
1.04368
0.18473
0.150713
0.150713
0.121025
0.18473
0.0955571
0.00116997
0.0741067
0.0563911
0.223078
0.0420652
0.265647
0.030739
0.0219979
0.0154208
0.312205
0.0105995
0.362401
0.00715359
0.00474518
0.00308784
0.41577
0.00195293
0.471732
0.000623488
0.000244553
0.529609
0.588638
0.000244553
0.647982
0.223078
0.706754
0.764034
0.312205
0.000623488
0.818895
0.870417
0.471732
0.917719
0.00116997
0.959973
0.00195293
0.996428
1.02643
1.04942
0.764034
0.00308784
1.06499
0.00474518
0.917719
1.07285
1.07285
1.06499
0.00715359
1.04942
0.0105995
1.02643
0.996428
0.959973
0.0154208
0.0219979
0.870417
0.818895
0.030739
0.706754
0.0420652
0.647982
0.588638
0.529609
0.0563911
0.0741067
0.41577
0.362401
0.0955571
0.265647
0.121025
1.19892e-34
1.19892e-34
8.34499e-35
0.000306784
0.000306784
8.34499e-35
0.00139167
0.000757213
0.000757213
0.00139167
0.0023059
0.00362877
0.00362877
0.0023059
0.00836785
0.00556798
0.00556798
0.00836785
0.0178664
0.0123506
0.0253184
0.035119
0.0123506
0.0178664
0.047691
0.0634418
0.035119
0.0253184
0.0827387
0.105907
0.0634418
0.047691
0.164744
0.133185
0.0827387
0.105907
0.164744
0.133185
0.200629
0.240807
0.240807
0.200629
0.333213
0.285091
0.285091
0.333213
0.439192
0.384749
0.554174
0.495904
0.613193
0.672106
0.439192
0.384749
0.730006
0.785967
0.495904
0.554174
0.672106
0.613193
0.730006
0.785967
0.839069
0.888403
0.933122
0.972422
1.00562
1.03208
0.888403
0.839069
1.06304
1.05135
0.933122
0.972422
1.06697
1.06304
1.05135
1.00562
1.03208
0.178866
0.116481
0.216522
0.000369919
0.0916288
0.0707556
0.0535742
0.258386
0.0397344
0.00421217
0.00645318
0.304235
0.0288432
0.0204829
0.0142319
0.353723
0.0096813
0.406392
0.00267694
0.461668
0.00162434
0.51888
0.000891329
0.577268
0.636003
0.000369919
0.694202
0.178866
0.750948
0.000891329
0.805318
0.856397
0.903305
0.353723
0.406392
0.00162434
0.945217
0.00267694
0.981383
1.01115
1.03397
0.00421217
0.694202
1.04942
0.00645318
0.805318
0.856397
1.05722
1.05722
1.04942
0.0096813
1.03397
0.0142319
1.01115
0.981383
0.945217
0.0204829
0.903305
0.0288432
0.750948
0.0397344
0.0535742
0.636003
0.577268
0.51888
0.0707556
0.461668
0.0916288
0.304235
0.116481
0.258386
0.145522
0.216522
0.145522
2.0133e-34
2.0133e-34
1.24862e-34
0.000433674
0.000433674
1.24862e-34
0.00103257
0.00186679
0.00103257
0.00186679
0.00307535
0.00483563
0.00483563
0.00307535
0.0110876
0.00740775
0.00740775
0.0110876
0.016241
0.0232552
0.0325528
0.0445553
0.016241
0.0232552
0.0596711
0.0782816
0.0445553
0.0325528
0.127202
0.100704
0.0596711
0.0782816
0.192975
0.157931
0.100704
0.127202
0.192975
0.157931
0.275686
0.232274
0.275686
0.232274
0.322915
0.373581
0.373581
0.322915
0.483027
0.427153
0.598721
0.540478
0.656894
0.714103
0.427153
0.483027
0.769427
0.821942
0.540478
0.598721
0.714103
0.656894
0.769427
0.821942
0.915011
0.870758
0.953927
0.986784
1.013
1.03208
0.870758
0.915011
1.04756
1.04368
0.986784
0.953927
1.04368
1.03208
1.013
0.24778
0.0659444
0.0495493
0.292573
0.0364236
0.0261681
0.341008
0.0183624
0.0125822
0.392634
0.00842011
0.0054997
0.446888
0.00349153
0.00212062
0.503108
0.00117382
0.000498436
0.560543
0.618369
0.000498436
0.0859649
0.109907
0.675712
0.731662
0.170334
0.7853
0.00117382
0.835716
0.882036
0.00212062
0.923436
0.959172
0.00349153
0.988591
1.01115
0.0054997
0.560543
1.02643
0.618369
1.03414
0.00842011
1.03414
1.02643
0.0125822
0.835716
0.882036
1.01115
0.988591
0.0183624
0.959172
0.923436
0.0261681
0.0364236
0.7853
0.731662
0.0495493
0.675712
0.0659444
0.503108
0.0859649
0.446888
0.392634
0.109907
0.341008
0.292573
0.137989
0.24778
0.206963
0.170334
0.137989
0.206963
2.84601e-34
2.84601e-34
1.6623e-34
0.000563933
0.000563933
1.6623e-34
0.0023841
0.0013229
0.0013229
0.0023841
0.00620069
0.00393402
0.00393402
0.00620069
0.0141564
0.00949395
0.00949395
0.0141564
0.0292028
0.0205882
0.0404287
0.0546822
0.0292028
0.0205882
0.0937508
0.0723426
0.0404287
0.0546822
0.148763
0.11916
0.0937508
0.0723426
0.220726
0.182623
0.148763
0.11916
0.182623
0.220726
0.308922
0.262909
0.262909
0.308922
0.41074
0.35836
0.35836
0.41074
0.52176
0.465437
0.636066
0.578917
0.692313
0.746746
0.465437
0.52176
0.846536
0.798453
0.578917
0.636066
0.746746
0.692313
0.846536
0.798453
0.890156
0.928515
0.960931
0.986784
1.00562
1.01705
0.928515
0.890156
1.01705
1.02089
0.960931
1.00562
0.986784
0.0445435
0.03234
0.324607
0.0229019
0.374856
0.0158026
0.0106172
0.00693751
0.427761
0.00439249
0.48267
0.00265836
0.00147141
0.000630393
0.538843
0.595468
0.000630393
0.651679
0.0599172
0.706575
0.759244
0.101581
0.00147141
0.808783
0.854323
0.194719
0.895048
0.00265836
0.930214
0.00439249
0.959172
0.981383
0.996427
0.427761
0.00693751
1.00402
0.0106172
0.595468
1.00402
0.996427
0.981383
0.0158026
0.759244
0.959172
0.0229019
0.930214
0.895048
0.854323
0.03234
0.808783
0.0445435
0.706575
0.651679
0.0599172
0.0788277
0.538843
0.48267
0.101581
0.374856
0.128406
0.324607
0.277562
0.234159
0.159441
0.194719
0.159441
0.128406
0.234159
0.0788277
0.277562
3.70039e-34
3.70039e-34
2.07543e-34
0.000697621
0.000697621
2.07543e-34
0.00294132
0.00162785
0.00162785
0.00294132
0.00770559
0.00487431
0.00770559
0.00487431
0.0117901
0.0175104
0.0117901
0.0175104
0.0252905
0.0355586
0.0487352
0.0652178
0.0252905
0.0355586
0.109398
0.0853429
0.0652178
0.0487352
0.169946
0.137563
0.109398
0.0853429
0.247163
0.206518
0.169946
0.137563
0.206518
0.247163
0.339512
0.291612
0.339512
0.291612
0.443572
0.390358
0.443572
0.390358
0.55423
0.498449
0.610069
0.665092
0.769061
0.718392
0.498449
0.55423
0.816221
0.859018
0.665092
0.610069
0.718392
0.769061
0.859018
0.816221
0.928515
0.896687
0.972422
0.953927
0.983672
0.987437
0.896687
0.928515
0.972422
0.983672
0.953927
0.353522
0.0192697
0.404762
0.013001
0.00850236
0.00536911
0.458051
0.00323355
0.512665
0.00178301
0.000765622
0.567804
0.622614
0.000765622
0.676204
0.0388361
0.727674
0.00178301
0.776127
0.820702
0.860588
0.117143
0.146575
0.00323355
0.895048
0.00536911
0.923436
0.945216
0.959973
0.00850236
0.353522
0.967423
0.013001
0.458051
0.512665
0.967423
0.959973
0.945216
0.0192697
0.676204
0.923436
0.027738
0.895048
0.860588
0.820702
0.0388361
0.776127
0.0529796
0.727674
0.622614
0.0705442
0.567804
0.0918509
0.404762
0.117143
0.146575
0.304969
0.259636
0.217945
0.180197
0.180197
0.217945
0.0918509
0.259636
0.0705442
0.304969
0.0529796
0.027738
4.57683e-34
4.57683e-34
2.48739e-34
0.000834336
0.000834336
2.48739e-34
0.0019456
0.00353284
0.0019456
0.00353284
0.00932273
0.00588265
0.00588265
0.00932273
0.0142468
0.0210692
0.0142468
0.0210692
0.0421503
0.0302268
0.0758591
0.0572392
0.0302268
0.0421503
0.0982917
0.12476
0.0572392
0.0758591
0.155362
0.190119
0.0982917
0.12476
0.228899
0.271489
0.190119
0.155362
0.228899
0.271489
0.366536
0.317519
0.366536
0.317519
0.471092
0.417947
0.417947
0.471092
0.579465
0.525203
0.684934
0.633006
0.734355
0.780387
0.525203
0.579465
0.859018
0.822203
0.684934
0.633006
0.734355
0.780387
0.859018
0.822203
0.915011
0.890157
0.944124
0.933124
0.947823
0.944124
0.890157
0.933124
0.915011
0.429828
0.00640524
0.00383913
0.482597
0.00210613
0.000903495
0.535977
0.589127
0.000903495
0.0101628
0.0155169
0.641171
0.691217
0.0327424
0.738382
0.00210613
0.781811
0.820702
0.00383913
0.854323
0.882035
0.00640524
0.903305
0.917719
0.0101628
0.239314
0.924997
0.28263
0.924997
0.0155169
0.917719
0.903305
0.022897
0.482597
0.535977
0.882035
0.854323
0.0327424
0.820702
0.781811
0.0454767
0.738382
0.691217
0.0614916
0.641171
0.589127
0.0811216
0.104631
0.429828
0.378453
0.132191
0.329181
0.163873
0.199634
0.199634
0.163873
0.132191
0.239314
0.104631
0.0811216
0.28263
0.0614916
0.0454767
0.329181
0.022897
0.378453
5.47272e-34
5.47272e-34
2.89686e-34
0.000973226
0.000973226
2.89686e-34
0.00415025
0.002273
0.002273
0.00415025
0.00694068
0.0110173
0.0110173
0.00694068
0.0247411
0.0168051
0.0168051
0.0247411
0.0352632
0.0487929
0.0656962
0.0862953
0.0352632
0.0487929
0.139381
0.110807
0.0862953
0.0656962
0.172027
0.208675
0.110807
0.139381
0.249096
0.292977
0.172027
0.208675
0.292977
0.249096
0.389186
0.339854
0.339854
0.389186
0.440304
0.49248
0.49248
0.440304
0.596716
0.5449
0.695005
0.647046
0.780387
0.73973
0.596716
0.5449
0.816222
0.846535
0.695005
0.647046
0.73973
0.780387
0.846535
0.816222
0.87076
0.888402
0.902732
0.899138
0.899138
0.888402
0.87076
0.00243703
0.00104295
0.500668
0.551912
0.00104295
0.602178
0.00446552
0.650588
0.696271
0.0118812
0.00243703
0.738382
0.776127
0.037777
0.808783
0.00446552
0.835716
0.00748055
0.856397
0.870417
0.877498
0.146275
0.0118812
0.877498
0.0181025
0.258187
0.870417
0.856397
0.835716
0.0265883
0.398654
0.808783
0.037777
0.776127
0.738382
0.696271
0.0520733
0.650588
0.0698333
0.602178
0.551912
0.500668
0.0913394
0.449308
0.116789
0.349473
0.302451
0.146275
0.179782
0.217172
0.179782
0.217172
0.116789
0.258187
0.0913394
0.0698333
0.0520733
0.302451
0.349473
0.0265883
0.0181025
0.398654
0.00748055
0.449308
6.38251e-34
6.38251e-34
3.30172e-34
0.00111302
0.00111302
3.30172e-34
0.0026058
0.00478294
0.0026058
0.00478294
0.0127494
0.00802638
0.0127494
0.00802638
0.0284269
0.0193996
0.0193996
0.0284269
0.040259
0.0552962
0.0962196
0.0738604
0.040259
0.0552962
0.152826
0.122518
0.0738604
0.0962196
0.187062
0.225063
0.122518
0.152826
0.266505
0.310985
0.187062
0.225063
0.266505
0.310985
0.406788
0.357952
0.406788
0.357952
0.507101
0.456764
0.507101
0.456764
0.556957
0.605471
0.695004
0.651773
0.769061
0.734356
0.605471
0.556957
0.798455
0.821941
0.695004
0.651773
0.734356
0.769061
0.821941
0.798455
0.84948
0.839071
0.84948
0.852981
0.839071
0.511729
0.56
0.00118253
0.00118253
0.606572
0.650588
0.00277096
0.691217
0.727673
0.0136159
0.0206902
0.759243
0.00510117
0.785299
0.00857159
0.805318
0.818894
0.825752
0.100897
0.0136159
0.825752
0.158979
0.19383
0.0206902
0.818894
0.805318
0.785299
0.318511
0.0302428
0.759243
0.0426999
0.727673
0.691217
0.511729
0.650588
0.058436
0.606572
0.0777613
0.56
0.462624
0.100897
0.413526
0.127966
0.365241
0.274003
0.158979
0.232287
0.19383
0.127966
0.232287
0.274003
0.0777613
0.058436
0.0426999
0.318511
0.0302428
0.365241
0.00857159
0.413526
0.00510117
0.462624
0.00277096
7.29792e-34
7.29792e-34
3.69904e-34
0.00125209
3.69904e-34
0.00125209
0.00541858
0.00293884
0.00293884
0.00541858
0.014476
0.00911522
0.014476
0.00911522
0.0219616
0.032025
0.0219616
0.032025
0.0614725
0.0450725
0.10534
0.081493
0.0450725
0.0614725
0.164695
0.133078
0.10534
0.081493
0.238795
0.200019
0.133078
0.164695
0.324978
0.28061
0.200019
0.238795
0.324978
0.28061
0.371275
0.41882
0.371275
0.41882
0.514521
0.466838
0.514521
0.466838
0.561016
0.605471
0.684934
0.647047
0.718394
0.746745
0.561016
0.605471
0.785966
0.76943
0.647047
0.684934
0.718394
0.746745
0.785966
0.76943
0.799407
0.796035
0.796035
0.00132047
0.559999
0.602178
0.64117
0.00310241
0.676204
0.706574
0.00573318
0.731661
0.750948
0.00965298
0.764034
0.770646
0.0473708
0.0153228
0.0643807
0.770646
0.764034
0.0232106
0.750948
0.731661
0.169926
0.2056
0.0337588
0.706574
0.676204
0.0473708
0.64117
0.602178
0.0643807
0.559999
0.515453
0.0850438
0.469382
0.422629
0.109512
0.37602
0.330334
0.137832
0.286293
0.244533
0.169926
0.2056
0.137832
0.109512
0.244533
0.0850438
0.286293
0.0337588
0.330334
0.0232106
0.0153228
0.37602
0.00965298
0.00573318
0.422629
0.00310241
0.00132047
0.469382
0.515453
8.20833e-34
8.20833e-34
4.08513e-34
0.00138853
0.00138853
4.08513e-34
0.00326629
0.0060438
0.00326629
0.0060438
0.0101812
0.0161524
0.0161524
0.0101812
0.0354346
0.0244217
0.0354346
0.0244217
0.0671428
0.049566
0.113388
0.0883711
0.049566
0.0671428
0.174638
0.142175
0.113388
0.0883711
0.210514
0.249464
0.174638
0.142175
0.290993
0.334543
0.210514
0.249464
0.290993
0.334543
0.37943
0.424926
0.37943
0.424926
0.51452
0.47023
0.51452
0.47023
0.596716
0.556958
0.633008
0.665091
0.714102
0.692316
0.556958
0.596716
0.730009
0.739682
0.633008
0.665091
0.692316
0.714102
0.730009
0.742937
0.739682
0.589126
0.00342528
0.622613
0.651678
0.675711
0.00634781
0.694201
0.0106984
0.706753
0.0169573
0.713097
0.713097
0.0169573
0.051656
0.706753
0.0255949
0.694201
0.675711
0.116933
0.651678
0.0370375
0.622613
0.051656
0.589126
0.551912
0.294692
0.511729
0.0697351
0.469382
0.091468
0.425693
0.381489
0.33757
0.116933
0.146095
0.253547
0.214744
0.178792
0.178792
0.146095
0.214744
0.091468
0.0697351
0.253547
0.294692
0.0370375
0.0255949
0.33757
0.0106984
0.381489
0.00634781
0.00342528
0.00145471
0.425693
0.469382
0.00145471
0.511729
0.551912
9.10124e-34
9.10124e-34
4.45569e-34
0.00152019
0.00152019
4.45569e-34
0.00664466
0.00358191
0.00358191
0.00664466
0.0177345
0.0111982
0.0111982
0.0177345
0.0267123
0.0385596
0.0267123
0.0385596
0.0536108
0.0721428
0.120127
0.0942938
0.0536108
0.0721428
0.182362
0.149543
0.120127
0.0942938
0.256756
0.218239
0.149543
0.182362
0.339396
0.297348
0.256756
0.218239
0.339396
0.297348
0.382175
0.424926
0.382175
0.424926
0.466839
0.5071
0.466839
0.5071
0.544902
0.579464
0.610072
0.636064
0.672104
0.656898
0.544902
0.579464
0.684476
0.681371
0.636064
0.610072
0.672104
0.656898
0.681371
0.00373322
0.567803
0.595468
0.618368
0.00693109
0.636002
0.00693109
0.0116818
0.647981
0.018476
0.0277773
0.654038
0.654038
0.018476
0.647981
0.0743441
0.0277773
0.636002
0.618368
0.595468
0.0399864
0.185318
0.220993
0.567803
0.0554325
0.535976
0.500668
0.462624
0.0743441
0.422629
0.0968466
0.381489
0.340006
0.298955
0.122942
0.259063
0.152514
0.152514
0.185318
0.122942
0.220993
0.0968466
0.0554325
0.259063
0.0399864
0.298955
0.0116818
0.340006
0.381489
0.00373322
0.00158307
0.422629
0.462624
0.00158307
0.500668
0.535976
9.96273e-34
9.96273e-34
4.80596e-34
0.00164482
0.00164482
4.80596e-34
0.00720724
0.00387932
0.00387932
0.00720724
0.01918
0.0121402
0.01918
0.0121402
0.0413117
0.0287701
0.0287701
0.0413117
0.0570909
0.0763276
0.0990886
0.125361
0.0570909
0.0763276
0.187641
0.154966
0.0990886
0.125361
0.222967
0.260456
0.154966
0.187641
0.299488
0.339396
0.260456
0.222967
0.339396
0.299488
0.379431
0.41882
0.41882
0.379431
0.456766
0.492479
0.492479
0.456766
0.525206
0.554228
0.578921
0.598719
0.613197
0.622009
0.525206
0.554228
0.622009
0.624976
0.598719
0.578921
0.613197
0.560541
0.00746929
0.577267
0.00170326
0.588637
0.012578
0.594388
0.594388
0.0198383
0.0198383
0.0296974
0.588637
0.577267
0.0296974
0.560541
0.538842
0.042522
0.512664
0.482596
0.0585921
0.449307
0.189311
0.413526
0.0780743
0.376019
0.33757
0.101023
0.298955
0.26092
0.127363
0.224164
0.1569
0.1569
0.127363
0.189311
0.101023
0.0780743
0.224164
0.0585921
0.042522
0.26092
0.298955
0.012578
0.00746929
0.33757
0.00401983
0.376019
0.413526
0.00170326
0.538842
0.449307
0.482596
0.512664
0.00401983
1.07781e-33
1.07781e-33
5.1309e-34
0.00176013
0.00176013
5.1309e-34
0.00415221
0.00771814
0.00415221
0.00771814
0.0204501
0.0129833
0.0129833
0.0204501
0.043613
0.030538
0.030538
0.043613
0.0795765
0.0599066
0.128938
0.102616
0.0599066
0.0795765
0.158284
0.190319
0.128938
0.102616
0.224559
0.260456
0.190319
0.158284
0.297349
0.334542
0.260456
0.224559
0.297349
0.334542
0.406787
0.371277
0.406787
0.371277
0.440307
0.471091
0.471091
0.440307
0.521759
0.498453
0.554172
0.540482
0.565323
0.562524
0.521759
0.498453
0.562524
0.540482
0.554172
0.00794945
0.529608
0.0133638
0.535038
0.535038
0.529608
0.00794945
0.0210073
0.518879
0.0313018
0.503107
0.482669
0.45805
0.0610443
0.0445725
0.429827
0.0610443
0.398653
0.130069
0.365241
0.330334
0.190655
0.0808183
0.294692
0.103876
0.259063
0.224164
0.130069
0.159125
0.159125
0.103876
0.0808183
0.190655
0.224164
0.0445725
0.0313018
0.0210073
0.259063
0.0133638
0.294692
0.00427891
0.00181302
0.330334
0.365241
0.00181302
0.518879
0.398653
0.429827
0.45805
0.00427891
0.482669
0.503107
1.15324e-33
1.15324e-33
5.42542e-34
0.00186389
0.00186389
5.42542e-34
0.00816493
0.00439458
0.00439458
0.00816493
0.0215102
0.0137054
0.0215102
0.0137054
0.0453984
0.0319667
0.0319667
0.0453984
0.0817957
0.0619772
0.130752
0.104775
0.0619772
0.0817957
0.190319
0.159401
0.104775
0.130752
0.256755
0.222968
0.190319
0.159401
0.324977
0.290995
0.222968
0.256755
0.290995
0.324977
0.357955
0.389185
0.357955
0.389185
0.417951
0.44357
0.417951
0.44357
0.465441
0.483025
0.495909
0.50376
0.506406
0.50376
0.483025
0.465441
0.495909
0.0140189
0.476826
0.476826
0.00191016
0.47173
0.0219512
0.461666
0.0325459
0.446887
0.0219512
0.0325459
0.42776
0.404761
0.0460799
0.378452
0.0627191
0.349472
0.318511
0.130979
0.286292
0.0824968
0.253546
0.105324
0.220993
0.189311
0.159125
0.130979
0.159125
0.105324
0.0824968
0.0627191
0.189311
0.0460799
0.220993
0.0140189
0.253546
0.00835981
0.286292
0.00450467
0.318511
0.349472
0.00191016
0.47173
0.378452
0.404761
0.00450467
0.42776
0.446887
0.461666
0.00835981
1.22112e-33
1.22112e-33
5.68457e-34
0.00195401
0.00195401
5.68457e-34
0.00460097
0.00853661
0.00460097
0.00853661
0.0223317
0.0142878
0.0223317
0.0142878
0.0466174
0.0330166
0.0330166
0.0466174
0.0632437
0.0829215
0.130752
0.105501
0.0829215
0.0632437
0.158284
0.187641
0.105501
0.130752
0.249463
0.218241
0.187641
0.158284
0.310984
0.280613
0.249463
0.218241
0.280613
0.310984
0.339857
0.366534
0.339857
0.366534
0.410738
0.390362
0.410738
0.390362
0.427158
0.43919
0.446543
0.449008
0.446543
0.427158
0.43919
0.415768
0.0226444
0.40639
0.392632
0.0333951
0.374855
0.353521
0.0470018
0.32918
0.0226444
0.30245
0.0635686
0.274003
0.0635686
0.244532
0.0830617
0.0830617
0.214743
0.185317
0.105324
0.1569
0.130069
0.130069
0.105324
0.1569
0.0470018
0.185317
0.0333951
0.214743
0.0145259
0.0086902
0.244532
0.00469197
0.00199269
0.274003
0.30245
0.00199269
0.42052
0.32918
0.42052
0.353521
0.374855
0.00469197
0.392632
0.40639
0.0086902
0.415768
0.0145259
1.28006e-33
1.28006e-33
5.90376e-34
0.00202859
0.00202859
5.90376e-34
0.0088239
0.00476664
0.0088239
0.00476664
0.014715
0.0228922
0.0228922
0.014715
0.0472357
0.0336584
0.0336584
0.0472357
0.06367
0.0829215
0.104775
0.128938
0.0829215
0.06367
0.182362
0.154967
0.128938
0.104775
0.210516
0.238794
0.182362
0.154967
0.292975
0.266508
0.238794
0.210516
0.266508
0.292975
0.317523
0.33951
0.33951
0.317523
0.358366
0.373578
0.373578
0.358366
0.384754
0.391576
0.393877
0.391576
0.384754
0.023068
0.341007
0.0338257
0.324605
0.304968
0.282629
0.00893235
0.047312
0.258187
0.023068
0.0635685
0.232287
0.205599
0.178792
0.0824967
0.152514
0.103876
0.127363
0.103876
0.0824967
0.127363
0.0635685
0.152514
0.047312
0.0338257
0.178792
0.0148716
0.205599
0.00483648
0.00205887
0.232287
0.258187
0.00205887
0.353722
0.282629
0.304968
0.324605
0.3668
0.00483648
0.341007
0.353722
0.3624
0.00893235
0.0148716
0.3668
0.3624
1.32884e-33
1.32884e-33
6.07895e-34
0.00208606
0.00208606
6.07895e-34
0.00901961
0.00488773
0.00488773
0.00901961
0.0231763
0.0149758
0.0149758
0.0231763
0.0472357
0.0338742
0.0338742
0.0472357
0.0817956
0.0632438
0.125361
0.102617
0.0817956
0.0632438
0.174637
0.149545
0.125361
0.102617
0.225062
0.200021
0.174637
0.149545
0.249099
0.271487
0.200021
0.225062
0.249099
0.271487
0.30892
0.291617
0.30892
0.291617
0.322921
0.333211
0.333211
0.322921
0.339512
0.341626
0.339512
0.0338257
0.277561
0.259635
0.239313
0.0470018
0.217171
0.00908017
0.062719
0.193829
0.0232106
0.169925
0.146095
0.0808182
0.122942
0.101023
0.101023
0.0808182
0.062719
0.122942
0.0470018
0.146095
0.0338257
0.0150468
0.169925
0.193829
0.00493481
0.00210727
0.217171
0.239313
0.00210727
0.292572
0.259635
0.277561
0.312203
0.316248
0.00493481
0.292572
0.304233
0.312203
0.00908017
0.316248
0.0150468
0.304233
0.0232106
1.36644e-33
1.36644e-33
6.20679e-34
0.00212516
0.00212516
6.20679e-34
0.00911878
0.00496139
0.00496139
0.00911878
0.0231764
0.0150634
0.0231764
0.0150634
0.0466175
0.0336582
0.0336582
0.0466175
0.0619774
0.0795763
0.0990896
0.120127
0.0619774
0.0795763
0.142178
0.164694
0.120127
0.0990896
0.187065
0.208674
0.164694
0.142178
0.247161
0.228903
0.208674
0.187065
0.228903
0.247161
0.275684
0.262914
0.262914
0.275684
0.290856
0.285097
0.285097
0.290856
0.292801
0.199633
0.04608
0.179781
0.00213684
0.158979
0.0610443
0.137831
0.116933
0.0780742
0.0230681
0.0333952
0.0968463
0.0780742
0.0968463
0.0610443
0.04608
0.116933
0.137831
0.0150469
0.00912992
0.158979
0.00498462
0.179781
0.199633
0.00213684
0.217944
0.217944
0.234158
0.234158
0.247779
0.00498462
0.258385
0.265645
0.00912992
0.269333
0.269333
0.0150469
0.265645
0.258385
0.0230681
0.247779
0.0333952
1.39203e-33
1.39203e-33
6.2848e-34
0.00214503
0.00214503
6.2848e-34
0.00498589
0.00911893
0.00498589
0.00911893
0.0228924
0.0149753
0.0149753
0.0228924
0.0453985
0.0330162
0.0330162
0.0453985
0.0599068
0.0763273
0.113387
0.094295
0.0763273
0.0599068
0.152824
0.13308
0.113387
0.094295
0.190117
0.172031
0.152824
0.13308
0.220724
0.206522
0.190117
0.172031
0.206522
0.220724
0.240804
0.232279
0.240804
0.232279
0.246039
0.246039
0.247797
0.0445725
0.127966
0.058592
0.109512
0.0914677
0.0743439
0.00908035
0.0743439
0.058592
0.0914677
0.0445725
0.0325461
0.0226446
0.109512
0.0148718
0.127966
0.00498475
0.00214692
0.146275
0.163872
0.00214692
0.146275
0.180196
0.194718
0.206961
0.194718
0.00498475
0.216521
0.223077
0.226411
0.00908035
0.226411
0.0148718
0.223077
0.216521
0.206961
0.0226446
0.0325461
0.180196
0.163872
1.40505e-33
1.40505e-33
6.31143e-34
0.00214524
0.00214524
6.31143e-34
0.00902003
0.00496063
0.00496063
0.00902003
0.0223321
0.014714
0.014714
0.0223321
0.0319662
0.0436131
0.0436131
0.0319662
0.0570913
0.0721424
0.0883726
0.105339
0.0570913
0.0721424
0.12252
0.13938
0.0883726
0.105339
0.169945
0.155366
0.12252
0.13938
0.182628
0.192973
0.169945
0.155366
0.182628
0.192973
0.205335
0.200635
0.205335
0.200635
0.206926
0.0554324
0.0850434
0.0697349
0.00213729
0.0554324
0.0697349
0.042522
0.0850434
0.031302
0.0219514
0.0145263
0.100896
0.00893271
0.116788
0.00493517
0.13219
0.146574
0.00213729
0.100896
0.15944
0.170333
0.13219
0.146574
0.00493517
0.178864
0.184729
0.187715
0.178864
0.00893271
0.187715
0.0145263
0.184729
0.170333
0.0219514
0.15944
0.031302
0.116788
0.042522
1.40521e-33
1.40521e-33
6.28614e-34
0.00212577
0.00212577
6.28614e-34
0.0088246
0.00488623
0.00488623
0.0088246
0.0142864
0.0215107
0.0215107
0.0142864
0.0305373
0.0413118
0.0305373
0.0413118
0.0536113
0.0671424
0.0962186
0.0814948
0.0671424
0.0536113
0.11081
0.124759
0.0962186
0.0814948
0.137567
0.148761
0.11081
0.124759
0.157936
0.164742
0.137567
0.148761
0.157936
0.164742
0.170346
0.168935
0.168935
0.0399865
0.0643805
0.0296976
0.0210076
0.0777609
0.0140193
0.00869072
0.0913388
0.00483708
0.00210816
0.10463
0.117142
0.00210816
0.0516559
0.128405
0.0643805
0.137988
0.145521
0.00483708
0.150712
0.153359
0.117142
0.128405
0.00869072
0.153359
0.150712
0.0140193
0.145521
0.137988
0.0210076
0.0296976
0.10463
0.0913388
0.0399865
0.0777609
0.0516559
1.39252e-33
1.39252e-33
6.20942e-34
0.00208706
0.00208706
6.20942e-34
0.00476445
0.00853755
0.00476445
0.00853755
0.0204507
0.0137036
0.0204507
0.0137036
0.0287693
0.0385597
0.0287693
0.0385597
0.0495665
0.0614721
0.0862943
0.0738623
0.0614721
0.0495665
0.109396
0.0982949
0.0862943
0.0738623
0.1272
0.119165
0.109396
0.0982949
0.136878
0.13319
0.119165
0.1272
0.136878
0.13319
0.13813
0.0584357
0.0133644
0.0698329
0.00836048
0.00469278
0.00206017
0.081121
0.0918501
0.00206017
0.0198387
0.10158
0.109906
0.11648
0.0473707
0.00469278
0.121024
0.123345
0.123345
0.081121
0.00836048
0.121024
0.0133644
0.11648
0.109906
0.10158
0.0198387
0.0918501
0.0277776
0.0698329
0.0584357
0.0370376
0.0473707
0.0370376
0.0277776
1.36724e-33
1.36724e-33
6.08277e-34
0.00202995
0.00202995
6.08277e-34
0.0081661
0.00459815
0.00459815
0.0081661
0.0129812
0.0191807
0.0191807
0.0129812
0.0267114
0.0354347
0.0354347
0.0267114
0.0552958
0.045073
0.0656983
0.075858
0.0552958
0.045073
0.0937493
0.0853462
0.075858
0.0656983
0.100708
0.105906
0.0937493
0.0853462
0.110209
0.109125
0.105906
0.100708
0.109125
0.0614912
0.00450567
0.00199436
0.0705435
0.078827
0.00199436
0.00795024
0.085964
0.0916278
0.0184765
0.0255952
0.00450567
0.0955561
0.097567
0.097567
0.052073
0.00795024
0.0955561
0.0125786
0.0916278
0.085964
0.078827
0.0184765
0.0705435
0.0255952
0.0614912
0.0426998
0.0337589
0.0337589
0.0426998
0.0125786
0.052073
1.32993e-33
1.32993e-33
5.90863e-34
0.00195568
0.00195568
5.90863e-34
0.00439122
0.00771949
0.00439122
0.00771949
0.0177352
0.0121378
0.0177352
0.0121378
0.0320251
0.0244208
0.0320251
0.0244208
0.0487924
0.0402596
0.0572413
0.0652167
0.0487924
0.0402596
0.0723459
0.0782801
0.0572413
0.0652167
0.0827427
0.0855048
0.0782801
0.0723459
0.0864456
0.0855048
0.0827427
0.0599166
0.00191215
0.0659436
0.00191215
0.0707547
0.0741058
0.00428006
0.0758252
0.0758252
0.0169578
0.0232109
0.00747018
0.0741058
0.0377769
0.0707547
0.0116825
0.0659436
0.0599166
0.0169578
0.0529791
0.0454764
0.0232109
0.0302429
0.0302429
0.0377769
0.0116825
0.00747018
0.0454764
0.00428006
0.0529791
1.2814e-33
1.2814e-33
5.69028e-34
0.00186583
5.69028e-34
0.00186583
0.00720874
0.00414842
0.00414842
0.00720874
0.0111955
0.0161532
0.0111955
0.0161532
0.0284271
0.0219606
0.0219606
0.0284271
0.0352638
0.0421498
0.0487372
0.0546812
0.0421498
0.0352638
0.0596741
0.0634405
0.0546812
0.0487372
0.0665824
0.0657897
0.0634405
0.0596741
0.0657897
0.00181527
0.0495487
0.0535736
0.0563903
0.00402111
0.0578399
0.00693205
0.0578399
0.0563903
0.00693205
0.0535736
0.0106992
0.0495487
0.0445431
0.0388358
0.0153233
0.0327423
0.0206905
0.0265883
0.0206905
0.0153233
0.0265883
0.0106992
0.0327423
0.00402111
0.00181527
0.0388358
0.0445431
1.22268e-33
1.22268e-33
5.43174e-34
0.00176228
0.00176228
5.43174e-34
0.00664625
0.00387521
0.00387521
0.00664625
0.0144768
0.0101785
0.0101785
0.0144768
0.0247412
0.0193986
0.0247412
0.0193986
0.0355581
0.0302274
0.0445543
0.0404306
0.0302274
0.0355581
0.0476937
0.0496507
0.0445543
0.0404306
0.0503209
0.0476937
0.0496507
0.0420646
0.00373459
0.0432679
0.00170571
0.0432679
0.0420646
0.00634882
0.0397339
0.00965374
0.0136164
0.0181028
0.0364232
0.0323397
0.0277379
0.0136164
0.022897
0.0181028
0.00965374
0.022897
0.00634882
0.0277379
0.00373459
0.0323397
0.0364232
0.00170571
0.0397339
1.15498e-33
1.15498e-33
5.13755e-34
0.0016471
0.0016471
5.13755e-34
0.00604545
0.0035776
0.0035776
0.00604545
0.00911242
0.0127503
0.00911242
0.0127503
0.016804
0.0210694
0.0210694
0.016804
0.0292024
0.025291
0.0325545
0.0351182
0.025291
0.0292024
0.0367331
0.0372793
0.0351182
0.0325545
0.0367331
0.00342669
0.0317213
0.0307385
0.00573421
0.0288428
0.0261679
0.00857236
0.0229018
0.0192698
0.0118818
0.0155172
0.0118818
0.0155172
0.00857236
0.00573421
0.0192698
0.00342669
0.00158563
0.0229018
0.0261679
0.00158563
0.0288428
0.0307385
0.0317213
1.07967e-33
1.07967e-33
4.81263e-34
0.00152254
0.00152254
4.81263e-34
0.00542023
0.00326191
0.00326191
0.00542023
0.00802363
0.0110182
0.00802363
0.0110182
0.0142458
0.0175105
0.0142458
0.0175105
0.0205886
0.0232548
0.0266197
0.0253198
0.0232548
0.0205886
0.0266197
0.0270683
0.0253198
0.0219976
0.0204827
0.00510218
0.0183624
0.00748129
0.0158027
0.00510218
0.0130012
0.0101633
0.0101633
0.00748129
0.0130012
0.00310381
0.00145731
0.0158027
0.0183624
0.00145731
0.0204827
0.0227865
0.0219976
0.0227865
0.00310381
9.98199e-34
9.98199e-34
0.00139088
4.46204e-34
0.00139088
4.46204e-34
0.00478453
0.00293454
0.00293454
0.00478453
0.00932351
0.00693805
0.00932351
0.00693805
0.0117892
0.0141565
0.0117892
0.0141565
0.0178661
0.0162413
0.0192556
0.0189036
0.0162413
0.0189036
0.0178661
0.00446648
0.0125823
0.00640594
0.0106174
0.00850282
0.00640594
0.00850282
0.00446648
0.0106174
0.00277233
0.00132302
0.0125823
0.0142318
0.00132302
0.0154207
0.0154207
0.0160433
0.00277233
0.0160433
0.0142318
9.12066e-34
9.12066e-34
4.09082e-34
0.00125437
0.00125437
4.09082e-34
0.00415174
0.00260171
0.00260171
0.00415174
0.0077063
0.00588022
0.00588022
0.0077063
0.00949308
0.0110878
0.0110878
0.00949308
0.0123507
0.0131562
0.0134371
0.0131562
0.0123507
0.00536974
0.00536974
0.00384002
0.00693793
0.0024383
0.00118496
0.00842035
0.00968141
0.00118496
0.00693793
0.00842035
0.0105995
0.0110829
0.0110829
0.0024383
0.0105995
0.00968141
0.00384002
8.22738e-34
8.22738e-34
3.70372e-34
0.00111515
0.00111515
3.70372e-34
0.00353419
0.00226923
0.00353419
0.00226923
0.00620133
0.00487214
0.00620133
0.00487214
0.00836804
0.00740694
0.00740694
0.00836804
0.00899206
0.00920447
0.00899206
0.00210728
0.00104518
0.00550007
0.00645341
0.00104518
0.00715372
0.00323434
0.0075247
0.0075247
0.00550007
0.00210728
0.00715372
0.00645341
0.00323434
0.00439305
0.00439305
7.31609e-34
7.31609e-34
3.30506e-34
0.000975149
0.000975149
3.30506e-34
0.00194226
0.0029425
0.00194226
0.0029425
0.00483619
0.00393215
0.00483619
0.00393215
0.00603975
0.00556721
0.00556721
0.00620658
0.00603975
0.00421248
0.00474539
0.000905468
0.000905468
0.00502888
0.00502888
0.00178401
0.00474539
0.00421248
0.00349199
0.00265903
0.00265903
0.00349199
0.00178401
6.39934e-34
6.39934e-34
2.89855e-34
0.000836
2.89855e-34
0.000836
0.00162503
0.00238508
0.00162503
0.00238508
0.00362926
0.00307381
0.00362926
0.00307381
0.00411847
0.00399405
0.00399405
0.000767282
0.00330703
0.00330703
0.0030881
0.00147222
0.00267731
0.00212116
0.00212116
0.00147222
0.000767282
0.00267731
0.0030881
5.48784e-34
5.48784e-34
2.48719e-34
0.000698986
0.000698986
2.48719e-34
0.00186756
0.00132064
0.00132064
0.00186756
0.00230467
0.00258749
0.00230467
0.00258749
0.00268776
0.00195322
0.00117444
0.00162475
0.00117444
0.000631706
0.00162475
0.00195322
0.000631706
0.00212739
0.00212739
4.58995e-34
4.58995e-34
2.07319e-34
0.000564979
0.000564979
2.07319e-34
0.00139223
0.00103089
0.00103089
0.00139223
0.00162519
0.00162519
0.00170436
0.000891765
0.000891765
0.000499389
0.00117025
0.00131623
0.000499389
0.00131623
0.00117025
3.71137e-34
3.71137e-34
1.65799e-34
0.000434404
1.65799e-34
0.000434404
0.000756079
0.000957623
0.000756079
0.000957623
0.00102762
0.000754108
0.000370528
0.000754108
0.000623752
0.000370528
0.000623752
2.85486e-34
2.85486e-34
0.000307229
1.24238e-34
0.000307229
1.24238e-34
0.0004949
0.0004949
0.000557991
0.000244865
0.00036832
0.000244865
0.00036832
2.0202e-34
2.0202e-34
8.26658e-35
0.000182976
0.000182976
8.26658e-35
0.000244391
0.000121715
0.000121715
1.20427e-34
1.20427e-34
4.1096e-35
4.1096e-35
6.07548e-05
9.55121e-38
4.01212e-35
4.01212e-35
