1.52538e-37
5.41185e-35
5.41185e-35
5.57217e-35
1.62225e-34
8.20929e-05
0.000164403
5.57217e-35
1.62225e-34
0.000164403
1.12238e-34
0.00033035
2.71722e-34
0.000247045
0.000329786
0.000496499
0.000496499
0.000247045
0.00033035
2.71722e-34
1.12238e-34
1.68823e-34
0.000499007
3.83231e-34
0.000414186
0.000837753
0.00101083
0.000665927
0.000750383
1.68823e-34
0.000499007
0.000665927
0.00101083
0.000837753
0.000414186
3.83231e-34
2.25475e-34
0.000584469
0.000671092
4.97068e-34
0.00101315
0.00119204
0.00155615
0.00127885
0.00174492
0.00137018
0.00174492
0.00127885
0.000584469
4.97068e-34
0.000671092
2.25475e-34
0.00119204
0.00101315
0.00155615
2.82151e-34
6.13205e-34
0.000758373
0.000846827
0.0013745
0.00156146
0.00214059
0.00184302
0.000846827
6.13205e-34
0.000758373
2.82151e-34
0.002772
0.00224085
0.00255491
0.00214021
0.00214021
0.00214059
0.00255491
0.0013745
0.002772
0.00184302
0.00156146
3.38733e-34
0.0010259
7.31261e-34
0.000935854
0.0017512
0.0019463
0.00276761
0.00244864
0.00334064
0.00299325
0.00345309
0.00395012
7.31261e-34
0.0010259
0.000935854
3.38733e-34
0.0017512
0.00276761
0.0019463
0.00244864
0.00346235
0.00421218
0.00334064
0.00421218
0.00345309
0.00395012
0.00299325
3.95007e-34
0.00120746
8.50508e-34
0.00111633
0.00214271
0.00234513
0.0034364
0.00309698
0.00529327
0.00460053
0.00393693
0.00444263
0.00503017
0.00591304
0.00624001
0.00517631
3.95007e-34
0.00120746
8.50508e-34
0.00111633
0.00214271
0.00234513
0.0034364
0.00309698
0.00591304
0.00529327
0.00444263
0.00624001
0.00393693
0.00503017
0.00460053
4.50651e-34
0.00139013
9.69895e-34
0.00129868
0.00254685
0.00275496
0.00414234
0.00378526
0.00551871
0.00680042
0.00602673
0.00497034
0.0068667
0.00788514
0.00867322
0.00740483
0.00129868
4.50651e-34
0.00139013
9.69895e-34
0.00759341
0.00908816
0.00908816
0.00740483
0.00275496
0.00414234
0.00254685
0.00378526
0.00602673
0.00788514
0.00867322
0.00551871
0.00497034
0.0068667
0.00680042
5.05239e-34
0.00157209
1.08809e-33
0.0014813
0.00450711
0.00295991
0.00317137
0.00487748
0.00666958
0.00845762
0.00761147
0.00608509
0.00897099
0.0101168
0.0115109
0.0100425
0.0107327
0.0125181
0.0130461
0.0109674
1.08809e-33
0.0014813
5.05239e-34
0.00157209
0.00487748
0.00317137
0.00450711
0.00295991
0.0130461
0.0125181
0.0107327
0.0100425
0.00761147
0.00608509
0.00666958
0.00845762
0.0101168
0.0115109
0.00897099
5.5825e-34
0.00175111
1.20354e-33
0.00166214
0.00337693
0.00563113
0.00525313
0.00358883
0.00166214
0.00175111
1.20354e-33
5.5825e-34
0.00787777
0.0102401
0.00933513
0.00726648
0.0113216
0.0147221
0.0130725
0.0125777
0.0153204
0.016507
0.0177865
0.0144475
0.0184545
0.0156237
0.0153204
0.0184545
0.00358883
0.00563113
0.00525313
0.00337693
0.0102401
0.00787777
0.00933513
0.00726648
0.0177865
0.016507
0.0125777
0.0144475
0.0147221
0.0113216
0.0130725
6.09085e-34
0.00192467
1.31453e-33
0.00183882
0.00379189
0.00400085
0.00639042
0.00601146
0.00183882
0.00192467
1.31453e-33
6.09085e-34
0.0091213
0.0121146
0.0111684
0.00849464
0.00400085
0.00601146
0.00639042
0.00379189
0.0138803
0.0152223
0.0164509
0.0182508
0.0204338
0.0209936
0.0232522
0.0186947
0.0256952
0.0219151
0.0248599
0.0215401
0.0215401
0.0256952
0.0248599
0.0204338
0.00849464
0.0121146
0.0091213
0.0111684
0.0232522
0.0164509
0.0182508
0.0152223
0.0138803
0.0186947
0.0209936
6.57084e-34
0.00200871
0.00209004
1.41923e-33
0.004198
0.00440036
0.00714096
0.0067684
0.0103748
0.0140413
0.0130745
0.00974581
0.00200871
0.00209004
1.41923e-33
6.57084e-34
0.00714096
0.00440036
0.0067684
0.004198
0.0165954
0.0179937
0.0220216
0.0201112
0.0103748
0.0130745
0.00974581
0.0140413
0.0233968
0.0258857
0.0293394
0.0262259
0.0284077
0.0297783
0.0321563
0.0341472
0.0351778
0.0297783
0.0302504
0.0351778
0.0284077
0.0321563
0.0341472
0.0262259
0.0179937
0.0258857
0.0201112
0.0165954
0.0293394
0.0233968
0.0220216
7.01562e-34
1.51581e-33
0.00216901
0.00224442
0.00458799
0.00477993
0.00786745
0.00750901
0.0116109
0.0159758
0.0150109
0.0109935
0.00216901
0.00224442
1.51581e-33
7.01562e-34
0.0194052
0.0208262
0.0259445
0.0239702
0.00786745
0.00477993
0.00750901
0.00458799
0.0150109
0.0159758
0.0116109
0.0109935
0.0310676
0.0284489
0.035908
0.0325733
0.0208262
0.0194052
0.0239702
0.0259445
0.0387767
0.0360925
0.0436414
0.0401845
0.0404642
0.0460703
0.0410348
0.0473229
0.0473229
0.0387767
0.0404642
0.0460703
0.0360925
0.0325733
0.0284489
0.0401845
0.0310676
0.035908
0.0436414
7.41825e-34
0.002385
1.60247e-33
0.0023169
0.00495438
0.00513207
0.00855428
0.00821775
0.012801
0.0178714
0.0122095
0.016932
0.0222414
0.0236492
0.02992
0.0279325
0.0023169
0.002385
1.60247e-33
7.41825e-34
0.00513207
0.00855428
0.00821775
0.00495438
0.042791
0.0364069
0.0337262
0.0393214
0.0178714
0.012801
0.016932
0.0122095
0.0279325
0.0222414
0.0236492
0.02992
0.0539495
0.0487096
0.0444132
0.0487443
0.0337262
0.042791
0.0364069
0.0393214
0.0540055
0.0519732
0.061044
0.0581256
0.0625447
0.0547006
0.0540055
0.0625447
0.0487096
0.0539495
0.0487443
0.0519732
0.061044
0.0581256
0.0444132
7.77205e-34
0.00250911
1.67754e-33
0.00244964
0.0052898
0.00544954
0.00918612
0.00887908
0.0139169
0.0133655
0.0196808
0.0187906
0.0250317
0.02639
0.0338433
0.0318953
7.77205e-34
1.67754e-33
0.00244964
0.00250911
0.0462933
0.0390904
0.0417611
0.049804
0.0052898
0.00544954
0.00918612
0.00887908
0.0196808
0.0139169
0.0187906
0.0133655
0.057607
0.0647994
0.0593248
0.0531538
0.0318953
0.0338433
0.0250317
0.02639
0.0390904
0.0417611
0.0462933
0.049804
0.0710333
0.0760015
0.0644964
0.0683918
0.0647994
0.057607
0.0531538
0.0593248
0.0716377
0.0708189
0.0812307
0.0794582
0.0710333
0.0812307
0.0760015
0.0794582
0.0683918
0.0708189
0.0644964
8.07086e-34
0.0026143
1.73952e-33
0.00256465
0.00558722
0.0057256
0.00974847
0.00947801
0.0144335
0.0149314
0.0213578
0.0205395
0.0277035
0.0289763
0.0376086
0.0357528
0.00256465
0.0026143
1.73952e-33
8.07086e-34
0.053299
0.0443964
0.0469835
0.056753
0.00558722
0.00947801
0.00974847
0.0057256
0.0758908
0.0703344
0.0665268
0.0620758
0.0149314
0.0213578
0.0205395
0.0144335
0.0357528
0.0376086
0.0289763
0.0277035
0.084439
0.0917914
0.0838193
0.077699
0.056753
0.0443964
0.0469835
0.053299
0.0758908
0.0665268
0.0620758
0.0703344
0.0912592
0.0884159
0.0976187
0.101657
0.0838193
0.077699
0.0917914
0.084439
0.103723
0.092227
0.0912592
0.0884159
0.101657
0.0976187
0.103723
8.30926e-34
0.00269843
1.78713e-33
0.00265961
0.00584023
0.00595422
0.0102282
0.0100007
0.00265961
0.00269843
1.78713e-33
8.30926e-34
0.0153872
0.0158191
0.022859
0.022134
0.0301858
0.0313391
0.041113
0.0394004
0.063443
0.0601429
0.0494976
0.0519292
0.0100007
0.00584023
0.0102282
0.00595422
0.0752511
0.081429
0.0869086
0.0709287
0.0153872
0.022859
0.022134
0.0158191
0.0998599
0.097962
0.107967
0.0912114
0.041113
0.0313391
0.0394004
0.0301858
0.063443
0.0519292
0.0494976
0.0601429
0.11235
0.116519
0.123263
0.107012
0.0869086
0.0752511
0.0709287
0.081429
0.107967
0.0998599
0.0912114
0.097962
0.115654
0.116766
0.130301
0.127922
0.11235
0.107012
0.116519
0.123263
0.130301
0.115654
0.127922
8.4828e-34
0.00275975
1.81937e-33
0.00273259
0.00604326
0.00613033
0.0106138
0.0104347
0.0162029
0.016558
0.0241453
0.0235325
0.00273259
0.00275975
1.81937e-33
8.4828e-34
0.0104347
0.0106138
0.00604326
0.00613033
0.0324121
0.0334148
0.0442603
0.0427379
0.0564599
0.0696845
0.0666319
0.0542518
0.0835305
0.0922908
0.0975357
0.0794606
0.0162029
0.0235325
0.0241453
0.016558
0.111212
0.124062
0.116054
0.104646
0.0324121
0.0427379
0.0334148
0.0442603
0.135613
0.14543
0.126079
0.134317
0.0666319
0.0696845
0.0564599
0.0542518
0.0835305
0.0922908
0.0794606
0.0975357
0.144229
0.153142
0.158453
0.140452
0.116054
0.111212
0.124062
0.104646
0.126079
0.14543
0.134317
0.135613
0.14551
0.140452
0.161161
0.161161
0.144229
0.153142
0.158453
8.58817e-34
0.00279699
1.83558e-33
0.00278204
0.00619178
0.00624997
0.0108961
0.0107697
0.01686
0.0171293
0.0251828
0.0246983
0.0343222
0.0456734
0.0351473
0.0469634
0.00278204
0.00279699
1.83558e-33
8.58817e-34
0.00624997
0.0107697
0.0108961
0.00619178
0.0246983
0.0251828
0.0171293
0.01686
0.0604484
0.0752998
0.0725816
0.0585258
0.102606
0.107464
0.0874266
0.0911273
0.139605
0.131931
0.123802
0.117613
0.0456734
0.0343222
0.0469634
0.0351473
0.14506
0.154343
0.16751
0.156522
0.0585258
0.0604484
0.0725816
0.0752998
0.165909
0.187367
0.172867
0.178648
0.107464
0.0911273
0.102606
0.0874266
0.139605
0.123802
0.131931
0.117613
0.196407
0.177154
0.193357
0.178595
0.14506
0.154343
0.156522
0.16751
0.172867
0.165909
0.196407
0.193357
0.178648
0.177154
0.187367
8.62336e-34
0.00280934
1.8354e-33
0.00280693
0.00628241
0.00631041
0.0110682
0.0109976
0.0173417
0.0175184
0.0259441
0.0256007
0.00280693
0.00280934
1.8354e-33
8.62336e-34
0.0358646
0.0491476
0.0481257
0.0364895
0.0637825
0.0801294
0.0778229
0.0621996
0.0109976
0.0110682
0.00631041
0.00628241
0.0256007
0.0259441
0.0175184
0.0173417
0.0358646
0.0364895
0.0481257
0.0491476
0.112076
0.094598
0.116407
0.0978229
0.154139
0.147026
0.135366
0.129733
0.163399
0.172156
0.18885
0.178312
0.0778229
0.0621996
0.0637825
0.0801294
0.203687
0.201842
0.216188
0.191276
0.094598
0.112076
0.116407
0.0978229
0.214463
0.225943
0.232632
0.209665
0.147026
0.154139
0.135366
0.129733
0.18885
0.172156
0.178312
0.163399
0.236032
0.216086
0.214463
0.236032
0.203687
0.191276
0.232632
0.216188
0.201842
0.209665
0.225943
8.58767e-34
0.00279654
1.81885e-33
0.00280673
0.00631309
0.00631028
0.011126
0.0111129
0.0176359
0.0177155
0.0264091
0.0262159
0.0369972
0.0374052
0.0507525
0.0500269
0.00280673
0.00279654
1.81885e-33
8.58767e-34
0.00631028
0.0111129
0.011126
0.00631309
0.0663687
0.0840357
0.0822066
0.0651697
0.103425
0.124104
0.120427
0.100769
0.0177155
0.0176359
0.0262159
0.0264091
0.0500269
0.0369972
0.0507525
0.0374052
0.0663687
0.0651697
0.0840357
0.0822066
0.160894
0.167239
0.145565
0.140654
0.180554
0.188527
0.208818
0.199043
0.227515
0.2158
0.24406
0.230295
0.100769
0.120427
0.103425
0.124104
0.268762
0.25795
0.250776
0.242083
0.140654
0.145565
0.167239
0.160894
0.256112
0.276161
0.279918
0.257904
0.208818
0.199043
0.180554
0.188527
0.2158
0.227515
0.230295
0.24406
0.256112
0.250776
0.279918
0.276161
0.242083
0.25795
0.268762
8.48183e-34
0.00275887
1.78626e-33
0.00278144
0.00628313
0.00624959
0.011068
0.0111127
0.0265276
0.0177349
0.0177154
0.0265654
0.00278144
0.00275887
1.78626e-33
8.48183e-34
0.0376893
0.0378693
0.0517335
0.0513244
0.0681342
0.0869079
0.085608
0.0673529
0.00624959
0.0111127
0.011068
0.00628313
0.0265276
0.0265654
0.0177349
0.0177154
0.107774
0.130334
0.127416
0.105761
0.154104
0.17313
0.150057
0.178521
0.0513244
0.0517335
0.0378693
0.0376893
0.085608
0.0673529
0.0681342
0.0869079
0.130334
0.107774
0.105761
0.127416
0.196019
0.218101
0.226824
0.202975
0.238753
0.249424
0.270152
0.257378
0.286452
0.303716
0.273439
0.288423
0.150057
0.17313
0.178521
0.154104
0.296042
0.301907
0.315593
0.323708
0.196019
0.226824
0.218101
0.202975
0.327825
0.327825
0.303888
0.301907
0.249424
0.270152
0.238753
0.257378
0.323708
0.315593
0.288423
0.273439
0.303716
0.296042
0.286452
8.30789e-34
0.00269714
1.73834e-33
0.0027316
0.00619319
0.00612972
0.0108957
0.0109972
0.026409
0.0265276
0.0176363
0.0175182
0.0379222
0.0378693
0.0520635
0.0519822
0.0027316
0.00269714
1.73834e-33
8.30789e-34
0.00612972
0.0109972
0.0108957
0.00619319
0.0690295
0.0886645
0.0879307
0.0686878
0.110743
0.134916
0.132841
0.109433
0.0265276
0.026409
0.0175182
0.0176363
0.0519822
0.0379222
0.0520635
0.0378693
0.160734
0.187656
0.157669
0.183376
0.209341
0.234922
0.242336
0.215074
0.0690295
0.0686878
0.0886645
0.0879307
0.109433
0.132841
0.134916
0.110743
0.157669
0.183376
0.187656
0.160734
0.259454
0.282285
0.268766
0.293687
0.302798
0.336449
0.31645
0.320423
0.353145
0.334679
0.366085
0.345154
0.209341
0.234922
0.215074
0.242336
0.379392
0.351566
0.353718
0.374915
0.259454
0.268766
0.293687
0.282285
0.351566
0.379392
0.374915
0.345154
0.320423
0.31645
0.302798
0.336449
0.353145
0.334679
0.366085
8.06919e-34
0.00261264
1.67609e-33
0.00265828
0.00604533
0.00595339
0.0106133
0.010769
0.017129
0.0259439
0.0262157
0.0173426
0.00265828
0.00261264
1.67609e-33
8.06919e-34
0.0376895
0.0374051
0.0517335
0.0519822
0.0690295
0.0892556
0.0691369
0.0891088
0.00595339
0.010769
0.0106133
0.00604533
0.0262157
0.0259439
0.0173426
0.017129
0.11225
0.13772
0.136548
0.111679
0.191332
0.165264
0.194376
0.163268
0.0374051
0.0376895
0.0517335
0.0519822
0.0691369
0.0891088
0.0892556
0.0690295
0.220128
0.224472
0.249012
0.254899
0.277291
0.284968
0.313968
0.304275
0.11225
0.13772
0.111679
0.136548
0.194376
0.165264
0.163268
0.191332
0.254899
0.220128
0.249012
0.224472
0.329284
0.351672
0.341198
0.365981
0.405779
0.387693
0.386344
0.370865
0.404652
0.419772
0.429309
0.397713
0.277291
0.313968
0.284968
0.304275
0.404652
0.434141
0.406992
0.434141
0.365981
0.351672
0.329284
0.341198
0.397713
0.405779
0.387693
0.419772
0.429309
0.370865
0.386344
7.77021e-34
0.00250713
1.60078e-33
0.002563
0.00584289
0.0104337
0.00572457
0.0102275
0.0165576
0.0251825
0.0256004
0.0168613
0.002563
0.00250713
1.60078e-33
7.77021e-34
0.0369975
0.0364894
0.0507524
0.0513243
0.00572457
0.0104337
0.0102275
0.00584289
0.0681342
0.0686877
0.0886645
0.0891088
0.11225
0.138663
0.138428
0.112434
0.0168613
0.0256004
0.0251825
0.0165576
0.0364894
0.0513243
0.0369975
0.0507524
0.196769
0.167562
0.198488
0.166694
0.230893
0.228066
0.264144
0.259956
0.0686877
0.0886645
0.0891088
0.0681342
0.138428
0.138663
0.11225
0.112434
0.291738
0.330396
0.322697
0.297553
0.391435
0.35211
0.361933
0.379269
0.198488
0.167562
0.166694
0.196769
0.228066
0.259956
0.264144
0.230893
0.291738
0.297553
0.322697
0.330396
0.424243
0.403516
0.418205
0.441599
0.461047
0.476072
0.453175
0.440941
0.491481
0.463156
0.486302
0.460649
0.379269
0.361933
0.35211
0.391435
0.491481
0.460649
0.486302
0.453175
0.476072
0.424243
0.461047
0.403516
0.440941
0.418205
0.441599
7.4164e-34
0.00238276
1.51393e-33
0.00244774
0.00244774
0.00238276
1.51393e-33
7.4164e-34
0.00559038
0.00974767
0.00999952
0.00544835
0.0158186
0.024145
0.0246978
0.0162046
0.0358651
0.0351471
0.0491476
0.0500268
0.00999952
0.00974767
0.00559038
0.00544835
0.0673527
0.0663687
0.086908
0.0879308
0.0246978
0.024145
0.0158186
0.0162046
0.110743
0.13772
0.138428
0.111678
0.167562
0.199872
0.199527
0.167847
0.0351471
0.0500268
0.0358651
0.0491476
0.0663687
0.086908
0.0673527
0.0879308
0.232922
0.234151
0.269801
0.267434
0.302369
0.306154
0.337009
0.342487
0.13772
0.110743
0.111678
0.138428
0.167562
0.167847
0.199527
0.199872
0.3706
0.378043
0.412056
0.402391
0.43166
0.472475
0.443772
0.457716
0.232922
0.267434
0.234151
0.269801
0.302369
0.342487
0.306154
0.337009
0.3706
0.412056
0.402391
0.378043
0.518277
0.497827
0.479953
0.497505
0.545207
0.534305
0.510921
0.518899
0.518899
0.521587
0.550723
0.550723
0.43166
0.457716
0.472475
0.443772
0.545207
0.497827
0.510921
0.534305
0.497505
0.518277
0.479953
7.01396e-34
0.00224199
1.41721e-33
0.00231479
0.00529338
0.00513075
0.00918522
0.0094767
0.00231479
0.00224199
1.41721e-33
7.01396e-34
0.0094767
0.00918522
0.00529338
0.00513075
0.0149307
0.0228586
0.0235319
0.0153893
0.0343229
0.0334146
0.0469634
0.0481256
0.0651694
0.0637826
0.0840359
0.0856082
0.0153893
0.0149307
0.0235319
0.0228586
0.107774
0.134917
0.136548
0.109432
0.0481256
0.0469634
0.0343229
0.0334146
0.165264
0.198488
0.199527
0.166693
0.234557
0.271705
0.271229
0.234151
0.0651694
0.0840359
0.0637826
0.0856082
0.134917
0.136548
0.107774
0.109432
0.310519
0.349886
0.308875
0.34679
0.384209
0.389053
0.427234
0.420357
0.198488
0.166693
0.199527
0.165264
0.234151
0.271229
0.234557
0.271705
0.45446
0.463638
0.497491
0.485766
0.537269
0.554662
0.513583
0.528058
0.34679
0.308875
0.310519
0.349886
0.389053
0.384209
0.427234
0.420357
0.45446
0.497491
0.485766
0.463638
0.5937
0.576709
0.556294
0.570202
0.58153
0.578686
0.605249
0.61109
0.578686
0.61109
0.570202
0.605249
0.513583
0.556294
0.554662
0.528058
0.576709
0.5937
0.537269
6.5696e-34
0.00216676
0.0020875
1.31242e-33
0.00495826
0.00477853
0.00855331
0.00887763
0.0139162
0.0213573
0.0221333
0.0144358
0.00216676
0.0020875
1.31242e-33
6.5696e-34
0.00477853
0.00887763
0.00855331
0.00495826
0.0221333
0.0213573
0.0139162
0.0144358
0.0324128
0.0313388
0.0442602
0.0456733
0.0621992
0.0604484
0.0801296
0.0822068
0.10576
0.103426
0.130334
0.132842
0.0313388
0.0456733
0.0324128
0.0442602
0.160735
0.194377
0.196769
0.163267
0.0621992
0.0801296
0.0822068
0.0604484
0.271229
0.232922
0.230893
0.269801
0.352377
0.311065
0.310519
0.351753
0.103426
0.10576
0.132842
0.130334
0.163267
0.196769
0.194377
0.160735
0.392537
0.436522
0.432636
0.39464
0.471243
0.515906
0.477216
0.507562
0.271229
0.232922
0.230893
0.269801
0.352377
0.310519
0.351753
0.311065
0.584143
0.570325
0.551799
0.540831
0.612249
0.595412
0.615523
0.63551
0.392537
0.436522
0.432636
0.39464
0.471243
0.515906
0.477216
0.507562
0.570325
0.540831
0.584143
0.551799
0.630228
0.665583
0.639177
0.653419
0.671733
0.671733
0.64219
0.639177
0.630228
0.63551
0.653419
0.665583
0.612249
0.615523
0.595412
6.09025e-34
1.20141e-33
0.00200639
0.00192209
0.00459205
0.00439892
0.00786643
0.0082162
0.0128003
0.0196803
0.0205388
0.013368
0.00200639
0.00192209
1.20141e-33
6.09025e-34
0.0301867
0.028976
0.0411129
0.0427378
0.00439892
0.0082162
0.00786643
0.00459205
0.013368
0.0128003
0.0205388
0.0196803
0.028976
0.0427378
0.0411129
0.0301867
0.0585254
0.05646
0.0753001
0.0778232
0.0978233
0.124105
0.127416
0.100767
0.154105
0.187656
0.191333
0.157667
0.0585254
0.0778232
0.0753001
0.05646
0.228064
0.264144
0.267435
0.224472
0.124105
0.127416
0.0978233
0.100767
0.306155
0.349886
0.308874
0.351753
0.439649
0.39534
0.39464
0.438866
0.187656
0.154105
0.157667
0.191333
0.267435
0.228064
0.264144
0.224472
0.52246
0.481514
0.484106
0.527176
0.568026
0.596012
0.560889
0.605845
0.306155
0.349886
0.308874
0.351753
0.439649
0.39464
0.39534
0.438866
0.669387
0.653508
0.639866
0.627108
0.693793
0.674665
0.690106
0.712567
0.481514
0.527176
0.52246
0.484106
0.605845
0.596012
0.560889
0.568026
0.627108
0.653508
0.639866
0.669387
0.702668
0.699515
0.725311
0.731751
0.731751
0.699515
0.690106
0.712567
0.725311
0.693793
0.674665
5.58282e-34
0.00174857
1.08599e-33
0.00183651
0.00183651
0.00174857
1.08599e-33
5.58282e-34
0.00420212
0.00399941
0.00713992
0.00750741
0.0116101
0.0178709
0.0187898
0.0122121
0.0277044
0.0263897
0.0376085
0.0394003
0.00750741
0.00713992
0.00420212
0.00399941
0.0542513
0.0519293
0.0696847
0.072582
0.0187898
0.0116101
0.0178709
0.0122121
0.0376085
0.0263897
0.0394003
0.0277044
0.0542513
0.072582
0.0696847
0.0519293
0.0945965
0.0911277
0.116407
0.120428
0.145566
0.178522
0.183377
0.150055
0.220126
0.259956
0.215075
0.254899
0.116407
0.120428
0.0911277
0.0945965
0.297554
0.346791
0.302368
0.342487
0.145566
0.150055
0.183377
0.178522
0.436523
0.438867
0.392536
0.389053
0.53002
0.484971
0.53097
0.484106
0.259956
0.220126
0.215075
0.254899
0.346791
0.302368
0.297554
0.342487
0.576261
0.619128
0.613569
0.573164
0.658743
0.683027
0.694328
0.650441
0.389053
0.392536
0.438867
0.436523
0.53097
0.484106
0.484971
0.53002
0.750639
0.725168
0.732794
0.710674
0.748943
0.758763
0.783502
0.770219
0.573164
0.576261
0.613569
0.619128
0.650441
0.658743
0.694328
0.683027
0.725168
0.750639
0.710674
0.732794
0.762066
0.790214
0.790214
0.758763
0.770219
0.783502
0.748943
5.05388e-34
0.00156967
9.6787e-34
0.0016599
5.05388e-34
0.0016599
0.00156967
9.6787e-34
0.00379594
0.00358743
0.0063894
0.00676681
0.00676681
0.0063894
0.00379594
0.00358743
0.0109961
0.010374
0.0159752
0.0169312
0.0250327
0.0236489
0.0338432
0.0357527
0.049497
0.0469836
0.0634433
0.0666323
0.0169312
0.0159752
0.010374
0.0109961
0.0874249
0.083531
0.107465
0.112077
0.0236489
0.0357527
0.0338432
0.0250327
0.049497
0.0666323
0.0634433
0.0469836
0.083531
0.0874249
0.112077
0.107465
0.135366
0.16724
0.173131
0.140652
0.209338
0.242337
0.202976
0.249013
0.33701
0.291735
0.284968
0.330397
0.135366
0.16724
0.173131
0.140652
0.432636
0.378044
0.384207
0.427234
0.202976
0.249013
0.242337
0.209338
0.527176
0.53002
0.477216
0.481513
0.576261
0.622479
0.623599
0.577296
0.33701
0.330397
0.284968
0.291735
0.384207
0.432636
0.378044
0.427234
0.709593
0.664722
0.668323
0.703204
0.746615
0.778669
0.765968
0.737183
0.527176
0.481513
0.477216
0.53002
0.577296
0.622479
0.576261
0.623599
0.788997
0.805782
0.825439
0.80512
0.816002
0.819425
0.839219
0.846179
0.668323
0.664722
0.703204
0.709593
0.778669
0.737183
0.765968
0.746615
0.846179
0.788997
0.839219
0.816002
0.805782
0.825439
0.80512
0.0014792
0.00138791
8.48611e-34
4.50943e-34
4.50943e-34
0.00138791
8.48611e-34
0.0014792
0.00338079
0.00317007
0.00563015
0.00600992
0.00338079
0.00317007
0.00600992
0.00563015
0.00912054
0.0140408
0.0150101
0.00974841
0.0150101
0.0140408
0.00912054
0.00974841
0.0222423
0.0208259
0.02992
0.0318952
0.0443958
0.0417612
0.0567533
0.0601434
0.0794587
0.0752516
0.0975363
0.102607
0.02992
0.0208259
0.0318952
0.0222423
0.12973
0.123803
0.15414
0.160895
0.0417612
0.0443958
0.0601434
0.0567533
0.0975363
0.0794587
0.102607
0.0752516
0.12973
0.160895
0.15414
0.123803
0.234924
0.196016
0.188528
0.226824
0.322698
0.277288
0.313969
0.268767
0.420358
0.361934
0.412056
0.370597
0.234924
0.226824
0.196016
0.188528
0.52246
0.463639
0.515906
0.471241
0.322698
0.268767
0.277288
0.313969
0.568026
0.619128
0.573163
0.622479
0.713444
0.714731
0.669529
0.668323
0.420358
0.412056
0.361934
0.370597
0.463639
0.471241
0.52246
0.515906
0.757499
0.795825
0.788645
0.753408
0.828976
0.842324
0.856314
0.818484
0.573163
0.619128
0.622479
0.568026
0.668323
0.669529
0.713444
0.714731
0.859709
0.877303
0.891532
0.870273
0.870273
0.873826
0.898717
0.898717
0.788645
0.753408
0.795825
0.757499
0.828976
0.856314
0.842324
0.891532
0.877303
0.818484
0.859709
0.00129678
0.0012055
7.29531e-34
3.95464e-34
0.00525168
0.00487659
0.00296346
0.00275378
3.95464e-34
0.0012055
7.29531e-34
0.00129678
0.00296346
0.00275378
0.00487659
0.00525168
0.00787706
0.0121141
0.0130736
0.00849713
0.0121141
0.00787706
0.00849713
0.0130736
0.0194062
0.0179934
0.0259445
0.0279324
0.0179934
0.0279324
0.0259445
0.0194062
0.0390899
0.036407
0.0498043
0.0532995
0.0709268
0.0665273
0.0869093
0.0922919
0.111212
0.139606
0.147027
0.11761
0.036407
0.0390899
0.0532995
0.0498043
0.18055
0.172157
0.208819
0.218102
0.0665273
0.0869093
0.0709268
0.0922919
0.139606
0.11761
0.147027
0.111212
0.172157
0.218102
0.18055
0.208819
0.249426
0.259451
0.293688
0.304276
0.402393
0.341199
0.391436
0.352106
0.497492
0.443773
0.507563
0.454457
0.304276
0.293688
0.249426
0.259451
0.551799
0.61357
0.605845
0.560887
0.341199
0.352106
0.402393
0.391436
0.709593
0.658744
0.713444
0.664721
0.75887
0.8016
0.800153
0.757499
0.507563
0.497492
0.454457
0.443773
0.61357
0.560887
0.551799
0.605845
0.867303
0.836533
0.841084
0.875212
0.903337
0.891888
0.924922
0.909792
0.709593
0.664721
0.658744
0.713444
0.75887
0.8016
0.800153
0.757499
0.924333
0.939549
0.920686
0.946934
0.920686
0.939549
0.909792
0.946934
0.867303
0.841084
0.875212
0.836533
0.924922
0.903337
0.891888
0.00111469
0.00102425
6.1167e-34
3.39375e-34
0.00450579
0.00414155
0.00254999
0.00234411
3.39375e-34
0.00102425
6.1167e-34
0.00111469
0.0111677
0.0102397
0.00666893
0.00726878
0.00254999
0.00234411
0.00414155
0.00450579
0.00666893
0.0102397
0.0111677
0.00726878
0.0165964
0.015222
0.0220215
0.0239701
0.0239701
0.0220215
0.0165964
0.015222
0.0337256
0.0310677
0.0427913
0.0462938
0.0337256
0.0462938
0.0427913
0.0310677
0.0620738
0.0576075
0.0758915
0.08143
0.104643
0.0979628
0.124063
0.131933
0.163395
0.154344
0.188851
0.199045
0.0758915
0.0620738
0.08143
0.0576075
0.282286
0.238749
0.270153
0.227516
0.0979628
0.124063
0.131933
0.104643
0.154344
0.199045
0.188851
0.163395
0.282286
0.227516
0.238749
0.270153
0.365983
0.316451
0.37927
0.32928
0.472476
0.485768
0.418206
0.431656
0.596013
0.528059
0.584143
0.540828
0.316451
0.37927
0.365983
0.32928
0.639867
0.694328
0.703205
0.650439
0.418206
0.472476
0.485768
0.431656
0.746616
0.795825
0.753407
0.800153
0.842609
0.841084
0.87998
0.881574
0.540828
0.528059
0.596013
0.584143
0.703205
0.650439
0.694328
0.639867
0.936806
0.94536
0.91655
0.911584
0.966348
0.955186
0.967461
0.982434
0.753407
0.795825
0.746616
0.800153
0.881574
0.842609
0.841084
0.87998
0.970101
0.966348
0.989993
0.989993
0.936806
0.91655
0.955186
0.982434
0.911584
0.94536
0.967461
0.000934509
0.000845522
4.95744e-34
2.82989e-34
0.00378411
0.00343573
0.00214538
0.00194547
2.82989e-34
0.000845522
4.95744e-34
0.000934509
0.00933443
0.00845719
0.00551814
0.00608715
0.00214538
0.00194547
0.00343573
0.00378411
0.0201111
0.0182507
0.0138812
0.0125774
0.00551814
0.00845719
0.00933443
0.00608715
0.0138812
0.0125774
0.0182507
0.0201111
0.0284484
0.0258858
0.0359083
0.0393218
0.0284484
0.0393218
0.0359083
0.0258858
0.0531519
0.0487448
0.0648
0.0703354
0.0487448
0.0531519
0.0703354
0.0648
0.0844398
0.107968
0.116056
0.0912083
0.145056
0.135614
0.167511
0.178314
0.215795
0.25738
0.203689
0.244061
0.0844398
0.116056
0.107968
0.0912083
0.288424
0.351674
0.33645
0.302793
0.135614
0.167511
0.178314
0.145056
0.244061
0.203689
0.25738
0.215795
0.33645
0.288424
0.302793
0.351674
0.457718
0.387695
0.4416
0.403512
0.497506
0.570326
0.554663
0.51358
0.612249
0.669388
0.683028
0.627105
0.4416
0.457718
0.387695
0.403512
0.778669
0.725169
0.737181
0.788645
0.570326
0.51358
0.497506
0.554663
0.828977
0.875212
0.836532
0.87998
0.95224
0.918214
0.91655
0.950516
0.683028
0.612249
0.627105
0.669388
0.778669
0.737181
0.788645
0.725169
0.976303
0.995069
1.00416
0.981627
1.01943
1.00648
1.0103
1.02713
0.87998
0.828977
0.875212
0.836532
0.918214
0.950516
0.91655
0.95224
0.981627
0.995069
1.00416
1.00648
1.02713
1.01943
0.976303
0.00075734
0.000670143
3.82119e-34
2.26509e-34
0.00309603
0.00276706
0.00175333
0.00156082
2.26509e-34
0.000670143
3.82119e-34
0.00075734
0.00761084
0.00680005
0.00444215
0.00497211
0.00175333
0.00156082
0.00276706
0.00309603
0.0164507
0.014722
0.0113224
0.0101165
0.00444215
0.00680005
0.00761084
0.00497211
0.0233963
0.0325737
0.0293397
0.0209937
0.0113224
0.0101165
0.014722
0.0164507
0.0233963
0.0209937
0.0293397
0.0325737
0.0444114
0.040185
0.0539501
0.0593258
0.0444114
0.0593258
0.040185
0.0539501
0.077696
0.0710341
0.0917923
0.0998615
0.0917923
0.0710341
0.077696
0.0998615
0.126074
0.11652
0.145431
0.156524
0.230297
0.191271
0.17865
0.216189
0.303717
0.320425
0.257952
0.273434
0.11652
0.156524
0.145431
0.126074
0.353147
0.40578
0.424245
0.37086
0.216189
0.17865
0.230297
0.191271
0.303717
0.257952
0.320425
0.273434
0.353147
0.40578
0.37086
0.424245
0.537271
0.518279
0.461049
0.479949
0.57671
0.635511
0.65351
0.595408
0.75064
0.710671
0.765969
0.693794
0.537271
0.518279
0.461049
0.479949
0.818483
0.80512
0.867303
0.856314
0.635511
0.595408
0.57671
0.65351
0.94536
0.903338
0.911583
0.950516
1.01148
1.00965
0.983412
0.981627
0.693794
0.75064
0.710671
0.765969
0.856314
0.867303
0.818483
0.80512
1.04035
1.04987
1.02875
1.03437
1.04425
1.05769
1.05769
1.04035
0.911583
0.94536
0.950516
0.903338
1.00965
1.04987
0.983412
1.01148
1.03437
1.02875
0.981627
0.000583747
0.0004984
2.70803e-34
1.70039e-34
1.70039e-34
0.0004984
2.70803e-34
0.000583747
0.00244789
0.00214018
0.00137609
0.0011916
0.00602618
0.00529295
0.0034527
0.0039384
0.00137609
0.0011916
0.00214018
0.00244789
0.0078849
0.0130724
0.0115108
0.00897176
0.0034527
0.00529295
0.00602618
0.0039384
0.0186944
0.0262262
0.0232524
0.016507
0.00897176
0.0078849
0.0115108
0.0130724
0.0360909
0.0487105
0.043642
0.0321567
0.0186944
0.016507
0.0232524
0.0262262
0.0360909
0.0321567
0.043642
0.0487105
0.0644935
0.0581263
0.0760024
0.0838207
0.0644935
0.0838207
0.0760024
0.0581263
0.107008
0.0976198
0.123264
0.134318
0.134318
0.0976198
0.123264
0.107008
0.201845
0.165904
0.187368
0.153143
0.225945
0.242077
0.286454
0.268763
0.315594
0.386346
0.366087
0.334674
0.187368
0.153143
0.201845
0.165904
0.419774
0.497829
0.476074
0.440936
0.225945
0.268763
0.242077
0.286454
0.366087
0.315594
0.386346
0.334674
0.497829
0.419774
0.476074
0.440936
0.615525
0.534306
0.593702
0.55629
0.712568
0.65342
0.732795
0.674662
0.788994
0.77022
0.82544
0.842325
0.534306
0.593702
0.615525
0.55629
0.877304
0.936807
0.891887
0.924922
0.65342
0.732795
0.674662
0.712568
0.967461
1.00416
0.976302
1.00965
1.05752
1.03437
1.03625
1.0556
0.788994
0.842325
0.82544
0.77022
0.891887
0.924922
0.877304
0.936807
1.08111
1.07131
1.06737
1.0732
1.0732
1.0556
1.06737
1.08111
1.00416
0.976302
0.967461
1.00965
1.03625
1.05752
1.03437
1.13603e-34
0.000330037
1.61461e-34
0.000413744
0.000413744
0.000330037
1.61461e-34
1.13603e-34
0.00184247
0.00155587
0.00101423
0.000837479
0.00101423
0.000837479
0.00155587
0.00184247
0.00460006
0.00394985
0.00255461
0.00299442
0.0100423
0.00867309
0.00686744
0.00591283
0.00255461
0.00394985
0.00299442
0.00460006
0.0144473
0.0204341
0.0177867
0.0125181
0.00686744
0.00591283
0.00867309
0.0100423
0.0284064
0.0387775
0.0248601
0.0341477
0.0144473
0.0125181
0.0177867
0.0204341
0.0519706
0.0683932
0.0610448
0.0460709
0.0284064
0.0248601
0.0341477
0.0387775
0.0519706
0.0460709
0.0610448
0.0683932
0.088412
0.0794591
0.101658
0.112352
0.088412
0.112352
0.0794591
0.101658
0.127923
0.158455
0.140448
0.17287
0.127923
0.17287
0.158455
0.140448
0.232633
0.250778
0.193359
0.20966
0.276162
0.345156
0.296036
0.323709
0.374917
0.42931
0.453177
0.397707
0.232633
0.193359
0.250778
0.20966
0.486303
0.570204
0.545208
0.510916
0.323709
0.276162
0.296036
0.345156
0.453177
0.374917
0.42931
0.397707
0.545208
0.486303
0.570204
0.510916
0.665584
0.690108
0.60525
0.630223
0.783503
0.725312
0.805783
0.74894
0.859707
0.891532
0.909793
0.839219
0.60525
0.690108
0.630223
0.665584
0.955185
0.982434
0.939549
0.995069
0.74894
0.783503
0.805783
0.725312
1.02875
1.0556
1.01943
1.04987
1.08899
1.0732
1.08702
1.07515
0.839219
0.859707
0.909793
0.891532
0.955185
0.995069
0.982434
0.939549
1.08702
1.091
1.09696
1.09696
1.04987
1.08899
1.07515
1.0556
1.02875
1.01943
1.0732
0.000246822
0.000164296
5.34501e-35
5.71797e-35
5.71797e-35
0.000164296
5.34501e-35
0.000246822
0.000666577
0.000496361
0.00101064
0.00127846
0.00127846
0.00101064
0.000666577
0.000496361
0.00334023
0.00277176
0.00174469
0.00214114
0.00174469
0.00214114
0.00277176
0.00334023
0.00740459
0.00623984
0.0050309
0.00421196
0.0107328
0.0153205
0.0130461
0.00908808
0.0050309
0.00421196
0.00623984
0.00740459
0.0215391
0.0297789
0.0256955
0.0184547
0.0107328
0.00908808
0.0130461
0.0153205
0.040462
0.0540066
0.0473236
0.0351782
0.0215391
0.0184547
0.0256955
0.0297789
0.0708154
0.0912609
0.0812317
0.0625455
0.040462
0.0351782
0.0473236
0.0540066
0.0912609
0.0708154
0.0625455
0.0812317
0.103724
0.130302
0.144232
0.115649
0.115649
0.144232
0.103724
0.130302
0.214465
0.161163
0.177148
0.196408
0.214465
0.161163
0.196408
0.177148
0.236034
0.27992
0.30191
0.256106
0.327827
0.379394
0.404654
0.35156
0.491482
0.518902
0.434142
0.460644
0.27992
0.236034
0.30191
0.256106
0.550725
0.639179
0.611091
0.578682
0.404654
0.379394
0.327827
0.35156
0.434142
0.518902
0.460644
0.491482
0.550725
0.639179
0.611091
0.578682
0.699512
0.671734
0.731752
0.758764
0.815999
0.790215
0.870274
0.84618
0.966349
0.898718
0.920684
0.946935
0.731752
0.758764
0.671734
0.699512
1.04035
1.02713
1.00648
0.989993
0.790215
0.84618
0.815999
0.870274
1.05769
1.06737
1.08702
1.08111
1.10296
1.09896
1.09696
1.10497
0.946935
0.898718
0.920684
0.966349
0.989993
1.00648
1.04035
1.02713
1.09696
1.08702
1.09896
1.10497
1.05769
1.08111
1.06737
9.2603e-37
8.19985e-05
8.19985e-05
9.2603e-37
0.00075011
0.000330141
0.000330141
0.00075011
0.00224047
0.00137093
0.00137093
0.00224047
0.00346314
0.005176
0.00346314
0.005176
0.00759379
0.0109673
0.0156233
0.0219155
0.00759379
0.0109673
0.0302488
0.0410357
0.0219155
0.0156233
0.0546977
0.0716392
0.0410357
0.0302488
0.0922229
0.116768
0.0546977
0.0716392
0.0922229
0.116768
0.145505
0.178597
0.145505
0.178597
0.21608
0.257907
0.257907
0.21608
0.303882
0.35372
0.406986
0.463158
0.581532
0.521582
0.35372
0.303882
0.702669
0.642185
0.463158
0.406986
0.521582
0.581532
0.702669
0.642185
0.762063
0.819426
0.924334
0.873824
1.0103
0.9701
0.762063
0.819426
1.07131
1.04425
0.924334
0.873824
1.10296
1.091
1.10698
1.10296
0.9701
1.0103
1.04425
1.091
1.07131
0.103724
0.236034
0.196408
0.000164296
0.130302
0.161163
0.130302
0.161163
0.103724
0.00277176
0.00421196
0.0812317
0.196408
0.00908808
0.0625455
0.0473236
0.236034
0.0351782
0.0256955
0.27992
0.0184547
0.0130461
0.327827
0.00623984
0.379394
0.434142
0.00174469
0.00101064
0.491482
0.000496361
0.550725
0.611091
0.000164296
0.27992
0.327827
0.671734
0.731752
0.434142
0.790215
0.000496361
0.84618
0.898718
0.00101064
0.946935
0.989993
0.00174469
1.02713
1.05769
0.00277176
0.898718
1.08111
0.946935
1.09696
0.00421196
1.10497
1.10497
0.00623984
1.09696
1.08111
0.00908808
1.05769
1.02713
0.0130461
0.989993
0.0184547
0.84618
0.0256955
0.790215
0.731752
0.0351782
0.671734
0.611091
0.0473236
0.550725
0.491482
0.0625455
0.379394
0.0812317
5.34501e-35
5.34501e-35
5.71797e-35
0.000246822
0.000246822
5.71797e-35
0.00127846
0.000666577
0.000666577
0.00127846
0.00214114
0.00334023
0.00214114
0.00334023
0.00740459
0.0050309
0.0050309
0.00740459
0.0153205
0.0107328
0.0297789
0.0215391
0.0107328
0.0153205
0.040462
0.0540066
0.0297789
0.0215391
0.0912609
0.0708154
0.040462
0.0540066
0.115649
0.144232
0.0708154
0.0912609
0.115649
0.144232
0.214465
0.177148
0.214465
0.177148
0.256106
0.30191
0.30191
0.256106
0.404654
0.35156
0.518902
0.460644
0.578682
0.639179
0.35156
0.404654
0.758764
0.699512
0.518902
0.460644
0.639179
0.578682
0.699512
0.758764
0.815999
0.870274
0.966349
0.920684
1.00648
1.04035
0.870274
0.815999
1.08702
1.06737
0.966349
0.920684
1.10296
1.09896
1.09896
1.08702
1.04035
1.00648
1.06737
0.193359
0.158455
0.158455
0.127923
0.193359
0.101658
0.00155587
0.0794591
0.0610448
0.232633
0.0460709
0.276162
0.0341477
0.0248601
0.0177867
0.323709
0.0125181
0.374917
0.00867309
0.00591283
0.00394985
0.42931
0.00255461
0.486303
0.000837479
0.000330037
0.545208
0.60525
0.000330037
0.665584
0.232633
0.725312
0.783503
0.323709
0.000837479
0.839219
0.891532
0.486303
0.939549
0.00155587
0.982434
0.00255461
1.01943
1.04987
1.0732
0.783503
0.00394985
1.08899
0.00591283
0.939549
1.09696
1.09696
1.08899
0.00867309
1.0732
0.0125181
1.04987
1.01943
0.982434
0.0177867
0.0248601
0.891532
0.839219
0.0341477
0.725312
0.0460709
0.665584
0.60525
0.545208
0.0610448
0.0794591
0.42931
0.374917
0.101658
0.276162
0.127923
1.61461e-34
1.61461e-34
1.13603e-34
0.000413744
0.000413744
1.13603e-34
0.00184247
0.00101423
0.00101423
0.00184247
0.00299442
0.00460006
0.00460006
0.00299442
0.0100423
0.00686744
0.00686744
0.0100423
0.0204341
0.0144473
0.0284064
0.0387775
0.0144473
0.0204341
0.0519706
0.0683932
0.0387775
0.0284064
0.088412
0.112352
0.0683932
0.0519706
0.17287
0.140448
0.088412
0.112352
0.17287
0.140448
0.20966
0.250778
0.250778
0.20966
0.345156
0.296036
0.296036
0.345156
0.453177
0.397707
0.570204
0.510916
0.630223
0.690108
0.453177
0.397707
0.74894
0.805783
0.510916
0.570204
0.690108
0.630223
0.74894
0.805783
0.859707
0.909793
0.955185
0.995069
1.02875
1.0556
0.909793
0.859707
1.08702
1.07515
0.955185
0.995069
1.091
1.08702
1.07515
1.02875
1.0556
0.187368
0.123264
0.225945
0.0004984
0.0976198
0.0760024
0.0581263
0.268763
0.043642
0.00529295
0.0078849
0.315594
0.0321567
0.0232524
0.016507
0.366087
0.0115108
0.419774
0.0034527
0.476074
0.00214018
0.534306
0.0011916
0.593702
0.65342
0.0004984
0.712568
0.187368
0.77022
0.0011916
0.82544
0.877304
0.924922
0.366087
0.419774
0.00214018
0.967461
0.0034527
1.00416
1.03437
1.05752
0.00529295
0.712568
1.0732
0.0078849
0.82544
0.877304
1.08111
1.08111
1.0732
0.0115108
1.05752
0.016507
1.03437
1.00416
0.967461
0.0232524
0.924922
0.0321567
0.77022
0.043642
0.0581263
0.65342
0.593702
0.534306
0.0760024
0.476074
0.0976198
0.315594
0.123264
0.268763
0.153143
0.225945
0.153143
2.70803e-34
2.70803e-34
1.70039e-34
0.000583747
0.000583747
1.70039e-34
0.00137609
0.00244789
0.00137609
0.00244789
0.0039384
0.00602618
0.00602618
0.0039384
0.0130724
0.00897176
0.00897176
0.0130724
0.0186944
0.0262262
0.0360909
0.0487105
0.0186944
0.0262262
0.0644935
0.0838207
0.0487105
0.0360909
0.134318
0.107008
0.0644935
0.0838207
0.201845
0.165904
0.107008
0.134318
0.201845
0.165904
0.286454
0.242077
0.286454
0.242077
0.334674
0.386346
0.386346
0.334674
0.497829
0.440936
0.615525
0.55629
0.674662
0.732795
0.440936
0.497829
0.788994
0.842325
0.55629
0.615525
0.732795
0.674662
0.788994
0.842325
0.936807
0.891887
0.976302
1.00965
1.03625
1.0556
0.891887
0.936807
1.07131
1.06737
1.00965
0.976302
1.06737
1.0556
1.03625
0.257952
0.0710341
0.0539501
0.303717
0.040185
0.0293397
0.353147
0.0209937
0.014722
0.40578
0.0101165
0.00680005
0.461049
0.00444215
0.00276706
0.518279
0.00156082
0.000670143
0.57671
0.635511
0.000670143
0.0917923
0.11652
0.693794
0.75064
0.17865
0.80512
0.00156082
0.856314
0.903338
0.00276706
0.94536
0.981627
0.00444215
1.01148
1.03437
0.00680005
0.57671
1.04987
0.635511
1.05769
0.0101165
1.05769
1.04987
0.014722
0.856314
0.903338
1.03437
1.01148
0.0209937
0.981627
0.94536
0.0293397
0.040185
0.80512
0.75064
0.0539501
0.693794
0.0710341
0.518279
0.0917923
0.461049
0.40578
0.11652
0.353147
0.303717
0.145431
0.257952
0.216189
0.17865
0.145431
0.216189
3.82119e-34
3.82119e-34
2.26509e-34
0.00075734
0.00075734
2.26509e-34
0.00309603
0.00175333
0.00175333
0.00309603
0.00761084
0.00497211
0.00497211
0.00761084
0.0164507
0.0113224
0.0113224
0.0164507
0.0325737
0.0233963
0.0444114
0.0593258
0.0325737
0.0233963
0.0998615
0.077696
0.0444114
0.0593258
0.156524
0.126074
0.0998615
0.077696
0.230297
0.191271
0.156524
0.126074
0.191271
0.230297
0.320425
0.273434
0.273434
0.320425
0.424245
0.37086
0.37086
0.424245
0.537271
0.479949
0.65351
0.595408
0.710671
0.765969
0.479949
0.537271
0.867303
0.818483
0.595408
0.65351
0.765969
0.710671
0.867303
0.818483
0.911583
0.950516
0.983412
1.00965
1.02875
1.04035
0.950516
0.911583
1.04035
1.04425
0.983412
1.02875
1.00965
0.0487448
0.0359083
0.33645
0.0258858
0.387695
0.0182507
0.0125774
0.00845719
0.4416
0.00551814
0.497506
0.00343573
0.00194547
0.000845522
0.554663
0.612249
0.000845522
0.669388
0.0648
0.725169
0.778669
0.107968
0.00194547
0.828977
0.875212
0.203689
0.91655
0.00343573
0.95224
0.00551814
0.981627
1.00416
1.01943
0.4416
0.00845719
1.02713
0.0125774
0.612249
1.02713
1.01943
1.00416
0.0182507
0.778669
0.981627
0.0258858
0.95224
0.91655
0.875212
0.0359083
0.828977
0.0487448
0.725169
0.669388
0.0648
0.0844398
0.554663
0.497506
0.107968
0.387695
0.135614
0.33645
0.288424
0.244061
0.167511
0.203689
0.167511
0.135614
0.244061
0.0844398
0.288424
4.95744e-34
4.95744e-34
2.82989e-34
0.000934509
0.000934509
2.82989e-34
0.00378411
0.00214538
0.00214538
0.00378411
0.00933443
0.00608715
0.00933443
0.00608715
0.0138812
0.0201111
0.0138812
0.0201111
0.0284484
0.0393218
0.0531519
0.0703354
0.0284484
0.0393218
0.116056
0.0912083
0.0703354
0.0531519
0.178314
0.145056
0.116056
0.0912083
0.25738
0.215795
0.178314
0.145056
0.215795
0.25738
0.351674
0.302793
0.351674
0.302793
0.457718
0.403512
0.457718
0.403512
0.570326
0.51358
0.627105
0.683028
0.788645
0.737181
0.51358
0.570326
0.836532
0.87998
0.683028
0.627105
0.737181
0.788645
0.87998
0.836532
0.950516
0.918214
0.995069
0.976303
1.00648
1.0103
0.918214
0.950516
0.995069
1.00648
0.976303
0.365983
0.0220215
0.418206
0.015222
0.0102397
0.00666893
0.472476
0.00414155
0.528059
0.00234411
0.00102425
0.584143
0.639867
0.00102425
0.694328
0.0427913
0.746616
0.00234411
0.795825
0.841084
0.881574
0.124063
0.154344
0.00414155
0.91655
0.00666893
0.94536
0.967461
0.982434
0.0102397
0.365983
0.989993
0.015222
0.472476
0.528059
0.989993
0.982434
0.967461
0.0220215
0.694328
0.94536
0.0310677
0.91655
0.881574
0.841084
0.0427913
0.795825
0.0576075
0.746616
0.639867
0.0758915
0.584143
0.0979628
0.418206
0.124063
0.154344
0.316451
0.270153
0.227516
0.188851
0.188851
0.227516
0.0979628
0.270153
0.0758915
0.316451
0.0576075
0.0310677
6.1167e-34
6.1167e-34
3.39375e-34
0.00111469
0.00111469
3.39375e-34
0.00254999
0.00450579
0.00254999
0.00450579
0.0111677
0.00726878
0.00726878
0.0111677
0.0165964
0.0239701
0.0165964
0.0239701
0.0462938
0.0337256
0.08143
0.0620738
0.0337256
0.0462938
0.104643
0.131933
0.0620738
0.08143
0.163395
0.199045
0.104643
0.131933
0.238749
0.282286
0.199045
0.163395
0.238749
0.282286
0.37927
0.32928
0.37927
0.32928
0.485768
0.431656
0.431656
0.485768
0.596013
0.540828
0.703205
0.650439
0.753407
0.800153
0.540828
0.596013
0.87998
0.842609
0.703205
0.650439
0.753407
0.800153
0.87998
0.842609
0.936806
0.911584
0.966348
0.955186
0.970101
0.966348
0.911584
0.955186
0.936806
0.443773
0.00787706
0.00487659
0.497492
0.00275378
0.0012055
0.551799
0.605845
0.0012055
0.0121141
0.0179934
0.658744
0.709593
0.036407
0.757499
0.00275378
0.8016
0.841084
0.00487659
0.875212
0.903337
0.00787706
0.924922
0.939549
0.0121141
0.249426
0.946934
0.293688
0.946934
0.0179934
0.939549
0.924922
0.0259445
0.497492
0.551799
0.903337
0.875212
0.036407
0.841084
0.8016
0.0498043
0.757499
0.709593
0.0665273
0.658744
0.605845
0.0869093
0.111212
0.443773
0.391436
0.139606
0.341199
0.172157
0.208819
0.208819
0.172157
0.139606
0.249426
0.111212
0.0869093
0.293688
0.0665273
0.0498043
0.341199
0.0259445
0.391436
7.29531e-34
7.29531e-34
3.95464e-34
0.00129678
0.00129678
3.95464e-34
0.00525168
0.00296346
0.00296346
0.00525168
0.00849713
0.0130736
0.0130736
0.00849713
0.0279324
0.0194062
0.0194062
0.0279324
0.0390899
0.0532995
0.0709268
0.0922919
0.0390899
0.0532995
0.147027
0.11761
0.0922919
0.0709268
0.18055
0.218102
0.11761
0.147027
0.259451
0.304276
0.18055
0.218102
0.304276
0.259451
0.402393
0.352106
0.352106
0.402393
0.454457
0.507563
0.507563
0.454457
0.61357
0.560887
0.713444
0.664721
0.800153
0.75887
0.61357
0.560887
0.836533
0.867303
0.713444
0.664721
0.75887
0.800153
0.867303
0.836533
0.891888
0.909792
0.924333
0.920686
0.920686
0.909792
0.891888
0.00317007
0.00138791
0.515906
0.568026
0.00138791
0.619128
0.00563015
0.668323
0.714731
0.0140408
0.00317007
0.757499
0.795825
0.0417612
0.828976
0.00563015
0.856314
0.00912054
0.877303
0.891532
0.898717
0.15414
0.0140408
0.898717
0.0208259
0.268767
0.891532
0.877303
0.856314
0.02992
0.412056
0.828976
0.0417612
0.795825
0.757499
0.714731
0.0567533
0.668323
0.0752516
0.619128
0.568026
0.515906
0.0975363
0.463639
0.123803
0.361934
0.313969
0.15414
0.188528
0.226824
0.188528
0.226824
0.123803
0.268767
0.0975363
0.0752516
0.0567533
0.313969
0.361934
0.02992
0.0208259
0.412056
0.00912054
0.463639
8.48611e-34
8.48611e-34
4.50943e-34
0.0014792
0.0014792
4.50943e-34
0.00338079
0.00600992
0.00338079
0.00600992
0.0150101
0.00974841
0.0150101
0.00974841
0.0318952
0.0222423
0.0222423
0.0318952
0.0443958
0.0601434
0.102607
0.0794587
0.0443958
0.0601434
0.160895
0.12973
0.0794587
0.102607
0.196016
0.234924
0.12973
0.160895
0.277288
0.322698
0.196016
0.234924
0.277288
0.322698
0.420358
0.370597
0.420358
0.370597
0.52246
0.471241
0.52246
0.471241
0.573163
0.622479
0.713444
0.669529
0.788645
0.753408
0.622479
0.573163
0.818484
0.842324
0.713444
0.669529
0.753408
0.788645
0.842324
0.818484
0.870273
0.859709
0.870273
0.873826
0.859709
0.527176
0.576261
0.00156967
0.00156967
0.623599
0.668323
0.00358743
0.709593
0.746615
0.0159752
0.0236489
0.778669
0.0063894
0.80512
0.010374
0.825439
0.839219
0.846179
0.107465
0.0159752
0.846179
0.16724
0.202976
0.0236489
0.839219
0.825439
0.80512
0.330397
0.0338432
0.778669
0.0469836
0.746615
0.709593
0.527176
0.668323
0.0634433
0.623599
0.083531
0.576261
0.477216
0.107465
0.427234
0.135366
0.378044
0.284968
0.16724
0.242337
0.202976
0.135366
0.242337
0.284968
0.083531
0.0634433
0.0469836
0.330397
0.0338432
0.378044
0.010374
0.427234
0.0063894
0.477216
0.00358743
9.6787e-34
9.6787e-34
5.05388e-34
0.0016599
5.05388e-34
0.0016599
0.00676681
0.00379594
0.00379594
0.00676681
0.0169312
0.0109961
0.0169312
0.0109961
0.0250327
0.0357527
0.0250327
0.0357527
0.0666323
0.049497
0.112077
0.0874249
0.049497
0.0666323
0.173131
0.140652
0.112077
0.0874249
0.249013
0.209338
0.140652
0.173131
0.33701
0.291735
0.209338
0.249013
0.33701
0.291735
0.384207
0.432636
0.384207
0.432636
0.53002
0.481513
0.53002
0.481513
0.577296
0.622479
0.703204
0.664722
0.737183
0.765968
0.577296
0.622479
0.805782
0.788997
0.664722
0.703204
0.737183
0.765968
0.805782
0.788997
0.819425
0.816002
0.816002
0.00174857
0.576261
0.619128
0.658743
0.00399941
0.694328
0.725168
0.00713992
0.750639
0.770219
0.0116101
0.783502
0.790214
0.0519293
0.0178709
0.0696847
0.790214
0.783502
0.0263897
0.770219
0.750639
0.178522
0.215075
0.0376085
0.725168
0.694328
0.0519293
0.658743
0.619128
0.0696847
0.576261
0.53097
0.0911277
0.484106
0.436523
0.116407
0.389053
0.342487
0.145566
0.297554
0.254899
0.178522
0.215075
0.145566
0.116407
0.254899
0.0911277
0.297554
0.0376085
0.342487
0.0263897
0.0178709
0.389053
0.0116101
0.00713992
0.436523
0.00399941
0.00174857
0.484106
0.53097
1.08599e-33
1.08599e-33
5.58282e-34
0.00183651
0.00183651
5.58282e-34
0.00420212
0.00750741
0.00420212
0.00750741
0.0122121
0.0187898
0.0187898
0.0122121
0.0394003
0.0277044
0.0394003
0.0277044
0.072582
0.0542513
0.120428
0.0945965
0.0542513
0.072582
0.183377
0.150055
0.120428
0.0945965
0.220126
0.259956
0.183377
0.150055
0.302368
0.346791
0.220126
0.259956
0.302368
0.346791
0.392536
0.438867
0.392536
0.438867
0.53002
0.484971
0.53002
0.484971
0.613569
0.573164
0.650441
0.683027
0.732794
0.710674
0.573164
0.613569
0.748943
0.758763
0.650441
0.683027
0.710674
0.732794
0.748943
0.762066
0.758763
0.605845
0.00439892
0.639866
0.669387
0.693793
0.00786643
0.712567
0.0128003
0.725311
0.0196803
0.731751
0.731751
0.0196803
0.05646
0.725311
0.028976
0.712567
0.693793
0.124105
0.669387
0.0411129
0.639866
0.05646
0.605845
0.568026
0.306155
0.527176
0.0753001
0.484106
0.0978233
0.439649
0.39464
0.349886
0.124105
0.154105
0.264144
0.224472
0.187656
0.187656
0.154105
0.224472
0.0978233
0.0753001
0.264144
0.306155
0.0411129
0.028976
0.349886
0.0128003
0.39464
0.00786643
0.00439892
0.00192209
0.439649
0.484106
0.00192209
0.527176
0.568026
1.20141e-33
1.20141e-33
6.09025e-34
0.00200639
0.00200639
6.09025e-34
0.0082162
0.00459205
0.00459205
0.0082162
0.0205388
0.013368
0.013368
0.0205388
0.0301867
0.0427378
0.0301867
0.0427378
0.0585254
0.0778232
0.127416
0.100767
0.0585254
0.0778232
0.191333
0.157667
0.127416
0.100767
0.267435
0.228064
0.157667
0.191333
0.351753
0.308874
0.267435
0.228064
0.351753
0.308874
0.39534
0.438866
0.39534
0.438866
0.481514
0.52246
0.481514
0.52246
0.560889
0.596012
0.627108
0.653508
0.690106
0.674665
0.560889
0.596012
0.702668
0.699515
0.653508
0.627108
0.690106
0.674665
0.699515
0.00477853
0.584143
0.612249
0.63551
0.00855331
0.653419
0.00855331
0.0139162
0.665583
0.0213573
0.0313388
0.671733
0.671733
0.0213573
0.665583
0.0801296
0.0313388
0.653419
0.63551
0.612249
0.0442602
0.194377
0.230893
0.584143
0.0604484
0.551799
0.515906
0.477216
0.0801296
0.436522
0.103426
0.39464
0.352377
0.310519
0.130334
0.269801
0.160735
0.160735
0.194377
0.130334
0.230893
0.103426
0.0604484
0.269801
0.0442602
0.310519
0.0139162
0.352377
0.39464
0.00477853
0.0020875
0.436522
0.477216
0.0020875
0.515906
0.551799
1.31242e-33
1.31242e-33
6.5696e-34
0.00216676
0.00216676
6.5696e-34
0.00887763
0.00495826
0.00495826
0.00887763
0.0221333
0.0144358
0.0221333
0.0144358
0.0456733
0.0324128
0.0324128
0.0456733
0.0621992
0.0822068
0.10576
0.132842
0.0621992
0.0822068
0.196769
0.163267
0.10576
0.132842
0.232922
0.271229
0.163267
0.196769
0.311065
0.351753
0.271229
0.232922
0.351753
0.311065
0.392537
0.432636
0.432636
0.392537
0.471243
0.507562
0.507562
0.471243
0.540831
0.570325
0.595412
0.615523
0.630228
0.639177
0.540831
0.570325
0.639177
0.64219
0.615523
0.595412
0.630228
0.576709
0.00918522
0.5937
0.00224199
0.605249
0.0149307
0.61109
0.61109
0.0228586
0.0228586
0.0334146
0.605249
0.5937
0.0334146
0.576709
0.554662
0.0469634
0.528058
0.497491
0.0637826
0.463638
0.198488
0.427234
0.0840359
0.389053
0.349886
0.107774
0.310519
0.271705
0.134917
0.234151
0.165264
0.165264
0.134917
0.198488
0.107774
0.0840359
0.234151
0.0637826
0.0469634
0.271705
0.310519
0.0149307
0.00918522
0.349886
0.00513075
0.389053
0.427234
0.00224199
0.554662
0.463638
0.497491
0.528058
0.00513075
1.41721e-33
1.41721e-33
7.01396e-34
0.00231479
0.00231479
7.01396e-34
0.00529338
0.0094767
0.00529338
0.0094767
0.0235319
0.0153893
0.0153893
0.0235319
0.0481256
0.0343229
0.0343229
0.0481256
0.0856082
0.0651694
0.136548
0.109432
0.0651694
0.0856082
0.166693
0.199527
0.136548
0.109432
0.234557
0.271229
0.199527
0.166693
0.308875
0.34679
0.271229
0.234557
0.308875
0.34679
0.420357
0.384209
0.420357
0.384209
0.45446
0.485766
0.485766
0.45446
0.537269
0.513583
0.570202
0.556294
0.58153
0.578686
0.537269
0.513583
0.578686
0.556294
0.570202
0.00974767
0.545207
0.0158186
0.550723
0.550723
0.545207
0.00974767
0.024145
0.534305
0.0351471
0.518277
0.497505
0.472475
0.0663687
0.0491476
0.443772
0.0663687
0.412056
0.13772
0.378043
0.342487
0.199872
0.086908
0.306154
0.110743
0.269801
0.234151
0.13772
0.167562
0.167562
0.110743
0.086908
0.199872
0.234151
0.0491476
0.0351471
0.024145
0.269801
0.0158186
0.306154
0.00544835
0.00238276
0.342487
0.378043
0.00238276
0.534305
0.412056
0.443772
0.472475
0.00544835
0.497505
0.518277
1.51393e-33
1.51393e-33
7.4164e-34
0.00244774
0.00244774
7.4164e-34
0.00999952
0.00559038
0.00559038
0.00999952
0.0246978
0.0162046
0.0246978
0.0162046
0.0500268
0.0358651
0.0358651
0.0500268
0.0879308
0.0673527
0.138428
0.111678
0.0673527
0.0879308
0.199527
0.167847
0.111678
0.138428
0.267434
0.232922
0.199527
0.167847
0.337009
0.302369
0.232922
0.267434
0.302369
0.337009
0.3706
0.402391
0.3706
0.402391
0.43166
0.457716
0.43166
0.457716
0.479953
0.497827
0.510921
0.518899
0.521587
0.518899
0.497827
0.479953
0.510921
0.0165576
0.491481
0.491481
0.00250713
0.486302
0.0251825
0.476072
0.0364894
0.461047
0.0251825
0.0364894
0.441599
0.418205
0.0507524
0.391435
0.0681342
0.361933
0.330396
0.138663
0.297553
0.0886645
0.264144
0.11225
0.230893
0.198488
0.167562
0.138663
0.167562
0.11225
0.0886645
0.0681342
0.198488
0.0507524
0.230893
0.0165576
0.264144
0.0102275
0.297553
0.00572457
0.330396
0.361933
0.00250713
0.486302
0.391435
0.418205
0.00572457
0.441599
0.461047
0.476072
0.0102275
1.60078e-33
1.60078e-33
7.77021e-34
0.002563
0.002563
7.77021e-34
0.00584289
0.0104337
0.00584289
0.0104337
0.0256004
0.0168613
0.0256004
0.0168613
0.0513243
0.0369975
0.0369975
0.0513243
0.0686877
0.0891088
0.138428
0.112434
0.0891088
0.0686877
0.166694
0.196769
0.112434
0.138428
0.259956
0.228066
0.196769
0.166694
0.322697
0.291738
0.259956
0.228066
0.291738
0.322697
0.35211
0.379269
0.35211
0.379269
0.424243
0.403516
0.424243
0.403516
0.440941
0.453175
0.460649
0.463156
0.460649
0.440941
0.453175
0.429309
0.0259439
0.419772
0.405779
0.0374051
0.387693
0.365981
0.0517335
0.341198
0.0259439
0.313968
0.0690295
0.284968
0.0690295
0.254899
0.0892556
0.0892556
0.224472
0.194376
0.11225
0.165264
0.13772
0.13772
0.11225
0.165264
0.0517335
0.194376
0.0374051
0.224472
0.017129
0.0106133
0.254899
0.00595339
0.00261264
0.284968
0.313968
0.00261264
0.434141
0.341198
0.434141
0.365981
0.387693
0.00595339
0.405779
0.419772
0.0106133
0.429309
0.017129
1.67609e-33
1.67609e-33
8.06919e-34
0.00265828
0.00265828
8.06919e-34
0.010769
0.00604533
0.010769
0.00604533
0.0173426
0.0262157
0.0262157
0.0173426
0.0519822
0.0376895
0.0376895
0.0519822
0.0691369
0.0891088
0.111679
0.136548
0.0891088
0.0691369
0.191332
0.163268
0.136548
0.111679
0.220128
0.249012
0.191332
0.163268
0.304275
0.277291
0.249012
0.220128
0.277291
0.304275
0.329284
0.351672
0.351672
0.329284
0.370865
0.386344
0.386344
0.370865
0.397713
0.404652
0.406992
0.404652
0.397713
0.026409
0.353145
0.0378693
0.336449
0.31645
0.293687
0.0108957
0.0520635
0.268766
0.026409
0.0690295
0.242336
0.215074
0.187656
0.0886645
0.160734
0.110743
0.134916
0.110743
0.0886645
0.134916
0.0690295
0.160734
0.0520635
0.0378693
0.187656
0.0175182
0.215074
0.00612972
0.00269714
0.242336
0.268766
0.00269714
0.366085
0.293687
0.31645
0.336449
0.379392
0.00612972
0.353145
0.366085
0.374915
0.0108957
0.0175182
0.379392
0.374915
1.73834e-33
1.73834e-33
8.30789e-34
0.0027316
0.0027316
8.30789e-34
0.0109972
0.00619319
0.00619319
0.0109972
0.0265276
0.0176363
0.0176363
0.0265276
0.0519822
0.0379222
0.0379222
0.0519822
0.0879307
0.0686878
0.132841
0.109433
0.0879307
0.0686878
0.183376
0.157669
0.132841
0.109433
0.234922
0.209341
0.183376
0.157669
0.259454
0.282285
0.209341
0.234922
0.259454
0.282285
0.320423
0.302798
0.320423
0.302798
0.334679
0.345154
0.345154
0.334679
0.351566
0.353718
0.351566
0.0378693
0.288423
0.270152
0.249424
0.0517335
0.226824
0.011068
0.0681342
0.202975
0.0265654
0.178521
0.154104
0.0869079
0.130334
0.107774
0.107774
0.0869079
0.0681342
0.130334
0.0517335
0.154104
0.0378693
0.0177154
0.178521
0.202975
0.00624959
0.00275887
0.226824
0.249424
0.00275887
0.303716
0.270152
0.288423
0.323708
0.327825
0.00624959
0.303716
0.315593
0.323708
0.011068
0.327825
0.0177154
0.315593
0.0265654
1.78626e-33
1.78626e-33
8.48183e-34
0.00278144
0.00278144
8.48183e-34
0.0111127
0.00628313
0.00628313
0.0111127
0.0265276
0.0177349
0.0265276
0.0177349
0.0513244
0.0376893
0.0376893
0.0513244
0.0673529
0.085608
0.105761
0.127416
0.0673529
0.085608
0.150057
0.17313
0.127416
0.105761
0.196019
0.218101
0.17313
0.150057
0.257378
0.238753
0.218101
0.196019
0.238753
0.257378
0.286452
0.273439
0.273439
0.286452
0.301907
0.296042
0.296042
0.301907
0.303888
0.208818
0.0507525
0.188527
0.00279654
0.167239
0.0663687
0.145565
0.124104
0.0840357
0.0264091
0.0374052
0.103425
0.0840357
0.103425
0.0663687
0.0507525
0.124104
0.145565
0.0177155
0.011126
0.167239
0.00631028
0.188527
0.208818
0.00279654
0.227515
0.227515
0.24406
0.24406
0.25795
0.00631028
0.268762
0.276161
0.011126
0.279918
0.279918
0.0177155
0.276161
0.268762
0.0264091
0.25795
0.0374052
1.81885e-33
1.81885e-33
8.58767e-34
0.00280673
0.00280673
8.58767e-34
0.00631309
0.0111129
0.00631309
0.0111129
0.0262159
0.0176359
0.0176359
0.0262159
0.0500269
0.0369972
0.0369972
0.0500269
0.0651697
0.0822066
0.120427
0.100769
0.0822066
0.0651697
0.160894
0.140654
0.120427
0.100769
0.199043
0.180554
0.160894
0.140654
0.230295
0.2158
0.199043
0.180554
0.2158
0.230295
0.250776
0.242083
0.250776
0.242083
0.256112
0.256112
0.257904
0.0491476
0.135366
0.0637825
0.116407
0.0978229
0.0801294
0.0110682
0.0801294
0.0637825
0.0978229
0.0491476
0.0364895
0.0259441
0.116407
0.0175184
0.135366
0.00631041
0.00280934
0.154139
0.172156
0.00280934
0.154139
0.18885
0.203687
0.216188
0.203687
0.00631041
0.225943
0.232632
0.236032
0.0110682
0.236032
0.0175184
0.232632
0.225943
0.216188
0.0259441
0.0364895
0.18885
0.172156
1.8354e-33
1.8354e-33
8.62336e-34
0.00280693
0.00280693
8.62336e-34
0.0109976
0.00628241
0.00628241
0.0109976
0.0256007
0.0173417
0.0173417
0.0256007
0.0358646
0.0481257
0.0481257
0.0358646
0.0621996
0.0778229
0.094598
0.112076
0.0621996
0.0778229
0.129733
0.147026
0.094598
0.112076
0.178312
0.163399
0.129733
0.147026
0.191276
0.201842
0.178312
0.163399
0.191276
0.201842
0.214463
0.209665
0.214463
0.209665
0.216086
0.0604484
0.0911273
0.0752998
0.00279699
0.0604484
0.0752998
0.0469634
0.0911273
0.0351473
0.0251828
0.0171293
0.107464
0.0108961
0.123802
0.00624997
0.139605
0.154343
0.00279699
0.107464
0.16751
0.178648
0.139605
0.154343
0.00624997
0.187367
0.193357
0.196407
0.187367
0.0108961
0.196407
0.0171293
0.193357
0.178648
0.0251828
0.16751
0.0351473
0.123802
0.0469634
1.83558e-33
1.83558e-33
8.58817e-34
0.00278204
0.00278204
8.58817e-34
0.0107697
0.00619178
0.00619178
0.0107697
0.01686
0.0246983
0.0246983
0.01686
0.0343222
0.0456734
0.0343222
0.0456734
0.0585258
0.0725816
0.102606
0.0874266
0.0725816
0.0585258
0.117613
0.131931
0.102606
0.0874266
0.14506
0.156522
0.117613
0.131931
0.165909
0.172867
0.14506
0.156522
0.165909
0.172867
0.178595
0.177154
0.177154
0.0442603
0.0696845
0.0334148
0.0241453
0.0835305
0.016558
0.0106138
0.0975357
0.00613033
0.00275975
0.111212
0.124062
0.00275975
0.0564599
0.135613
0.0696845
0.14543
0.153142
0.00613033
0.158453
0.161161
0.124062
0.135613
0.0106138
0.161161
0.158453
0.016558
0.153142
0.14543
0.0241453
0.0334148
0.111212
0.0975357
0.0442603
0.0835305
0.0564599
1.81937e-33
1.81937e-33
8.4828e-34
0.00273259
0.00273259
8.4828e-34
0.00604326
0.0104347
0.00604326
0.0104347
0.0235325
0.0162029
0.0235325
0.0162029
0.0324121
0.0427379
0.0324121
0.0427379
0.0542518
0.0666319
0.0922908
0.0794606
0.0666319
0.0542518
0.116054
0.104646
0.0922908
0.0794606
0.134317
0.126079
0.116054
0.104646
0.144229
0.140452
0.126079
0.134317
0.144229
0.140452
0.14551
0.063443
0.0158191
0.0752511
0.0102282
0.00595422
0.00269843
0.0869086
0.097962
0.00269843
0.022859
0.107967
0.116519
0.123263
0.0519292
0.00595422
0.127922
0.130301
0.130301
0.0869086
0.0102282
0.127922
0.0158191
0.123263
0.116519
0.107967
0.022859
0.097962
0.0313391
0.0752511
0.063443
0.041113
0.0519292
0.041113
0.0313391
1.78713e-33
1.78713e-33
8.30926e-34
0.00265961
0.00265961
8.30926e-34
0.0100007
0.00584023
0.00584023
0.0100007
0.0153872
0.022134
0.022134
0.0153872
0.0301858
0.0394004
0.0394004
0.0301858
0.0601429
0.0494976
0.0709287
0.081429
0.0601429
0.0494976
0.0998599
0.0912114
0.081429
0.0709287
0.107012
0.11235
0.0998599
0.0912114
0.116766
0.115654
0.11235
0.107012
0.115654
0.0665268
0.0057256
0.0026143
0.0758908
0.084439
0.0026143
0.00974847
0.0917914
0.0976187
0.0213578
0.0289763
0.0057256
0.101657
0.103723
0.103723
0.056753
0.00974847
0.101657
0.0149314
0.0976187
0.0917914
0.084439
0.0213578
0.0758908
0.0289763
0.0665268
0.0469835
0.0376086
0.0376086
0.0469835
0.0149314
0.056753
1.73952e-33
1.73952e-33
8.07086e-34
0.00256465
0.00256465
8.07086e-34
0.00558722
0.00947801
0.00558722
0.00947801
0.0205395
0.0144335
0.0205395
0.0144335
0.0357528
0.0277035
0.0357528
0.0277035
0.053299
0.0443964
0.0620758
0.0703344
0.053299
0.0443964
0.077699
0.0838193
0.0620758
0.0703344
0.0884159
0.0912592
0.0838193
0.077699
0.092227
0.0912592
0.0884159
0.0647994
0.00250911
0.0710333
0.00250911
0.0760015
0.0794582
0.00544954
0.0812307
0.0812307
0.0196808
0.02639
0.00918612
0.0794582
0.0417611
0.0760015
0.0139169
0.0710333
0.0647994
0.0196808
0.057607
0.049804
0.02639
0.0338433
0.0338433
0.0417611
0.0139169
0.00918612
0.049804
0.00544954
0.057607
1.67754e-33
1.67754e-33
7.77205e-34
0.00244964
7.77205e-34
0.00244964
0.00887908
0.0052898
0.0052898
0.00887908
0.0133655
0.0187906
0.0133655
0.0187906
0.0318953
0.0250317
0.0250317
0.0318953
0.0390904
0.0462933
0.0531538
0.0593248
0.0462933
0.0390904
0.0644964
0.0683918
0.0593248
0.0531538
0.0716377
0.0708189
0.0683918
0.0644964
0.0708189
0.002385
0.0539495
0.0581256
0.061044
0.00513207
0.0625447
0.00855428
0.0625447
0.061044
0.00855428
0.0581256
0.012801
0.0539495
0.0487443
0.042791
0.0178714
0.0364069
0.0236492
0.02992
0.0236492
0.0178714
0.02992
0.012801
0.0364069
0.00513207
0.002385
0.042791
0.0487443
1.60247e-33
1.60247e-33
7.41825e-34
0.0023169
0.0023169
7.41825e-34
0.00821775
0.00495438
0.00495438
0.00821775
0.016932
0.0122095
0.0122095
0.016932
0.0279325
0.0222414
0.0279325
0.0222414
0.0393214
0.0337262
0.0487096
0.0444132
0.0337262
0.0393214
0.0519732
0.0540055
0.0487096
0.0444132
0.0547006
0.0519732
0.0540055
0.0460703
0.00477993
0.0473229
0.00224442
0.0473229
0.0460703
0.00786745
0.0436414
0.0116109
0.0159758
0.0208262
0.0401845
0.035908
0.0310676
0.0159758
0.0259445
0.0208262
0.0116109
0.0259445
0.00786745
0.0310676
0.00477993
0.035908
0.0401845
0.00224442
0.0436414
1.51581e-33
1.51581e-33
7.01562e-34
0.00216901
0.00216901
7.01562e-34
0.00750901
0.00458799
0.00458799
0.00750901
0.0109935
0.0150109
0.0109935
0.0150109
0.0194052
0.0239702
0.0239702
0.0194052
0.0325733
0.0284489
0.0360925
0.0387767
0.0284489
0.0325733
0.0404642
0.0410348
0.0387767
0.0360925
0.0404642
0.00440036
0.0351778
0.0341472
0.00714096
0.0321563
0.0293394
0.0103748
0.0258857
0.0220216
0.0140413
0.0179937
0.0140413
0.0179937
0.0103748
0.00714096
0.0220216
0.00440036
0.00209004
0.0258857
0.0293394
0.00209004
0.0321563
0.0341472
0.0351778
1.41923e-33
1.41923e-33
6.57084e-34
0.00200871
0.00200871
6.57084e-34
0.0067684
0.004198
0.004198
0.0067684
0.00974581
0.0130745
0.00974581
0.0130745
0.0165954
0.0201112
0.0165954
0.0201112
0.0233968
0.0262259
0.0297783
0.0284077
0.0262259
0.0233968
0.0297783
0.0302504
0.0284077
0.0248599
0.0232522
0.00639042
0.0209936
0.0091213
0.0182508
0.00639042
0.0152223
0.0121146
0.0121146
0.0091213
0.0152223
0.00400085
0.00192467
0.0182508
0.0209936
0.00192467
0.0232522
0.0256952
0.0248599
0.0256952
0.00400085
1.31453e-33
1.31453e-33
0.00183882
6.09085e-34
0.00183882
6.09085e-34
0.00601146
0.00379189
0.00379189
0.00601146
0.0111684
0.00849464
0.0111684
0.00849464
0.0138803
0.0164509
0.0138803
0.0164509
0.0204338
0.0186947
0.0219151
0.0215401
0.0186947
0.0215401
0.0204338
0.00563113
0.0147221
0.00787777
0.0125777
0.0102401
0.00787777
0.0102401
0.00563113
0.0125777
0.00358883
0.00175111
0.0147221
0.016507
0.00175111
0.0177865
0.0177865
0.0184545
0.00358883
0.0184545
0.016507
1.20354e-33
1.20354e-33
5.5825e-34
0.00166214
0.00166214
5.5825e-34
0.00525313
0.00337693
0.00337693
0.00525313
0.00933513
0.00726648
0.00726648
0.00933513
0.0113216
0.0130725
0.0130725
0.0113216
0.0144475
0.0153204
0.0156237
0.0153204
0.0144475
0.00666958
0.00666958
0.00487748
0.00845762
0.00317137
0.00157209
0.0101168
0.0115109
0.00157209
0.00845762
0.0101168
0.0125181
0.0130461
0.0130461
0.00317137
0.0125181
0.0115109
0.00487748
1.08809e-33
1.08809e-33
5.05239e-34
0.0014813
0.0014813
5.05239e-34
0.00450711
0.00295991
0.00450711
0.00295991
0.00761147
0.00608509
0.00761147
0.00608509
0.0100425
0.00897099
0.00897099
0.0100425
0.0107327
0.0109674
0.0107327
0.00275496
0.00139013
0.00680042
0.00788514
0.00139013
0.00867322
0.00414234
0.00908816
0.00908816
0.00680042
0.00275496
0.00867322
0.00788514
0.00414234
0.00551871
0.00551871
9.69895e-34
9.69895e-34
4.50651e-34
0.00129868
0.00129868
4.50651e-34
0.00254685
0.00378526
0.00254685
0.00378526
0.00602673
0.00497034
0.00602673
0.00497034
0.00740483
0.0068667
0.0068667
0.00759341
0.00740483
0.00529327
0.00591304
0.00120746
0.00120746
0.00624001
0.00624001
0.00234513
0.00591304
0.00529327
0.00444263
0.0034364
0.0034364
0.00444263
0.00234513
8.50508e-34
8.50508e-34
3.95007e-34
0.00111633
3.95007e-34
0.00111633
0.00214271
0.00309698
0.00214271
0.00309698
0.00460053
0.00393693
0.00460053
0.00393693
0.00517631
0.00503017
0.00503017
0.0010259
0.00421218
0.00421218
0.00395012
0.0019463
0.00345309
0.00276761
0.00276761
0.0019463
0.0010259
0.00345309
0.00395012
7.31261e-34
7.31261e-34
3.38733e-34
0.000935854
0.000935854
3.38733e-34
0.00244864
0.0017512
0.0017512
0.00244864
0.00299325
0.00334064
0.00299325
0.00334064
0.00346235
0.00255491
0.00156146
0.00214059
0.00156146
0.000846827
0.00214059
0.00255491
0.000846827
0.002772
0.002772
6.13205e-34
6.13205e-34
2.82151e-34
0.000758373
0.000758373
2.82151e-34
0.00184302
0.0013745
0.0013745
0.00184302
0.00214021
0.00214021
0.00224085
0.00119204
0.00119204
0.000671092
0.00155615
0.00174492
0.000671092
0.00174492
0.00155615
4.97068e-34
4.97068e-34
2.25475e-34
0.000584469
2.25475e-34
0.000584469
0.00101315
0.00127885
0.00101315
0.00127885
0.00137018
0.00101083
0.000499007
0.00101083
0.000837753
0.000499007
0.000837753
3.83231e-34
3.83231e-34
0.000414186
1.68823e-34
0.000414186
1.68823e-34
0.000665927
0.000665927
0.000750383
0.00033035
0.000496499
0.00033035
0.000496499
2.71722e-34
2.71722e-34
1.12238e-34
0.000247045
0.000247045
1.12238e-34
0.000329786
0.000164403
0.000164403
1.62225e-34
1.62225e-34
5.57217e-35
5.57217e-35
8.20929e-05
1.52538e-37
5.41185e-35
5.41185e-35
