1.67516e-37
5.7803e-35
5.7803e-35
5.95712e-35
1.73228e-34
8.77096e-05
0.000175639
5.95712e-35
1.73228e-34
0.000175639
1.20021e-34
0.000352849
2.90066e-34
0.000263908
0.000352263
0.000530236
0.000530236
0.000263908
0.000352849
2.90066e-34
1.20021e-34
1.80555e-34
0.000532817
4.08952e-34
0.000442335
0.000894072
0.00107839
0.00071094
0.000801018
1.80555e-34
0.000532817
0.00071094
0.00107839
0.000894072
0.000442335
4.08952e-34
2.41176e-34
0.000623957
0.000716269
5.30199e-34
0.0010808
0.00127106
0.0016577
0.00136339
0.00185773
0.00146033
0.00185773
0.00136339
0.000623957
5.30199e-34
0.000716269
2.41176e-34
0.00127106
0.0010808
0.0016577
3.01835e-34
6.53767e-34
0.000809251
0.000903415
0.00146491
0.00166328
0.0022763
0.00196163
0.000903415
6.53767e-34
0.000809251
3.01835e-34
0.00294161
0.00238202
0.00271322
0.00227573
0.00227573
0.0022763
0.00271322
0.00146491
0.00294161
0.00196163
0.00166328
3.62405e-34
0.00109391
7.79246e-34
0.000998155
0.00186446
0.00207099
0.00293764
0.0026015
0.00353878
0.0031744
0.00365715
0.00417688
7.79246e-34
0.00109391
0.000998155
3.62405e-34
0.00186446
0.00293764
0.00207099
0.0026015
0.00366614
0.00445029
0.00353878
0.00445029
0.00365715
0.00417688
0.0031744
4.22652e-34
0.00128685
9.05865e-34
0.00119004
0.00227885
0.00249268
0.00364082
0.00328421
0.00557751
0.004856
0.00416394
0.00469263
0.0053027
0.00622014
0.00655854
0.00545456
4.22652e-34
0.00128685
9.05865e-34
0.00119004
0.00227885
0.00249268
0.00364082
0.00328421
0.00622014
0.00557751
0.00469263
0.00655854
0.00416394
0.0053027
0.004856
4.82229e-34
0.00148079
1.03252e-33
0.00138373
0.00270579
0.00292521
0.00438105
0.00400684
0.00581465
0.00714232
0.00633979
0.00524333
0.00720843
0.00826159
0.00907277
0.00776381
0.00138373
4.82229e-34
0.00148079
1.03252e-33
0.00795812
0.00949926
0.00949926
0.00776381
0.00292521
0.00438105
0.00270579
0.00400684
0.00633979
0.00826159
0.00907277
0.00581465
0.00524333
0.00720843
0.00714232
5.40676e-34
0.00167381
1.15781e-33
0.00157752
0.00476284
0.00314143
0.00336402
0.00515014
0.00701122
0.00885707
0.00798217
0.00640394
0.00938218
0.0105627
0.0119919
0.0104827
0.0111903
0.0130224
0.0135622
0.0114308
1.15781e-33
0.00157752
5.40676e-34
0.00167381
0.00515014
0.00336402
0.00476284
0.00314143
0.0135622
0.0130224
0.0111903
0.0104827
0.00798217
0.00640394
0.00701122
0.00885707
0.0105627
0.0119919
0.00938218
5.97434e-34
0.00186356
1.2801e-33
0.00176927
0.00358061
0.00593712
0.00554254
0.00380333
0.00176927
0.00186356
1.2801e-33
5.97434e-34
0.00826451
0.0106967
0.0097632
0.00763077
0.0118022
0.0152844
0.0135942
0.0130928
0.0158893
0.0171049
0.0184083
0.0149986
0.0190882
0.0161985
0.0158893
0.0190882
0.00380333
0.00593712
0.00554254
0.00358061
0.0106967
0.00826451
0.0097632
0.00763077
0.0184083
0.0171049
0.0130928
0.0149986
0.0152844
0.0118022
0.0135942
6.51859e-34
0.0020474
1.39759e-33
0.00195648
0.00401708
0.00423645
0.00672878
0.00633377
0.00195648
0.0020474
1.39759e-33
6.51859e-34
0.00955209
0.0126273
0.0116531
0.00890358
0.00423645
0.00633377
0.00672878
0.00401708
0.0144298
0.0158058
0.0170537
0.0188939
0.0211086
0.0216849
0.0239799
0.0193393
0.0264594
0.022614
0.0256118
0.0222328
0.0222328
0.0264594
0.0256118
0.0211086
0.00890358
0.0126273
0.00955209
0.0116531
0.0239799
0.0170537
0.0188939
0.0158058
0.0144298
0.0193393
0.0216849
7.03245e-34
0.00213637
0.00222247
1.50837e-33
0.00444381
0.00465602
0.00751036
0.00712246
0.0108482
0.0146084
0.0136145
0.0101981
0.00213637
0.00222247
1.50837e-33
7.03245e-34
0.00751036
0.00465602
0.00712246
0.00444381
0.0172126
0.018644
0.0227443
0.0207943
0.0108482
0.0136145
0.0101981
0.0146084
0.0241344
0.0266694
0.0301724
0.0270063
0.0292189
0.030608
0.0330266
0.0350425
0.0360856
0.030608
0.0310863
0.0360856
0.0292189
0.0330266
0.0350425
0.0270063
0.018644
0.0266694
0.0207943
0.0172126
0.0301724
0.0241344
0.0227443
7.50858e-34
1.61051e-33
0.00230602
0.00238582
0.00485324
0.00505433
0.00826612
0.00789327
0.0121247
0.0165952
0.0156045
0.0114874
0.00230602
0.00238582
1.61051e-33
7.50858e-34
0.0200883
0.0215412
0.0267447
0.0247319
0.00826612
0.00505433
0.00789327
0.00485324
0.0156045
0.0165952
0.0121247
0.0114874
0.0319419
0.0292781
0.0368448
0.0334584
0.0215412
0.0200883
0.0247319
0.0267447
0.0397375
0.0370216
0.0446674
0.0411721
0.0414439
0.047122
0.042021
0.0483876
0.0483876
0.0397375
0.0414439
0.047122
0.0370216
0.0334584
0.0292781
0.0411721
0.0319419
0.0368448
0.0446674
7.93956e-34
0.00253451
1.70213e-33
0.00246247
0.00523763
0.00542363
0.00898005
0.00863025
0.0133527
0.0185402
0.0127427
0.0175766
0.0229876
0.0244258
0.0307945
0.0287702
0.00246247
0.00253451
1.70213e-33
7.93956e-34
0.00542363
0.00898005
0.00863025
0.00523763
0.0438291
0.0373688
0.0346447
0.0403093
0.0185402
0.0133527
0.0175766
0.0127427
0.0287702
0.0229876
0.0244258
0.0307945
0.0551045
0.0498004
0.0454586
0.049847
0.0346447
0.0438291
0.0373688
0.0403093
0.0551486
0.0530967
0.0622655
0.0593204
0.0637795
0.0558503
0.0551486
0.0637795
0.0498004
0.0551045
0.049847
0.0530967
0.0622655
0.0593204
0.0454586
8.31826e-34
0.00266574
1.78148e-33
0.00260284
0.00558931
0.0057564
0.00963638
0.00931742
0.0145033
0.013935
0.0203953
0.0194827
0.0258377
0.0272242
0.0347881
0.0328055
8.31826e-34
1.78148e-33
0.00260284
0.00266574
0.0473807
0.0400947
0.0428065
0.0509395
0.00558931
0.0057564
0.00963638
0.00931742
0.0203953
0.0145033
0.0194827
0.013935
0.0588214
0.0660805
0.0605434
0.0543128
0.0328055
0.0347881
0.0258377
0.0272242
0.0400947
0.0428065
0.0473807
0.0509395
0.0723688
0.0773781
0.0657619
0.0696912
0.0660805
0.0588214
0.0543128
0.0605434
0.0729643
0.0721386
0.0826489
0.0808625
0.0723688
0.0826489
0.0773781
0.0808625
0.0696912
0.0721386
0.0657619
8.6381e-34
0.00277693
1.84696e-33
0.00272442
0.005901
0.00604564
0.0102202
0.00993941
0.0150358
0.0155486
0.0221137
0.0212753
0.0285648
0.0298633
0.0386185
0.0367309
0.00272442
0.00277693
1.84696e-33
8.6381e-34
0.0544814
0.0454817
0.0481072
0.0579807
0.005901
0.00993941
0.0102202
0.00604564
0.0772934
0.071677
0.0678477
0.0633441
0.0155486
0.0221137
0.0212753
0.0150358
0.0367309
0.0386185
0.0298633
0.0285648
0.085911
0.0933198
0.0852723
0.0791034
0.0579807
0.0454817
0.0481072
0.0544814
0.0772934
0.0678477
0.0633441
0.071677
0.0927687
0.0899041
0.09919
0.103257
0.0852723
0.0791034
0.0933198
0.085911
0.105338
0.0937436
0.0927687
0.0899041
0.103257
0.09919
0.105338
8.89328e-34
0.00286585
1.89726e-33
0.00282479
0.00616605
0.00628511
0.0107181
0.0104819
0.00282479
0.00286585
1.89726e-33
8.89328e-34
0.0160184
0.016463
0.0236513
0.0229087
0.0310972
0.0322733
0.0421819
0.0404406
0.0647562
0.0614143
0.0506581
0.0531247
0.0104819
0.00616605
0.0107181
0.00628511
0.076672
0.08289
0.0884263
0.0723006
0.0160184
0.0236513
0.0229087
0.016463
0.101462
0.0995646
0.109642
0.0927496
0.0421819
0.0322733
0.0404406
0.0310972
0.0647562
0.0531247
0.0506581
0.0614143
0.11404
0.118252
0.125042
0.108665
0.0884263
0.076672
0.0723006
0.08289
0.109642
0.101462
0.0927496
0.0995646
0.117366
0.118486
0.132125
0.129731
0.11404
0.108665
0.118252
0.125042
0.132125
0.117366
0.129731
9.07907e-34
0.00293066
1.93133e-33
0.00290191
0.00637868
0.00646953
0.0111182
0.0109323
0.0168584
0.0172238
0.0249682
0.0243408
0.00290191
0.00293066
1.93133e-33
9.07907e-34
0.0109323
0.0111182
0.00637868
0.00646953
0.0333675
0.0343896
0.045381
0.0438337
0.0577196
0.0710751
0.0679849
0.0554805
0.0850432
0.0938631
0.0991603
0.0809285
0.0168584
0.0243408
0.0249682
0.0172238
0.112937
0.125876
0.1178
0.106311
0.0333675
0.0438337
0.0343896
0.045381
0.137502
0.147381
0.127891
0.136182
0.0679849
0.0710751
0.0577196
0.0554805
0.0850432
0.0938631
0.0809285
0.0991603
0.146156
0.15514
0.160482
0.142356
0.1178
0.112937
0.125876
0.106311
0.127891
0.147381
0.136182
0.137502
0.147445
0.142356
0.163206
0.163206
0.146156
0.15514
0.160482
9.19192e-34
0.00297001
1.94846e-33
0.00295417
0.00653418
0.00659479
0.011411
0.0112798
0.0175349
0.0178119
0.0260302
0.0255342
0.0353147
0.046817
0.0361555
0.0481279
0.00295417
0.00297001
1.94846e-33
9.19192e-34
0.00659479
0.0112798
0.011411
0.00653418
0.0255342
0.0260302
0.0178119
0.0175349
0.0617634
0.0767587
0.0740076
0.0598144
0.104281
0.109186
0.0889816
0.092722
0.141548
0.133811
0.12564
0.119396
0.046817
0.0353147
0.0481279
0.0361555
0.147024
0.156378
0.169624
0.158556
0.0598144
0.0617634
0.0740076
0.0767587
0.167998
0.189594
0.174997
0.180827
0.109186
0.092722
0.104281
0.0889816
0.141548
0.12564
0.133811
0.119396
0.198684
0.179307
0.195618
0.180757
0.147024
0.156378
0.158556
0.169624
0.174997
0.167998
0.198684
0.195618
0.180827
0.179307
0.189594
9.22969e-34
0.00298306
1.94828e-33
0.00298047
0.00662905
0.00665807
0.0115895
0.0115162
0.0180308
0.0182124
0.0268093
0.0264578
0.00298047
0.00298306
1.94828e-33
9.22969e-34
0.0368867
0.050347
0.0493087
0.0375234
0.0651431
0.0816458
0.0793119
0.0635387
0.0115162
0.0115895
0.00665807
0.00662905
0.0264578
0.0268093
0.0182124
0.0180308
0.0368867
0.0375234
0.0493087
0.050347
0.113842
0.0962296
0.118214
0.0994885
0.1562
0.149029
0.137304
0.131623
0.165503
0.174326
0.191116
0.180505
0.0793119
0.0635387
0.0651431
0.0816458
0.206037
0.204166
0.218605
0.193541
0.0962296
0.113842
0.118214
0.0994885
0.216854
0.228411
0.235134
0.212031
0.149029
0.1562
0.137304
0.131623
0.191116
0.174326
0.180505
0.165503
0.238552
0.218485
0.216854
0.238552
0.206037
0.193541
0.235134
0.218605
0.204166
0.212031
0.228411
9.19164e-34
0.00296956
1.9308e-33
0.00298027
0.00666115
0.00665795
0.0116494
0.0116357
0.0183335
0.0184152
0.0272851
0.0270874
0.0380409
0.0384564
0.0519773
0.0512402
0.00298027
0.00296956
1.9308e-33
9.19164e-34
0.00665795
0.0116357
0.0116494
0.00666115
0.0677642
0.0855981
0.0837474
0.0665492
0.105149
0.125983
0.122271
0.102465
0.0184152
0.0183335
0.0270874
0.0272851
0.0512402
0.0380409
0.0519773
0.0384564
0.0677642
0.0665492
0.0855981
0.0837474
0.163008
0.169403
0.147591
0.142638
0.182786
0.190818
0.211223
0.201381
0.230022
0.21823
0.246653
0.232802
0.102465
0.122271
0.105149
0.125983
0.271478
0.260614
0.253387
0.24465
0.142638
0.147591
0.169403
0.163008
0.25875
0.278914
0.28269
0.260551
0.211223
0.201381
0.182786
0.190818
0.21823
0.230022
0.232802
0.246653
0.25875
0.253387
0.28269
0.278914
0.24465
0.260614
0.271478
9.07852e-34
0.00292978
1.89638e-33
0.00295357
0.00662976
0.00659441
0.0115893
0.0116356
0.0274063
0.0184354
0.0184152
0.027445
0.00295357
0.00292978
1.89638e-33
9.07852e-34
0.0387461
0.0389293
0.0529738
0.0525581
0.0695534
0.0885037
0.0871887
0.0687617
0.00659441
0.0116356
0.0115893
0.00662976
0.0274063
0.027445
0.0184354
0.0184152
0.109542
0.132271
0.129325
0.107509
0.156202
0.17534
0.152121
0.180772
0.0525581
0.0529738
0.0389293
0.0387461
0.0871887
0.0687617
0.0695534
0.0885037
0.132271
0.109542
0.107509
0.129325
0.198364
0.22057
0.229351
0.20537
0.241332
0.252072
0.272905
0.260053
0.289271
0.306633
0.276195
0.291266
0.152121
0.17534
0.180772
0.156202
0.298907
0.3048
0.318566
0.326719
0.198364
0.229351
0.22057
0.20537
0.330855
0.330855
0.30679
0.3048
0.252072
0.272905
0.241332
0.260053
0.326719
0.318566
0.291266
0.276195
0.306633
0.298907
0.289271
8.89254e-34
0.00286456
1.84577e-33
0.00290093
0.00653557
0.00646891
0.0114106
0.0115158
0.027285
0.0274062
0.018334
0.0182122
0.0389834
0.0389293
0.053309
0.0532263
0.00290093
0.00286456
1.84577e-33
8.89254e-34
0.00646891
0.0115158
0.0114106
0.00653557
0.0704607
0.0902806
0.0895383
0.0701145
0.112542
0.136895
0.134801
0.111219
0.0274062
0.027285
0.0182122
0.018334
0.0532263
0.0389834
0.053309
0.0389293
0.162887
0.189977
0.159796
0.185664
0.211781
0.237504
0.244967
0.217555
0.0704607
0.0701145
0.0902806
0.0895383
0.111219
0.134801
0.136895
0.112542
0.159796
0.185664
0.189977
0.162887
0.262165
0.285111
0.271535
0.296581
0.305725
0.339548
0.319455
0.323434
0.356322
0.337756
0.36932
0.348279
0.211781
0.237504
0.217555
0.244967
0.382687
0.35472
0.356882
0.37819
0.262165
0.271535
0.296581
0.285111
0.35472
0.382687
0.37819
0.348279
0.323434
0.319455
0.305725
0.339548
0.356322
0.337756
0.36932
8.63724e-34
0.00277527
1.78e-33
0.00282346
0.00638072
0.00628427
0.0111176
0.0112791
0.0178116
0.0268091
0.0270872
0.0180317
0.00282346
0.00277527
1.78e-33
8.63724e-34
0.0387463
0.0384564
0.0529737
0.0532263
0.0704607
0.0908786
0.0705696
0.09073
0.00628427
0.0112791
0.0111176
0.00638072
0.0270872
0.0268091
0.0180317
0.0178116
0.114064
0.139724
0.138541
0.113487
0.193681
0.167454
0.196748
0.165442
0.0384564
0.0387463
0.0529737
0.0532263
0.0705696
0.09073
0.0908786
0.0704607
0.222645
0.227019
0.251686
0.257612
0.280113
0.287837
0.316982
0.307232
0.114064
0.139724
0.113487
0.138541
0.196748
0.167454
0.165442
0.193681
0.257612
0.222645
0.251686
0.227019
0.332362
0.354855
0.344343
0.369241
0.409218
0.391052
0.389684
0.374135
0.408073
0.423273
0.432851
0.401103
0.280113
0.316982
0.287837
0.307232
0.408073
0.437703
0.410422
0.437703
0.369241
0.354855
0.332362
0.344343
0.401103
0.409218
0.391052
0.423273
0.432851
0.374135
0.389684
8.31741e-34
0.00266376
1.70041e-33
0.00272278
0.00616867
0.0109313
0.00604461
0.0107174
0.0172234
0.0260299
0.0264575
0.0175362
0.00272278
0.00266376
1.70041e-33
8.31741e-34
0.0380412
0.0375233
0.0519773
0.0525581
0.00604461
0.0109313
0.0107174
0.00616867
0.0695534
0.0701144
0.0902807
0.09073
0.114064
0.140676
0.140438
0.114251
0.0175362
0.0264575
0.0260299
0.0172234
0.0375233
0.0525581
0.0380412
0.0519773
0.199159
0.169771
0.200891
0.168896
0.233485
0.230638
0.266917
0.262702
0.0701144
0.0902807
0.09073
0.0695534
0.140438
0.140676
0.114064
0.114251
0.294649
0.333506
0.325762
0.3005
0.394832
0.355315
0.365194
0.3826
0.200891
0.169771
0.168896
0.199159
0.230638
0.262702
0.266917
0.233485
0.294649
0.3005
0.325762
0.333506
0.427775
0.406957
0.421722
0.445218
0.464751
0.479839
0.456832
0.444546
0.495313
0.466856
0.490112
0.464338
0.3826
0.365194
0.355315
0.394832
0.495313
0.464338
0.490112
0.456832
0.479839
0.427775
0.464751
0.406957
0.444546
0.421722
0.445218
7.93886e-34
0.00253228
1.60859e-33
0.00260094
0.00260094
0.00253228
1.60859e-33
7.93886e-34
0.00590412
0.0102194
0.0104808
0.00575521
0.0164625
0.0249679
0.0255337
0.0168601
0.0368872
0.0361553
0.050347
0.0512401
0.0104808
0.0102194
0.00590412
0.00575521
0.0687616
0.0677643
0.0885038
0.0895385
0.0255337
0.0249679
0.0164625
0.0168601
0.112542
0.139724
0.140438
0.113487
0.169771
0.202286
0.201937
0.170058
0.0361553
0.0512401
0.0368872
0.050347
0.0677643
0.0885038
0.0687616
0.0895385
0.235528
0.236765
0.272611
0.270229
0.305346
0.309154
0.340157
0.345666
0.139724
0.112542
0.113487
0.140438
0.169771
0.170058
0.201937
0.202286
0.373908
0.381392
0.415561
0.405846
0.435245
0.476247
0.447419
0.461415
0.235528
0.270229
0.236765
0.272611
0.305346
0.345666
0.309154
0.340157
0.373908
0.415561
0.405846
0.381392
0.522244
0.501697
0.483748
0.501384
0.549284
0.538338
0.514846
0.522858
0.522858
0.525556
0.554824
0.554824
0.435245
0.461415
0.476247
0.447419
0.549284
0.501697
0.514846
0.538338
0.501384
0.522244
0.483748
7.5082e-34
0.0023834
1.5063e-33
0.00246037
0.00559284
0.00542231
0.00963548
0.0099381
0.00246037
0.0023834
1.5063e-33
7.5082e-34
0.0099381
0.00963548
0.00559284
0.00542231
0.015548
0.0236509
0.0243402
0.0160204
0.0353154
0.0343894
0.0481278
0.0493087
0.0665489
0.0651432
0.0855982
0.0871889
0.0160204
0.015548
0.0243402
0.0236509
0.109542
0.136895
0.138541
0.111218
0.0493087
0.0481278
0.0353154
0.0343894
0.167455
0.200891
0.201938
0.168896
0.237174
0.274527
0.274048
0.236765
0.0665489
0.0855982
0.0651432
0.0871889
0.136895
0.138541
0.109542
0.111218
0.313544
0.353108
0.311891
0.349994
0.387592
0.392462
0.430818
0.423906
0.200891
0.168896
0.201938
0.167455
0.236765
0.274048
0.237174
0.274527
0.458161
0.467385
0.501386
0.489604
0.541324
0.558797
0.517539
0.532082
0.349994
0.311891
0.313544
0.353108
0.392462
0.387592
0.430818
0.423906
0.458161
0.501386
0.489604
0.467385
0.597995
0.580935
0.560428
0.574392
0.585767
0.582911
0.609591
0.615455
0.582911
0.615455
0.574392
0.609591
0.517539
0.560428
0.558797
0.532082
0.580935
0.597995
0.541324
7.0326e-34
0.00230378
0.00221993
1.39544e-33
0.00524146
0.00505292
0.00897907
0.00931598
0.0145025
0.0221132
0.022908
0.0150381
0.00230378
0.00221993
1.39544e-33
7.0326e-34
0.00505292
0.00931598
0.00897907
0.00524146
0.022908
0.0221132
0.0145025
0.0150381
0.0333682
0.032273
0.0453809
0.0468169
0.0635383
0.0617635
0.081646
0.0837477
0.107508
0.105149
0.132271
0.134801
0.032273
0.0468169
0.0333682
0.0453809
0.162888
0.196749
0.199159
0.165441
0.0635383
0.081646
0.0837477
0.0617635
0.274048
0.235528
0.233485
0.272611
0.355613
0.314094
0.313545
0.354986
0.105149
0.107508
0.134801
0.132271
0.165441
0.199159
0.196749
0.162888
0.395965
0.440156
0.436249
0.398079
0.475029
0.519889
0.481031
0.511506
0.274048
0.235528
0.233485
0.272611
0.355613
0.313545
0.354986
0.314094
0.588413
0.574532
0.555935
0.544915
0.616634
0.599722
0.619915
0.639989
0.395965
0.440156
0.436249
0.398079
0.475029
0.519889
0.481031
0.511506
0.574532
0.544915
0.588413
0.555935
0.634678
0.670182
0.643664
0.65797
0.676357
0.676357
0.646688
0.643664
0.634678
0.639989
0.65797
0.670182
0.616634
0.619915
0.599722
6.51948e-34
1.27792e-33
0.00213405
0.00204482
0.00485725
0.00465457
0.0082651
0.00862871
0.0133519
0.0203948
0.0212746
0.0139374
0.00213405
0.00204482
1.27792e-33
6.51948e-34
0.031098
0.0298631
0.0421818
0.0438335
0.00465457
0.00862871
0.0082651
0.00485725
0.0139374
0.0133519
0.0212746
0.0203948
0.0298631
0.0438335
0.0421818
0.031098
0.0598139
0.0577197
0.0767589
0.0793122
0.0994888
0.125984
0.129326
0.102464
0.156203
0.189977
0.193682
0.159795
0.0598139
0.0793122
0.0767589
0.0577197
0.230636
0.266918
0.270229
0.227019
0.125984
0.129326
0.0994888
0.102464
0.309154
0.353108
0.31189
0.354986
0.443299
0.398784
0.398079
0.442512
0.189977
0.156203
0.159795
0.193682
0.270229
0.230636
0.266918
0.227019
0.526475
0.485351
0.487956
0.531214
0.572238
0.600336
0.565067
0.610214
0.309154
0.353108
0.31189
0.354986
0.443299
0.398079
0.398784
0.442512
0.674015
0.658066
0.644374
0.631559
0.698517
0.679308
0.69481
0.717365
0.485351
0.531214
0.526475
0.487956
0.610214
0.600336
0.565067
0.572238
0.631559
0.658066
0.644374
0.674015
0.707421
0.704256
0.730159
0.736625
0.736625
0.704256
0.69481
0.717365
0.730159
0.698517
0.679308
5.97621e-34
0.00186103
1.15565e-33
0.00195417
0.00195417
0.00186103
1.15565e-33
5.97621e-34
0.00444788
0.004235
0.00750932
0.00789169
0.0121239
0.0185396
0.0194819
0.0127452
0.0285657
0.0272239
0.0386184
0.0404405
0.00789169
0.00750932
0.00444788
0.004235
0.05548
0.0531248
0.0710754
0.074008
0.0194819
0.0121239
0.0185396
0.0127452
0.0386184
0.0272239
0.0404405
0.0285657
0.05548
0.074008
0.0710754
0.0531248
0.0962281
0.0927224
0.118214
0.122272
0.147592
0.180773
0.185665
0.152119
0.222643
0.262703
0.217556
0.257613
0.118214
0.122272
0.0927224
0.0962281
0.300501
0.349995
0.305344
0.345667
0.147592
0.152119
0.185665
0.180773
0.440156
0.442512
0.395964
0.392462
0.534071
0.488826
0.535026
0.487956
0.262703
0.222643
0.217556
0.257613
0.349995
0.305344
0.300501
0.345667
0.580511
0.623557
0.617973
0.5774
0.663335
0.687713
0.699063
0.654996
0.392462
0.395964
0.442512
0.440156
0.535026
0.487956
0.488826
0.534071
0.755597
0.730026
0.737677
0.71547
0.753889
0.763747
0.788587
0.775253
0.5774
0.580511
0.617973
0.623557
0.654996
0.663335
0.699063
0.687713
0.730026
0.755597
0.71547
0.737677
0.767063
0.795325
0.795325
0.763747
0.775253
0.788587
0.753889
5.40985e-34
0.0016714
1.03044e-33
0.00176704
5.40985e-34
0.00176704
0.0016714
1.03044e-33
0.00402109
0.00380193
0.00672776
0.00712088
0.00712088
0.00672776
0.00402109
0.00380193
0.01149
0.0108474
0.0165947
0.0175757
0.0258387
0.0244255
0.034788
0.0367307
0.0506576
0.0481073
0.0647565
0.0679853
0.0175757
0.0165947
0.0108474
0.01149
0.08898
0.0850436
0.109186
0.113843
0.0244255
0.0367307
0.034788
0.0258387
0.0506576
0.0679853
0.0647565
0.0481073
0.0850436
0.08898
0.113843
0.109186
0.137305
0.169404
0.175341
0.142636
0.211779
0.244967
0.205371
0.251687
0.340158
0.294647
0.287838
0.333506
0.137305
0.169404
0.175341
0.142636
0.436249
0.381393
0.38759
0.430819
0.205371
0.251687
0.244967
0.211779
0.531214
0.534071
0.481032
0.48535
0.580511
0.626924
0.628049
0.581551
0.340158
0.333506
0.287838
0.294647
0.38759
0.436249
0.381393
0.430819
0.714393
0.66934
0.672957
0.707977
0.751563
0.783742
0.770989
0.742091
0.531214
0.48535
0.481032
0.534071
0.581551
0.626924
0.580511
0.628049
0.794107
0.810958
0.830694
0.810296
0.821217
0.824652
0.844526
0.851513
0.672957
0.66934
0.707977
0.714393
0.783742
0.742091
0.770989
0.751563
0.851513
0.794107
0.844526
0.821217
0.810958
0.830694
0.810296
0.00157543
0.00147858
9.0391e-34
4.82682e-34
4.82682e-34
0.00147858
9.0391e-34
0.00157543
0.00358442
0.0033627
0.00593615
0.00633224
0.00358442
0.0033627
0.00633224
0.00593615
0.00955133
0.0146079
0.0156037
0.0102007
0.0156037
0.0146079
0.00955133
0.0102007
0.0229886
0.0215409
0.0307944
0.0328054
0.0454811
0.0428066
0.057981
0.0614148
0.0809266
0.0766725
0.0991609
0.104282
0.0307944
0.0215409
0.0328054
0.0229886
0.131621
0.125641
0.156201
0.163009
0.0428066
0.0454811
0.0614148
0.057981
0.0991609
0.0809266
0.104282
0.0766725
0.131621
0.163009
0.156201
0.125641
0.237505
0.198361
0.190819
0.229352
0.325763
0.28011
0.316983
0.271536
0.423907
0.365194
0.415562
0.373905
0.237505
0.229352
0.198361
0.190819
0.526475
0.467386
0.51989
0.475027
0.325763
0.271536
0.28011
0.316983
0.572238
0.623557
0.577399
0.626924
0.718261
0.719554
0.674168
0.672957
0.423907
0.415562
0.365194
0.373905
0.467386
0.475027
0.526475
0.51989
0.762493
0.800969
0.79376
0.758384
0.83425
0.847647
0.861693
0.823715
0.577399
0.623557
0.626924
0.572238
0.672957
0.674168
0.718261
0.719554
0.865099
0.882762
0.897045
0.875703
0.875703
0.879269
0.904257
0.904257
0.79376
0.758384
0.800969
0.762493
0.83425
0.861693
0.847647
0.897045
0.882762
0.823715
0.865099
0.00138184
0.00128489
7.77457e-34
4.23272e-34
0.0055411
0.00514924
0.00314494
0.00292402
4.23272e-34
0.00128489
7.77457e-34
0.00138184
0.00314494
0.00292402
0.00514924
0.0055411
0.00826379
0.0126267
0.0136137
0.00890603
0.0126267
0.00826379
0.00890603
0.0136137
0.0200892
0.0186437
0.0267446
0.0287701
0.0186437
0.0287701
0.0267446
0.0200892
0.0400941
0.0373689
0.0509398
0.0544819
0.0722986
0.0678482
0.088427
0.0938641
0.112938
0.141549
0.149031
0.119393
0.0373689
0.0400941
0.0544819
0.0509398
0.182782
0.174327
0.211224
0.220571
0.0678482
0.088427
0.0722986
0.0938641
0.141549
0.119393
0.149031
0.112938
0.174327
0.220571
0.182782
0.211224
0.252073
0.262161
0.296582
0.307233
0.405847
0.344344
0.394833
0.355312
0.501386
0.44742
0.511507
0.458158
0.307233
0.296582
0.252073
0.262161
0.555936
0.617974
0.610215
0.565065
0.344344
0.355312
0.405847
0.394833
0.714393
0.663335
0.718261
0.669339
0.763869
0.806768
0.805315
0.762493
0.511507
0.501386
0.458158
0.44742
0.617974
0.565065
0.555936
0.610215
0.872726
0.841837
0.846406
0.880666
0.908899
0.897405
0.930566
0.915377
0.714393
0.669339
0.663335
0.718261
0.763869
0.806768
0.805315
0.762493
0.929973
0.945248
0.926312
0.952661
0.926312
0.945248
0.915377
0.952661
0.872726
0.846406
0.880666
0.841837
0.930566
0.908899
0.897405
0.00118841
0.00109226
6.52173e-34
3.63209e-34
0.00476154
0.00438025
0.0027089
0.00249165
3.63209e-34
0.00109226
6.52173e-34
0.00118841
0.0116524
0.0106962
0.00701057
0.00763305
0.0027089
0.00249165
0.00438025
0.00476154
0.00701057
0.0106962
0.0116524
0.00763305
0.0172135
0.0158055
0.0227442
0.0247318
0.0247318
0.0227442
0.0172135
0.0158055
0.0346441
0.031942
0.0438294
0.0473812
0.0346441
0.0473812
0.0438294
0.031942
0.0633422
0.0588218
0.0772941
0.0828911
0.106308
0.0995655
0.125877
0.133813
0.165499
0.156379
0.191118
0.201383
0.0772941
0.0633422
0.0828911
0.0588218
0.285113
0.241328
0.272906
0.230023
0.0995655
0.125877
0.133813
0.106308
0.156379
0.201383
0.191118
0.165499
0.285113
0.230023
0.241328
0.272906
0.369243
0.319456
0.382602
0.332358
0.476248
0.489605
0.421723
0.435241
0.600337
0.532083
0.588414
0.544912
0.319456
0.382602
0.369243
0.332358
0.644375
0.699063
0.707978
0.654994
0.421723
0.476248
0.489605
0.435241
0.751564
0.800969
0.758383
0.805316
0.847937
0.846406
0.885453
0.887053
0.544912
0.532083
0.600337
0.588414
0.707978
0.654994
0.699063
0.644375
0.942496
0.951083
0.922164
0.917178
0.97215
0.960945
0.973268
0.988297
0.758383
0.800969
0.751564
0.805316
0.887053
0.847937
0.846406
0.885453
0.975917
0.97215
0.995884
0.995884
0.942496
0.922164
0.960945
0.988297
0.917178
0.951083
0.973268
0.000996813
0.000902111
5.28816e-34
3.02833e-34
0.0040057
0.00364014
0.00228148
0.00207015
3.02833e-34
0.000902111
5.28816e-34
0.000996813
0.0097625
0.00885664
0.00581408
0.00640598
0.00228148
0.00207015
0.00364014
0.0040057
0.0207942
0.0188938
0.0144306
0.0130925
0.00581408
0.00885664
0.0097625
0.00640598
0.0144306
0.0130925
0.0188938
0.0207942
0.0292776
0.0266695
0.0368451
0.0403097
0.0292776
0.0403097
0.0368451
0.0266695
0.0543109
0.0498475
0.0660812
0.071678
0.0498475
0.0543109
0.071678
0.0660812
0.0859119
0.109643
0.117801
0.0927465
0.14702
0.137504
0.169625
0.180506
0.218225
0.260055
0.206038
0.246654
0.0859119
0.117801
0.109643
0.0927465
0.291267
0.354857
0.339549
0.30572
0.137504
0.169625
0.180506
0.14702
0.246654
0.206038
0.260055
0.218225
0.339549
0.291267
0.30572
0.354857
0.461417
0.391053
0.445219
0.406953
0.501385
0.574534
0.558798
0.517535
0.616635
0.674015
0.687714
0.631556
0.445219
0.461417
0.391053
0.406953
0.783743
0.730026
0.742089
0.79376
0.574534
0.517535
0.501385
0.558798
0.83425
0.880666
0.841836
0.885453
0.95799
0.923835
0.922164
0.95626
0.687714
0.616635
0.631556
0.674015
0.783743
0.742089
0.79376
0.730026
0.982144
1.00098
1.01011
0.987488
1.02543
1.01244
1.01627
1.03316
0.885453
0.83425
0.880666
0.841836
0.923835
0.95626
0.922164
0.95799
0.987488
1.00098
1.01011
1.01244
1.03316
1.02543
0.982144
0.000808222
0.000715321
4.0778e-34
2.42367e-34
0.00328326
0.0029371
0.00186656
0.00166263
2.42367e-34
0.000715321
4.0778e-34
0.000808222
0.00798155
0.00714194
0.00469215
0.00524508
0.00186656
0.00166263
0.0029371
0.00328326
0.0170536
0.0152843
0.011803
0.0105625
0.00469215
0.00714194
0.00798155
0.00524508
0.024134
0.0334589
0.0301727
0.0216849
0.011803
0.0105625
0.0152843
0.0170536
0.024134
0.0216849
0.0301727
0.0334589
0.0454569
0.0411725
0.0551051
0.0605444
0.0454569
0.0605444
0.0411725
0.0551051
0.0791003
0.0723695
0.0933208
0.101464
0.0933208
0.0723695
0.0791003
0.101464
0.127887
0.118254
0.147382
0.158558
0.232804
0.193536
0.180828
0.218606
0.306634
0.323436
0.260615
0.276189
0.118254
0.158558
0.147382
0.127887
0.356323
0.409219
0.427777
0.37413
0.218606
0.180828
0.232804
0.193536
0.306634
0.260615
0.323436
0.276189
0.356323
0.409219
0.37413
0.427777
0.541326
0.522245
0.464752
0.483743
0.580936
0.63999
0.658068
0.599718
0.755598
0.715467
0.77099
0.698518
0.541326
0.522245
0.464752
0.483743
0.823714
0.810297
0.872726
0.861693
0.63999
0.599718
0.580936
0.658068
0.951083
0.9089
0.917177
0.95626
1.01745
1.01561
0.98928
0.987488
0.698518
0.755598
0.715467
0.77099
0.861693
0.872726
0.823714
0.810297
1.04643
1.05598
1.03479
1.04043
1.05035
1.06384
1.06384
1.04643
0.917177
0.951083
0.95626
0.9089
1.01561
1.05598
0.98928
1.01745
1.04043
1.03479
0.987488
0.000623236
0.000532211
2.89087e-34
1.81926e-34
1.81926e-34
0.000532211
2.89087e-34
0.000623236
0.00260076
0.00227589
0.00146647
0.00127061
0.00633925
0.00557719
0.00365676
0.0041654
0.00146647
0.00127061
0.00227589
0.00260076
0.00826136
0.013594
0.0119918
0.00938294
0.00365676
0.00557719
0.00633925
0.0041654
0.019339
0.0270066
0.0239801
0.0171049
0.00938294
0.00826136
0.0119918
0.013594
0.03702
0.0498013
0.0446679
0.033027
0.019339
0.0171049
0.0239801
0.0270066
0.03702
0.033027
0.0446679
0.0498013
0.065759
0.0593211
0.077379
0.0852738
0.065759
0.0852738
0.077379
0.0593211
0.108661
0.0991911
0.125043
0.136184
0.136184
0.0991911
0.125043
0.108661
0.204168
0.167994
0.189596
0.155141
0.228413
0.244644
0.289273
0.27148
0.318567
0.389686
0.369322
0.337751
0.189596
0.155141
0.204168
0.167994
0.423274
0.501699
0.479841
0.444541
0.228413
0.27148
0.244644
0.289273
0.369322
0.318567
0.389686
0.337751
0.501699
0.423274
0.479841
0.444541
0.619917
0.538339
0.597997
0.560423
0.717366
0.657971
0.737678
0.679304
0.794105
0.775253
0.830695
0.847647
0.538339
0.597997
0.619917
0.560423
0.882763
0.942497
0.897403
0.930566
0.657971
0.737678
0.679304
0.717366
0.973268
1.01011
0.982143
1.01561
1.06367
1.04043
1.04232
1.06174
0.794105
0.847647
0.830695
0.775253
0.897403
0.930566
0.882763
0.942497
1.08734
1.0775
1.07355
1.0794
1.0794
1.06174
1.07355
1.08734
1.01011
0.982143
0.973268
1.01561
1.04232
1.06367
1.04043
1.21538e-34
0.000352536
1.72403e-34
0.000441894
0.000441894
0.000352536
1.72403e-34
1.21538e-34
0.00196108
0.00165741
0.00108187
0.000893797
0.00108187
0.000893797
0.00165741
0.00196108
0.00485553
0.00417661
0.00271292
0.00317556
0.0104825
0.00907264
0.00720916
0.00621992
0.00271292
0.00417661
0.00317556
0.00485553
0.0149984
0.0211088
0.0184084
0.0130224
0.00720916
0.00621992
0.00907264
0.0104825
0.0292176
0.0397382
0.0256121
0.0350429
0.0149984
0.0130224
0.0184084
0.0211088
0.0530941
0.0696925
0.0622662
0.0471227
0.0292176
0.0256121
0.0350429
0.0397382
0.0530941
0.0471227
0.0622662
0.0696925
0.0899003
0.0808634
0.103258
0.114042
0.0899003
0.114042
0.0808634
0.103258
0.129732
0.160484
0.142352
0.174999
0.129732
0.174999
0.160484
0.142352
0.235135
0.25339
0.195619
0.212025
0.278915
0.348281
0.298901
0.32672
0.378192
0.432852
0.456835
0.401098
0.235135
0.195619
0.25339
0.212025
0.490113
0.574394
0.549286
0.514841
0.32672
0.278915
0.298901
0.348281
0.456835
0.378192
0.432852
0.401098
0.549286
0.490113
0.574394
0.514841
0.670183
0.694811
0.609592
0.634674
0.788588
0.73016
0.810959
0.753886
0.865096
0.897045
0.915377
0.844527
0.609592
0.694811
0.634674
0.670183
0.960944
0.988298
0.945248
1.00098
0.753886
0.788588
0.810959
0.73016
1.03479
1.06174
1.02543
1.05598
1.09526
1.0794
1.09327
1.08136
0.844527
0.865096
0.915377
0.897045
0.960944
1.00098
0.988298
0.945248
1.09327
1.09728
1.10326
1.10326
1.05598
1.09526
1.08136
1.06174
1.03479
1.02543
1.0794
0.000263685
0.000175532
5.70743e-35
6.11798e-35
6.11798e-35
0.000175532
5.70743e-35
0.000263685
0.000711582
0.000530097
0.0010782
0.001363
0.001363
0.0010782
0.000711582
0.000530097
0.00353837
0.00294137
0.0018575
0.00227664
0.0018575
0.00227664
0.00294137
0.00353837
0.00776358
0.00655838
0.00530343
0.00445007
0.0111904
0.0158894
0.0135622
0.00949918
0.00530343
0.00445007
0.00655838
0.00776358
0.0222319
0.0306086
0.0264597
0.0190884
0.0111904
0.00949918
0.0135622
0.0158894
0.0414418
0.0551498
0.0483883
0.0360861
0.0222319
0.0190884
0.0264597
0.0306086
0.0721352
0.0927704
0.0826499
0.0637803
0.0414418
0.0360861
0.0483883
0.0551498
0.0927704
0.0721352
0.0637803
0.0826499
0.105339
0.132126
0.146159
0.117361
0.117361
0.146159
0.105339
0.132126
0.216856
0.163207
0.179302
0.198685
0.216856
0.163207
0.198685
0.179302
0.238553
0.282691
0.304803
0.258744
0.330857
0.382688
0.408075
0.354714
0.495314
0.52286
0.437705
0.464333
0.282691
0.238553
0.304803
0.258744
0.554825
0.643665
0.615456
0.582906
0.408075
0.382688
0.330857
0.354714
0.437705
0.52286
0.464333
0.495314
0.554825
0.643665
0.615456
0.582906
0.704252
0.676358
0.736626
0.763748
0.821214
0.795326
0.875704
0.851514
0.97215
0.904258
0.92631
0.952662
0.736626
0.763748
0.676358
0.704252
1.04643
1.03317
1.01244
0.995885
0.795326
0.851514
0.821214
0.875704
1.06384
1.07355
1.09327
1.08734
1.10928
1.10526
1.10326
1.11129
0.952662
0.904258
0.92631
0.97215
0.995885
1.01244
1.04643
1.03317
1.10326
1.09327
1.10526
1.11129
1.06384
1.08734
1.07355
1.016e-36
8.76147e-05
8.76147e-05
1.016e-36
0.000800747
0.000352614
0.000352614
0.000800747
0.00238164
0.00146107
0.00146107
0.00238164
0.00366692
0.00545426
0.00366692
0.00545426
0.00795849
0.0114308
0.016198
0.0226144
0.00795849
0.0114308
0.0310847
0.0420219
0.0226144
0.016198
0.0558475
0.0729658
0.0420219
0.0310847
0.0937395
0.118488
0.0558475
0.0729658
0.0937395
0.118488
0.14744
0.180759
0.14744
0.180759
0.218479
0.260554
0.260554
0.218479
0.306784
0.356885
0.410417
0.466858
0.585769
0.525551
0.356885
0.306784
0.707422
0.646684
0.466858
0.410417
0.525551
0.585769
0.707422
0.646684
0.76706
0.824654
0.929974
0.879267
1.01627
0.975915
0.76706
0.824654
1.0775
1.05035
0.929974
0.879267
1.10928
1.09728
1.11331
1.10928
0.975915
1.01627
1.05035
1.09728
1.0775
0.105339
0.238553
0.198685
0.000175532
0.132126
0.163207
0.132126
0.163207
0.105339
0.00294137
0.00445007
0.0826499
0.198685
0.00949918
0.0637803
0.0483883
0.238553
0.0360861
0.0264597
0.282691
0.0190884
0.0135622
0.330857
0.00655838
0.382688
0.437705
0.0018575
0.0010782
0.495314
0.000530097
0.554825
0.615456
0.000175532
0.282691
0.330857
0.676358
0.736626
0.437705
0.795326
0.000530097
0.851514
0.904258
0.0010782
0.952662
0.995885
0.0018575
1.03317
1.06384
0.00294137
0.904258
1.08734
0.952662
1.10326
0.00445007
1.11129
1.11129
0.00655838
1.10326
1.08734
0.00949918
1.06384
1.03317
0.0135622
0.995885
0.0190884
0.851514
0.0264597
0.795326
0.736626
0.0360861
0.676358
0.615456
0.0483883
0.554825
0.495314
0.0637803
0.382688
0.0826499
5.70743e-35
5.70743e-35
6.11798e-35
0.000263685
0.000263685
6.11798e-35
0.001363
0.000711582
0.000711582
0.001363
0.00227664
0.00353837
0.00227664
0.00353837
0.00776358
0.00530343
0.00530343
0.00776358
0.0158894
0.0111904
0.0306086
0.0222319
0.0111904
0.0158894
0.0414418
0.0551498
0.0306086
0.0222319
0.0927704
0.0721352
0.0414418
0.0551498
0.117361
0.146159
0.0721352
0.0927704
0.117361
0.146159
0.216856
0.179302
0.216856
0.179302
0.258744
0.304803
0.304803
0.258744
0.408075
0.354714
0.52286
0.464333
0.582906
0.643665
0.354714
0.408075
0.763748
0.704252
0.52286
0.464333
0.643665
0.582906
0.704252
0.763748
0.821214
0.875704
0.97215
0.92631
1.01244
1.04643
0.875704
0.821214
1.09327
1.07355
0.97215
0.92631
1.10928
1.10526
1.10526
1.09327
1.04643
1.01244
1.07355
0.195619
0.160484
0.160484
0.129732
0.195619
0.103258
0.00165741
0.0808634
0.0622662
0.235135
0.0471227
0.278915
0.0350429
0.0256121
0.0184084
0.32672
0.0130224
0.378192
0.00907264
0.00621992
0.00417661
0.432852
0.00271292
0.490113
0.000893797
0.000352536
0.549286
0.609592
0.000352536
0.670183
0.235135
0.73016
0.788588
0.32672
0.000893797
0.844527
0.897045
0.490113
0.945248
0.00165741
0.988298
0.00271292
1.02543
1.05598
1.0794
0.788588
0.00417661
1.09526
0.00621992
0.945248
1.10326
1.10326
1.09526
0.00907264
1.0794
0.0130224
1.05598
1.02543
0.988298
0.0184084
0.0256121
0.897045
0.844527
0.0350429
0.73016
0.0471227
0.670183
0.609592
0.549286
0.0622662
0.0808634
0.432852
0.378192
0.103258
0.278915
0.129732
1.72403e-34
1.72403e-34
1.21538e-34
0.000441894
0.000441894
1.21538e-34
0.00196108
0.00108187
0.00108187
0.00196108
0.00317556
0.00485553
0.00485553
0.00317556
0.0104825
0.00720916
0.00720916
0.0104825
0.0211088
0.0149984
0.0292176
0.0397382
0.0149984
0.0211088
0.0530941
0.0696925
0.0397382
0.0292176
0.0899003
0.114042
0.0696925
0.0530941
0.174999
0.142352
0.0899003
0.114042
0.174999
0.142352
0.212025
0.25339
0.25339
0.212025
0.348281
0.298901
0.298901
0.348281
0.456835
0.401098
0.574394
0.514841
0.634674
0.694811
0.456835
0.401098
0.753886
0.810959
0.514841
0.574394
0.694811
0.634674
0.753886
0.810959
0.865096
0.915377
0.960944
1.00098
1.03479
1.06174
0.915377
0.865096
1.09327
1.08136
0.960944
1.00098
1.09728
1.09327
1.08136
1.03479
1.06174
0.189596
0.125043
0.228413
0.000532211
0.0991911
0.077379
0.0593211
0.27148
0.0446679
0.00557719
0.00826136
0.318567
0.033027
0.0239801
0.0171049
0.369322
0.0119918
0.423274
0.00365676
0.479841
0.00227589
0.538339
0.00127061
0.597997
0.657971
0.000532211
0.717366
0.189596
0.775253
0.00127061
0.830695
0.882763
0.930566
0.369322
0.423274
0.00227589
0.973268
0.00365676
1.01011
1.04043
1.06367
0.00557719
0.717366
1.0794
0.00826136
0.830695
0.882763
1.08734
1.08734
1.0794
0.0119918
1.06367
0.0171049
1.04043
1.01011
0.973268
0.0239801
0.930566
0.033027
0.775253
0.0446679
0.0593211
0.657971
0.597997
0.538339
0.077379
0.479841
0.0991911
0.318567
0.125043
0.27148
0.155141
0.228413
0.155141
2.89087e-34
2.89087e-34
1.81926e-34
0.000623236
0.000623236
1.81926e-34
0.00146647
0.00260076
0.00146647
0.00260076
0.0041654
0.00633925
0.00633925
0.0041654
0.013594
0.00938294
0.00938294
0.013594
0.019339
0.0270066
0.03702
0.0498013
0.019339
0.0270066
0.065759
0.0852738
0.0498013
0.03702
0.136184
0.108661
0.065759
0.0852738
0.204168
0.167994
0.108661
0.136184
0.204168
0.167994
0.289273
0.244644
0.289273
0.244644
0.337751
0.389686
0.389686
0.337751
0.501699
0.444541
0.619917
0.560423
0.679304
0.737678
0.444541
0.501699
0.794105
0.847647
0.560423
0.619917
0.737678
0.679304
0.794105
0.847647
0.942497
0.897403
0.982143
1.01561
1.04232
1.06174
0.897403
0.942497
1.0775
1.07355
1.01561
0.982143
1.07355
1.06174
1.04232
0.260615
0.0723695
0.0551051
0.306634
0.0411725
0.0301727
0.356323
0.0216849
0.0152843
0.409219
0.0105625
0.00714194
0.464752
0.00469215
0.0029371
0.522245
0.00166263
0.000715321
0.580936
0.63999
0.000715321
0.0933208
0.118254
0.698518
0.755598
0.180828
0.810297
0.00166263
0.861693
0.9089
0.0029371
0.951083
0.987488
0.00469215
1.01745
1.04043
0.00714194
0.580936
1.05598
0.63999
1.06384
0.0105625
1.06384
1.05598
0.0152843
0.861693
0.9089
1.04043
1.01745
0.0216849
0.987488
0.951083
0.0301727
0.0411725
0.810297
0.755598
0.0551051
0.698518
0.0723695
0.522245
0.0933208
0.464752
0.409219
0.118254
0.356323
0.306634
0.147382
0.260615
0.218606
0.180828
0.147382
0.218606
4.0778e-34
4.0778e-34
2.42367e-34
0.000808222
0.000808222
2.42367e-34
0.00328326
0.00186656
0.00186656
0.00328326
0.00798155
0.00524508
0.00524508
0.00798155
0.0170536
0.011803
0.011803
0.0170536
0.0334589
0.024134
0.0454569
0.0605444
0.0334589
0.024134
0.101464
0.0791003
0.0454569
0.0605444
0.158558
0.127887
0.101464
0.0791003
0.232804
0.193536
0.158558
0.127887
0.193536
0.232804
0.323436
0.276189
0.276189
0.323436
0.427777
0.37413
0.37413
0.427777
0.541326
0.483743
0.658068
0.599718
0.715467
0.77099
0.483743
0.541326
0.872726
0.823714
0.599718
0.658068
0.77099
0.715467
0.872726
0.823714
0.917177
0.95626
0.98928
1.01561
1.03479
1.04643
0.95626
0.917177
1.04643
1.05035
0.98928
1.03479
1.01561
0.0498475
0.0368451
0.339549
0.0266695
0.391053
0.0188938
0.0130925
0.00885664
0.445219
0.00581408
0.501385
0.00364014
0.00207015
0.000902111
0.558798
0.616635
0.000902111
0.674015
0.0660812
0.730026
0.783743
0.109643
0.00207015
0.83425
0.880666
0.206038
0.922164
0.00364014
0.95799
0.00581408
0.987488
1.01011
1.02543
0.445219
0.00885664
1.03316
0.0130925
0.616635
1.03316
1.02543
1.01011
0.0188938
0.783743
0.987488
0.0266695
0.95799
0.922164
0.880666
0.0368451
0.83425
0.0498475
0.730026
0.674015
0.0660812
0.0859119
0.558798
0.501385
0.109643
0.391053
0.137504
0.339549
0.291267
0.246654
0.169625
0.206038
0.169625
0.137504
0.246654
0.0859119
0.291267
5.28816e-34
5.28816e-34
3.02833e-34
0.000996813
0.000996813
3.02833e-34
0.0040057
0.00228148
0.00228148
0.0040057
0.0097625
0.00640598
0.0097625
0.00640598
0.0144306
0.0207942
0.0144306
0.0207942
0.0292776
0.0403097
0.0543109
0.071678
0.0292776
0.0403097
0.117801
0.0927465
0.071678
0.0543109
0.180506
0.14702
0.117801
0.0927465
0.260055
0.218225
0.180506
0.14702
0.218225
0.260055
0.354857
0.30572
0.354857
0.30572
0.461417
0.406953
0.461417
0.406953
0.574534
0.517535
0.631556
0.687714
0.79376
0.742089
0.517535
0.574534
0.841836
0.885453
0.687714
0.631556
0.742089
0.79376
0.885453
0.841836
0.95626
0.923835
1.00098
0.982144
1.01244
1.01627
0.923835
0.95626
1.00098
1.01244
0.982144
0.369243
0.0227442
0.421723
0.0158055
0.0106962
0.00701057
0.476248
0.00438025
0.532083
0.00249165
0.00109226
0.588414
0.644375
0.00109226
0.699063
0.0438294
0.751564
0.00249165
0.800969
0.846406
0.887053
0.125877
0.156379
0.00438025
0.922164
0.00701057
0.951083
0.973268
0.988297
0.0106962
0.369243
0.995884
0.0158055
0.476248
0.532083
0.995884
0.988297
0.973268
0.0227442
0.699063
0.951083
0.031942
0.922164
0.887053
0.846406
0.0438294
0.800969
0.0588218
0.751564
0.644375
0.0772941
0.588414
0.0995655
0.421723
0.125877
0.156379
0.319456
0.272906
0.230023
0.191118
0.191118
0.230023
0.0995655
0.272906
0.0772941
0.319456
0.0588218
0.031942
6.52173e-34
6.52173e-34
3.63209e-34
0.00118841
0.00118841
3.63209e-34
0.0027089
0.00476154
0.0027089
0.00476154
0.0116524
0.00763305
0.00763305
0.0116524
0.0172135
0.0247318
0.0172135
0.0247318
0.0473812
0.0346441
0.0828911
0.0633422
0.0346441
0.0473812
0.106308
0.133813
0.0633422
0.0828911
0.165499
0.201383
0.106308
0.133813
0.241328
0.285113
0.201383
0.165499
0.241328
0.285113
0.382602
0.332358
0.382602
0.332358
0.489605
0.435241
0.435241
0.489605
0.600337
0.544912
0.707978
0.654994
0.758383
0.805316
0.544912
0.600337
0.885453
0.847937
0.707978
0.654994
0.758383
0.805316
0.885453
0.847937
0.942496
0.917178
0.97215
0.960945
0.975917
0.97215
0.917178
0.960945
0.942496
0.44742
0.00826379
0.00514924
0.501386
0.00292402
0.00128489
0.555936
0.610215
0.00128489
0.0126267
0.0186437
0.663335
0.714393
0.0373689
0.762493
0.00292402
0.806768
0.846406
0.00514924
0.880666
0.908899
0.00826379
0.930566
0.945248
0.0126267
0.252073
0.952661
0.296582
0.952661
0.0186437
0.945248
0.930566
0.0267446
0.501386
0.555936
0.908899
0.880666
0.0373689
0.846406
0.806768
0.0509398
0.762493
0.714393
0.0678482
0.663335
0.610215
0.088427
0.112938
0.44742
0.394833
0.141549
0.344344
0.174327
0.211224
0.211224
0.174327
0.141549
0.252073
0.112938
0.088427
0.296582
0.0678482
0.0509398
0.344344
0.0267446
0.394833
7.77457e-34
7.77457e-34
4.23272e-34
0.00138184
0.00138184
4.23272e-34
0.0055411
0.00314494
0.00314494
0.0055411
0.00890603
0.0136137
0.0136137
0.00890603
0.0287701
0.0200892
0.0200892
0.0287701
0.0400941
0.0544819
0.0722986
0.0938641
0.0400941
0.0544819
0.149031
0.119393
0.0938641
0.0722986
0.182782
0.220571
0.119393
0.149031
0.262161
0.307233
0.182782
0.220571
0.307233
0.262161
0.405847
0.355312
0.355312
0.405847
0.458158
0.511507
0.511507
0.458158
0.617974
0.565065
0.718261
0.669339
0.805315
0.763869
0.617974
0.565065
0.841837
0.872726
0.718261
0.669339
0.763869
0.805315
0.872726
0.841837
0.897405
0.915377
0.929973
0.926312
0.926312
0.915377
0.897405
0.0033627
0.00147858
0.51989
0.572238
0.00147858
0.623557
0.00593615
0.672957
0.719554
0.0146079
0.0033627
0.762493
0.800969
0.0428066
0.83425
0.00593615
0.861693
0.00955133
0.882762
0.897045
0.904257
0.156201
0.0146079
0.904257
0.0215409
0.271536
0.897045
0.882762
0.861693
0.0307944
0.415562
0.83425
0.0428066
0.800969
0.762493
0.719554
0.057981
0.672957
0.0766725
0.623557
0.572238
0.51989
0.0991609
0.467386
0.125641
0.365194
0.316983
0.156201
0.190819
0.229352
0.190819
0.229352
0.125641
0.271536
0.0991609
0.0766725
0.057981
0.316983
0.365194
0.0307944
0.0215409
0.415562
0.00955133
0.467386
9.0391e-34
9.0391e-34
4.82682e-34
0.00157543
0.00157543
4.82682e-34
0.00358442
0.00633224
0.00358442
0.00633224
0.0156037
0.0102007
0.0156037
0.0102007
0.0328054
0.0229886
0.0229886
0.0328054
0.0454811
0.0614148
0.104282
0.0809266
0.0454811
0.0614148
0.163009
0.131621
0.0809266
0.104282
0.198361
0.237505
0.131621
0.163009
0.28011
0.325763
0.198361
0.237505
0.28011
0.325763
0.423907
0.373905
0.423907
0.373905
0.526475
0.475027
0.526475
0.475027
0.577399
0.626924
0.718261
0.674168
0.79376
0.758384
0.626924
0.577399
0.823715
0.847647
0.718261
0.674168
0.758384
0.79376
0.847647
0.823715
0.875703
0.865099
0.875703
0.879269
0.865099
0.531214
0.580511
0.0016714
0.0016714
0.628049
0.672957
0.00380193
0.714393
0.751563
0.0165947
0.0244255
0.783742
0.00672776
0.810296
0.0108474
0.830694
0.844526
0.851513
0.109186
0.0165947
0.851513
0.169404
0.205371
0.0244255
0.844526
0.830694
0.810296
0.333506
0.034788
0.783742
0.0481073
0.751563
0.714393
0.531214
0.672957
0.0647565
0.628049
0.0850436
0.580511
0.481032
0.109186
0.430819
0.137305
0.381393
0.287838
0.169404
0.244967
0.205371
0.137305
0.244967
0.287838
0.0850436
0.0647565
0.0481073
0.333506
0.034788
0.381393
0.0108474
0.430819
0.00672776
0.481032
0.00380193
1.03044e-33
1.03044e-33
5.40985e-34
0.00176704
5.40985e-34
0.00176704
0.00712088
0.00402109
0.00402109
0.00712088
0.0175757
0.01149
0.0175757
0.01149
0.0258387
0.0367307
0.0258387
0.0367307
0.0679853
0.0506576
0.113843
0.08898
0.0506576
0.0679853
0.175341
0.142636
0.113843
0.08898
0.251687
0.211779
0.142636
0.175341
0.340158
0.294647
0.211779
0.251687
0.340158
0.294647
0.38759
0.436249
0.38759
0.436249
0.534071
0.48535
0.534071
0.48535
0.581551
0.626924
0.707977
0.66934
0.742091
0.770989
0.581551
0.626924
0.810958
0.794107
0.66934
0.707977
0.742091
0.770989
0.810958
0.794107
0.824652
0.821217
0.821217
0.00186103
0.580511
0.623557
0.663335
0.004235
0.699063
0.730026
0.00750932
0.755597
0.775253
0.0121239
0.788587
0.795325
0.0531248
0.0185396
0.0710754
0.795325
0.788587
0.0272239
0.775253
0.755597
0.180773
0.217556
0.0386184
0.730026
0.699063
0.0531248
0.663335
0.623557
0.0710754
0.580511
0.535026
0.0927224
0.487956
0.440156
0.118214
0.392462
0.345667
0.147592
0.300501
0.257613
0.180773
0.217556
0.147592
0.118214
0.257613
0.0927224
0.300501
0.0386184
0.345667
0.0272239
0.0185396
0.392462
0.0121239
0.00750932
0.440156
0.004235
0.00186103
0.487956
0.535026
1.15565e-33
1.15565e-33
5.97621e-34
0.00195417
0.00195417
5.97621e-34
0.00444788
0.00789169
0.00444788
0.00789169
0.0127452
0.0194819
0.0194819
0.0127452
0.0404405
0.0285657
0.0404405
0.0285657
0.074008
0.05548
0.122272
0.0962281
0.05548
0.074008
0.185665
0.152119
0.122272
0.0962281
0.222643
0.262703
0.185665
0.152119
0.305344
0.349995
0.222643
0.262703
0.305344
0.349995
0.395964
0.442512
0.395964
0.442512
0.534071
0.488826
0.534071
0.488826
0.617973
0.5774
0.654996
0.687713
0.737677
0.71547
0.5774
0.617973
0.753889
0.763747
0.654996
0.687713
0.71547
0.737677
0.753889
0.767063
0.763747
0.610214
0.00465457
0.644374
0.674015
0.698517
0.0082651
0.717365
0.0133519
0.730159
0.0203948
0.736625
0.736625
0.0203948
0.0577197
0.730159
0.0298631
0.717365
0.698517
0.125984
0.674015
0.0421818
0.644374
0.0577197
0.610214
0.572238
0.309154
0.531214
0.0767589
0.487956
0.0994888
0.443299
0.398079
0.353108
0.125984
0.156203
0.266918
0.227019
0.189977
0.189977
0.156203
0.227019
0.0994888
0.0767589
0.266918
0.309154
0.0421818
0.0298631
0.353108
0.0133519
0.398079
0.0082651
0.00465457
0.00204482
0.443299
0.487956
0.00204482
0.531214
0.572238
1.27792e-33
1.27792e-33
6.51948e-34
0.00213405
0.00213405
6.51948e-34
0.00862871
0.00485725
0.00485725
0.00862871
0.0212746
0.0139374
0.0139374
0.0212746
0.031098
0.0438335
0.031098
0.0438335
0.0598139
0.0793122
0.129326
0.102464
0.0598139
0.0793122
0.193682
0.159795
0.129326
0.102464
0.270229
0.230636
0.159795
0.193682
0.354986
0.31189
0.270229
0.230636
0.354986
0.31189
0.398784
0.442512
0.398784
0.442512
0.485351
0.526475
0.485351
0.526475
0.565067
0.600336
0.631559
0.658066
0.69481
0.679308
0.565067
0.600336
0.707421
0.704256
0.658066
0.631559
0.69481
0.679308
0.704256
0.00505292
0.588413
0.616634
0.639989
0.00897907
0.65797
0.00897907
0.0145025
0.670182
0.0221132
0.032273
0.676357
0.676357
0.0221132
0.670182
0.081646
0.032273
0.65797
0.639989
0.616634
0.0453809
0.196749
0.233485
0.588413
0.0617635
0.555935
0.519889
0.481031
0.081646
0.440156
0.105149
0.398079
0.355613
0.313545
0.132271
0.272611
0.162888
0.162888
0.196749
0.132271
0.233485
0.105149
0.0617635
0.272611
0.0453809
0.313545
0.0145025
0.355613
0.398079
0.00505292
0.00221993
0.440156
0.481031
0.00221993
0.519889
0.555935
1.39544e-33
1.39544e-33
7.0326e-34
0.00230378
0.00230378
7.0326e-34
0.00931598
0.00524146
0.00524146
0.00931598
0.022908
0.0150381
0.022908
0.0150381
0.0468169
0.0333682
0.0333682
0.0468169
0.0635383
0.0837477
0.107508
0.134801
0.0635383
0.0837477
0.199159
0.165441
0.107508
0.134801
0.235528
0.274048
0.165441
0.199159
0.314094
0.354986
0.274048
0.235528
0.354986
0.314094
0.395965
0.436249
0.436249
0.395965
0.475029
0.511506
0.511506
0.475029
0.544915
0.574532
0.599722
0.619915
0.634678
0.643664
0.544915
0.574532
0.643664
0.646688
0.619915
0.599722
0.634678
0.580935
0.00963548
0.597995
0.0023834
0.609591
0.015548
0.615455
0.615455
0.0236509
0.0236509
0.0343894
0.609591
0.597995
0.0343894
0.580935
0.558797
0.0481278
0.532082
0.501386
0.0651432
0.467385
0.200891
0.430818
0.0855982
0.392462
0.353108
0.109542
0.313544
0.274527
0.136895
0.236765
0.167455
0.167455
0.136895
0.200891
0.109542
0.0855982
0.236765
0.0651432
0.0481278
0.274527
0.313544
0.015548
0.00963548
0.353108
0.00542231
0.392462
0.430818
0.0023834
0.558797
0.467385
0.501386
0.532082
0.00542231
1.5063e-33
1.5063e-33
7.5082e-34
0.00246037
0.00246037
7.5082e-34
0.00559284
0.0099381
0.00559284
0.0099381
0.0243402
0.0160204
0.0160204
0.0243402
0.0493087
0.0353154
0.0353154
0.0493087
0.0871889
0.0665489
0.138541
0.111218
0.0665489
0.0871889
0.168896
0.201938
0.138541
0.111218
0.237174
0.274048
0.201938
0.168896
0.311891
0.349994
0.274048
0.237174
0.311891
0.349994
0.423906
0.387592
0.423906
0.387592
0.458161
0.489604
0.489604
0.458161
0.541324
0.517539
0.574392
0.560428
0.585767
0.582911
0.541324
0.517539
0.582911
0.560428
0.574392
0.0102194
0.549284
0.0164625
0.554824
0.554824
0.549284
0.0102194
0.0249679
0.538338
0.0361553
0.522244
0.501384
0.476247
0.0677643
0.050347
0.447419
0.0677643
0.415561
0.139724
0.381392
0.345666
0.202286
0.0885038
0.309154
0.112542
0.272611
0.236765
0.139724
0.169771
0.169771
0.112542
0.0885038
0.202286
0.236765
0.050347
0.0361553
0.0249679
0.272611
0.0164625
0.309154
0.00575521
0.00253228
0.345666
0.381392
0.00253228
0.538338
0.415561
0.447419
0.476247
0.00575521
0.501384
0.522244
1.60859e-33
1.60859e-33
7.93886e-34
0.00260094
0.00260094
7.93886e-34
0.0104808
0.00590412
0.00590412
0.0104808
0.0255337
0.0168601
0.0255337
0.0168601
0.0512401
0.0368872
0.0368872
0.0512401
0.0895385
0.0687616
0.140438
0.113487
0.0687616
0.0895385
0.201937
0.170058
0.113487
0.140438
0.270229
0.235528
0.201937
0.170058
0.340157
0.305346
0.235528
0.270229
0.305346
0.340157
0.373908
0.405846
0.373908
0.405846
0.435245
0.461415
0.435245
0.461415
0.483748
0.501697
0.514846
0.522858
0.525556
0.522858
0.501697
0.483748
0.514846
0.0172234
0.495313
0.495313
0.00266376
0.490112
0.0260299
0.479839
0.0375233
0.464751
0.0260299
0.0375233
0.445218
0.421722
0.0519773
0.394832
0.0695534
0.365194
0.333506
0.140676
0.3005
0.0902807
0.266917
0.114064
0.233485
0.200891
0.169771
0.140676
0.169771
0.114064
0.0902807
0.0695534
0.200891
0.0519773
0.233485
0.0172234
0.266917
0.0107174
0.3005
0.00604461
0.333506
0.365194
0.00266376
0.490112
0.394832
0.421722
0.00604461
0.445218
0.464751
0.479839
0.0107174
1.70041e-33
1.70041e-33
8.31741e-34
0.00272278
0.00272278
8.31741e-34
0.00616867
0.0109313
0.00616867
0.0109313
0.0264575
0.0175362
0.0264575
0.0175362
0.0525581
0.0380412
0.0380412
0.0525581
0.0701144
0.09073
0.140438
0.114251
0.09073
0.0701144
0.168896
0.199159
0.114251
0.140438
0.262702
0.230638
0.199159
0.168896
0.325762
0.294649
0.262702
0.230638
0.294649
0.325762
0.355315
0.3826
0.355315
0.3826
0.427775
0.406957
0.427775
0.406957
0.444546
0.456832
0.464338
0.466856
0.464338
0.444546
0.456832
0.432851
0.0268091
0.423273
0.409218
0.0384564
0.391052
0.369241
0.0529737
0.344343
0.0268091
0.316982
0.0704607
0.287837
0.0704607
0.257612
0.0908786
0.0908786
0.227019
0.196748
0.114064
0.167454
0.139724
0.139724
0.114064
0.167454
0.0529737
0.196748
0.0384564
0.227019
0.0178116
0.0111176
0.257612
0.00628427
0.00277527
0.287837
0.316982
0.00277527
0.437703
0.344343
0.437703
0.369241
0.391052
0.00628427
0.409218
0.423273
0.0111176
0.432851
0.0178116
1.78e-33
1.78e-33
8.63724e-34
0.00282346
0.00282346
8.63724e-34
0.0112791
0.00638072
0.0112791
0.00638072
0.0180317
0.0270872
0.0270872
0.0180317
0.0532263
0.0387463
0.0387463
0.0532263
0.0705696
0.09073
0.113487
0.138541
0.09073
0.0705696
0.193681
0.165442
0.138541
0.113487
0.222645
0.251686
0.193681
0.165442
0.307232
0.280113
0.251686
0.222645
0.280113
0.307232
0.332362
0.354855
0.354855
0.332362
0.374135
0.389684
0.389684
0.374135
0.401103
0.408073
0.410422
0.408073
0.401103
0.027285
0.356322
0.0389293
0.339548
0.319455
0.296581
0.0114106
0.053309
0.271535
0.027285
0.0704607
0.244967
0.217555
0.189977
0.0902806
0.162887
0.112542
0.136895
0.112542
0.0902806
0.136895
0.0704607
0.162887
0.053309
0.0389293
0.189977
0.0182122
0.217555
0.00646891
0.00286456
0.244967
0.271535
0.00286456
0.36932
0.296581
0.319455
0.339548
0.382687
0.00646891
0.356322
0.36932
0.37819
0.0114106
0.0182122
0.382687
0.37819
1.84577e-33
1.84577e-33
8.89254e-34
0.00290093
0.00290093
8.89254e-34
0.0115158
0.00653557
0.00653557
0.0115158
0.0274062
0.018334
0.018334
0.0274062
0.0532263
0.0389834
0.0389834
0.0532263
0.0895383
0.0701145
0.134801
0.111219
0.0895383
0.0701145
0.185664
0.159796
0.134801
0.111219
0.237504
0.211781
0.185664
0.159796
0.262165
0.285111
0.211781
0.237504
0.262165
0.285111
0.323434
0.305725
0.323434
0.305725
0.337756
0.348279
0.348279
0.337756
0.35472
0.356882
0.35472
0.0389293
0.291266
0.272905
0.252072
0.0529738
0.229351
0.0115893
0.0695534
0.20537
0.027445
0.180772
0.156202
0.0885037
0.132271
0.109542
0.109542
0.0885037
0.0695534
0.132271
0.0529738
0.156202
0.0389293
0.0184152
0.180772
0.20537
0.00659441
0.00292978
0.229351
0.252072
0.00292978
0.306633
0.272905
0.291266
0.326719
0.330855
0.00659441
0.306633
0.318566
0.326719
0.0115893
0.330855
0.0184152
0.318566
0.027445
1.89638e-33
1.89638e-33
9.07852e-34
0.00295357
0.00295357
9.07852e-34
0.0116356
0.00662976
0.00662976
0.0116356
0.0274063
0.0184354
0.0274063
0.0184354
0.0525581
0.0387461
0.0387461
0.0525581
0.0687617
0.0871887
0.107509
0.129325
0.0687617
0.0871887
0.152121
0.17534
0.129325
0.107509
0.198364
0.22057
0.17534
0.152121
0.260053
0.241332
0.22057
0.198364
0.241332
0.260053
0.289271
0.276195
0.276195
0.289271
0.3048
0.298907
0.298907
0.3048
0.30679
0.211223
0.0519773
0.190818
0.00296956
0.169403
0.0677642
0.147591
0.125983
0.0855981
0.0272851
0.0384564
0.105149
0.0855981
0.105149
0.0677642
0.0519773
0.125983
0.147591
0.0184152
0.0116494
0.169403
0.00665795
0.190818
0.211223
0.00296956
0.230022
0.230022
0.246653
0.246653
0.260614
0.00665795
0.271478
0.278914
0.0116494
0.28269
0.28269
0.0184152
0.278914
0.271478
0.0272851
0.260614
0.0384564
1.9308e-33
1.9308e-33
9.19164e-34
0.00298027
0.00298027
9.19164e-34
0.00666115
0.0116357
0.00666115
0.0116357
0.0270874
0.0183335
0.0183335
0.0270874
0.0512402
0.0380409
0.0380409
0.0512402
0.0665492
0.0837474
0.122271
0.102465
0.0837474
0.0665492
0.163008
0.142638
0.122271
0.102465
0.201381
0.182786
0.163008
0.142638
0.232802
0.21823
0.201381
0.182786
0.21823
0.232802
0.253387
0.24465
0.253387
0.24465
0.25875
0.25875
0.260551
0.050347
0.137304
0.0651431
0.118214
0.0994885
0.0816458
0.0115895
0.0816458
0.0651431
0.0994885
0.050347
0.0375234
0.0268093
0.118214
0.0182124
0.137304
0.00665807
0.00298306
0.1562
0.174326
0.00298306
0.1562
0.191116
0.206037
0.218605
0.206037
0.00665807
0.228411
0.235134
0.238552
0.0115895
0.238552
0.0182124
0.235134
0.228411
0.218605
0.0268093
0.0375234
0.191116
0.174326
1.94828e-33
1.94828e-33
9.22969e-34
0.00298047
0.00298047
9.22969e-34
0.0115162
0.00662905
0.00662905
0.0115162
0.0264578
0.0180308
0.0180308
0.0264578
0.0368867
0.0493087
0.0493087
0.0368867
0.0635387
0.0793119
0.0962296
0.113842
0.0635387
0.0793119
0.131623
0.149029
0.0962296
0.113842
0.180505
0.165503
0.131623
0.149029
0.193541
0.204166
0.180505
0.165503
0.193541
0.204166
0.216854
0.212031
0.216854
0.212031
0.218485
0.0617634
0.092722
0.0767587
0.00297001
0.0617634
0.0767587
0.0481279
0.092722
0.0361555
0.0260302
0.0178119
0.109186
0.011411
0.12564
0.00659479
0.141548
0.156378
0.00297001
0.109186
0.169624
0.180827
0.141548
0.156378
0.00659479
0.189594
0.195618
0.198684
0.189594
0.011411
0.198684
0.0178119
0.195618
0.180827
0.0260302
0.169624
0.0361555
0.12564
0.0481279
1.94846e-33
1.94846e-33
9.19192e-34
0.00295417
0.00295417
9.19192e-34
0.0112798
0.00653418
0.00653418
0.0112798
0.0175349
0.0255342
0.0255342
0.0175349
0.0353147
0.046817
0.0353147
0.046817
0.0598144
0.0740076
0.104281
0.0889816
0.0740076
0.0598144
0.119396
0.133811
0.104281
0.0889816
0.147024
0.158556
0.119396
0.133811
0.167998
0.174997
0.147024
0.158556
0.167998
0.174997
0.180757
0.179307
0.179307
0.045381
0.0710751
0.0343896
0.0249682
0.0850432
0.0172238
0.0111182
0.0991603
0.00646953
0.00293066
0.112937
0.125876
0.00293066
0.0577196
0.137502
0.0710751
0.147381
0.15514
0.00646953
0.160482
0.163206
0.125876
0.137502
0.0111182
0.163206
0.160482
0.0172238
0.15514
0.147381
0.0249682
0.0343896
0.112937
0.0991603
0.045381
0.0850432
0.0577196
1.93133e-33
1.93133e-33
9.07907e-34
0.00290191
0.00290191
9.07907e-34
0.00637868
0.0109323
0.00637868
0.0109323
0.0243408
0.0168584
0.0243408
0.0168584
0.0333675
0.0438337
0.0333675
0.0438337
0.0554805
0.0679849
0.0938631
0.0809285
0.0679849
0.0554805
0.1178
0.106311
0.0938631
0.0809285
0.136182
0.127891
0.1178
0.106311
0.146156
0.142356
0.127891
0.136182
0.146156
0.142356
0.147445
0.0647562
0.016463
0.076672
0.0107181
0.00628511
0.00286585
0.0884263
0.0995646
0.00286585
0.0236513
0.109642
0.118252
0.125042
0.0531247
0.00628511
0.129731
0.132125
0.132125
0.0884263
0.0107181
0.129731
0.016463
0.125042
0.118252
0.109642
0.0236513
0.0995646
0.0322733
0.076672
0.0647562
0.0421819
0.0531247
0.0421819
0.0322733
1.89726e-33
1.89726e-33
8.89328e-34
0.00282479
0.00282479
8.89328e-34
0.0104819
0.00616605
0.00616605
0.0104819
0.0160184
0.0229087
0.0229087
0.0160184
0.0310972
0.0404406
0.0404406
0.0310972
0.0614143
0.0506581
0.0723006
0.08289
0.0614143
0.0506581
0.101462
0.0927496
0.08289
0.0723006
0.108665
0.11404
0.101462
0.0927496
0.118486
0.117366
0.11404
0.108665
0.117366
0.0678477
0.00604564
0.00277693
0.0772934
0.085911
0.00277693
0.0102202
0.0933198
0.09919
0.0221137
0.0298633
0.00604564
0.103257
0.105338
0.105338
0.0579807
0.0102202
0.103257
0.0155486
0.09919
0.0933198
0.085911
0.0221137
0.0772934
0.0298633
0.0678477
0.0481072
0.0386185
0.0386185
0.0481072
0.0155486
0.0579807
1.84696e-33
1.84696e-33
8.6381e-34
0.00272442
0.00272442
8.6381e-34
0.005901
0.00993941
0.005901
0.00993941
0.0212753
0.0150358
0.0212753
0.0150358
0.0367309
0.0285648
0.0367309
0.0285648
0.0544814
0.0454817
0.0633441
0.071677
0.0544814
0.0454817
0.0791034
0.0852723
0.0633441
0.071677
0.0899041
0.0927687
0.0852723
0.0791034
0.0937436
0.0927687
0.0899041
0.0660805
0.00266574
0.0723688
0.00266574
0.0773781
0.0808625
0.0057564
0.0826489
0.0826489
0.0203953
0.0272242
0.00963638
0.0808625
0.0428065
0.0773781
0.0145033
0.0723688
0.0660805
0.0203953
0.0588214
0.0509395
0.0272242
0.0347881
0.0347881
0.0428065
0.0145033
0.00963638
0.0509395
0.0057564
0.0588214
1.78148e-33
1.78148e-33
8.31826e-34
0.00260284
8.31826e-34
0.00260284
0.00931742
0.00558931
0.00558931
0.00931742
0.013935
0.0194827
0.013935
0.0194827
0.0328055
0.0258377
0.0258377
0.0328055
0.0400947
0.0473807
0.0543128
0.0605434
0.0473807
0.0400947
0.0657619
0.0696912
0.0605434
0.0543128
0.0729643
0.0721386
0.0696912
0.0657619
0.0721386
0.00253451
0.0551045
0.0593204
0.0622655
0.00542363
0.0637795
0.00898005
0.0637795
0.0622655
0.00898005
0.0593204
0.0133527
0.0551045
0.049847
0.0438291
0.0185402
0.0373688
0.0244258
0.0307945
0.0244258
0.0185402
0.0307945
0.0133527
0.0373688
0.00542363
0.00253451
0.0438291
0.049847
1.70213e-33
1.70213e-33
7.93956e-34
0.00246247
0.00246247
7.93956e-34
0.00863025
0.00523763
0.00523763
0.00863025
0.0175766
0.0127427
0.0127427
0.0175766
0.0287702
0.0229876
0.0287702
0.0229876
0.0403093
0.0346447
0.0498004
0.0454586
0.0346447
0.0403093
0.0530967
0.0551486
0.0498004
0.0454586
0.0558503
0.0530967
0.0551486
0.047122
0.00505433
0.0483876
0.00238582
0.0483876
0.047122
0.00826612
0.0446674
0.0121247
0.0165952
0.0215412
0.0411721
0.0368448
0.0319419
0.0165952
0.0267447
0.0215412
0.0121247
0.0267447
0.00826612
0.0319419
0.00505433
0.0368448
0.0411721
0.00238582
0.0446674
1.61051e-33
1.61051e-33
7.50858e-34
0.00230602
0.00230602
7.50858e-34
0.00789327
0.00485324
0.00485324
0.00789327
0.0114874
0.0156045
0.0114874
0.0156045
0.0200883
0.0247319
0.0247319
0.0200883
0.0334584
0.0292781
0.0370216
0.0397375
0.0292781
0.0334584
0.0414439
0.042021
0.0397375
0.0370216
0.0414439
0.00465602
0.0360856
0.0350425
0.00751036
0.0330266
0.0301724
0.0108482
0.0266694
0.0227443
0.0146084
0.018644
0.0146084
0.018644
0.0108482
0.00751036
0.0227443
0.00465602
0.00222247
0.0266694
0.0301724
0.00222247
0.0330266
0.0350425
0.0360856
1.50837e-33
1.50837e-33
7.03245e-34
0.00213637
0.00213637
7.03245e-34
0.00712246
0.00444381
0.00444381
0.00712246
0.0101981
0.0136145
0.0101981
0.0136145
0.0172126
0.0207943
0.0172126
0.0207943
0.0241344
0.0270063
0.030608
0.0292189
0.0270063
0.0241344
0.030608
0.0310863
0.0292189
0.0256118
0.0239799
0.00672878
0.0216849
0.00955209
0.0188939
0.00672878
0.0158058
0.0126273
0.0126273
0.00955209
0.0158058
0.00423645
0.0020474
0.0188939
0.0216849
0.0020474
0.0239799
0.0264594
0.0256118
0.0264594
0.00423645
1.39759e-33
1.39759e-33
0.00195648
6.51859e-34
0.00195648
6.51859e-34
0.00633377
0.00401708
0.00401708
0.00633377
0.0116531
0.00890358
0.0116531
0.00890358
0.0144298
0.0170537
0.0144298
0.0170537
0.0211086
0.0193393
0.022614
0.0222328
0.0193393
0.0222328
0.0211086
0.00593712
0.0152844
0.00826451
0.0130928
0.0106967
0.00826451
0.0106967
0.00593712
0.0130928
0.00380333
0.00186356
0.0152844
0.0171049
0.00186356
0.0184083
0.0184083
0.0190882
0.00380333
0.0190882
0.0171049
1.2801e-33
1.2801e-33
5.97434e-34
0.00176927
0.00176927
5.97434e-34
0.00554254
0.00358061
0.00358061
0.00554254
0.0097632
0.00763077
0.00763077
0.0097632
0.0118022
0.0135942
0.0135942
0.0118022
0.0149986
0.0158893
0.0161985
0.0158893
0.0149986
0.00701122
0.00701122
0.00515014
0.00885707
0.00336402
0.00167381
0.0105627
0.0119919
0.00167381
0.00885707
0.0105627
0.0130224
0.0135622
0.0135622
0.00336402
0.0130224
0.0119919
0.00515014
1.15781e-33
1.15781e-33
5.40676e-34
0.00157752
0.00157752
5.40676e-34
0.00476284
0.00314143
0.00476284
0.00314143
0.00798217
0.00640394
0.00798217
0.00640394
0.0104827
0.00938218
0.00938218
0.0104827
0.0111903
0.0114308
0.0111903
0.00292521
0.00148079
0.00714232
0.00826159
0.00148079
0.00907277
0.00438105
0.00949926
0.00949926
0.00714232
0.00292521
0.00907277
0.00826159
0.00438105
0.00581465
0.00581465
1.03252e-33
1.03252e-33
4.82229e-34
0.00138373
0.00138373
4.82229e-34
0.00270579
0.00400684
0.00270579
0.00400684
0.00633979
0.00524333
0.00633979
0.00524333
0.00776381
0.00720843
0.00720843
0.00795812
0.00776381
0.00557751
0.00622014
0.00128685
0.00128685
0.00655854
0.00655854
0.00249268
0.00622014
0.00557751
0.00469263
0.00364082
0.00364082
0.00469263
0.00249268
9.05865e-34
9.05865e-34
4.22652e-34
0.00119004
4.22652e-34
0.00119004
0.00227885
0.00328421
0.00227885
0.00328421
0.004856
0.00416394
0.004856
0.00416394
0.00545456
0.0053027
0.0053027
0.00109391
0.00445029
0.00445029
0.00417688
0.00207099
0.00365715
0.00293764
0.00293764
0.00207099
0.00109391
0.00365715
0.00417688
7.79246e-34
7.79246e-34
3.62405e-34
0.000998155
0.000998155
3.62405e-34
0.0026015
0.00186446
0.00186446
0.0026015
0.0031744
0.00353878
0.0031744
0.00353878
0.00366614
0.00271322
0.00166328
0.0022763
0.00166328
0.000903415
0.0022763
0.00271322
0.000903415
0.00294161
0.00294161
6.53767e-34
6.53767e-34
3.01835e-34
0.000809251
0.000809251
3.01835e-34
0.00196163
0.00146491
0.00146491
0.00196163
0.00227573
0.00227573
0.00238202
0.00127106
0.00127106
0.000716269
0.0016577
0.00185773
0.000716269
0.00185773
0.0016577
5.30199e-34
5.30199e-34
2.41176e-34
0.000623957
2.41176e-34
0.000623957
0.0010808
0.00136339
0.0010808
0.00136339
0.00146033
0.00107839
0.000532817
0.00107839
0.000894072
0.000532817
0.000894072
4.08952e-34
4.08952e-34
0.000442335
1.80555e-34
0.000442335
1.80555e-34
0.00071094
0.00071094
0.000801018
0.000352849
0.000530236
0.000352849
0.000530236
2.90066e-34
2.90066e-34
1.20021e-34
0.000263908
0.000263908
1.20021e-34
0.000352263
0.000175639
0.000175639
1.73228e-34
1.73228e-34
5.95712e-35
5.95712e-35
8.77096e-05
1.67516e-37
5.7803e-35
5.7803e-35
