1.75105e-37
5.9671e-35
5.9671e-35
6.15399e-35
1.78812e-34
9.05571e-05
0.000181338
6.15399e-35
1.78812e-34
0.000181338
1.23979e-34
0.000364239
2.99387e-34
0.000272467
0.000363564
0.000547342
0.000547342
0.000272467
0.000364239
2.99387e-34
1.23979e-34
1.86489e-34
0.000549916
4.22028e-34
0.000456637
0.000922599
0.00111265
0.000733615
0.000826698
1.86489e-34
0.000549916
0.000733615
0.00111265
0.000922599
0.000456637
4.22028e-34
2.49078e-34
0.000644029
0.000739105
5.47046e-34
0.00111501
0.00131105
0.00170918
0.00140627
0.00191491
0.00150567
0.00191491
0.00140627
0.000644029
5.47046e-34
0.000739105
2.49078e-34
0.00131105
0.00111501
0.00170918
3.11701e-34
6.74392e-34
0.000835119
0.000932015
0.00151082
0.00171479
0.0023451
0.00202179
0.000932015
6.74392e-34
0.000835119
3.11701e-34
0.00302758
0.00245361
0.00279346
0.00234397
0.00234397
0.0023451
0.00279346
0.00151082
0.00302758
0.00202179
0.00171479
3.7423e-34
0.00112829
8.03643e-34
0.00102983
0.0019222
0.00213404
0.00302383
0.00267903
0.00363927
0.00326581
0.00376056
0.00429182
8.03643e-34
0.00112829
0.00102983
3.7423e-34
0.0019222
0.00302383
0.00213404
0.00267903
0.0037687
0.00457098
0.00363927
0.00457098
0.00376056
0.00429182
0.00326581
4.36426e-34
0.00132699
9.34007e-34
0.00122751
0.00234851
0.00256725
0.00374444
0.00337916
0.00572159
0.00498555
0.00427877
0.0048193
0.00544
0.00637578
0.00671999
0.00559566
4.36426e-34
0.00132699
9.34007e-34
0.00122751
0.00234851
0.00256725
0.00374444
0.00337916
0.00637578
0.00572159
0.0048193
0.00671999
0.00427877
0.00544
0.00498555
4.97933e-34
0.00152663
1.06435e-33
0.00142695
0.00278735
0.00301124
0.00450205
0.0041192
0.00596458
0.00731561
0.00649853
0.00538172
0.00738084
0.00845235
0.00927527
0.00794582
0.00142695
4.97933e-34
0.00152663
1.06435e-33
0.00814188
0.00970761
0.00970761
0.00794582
0.00301124
0.00450205
0.00278735
0.0041192
0.00649853
0.00845235
0.00927527
0.00596458
0.00538172
0.00738084
0.00731561
5.58277e-34
0.00172525
1.19323e-33
0.00162641
0.0048925
0.0032348
0.00346133
0.00528836
0.00718427
0.00905953
0.00817011
0.00656592
0.00958994
0.0107886
0.0122356
0.0107058
0.0114211
0.013278
0.0138237
0.0116658
1.19323e-33
0.00162641
5.58277e-34
0.00172525
0.00528836
0.00346133
0.0048925
0.0032348
0.0138237
0.013278
0.0114211
0.0107058
0.00817011
0.00656592
0.00718427
0.00905953
0.0107886
0.0122356
0.00958994
6.16882e-34
0.00192045
1.31899e-33
0.00182369
0.00368557
0.00609224
0.00568927
0.00391167
0.00182369
0.00192045
1.31899e-33
6.16882e-34
0.00846037
0.010928
0.00998019
0.00781615
0.0120454
0.0155694
0.0138586
0.0133537
0.0161776
0.0174079
0.0187234
0.0152767
0.0194093
0.0164884
0.0161776
0.0194093
0.00391167
0.00609224
0.00568927
0.00368557
0.010928
0.00846037
0.00998019
0.00781615
0.0187234
0.0174079
0.0133537
0.0152767
0.0155694
0.0120454
0.0138586
6.73083e-34
0.00210951
1.43977e-33
0.00201623
0.00413328
0.00435543
0.00690032
0.00649716
0.00201623
0.00210951
1.43977e-33
6.73083e-34
0.00977025
0.0128871
0.0118988
0.00911197
0.00435543
0.00649716
0.00690032
0.00413328
0.0147082
0.0161014
0.0173593
0.0192199
0.0214505
0.0220351
0.0243486
0.019665
0.0268466
0.0229682
0.0259929
0.0225824
0.0225824
0.0268466
0.0259929
0.0214505
0.00911197
0.0128871
0.00977025
0.0118988
0.0243486
0.0173593
0.0192199
0.0161014
0.0147082
0.019665
0.0220351
7.26154e-34
0.00220118
0.00228951
1.55362e-33
0.00457076
0.00478511
0.00769763
0.00730192
0.0110878
0.0148959
0.0138883
0.0104289
0.00220118
0.00228951
1.55362e-33
7.26154e-34
0.00769763
0.00478511
0.00730192
0.00457076
0.0175257
0.0189735
0.0231105
0.0211405
0.0110878
0.0138883
0.0104289
0.0148959
0.0245075
0.0270664
0.0305945
0.0274018
0.0296285
0.0310285
0.0334675
0.0354961
0.0365456
0.0310285
0.0315082
0.0365456
0.0296285
0.0334675
0.0354961
0.0274018
0.0189735
0.0270664
0.0211405
0.0175257
0.0305945
0.0245075
0.0231105
7.75335e-34
1.65857e-33
0.00237556
0.00245742
0.0049903
0.00519288
0.00846824
0.00808801
0.0123848
0.0169092
0.0159053
0.0117396
0.00237556
0.00245742
1.65857e-33
7.75335e-34
0.0204351
0.0219033
0.0271501
0.0251179
0.00846824
0.00519288
0.00808801
0.0049903
0.0159053
0.0169092
0.0123848
0.0117396
0.0323847
0.0296979
0.0373196
0.033907
0.0219033
0.0204351
0.0251179
0.0271501
0.0402243
0.0374912
0.0451872
0.0416724
0.0419387
0.0476549
0.0425207
0.048927
0.048927
0.0402243
0.0419387
0.0476549
0.0374912
0.033907
0.0296979
0.0416724
0.0323847
0.0373196
0.0451872
8.19862e-34
0.00261024
1.7527e-33
0.00253633
0.005384
0.00557084
0.00919591
0.00883927
0.013632
0.0188791
0.0130151
0.0179031
0.0233669
0.0248191
0.0312377
0.0291947
0.00253633
0.00261024
1.7527e-33
8.19862e-34
0.00557084
0.00919591
0.00883927
0.005384
0.0443552
0.037856
0.03511
0.0408098
0.0188791
0.013632
0.0179031
0.0130151
0.0291947
0.0233669
0.0248191
0.0312377
0.0556898
0.050353
0.0459874
0.0504056
0.03511
0.0443552
0.037856
0.0408098
0.0557278
0.0536643
0.0628843
0.0599256
0.0644051
0.056431
0.0557278
0.0644051
0.050353
0.0556898
0.0504056
0.0536643
0.0628843
0.0599256
0.0459874
8.58999e-34
0.0027451
1.83419e-33
0.00268054
0.00574407
0.00591134
0.00986467
0.00953953
0.0148001
0.0142261
0.0207574
0.0198334
0.0262476
0.0276467
0.0352668
0.0332666
8.58999e-34
1.83419e-33
0.00268054
0.0027451
0.0479316
0.0406039
0.043336
0.0515148
0.00574407
0.00591134
0.00986467
0.00953953
0.0207574
0.0148001
0.0198334
0.0142261
0.0594364
0.0667296
0.0611607
0.0548994
0.0332666
0.0352668
0.0262476
0.0276467
0.0406039
0.043336
0.0479316
0.0515148
0.0730452
0.0780755
0.0664016
0.0703494
0.0667296
0.0594364
0.0548994
0.0611607
0.0736364
0.0728053
0.0833674
0.0815739
0.0730452
0.0833674
0.0780755
0.0815739
0.0703494
0.0728053
0.0664016
8.92066e-34
0.00285937
1.90144e-33
0.00280543
0.00606307
0.00620724
0.0104594
0.0101732
0.0153439
0.015861
0.0224968
0.0216481
0.0290031
0.0303125
0.0391302
0.0372263
0.00280543
0.00285937
1.90144e-33
8.92066e-34
0.0550803
0.0460323
0.0486763
0.0586027
0.00606307
0.0101732
0.0104594
0.00620724
0.078004
0.072357
0.0685167
0.0639864
0.015861
0.0224968
0.0216481
0.0153439
0.0372263
0.0391302
0.0303125
0.0290031
0.0866566
0.0940941
0.0860084
0.0798136
0.0586027
0.0460323
0.0486763
0.0550803
0.078004
0.0685167
0.0639864
0.072357
0.0935334
0.0906562
0.099986
0.104068
0.0860084
0.0798136
0.0940941
0.0866566
0.106156
0.0945098
0.0935334
0.0906562
0.104068
0.099986
0.106156
9.18464e-34
0.00295074
1.95309e-33
0.00290852
0.00633423
0.0064522
0.0109665
0.0107257
0.00290852
0.00295074
1.95309e-33
9.18464e-34
0.0163413
0.0167889
0.0240528
0.0233012
0.0315612
0.0327463
0.0427235
0.0409675
0.0654216
0.0620582
0.0512473
0.0537302
0.0107257
0.00633423
0.0109665
0.0064522
0.0773916
0.0836301
0.0891951
0.0729956
0.0163413
0.0240528
0.0233012
0.0167889
0.102274
0.100376
0.110491
0.0935279
0.0427235
0.0327463
0.0409675
0.0315612
0.0654216
0.0537302
0.0512473
0.0620582
0.114896
0.119131
0.125943
0.109501
0.0891951
0.0773916
0.0729956
0.0836301
0.110491
0.102274
0.0935279
0.100376
0.118231
0.119357
0.133048
0.130647
0.114896
0.109501
0.119131
0.125943
0.133048
0.118231
0.130647
9.37702e-34
0.00301734
1.98806e-33
0.00298771
0.00655167
0.00664083
0.0113739
0.0111843
0.0171937
0.0175608
0.0253853
0.0247502
0.00298771
0.00301734
1.98806e-33
9.37702e-34
0.0111843
0.0113739
0.00655167
0.00664083
0.033854
0.0348831
0.0459489
0.0443886
0.0583575
0.0717797
0.0686702
0.0561045
0.0858093
0.0946594
0.0999832
0.0816726
0.0171937
0.0247502
0.0253853
0.0175608
0.113811
0.126795
0.118684
0.107154
0.033854
0.0443886
0.0348831
0.0459489
0.138459
0.148369
0.128808
0.137127
0.0686702
0.0717797
0.0583575
0.0561045
0.0858093
0.0946594
0.0816726
0.0999832
0.147132
0.156151
0.16151
0.143319
0.118684
0.113811
0.126795
0.107154
0.128808
0.148369
0.137127
0.138459
0.148423
0.143319
0.164242
0.164242
0.147132
0.156151
0.16151
9.49416e-34
0.00305779
2.00564e-33
0.00304137
0.00671058
0.00676896
0.0116721
0.0115382
0.0178801
0.0181574
0.0264596
0.0259576
0.0358203
0.0473963
0.036666
0.0487179
0.00304137
0.00305779
2.00564e-33
9.49416e-34
0.00676896
0.0115382
0.0116721
0.00671058
0.0259576
0.0264596
0.0181574
0.0178801
0.0624293
0.0774977
0.0747298
0.060469
0.105129
0.110058
0.0897702
0.0935295
0.142532
0.134763
0.126571
0.120299
0.0473963
0.0358203
0.0487179
0.036666
0.148017
0.157409
0.170695
0.159586
0.060469
0.0624293
0.0747298
0.0774977
0.169055
0.190723
0.176075
0.18193
0.110058
0.0935295
0.105129
0.0897702
0.142532
0.126571
0.134763
0.120299
0.199837
0.180396
0.196763
0.181852
0.148017
0.157409
0.159586
0.170695
0.176075
0.169055
0.199837
0.196763
0.18193
0.180396
0.190723
9.53381e-34
0.00307124
2.00544e-33
0.00306837
0.00680741
0.0068337
0.0118538
0.0117789
0.0183831
0.0185637
0.0272477
0.0268919
0.00306837
0.00307124
2.00544e-33
9.53381e-34
0.0374074
0.0509547
0.0499079
0.0380469
0.065832
0.082414
0.0800659
0.0642193
0.0117789
0.0118538
0.0068337
0.00680741
0.0268919
0.0272477
0.0185637
0.0183831
0.0374074
0.0380469
0.0499079
0.0509547
0.114736
0.0970574
0.119129
0.100332
0.157243
0.150044
0.138286
0.132581
0.166568
0.175425
0.192264
0.181615
0.0800659
0.0642193
0.065832
0.082414
0.207226
0.205343
0.219828
0.194687
0.0970574
0.114736
0.119129
0.100332
0.218064
0.229661
0.236401
0.213226
0.150044
0.157243
0.138286
0.132581
0.192264
0.175425
0.181615
0.166568
0.239828
0.219698
0.218064
0.239828
0.207226
0.194687
0.236401
0.219828
0.205343
0.213226
0.229661
9.4952e-34
0.0030574
1.98748e-33
0.00306815
0.00684
0.00683361
0.0119149
0.0119006
0.0186901
0.0187694
0.027729
0.0275287
0.0385726
0.0389887
0.0525979
0.0518546
0.00306815
0.0030574
1.98748e-33
9.4952e-34
0.00683361
0.0119006
0.0119149
0.00684
0.0684708
0.0863895
0.0845277
0.0672505
0.106022
0.126935
0.123206
0.103326
0.0187694
0.0186901
0.0275287
0.027729
0.0518546
0.0385726
0.0525979
0.0389887
0.0684708
0.0672505
0.0863895
0.0845277
0.164079
0.170499
0.148617
0.143644
0.183916
0.191978
0.212441
0.202565
0.231291
0.219459
0.247965
0.234071
0.103326
0.123206
0.106022
0.126935
0.272854
0.261962
0.254709
0.245948
0.143644
0.148617
0.170499
0.164079
0.260083
0.280308
0.284093
0.261891
0.212441
0.202565
0.183916
0.191978
0.219459
0.231291
0.234071
0.247965
0.260083
0.254709
0.284093
0.280308
0.245948
0.261962
0.272854
9.37908e-34
0.00301657
1.95213e-33
0.00304071
0.00680759
0.00676867
0.0118537
0.0119004
0.0278513
0.0187933
0.0187693
0.0278908
0.00304071
0.00301657
1.95213e-33
9.37908e-34
0.0392846
0.039466
0.0536022
0.053183
0.070272
0.0893121
0.0879891
0.0694781
0.00676867
0.0119004
0.0118537
0.00680759
0.0278513
0.0278908
0.0187933
0.0187693
0.110438
0.133251
0.130292
0.108397
0.157264
0.176458
0.153167
0.181913
0.053183
0.0536022
0.039466
0.0392846
0.0879891
0.0694781
0.070272
0.0893121
0.133251
0.110438
0.108397
0.130292
0.199552
0.22182
0.230631
0.206582
0.242637
0.253412
0.274299
0.261408
0.290698
0.30811
0.277588
0.292705
0.153167
0.176458
0.181913
0.157264
0.300355
0.306265
0.320071
0.328243
0.199552
0.230631
0.22182
0.206582
0.332389
0.332389
0.308257
0.306265
0.253412
0.274299
0.242637
0.261408
0.328243
0.320071
0.292705
0.277588
0.30811
0.300355
0.290698
9.18771e-34
0.0029496
1.90013e-33
0.00298663
0.00671093
0.00664037
0.0116717
0.0117784
0.0277289
0.0278512
0.0186901
0.0185635
0.039524
0.0394659
0.05394
0.0538564
0.00298663
0.0029496
1.90013e-33
9.18771e-34
0.00664037
0.0117784
0.0116717
0.00671093
0.0711853
0.0910993
0.0903524
0.07084
0.113453
0.137897
0.135793
0.112125
0.0278512
0.0277289
0.0185635
0.0186901
0.0538564
0.039524
0.05394
0.0394659
0.163978
0.191152
0.160875
0.186823
0.213018
0.238811
0.246299
0.218811
0.0711853
0.07084
0.0910993
0.0903524
0.112125
0.135793
0.137897
0.113453
0.160875
0.186823
0.191152
0.163978
0.263537
0.286542
0.272937
0.298047
0.307205
0.341117
0.320976
0.324958
0.35793
0.339312
0.370958
0.349861
0.213018
0.238811
0.218811
0.246299
0.384355
0.356315
0.358484
0.379848
0.263537
0.272937
0.298047
0.286542
0.356315
0.384355
0.379848
0.349861
0.324958
0.320976
0.307205
0.341117
0.35793
0.339312
0.370958
8.92471e-34
0.00285791
1.83257e-33
0.00290705
0.00655218
0.00645157
0.0113734
0.0115375
0.0181571
0.0272476
0.0275285
0.0183832
0.00290705
0.00285791
1.83257e-33
8.92471e-34
0.0392846
0.0389886
0.0536021
0.0538564
0.0711853
0.0917007
0.0712982
0.091551
0.00645157
0.0115375
0.0113734
0.00655218
0.0275285
0.0272476
0.0183832
0.0181571
0.114983
0.140739
0.13955
0.114406
0.194871
0.168563
0.19795
0.166545
0.0389886
0.0392846
0.0536021
0.0538564
0.0712982
0.091551
0.0917007
0.0711853
0.22392
0.228308
0.253041
0.258986
0.281542
0.28929
0.318508
0.308729
0.114983
0.140739
0.114406
0.13955
0.19795
0.168563
0.166545
0.194871
0.258986
0.22392
0.253041
0.228308
0.333919
0.356466
0.345935
0.370892
0.410959
0.392752
0.391375
0.375789
0.409804
0.425045
0.434644
0.402817
0.281542
0.318508
0.28929
0.308729
0.409804
0.439507
0.412157
0.439507
0.370892
0.356466
0.333919
0.345935
0.402817
0.410959
0.392752
0.425045
0.434644
0.375789
0.391375
8.59501e-34
0.00274337
1.75081e-33
0.00280361
0.0063349
0.0111834
0.00620647
0.0109658
0.0175604
0.0264593
0.0268915
0.0178803
0.00280361
0.00274337
1.75081e-33
8.59501e-34
0.0385727
0.0380467
0.0525978
0.0531829
0.00620647
0.0111834
0.0109658
0.0063349
0.070272
0.07084
0.0910993
0.091551
0.114983
0.141695
0.141456
0.115173
0.0178803
0.0268915
0.0264593
0.0175604
0.0380467
0.0531829
0.0385727
0.0525978
0.200369
0.17089
0.202108
0.170013
0.234797
0.231941
0.268322
0.264092
0.07084
0.0910993
0.091551
0.070272
0.141456
0.141695
0.114983
0.115173
0.296123
0.33508
0.327314
0.301992
0.396551
0.356938
0.366844
0.384286
0.202108
0.17089
0.170013
0.200369
0.231941
0.264092
0.268322
0.234797
0.296123
0.301992
0.327314
0.33508
0.429563
0.408697
0.423502
0.44705
0.466625
0.481746
0.458684
0.446369
0.497253
0.468729
0.492041
0.466204
0.384286
0.366844
0.356938
0.396551
0.497253
0.466204
0.492041
0.458684
0.481746
0.429563
0.466625
0.408697
0.446369
0.423502
0.44705
8.20457e-34
0.00260828
1.65647e-33
0.00267844
0.00267844
0.00260828
1.65647e-33
8.20457e-34
0.00606386
0.0104587
0.0107245
0.00591045
0.0167884
0.0253849
0.0259571
0.017194
0.0374075
0.0366658
0.0509547
0.0518546
0.0107245
0.0104587
0.00606386
0.00591045
0.069478
0.0684709
0.0893122
0.0903525
0.0259571
0.0253849
0.0167884
0.017194
0.113453
0.140739
0.141456
0.114406
0.17089
0.203508
0.203158
0.171181
0.0366658
0.0518546
0.0374075
0.0509547
0.0684709
0.0893122
0.069478
0.0903525
0.236849
0.238089
0.274034
0.271644
0.306853
0.310672
0.341751
0.347276
0.140739
0.113453
0.114406
0.141456
0.17089
0.171181
0.203158
0.203508
0.375582
0.383087
0.417336
0.407594
0.437059
0.478157
0.449266
0.463288
0.236849
0.271644
0.238089
0.274034
0.306853
0.347276
0.310672
0.341751
0.375582
0.417336
0.407594
0.383087
0.524251
0.503656
0.485667
0.503347
0.551348
0.540379
0.51683
0.524861
0.524861
0.527563
0.556899
0.556899
0.437059
0.463288
0.478157
0.449266
0.551348
0.503656
0.51683
0.540379
0.503347
0.524251
0.485667
7.7602e-34
0.00245529
1.55136e-33
0.002534
0.00574496
0.00556985
0.00986383
0.0101718
0.002534
0.00245529
1.55136e-33
7.7602e-34
0.0101718
0.00986383
0.00574496
0.00556985
0.0158604
0.0240524
0.0247496
0.0163416
0.0358204
0.0348829
0.0487179
0.0499078
0.0672504
0.0658321
0.0863897
0.0879893
0.0163416
0.0158604
0.0247496
0.0240524
0.110438
0.137897
0.139551
0.112125
0.0499078
0.0487179
0.0358204
0.0348829
0.168564
0.202108
0.203158
0.170013
0.238501
0.275957
0.275475
0.238089
0.0672504
0.0863897
0.0658321
0.0879893
0.137897
0.139551
0.110438
0.112125
0.315076
0.354739
0.313419
0.351617
0.389304
0.394188
0.432633
0.425702
0.202108
0.170013
0.203158
0.168564
0.238089
0.275475
0.238501
0.275957
0.460034
0.469282
0.503357
0.491546
0.543376
0.560891
0.519539
0.534119
0.351617
0.313419
0.315076
0.354739
0.394188
0.389304
0.432633
0.425702
0.460034
0.503357
0.491546
0.469282
0.600169
0.583074
0.562517
0.576513
0.587911
0.585047
0.611788
0.617665
0.585047
0.617665
0.576513
0.611788
0.519539
0.562517
0.560891
0.534119
0.583074
0.600169
0.543376
7.26928e-34
0.00237307
0.00228727
1.43742e-33
0.00538498
0.00519183
0.009195
0.00953803
0.0147994
0.0224963
0.0233005
0.0153442
0.00237307
0.00228727
1.43742e-33
7.26928e-34
0.00519183
0.00953803
0.009195
0.00538498
0.0233005
0.0224963
0.0147994
0.0153442
0.0338541
0.032746
0.0459488
0.0473962
0.0642191
0.0624293
0.0824141
0.084528
0.108396
0.106022
0.133252
0.135794
0.032746
0.0473962
0.0338541
0.0459488
0.163978
0.19795
0.200369
0.166545
0.0642191
0.0824141
0.084528
0.0624293
0.275476
0.236849
0.234797
0.274034
0.357251
0.315629
0.315076
0.356623
0.106022
0.108396
0.135794
0.133252
0.166545
0.200369
0.19795
0.163978
0.397701
0.441995
0.438078
0.39982
0.476944
0.521906
0.482962
0.513501
0.275476
0.236849
0.234797
0.274034
0.357251
0.315076
0.356623
0.315629
0.590575
0.576662
0.558028
0.546981
0.618854
0.601901
0.622138
0.642256
0.397701
0.441995
0.438078
0.39982
0.476944
0.521906
0.482962
0.513501
0.576662
0.546981
0.590575
0.558028
0.636928
0.67251
0.645934
0.660273
0.678697
0.678697
0.648962
0.645934
0.636928
0.642256
0.660273
0.67251
0.618854
0.622138
0.601901
6.73946e-34
1.3166e-33
0.00219862
0.00210724
0.00499132
0.00478403
0.00846728
0.00883768
0.0136313
0.020757
0.0216473
0.0142265
0.00219862
0.00210724
1.3166e-33
6.73946e-34
0.0315613
0.0303122
0.0427235
0.0443885
0.00478403
0.00883768
0.00846728
0.00499132
0.0142265
0.0136313
0.0216473
0.020757
0.0303122
0.0443885
0.0427235
0.0315613
0.0604689
0.0583575
0.0774979
0.0800663
0.100332
0.126935
0.130293
0.103326
0.157265
0.191153
0.194871
0.160875
0.0604689
0.0800663
0.0774979
0.0583575
0.231941
0.268322
0.271644
0.228309
0.126935
0.130293
0.100332
0.103326
0.310672
0.354739
0.313419
0.356623
0.445146
0.400528
0.39982
0.444357
0.191153
0.157265
0.160875
0.194871
0.271644
0.231941
0.268322
0.228309
0.528507
0.487293
0.489904
0.533258
0.57437
0.602525
0.567181
0.612426
0.310672
0.354739
0.313419
0.356623
0.445146
0.39982
0.400528
0.444357
0.676356
0.660373
0.646656
0.63381
0.700908
0.681655
0.69719
0.719793
0.487293
0.533258
0.528507
0.489904
0.612426
0.602525
0.567181
0.57437
0.63381
0.660373
0.646656
0.676356
0.709826
0.706652
0.732612
0.739091
0.739091
0.706652
0.69719
0.719793
0.732612
0.700908
0.681655
6.17834e-34
0.00191822
1.19088e-33
0.00201367
0.00201367
0.00191822
1.19088e-33
6.17834e-34
0.00457179
0.00435435
0.00769666
0.00808636
0.0123841
0.0188786
0.0198326
0.0130155
0.0290032
0.0276464
0.0391301
0.0409674
0.00808636
0.00769666
0.00457179
0.00435435
0.0561043
0.0537303
0.0717799
0.0747302
0.0198326
0.0123841
0.0188786
0.0130155
0.0391301
0.0276464
0.0409674
0.0290032
0.0561043
0.0747302
0.0717799
0.0537303
0.0970571
0.0935299
0.119129
0.123206
0.148618
0.181913
0.186824
0.153167
0.223919
0.264093
0.218812
0.258987
0.119129
0.123206
0.0935299
0.0970571
0.301993
0.351617
0.306853
0.347277
0.148618
0.153167
0.186824
0.181913
0.441995
0.444357
0.397701
0.394188
0.536122
0.490777
0.537079
0.489904
0.264093
0.223919
0.218812
0.258987
0.351617
0.306853
0.301993
0.347277
0.582662
0.625799
0.620202
0.579543
0.665659
0.690085
0.701459
0.6573
0.394188
0.397701
0.444357
0.441995
0.537079
0.489904
0.490777
0.536122
0.758106
0.732484
0.740148
0.717895
0.756389
0.766269
0.791161
0.7778
0.579543
0.582662
0.620202
0.625799
0.6573
0.665659
0.701459
0.690085
0.732484
0.758106
0.717895
0.740148
0.769589
0.797911
0.797911
0.766269
0.7778
0.791161
0.756389
5.5932e-34
0.00172313
1.06208e-33
0.00182122
5.5932e-34
0.00182122
0.00172313
1.06208e-33
0.0041343
0.00391063
0.00689936
0.00730027
0.00730027
0.00689936
0.0041343
0.00391063
0.01174
0.0110871
0.0169086
0.0179023
0.0262477
0.0248188
0.0352667
0.0372262
0.0512471
0.0486764
0.0654218
0.0686707
0.0179023
0.0169086
0.0110871
0.01174
0.0897699
0.0858097
0.110058
0.114737
0.0248188
0.0372262
0.0352667
0.0262477
0.0512471
0.0686707
0.0654218
0.0486764
0.0858097
0.0897699
0.114737
0.110058
0.138287
0.1705
0.17646
0.143644
0.213017
0.2463
0.206583
0.253042
0.341752
0.296123
0.289291
0.335081
0.138287
0.1705
0.17646
0.143644
0.438078
0.383088
0.389304
0.432634
0.206583
0.253042
0.2463
0.213017
0.533258
0.536122
0.482963
0.487293
0.582662
0.629173
0.630301
0.583705
0.341752
0.335081
0.289291
0.296123
0.389304
0.438078
0.383088
0.432634
0.716823
0.671676
0.675302
0.710393
0.754067
0.78631
0.77353
0.744573
0.533258
0.487293
0.482963
0.536122
0.583705
0.629173
0.582662
0.630301
0.796691
0.813577
0.833353
0.812916
0.823852
0.827298
0.847212
0.854212
0.675302
0.671676
0.710393
0.716823
0.78631
0.744573
0.77353
0.754067
0.854212
0.796691
0.847212
0.823852
0.813577
0.833353
0.812916
0.0016241
0.00152468
9.31879e-34
4.99068e-34
4.99068e-34
0.00152468
9.31879e-34
0.0016241
0.00368654
0.00346035
0.00609133
0.00649556
0.00368654
0.00346035
0.00649556
0.00609133
0.00976952
0.0148954
0.0159044
0.0104293
0.0159044
0.0148954
0.00976952
0.0104293
0.023367
0.021903
0.0312376
0.0332665
0.0460322
0.0433361
0.058603
0.0620587
0.0816722
0.0773921
0.0999838
0.10513
0.0312376
0.021903
0.0332665
0.023367
0.13258
0.126571
0.157244
0.16408
0.0433361
0.0460322
0.0620587
0.058603
0.0999838
0.0816722
0.10513
0.0773921
0.13258
0.16408
0.157244
0.126571
0.238812
0.199551
0.191979
0.230632
0.327315
0.281542
0.318509
0.272938
0.425703
0.366845
0.417336
0.375582
0.238812
0.230632
0.199551
0.191979
0.528508
0.469283
0.521906
0.476944
0.327315
0.272938
0.281542
0.318509
0.57437
0.625799
0.579543
0.629173
0.720699
0.721995
0.676515
0.675302
0.425703
0.417336
0.366845
0.375582
0.469283
0.476944
0.528508
0.521906
0.76502
0.803573
0.796348
0.760901
0.836919
0.85034
0.864415
0.82636
0.579543
0.625799
0.629173
0.57437
0.675302
0.676515
0.720699
0.721995
0.867823
0.885525
0.899834
0.87845
0.87845
0.88202
0.907061
0.907061
0.796348
0.760901
0.803573
0.76502
0.836919
0.864415
0.85034
0.899834
0.885525
0.82636
0.867823
0.00142486
0.00132526
8.01701e-34
4.37658e-34
0.00568777
0.00528752
0.0032357
0.00301035
4.37658e-34
0.00132526
8.01701e-34
0.00142486
0.0032357
0.00301035
0.00528752
0.00568777
0.00845968
0.0128866
0.0138874
0.00911236
0.0128866
0.00845968
0.00911236
0.0138874
0.0204352
0.0189732
0.02715
0.0291946
0.0189732
0.0291946
0.02715
0.0204352
0.0406037
0.0378561
0.0515151
0.0550808
0.0729952
0.0685172
0.0891958
0.0946605
0.113811
0.142533
0.150045
0.120298
0.0378561
0.0406037
0.0550808
0.0515151
0.183915
0.175426
0.212442
0.221821
0.0685172
0.0891958
0.0729952
0.0946605
0.142533
0.120298
0.150045
0.113811
0.175426
0.221821
0.183915
0.212442
0.253413
0.263536
0.298048
0.30873
0.407596
0.345936
0.396552
0.356937
0.503358
0.449266
0.513503
0.460033
0.30873
0.298048
0.253413
0.263536
0.558029
0.620203
0.612426
0.567181
0.345936
0.356937
0.407596
0.396552
0.716823
0.665659
0.720699
0.671675
0.766398
0.809384
0.807928
0.76502
0.513503
0.503358
0.460033
0.449266
0.620203
0.567181
0.558029
0.612426
0.87547
0.844519
0.8491
0.883426
0.911714
0.900194
0.933422
0.918203
0.716823
0.671675
0.665659
0.720699
0.766398
0.809384
0.807928
0.76502
0.932827
0.948132
0.929155
0.955559
0.929155
0.948132
0.918203
0.955559
0.87547
0.8491
0.883426
0.844519
0.933422
0.911714
0.900194
0.00122571
0.00112683
6.72669e-34
3.75561e-34
0.00489115
0.0045013
0.00278814
0.00256648
3.75561e-34
0.00112683
6.72669e-34
0.00122571
0.011898
0.0109276
0.00718364
0.00781651
0.00278814
0.00256648
0.0045013
0.00489115
0.00718364
0.0109276
0.011898
0.00781651
0.0175258
0.0161011
0.0231104
0.0251178
0.0251178
0.0231104
0.0175258
0.0161011
0.0351099
0.0323848
0.0443554
0.0479321
0.0351099
0.0479321
0.0443554
0.0323848
0.0639859
0.0594369
0.0780046
0.0836311
0.107153
0.100377
0.126796
0.134765
0.166567
0.15741
0.192266
0.202567
0.0780046
0.0639859
0.0836311
0.0594369
0.286543
0.242636
0.2743
0.231292
0.100377
0.126796
0.134765
0.107153
0.15741
0.202567
0.192266
0.166567
0.286543
0.231292
0.242636
0.2743
0.370893
0.320977
0.384288
0.333918
0.478158
0.491547
0.423503
0.437058
0.602526
0.53412
0.590575
0.546981
0.320977
0.384288
0.370893
0.333918
0.646657
0.701459
0.710394
0.657299
0.423503
0.478158
0.491547
0.437058
0.754067
0.803573
0.760901
0.807928
0.850632
0.8491
0.888223
0.889826
0.546981
0.53412
0.602526
0.590575
0.710394
0.657299
0.701459
0.646657
0.945376
0.953979
0.925004
0.920006
0.975085
0.963857
0.976206
0.991264
0.760901
0.803573
0.754067
0.807928
0.889826
0.850632
0.8491
0.888223
0.978856
0.975085
0.998865
0.998865
0.945376
0.925004
0.963857
0.991264
0.920006
0.953979
0.976206
0.00102835
0.000930857
5.4556e-34
3.13133e-34
0.00411803
0.0037438
0.00234917
0.0021334
3.13133e-34
0.000930857
5.4556e-34
0.00102835
0.00997948
0.00905912
0.00596403
0.00656624
0.00234917
0.0021334
0.0037438
0.00411803
0.0211404
0.0192198
0.0147083
0.0133535
0.00596403
0.00905912
0.00997948
0.00656624
0.0147083
0.0133535
0.0192198
0.0211404
0.0296978
0.0270665
0.0373198
0.0408103
0.0296978
0.0408103
0.0373198
0.0270665
0.054899
0.0504061
0.0667302
0.0723581
0.0504061
0.054899
0.0723581
0.0667302
0.0866574
0.110492
0.118686
0.0935273
0.148016
0.13846
0.170696
0.181617
0.219458
0.26141
0.207228
0.247967
0.0866574
0.118686
0.110492
0.0935273
0.292707
0.356468
0.341118
0.307204
0.13846
0.170696
0.181617
0.148016
0.247967
0.207228
0.26141
0.219458
0.341118
0.292707
0.307204
0.356468
0.46329
0.392753
0.447051
0.408696
0.503348
0.576663
0.560891
0.519539
0.618855
0.676357
0.690086
0.63381
0.447051
0.46329
0.392753
0.408696
0.78631
0.732485
0.744573
0.796349
0.576663
0.519539
0.503348
0.560891
0.836919
0.883426
0.844519
0.888223
0.9609
0.926676
0.925004
0.959166
0.690086
0.618855
0.63381
0.676357
0.78631
0.744573
0.796349
0.732485
0.985096
1.00397
1.01312
0.990454
1.02847
1.01545
1.01929
1.03622
0.888223
0.836919
0.883426
0.844519
0.926676
0.959166
0.925004
0.9609
0.990454
1.00397
1.01312
1.01545
1.03622
1.02847
0.985096
0.000833988
0.000738255
4.20781e-34
2.50606e-34
0.00337818
0.00302331
0.00192273
0.00171429
2.50606e-34
0.000738255
4.20781e-34
0.000833988
0.00816947
0.00731525
0.00481883
0.005382
0.00192273
0.00171429
0.00302331
0.00337818
0.0173591
0.0155693
0.0120455
0.0107884
0.00481883
0.00731525
0.00816947
0.005382
0.0245073
0.0339074
0.0305947
0.0220352
0.0120455
0.0107884
0.0155693
0.0173591
0.0245073
0.0220352
0.0305947
0.0339074
0.045987
0.0416728
0.0556903
0.0611618
0.045987
0.0611618
0.0416728
0.0556903
0.079813
0.073046
0.094095
0.102276
0.094095
0.073046
0.079813
0.102276
0.128807
0.119132
0.14837
0.159588
0.234073
0.194686
0.181932
0.21983
0.308111
0.32496
0.261963
0.277587
0.119132
0.159588
0.14837
0.128807
0.357931
0.41096
0.429565
0.375788
0.21983
0.181932
0.234073
0.194686
0.308111
0.261963
0.32496
0.277587
0.357931
0.41096
0.375788
0.429565
0.543378
0.524253
0.466626
0.485666
0.583075
0.642257
0.660375
0.601901
0.758106
0.717894
0.773531
0.700909
0.543378
0.524253
0.466626
0.485666
0.82636
0.812916
0.87547
0.864415
0.642257
0.601901
0.583075
0.660375
0.953979
0.911714
0.920006
0.959166
1.02048
1.01863
0.992246
0.990454
0.700909
0.758106
0.717894
0.773531
0.864415
0.87547
0.82636
0.812916
1.04951
1.05908
1.03784
1.04349
1.05343
1.06695
1.06695
1.04951
0.920006
0.953979
0.959166
0.911714
1.01863
1.05908
0.992246
1.02048
1.04349
1.03784
0.990454
0.000643247
0.000549359
2.98359e-34
1.88105e-34
1.88105e-34
0.000549359
2.98359e-34
0.000643247
0.00267827
0.0023447
0.0015112
0.00131069
0.00649797
0.00572127
0.00376018
0.004279
0.0015112
0.00131069
0.0023447
0.00267827
0.00845212
0.0138585
0.0122355
0.00959003
0.00376018
0.00572127
0.00649797
0.004279
0.0196649
0.0274022
0.0243488
0.0174079
0.00959003
0.00845212
0.0122355
0.0138585
0.0374908
0.050354
0.0451877
0.0334679
0.0196649
0.0174079
0.0243488
0.0274022
0.0374908
0.0334679
0.0451877
0.050354
0.066401
0.0599263
0.0780764
0.0860099
0.066401
0.0860099
0.0780764
0.0599263
0.1095
0.0999869
0.125944
0.137129
0.137129
0.0999869
0.125944
0.1095
0.205345
0.169054
0.190724
0.156152
0.229662
0.245947
0.290701
0.272855
0.320072
0.391377
0.37096
0.339311
0.190724
0.156152
0.205345
0.169054
0.425046
0.503658
0.481748
0.446368
0.229662
0.272855
0.245947
0.290701
0.37096
0.320072
0.391377
0.339311
0.503658
0.425046
0.481748
0.446368
0.622139
0.54038
0.60017
0.562516
0.719794
0.660274
0.740149
0.681654
0.79669
0.777801
0.833354
0.850341
0.54038
0.60017
0.622139
0.562516
0.885525
0.945376
0.900193
0.933422
0.660274
0.740149
0.681654
0.719794
0.976206
1.01312
0.985096
1.01863
1.06678
1.04349
1.04538
1.06485
0.79669
0.850341
0.833354
0.777801
0.900193
0.933422
0.885525
0.945376
1.0905
1.08064
1.07668
1.08254
1.08254
1.06485
1.07668
1.0905
1.01312
0.985096
0.976206
1.01863
1.04538
1.06678
1.04349
1.25664e-34
0.000363931
1.77959e-34
0.000456171
0.000456171
0.000363931
1.77959e-34
1.25664e-34
0.00202123
0.00170889
0.00111525
0.000922363
0.00111525
0.000922363
0.00170889
0.00202123
0.00498507
0.00429154
0.00279315
0.00326598
0.0107057
0.00927513
0.00738093
0.00637555
0.00279315
0.00429154
0.00326598
0.00498507
0.0152766
0.0214508
0.0187235
0.013278
0.00738093
0.00637555
0.00927513
0.0107057
0.0296282
0.0402251
0.0259931
0.0354965
0.0152766
0.013278
0.0187235
0.0214508
0.0536637
0.0703508
0.062885
0.0476555
0.0296282
0.0259931
0.0354965
0.0402251
0.0536637
0.0476555
0.062885
0.0703508
0.0906554
0.0815748
0.104069
0.114898
0.0906554
0.114898
0.0815748
0.104069
0.130648
0.161511
0.143318
0.176077
0.130648
0.176077
0.161511
0.143318
0.236403
0.254712
0.196764
0.213225
0.280309
0.349864
0.300354
0.328245
0.379849
0.434645
0.458686
0.402816
0.236403
0.196764
0.254712
0.213225
0.492042
0.576515
0.55135
0.516829
0.328245
0.280309
0.300354
0.349864
0.458686
0.379849
0.434645
0.402816
0.55135
0.492042
0.576515
0.516829
0.672511
0.697192
0.611789
0.636927
0.791161
0.732613
0.813578
0.756389
0.867822
0.899835
0.918203
0.847213
0.611789
0.697192
0.636927
0.672511
0.963856
0.991264
0.948132
1.00397
0.756389
0.791161
0.813578
0.732613
1.03784
1.06485
1.02847
1.05908
1.09842
1.08254
1.09644
1.0845
0.847213
0.867822
0.918203
0.899835
0.963856
1.00397
0.991264
0.948132
1.09644
1.10045
1.10644
1.10644
1.05908
1.09842
1.0845
1.06485
1.03784
1.02847
1.08254
0.000272251
0.000181207
5.89232e-35
6.32597e-35
6.32597e-35
0.000181207
5.89232e-35
0.000272251
0.000733728
0.0005472
0.00111245
0.00140588
0.00140588
0.00111245
0.000733728
0.0005472
0.00363886
0.00302733
0.00191468
0.00234409
0.00191468
0.00234409
0.00302733
0.00363886
0.00794559
0.00671982
0.00544009
0.00457075
0.0114211
0.0161777
0.0138237
0.00970752
0.00544009
0.00457075
0.00671982
0.00794559
0.0225822
0.0310292
0.0268469
0.0194095
0.0114211
0.00970752
0.0138237
0.0161777
0.0419382
0.055729
0.0489277
0.036546
0.0225822
0.0194095
0.0268469
0.0310292
0.0728047
0.0935351
0.0833683
0.0644059
0.0419382
0.036546
0.0489277
0.055729
0.0935351
0.0728047
0.0644059
0.0833683
0.106157
0.13305
0.147135
0.11823
0.11823
0.147135
0.106157
0.13305
0.218067
0.164243
0.180395
0.199838
0.218067
0.164243
0.199838
0.180395
0.239829
0.284094
0.306267
0.260082
0.332391
0.384356
0.409807
0.356314
0.497254
0.524863
0.439508
0.466202
0.284094
0.239829
0.306267
0.260082
0.5569
0.645936
0.617666
0.585046
0.409807
0.384356
0.332391
0.356314
0.439508
0.524863
0.466202
0.497254
0.5569
0.645936
0.617666
0.585046
0.706651
0.678698
0.739092
0.766271
0.823852
0.797912
0.878451
0.854213
0.975086
0.907061
0.929155
0.955559
0.739092
0.766271
0.678698
0.706651
1.04951
1.03622
1.01545
0.998866
0.797912
0.854213
0.823852
0.878451
1.06695
1.07668
1.09644
1.0905
1.11247
1.10845
1.10644
1.11449
0.955559
0.907061
0.929155
0.975086
0.998866
1.01545
1.04951
1.03622
1.10644
1.09644
1.10845
1.11449
1.06695
1.0905
1.07668
1.0609e-36
9.04807e-05
9.04807e-05
1.0609e-36
0.000826443
0.000363606
0.000363606
0.000826443
0.00245324
0.00150576
0.00150576
0.00245324
0.0037688
0.00559536
0.0037688
0.00559536
0.00814191
0.0116658
0.0164882
0.0229686
0.00814191
0.0116658
0.0315078
0.0425216
0.0229686
0.0164882
0.0564304
0.0736379
0.0425216
0.0315078
0.094509
0.119359
0.0564304
0.0736379
0.094509
0.119359
0.148422
0.181854
0.148422
0.181854
0.219697
0.261894
0.261894
0.219697
0.308256
0.358487
0.412156
0.468731
0.587913
0.527562
0.358487
0.308256
0.709828
0.648961
0.468731
0.412156
0.527562
0.587913
0.709828
0.648961
0.769588
0.827299
0.932827
0.88202
1.01929
0.978856
0.769588
0.827299
1.08064
1.05343
0.932827
0.88202
1.11247
1.10045
1.11651
1.11247
0.978856
1.01929
1.05343
1.10045
1.08064
0.106157
0.239829
0.199838
0.000181207
0.13305
0.164243
0.13305
0.164243
0.106157
0.00302733
0.00457075
0.0833683
0.199838
0.00970752
0.0644059
0.0489277
0.239829
0.036546
0.0268469
0.284094
0.0194095
0.0138237
0.332391
0.00671982
0.384356
0.439508
0.00191468
0.00111245
0.497254
0.0005472
0.5569
0.617666
0.000181207
0.284094
0.332391
0.678698
0.739092
0.439508
0.797912
0.0005472
0.854213
0.907061
0.00111245
0.955559
0.998866
0.00191468
1.03622
1.06695
0.00302733
0.907061
1.0905
0.955559
1.10644
0.00457075
1.11449
1.11449
0.00671982
1.10644
1.0905
0.00970752
1.06695
1.03622
0.0138237
0.998866
0.0194095
0.854213
0.0268469
0.797912
0.739092
0.036546
0.678698
0.617666
0.0489277
0.5569
0.497254
0.0644059
0.384356
0.0833683
5.89232e-35
5.89232e-35
6.32597e-35
0.000272251
0.000272251
6.32597e-35
0.00140588
0.000733728
0.000733728
0.00140588
0.00234409
0.00363886
0.00234409
0.00363886
0.00794559
0.00544009
0.00544009
0.00794559
0.0161777
0.0114211
0.0310292
0.0225822
0.0114211
0.0161777
0.0419382
0.055729
0.0310292
0.0225822
0.0935351
0.0728047
0.0419382
0.055729
0.11823
0.147135
0.0728047
0.0935351
0.11823
0.147135
0.218067
0.180395
0.218067
0.180395
0.260082
0.306267
0.306267
0.260082
0.409807
0.356314
0.524863
0.466202
0.585046
0.645936
0.356314
0.409807
0.766271
0.706651
0.524863
0.466202
0.645936
0.585046
0.706651
0.766271
0.823852
0.878451
0.975086
0.929155
1.01545
1.04951
0.878451
0.823852
1.09644
1.07668
0.975086
0.929155
1.11247
1.10845
1.10845
1.09644
1.04951
1.01545
1.07668
0.196764
0.161511
0.161511
0.130648
0.196764
0.104069
0.00170889
0.0815748
0.062885
0.236403
0.0476555
0.280309
0.0354965
0.0259931
0.0187235
0.328245
0.013278
0.379849
0.00927513
0.00637555
0.00429154
0.434645
0.00279315
0.492042
0.000922363
0.000363931
0.55135
0.611789
0.000363931
0.672511
0.236403
0.732613
0.791161
0.328245
0.000922363
0.847213
0.899835
0.492042
0.948132
0.00170889
0.991264
0.00279315
1.02847
1.05908
1.08254
0.791161
0.00429154
1.09842
0.00637555
0.948132
1.10644
1.10644
1.09842
0.00927513
1.08254
0.013278
1.05908
1.02847
0.991264
0.0187235
0.0259931
0.899835
0.847213
0.0354965
0.732613
0.0476555
0.672511
0.611789
0.55135
0.062885
0.0815748
0.434645
0.379849
0.104069
0.280309
0.130648
1.77959e-34
1.77959e-34
1.25664e-34
0.000456171
0.000456171
1.25664e-34
0.00202123
0.00111525
0.00111525
0.00202123
0.00326598
0.00498507
0.00498507
0.00326598
0.0107057
0.00738093
0.00738093
0.0107057
0.0214508
0.0152766
0.0296282
0.0402251
0.0152766
0.0214508
0.0536637
0.0703508
0.0402251
0.0296282
0.0906554
0.114898
0.0703508
0.0536637
0.176077
0.143318
0.0906554
0.114898
0.176077
0.143318
0.213225
0.254712
0.254712
0.213225
0.349864
0.300354
0.300354
0.349864
0.458686
0.402816
0.576515
0.516829
0.636927
0.697192
0.458686
0.402816
0.756389
0.813578
0.516829
0.576515
0.697192
0.636927
0.756389
0.813578
0.867822
0.918203
0.963856
1.00397
1.03784
1.06485
0.918203
0.867822
1.09644
1.0845
0.963856
1.00397
1.10045
1.09644
1.0845
1.03784
1.06485
0.190724
0.125944
0.229662
0.000549359
0.0999869
0.0780764
0.0599263
0.272855
0.0451877
0.00572127
0.00845212
0.320072
0.0334679
0.0243488
0.0174079
0.37096
0.0122355
0.425046
0.00376018
0.481748
0.0023447
0.54038
0.00131069
0.60017
0.660274
0.000549359
0.719794
0.190724
0.777801
0.00131069
0.833354
0.885525
0.933422
0.37096
0.425046
0.0023447
0.976206
0.00376018
1.01312
1.04349
1.06678
0.00572127
0.719794
1.08254
0.00845212
0.833354
0.885525
1.0905
1.0905
1.08254
0.0122355
1.06678
0.0174079
1.04349
1.01312
0.976206
0.0243488
0.933422
0.0334679
0.777801
0.0451877
0.0599263
0.660274
0.60017
0.54038
0.0780764
0.481748
0.0999869
0.320072
0.125944
0.272855
0.156152
0.229662
0.156152
2.98359e-34
2.98359e-34
1.88105e-34
0.000643247
0.000643247
1.88105e-34
0.0015112
0.00267827
0.0015112
0.00267827
0.004279
0.00649797
0.00649797
0.004279
0.0138585
0.00959003
0.00959003
0.0138585
0.0196649
0.0274022
0.0374908
0.050354
0.0196649
0.0274022
0.066401
0.0860099
0.050354
0.0374908
0.137129
0.1095
0.066401
0.0860099
0.205345
0.169054
0.1095
0.137129
0.205345
0.169054
0.290701
0.245947
0.290701
0.245947
0.339311
0.391377
0.391377
0.339311
0.503658
0.446368
0.622139
0.562516
0.681654
0.740149
0.446368
0.503658
0.79669
0.850341
0.562516
0.622139
0.740149
0.681654
0.79669
0.850341
0.945376
0.900193
0.985096
1.01863
1.04538
1.06485
0.900193
0.945376
1.08064
1.07668
1.01863
0.985096
1.07668
1.06485
1.04538
0.261963
0.073046
0.0556903
0.308111
0.0416728
0.0305947
0.357931
0.0220352
0.0155693
0.41096
0.0107884
0.00731525
0.466626
0.00481883
0.00302331
0.524253
0.00171429
0.000738255
0.583075
0.642257
0.000738255
0.094095
0.119132
0.700909
0.758106
0.181932
0.812916
0.00171429
0.864415
0.911714
0.00302331
0.953979
0.990454
0.00481883
1.02048
1.04349
0.00731525
0.583075
1.05908
0.642257
1.06695
0.0107884
1.06695
1.05908
0.0155693
0.864415
0.911714
1.04349
1.02048
0.0220352
0.990454
0.953979
0.0305947
0.0416728
0.812916
0.758106
0.0556903
0.700909
0.073046
0.524253
0.094095
0.466626
0.41096
0.119132
0.357931
0.308111
0.14837
0.261963
0.21983
0.181932
0.14837
0.21983
4.20781e-34
4.20781e-34
2.50606e-34
0.000833988
0.000833988
2.50606e-34
0.00337818
0.00192273
0.00192273
0.00337818
0.00816947
0.005382
0.005382
0.00816947
0.0173591
0.0120455
0.0120455
0.0173591
0.0339074
0.0245073
0.045987
0.0611618
0.0339074
0.0245073
0.102276
0.079813
0.045987
0.0611618
0.159588
0.128807
0.102276
0.079813
0.234073
0.194686
0.159588
0.128807
0.194686
0.234073
0.32496
0.277587
0.277587
0.32496
0.429565
0.375788
0.375788
0.429565
0.543378
0.485666
0.660375
0.601901
0.717894
0.773531
0.485666
0.543378
0.87547
0.82636
0.601901
0.660375
0.773531
0.717894
0.87547
0.82636
0.920006
0.959166
0.992246
1.01863
1.03784
1.04951
0.959166
0.920006
1.04951
1.05343
0.992246
1.03784
1.01863
0.0504061
0.0373198
0.341118
0.0270665
0.392753
0.0192198
0.0133535
0.00905912
0.447051
0.00596403
0.503348
0.0037438
0.0021334
0.000930857
0.560891
0.618855
0.000930857
0.676357
0.0667302
0.732485
0.78631
0.110492
0.0021334
0.836919
0.883426
0.207228
0.925004
0.0037438
0.9609
0.00596403
0.990454
1.01312
1.02847
0.447051
0.00905912
1.03622
0.0133535
0.618855
1.03622
1.02847
1.01312
0.0192198
0.78631
0.990454
0.0270665
0.9609
0.925004
0.883426
0.0373198
0.836919
0.0504061
0.732485
0.676357
0.0667302
0.0866574
0.560891
0.503348
0.110492
0.392753
0.13846
0.341118
0.292707
0.247967
0.170696
0.207228
0.170696
0.13846
0.247967
0.0866574
0.292707
5.4556e-34
5.4556e-34
3.13133e-34
0.00102835
0.00102835
3.13133e-34
0.00411803
0.00234917
0.00234917
0.00411803
0.00997948
0.00656624
0.00997948
0.00656624
0.0147083
0.0211404
0.0147083
0.0211404
0.0296978
0.0408103
0.054899
0.0723581
0.0296978
0.0408103
0.118686
0.0935273
0.0723581
0.054899
0.181617
0.148016
0.118686
0.0935273
0.26141
0.219458
0.181617
0.148016
0.219458
0.26141
0.356468
0.307204
0.356468
0.307204
0.46329
0.408696
0.46329
0.408696
0.576663
0.519539
0.63381
0.690086
0.796349
0.744573
0.519539
0.576663
0.844519
0.888223
0.690086
0.63381
0.744573
0.796349
0.888223
0.844519
0.959166
0.926676
1.00397
0.985096
1.01545
1.01929
0.926676
0.959166
1.00397
1.01545
0.985096
0.370893
0.0231104
0.423503
0.0161011
0.0109276
0.00718364
0.478158
0.0045013
0.53412
0.00256648
0.00112683
0.590575
0.646657
0.00112683
0.701459
0.0443554
0.754067
0.00256648
0.803573
0.8491
0.889826
0.126796
0.15741
0.0045013
0.925004
0.00718364
0.953979
0.976206
0.991264
0.0109276
0.370893
0.998865
0.0161011
0.478158
0.53412
0.998865
0.991264
0.976206
0.0231104
0.701459
0.953979
0.0323848
0.925004
0.889826
0.8491
0.0443554
0.803573
0.0594369
0.754067
0.646657
0.0780046
0.590575
0.100377
0.423503
0.126796
0.15741
0.320977
0.2743
0.231292
0.192266
0.192266
0.231292
0.100377
0.2743
0.0780046
0.320977
0.0594369
0.0323848
6.72669e-34
6.72669e-34
3.75561e-34
0.00122571
0.00122571
3.75561e-34
0.00278814
0.00489115
0.00278814
0.00489115
0.011898
0.00781651
0.00781651
0.011898
0.0175258
0.0251178
0.0175258
0.0251178
0.0479321
0.0351099
0.0836311
0.0639859
0.0351099
0.0479321
0.107153
0.134765
0.0639859
0.0836311
0.166567
0.202567
0.107153
0.134765
0.242636
0.286543
0.202567
0.166567
0.242636
0.286543
0.384288
0.333918
0.384288
0.333918
0.491547
0.437058
0.437058
0.491547
0.602526
0.546981
0.710394
0.657299
0.760901
0.807928
0.546981
0.602526
0.888223
0.850632
0.710394
0.657299
0.760901
0.807928
0.888223
0.850632
0.945376
0.920006
0.975085
0.963857
0.978856
0.975085
0.920006
0.963857
0.945376
0.449266
0.00845968
0.00528752
0.503358
0.00301035
0.00132526
0.558029
0.612426
0.00132526
0.0128866
0.0189732
0.665659
0.716823
0.0378561
0.76502
0.00301035
0.809384
0.8491
0.00528752
0.883426
0.911714
0.00845968
0.933422
0.948132
0.0128866
0.253413
0.955559
0.298048
0.955559
0.0189732
0.948132
0.933422
0.02715
0.503358
0.558029
0.911714
0.883426
0.0378561
0.8491
0.809384
0.0515151
0.76502
0.716823
0.0685172
0.665659
0.612426
0.0891958
0.113811
0.449266
0.396552
0.142533
0.345936
0.175426
0.212442
0.212442
0.175426
0.142533
0.253413
0.113811
0.0891958
0.298048
0.0685172
0.0515151
0.345936
0.02715
0.396552
8.01701e-34
8.01701e-34
4.37658e-34
0.00142486
0.00142486
4.37658e-34
0.00568777
0.0032357
0.0032357
0.00568777
0.00911236
0.0138874
0.0138874
0.00911236
0.0291946
0.0204352
0.0204352
0.0291946
0.0406037
0.0550808
0.0729952
0.0946605
0.0406037
0.0550808
0.150045
0.120298
0.0946605
0.0729952
0.183915
0.221821
0.120298
0.150045
0.263536
0.30873
0.183915
0.221821
0.30873
0.263536
0.407596
0.356937
0.356937
0.407596
0.460033
0.513503
0.513503
0.460033
0.620203
0.567181
0.720699
0.671675
0.807928
0.766398
0.620203
0.567181
0.844519
0.87547
0.720699
0.671675
0.766398
0.807928
0.87547
0.844519
0.900194
0.918203
0.932827
0.929155
0.929155
0.918203
0.900194
0.00346035
0.00152468
0.521906
0.57437
0.00152468
0.625799
0.00609133
0.675302
0.721995
0.0148954
0.00346035
0.76502
0.803573
0.0433361
0.836919
0.00609133
0.864415
0.00976952
0.885525
0.899834
0.907061
0.157244
0.0148954
0.907061
0.021903
0.272938
0.899834
0.885525
0.864415
0.0312376
0.417336
0.836919
0.0433361
0.803573
0.76502
0.721995
0.058603
0.675302
0.0773921
0.625799
0.57437
0.521906
0.0999838
0.469283
0.126571
0.366845
0.318509
0.157244
0.191979
0.230632
0.191979
0.230632
0.126571
0.272938
0.0999838
0.0773921
0.058603
0.318509
0.366845
0.0312376
0.021903
0.417336
0.00976952
0.469283
9.31879e-34
9.31879e-34
4.99068e-34
0.0016241
0.0016241
4.99068e-34
0.00368654
0.00649556
0.00368654
0.00649556
0.0159044
0.0104293
0.0159044
0.0104293
0.0332665
0.023367
0.023367
0.0332665
0.0460322
0.0620587
0.10513
0.0816722
0.0460322
0.0620587
0.16408
0.13258
0.0816722
0.10513
0.199551
0.238812
0.13258
0.16408
0.281542
0.327315
0.199551
0.238812
0.281542
0.327315
0.425703
0.375582
0.425703
0.375582
0.528508
0.476944
0.528508
0.476944
0.579543
0.629173
0.720699
0.676515
0.796348
0.760901
0.629173
0.579543
0.82636
0.85034
0.720699
0.676515
0.760901
0.796348
0.85034
0.82636
0.87845
0.867823
0.87845
0.88202
0.867823
0.533258
0.582662
0.00172313
0.00172313
0.630301
0.675302
0.00391063
0.716823
0.754067
0.0169086
0.0248188
0.78631
0.00689936
0.812916
0.0110871
0.833353
0.847212
0.854212
0.110058
0.0169086
0.854212
0.1705
0.206583
0.0248188
0.847212
0.833353
0.812916
0.335081
0.0352667
0.78631
0.0486764
0.754067
0.716823
0.533258
0.675302
0.0654218
0.630301
0.0858097
0.582662
0.482963
0.110058
0.432634
0.138287
0.383088
0.289291
0.1705
0.2463
0.206583
0.138287
0.2463
0.289291
0.0858097
0.0654218
0.0486764
0.335081
0.0352667
0.383088
0.0110871
0.432634
0.00689936
0.482963
0.00391063
1.06208e-33
1.06208e-33
5.5932e-34
0.00182122
5.5932e-34
0.00182122
0.00730027
0.0041343
0.0041343
0.00730027
0.0179023
0.01174
0.0179023
0.01174
0.0262477
0.0372262
0.0262477
0.0372262
0.0686707
0.0512471
0.114737
0.0897699
0.0512471
0.0686707
0.17646
0.143644
0.114737
0.0897699
0.253042
0.213017
0.143644
0.17646
0.341752
0.296123
0.213017
0.253042
0.341752
0.296123
0.389304
0.438078
0.389304
0.438078
0.536122
0.487293
0.536122
0.487293
0.583705
0.629173
0.710393
0.671676
0.744573
0.77353
0.583705
0.629173
0.813577
0.796691
0.671676
0.710393
0.744573
0.77353
0.813577
0.796691
0.827298
0.823852
0.823852
0.00191822
0.582662
0.625799
0.665659
0.00435435
0.701459
0.732484
0.00769666
0.758106
0.7778
0.0123841
0.791161
0.797911
0.0537303
0.0188786
0.0717799
0.797911
0.791161
0.0276464
0.7778
0.758106
0.181913
0.218812
0.0391301
0.732484
0.701459
0.0537303
0.665659
0.625799
0.0717799
0.582662
0.537079
0.0935299
0.489904
0.441995
0.119129
0.394188
0.347277
0.148618
0.301993
0.258987
0.181913
0.218812
0.148618
0.119129
0.258987
0.0935299
0.301993
0.0391301
0.347277
0.0276464
0.0188786
0.394188
0.0123841
0.00769666
0.441995
0.00435435
0.00191822
0.489904
0.537079
1.19088e-33
1.19088e-33
6.17834e-34
0.00201367
0.00201367
6.17834e-34
0.00457179
0.00808636
0.00457179
0.00808636
0.0130155
0.0198326
0.0198326
0.0130155
0.0409674
0.0290032
0.0409674
0.0290032
0.0747302
0.0561043
0.123206
0.0970571
0.0561043
0.0747302
0.186824
0.153167
0.123206
0.0970571
0.223919
0.264093
0.186824
0.153167
0.306853
0.351617
0.223919
0.264093
0.306853
0.351617
0.397701
0.444357
0.397701
0.444357
0.536122
0.490777
0.536122
0.490777
0.620202
0.579543
0.6573
0.690085
0.740148
0.717895
0.579543
0.620202
0.756389
0.766269
0.6573
0.690085
0.717895
0.740148
0.756389
0.769589
0.766269
0.612426
0.00478403
0.646656
0.676356
0.700908
0.00846728
0.719793
0.0136313
0.732612
0.020757
0.739091
0.739091
0.020757
0.0583575
0.732612
0.0303122
0.719793
0.700908
0.126935
0.676356
0.0427235
0.646656
0.0583575
0.612426
0.57437
0.310672
0.533258
0.0774979
0.489904
0.100332
0.445146
0.39982
0.354739
0.126935
0.157265
0.268322
0.228309
0.191153
0.191153
0.157265
0.228309
0.100332
0.0774979
0.268322
0.310672
0.0427235
0.0303122
0.354739
0.0136313
0.39982
0.00846728
0.00478403
0.00210724
0.445146
0.489904
0.00210724
0.533258
0.57437
1.3166e-33
1.3166e-33
6.73946e-34
0.00219862
0.00219862
6.73946e-34
0.00883768
0.00499132
0.00499132
0.00883768
0.0216473
0.0142265
0.0142265
0.0216473
0.0315613
0.0443885
0.0315613
0.0443885
0.0604689
0.0800663
0.130293
0.103326
0.0604689
0.0800663
0.194871
0.160875
0.130293
0.103326
0.271644
0.231941
0.160875
0.194871
0.356623
0.313419
0.271644
0.231941
0.356623
0.313419
0.400528
0.444357
0.400528
0.444357
0.487293
0.528507
0.487293
0.528507
0.567181
0.602525
0.63381
0.660373
0.69719
0.681655
0.567181
0.602525
0.709826
0.706652
0.660373
0.63381
0.69719
0.681655
0.706652
0.00519183
0.590575
0.618854
0.642256
0.009195
0.660273
0.009195
0.0147994
0.67251
0.0224963
0.032746
0.678697
0.678697
0.0224963
0.67251
0.0824141
0.032746
0.660273
0.642256
0.618854
0.0459488
0.19795
0.234797
0.590575
0.0624293
0.558028
0.521906
0.482962
0.0824141
0.441995
0.106022
0.39982
0.357251
0.315076
0.133252
0.274034
0.163978
0.163978
0.19795
0.133252
0.234797
0.106022
0.0624293
0.274034
0.0459488
0.315076
0.0147994
0.357251
0.39982
0.00519183
0.00228727
0.441995
0.482962
0.00228727
0.521906
0.558028
1.43742e-33
1.43742e-33
7.26928e-34
0.00237307
0.00237307
7.26928e-34
0.00953803
0.00538498
0.00538498
0.00953803
0.0233005
0.0153442
0.0233005
0.0153442
0.0473962
0.0338541
0.0338541
0.0473962
0.0642191
0.084528
0.108396
0.135794
0.0642191
0.084528
0.200369
0.166545
0.108396
0.135794
0.236849
0.275476
0.166545
0.200369
0.315629
0.356623
0.275476
0.236849
0.356623
0.315629
0.397701
0.438078
0.438078
0.397701
0.476944
0.513501
0.513501
0.476944
0.546981
0.576662
0.601901
0.622138
0.636928
0.645934
0.546981
0.576662
0.645934
0.648962
0.622138
0.601901
0.636928
0.583074
0.00986383
0.600169
0.00245529
0.611788
0.0158604
0.617665
0.617665
0.0240524
0.0240524
0.0348829
0.611788
0.600169
0.0348829
0.583074
0.560891
0.0487179
0.534119
0.503357
0.0658321
0.469282
0.202108
0.432633
0.0863897
0.394188
0.354739
0.110438
0.315076
0.275957
0.137897
0.238089
0.168564
0.168564
0.137897
0.202108
0.110438
0.0863897
0.238089
0.0658321
0.0487179
0.275957
0.315076
0.0158604
0.00986383
0.354739
0.00556985
0.394188
0.432633
0.00245529
0.560891
0.469282
0.503357
0.534119
0.00556985
1.55136e-33
1.55136e-33
7.7602e-34
0.002534
0.002534
7.7602e-34
0.00574496
0.0101718
0.00574496
0.0101718
0.0247496
0.0163416
0.0163416
0.0247496
0.0499078
0.0358204
0.0358204
0.0499078
0.0879893
0.0672504
0.139551
0.112125
0.0672504
0.0879893
0.170013
0.203158
0.139551
0.112125
0.238501
0.275475
0.203158
0.170013
0.313419
0.351617
0.275475
0.238501
0.313419
0.351617
0.425702
0.389304
0.425702
0.389304
0.460034
0.491546
0.491546
0.460034
0.543376
0.519539
0.576513
0.562517
0.587911
0.585047
0.543376
0.519539
0.585047
0.562517
0.576513
0.0104587
0.551348
0.0167884
0.556899
0.556899
0.551348
0.0104587
0.0253849
0.540379
0.0366658
0.524251
0.503347
0.478157
0.0684709
0.0509547
0.449266
0.0684709
0.417336
0.140739
0.383087
0.347276
0.203508
0.0893122
0.310672
0.113453
0.274034
0.238089
0.140739
0.17089
0.17089
0.113453
0.0893122
0.203508
0.238089
0.0509547
0.0366658
0.0253849
0.274034
0.0167884
0.310672
0.00591045
0.00260828
0.347276
0.383087
0.00260828
0.540379
0.417336
0.449266
0.478157
0.00591045
0.503347
0.524251
1.65647e-33
1.65647e-33
8.20457e-34
0.00267844
0.00267844
8.20457e-34
0.0107245
0.00606386
0.00606386
0.0107245
0.0259571
0.017194
0.0259571
0.017194
0.0518546
0.0374075
0.0374075
0.0518546
0.0903525
0.069478
0.141456
0.114406
0.069478
0.0903525
0.203158
0.171181
0.114406
0.141456
0.271644
0.236849
0.203158
0.171181
0.341751
0.306853
0.236849
0.271644
0.306853
0.341751
0.375582
0.407594
0.375582
0.407594
0.437059
0.463288
0.437059
0.463288
0.485667
0.503656
0.51683
0.524861
0.527563
0.524861
0.503656
0.485667
0.51683
0.0175604
0.497253
0.497253
0.00274337
0.492041
0.0264593
0.481746
0.0380467
0.466625
0.0264593
0.0380467
0.44705
0.423502
0.0525978
0.396551
0.070272
0.366844
0.33508
0.141695
0.301992
0.0910993
0.268322
0.114983
0.234797
0.202108
0.17089
0.141695
0.17089
0.114983
0.0910993
0.070272
0.202108
0.0525978
0.234797
0.0175604
0.268322
0.0109658
0.301992
0.00620647
0.33508
0.366844
0.00274337
0.492041
0.396551
0.423502
0.00620647
0.44705
0.466625
0.481746
0.0109658
1.75081e-33
1.75081e-33
8.59501e-34
0.00280361
0.00280361
8.59501e-34
0.0063349
0.0111834
0.0063349
0.0111834
0.0268915
0.0178803
0.0268915
0.0178803
0.0531829
0.0385727
0.0385727
0.0531829
0.07084
0.091551
0.141456
0.115173
0.091551
0.07084
0.170013
0.200369
0.115173
0.141456
0.264092
0.231941
0.200369
0.170013
0.327314
0.296123
0.264092
0.231941
0.296123
0.327314
0.356938
0.384286
0.356938
0.384286
0.429563
0.408697
0.429563
0.408697
0.446369
0.458684
0.466204
0.468729
0.466204
0.446369
0.458684
0.434644
0.0272476
0.425045
0.410959
0.0389886
0.392752
0.370892
0.0536021
0.345935
0.0272476
0.318508
0.0711853
0.28929
0.0711853
0.258986
0.0917007
0.0917007
0.228308
0.19795
0.114983
0.168563
0.140739
0.140739
0.114983
0.168563
0.0536021
0.19795
0.0389886
0.228308
0.0181571
0.0113734
0.258986
0.00645157
0.00285791
0.28929
0.318508
0.00285791
0.439507
0.345935
0.439507
0.370892
0.392752
0.00645157
0.410959
0.425045
0.0113734
0.434644
0.0181571
1.83257e-33
1.83257e-33
8.92471e-34
0.00290705
0.00290705
8.92471e-34
0.0115375
0.00655218
0.0115375
0.00655218
0.0183832
0.0275285
0.0275285
0.0183832
0.0538564
0.0392846
0.0392846
0.0538564
0.0712982
0.091551
0.114406
0.13955
0.091551
0.0712982
0.194871
0.166545
0.13955
0.114406
0.22392
0.253041
0.194871
0.166545
0.308729
0.281542
0.253041
0.22392
0.281542
0.308729
0.333919
0.356466
0.356466
0.333919
0.375789
0.391375
0.391375
0.375789
0.402817
0.409804
0.412157
0.409804
0.402817
0.0277289
0.35793
0.0394659
0.341117
0.320976
0.298047
0.0116717
0.05394
0.272937
0.0277289
0.0711853
0.246299
0.218811
0.191152
0.0910993
0.163978
0.113453
0.137897
0.113453
0.0910993
0.137897
0.0711853
0.163978
0.05394
0.0394659
0.191152
0.0185635
0.218811
0.00664037
0.0029496
0.246299
0.272937
0.0029496
0.370958
0.298047
0.320976
0.341117
0.384355
0.00664037
0.35793
0.370958
0.379848
0.0116717
0.0185635
0.384355
0.379848
1.90013e-33
1.90013e-33
9.18771e-34
0.00298663
0.00298663
9.18771e-34
0.0117784
0.00671093
0.00671093
0.0117784
0.0278512
0.0186901
0.0186901
0.0278512
0.0538564
0.039524
0.039524
0.0538564
0.0903524
0.07084
0.135793
0.112125
0.0903524
0.07084
0.186823
0.160875
0.135793
0.112125
0.238811
0.213018
0.186823
0.160875
0.263537
0.286542
0.213018
0.238811
0.263537
0.286542
0.324958
0.307205
0.324958
0.307205
0.339312
0.349861
0.349861
0.339312
0.356315
0.358484
0.356315
0.039466
0.292705
0.274299
0.253412
0.0536022
0.230631
0.0118537
0.070272
0.206582
0.0278908
0.181913
0.157264
0.0893121
0.133251
0.110438
0.110438
0.0893121
0.070272
0.133251
0.0536022
0.157264
0.039466
0.0187693
0.181913
0.206582
0.00676867
0.00301657
0.230631
0.253412
0.00301657
0.30811
0.274299
0.292705
0.328243
0.332389
0.00676867
0.30811
0.320071
0.328243
0.0118537
0.332389
0.0187693
0.320071
0.0278908
1.95213e-33
1.95213e-33
9.37908e-34
0.00304071
0.00304071
9.37908e-34
0.0119004
0.00680759
0.00680759
0.0119004
0.0278513
0.0187933
0.0278513
0.0187933
0.053183
0.0392846
0.0392846
0.053183
0.0694781
0.0879891
0.108397
0.130292
0.0694781
0.0879891
0.153167
0.176458
0.130292
0.108397
0.199552
0.22182
0.176458
0.153167
0.261408
0.242637
0.22182
0.199552
0.242637
0.261408
0.290698
0.277588
0.277588
0.290698
0.306265
0.300355
0.300355
0.306265
0.308257
0.212441
0.0525979
0.191978
0.0030574
0.170499
0.0684708
0.148617
0.126935
0.0863895
0.027729
0.0389887
0.106022
0.0863895
0.106022
0.0684708
0.0525979
0.126935
0.148617
0.0187694
0.0119149
0.170499
0.00683361
0.191978
0.212441
0.0030574
0.231291
0.231291
0.247965
0.247965
0.261962
0.00683361
0.272854
0.280308
0.0119149
0.284093
0.284093
0.0187694
0.280308
0.272854
0.027729
0.261962
0.0389887
1.98748e-33
1.98748e-33
9.4952e-34
0.00306815
0.00306815
9.4952e-34
0.00684
0.0119006
0.00684
0.0119006
0.0275287
0.0186901
0.0186901
0.0275287
0.0518546
0.0385726
0.0385726
0.0518546
0.0672505
0.0845277
0.123206
0.103326
0.0845277
0.0672505
0.164079
0.143644
0.123206
0.103326
0.202565
0.183916
0.164079
0.143644
0.234071
0.219459
0.202565
0.183916
0.219459
0.234071
0.254709
0.245948
0.254709
0.245948
0.260083
0.260083
0.261891
0.0509547
0.138286
0.065832
0.119129
0.100332
0.082414
0.0118538
0.082414
0.065832
0.100332
0.0509547
0.0380469
0.0272477
0.119129
0.0185637
0.138286
0.0068337
0.00307124
0.157243
0.175425
0.00307124
0.157243
0.192264
0.207226
0.219828
0.207226
0.0068337
0.229661
0.236401
0.239828
0.0118538
0.239828
0.0185637
0.236401
0.229661
0.219828
0.0272477
0.0380469
0.192264
0.175425
2.00544e-33
2.00544e-33
9.53381e-34
0.00306837
0.00306837
9.53381e-34
0.0117789
0.00680741
0.00680741
0.0117789
0.0268919
0.0183831
0.0183831
0.0268919
0.0374074
0.0499079
0.0499079
0.0374074
0.0642193
0.0800659
0.0970574
0.114736
0.0642193
0.0800659
0.132581
0.150044
0.0970574
0.114736
0.181615
0.166568
0.132581
0.150044
0.194687
0.205343
0.181615
0.166568
0.194687
0.205343
0.218064
0.213226
0.218064
0.213226
0.219698
0.0624293
0.0935295
0.0774977
0.00305779
0.0624293
0.0774977
0.0487179
0.0935295
0.036666
0.0264596
0.0181574
0.110058
0.0116721
0.126571
0.00676896
0.142532
0.157409
0.00305779
0.110058
0.170695
0.18193
0.142532
0.157409
0.00676896
0.190723
0.196763
0.199837
0.190723
0.0116721
0.199837
0.0181574
0.196763
0.18193
0.0264596
0.170695
0.036666
0.126571
0.0487179
2.00564e-33
2.00564e-33
9.49416e-34
0.00304137
0.00304137
9.49416e-34
0.0115382
0.00671058
0.00671058
0.0115382
0.0178801
0.0259576
0.0259576
0.0178801
0.0358203
0.0473963
0.0358203
0.0473963
0.060469
0.0747298
0.105129
0.0897702
0.0747298
0.060469
0.120299
0.134763
0.105129
0.0897702
0.148017
0.159586
0.120299
0.134763
0.169055
0.176075
0.148017
0.159586
0.169055
0.176075
0.181852
0.180396
0.180396
0.0459489
0.0717797
0.0348831
0.0253853
0.0858093
0.0175608
0.0113739
0.0999832
0.00664083
0.00301734
0.113811
0.126795
0.00301734
0.0583575
0.138459
0.0717797
0.148369
0.156151
0.00664083
0.16151
0.164242
0.126795
0.138459
0.0113739
0.164242
0.16151
0.0175608
0.156151
0.148369
0.0253853
0.0348831
0.113811
0.0999832
0.0459489
0.0858093
0.0583575
1.98806e-33
1.98806e-33
9.37702e-34
0.00298771
0.00298771
9.37702e-34
0.00655167
0.0111843
0.00655167
0.0111843
0.0247502
0.0171937
0.0247502
0.0171937
0.033854
0.0443886
0.033854
0.0443886
0.0561045
0.0686702
0.0946594
0.0816726
0.0686702
0.0561045
0.118684
0.107154
0.0946594
0.0816726
0.137127
0.128808
0.118684
0.107154
0.147132
0.143319
0.128808
0.137127
0.147132
0.143319
0.148423
0.0654216
0.0167889
0.0773916
0.0109665
0.0064522
0.00295074
0.0891951
0.100376
0.00295074
0.0240528
0.110491
0.119131
0.125943
0.0537302
0.0064522
0.130647
0.133048
0.133048
0.0891951
0.0109665
0.130647
0.0167889
0.125943
0.119131
0.110491
0.0240528
0.100376
0.0327463
0.0773916
0.0654216
0.0427235
0.0537302
0.0427235
0.0327463
1.95309e-33
1.95309e-33
9.18464e-34
0.00290852
0.00290852
9.18464e-34
0.0107257
0.00633423
0.00633423
0.0107257
0.0163413
0.0233012
0.0233012
0.0163413
0.0315612
0.0409675
0.0409675
0.0315612
0.0620582
0.0512473
0.0729956
0.0836301
0.0620582
0.0512473
0.102274
0.0935279
0.0836301
0.0729956
0.109501
0.114896
0.102274
0.0935279
0.119357
0.118231
0.114896
0.109501
0.118231
0.0685167
0.00620724
0.00285937
0.078004
0.0866566
0.00285937
0.0104594
0.0940941
0.099986
0.0224968
0.0303125
0.00620724
0.104068
0.106156
0.106156
0.0586027
0.0104594
0.104068
0.015861
0.099986
0.0940941
0.0866566
0.0224968
0.078004
0.0303125
0.0685167
0.0486763
0.0391302
0.0391302
0.0486763
0.015861
0.0586027
1.90144e-33
1.90144e-33
8.92066e-34
0.00280543
0.00280543
8.92066e-34
0.00606307
0.0101732
0.00606307
0.0101732
0.0216481
0.0153439
0.0216481
0.0153439
0.0372263
0.0290031
0.0372263
0.0290031
0.0550803
0.0460323
0.0639864
0.072357
0.0550803
0.0460323
0.0798136
0.0860084
0.0639864
0.072357
0.0906562
0.0935334
0.0860084
0.0798136
0.0945098
0.0935334
0.0906562
0.0667296
0.0027451
0.0730452
0.0027451
0.0780755
0.0815739
0.00591134
0.0833674
0.0833674
0.0207574
0.0276467
0.00986467
0.0815739
0.043336
0.0780755
0.0148001
0.0730452
0.0667296
0.0207574
0.0594364
0.0515148
0.0276467
0.0352668
0.0352668
0.043336
0.0148001
0.00986467
0.0515148
0.00591134
0.0594364
1.83419e-33
1.83419e-33
8.58999e-34
0.00268054
8.58999e-34
0.00268054
0.00953953
0.00574407
0.00574407
0.00953953
0.0142261
0.0198334
0.0142261
0.0198334
0.0332666
0.0262476
0.0262476
0.0332666
0.0406039
0.0479316
0.0548994
0.0611607
0.0479316
0.0406039
0.0664016
0.0703494
0.0611607
0.0548994
0.0736364
0.0728053
0.0703494
0.0664016
0.0728053
0.00261024
0.0556898
0.0599256
0.0628843
0.00557084
0.0644051
0.00919591
0.0644051
0.0628843
0.00919591
0.0599256
0.013632
0.0556898
0.0504056
0.0443552
0.0188791
0.037856
0.0248191
0.0312377
0.0248191
0.0188791
0.0312377
0.013632
0.037856
0.00557084
0.00261024
0.0443552
0.0504056
1.7527e-33
1.7527e-33
8.19862e-34
0.00253633
0.00253633
8.19862e-34
0.00883927
0.005384
0.005384
0.00883927
0.0179031
0.0130151
0.0130151
0.0179031
0.0291947
0.0233669
0.0291947
0.0233669
0.0408098
0.03511
0.050353
0.0459874
0.03511
0.0408098
0.0536643
0.0557278
0.050353
0.0459874
0.056431
0.0536643
0.0557278
0.0476549
0.00519288
0.048927
0.00245742
0.048927
0.0476549
0.00846824
0.0451872
0.0123848
0.0169092
0.0219033
0.0416724
0.0373196
0.0323847
0.0169092
0.0271501
0.0219033
0.0123848
0.0271501
0.00846824
0.0323847
0.00519288
0.0373196
0.0416724
0.00245742
0.0451872
1.65857e-33
1.65857e-33
7.75335e-34
0.00237556
0.00237556
7.75335e-34
0.00808801
0.0049903
0.0049903
0.00808801
0.0117396
0.0159053
0.0117396
0.0159053
0.0204351
0.0251179
0.0251179
0.0204351
0.033907
0.0296979
0.0374912
0.0402243
0.0296979
0.033907
0.0419387
0.0425207
0.0402243
0.0374912
0.0419387
0.00478511
0.0365456
0.0354961
0.00769763
0.0334675
0.0305945
0.0110878
0.0270664
0.0231105
0.0148959
0.0189735
0.0148959
0.0189735
0.0110878
0.00769763
0.0231105
0.00478511
0.00228951
0.0270664
0.0305945
0.00228951
0.0334675
0.0354961
0.0365456
1.55362e-33
1.55362e-33
7.26154e-34
0.00220118
0.00220118
7.26154e-34
0.00730192
0.00457076
0.00457076
0.00730192
0.0104289
0.0138883
0.0104289
0.0138883
0.0175257
0.0211405
0.0175257
0.0211405
0.0245075
0.0274018
0.0310285
0.0296285
0.0274018
0.0245075
0.0310285
0.0315082
0.0296285
0.0259929
0.0243486
0.00690032
0.0220351
0.00977025
0.0192199
0.00690032
0.0161014
0.0128871
0.0128871
0.00977025
0.0161014
0.00435543
0.00210951
0.0192199
0.0220351
0.00210951
0.0243486
0.0268466
0.0259929
0.0268466
0.00435543
1.43977e-33
1.43977e-33
0.00201623
6.73083e-34
0.00201623
6.73083e-34
0.00649716
0.00413328
0.00413328
0.00649716
0.0118988
0.00911197
0.0118988
0.00911197
0.0147082
0.0173593
0.0147082
0.0173593
0.0214505
0.019665
0.0229682
0.0225824
0.019665
0.0225824
0.0214505
0.00609224
0.0155694
0.00846037
0.0133537
0.010928
0.00846037
0.010928
0.00609224
0.0133537
0.00391167
0.00192045
0.0155694
0.0174079
0.00192045
0.0187234
0.0187234
0.0194093
0.00391167
0.0194093
0.0174079
1.31899e-33
1.31899e-33
6.16882e-34
0.00182369
0.00182369
6.16882e-34
0.00568927
0.00368557
0.00368557
0.00568927
0.00998019
0.00781615
0.00781615
0.00998019
0.0120454
0.0138586
0.0138586
0.0120454
0.0152767
0.0161776
0.0164884
0.0161776
0.0152767
0.00718427
0.00718427
0.00528836
0.00905953
0.00346133
0.00172525
0.0107886
0.0122356
0.00172525
0.00905953
0.0107886
0.013278
0.0138237
0.0138237
0.00346133
0.013278
0.0122356
0.00528836
1.19323e-33
1.19323e-33
5.58277e-34
0.00162641
0.00162641
5.58277e-34
0.0048925
0.0032348
0.0048925
0.0032348
0.00817011
0.00656592
0.00817011
0.00656592
0.0107058
0.00958994
0.00958994
0.0107058
0.0114211
0.0116658
0.0114211
0.00301124
0.00152663
0.00731561
0.00845235
0.00152663
0.00927527
0.00450205
0.00970761
0.00970761
0.00731561
0.00301124
0.00927527
0.00845235
0.00450205
0.00596458
0.00596458
1.06435e-33
1.06435e-33
4.97933e-34
0.00142695
0.00142695
4.97933e-34
0.00278735
0.0041192
0.00278735
0.0041192
0.00649853
0.00538172
0.00649853
0.00538172
0.00794582
0.00738084
0.00738084
0.00814188
0.00794582
0.00572159
0.00637578
0.00132699
0.00132699
0.00671999
0.00671999
0.00256725
0.00637578
0.00572159
0.0048193
0.00374444
0.00374444
0.0048193
0.00256725
9.34007e-34
9.34007e-34
4.36426e-34
0.00122751
4.36426e-34
0.00122751
0.00234851
0.00337916
0.00234851
0.00337916
0.00498555
0.00427877
0.00498555
0.00427877
0.00559566
0.00544
0.00544
0.00112829
0.00457098
0.00457098
0.00429182
0.00213404
0.00376056
0.00302383
0.00302383
0.00213404
0.00112829
0.00376056
0.00429182
8.03643e-34
8.03643e-34
3.7423e-34
0.00102983
0.00102983
3.7423e-34
0.00267903
0.0019222
0.0019222
0.00267903
0.00326581
0.00363927
0.00326581
0.00363927
0.0037687
0.00279346
0.00171479
0.0023451
0.00171479
0.000932015
0.0023451
0.00279346
0.000932015
0.00302758
0.00302758
6.74392e-34
6.74392e-34
3.11701e-34
0.000835119
0.000835119
3.11701e-34
0.00202179
0.00151082
0.00151082
0.00202179
0.00234397
0.00234397
0.00245361
0.00131105
0.00131105
0.000739105
0.00170918
0.00191491
0.000739105
0.00191491
0.00170918
5.47046e-34
5.47046e-34
2.49078e-34
0.000644029
2.49078e-34
0.000644029
0.00111501
0.00140627
0.00111501
0.00140627
0.00150567
0.00111265
0.000549916
0.00111265
0.000922599
0.000549916
0.000922599
4.22028e-34
4.22028e-34
0.000456637
1.86489e-34
0.000456637
1.86489e-34
0.000733615
0.000733615
0.000826698
0.000364239
0.000547342
0.000364239
0.000547342
2.99387e-34
2.99387e-34
1.23979e-34
0.000272467
0.000272467
1.23979e-34
0.000363564
0.000181338
0.000181338
1.78812e-34
1.78812e-34
6.15399e-35
6.15399e-35
9.05571e-05
1.75105e-37
5.9671e-35
5.9671e-35
