2.06087e-37
6.73055e-35
6.73055e-35
6.95155e-35
2.01609e-34
0.000102195
0.000204621
6.95155e-35
2.01609e-34
0.000204621
1.40105e-34
0.000410859
3.37397e-34
0.000307408
0.000410146
0.000617248
0.000617248
0.000307408
0.000410859
3.37397e-34
1.40105e-34
2.10798e-34
0.000619969
4.75319e-34
0.000514959
0.00103929
0.00125264
0.000826891
0.000931611
2.10798e-34
0.000619969
0.000826891
0.00125264
0.00103929
0.000514959
4.75319e-34
2.81607e-34
0.000725839
0.000832699
6.15683e-34
0.00125518
0.00147474
0.00191957
0.00158141
0.00214864
0.00169248
0.00214864
0.00158141
0.000725839
6.15683e-34
0.000832699
2.81607e-34
0.00147474
0.00125518
0.00191957
3.5248e-34
7.58412e-34
0.000940517
0.00104923
0.00169809
0.00192569
0.00262624
0.00226751
0.00104923
7.58412e-34
0.000940517
3.5248e-34
0.00337894
0.00274606
0.00312141
0.00262475
0.00262475
0.00262624
0.00312141
0.00169809
0.00337894
0.00226751
0.00192569
4.23265e-34
0.00126915
9.03024e-34
0.00115888
0.00215676
0.00239229
0.00337603
0.00299567
0.00404971
0.00364109
0.00418326
0.00476154
9.03024e-34
0.00126915
0.00115888
4.23265e-34
0.00215676
0.00337603
0.00239229
0.00299567
0.0041909
0.00506422
0.00404971
0.00506422
0.00418326
0.00476154
0.00364109
4.93685e-34
0.0014914
1.04864e-33
0.00138017
0.0026304
0.0028728
0.00416779
0.00376694
0.00631029
0.00551469
0.00474899
0.00533707
0.00600457
0.00701184
0.00737975
0.006172
4.93685e-34
0.0014914
1.04864e-33
0.00138017
0.0026304
0.0028728
0.00416779
0.00376694
0.00701184
0.00631029
0.00533707
0.00737975
0.00474899
0.00600457
0.00551469
5.6333e-34
0.00171435
1.19401e-33
0.00160307
0.0031164
0.00336375
0.00499632
0.00457808
0.00657742
0.00802362
0.00714687
0.00594706
0.00808863
0.00923195
0.0101027
0.00868929
0.00160307
5.6333e-34
0.00171435
1.19401e-33
0.00889729
0.010559
0.010559
0.00868929
0.00336375
0.00499632
0.0031164
0.00457808
0.00714687
0.00923195
0.0101027
0.00657742
0.00594706
0.00808863
0.00802362
6.31657e-34
0.00193582
1.33756e-33
0.00182563
0.00542202
0.00361052
0.00386014
0.00585284
0.00789161
0.00988659
0.00893772
0.00722611
0.0104414
0.011712
0.0132314
0.0116174
0.0123689
0.0143223
0.0148923
0.0126256
1.33756e-33
0.00182563
6.31657e-34
0.00193582
0.00585284
0.00386014
0.00542202
0.00361052
0.0148923
0.0143223
0.0123689
0.0116174
0.00893772
0.00722611
0.00789161
0.00988659
0.011712
0.0132314
0.0104414
6.98008e-34
0.0021532
1.47746e-33
0.00204547
0.00410708
0.00672563
0.00628843
0.00435567
0.00204547
0.0021532
1.47746e-33
6.98008e-34
0.00926094
0.0118731
0.0108664
0.0085703
0.0130404
0.0167335
0.0149387
0.0144202
0.0173554
0.0186457
0.0200106
0.0164178
0.0207213
0.0176785
0.0173554
0.0207213
0.00435567
0.00672563
0.00628843
0.00410708
0.0118731
0.00926094
0.0108664
0.0085703
0.0200106
0.0186457
0.0144202
0.0164178
0.0167335
0.0130404
0.0149387
7.61628e-34
0.0023635
1.61168e-33
0.00225974
0.00459923
0.004843
0.00760061
0.00716432
0.00225974
0.0023635
1.61168e-33
7.61628e-34
0.0106619
0.013948
0.0129022
0.00995837
0.004843
0.00716432
0.00760061
0.00459923
0.0158455
0.0173091
0.0186072
0.0205511
0.0228472
0.023466
0.0258547
0.0209996
0.0284285
0.0244148
0.0275495
0.0240167
0.0240167
0.0284285
0.0275495
0.0228472
0.00995837
0.013948
0.0106619
0.0129022
0.0258547
0.0186072
0.0205511
0.0173091
0.0158455
0.0209996
0.023466
8.21695e-34
0.00246536
0.00256352
1.73808e-33
0.00507927
0.00531411
0.00846202
0.00803468
0.0120673
0.0160695
0.0150061
0.0113649
0.00246536
0.00256352
1.73808e-33
8.21695e-34
0.00846202
0.00531411
0.00803468
0.00507927
0.018803
0.0203194
0.0246061
0.0225544
0.0120673
0.0150061
0.0113649
0.0160695
0.0260343
0.0286883
0.0323184
0.0290171
0.0313075
0.0327458
0.0352686
0.037349
0.0384244
0.0327458
0.0332384
0.0384244
0.0313075
0.0352686
0.037349
0.0290171
0.0203194
0.0286883
0.0225544
0.018803
0.0323184
0.0260343
0.0246061
8.7735e-34
1.85452e-33
0.00265905
0.00274996
0.00553895
0.0057606
0.00929308
0.00888316
0.013448
0.0181908
0.0171336
0.0127614
0.00265905
0.00274996
1.85452e-33
8.7735e-34
0.0218485
0.0233828
0.0288057
0.0266942
0.00929308
0.0057606
0.00888316
0.00553895
0.0171336
0.0181908
0.013448
0.0127614
0.0341937
0.031414
0.0392581
0.0357387
0.0233828
0.0218485
0.0266942
0.0288057
0.0422124
0.0394139
0.0473102
0.0437159
0.0439664
0.0498312
0.0445615
0.0511301
0.0511301
0.0422124
0.0439664
0.0498312
0.0394139
0.0357387
0.031414
0.0437159
0.0341937
0.0392581
0.0473102
9.27731e-34
0.00291953
1.95887e-33
0.00283749
0.00596979
0.00617399
0.0100767
0.00969273
0.0147733
0.0202628
0.014118
0.0192366
0.0249109
0.0264258
0.0330469
0.030928
0.00283749
0.00291953
1.95887e-33
9.27731e-34
0.00617399
0.0100767
0.00969273
0.00596979
0.0465029
0.0398459
0.0370104
0.0428538
0.0202628
0.0147733
0.0192366
0.014118
0.030928
0.0249109
0.0264258
0.0330469
0.0580794
0.0526099
0.0481505
0.052687
0.0370104
0.0465029
0.0398459
0.0428538
0.058093
0.0559887
0.0654112
0.0623974
0.0669598
0.0588099
0.058093
0.0669598
0.0526099
0.0580794
0.052687
0.0559887
0.0654112
0.0623974
0.0481505
9.72006e-34
0.00306907
2.04918e-33
0.00299746
0.00636342
0.00654606
0.010796
0.0104463
0.0160129
0.015404
0.0222355
0.0212653
0.0279149
0.0293723
0.0372211
0.0351495
9.72006e-34
2.04918e-33
0.00299746
0.00306907
0.0501811
0.0426813
0.0454985
0.0538637
0.00636342
0.00654606
0.010796
0.0104463
0.0222355
0.0160129
0.0212653
0.015404
0.0619482
0.0693797
0.0636815
0.0572971
0.0351495
0.0372211
0.0279149
0.0293723
0.0426813
0.0454985
0.0501811
0.0538637
0.0758075
0.080923
0.0690195
0.0730372
0.0693797
0.0619482
0.0572971
0.0636815
0.0763806
0.0755355
0.0863009
0.0844786
0.0758075
0.0863009
0.080923
0.0844786
0.0730372
0.0755355
0.0690195
1.00941e-33
0.00319572
2.12368e-33
0.00313591
0.00671187
0.00686918
0.0114352
0.0111276
0.0165896
0.0171377
0.0240602
0.02317
0.0307846
0.0321471
0.041219
0.0392493
0.00313591
0.00319572
2.12368e-33
1.00941e-33
0.0575258
0.0482772
0.0510005
0.0611418
0.00671187
0.0111276
0.0114352
0.00686918
0.0809047
0.0751339
0.0712486
0.0666097
0.0171377
0.0240602
0.02317
0.0165896
0.0392493
0.041219
0.0321471
0.0307846
0.0897009
0.097255
0.0890137
0.0827182
0.0611418
0.0482772
0.0510005
0.0575258
0.0809047
0.0712486
0.0666097
0.0751339
0.0966553
0.0937343
0.103235
0.107377
0.0890137
0.0827182
0.097255
0.0897009
0.109495
0.0976466
0.0966553
0.0937343
0.107377
0.103235
0.109495
1.03927e-33
0.00329697
2.18088e-33
0.00325016
0.00700788
0.00713651
0.0119796
0.0117211
0.00325016
0.00329697
2.18088e-33
1.03927e-33
0.0176465
0.0181206
0.0256912
0.0249035
0.033446
0.0346781
0.044934
0.0431189
0.0681371
0.0646874
0.0536473
0.0562025
0.0117211
0.00700788
0.0119796
0.00713651
0.0803298
0.0866514
0.0923334
0.0758325
0.0176465
0.0256912
0.0249035
0.0181206
0.105588
0.10369
0.113954
0.0967088
0.044934
0.0346781
0.0431189
0.033446
0.0681371
0.0562025
0.0536473
0.0646874
0.11839
0.122715
0.12962
0.11292
0.0923334
0.0803298
0.0758325
0.0866514
0.113954
0.105588
0.0967088
0.10369
0.121771
0.122912
0.136819
0.134386
0.11839
0.11292
0.122715
0.12962
0.136819
0.121771
0.134386
1.06103e-33
0.00337076
2.21961e-33
0.0033379
0.00724513
0.00734229
0.0124169
0.0122134
0.0185492
0.0189377
0.0270869
0.0264218
0.0033379
0.00337076
2.21961e-33
1.06103e-33
0.0122134
0.0124169
0.00724513
0.00734229
0.0358295
0.0368989
0.0482662
0.0466546
0.0609621
0.0746551
0.0714679
0.0586451
0.0889368
0.0979103
0.103342
0.0847077
0.0185492
0.0264218
0.0270869
0.0189377
0.117378
0.130545
0.122293
0.110597
0.0358295
0.0466546
0.0368989
0.0482662
0.142365
0.152402
0.132555
0.140984
0.0714679
0.0746551
0.0609621
0.0586451
0.0889368
0.0979103
0.0847077
0.103342
0.151116
0.160281
0.165704
0.147255
0.122293
0.117378
0.130545
0.110597
0.132555
0.152402
0.140984
0.142365
0.152423
0.147255
0.168469
0.168469
0.151116
0.160281
0.165704
1.07429e-33
0.00341557
2.23908e-33
0.00339734
0.00741845
0.00748203
0.0127368
0.0125931
0.0192756
0.019569
0.0282117
0.0276861
0.0378724
0.049761
0.0387507
0.0511256
0.00339734
0.00341557
2.23908e-33
1.07429e-33
0.00748203
0.0125931
0.0127368
0.00741845
0.0276861
0.0282117
0.019569
0.0192756
0.0651481
0.0805136
0.0776781
0.0631331
0.10859
0.113617
0.0929851
0.0968263
0.146549
0.138649
0.13037
0.123985
0.049761
0.0378724
0.0511256
0.0387507
0.152077
0.161617
0.175065
0.16379
0.0631331
0.0651481
0.0776781
0.0805136
0.173373
0.195327
0.180476
0.186434
0.113617
0.0968263
0.10859
0.0929851
0.146549
0.13037
0.138649
0.123985
0.204543
0.184847
0.201435
0.18632
0.152077
0.161617
0.16379
0.175065
0.180476
0.173373
0.204543
0.201435
0.186434
0.184847
0.195327
1.07878e-33
0.00343048
2.23887e-33
0.00342727
0.00752405
0.00755263
0.0129318
0.0128513
0.0198077
0.0199987
0.0290365
0.0286642
0.00342727
0.00343048
2.23887e-33
1.07878e-33
0.0395206
0.0534344
0.052354
0.0401845
0.0686448
0.0855486
0.0831441
0.0669876
0.0128513
0.0129318
0.00755263
0.00752405
0.0286642
0.0290365
0.0199987
0.0198077
0.0395206
0.0401845
0.052354
0.0534344
0.118386
0.10043
0.122864
0.103775
0.161502
0.154185
0.142294
0.136488
0.170918
0.17991
0.196949
0.186145
0.0831441
0.0669876
0.0686448
0.0855486
0.212081
0.210144
0.224822
0.199369
0.10043
0.118386
0.122864
0.103775
0.223005
0.23476
0.241572
0.218115
0.154185
0.161502
0.142294
0.136488
0.196949
0.17991
0.186145
0.170918
0.245035
0.224656
0.223005
0.245035
0.212081
0.199369
0.241572
0.224822
0.210144
0.218115
0.23476
1.07443e-33
0.00341518
2.219e-33
0.00342704
0.00755958
0.00755254
0.0129972
0.0129819
0.0201324
0.0202162
0.0295401
0.0293305
0.0407303
0.0411621
0.05513
0.0543631
0.00342704
0.00341518
2.219e-33
1.07443e-33
0.00755254
0.0129819
0.0129972
0.00755958
0.0713557
0.0896189
0.0877129
0.0701021
0.109585
0.130818
0.127018
0.106832
0.0202162
0.0201324
0.0293305
0.0295401
0.0543631
0.0407303
0.05513
0.0411621
0.0713557
0.0701021
0.0896189
0.0877129
0.168448
0.174971
0.152805
0.147745
0.188529
0.196712
0.217412
0.207397
0.23647
0.22448
0.253323
0.23925
0.106832
0.127018
0.109585
0.130818
0.278467
0.267465
0.260105
0.251252
0.147745
0.152805
0.174971
0.168448
0.265533
0.285995
0.289818
0.26736
0.217412
0.207397
0.188529
0.196712
0.22448
0.23647
0.23925
0.253323
0.265533
0.260105
0.289818
0.285995
0.251252
0.267465
0.278467
1.06131e-33
0.00336998
2.17988e-33
0.00339668
0.00752425
0.00748175
0.0129316
0.0129817
0.0296681
0.0202416
0.0202162
0.0297094
0.00339668
0.00336998
2.17988e-33
1.06131e-33
0.0414692
0.0416575
0.0561661
0.0557336
0.0732057
0.0926105
0.0912564
0.0723903
0.00748175
0.0129817
0.0129316
0.00752425
0.0296681
0.0297094
0.0202416
0.0202162
0.114093
0.137254
0.134239
0.11201
0.1616
0.181025
0.157433
0.186564
0.0557336
0.0561661
0.0416575
0.0414692
0.0912564
0.0723903
0.0732057
0.0926105
0.137254
0.114093
0.11201
0.134239
0.204397
0.22692
0.235853
0.211531
0.247966
0.258881
0.279986
0.266934
0.296522
0.314136
0.28328
0.298579
0.157433
0.181025
0.186564
0.1616
0.306274
0.312241
0.326213
0.334463
0.204397
0.235853
0.22692
0.211531
0.338648
0.338648
0.314252
0.312241
0.258881
0.279986
0.247966
0.266934
0.334463
0.326213
0.298579
0.28328
0.314136
0.306274
0.296522
1.03968e-33
0.00329583
2.12231e-33
0.00333681
0.00741884
0.00734184
0.0127365
0.0128509
0.02954
0.029668
0.0201325
0.0199985
0.0417178
0.0416575
0.0565146
0.0564284
0.00333681
0.00329583
2.12231e-33
1.03968e-33
0.00734184
0.0128509
0.0127365
0.00741884
0.0741437
0.0944397
0.0936753
0.073789
0.117171
0.141986
0.139843
0.115816
0.029668
0.02954
0.0199985
0.0201325
0.0564284
0.0417178
0.0565146
0.0416575
0.168427
0.195948
0.165272
0.191551
0.218059
0.244144
0.251734
0.223937
0.0741437
0.073789
0.0944397
0.0936753
0.115816
0.139843
0.141986
0.117171
0.165272
0.191551
0.195948
0.168427
0.269137
0.29238
0.278657
0.304025
0.31325
0.347518
0.327183
0.331176
0.36449
0.345668
0.37764
0.356316
0.218059
0.244144
0.223937
0.251734
0.391159
0.36283
0.365019
0.386611
0.269137
0.278657
0.304025
0.29238
0.36283
0.391159
0.386611
0.356316
0.331176
0.327183
0.31325
0.347518
0.36449
0.345668
0.37764
1.00995e-33
0.00319426
2.04749e-33
0.00324868
0.0072457
0.00713589
0.0124164
0.0125924
0.0195686
0.0290364
0.0293303
0.0198079
0.00324868
0.00319426
2.04749e-33
1.00995e-33
0.0414693
0.0411621
0.0561661
0.0564283
0.0741437
0.0950551
0.0742596
0.0949019
0.00713589
0.0125924
0.0124164
0.0072457
0.0293303
0.0290364
0.0198079
0.0195686
0.118732
0.14488
0.14367
0.118144
0.199724
0.17309
0.20285
0.171037
0.0411621
0.0414693
0.0561661
0.0564283
0.0742596
0.0949019
0.0950551
0.0741437
0.229119
0.23357
0.258566
0.264591
0.287372
0.295218
0.324734
0.314836
0.118732
0.14488
0.118144
0.14367
0.20285
0.17309
0.171037
0.199724
0.264591
0.229119
0.258566
0.23357
0.340275
0.363039
0.35243
0.377624
0.418061
0.399688
0.398272
0.382543
0.416868
0.432273
0.441957
0.409818
0.287372
0.324734
0.295218
0.314836
0.416868
0.446863
0.419242
0.446863
0.377624
0.363039
0.340275
0.35243
0.409818
0.418061
0.399688
0.432273
0.441957
0.382543
0.398272
9.72676e-34
0.00306733
1.9569e-33
0.00313408
0.00700862
0.0122125
0.00686842
0.011979
0.0189373
0.0282114
0.0286638
0.0192758
0.00313408
0.00306733
1.9569e-33
9.72676e-34
0.0407303
0.0401844
0.0551299
0.0557336
0.00686842
0.0122125
0.011979
0.00700862
0.0732057
0.073789
0.0944397
0.094902
0.118732
0.145854
0.145611
0.118927
0.0192758
0.0286638
0.0282114
0.0189373
0.0401844
0.0557336
0.0407303
0.0551299
0.205307
0.175455
0.207073
0.174564
0.24015
0.237255
0.274051
0.269766
0.073789
0.0944397
0.094902
0.0732057
0.145611
0.145854
0.118732
0.118927
0.302137
0.341503
0.333644
0.308079
0.403564
0.363558
0.373577
0.391166
0.207073
0.175455
0.174564
0.205307
0.237255
0.269766
0.274051
0.24015
0.302137
0.308079
0.333644
0.341503
0.436857
0.415802
0.430763
0.454523
0.474271
0.489524
0.466236
0.453812
0.505164
0.476368
0.499907
0.473821
0.391166
0.373577
0.363558
0.403564
0.505164
0.473821
0.499907
0.466236
0.489524
0.436857
0.474271
0.415802
0.453812
0.430763
0.454523
9.28521e-34
0.00291755
1.85231e-33
0.00299534
0.00299534
0.00291755
1.85231e-33
9.28521e-34
0.00671275
0.0114344
0.0117199
0.00654518
0.0181201
0.0270866
0.0276857
0.0185495
0.0395207
0.0387506
0.0534344
0.054363
0.0117199
0.0114344
0.00671275
0.00654518
0.0723902
0.0713557
0.0926106
0.0936754
0.0276857
0.0270866
0.0181201
0.0185495
0.117171
0.14488
0.145611
0.118144
0.175455
0.208494
0.208139
0.175751
0.0387506
0.054363
0.0395207
0.0534344
0.0713557
0.0926106
0.0723902
0.0936754
0.242232
0.243489
0.279839
0.277417
0.313001
0.316867
0.348252
0.353843
0.14488
0.117171
0.118144
0.145611
0.175455
0.175751
0.208139
0.208494
0.382413
0.390003
0.424573
0.414727
0.444462
0.485945
0.456795
0.470926
0.242232
0.277417
0.243489
0.279839
0.313001
0.353843
0.316867
0.348252
0.382413
0.424573
0.414727
0.390003
0.532439
0.511646
0.493501
0.511355
0.559766
0.548704
0.524933
0.533032
0.533032
0.535757
0.565363
0.565363
0.444462
0.470926
0.485945
0.456795
0.559766
0.511646
0.524933
0.548704
0.511355
0.532439
0.493501
8.78256e-34
0.00274782
1.73571e-33
0.00283515
0.00636441
0.00617301
0.0107952
0.0111262
0.00283515
0.00274782
1.73571e-33
8.78256e-34
0.0111262
0.0107952
0.00636441
0.00617301
0.0171371
0.0256908
0.0264211
0.0176468
0.0378725
0.0368987
0.0511255
0.0523539
0.070102
0.0686449
0.0896191
0.0912566
0.0176468
0.0171371
0.0264211
0.0256908
0.114094
0.141986
0.14367
0.115816
0.0523539
0.0511255
0.0378725
0.0368987
0.17309
0.207073
0.208139
0.174564
0.243907
0.281787
0.281299
0.243489
0.070102
0.0896191
0.0686449
0.0912566
0.141986
0.14367
0.114094
0.115816
0.321325
0.361393
0.319648
0.358234
0.396289
0.401227
0.440035
0.43303
0.207073
0.174564
0.208139
0.17309
0.243489
0.281299
0.243907
0.281787
0.467675
0.477019
0.511396
0.499468
0.551747
0.569426
0.527705
0.542426
0.358234
0.319648
0.321325
0.361393
0.401227
0.396289
0.440035
0.43303
0.467675
0.511396
0.499468
0.477019
0.609034
0.591797
0.571049
0.585162
0.596655
0.593767
0.620749
0.626674
0.593767
0.626674
0.585162
0.620749
0.527705
0.571049
0.569426
0.542426
0.591797
0.609034
0.551747
8.22711e-34
0.00265655
0.00256128
1.6092e-33
0.00597086
0.00575956
0.0100758
0.0104448
0.0160122
0.0240598
0.0249028
0.01659
0.00265655
0.00256128
1.6092e-33
8.22711e-34
0.00575956
0.0104448
0.0100758
0.00597086
0.0249028
0.0240598
0.0160122
0.01659
0.0358296
0.0346779
0.0482662
0.0497609
0.0669875
0.0651481
0.0855488
0.0877132
0.112009
0.109586
0.137254
0.139843
0.0346779
0.0497609
0.0358296
0.0482662
0.168427
0.202851
0.205307
0.171037
0.0669875
0.0855488
0.0877132
0.0651481
0.281299
0.242232
0.240151
0.279839
0.363935
0.321885
0.321326
0.363298
0.109586
0.112009
0.139843
0.137254
0.171037
0.205307
0.202851
0.168427
0.40478
0.449496
0.445537
0.406922
0.484759
0.530129
0.490839
0.521642
0.281299
0.242232
0.240151
0.279839
0.363935
0.321326
0.363298
0.321885
0.599389
0.585346
0.566566
0.555413
0.627905
0.610797
0.631202
0.651501
0.40478
0.449496
0.445537
0.406922
0.484759
0.530129
0.490839
0.521642
0.585346
0.555413
0.599389
0.566566
0.646114
0.682002
0.655193
0.669666
0.688238
0.688238
0.658246
0.655193
0.646114
0.651501
0.669666
0.682002
0.627905
0.631202
0.610797
7.6275e-34
1.47495e-33
0.00246279
0.00236122
0.00554007
0.00531304
0.00929212
0.00969111
0.0147725
0.022235
0.0231693
0.0154045
0.00246279
0.00236122
1.47495e-33
7.6275e-34
0.0334461
0.0321469
0.0449339
0.0466545
0.00531304
0.00969111
0.00929212
0.00554007
0.0154045
0.0147725
0.0231693
0.022235
0.0321469
0.0466545
0.0449339
0.0334461
0.063133
0.0609622
0.0805139
0.0831445
0.103775
0.130819
0.13424
0.106832
0.1616
0.195948
0.199725
0.165271
0.063133
0.0831445
0.0805139
0.0609622
0.237254
0.274051
0.277418
0.23357
0.130819
0.13424
0.103775
0.106832
0.316867
0.361393
0.319647
0.363299
0.452681
0.407638
0.406923
0.451884
0.195948
0.1616
0.165271
0.199725
0.277418
0.237254
0.274051
0.23357
0.536796
0.495214
0.497852
0.541593
0.583063
0.611451
0.575806
0.621443
0.316867
0.361393
0.319647
0.363299
0.452681
0.406923
0.407638
0.451884
0.685905
0.66978
0.65596
0.642998
0.710657
0.691235
0.706896
0.729694
0.495214
0.541593
0.536796
0.497852
0.621443
0.611451
0.575806
0.583063
0.642998
0.66978
0.65596
0.685905
0.719633
0.716434
0.742616
0.749146
0.749146
0.716434
0.706896
0.729694
0.742616
0.710657
0.691235
6.99233e-34
0.00215096
1.33507e-33
0.00225717
0.00225717
0.00215096
1.33507e-33
6.99233e-34
0.00508041
0.00484193
0.00846105
0.00888149
0.0134472
0.0202623
0.0212644
0.0141185
0.0307847
0.029372
0.0412189
0.0431187
0.00888149
0.00846105
0.00508041
0.00484193
0.0586449
0.0562026
0.0746553
0.0776785
0.0212644
0.0134472
0.0202623
0.0141185
0.0412189
0.029372
0.0431187
0.0307847
0.0586449
0.0776785
0.0746553
0.0562026
0.10043
0.0968267
0.122864
0.127019
0.152805
0.186565
0.191552
0.157432
0.229118
0.269766
0.223938
0.264592
0.122864
0.127019
0.0968267
0.10043
0.30808
0.358234
0.313
0.353843
0.152805
0.157432
0.191552
0.186565
0.449497
0.451884
0.40478
0.401227
0.544485
0.498733
0.545452
0.497852
0.269766
0.229118
0.223938
0.264592
0.358234
0.313
0.30808
0.353843
0.591435
0.63494
0.629292
0.588286
0.675135
0.699755
0.71123
0.6667
0.401227
0.40478
0.451884
0.449497
0.545452
0.497852
0.498733
0.544485
0.768334
0.742507
0.750224
0.727791
0.766595
0.776553
0.801652
0.788186
0.588286
0.591435
0.629292
0.63494
0.6667
0.675135
0.71123
0.699755
0.742507
0.768334
0.727791
0.750224
0.779899
0.808456
0.808456
0.776553
0.788186
0.801652
0.766595
6.32985e-34
0.00193369
1.19161e-33
0.00204298
6.32985e-34
0.00204298
0.00193369
1.19161e-33
0.00460035
0.00435463
0.00759966
0.00803301
0.00803301
0.00759966
0.00460035
0.00435463
0.0127619
0.0120666
0.0181903
0.0192358
0.027915
0.0264255
0.037221
0.0392492
0.0536471
0.0510006
0.0681374
0.0714684
0.0192358
0.0181903
0.0120666
0.0127619
0.0929847
0.0889372
0.113617
0.118387
0.0264255
0.0392492
0.037221
0.027915
0.0536471
0.0714684
0.0681374
0.0510006
0.0889372
0.0929847
0.118387
0.113617
0.142294
0.174971
0.181026
0.147745
0.218059
0.251735
0.211532
0.258567
0.348253
0.302136
0.295218
0.341503
0.142294
0.174971
0.181026
0.147745
0.445538
0.390003
0.396289
0.440035
0.211532
0.258567
0.251735
0.218059
0.541593
0.544485
0.490839
0.495214
0.591435
0.638346
0.639484
0.592487
0.348253
0.341503
0.295218
0.302136
0.396289
0.445538
0.390003
0.440035
0.726729
0.681205
0.684865
0.720242
0.764276
0.796778
0.78389
0.7547
0.541593
0.495214
0.490839
0.544485
0.592487
0.638346
0.591435
0.639484
0.807235
0.824254
0.844194
0.823595
0.834611
0.838083
0.858162
0.865217
0.684865
0.681205
0.720242
0.726729
0.796778
0.7547
0.78389
0.764276
0.865217
0.807235
0.858162
0.834611
0.824254
0.844194
0.823595
0.0018233
0.00171239
1.04638e-33
5.6476e-34
5.6476e-34
0.00171239
1.04638e-33
0.0018233
0.00410815
0.00385917
0.00672472
0.0071627
0.00410815
0.00385917
0.0071627
0.00672472
0.0106612
0.016069
0.0171328
0.0113653
0.0171328
0.016069
0.0106612
0.0113653
0.024911
0.0233825
0.0330468
0.0351494
0.048277
0.0454986
0.0611421
0.064688
0.0847073
0.0803302
0.103343
0.108591
0.0330468
0.0233825
0.0351494
0.024911
0.136487
0.130371
0.161503
0.168449
0.0454986
0.048277
0.064688
0.0611421
0.103343
0.0847073
0.108591
0.0803302
0.136487
0.168449
0.161503
0.130371
0.244146
0.204397
0.196712
0.235854
0.333645
0.287371
0.324734
0.278658
0.433031
0.373577
0.424574
0.382413
0.244146
0.235854
0.204397
0.196712
0.536796
0.477019
0.53013
0.484759
0.333645
0.278658
0.287371
0.324734
0.583063
0.634941
0.588286
0.638346
0.730639
0.731946
0.686088
0.684865
0.433031
0.424574
0.373577
0.382413
0.477019
0.484759
0.536796
0.53013
0.775323
0.814186
0.806901
0.771169
0.847798
0.861321
0.875511
0.837152
0.588286
0.634941
0.638346
0.583063
0.684865
0.686088
0.730639
0.731946
0.87894
0.896786
0.911207
0.889651
0.889651
0.893248
0.91849
0.91849
0.806901
0.771169
0.814186
0.775323
0.847798
0.875511
0.861321
0.911207
0.896786
0.837152
0.87894
0.00160096
0.00148967
9.00949e-34
4.95218e-34
0.00628691
0.00585201
0.00361151
0.00336287
4.95218e-34
0.00148967
9.00949e-34
0.00160096
0.00361151
0.00336287
0.00585201
0.00628691
0.00926026
0.0139476
0.0150052
0.00995881
0.0139476
0.00926026
0.00995881
0.0150052
0.0218486
0.0203191
0.0288057
0.0309279
0.0203191
0.0309279
0.0288057
0.0218486
0.0426811
0.039846
0.053864
0.0575263
0.075832
0.071249
0.092334
0.0979113
0.117378
0.146549
0.154186
0.123984
0.039846
0.0426811
0.0575263
0.053864
0.188529
0.179911
0.217412
0.226922
0.071249
0.092334
0.075832
0.0979113
0.146549
0.123984
0.154186
0.117378
0.179911
0.226922
0.188529
0.217412
0.258882
0.269136
0.304026
0.314838
0.414729
0.352431
0.403565
0.363557
0.511397
0.456796
0.521643
0.467674
0.314838
0.304026
0.258882
0.269136
0.566566
0.629293
0.621444
0.575805
0.352431
0.363557
0.414729
0.403565
0.726729
0.675135
0.730639
0.681205
0.776713
0.820047
0.818578
0.775323
0.521643
0.511397
0.467674
0.456796
0.629293
0.575805
0.566566
0.621444
0.886656
0.855461
0.86008
0.894678
0.923187
0.911574
0.945063
0.929723
0.726729
0.681205
0.675135
0.730639
0.776713
0.820047
0.818578
0.775323
0.94446
0.959887
0.94076
0.967371
0.94076
0.959887
0.929723
0.967371
0.886656
0.86008
0.894678
0.855461
0.945063
0.923187
0.911574
0.00137836
0.00126769
7.56556e-34
4.24902e-34
0.00542065
0.00499557
0.00311728
0.00287203
4.24902e-34
0.00126769
7.56556e-34
0.00137836
0.0129014
0.0118727
0.00789099
0.00857071
0.00311728
0.00287203
0.00499557
0.00542065
0.00789099
0.0118727
0.0129014
0.00857071
0.0188031
0.0173088
0.0246061
0.0266941
0.0266941
0.0246061
0.0188031
0.0173088
0.0370102
0.0341938
0.0465032
0.0501816
0.0370102
0.0501816
0.0465032
0.0341938
0.0666092
0.0619487
0.0809054
0.0866525
0.110596
0.103691
0.130546
0.138651
0.170917
0.161618
0.19695
0.207398
0.0809054
0.0666092
0.0866525
0.0619487
0.292382
0.247965
0.279987
0.236471
0.103691
0.130546
0.138651
0.110596
0.161618
0.207398
0.19695
0.170917
0.292382
0.236471
0.247965
0.279987
0.377626
0.327184
0.391168
0.340274
0.485945
0.499469
0.430764
0.444461
0.611452
0.542427
0.59939
0.555412
0.327184
0.391168
0.377626
0.340274
0.655961
0.71123
0.720243
0.6667
0.430764
0.485945
0.499469
0.444461
0.764277
0.814187
0.771169
0.818579
0.861625
0.86008
0.899513
0.90113
0.555412
0.542427
0.611452
0.59939
0.720243
0.6667
0.71123
0.655961
0.957113
0.965785
0.936584
0.931546
0.987051
0.975736
0.988183
1.00336
0.771169
0.814187
0.764277
0.818579
0.90113
0.861625
0.86008
0.899513
0.990851
0.987051
1.01102
1.01102
0.957113
0.936584
0.975736
1.00336
0.931546
0.965785
0.988183
0.00115739
0.00104807
6.14066e-34
3.54219e-34
0.00457689
0.00416716
0.00263113
0.00239166
3.54219e-34
0.00104807
6.14066e-34
0.00115739
0.0108657
0.00988618
0.00657687
0.00722648
0.00263113
0.00239166
0.00416716
0.00457689
0.0225543
0.020551
0.0158456
0.0144199
0.00657687
0.00988618
0.0108657
0.00722648
0.0158456
0.0144199
0.020551
0.0225543
0.0314138
0.0286884
0.0392584
0.0428543
0.0314138
0.0428543
0.0392584
0.0286884
0.0572966
0.0526874
0.0693803
0.075135
0.0526874
0.0572966
0.075135
0.0693803
0.0897016
0.113955
0.122294
0.0967081
0.152076
0.142366
0.175067
0.186147
0.224479
0.266936
0.212083
0.253324
0.0897016
0.122294
0.113955
0.0967081
0.29858
0.363041
0.347519
0.313249
0.142366
0.175067
0.186147
0.152076
0.253324
0.212083
0.266936
0.224479
0.347519
0.29858
0.313249
0.363041
0.470927
0.399689
0.454524
0.415801
0.511356
0.585347
0.569427
0.527705
0.627906
0.685906
0.699756
0.642997
0.454524
0.470927
0.399689
0.415801
0.796779
0.742508
0.7547
0.806902
0.585347
0.527705
0.511356
0.569427
0.847798
0.894678
0.855461
0.899513
0.97276
0.93827
0.936584
0.971012
0.699756
0.627906
0.642997
0.685906
0.796779
0.7547
0.806902
0.742508
0.997143
1.01616
1.02538
1.00254
1.04085
1.02773
1.0316
1.04866
0.899513
0.847798
0.894678
0.855461
0.93827
0.971012
0.936584
0.97276
1.00254
1.01616
1.02538
1.02773
1.04866
1.04085
0.997143
0.00093938
0.000831845
4.73942e-34
2.83444e-34
0.00376595
0.00337551
0.00215734
0.0019252
2.83444e-34
0.000831845
4.73942e-34
0.00093938
0.00893707
0.00802326
0.00533661
0.00594738
0.00215734
0.0019252
0.00337551
0.00376595
0.0186071
0.0167334
0.0130405
0.0117117
0.00533661
0.00802326
0.00893707
0.00594738
0.0260341
0.0357392
0.0323187
0.023466
0.0130405
0.0117117
0.0167334
0.0186071
0.0260341
0.023466
0.0323187
0.0357392
0.0481501
0.0437163
0.05808
0.0636826
0.0481501
0.0636826
0.0437163
0.05808
0.0827175
0.0758082
0.0972559
0.105589
0.0972559
0.0758082
0.0827175
0.105589
0.132554
0.122716
0.152403
0.163792
0.239252
0.199368
0.186435
0.224824
0.314137
0.331178
0.267466
0.283279
0.122716
0.163792
0.152403
0.132554
0.364491
0.418062
0.436859
0.382542
0.224824
0.186435
0.239252
0.199368
0.314137
0.267466
0.331178
0.283279
0.364491
0.418062
0.382542
0.436859
0.551748
0.532441
0.474272
0.4935
0.591798
0.651502
0.669781
0.610797
0.768335
0.727791
0.783891
0.710657
0.551748
0.532441
0.474272
0.4935
0.837151
0.823596
0.886657
0.875511
0.651502
0.610797
0.591798
0.669781
0.965785
0.923187
0.931546
0.971012
1.0328
1.03094
1.00435
1.00254
0.710657
0.768335
0.727791
0.783891
0.875511
0.886657
0.837151
0.823596
1.06205
1.0717
1.0503
1.05599
1.066
1.07962
1.07962
1.06205
0.931546
0.965785
0.971012
0.923187
1.03094
1.0717
1.00435
1.0328
1.05599
1.0503
1.00254
0.000725051
0.000619409
3.36241e-34
2.12723e-34
2.12723e-34
0.000619409
3.36241e-34
0.000725051
0.0029949
0.00262584
0.00169851
0.00147439
0.00714631
0.00630998
0.00418288
0.00474925
0.00169851
0.00147439
0.00262584
0.0029949
0.00923172
0.0149385
0.0132313
0.0104415
0.00418288
0.00630998
0.00714631
0.00474925
0.0209995
0.0290175
0.0258549
0.0186458
0.0104415
0.00923172
0.0132313
0.0149385
0.0394135
0.0526109
0.0473107
0.0352689
0.0209995
0.0186458
0.0258549
0.0290175
0.0394135
0.0352689
0.0473107
0.0526109
0.0690188
0.0623981
0.0809238
0.0890152
0.0690188
0.0890152
0.0809238
0.0623981
0.112919
0.103236
0.129621
0.140986
0.140986
0.103236
0.129621
0.112919
0.210147
0.173372
0.195328
0.160282
0.234762
0.251251
0.296524
0.278469
0.326214
0.398274
0.377641
0.345667
0.195328
0.160282
0.210147
0.173372
0.432274
0.511648
0.489525
0.453811
0.234762
0.278469
0.251251
0.296524
0.377641
0.326214
0.398274
0.345667
0.511648
0.432274
0.489525
0.453811
0.631203
0.548705
0.609036
0.571048
0.729695
0.669666
0.750225
0.691234
0.807235
0.788186
0.844195
0.861322
0.548705
0.609036
0.631203
0.571048
0.896787
0.957113
0.911573
0.945064
0.669666
0.750225
0.691234
0.729695
0.988184
1.02538
0.997143
1.03094
1.07945
1.05599
1.05789
1.07751
0.807235
0.861322
0.844195
0.788186
0.911573
0.945064
0.896787
0.957113
1.10335
1.09342
1.08943
1.09534
1.09534
1.07751
1.08943
1.10335
1.02538
0.997143
0.988184
1.03094
1.05789
1.07945
1.05599
1.42098e-34
0.00041055
2.00631e-34
0.00051449
0.00051449
0.00041055
2.00631e-34
1.42098e-34
0.00226694
0.00191928
0.00125544
0.00103905
0.00125544
0.00103905
0.00191928
0.00226694
0.00551421
0.00476127
0.00312111
0.00364129
0.0116172
0.0101026
0.00808874
0.00701162
0.00312111
0.00476127
0.00364129
0.00551421
0.0164177
0.0228475
0.0200107
0.0143223
0.00808874
0.00701162
0.0101026
0.0116172
0.0313072
0.0422132
0.0275497
0.0373494
0.0164177
0.0143223
0.0200107
0.0228475
0.0559881
0.0730386
0.065412
0.0498317
0.0313072
0.0275497
0.0373494
0.0422132
0.0559881
0.0498317
0.065412
0.0730386
0.0937334
0.0844795
0.107378
0.118392
0.0937334
0.118392
0.0844795
0.107378
0.134387
0.165706
0.147254
0.180479
0.134387
0.180479
0.165706
0.147254
0.241573
0.260107
0.201436
0.218114
0.285997
0.356319
0.306273
0.334464
0.386612
0.441958
0.466238
0.409817
0.241573
0.201436
0.260107
0.218114
0.499909
0.585164
0.559767
0.524932
0.334464
0.285997
0.306273
0.356319
0.466238
0.386612
0.441958
0.409817
0.559767
0.499909
0.585164
0.524932
0.682003
0.706898
0.62075
0.646113
0.801653
0.742617
0.824255
0.766594
0.87894
0.911208
0.929723
0.858162
0.62075
0.706898
0.646113
0.682003
0.975736
1.00336
0.959887
1.01616
0.766594
0.801653
0.824255
0.742617
1.0503
1.07751
1.04085
1.0717
1.11134
1.09534
1.10934
1.09731
0.858162
0.87894
0.929723
0.911208
0.975736
1.01616
1.00336
0.959887
1.10934
1.11338
1.11942
1.11942
1.0717
1.11134
1.09731
1.07751
1.0503
1.04085
1.09534
0.000307189
0.000204489
6.64332e-35
7.15442e-35
7.15442e-35
0.000204489
6.64332e-35
0.000307189
0.000827021
0.000617107
0.00125244
0.00158102
0.00158102
0.00125244
0.000827021
0.000617107
0.0040493
0.0033787
0.0021484
0.0026249
0.0021484
0.0026249
0.0033787
0.0040493
0.00868905
0.00737958
0.00600468
0.005064
0.0123688
0.0173555
0.0148923
0.0105589
0.00600468
0.005064
0.00737958
0.00868905
0.0240164
0.0327465
0.0284288
0.0207214
0.0123688
0.0105589
0.0148923
0.0173555
0.0439659
0.0580942
0.0511307
0.0384248
0.0240164
0.0207214
0.0284288
0.0327465
0.0755347
0.0966571
0.0863018
0.0669605
0.0439659
0.0384248
0.0511307
0.0580942
0.0966571
0.0755347
0.0669605
0.0863018
0.109496
0.13682
0.151118
0.12177
0.12177
0.151118
0.109496
0.13682
0.223008
0.16847
0.184846
0.204545
0.223008
0.16847
0.204545
0.184846
0.245036
0.28982
0.312243
0.265532
0.33865
0.39116
0.41687
0.362829
0.505166
0.533035
0.446864
0.47382
0.28982
0.245036
0.312243
0.265532
0.565365
0.655195
0.626675
0.593766
0.41687
0.39116
0.33865
0.362829
0.446864
0.533035
0.47382
0.505166
0.565365
0.655195
0.626675
0.593766
0.716433
0.688239
0.749147
0.776554
0.83461
0.808457
0.889652
0.865217
0.987052
0.91849
0.94076
0.967372
0.749147
0.776554
0.688239
0.716433
1.06205
1.04866
1.02773
1.01102
0.808457
0.865217
0.83461
0.889652
1.07962
1.08943
1.10934
1.10335
1.12549
1.12144
1.11942
1.12753
0.967372
0.91849
0.94076
0.987052
1.01102
1.02773
1.06205
1.04866
1.11942
1.10934
1.12144
1.12753
1.07962
1.10335
1.08943
1.24705e-36
0.000102117
0.000102117
1.24705e-36
0.000931352
0.000410198
0.000410198
0.000931352
0.00274568
0.00169259
0.00169259
0.00274568
0.00419102
0.00617169
0.00419102
0.00617169
0.00889733
0.0126256
0.0176783
0.0244153
0.00889733
0.0126256
0.033238
0.0445624
0.0244153
0.0176783
0.0588093
0.0763821
0.0445624
0.033238
0.0976457
0.122914
0.0588093
0.0763821
0.0976457
0.122914
0.152422
0.186322
0.152422
0.186322
0.224655
0.267362
0.267362
0.224655
0.314251
0.365022
0.41924
0.476371
0.596657
0.535756
0.365022
0.314251
0.719635
0.658245
0.476371
0.41924
0.535756
0.596657
0.719635
0.658245
0.779898
0.838085
0.944461
0.893248
1.0316
0.990851
0.779898
0.838085
1.09342
1.066
0.944461
0.893248
1.12549
1.11338
1.12956
1.12549
0.990851
1.0316
1.066
1.11338
1.09342
0.109496
0.245036
0.204545
0.000204489
0.13682
0.16847
0.13682
0.16847
0.109496
0.0033787
0.005064
0.0863018
0.204545
0.0105589
0.0669605
0.0511307
0.245036
0.0384248
0.0284288
0.28982
0.0207214
0.0148923
0.33865
0.00737958
0.39116
0.446864
0.0021484
0.00125244
0.505166
0.000617107
0.565365
0.626675
0.000204489
0.28982
0.33865
0.688239
0.749147
0.446864
0.808457
0.000617107
0.865217
0.91849
0.00125244
0.967372
1.01102
0.0021484
1.04866
1.07962
0.0033787
0.91849
1.10335
0.967372
1.11942
0.005064
1.12753
1.12753
0.00737958
1.11942
1.10335
0.0105589
1.07962
1.04866
0.0148923
1.01102
0.0207214
0.865217
0.0284288
0.808457
0.749147
0.0384248
0.688239
0.626675
0.0511307
0.565365
0.505166
0.0669605
0.39116
0.0863018
6.64332e-35
6.64332e-35
7.15442e-35
0.000307189
0.000307189
7.15442e-35
0.00158102
0.000827021
0.000827021
0.00158102
0.0026249
0.0040493
0.0026249
0.0040493
0.00868905
0.00600468
0.00600468
0.00868905
0.0173555
0.0123688
0.0327465
0.0240164
0.0123688
0.0173555
0.0439659
0.0580942
0.0327465
0.0240164
0.0966571
0.0755347
0.0439659
0.0580942
0.12177
0.151118
0.0755347
0.0966571
0.12177
0.151118
0.223008
0.184846
0.223008
0.184846
0.265532
0.312243
0.312243
0.265532
0.41687
0.362829
0.533035
0.47382
0.593766
0.655195
0.362829
0.41687
0.776554
0.716433
0.533035
0.47382
0.655195
0.593766
0.716433
0.776554
0.83461
0.889652
0.987052
0.94076
1.02773
1.06205
0.889652
0.83461
1.10934
1.08943
0.987052
0.94076
1.12549
1.12144
1.12144
1.10934
1.06205
1.02773
1.08943
0.201436
0.165706
0.165706
0.134387
0.201436
0.107378
0.00191928
0.0844795
0.065412
0.241573
0.0498317
0.285997
0.0373494
0.0275497
0.0200107
0.334464
0.0143223
0.386612
0.0101026
0.00701162
0.00476127
0.441958
0.00312111
0.499909
0.00103905
0.00041055
0.559767
0.62075
0.00041055
0.682003
0.241573
0.742617
0.801653
0.334464
0.00103905
0.858162
0.911208
0.499909
0.959887
0.00191928
1.00336
0.00312111
1.04085
1.0717
1.09534
0.801653
0.00476127
1.11134
0.00701162
0.959887
1.11942
1.11942
1.11134
0.0101026
1.09534
0.0143223
1.0717
1.04085
1.00336
0.0200107
0.0275497
0.911208
0.858162
0.0373494
0.742617
0.0498317
0.682003
0.62075
0.559767
0.065412
0.0844795
0.441958
0.386612
0.107378
0.285997
0.134387
2.00631e-34
2.00631e-34
1.42098e-34
0.00051449
0.00051449
1.42098e-34
0.00226694
0.00125544
0.00125544
0.00226694
0.00364129
0.00551421
0.00551421
0.00364129
0.0116172
0.00808874
0.00808874
0.0116172
0.0228475
0.0164177
0.0313072
0.0422132
0.0164177
0.0228475
0.0559881
0.0730386
0.0422132
0.0313072
0.0937334
0.118392
0.0730386
0.0559881
0.180479
0.147254
0.0937334
0.118392
0.180479
0.147254
0.218114
0.260107
0.260107
0.218114
0.356319
0.306273
0.306273
0.356319
0.466238
0.409817
0.585164
0.524932
0.646113
0.706898
0.466238
0.409817
0.766594
0.824255
0.524932
0.585164
0.706898
0.646113
0.766594
0.824255
0.87894
0.929723
0.975736
1.01616
1.0503
1.07751
0.929723
0.87894
1.10934
1.09731
0.975736
1.01616
1.11338
1.10934
1.09731
1.0503
1.07751
0.195328
0.129621
0.234762
0.000619409
0.103236
0.0809238
0.0623981
0.278469
0.0473107
0.00630998
0.00923172
0.326214
0.0352689
0.0258549
0.0186458
0.377641
0.0132313
0.432274
0.00418288
0.489525
0.00262584
0.548705
0.00147439
0.609036
0.669666
0.000619409
0.729695
0.195328
0.788186
0.00147439
0.844195
0.896787
0.945064
0.377641
0.432274
0.00262584
0.988184
0.00418288
1.02538
1.05599
1.07945
0.00630998
0.729695
1.09534
0.00923172
0.844195
0.896787
1.10335
1.10335
1.09534
0.0132313
1.07945
0.0186458
1.05599
1.02538
0.988184
0.0258549
0.945064
0.0352689
0.788186
0.0473107
0.0623981
0.669666
0.609036
0.548705
0.0809238
0.489525
0.103236
0.326214
0.129621
0.278469
0.160282
0.234762
0.160282
3.36241e-34
3.36241e-34
2.12723e-34
0.000725051
0.000725051
2.12723e-34
0.00169851
0.0029949
0.00169851
0.0029949
0.00474925
0.00714631
0.00714631
0.00474925
0.0149385
0.0104415
0.0104415
0.0149385
0.0209995
0.0290175
0.0394135
0.0526109
0.0209995
0.0290175
0.0690188
0.0890152
0.0526109
0.0394135
0.140986
0.112919
0.0690188
0.0890152
0.210147
0.173372
0.112919
0.140986
0.210147
0.173372
0.296524
0.251251
0.296524
0.251251
0.345667
0.398274
0.398274
0.345667
0.511648
0.453811
0.631203
0.571048
0.691234
0.750225
0.453811
0.511648
0.807235
0.861322
0.571048
0.631203
0.750225
0.691234
0.807235
0.861322
0.957113
0.911573
0.997143
1.03094
1.05789
1.07751
0.911573
0.957113
1.09342
1.08943
1.03094
0.997143
1.08943
1.07751
1.05789
0.267466
0.0758082
0.05808
0.314137
0.0437163
0.0323187
0.364491
0.023466
0.0167334
0.418062
0.0117117
0.00802326
0.474272
0.00533661
0.00337551
0.532441
0.0019252
0.000831845
0.591798
0.651502
0.000831845
0.0972559
0.122716
0.710657
0.768335
0.186435
0.823596
0.0019252
0.875511
0.923187
0.00337551
0.965785
1.00254
0.00533661
1.0328
1.05599
0.00802326
0.591798
1.0717
0.651502
1.07962
0.0117117
1.07962
1.0717
0.0167334
0.875511
0.923187
1.05599
1.0328
0.023466
1.00254
0.965785
0.0323187
0.0437163
0.823596
0.768335
0.05808
0.710657
0.0758082
0.532441
0.0972559
0.474272
0.418062
0.122716
0.364491
0.314137
0.152403
0.267466
0.224824
0.186435
0.152403
0.224824
4.73942e-34
4.73942e-34
2.83444e-34
0.00093938
0.00093938
2.83444e-34
0.00376595
0.00215734
0.00215734
0.00376595
0.00893707
0.00594738
0.00594738
0.00893707
0.0186071
0.0130405
0.0130405
0.0186071
0.0357392
0.0260341
0.0481501
0.0636826
0.0357392
0.0260341
0.105589
0.0827175
0.0481501
0.0636826
0.163792
0.132554
0.105589
0.0827175
0.239252
0.199368
0.163792
0.132554
0.199368
0.239252
0.331178
0.283279
0.283279
0.331178
0.436859
0.382542
0.382542
0.436859
0.551748
0.4935
0.669781
0.610797
0.727791
0.783891
0.4935
0.551748
0.886657
0.837151
0.610797
0.669781
0.783891
0.727791
0.886657
0.837151
0.931546
0.971012
1.00435
1.03094
1.0503
1.06205
0.971012
0.931546
1.06205
1.066
1.00435
1.0503
1.03094
0.0526874
0.0392584
0.347519
0.0286884
0.399689
0.020551
0.0144199
0.00988618
0.454524
0.00657687
0.511356
0.00416716
0.00239166
0.00104807
0.569427
0.627906
0.00104807
0.685906
0.0693803
0.742508
0.796779
0.113955
0.00239166
0.847798
0.894678
0.212083
0.936584
0.00416716
0.97276
0.00657687
1.00254
1.02538
1.04085
0.454524
0.00988618
1.04866
0.0144199
0.627906
1.04866
1.04085
1.02538
0.020551
0.796779
1.00254
0.0286884
0.97276
0.936584
0.894678
0.0392584
0.847798
0.0526874
0.742508
0.685906
0.0693803
0.0897016
0.569427
0.511356
0.113955
0.399689
0.142366
0.347519
0.29858
0.253324
0.175067
0.212083
0.175067
0.142366
0.253324
0.0897016
0.29858
6.14066e-34
6.14066e-34
3.54219e-34
0.00115739
0.00115739
3.54219e-34
0.00457689
0.00263113
0.00263113
0.00457689
0.0108657
0.00722648
0.0108657
0.00722648
0.0158456
0.0225543
0.0158456
0.0225543
0.0314138
0.0428543
0.0572966
0.075135
0.0314138
0.0428543
0.122294
0.0967081
0.075135
0.0572966
0.186147
0.152076
0.122294
0.0967081
0.266936
0.224479
0.186147
0.152076
0.224479
0.266936
0.363041
0.313249
0.363041
0.313249
0.470927
0.415801
0.470927
0.415801
0.585347
0.527705
0.642997
0.699756
0.806902
0.7547
0.527705
0.585347
0.855461
0.899513
0.699756
0.642997
0.7547
0.806902
0.899513
0.855461
0.971012
0.93827
1.01616
0.997143
1.02773
1.0316
0.93827
0.971012
1.01616
1.02773
0.997143
0.377626
0.0246061
0.430764
0.0173088
0.0118727
0.00789099
0.485945
0.00499557
0.542427
0.00287203
0.00126769
0.59939
0.655961
0.00126769
0.71123
0.0465032
0.764277
0.00287203
0.814187
0.86008
0.90113
0.130546
0.161618
0.00499557
0.936584
0.00789099
0.965785
0.988183
1.00336
0.0118727
0.377626
1.01102
0.0173088
0.485945
0.542427
1.01102
1.00336
0.988183
0.0246061
0.71123
0.965785
0.0341938
0.936584
0.90113
0.86008
0.0465032
0.814187
0.0619487
0.764277
0.655961
0.0809054
0.59939
0.103691
0.430764
0.130546
0.161618
0.327184
0.279987
0.236471
0.19695
0.19695
0.236471
0.103691
0.279987
0.0809054
0.327184
0.0619487
0.0341938
7.56556e-34
7.56556e-34
4.24902e-34
0.00137836
0.00137836
4.24902e-34
0.00311728
0.00542065
0.00311728
0.00542065
0.0129014
0.00857071
0.00857071
0.0129014
0.0188031
0.0266941
0.0188031
0.0266941
0.0501816
0.0370102
0.0866525
0.0666092
0.0370102
0.0501816
0.110596
0.138651
0.0666092
0.0866525
0.170917
0.207398
0.110596
0.138651
0.247965
0.292382
0.207398
0.170917
0.247965
0.292382
0.391168
0.340274
0.391168
0.340274
0.499469
0.444461
0.444461
0.499469
0.611452
0.555412
0.720243
0.6667
0.771169
0.818579
0.555412
0.611452
0.899513
0.861625
0.720243
0.6667
0.771169
0.818579
0.899513
0.861625
0.957113
0.931546
0.987051
0.975736
0.990851
0.987051
0.931546
0.975736
0.957113
0.456796
0.00926026
0.00585201
0.511397
0.00336287
0.00148967
0.566566
0.621444
0.00148967
0.0139476
0.0203191
0.675135
0.726729
0.039846
0.775323
0.00336287
0.820047
0.86008
0.00585201
0.894678
0.923187
0.00926026
0.945063
0.959887
0.0139476
0.258882
0.967371
0.304026
0.967371
0.0203191
0.959887
0.945063
0.0288057
0.511397
0.566566
0.923187
0.894678
0.039846
0.86008
0.820047
0.053864
0.775323
0.726729
0.071249
0.675135
0.621444
0.092334
0.117378
0.456796
0.403565
0.146549
0.352431
0.179911
0.217412
0.217412
0.179911
0.146549
0.258882
0.117378
0.092334
0.304026
0.071249
0.053864
0.352431
0.0288057
0.403565
9.00949e-34
9.00949e-34
4.95218e-34
0.00160096
0.00160096
4.95218e-34
0.00628691
0.00361151
0.00361151
0.00628691
0.00995881
0.0150052
0.0150052
0.00995881
0.0309279
0.0218486
0.0218486
0.0309279
0.0426811
0.0575263
0.075832
0.0979113
0.0426811
0.0575263
0.154186
0.123984
0.0979113
0.075832
0.188529
0.226922
0.123984
0.154186
0.269136
0.314838
0.188529
0.226922
0.314838
0.269136
0.414729
0.363557
0.363557
0.414729
0.467674
0.521643
0.521643
0.467674
0.629293
0.575805
0.730639
0.681205
0.818578
0.776713
0.629293
0.575805
0.855461
0.886656
0.730639
0.681205
0.776713
0.818578
0.886656
0.855461
0.911574
0.929723
0.94446
0.94076
0.94076
0.929723
0.911574
0.00385917
0.00171239
0.53013
0.583063
0.00171239
0.634941
0.00672472
0.684865
0.731946
0.016069
0.00385917
0.775323
0.814186
0.0454986
0.847798
0.00672472
0.875511
0.0106612
0.896786
0.911207
0.91849
0.161503
0.016069
0.91849
0.0233825
0.278658
0.911207
0.896786
0.875511
0.0330468
0.424574
0.847798
0.0454986
0.814186
0.775323
0.731946
0.0611421
0.684865
0.0803302
0.634941
0.583063
0.53013
0.103343
0.477019
0.130371
0.373577
0.324734
0.161503
0.196712
0.235854
0.196712
0.235854
0.130371
0.278658
0.103343
0.0803302
0.0611421
0.324734
0.373577
0.0330468
0.0233825
0.424574
0.0106612
0.477019
1.04638e-33
1.04638e-33
5.6476e-34
0.0018233
0.0018233
5.6476e-34
0.00410815
0.0071627
0.00410815
0.0071627
0.0171328
0.0113653
0.0171328
0.0113653
0.0351494
0.024911
0.024911
0.0351494
0.048277
0.064688
0.108591
0.0847073
0.048277
0.064688
0.168449
0.136487
0.0847073
0.108591
0.204397
0.244146
0.136487
0.168449
0.287371
0.333645
0.204397
0.244146
0.287371
0.333645
0.433031
0.382413
0.433031
0.382413
0.536796
0.484759
0.536796
0.484759
0.588286
0.638346
0.730639
0.686088
0.806901
0.771169
0.638346
0.588286
0.837152
0.861321
0.730639
0.686088
0.771169
0.806901
0.861321
0.837152
0.889651
0.87894
0.889651
0.893248
0.87894
0.541593
0.591435
0.00193369
0.00193369
0.639484
0.684865
0.00435463
0.726729
0.764276
0.0181903
0.0264255
0.796778
0.00759966
0.823595
0.0120666
0.844194
0.858162
0.865217
0.113617
0.0181903
0.865217
0.174971
0.211532
0.0264255
0.858162
0.844194
0.823595
0.341503
0.037221
0.796778
0.0510006
0.764276
0.726729
0.541593
0.684865
0.0681374
0.639484
0.0889372
0.591435
0.490839
0.113617
0.440035
0.142294
0.390003
0.295218
0.174971
0.251735
0.211532
0.142294
0.251735
0.295218
0.0889372
0.0681374
0.0510006
0.341503
0.037221
0.390003
0.0120666
0.440035
0.00759966
0.490839
0.00435463
1.19161e-33
1.19161e-33
6.32985e-34
0.00204298
6.32985e-34
0.00204298
0.00803301
0.00460035
0.00460035
0.00803301
0.0192358
0.0127619
0.0192358
0.0127619
0.027915
0.0392492
0.027915
0.0392492
0.0714684
0.0536471
0.118387
0.0929847
0.0536471
0.0714684
0.181026
0.147745
0.118387
0.0929847
0.258567
0.218059
0.147745
0.181026
0.348253
0.302136
0.218059
0.258567
0.348253
0.302136
0.396289
0.445538
0.396289
0.445538
0.544485
0.495214
0.544485
0.495214
0.592487
0.638346
0.720242
0.681205
0.7547
0.78389
0.592487
0.638346
0.824254
0.807235
0.681205
0.720242
0.7547
0.78389
0.824254
0.807235
0.838083
0.834611
0.834611
0.00215096
0.591435
0.63494
0.675135
0.00484193
0.71123
0.742507
0.00846105
0.768334
0.788186
0.0134472
0.801652
0.808456
0.0562026
0.0202623
0.0746553
0.808456
0.801652
0.029372
0.788186
0.768334
0.186565
0.223938
0.0412189
0.742507
0.71123
0.0562026
0.675135
0.63494
0.0746553
0.591435
0.545452
0.0968267
0.497852
0.449497
0.122864
0.401227
0.353843
0.152805
0.30808
0.264592
0.186565
0.223938
0.152805
0.122864
0.264592
0.0968267
0.30808
0.0412189
0.353843
0.029372
0.0202623
0.401227
0.0134472
0.00846105
0.449497
0.00484193
0.00215096
0.497852
0.545452
1.33507e-33
1.33507e-33
6.99233e-34
0.00225717
0.00225717
6.99233e-34
0.00508041
0.00888149
0.00508041
0.00888149
0.0141185
0.0212644
0.0212644
0.0141185
0.0431187
0.0307847
0.0431187
0.0307847
0.0776785
0.0586449
0.127019
0.10043
0.0586449
0.0776785
0.191552
0.157432
0.127019
0.10043
0.229118
0.269766
0.191552
0.157432
0.313
0.358234
0.229118
0.269766
0.313
0.358234
0.40478
0.451884
0.40478
0.451884
0.544485
0.498733
0.544485
0.498733
0.629292
0.588286
0.6667
0.699755
0.750224
0.727791
0.588286
0.629292
0.766595
0.776553
0.6667
0.699755
0.727791
0.750224
0.766595
0.779899
0.776553
0.621443
0.00531304
0.65596
0.685905
0.710657
0.00929212
0.729694
0.0147725
0.742616
0.022235
0.749146
0.749146
0.022235
0.0609622
0.742616
0.0321469
0.729694
0.710657
0.130819
0.685905
0.0449339
0.65596
0.0609622
0.621443
0.583063
0.316867
0.541593
0.0805139
0.497852
0.103775
0.452681
0.406923
0.361393
0.130819
0.1616
0.274051
0.23357
0.195948
0.195948
0.1616
0.23357
0.103775
0.0805139
0.274051
0.316867
0.0449339
0.0321469
0.361393
0.0147725
0.406923
0.00929212
0.00531304
0.00236122
0.452681
0.497852
0.00236122
0.541593
0.583063
1.47495e-33
1.47495e-33
7.6275e-34
0.00246279
0.00246279
7.6275e-34
0.00969111
0.00554007
0.00554007
0.00969111
0.0231693
0.0154045
0.0154045
0.0231693
0.0334461
0.0466545
0.0334461
0.0466545
0.063133
0.0831445
0.13424
0.106832
0.063133
0.0831445
0.199725
0.165271
0.13424
0.106832
0.277418
0.237254
0.165271
0.199725
0.363299
0.319647
0.277418
0.237254
0.363299
0.319647
0.407638
0.451884
0.407638
0.451884
0.495214
0.536796
0.495214
0.536796
0.575806
0.611451
0.642998
0.66978
0.706896
0.691235
0.575806
0.611451
0.719633
0.716434
0.66978
0.642998
0.706896
0.691235
0.716434
0.00575956
0.599389
0.627905
0.651501
0.0100758
0.669666
0.0100758
0.0160122
0.682002
0.0240598
0.0346779
0.688238
0.688238
0.0240598
0.682002
0.0855488
0.0346779
0.669666
0.651501
0.627905
0.0482662
0.202851
0.240151
0.599389
0.0651481
0.566566
0.530129
0.490839
0.0855488
0.449496
0.109586
0.406922
0.363935
0.321326
0.137254
0.279839
0.168427
0.168427
0.202851
0.137254
0.240151
0.109586
0.0651481
0.279839
0.0482662
0.321326
0.0160122
0.363935
0.406922
0.00575956
0.00256128
0.449496
0.490839
0.00256128
0.530129
0.566566
1.6092e-33
1.6092e-33
8.22711e-34
0.00265655
0.00265655
8.22711e-34
0.0104448
0.00597086
0.00597086
0.0104448
0.0249028
0.01659
0.0249028
0.01659
0.0497609
0.0358296
0.0358296
0.0497609
0.0669875
0.0877132
0.112009
0.139843
0.0669875
0.0877132
0.205307
0.171037
0.112009
0.139843
0.242232
0.281299
0.171037
0.205307
0.321885
0.363298
0.281299
0.242232
0.363298
0.321885
0.40478
0.445537
0.445537
0.40478
0.484759
0.521642
0.521642
0.484759
0.555413
0.585346
0.610797
0.631202
0.646114
0.655193
0.555413
0.585346
0.655193
0.658246
0.631202
0.610797
0.646114
0.591797
0.0107952
0.609034
0.00274782
0.620749
0.0171371
0.626674
0.626674
0.0256908
0.0256908
0.0368987
0.620749
0.609034
0.0368987
0.591797
0.569426
0.0511255
0.542426
0.511396
0.0686449
0.477019
0.207073
0.440035
0.0896191
0.401227
0.361393
0.114094
0.321325
0.281787
0.141986
0.243489
0.17309
0.17309
0.141986
0.207073
0.114094
0.0896191
0.243489
0.0686449
0.0511255
0.281787
0.321325
0.0171371
0.0107952
0.361393
0.00617301
0.401227
0.440035
0.00274782
0.569426
0.477019
0.511396
0.542426
0.00617301
1.73571e-33
1.73571e-33
8.78256e-34
0.00283515
0.00283515
8.78256e-34
0.00636441
0.0111262
0.00636441
0.0111262
0.0264211
0.0176468
0.0176468
0.0264211
0.0523539
0.0378725
0.0378725
0.0523539
0.0912566
0.070102
0.14367
0.115816
0.070102
0.0912566
0.174564
0.208139
0.14367
0.115816
0.243907
0.281299
0.208139
0.174564
0.319648
0.358234
0.281299
0.243907
0.319648
0.358234
0.43303
0.396289
0.43303
0.396289
0.467675
0.499468
0.499468
0.467675
0.551747
0.527705
0.585162
0.571049
0.596655
0.593767
0.551747
0.527705
0.593767
0.571049
0.585162
0.0114344
0.559766
0.0181201
0.565363
0.565363
0.559766
0.0114344
0.0270866
0.548704
0.0387506
0.532439
0.511355
0.485945
0.0713557
0.0534344
0.456795
0.0713557
0.424573
0.14488
0.390003
0.353843
0.208494
0.0926106
0.316867
0.117171
0.279839
0.243489
0.14488
0.175455
0.175455
0.117171
0.0926106
0.208494
0.243489
0.0534344
0.0387506
0.0270866
0.279839
0.0181201
0.316867
0.00654518
0.00291755
0.353843
0.390003
0.00291755
0.548704
0.424573
0.456795
0.485945
0.00654518
0.511355
0.532439
1.85231e-33
1.85231e-33
9.28521e-34
0.00299534
0.00299534
9.28521e-34
0.0117199
0.00671275
0.00671275
0.0117199
0.0276857
0.0185495
0.0276857
0.0185495
0.054363
0.0395207
0.0395207
0.054363
0.0936754
0.0723902
0.145611
0.118144
0.0723902
0.0936754
0.208139
0.175751
0.118144
0.145611
0.277417
0.242232
0.208139
0.175751
0.348252
0.313001
0.242232
0.277417
0.313001
0.348252
0.382413
0.414727
0.382413
0.414727
0.444462
0.470926
0.444462
0.470926
0.493501
0.511646
0.524933
0.533032
0.535757
0.533032
0.511646
0.493501
0.524933
0.0189373
0.505164
0.505164
0.00306733
0.499907
0.0282114
0.489524
0.0401844
0.474271
0.0282114
0.0401844
0.454523
0.430763
0.0551299
0.403564
0.0732057
0.373577
0.341503
0.145854
0.308079
0.0944397
0.274051
0.118732
0.24015
0.207073
0.175455
0.145854
0.175455
0.118732
0.0944397
0.0732057
0.207073
0.0551299
0.24015
0.0189373
0.274051
0.011979
0.308079
0.00686842
0.341503
0.373577
0.00306733
0.499907
0.403564
0.430763
0.00686842
0.454523
0.474271
0.489524
0.011979
1.9569e-33
1.9569e-33
9.72676e-34
0.00313408
0.00313408
9.72676e-34
0.00700862
0.0122125
0.00700862
0.0122125
0.0286638
0.0192758
0.0286638
0.0192758
0.0557336
0.0407303
0.0407303
0.0557336
0.073789
0.094902
0.145611
0.118927
0.094902
0.073789
0.174564
0.205307
0.118927
0.145611
0.269766
0.237255
0.205307
0.174564
0.333644
0.302137
0.269766
0.237255
0.302137
0.333644
0.363558
0.391166
0.363558
0.391166
0.436857
0.415802
0.436857
0.415802
0.453812
0.466236
0.473821
0.476368
0.473821
0.453812
0.466236
0.441957
0.0290364
0.432273
0.418061
0.0411621
0.399688
0.377624
0.0561661
0.35243
0.0290364
0.324734
0.0741437
0.295218
0.0741437
0.264591
0.0950551
0.0950551
0.23357
0.20285
0.118732
0.17309
0.14488
0.14488
0.118732
0.17309
0.0561661
0.20285
0.0411621
0.23357
0.0195686
0.0124164
0.264591
0.00713589
0.00319426
0.295218
0.324734
0.00319426
0.446863
0.35243
0.446863
0.377624
0.399688
0.00713589
0.418061
0.432273
0.0124164
0.441957
0.0195686
2.04749e-33
2.04749e-33
1.00995e-33
0.00324868
0.00324868
1.00995e-33
0.0125924
0.0072457
0.0125924
0.0072457
0.0198079
0.0293303
0.0293303
0.0198079
0.0564283
0.0414693
0.0414693
0.0564283
0.0742596
0.0949019
0.118144
0.14367
0.0949019
0.0742596
0.199724
0.171037
0.14367
0.118144
0.229119
0.258566
0.199724
0.171037
0.314836
0.287372
0.258566
0.229119
0.287372
0.314836
0.340275
0.363039
0.363039
0.340275
0.382543
0.398272
0.398272
0.382543
0.409818
0.416868
0.419242
0.416868
0.409818
0.02954
0.36449
0.0416575
0.347518
0.327183
0.304025
0.0127365
0.0565146
0.278657
0.02954
0.0741437
0.251734
0.223937
0.195948
0.0944397
0.168427
0.117171
0.141986
0.117171
0.0944397
0.141986
0.0741437
0.168427
0.0565146
0.0416575
0.195948
0.0199985
0.223937
0.00734184
0.00329583
0.251734
0.278657
0.00329583
0.37764
0.304025
0.327183
0.347518
0.391159
0.00734184
0.36449
0.37764
0.386611
0.0127365
0.0199985
0.391159
0.386611
2.12231e-33
2.12231e-33
1.03968e-33
0.00333681
0.00333681
1.03968e-33
0.0128509
0.00741884
0.00741884
0.0128509
0.029668
0.0201325
0.0201325
0.029668
0.0564284
0.0417178
0.0417178
0.0564284
0.0936753
0.073789
0.139843
0.115816
0.0936753
0.073789
0.191551
0.165272
0.139843
0.115816
0.244144
0.218059
0.191551
0.165272
0.269137
0.29238
0.218059
0.244144
0.269137
0.29238
0.331176
0.31325
0.331176
0.31325
0.345668
0.356316
0.356316
0.345668
0.36283
0.365019
0.36283
0.0416575
0.298579
0.279986
0.258881
0.0561661
0.235853
0.0129316
0.0732057
0.211531
0.0297094
0.186564
0.1616
0.0926105
0.137254
0.114093
0.114093
0.0926105
0.0732057
0.137254
0.0561661
0.1616
0.0416575
0.0202162
0.186564
0.211531
0.00748175
0.00336998
0.235853
0.258881
0.00336998
0.314136
0.279986
0.298579
0.334463
0.338648
0.00748175
0.314136
0.326213
0.334463
0.0129316
0.338648
0.0202162
0.326213
0.0297094
2.17988e-33
2.17988e-33
1.06131e-33
0.00339668
0.00339668
1.06131e-33
0.0129817
0.00752425
0.00752425
0.0129817
0.0296681
0.0202416
0.0296681
0.0202416
0.0557336
0.0414692
0.0414692
0.0557336
0.0723903
0.0912564
0.11201
0.134239
0.0723903
0.0912564
0.157433
0.181025
0.134239
0.11201
0.204397
0.22692
0.181025
0.157433
0.266934
0.247966
0.22692
0.204397
0.247966
0.266934
0.296522
0.28328
0.28328
0.296522
0.312241
0.306274
0.306274
0.312241
0.314252
0.217412
0.05513
0.196712
0.00341518
0.174971
0.0713557
0.152805
0.130818
0.0896189
0.0295401
0.0411621
0.109585
0.0896189
0.109585
0.0713557
0.05513
0.130818
0.152805
0.0202162
0.0129972
0.174971
0.00755254
0.196712
0.217412
0.00341518
0.23647
0.23647
0.253323
0.253323
0.267465
0.00755254
0.278467
0.285995
0.0129972
0.289818
0.289818
0.0202162
0.285995
0.278467
0.0295401
0.267465
0.0411621
2.219e-33
2.219e-33
1.07443e-33
0.00342704
0.00342704
1.07443e-33
0.00755958
0.0129819
0.00755958
0.0129819
0.0293305
0.0201324
0.0201324
0.0293305
0.0543631
0.0407303
0.0407303
0.0543631
0.0701021
0.0877129
0.127018
0.106832
0.0877129
0.0701021
0.168448
0.147745
0.127018
0.106832
0.207397
0.188529
0.168448
0.147745
0.23925
0.22448
0.207397
0.188529
0.22448
0.23925
0.260105
0.251252
0.260105
0.251252
0.265533
0.265533
0.26736
0.0534344
0.142294
0.0686448
0.122864
0.103775
0.0855486
0.0129318
0.0855486
0.0686448
0.103775
0.0534344
0.0401845
0.0290365
0.122864
0.0199987
0.142294
0.00755263
0.00343048
0.161502
0.17991
0.00343048
0.161502
0.196949
0.212081
0.224822
0.212081
0.00755263
0.23476
0.241572
0.245035
0.0129318
0.245035
0.0199987
0.241572
0.23476
0.224822
0.0290365
0.0401845
0.196949
0.17991
2.23887e-33
2.23887e-33
1.07878e-33
0.00342727
0.00342727
1.07878e-33
0.0128513
0.00752405
0.00752405
0.0128513
0.0286642
0.0198077
0.0198077
0.0286642
0.0395206
0.052354
0.052354
0.0395206
0.0669876
0.0831441
0.10043
0.118386
0.0669876
0.0831441
0.136488
0.154185
0.10043
0.118386
0.186145
0.170918
0.136488
0.154185
0.199369
0.210144
0.186145
0.170918
0.199369
0.210144
0.223005
0.218115
0.223005
0.218115
0.224656
0.0651481
0.0968263
0.0805136
0.00341557
0.0651481
0.0805136
0.0511256
0.0968263
0.0387507
0.0282117
0.019569
0.113617
0.0127368
0.13037
0.00748203
0.146549
0.161617
0.00341557
0.113617
0.175065
0.186434
0.146549
0.161617
0.00748203
0.195327
0.201435
0.204543
0.195327
0.0127368
0.204543
0.019569
0.201435
0.186434
0.0282117
0.175065
0.0387507
0.13037
0.0511256
2.23908e-33
2.23908e-33
1.07429e-33
0.00339734
0.00339734
1.07429e-33
0.0125931
0.00741845
0.00741845
0.0125931
0.0192756
0.0276861
0.0276861
0.0192756
0.0378724
0.049761
0.0378724
0.049761
0.0631331
0.0776781
0.10859
0.0929851
0.0776781
0.0631331
0.123985
0.138649
0.10859
0.0929851
0.152077
0.16379
0.123985
0.138649
0.173373
0.180476
0.152077
0.16379
0.173373
0.180476
0.18632
0.184847
0.184847
0.0482662
0.0746551
0.0368989
0.0270869
0.0889368
0.0189377
0.0124169
0.103342
0.00734229
0.00337076
0.117378
0.130545
0.00337076
0.0609621
0.142365
0.0746551
0.152402
0.160281
0.00734229
0.165704
0.168469
0.130545
0.142365
0.0124169
0.168469
0.165704
0.0189377
0.160281
0.152402
0.0270869
0.0368989
0.117378
0.103342
0.0482662
0.0889368
0.0609621
2.21961e-33
2.21961e-33
1.06103e-33
0.0033379
0.0033379
1.06103e-33
0.00724513
0.0122134
0.00724513
0.0122134
0.0264218
0.0185492
0.0264218
0.0185492
0.0358295
0.0466546
0.0358295
0.0466546
0.0586451
0.0714679
0.0979103
0.0847077
0.0714679
0.0586451
0.122293
0.110597
0.0979103
0.0847077
0.140984
0.132555
0.122293
0.110597
0.151116
0.147255
0.132555
0.140984
0.151116
0.147255
0.152423
0.0681371
0.0181206
0.0803298
0.0119796
0.00713651
0.00329697
0.0923334
0.10369
0.00329697
0.0256912
0.113954
0.122715
0.12962
0.0562025
0.00713651
0.134386
0.136819
0.136819
0.0923334
0.0119796
0.134386
0.0181206
0.12962
0.122715
0.113954
0.0256912
0.10369
0.0346781
0.0803298
0.0681371
0.044934
0.0562025
0.044934
0.0346781
2.18088e-33
2.18088e-33
1.03927e-33
0.00325016
0.00325016
1.03927e-33
0.0117211
0.00700788
0.00700788
0.0117211
0.0176465
0.0249035
0.0249035
0.0176465
0.033446
0.0431189
0.0431189
0.033446
0.0646874
0.0536473
0.0758325
0.0866514
0.0646874
0.0536473
0.105588
0.0967088
0.0866514
0.0758325
0.11292
0.11839
0.105588
0.0967088
0.122912
0.121771
0.11839
0.11292
0.121771
0.0712486
0.00686918
0.00319572
0.0809047
0.0897009
0.00319572
0.0114352
0.097255
0.103235
0.0240602
0.0321471
0.00686918
0.107377
0.109495
0.109495
0.0611418
0.0114352
0.107377
0.0171377
0.103235
0.097255
0.0897009
0.0240602
0.0809047
0.0321471
0.0712486
0.0510005
0.041219
0.041219
0.0510005
0.0171377
0.0611418
2.12368e-33
2.12368e-33
1.00941e-33
0.00313591
0.00313591
1.00941e-33
0.00671187
0.0111276
0.00671187
0.0111276
0.02317
0.0165896
0.02317
0.0165896
0.0392493
0.0307846
0.0392493
0.0307846
0.0575258
0.0482772
0.0666097
0.0751339
0.0575258
0.0482772
0.0827182
0.0890137
0.0666097
0.0751339
0.0937343
0.0966553
0.0890137
0.0827182
0.0976466
0.0966553
0.0937343
0.0693797
0.00306907
0.0758075
0.00306907
0.080923
0.0844786
0.00654606
0.0863009
0.0863009
0.0222355
0.0293723
0.010796
0.0844786
0.0454985
0.080923
0.0160129
0.0758075
0.0693797
0.0222355
0.0619482
0.0538637
0.0293723
0.0372211
0.0372211
0.0454985
0.0160129
0.010796
0.0538637
0.00654606
0.0619482
2.04918e-33
2.04918e-33
9.72006e-34
0.00299746
9.72006e-34
0.00299746
0.0104463
0.00636342
0.00636342
0.0104463
0.015404
0.0212653
0.015404
0.0212653
0.0351495
0.0279149
0.0279149
0.0351495
0.0426813
0.0501811
0.0572971
0.0636815
0.0501811
0.0426813
0.0690195
0.0730372
0.0636815
0.0572971
0.0763806
0.0755355
0.0730372
0.0690195
0.0755355
0.00291953
0.0580794
0.0623974
0.0654112
0.00617399
0.0669598
0.0100767
0.0669598
0.0654112
0.0100767
0.0623974
0.0147733
0.0580794
0.052687
0.0465029
0.0202628
0.0398459
0.0264258
0.0330469
0.0264258
0.0202628
0.0330469
0.0147733
0.0398459
0.00617399
0.00291953
0.0465029
0.052687
1.95887e-33
1.95887e-33
9.27731e-34
0.00283749
0.00283749
9.27731e-34
0.00969273
0.00596979
0.00596979
0.00969273
0.0192366
0.014118
0.014118
0.0192366
0.030928
0.0249109
0.030928
0.0249109
0.0428538
0.0370104
0.0526099
0.0481505
0.0370104
0.0428538
0.0559887
0.058093
0.0526099
0.0481505
0.0588099
0.0559887
0.058093
0.0498312
0.0057606
0.0511301
0.00274996
0.0511301
0.0498312
0.00929308
0.0473102
0.013448
0.0181908
0.0233828
0.0437159
0.0392581
0.0341937
0.0181908
0.0288057
0.0233828
0.013448
0.0288057
0.00929308
0.0341937
0.0057606
0.0392581
0.0437159
0.00274996
0.0473102
1.85452e-33
1.85452e-33
8.7735e-34
0.00265905
0.00265905
8.7735e-34
0.00888316
0.00553895
0.00553895
0.00888316
0.0127614
0.0171336
0.0127614
0.0171336
0.0218485
0.0266942
0.0266942
0.0218485
0.0357387
0.031414
0.0394139
0.0422124
0.031414
0.0357387
0.0439664
0.0445615
0.0422124
0.0394139
0.0439664
0.00531411
0.0384244
0.037349
0.00846202
0.0352686
0.0323184
0.0120673
0.0286883
0.0246061
0.0160695
0.0203194
0.0160695
0.0203194
0.0120673
0.00846202
0.0246061
0.00531411
0.00256352
0.0286883
0.0323184
0.00256352
0.0352686
0.037349
0.0384244
1.73808e-33
1.73808e-33
8.21695e-34
0.00246536
0.00246536
8.21695e-34
0.00803468
0.00507927
0.00507927
0.00803468
0.0113649
0.0150061
0.0113649
0.0150061
0.018803
0.0225544
0.018803
0.0225544
0.0260343
0.0290171
0.0327458
0.0313075
0.0290171
0.0260343
0.0327458
0.0332384
0.0313075
0.0275495
0.0258547
0.00760061
0.023466
0.0106619
0.0205511
0.00760061
0.0173091
0.013948
0.013948
0.0106619
0.0173091
0.004843
0.0023635
0.0205511
0.023466
0.0023635
0.0258547
0.0284285
0.0275495
0.0284285
0.004843
1.61168e-33
1.61168e-33
0.00225974
7.61628e-34
0.00225974
7.61628e-34
0.00716432
0.00459923
0.00459923
0.00716432
0.0129022
0.00995837
0.0129022
0.00995837
0.0158455
0.0186072
0.0158455
0.0186072
0.0228472
0.0209996
0.0244148
0.0240167
0.0209996
0.0240167
0.0228472
0.00672563
0.0167335
0.00926094
0.0144202
0.0118731
0.00926094
0.0118731
0.00672563
0.0144202
0.00435567
0.0021532
0.0167335
0.0186457
0.0021532
0.0200106
0.0200106
0.0207213
0.00435567
0.0207213
0.0186457
1.47746e-33
1.47746e-33
6.98008e-34
0.00204547
0.00204547
6.98008e-34
0.00628843
0.00410708
0.00410708
0.00628843
0.0108664
0.0085703
0.0085703
0.0108664
0.0130404
0.0149387
0.0149387
0.0130404
0.0164178
0.0173554
0.0176785
0.0173554
0.0164178
0.00789161
0.00789161
0.00585284
0.00988659
0.00386014
0.00193582
0.011712
0.0132314
0.00193582
0.00988659
0.011712
0.0143223
0.0148923
0.0148923
0.00386014
0.0143223
0.0132314
0.00585284
1.33756e-33
1.33756e-33
6.31657e-34
0.00182563
0.00182563
6.31657e-34
0.00542202
0.00361052
0.00542202
0.00361052
0.00893772
0.00722611
0.00893772
0.00722611
0.0116174
0.0104414
0.0104414
0.0116174
0.0123689
0.0126256
0.0123689
0.00336375
0.00171435
0.00802362
0.00923195
0.00171435
0.0101027
0.00499632
0.010559
0.010559
0.00802362
0.00336375
0.0101027
0.00923195
0.00499632
0.00657742
0.00657742
1.19401e-33
1.19401e-33
5.6333e-34
0.00160307
0.00160307
5.6333e-34
0.0031164
0.00457808
0.0031164
0.00457808
0.00714687
0.00594706
0.00714687
0.00594706
0.00868929
0.00808863
0.00808863
0.00889729
0.00868929
0.00631029
0.00701184
0.0014914
0.0014914
0.00737975
0.00737975
0.0028728
0.00701184
0.00631029
0.00533707
0.00416779
0.00416779
0.00533707
0.0028728
1.04864e-33
1.04864e-33
4.93685e-34
0.00138017
4.93685e-34
0.00138017
0.0026304
0.00376694
0.0026304
0.00376694
0.00551469
0.00474899
0.00551469
0.00474899
0.006172
0.00600457
0.00600457
0.00126915
0.00506422
0.00506422
0.00476154
0.00239229
0.00418326
0.00337603
0.00337603
0.00239229
0.00126915
0.00418326
0.00476154
9.03024e-34
9.03024e-34
4.23265e-34
0.00115888
0.00115888
4.23265e-34
0.00299567
0.00215676
0.00215676
0.00299567
0.00364109
0.00404971
0.00364109
0.00404971
0.0041909
0.00312141
0.00192569
0.00262624
0.00192569
0.00104923
0.00262624
0.00312141
0.00104923
0.00337894
0.00337894
7.58412e-34
7.58412e-34
3.5248e-34
0.000940517
0.000940517
3.5248e-34
0.00226751
0.00169809
0.00169809
0.00226751
0.00262475
0.00262475
0.00274606
0.00147474
0.00147474
0.000832699
0.00191957
0.00214864
0.000832699
0.00214864
0.00191957
6.15683e-34
6.15683e-34
2.81607e-34
0.000725839
2.81607e-34
0.000725839
0.00125518
0.00158141
0.00125518
0.00158141
0.00169248
0.00125264
0.000619969
0.00125264
0.00103929
0.000619969
0.00103929
4.75319e-34
4.75319e-34
0.000514959
2.10798e-34
0.000514959
2.10798e-34
0.000826891
0.000826891
0.000931611
0.000410859
0.000617248
0.000410859
0.000617248
3.37397e-34
3.37397e-34
1.40105e-34
0.000307408
0.000307408
1.40105e-34
0.000410146
0.000204621
0.000204621
2.01609e-34
2.01609e-34
6.95155e-35
6.95155e-35
0.000102195
2.06087e-37
6.73055e-35
6.73055e-35
