2.13986e-37
6.9254e-35
6.9254e-35
7.15343e-35
2.07421e-34
0.000105165
0.000210558
7.15343e-35
2.07421e-34
0.000210558
1.44206e-34
0.000422769
3.47075e-34
0.000316315
0.000422117
0.000635081
0.000635081
0.000316315
0.000422769
3.47075e-34
1.44206e-34
2.17011e-34
0.00063788
4.88878e-34
0.000529808
0.00106908
0.00128835
0.000850823
0.000958375
2.17011e-34
0.00063788
0.000850823
0.00128835
0.00106908
0.000529808
4.88878e-34
2.89957e-34
0.000746654
0.000856637
6.3314e-34
0.00129102
0.00151656
0.00197324
0.00162607
0.00220826
0.00174048
0.00220826
0.00162607
0.000746654
6.3314e-34
0.000856637
2.89957e-34
0.00151656
0.00129102
0.00197324
3.62985e-34
7.79776e-34
0.000967325
0.00107922
0.00174579
0.0019796
0.00269796
0.00233017
0.00107922
7.79776e-34
0.000967325
3.62985e-34
0.00346858
0.00282065
0.00320509
0.00269681
0.00269681
0.00269796
0.00320509
0.00174579
0.00346858
0.00233017
0.0019796
4.35933e-34
0.00130517
9.28292e-34
0.00119169
0.00221629
0.00245832
0.00346587
0.00307641
0.00415439
0.00373721
0.00429111
0.00488137
9.28292e-34
0.00130517
0.00119169
4.35933e-34
0.00221629
0.00346587
0.00245832
0.00307641
0.00429929
0.00519005
0.00415439
0.00519005
0.00429111
0.00488137
0.00373721
5.08509e-34
0.00153344
1.07778e-33
0.00141899
0.00270171
0.00295093
0.00427577
0.0038658
0.00646046
0.00564963
0.00486916
0.00546919
0.00614937
0.00717411
0.00754805
0.00631898
5.08509e-34
0.00153344
1.07778e-33
0.00141899
0.00270171
0.00295093
0.00427577
0.0038658
0.00717411
0.00646046
0.00546919
0.00754805
0.00486916
0.00614937
0.00564963
5.80285e-34
0.00176233
1.22698e-33
0.00164785
0.00319941
0.00345392
0.00512237
0.00469506
0.0067338
0.0082042
0.0073122
0.00609123
0.00826992
0.00943084
0.0103138
0.00887889
0.00164785
5.80285e-34
0.00176233
1.22698e-33
0.009091
0.0107762
0.0107762
0.00887889
0.00345392
0.00512237
0.00319941
0.00469506
0.0073122
0.00943084
0.0103138
0.0067338
0.00609123
0.00826992
0.0082042
6.50699e-34
0.00198963
1.37426e-33
0.00187629
0.00555699
0.00370509
0.00396216
0.00599678
0.0080721
0.0100975
0.00913345
0.00739414
0.0106592
0.0119475
0.0134854
0.0118499
0.0126117
0.0145887
0.0151649
0.0128703
1.37426e-33
0.00187629
6.50699e-34
0.00198963
0.00599678
0.00396216
0.00555699
0.00370509
0.0151649
0.0145887
0.0126117
0.0118499
0.00913345
0.00739414
0.0080721
0.0100975
0.0119475
0.0134854
0.0106592
7.19071e-34
0.00221264
1.51775e-33
0.00210186
0.00421298
0.00688711
0.00644115
0.00446925
0.00210186
0.00221264
1.51775e-33
7.19071e-34
0.00946522
0.0121141
0.0110924
0.00876192
0.0132945
0.0170304
0.0152141
0.0146922
0.0176557
0.0189615
0.0203389
0.0167099
0.0210559
0.0179833
0.0176557
0.0210559
0.00446925
0.00688711
0.00644115
0.00421298
0.0121141
0.00946522
0.0110924
0.00876192
0.0203389
0.0189615
0.0146922
0.0167099
0.0170304
0.0132945
0.0152141
7.8462e-34
0.00242834
1.6554e-33
0.00232168
0.00471613
0.00496773
0.00777911
0.00733436
0.00232168
0.00242834
1.6554e-33
7.8462e-34
0.0108894
0.0142185
0.013158
0.0101731
0.00496773
0.00733436
0.00777911
0.00471613
0.0161356
0.0176172
0.0189254
0.0208905
0.0232034
0.0238309
0.0262388
0.0213408
0.0288319
0.0247838
0.0279464
0.0243838
0.0243838
0.0288319
0.0279464
0.0232034
0.0101731
0.0142185
0.0108894
0.013158
0.0262388
0.0189254
0.0208905
0.0176172
0.0161356
0.0213408
0.0238309
8.46498e-34
0.00253256
0.00263345
1.785e-33
0.00520673
0.00544944
0.00865683
0.00822143
0.0123173
0.0163687
0.015291
0.0116021
0.00253256
0.00263345
1.785e-33
8.46498e-34
0.00865683
0.00544944
0.00822143
0.00520673
0.0191284
0.0206627
0.0249875
0.0229149
0.0123173
0.015291
0.0116021
0.0163687
0.0264242
0.0291019
0.032758
0.029429
0.031737
0.0331837
0.0357279
0.0378214
0.0389035
0.0331837
0.0336811
0.0389035
0.031737
0.0357279
0.0378214
0.029429
0.0206627
0.0291019
0.0229149
0.0191284
0.032758
0.0264242
0.0249875
9.03819e-34
1.90437e-33
0.00273118
0.00282458
0.00567638
0.00590582
0.00950326
0.00908581
0.0137192
0.0185175
0.0174468
0.0130201
0.00273118
0.00282458
1.90437e-33
9.03819e-34
0.0222082
0.0237602
0.0292278
0.0270961
0.00950326
0.00590582
0.00908581
0.00567638
0.0174468
0.0185175
0.0137192
0.0130201
0.034655
0.0318519
0.0397523
0.0362058
0.0237602
0.0222082
0.0270961
0.0292278
0.0427193
0.0399053
0.0478514
0.044237
0.0444849
0.0503861
0.0450818
0.0516918
0.0516918
0.0427193
0.0444849
0.0503861
0.0399053
0.0362058
0.0318519
0.044237
0.034655
0.0397523
0.0478514
9.55696e-34
0.00299838
2.01134e-33
0.00291413
0.00611648
0.00632825
0.0103011
0.00991023
0.0150645
0.0206154
0.014397
0.0195766
0.0253034
0.0268355
0.033508
0.0313699
0.00291413
0.00299838
2.01134e-33
9.55696e-34
0.00632825
0.0103011
0.00991023
0.00611648
0.0470504
0.0403534
0.0374949
0.0433749
0.0206154
0.0150645
0.0195766
0.014397
0.0313699
0.0253034
0.0268355
0.033508
0.0586886
0.0531853
0.0487029
0.0532686
0.0374949
0.0470504
0.0403534
0.0433749
0.058696
0.0565829
0.0660554
0.0630276
0.0676111
0.0594181
0.058696
0.0676111
0.0531853
0.0586886
0.0532686
0.0565829
0.0660554
0.0630276
0.0487029
1.00127e-33
0.00315164
2.10391e-33
0.00307812
0.00651852
0.00670839
0.0110333
0.0106774
0.0163223
0.0157018
0.0226121
0.0216303
0.0283384
0.0298124
0.0377192
0.0356295
1.00127e-33
2.10391e-33
0.00307812
0.00315164
0.0507546
0.0432105
0.0460499
0.0544623
0.00651852
0.00670839
0.0110333
0.0106774
0.0226121
0.0163223
0.0216303
0.0157018
0.0625886
0.0700551
0.0643242
0.0579089
0.0356295
0.0377192
0.0283384
0.0298124
0.0432105
0.0460499
0.0507546
0.0544623
0.0765117
0.0816488
0.0696882
0.0737225
0.0700551
0.0625886
0.0579089
0.0643242
0.0770802
0.0762332
0.0870487
0.0852191
0.0765117
0.0870487
0.0816488
0.0852191
0.0737225
0.0762332
0.0696882
1.03976e-33
0.00328142
2.18027e-33
0.00322004
0.0068744
0.00703844
0.0116837
0.0113708
0.0169044
0.0174634
0.0244586
0.023558
0.0312369
0.032615
0.0417513
0.039765
0.00322004
0.00328142
2.18027e-33
1.03976e-33
0.0581492
0.0488486
0.051593
0.0617889
0.0068744
0.0113708
0.0116837
0.00703844
0.0816441
0.0758417
0.071945
0.0672786
0.0174634
0.0244586
0.023558
0.0169044
0.039765
0.0417513
0.032615
0.0312369
0.0904769
0.0980606
0.0897798
0.0834597
0.0617889
0.0488486
0.051593
0.0581492
0.0816441
0.071945
0.0672786
0.0758417
0.0974512
0.0945205
0.104064
0.10822
0.0897798
0.0834597
0.0980606
0.0904769
0.110346
0.098448
0.0974512
0.0945205
0.10822
0.104064
0.110346
1.07048e-33
0.00338515
2.23889e-33
0.00333715
0.00717672
0.00731146
0.0122377
0.0119748
0.00333715
0.00338515
2.23889e-33
1.07048e-33
0.0179763
0.0184603
0.0261086
0.0253119
0.0339242
0.0351708
0.0454973
0.0436672
0.0688291
0.0653576
0.0542579
0.0568328
0.0119748
0.00717672
0.0122377
0.00731146
0.0810788
0.0874216
0.0931331
0.0765555
0.0179763
0.0261086
0.0253119
0.0184603
0.106432
0.104535
0.114837
0.0975203
0.0454973
0.0351708
0.0436672
0.0339242
0.0688291
0.0568328
0.0542579
0.0653576
0.119281
0.123629
0.130557
0.113793
0.0931331
0.0810788
0.0765555
0.0874216
0.114837
0.106432
0.0975203
0.104535
0.122676
0.123819
0.13778
0.135339
0.119281
0.113793
0.123629
0.130557
0.13778
0.122676
0.135339
1.09284e-33
0.00346073
2.2786e-33
0.00342709
0.00741905
0.0075216
0.0126825
0.0124757
0.0188917
0.019289
0.0275204
0.0268478
0.00342709
0.00346073
2.2786e-33
1.09284e-33
0.0124757
0.0126825
0.00741905
0.0075216
0.0363306
0.0374129
0.0488567
0.0472321
0.0616261
0.0753878
0.072181
0.059291
0.089734
0.0987388
0.104198
0.0854808
0.0188917
0.0268478
0.0275204
0.019289
0.118287
0.1315
0.123213
0.111475
0.0363306
0.0472321
0.0374129
0.0488567
0.14336
0.15343
0.133511
0.141967
0.072181
0.0753878
0.0616261
0.059291
0.089734
0.0987388
0.0854808
0.104198
0.152132
0.161333
0.166773
0.14826
0.123213
0.118287
0.1315
0.111475
0.133511
0.15343
0.141967
0.14336
0.153444
0.14826
0.169546
0.169546
0.152132
0.161333
0.166773
1.10644e-33
0.00350663
2.29856e-33
0.00348803
0.00759615
0.00766427
0.0130079
0.012862
0.0196282
0.019929
0.0286581
0.0281267
0.0383928
0.0503637
0.0392823
0.051739
0.00348803
0.00350663
2.29856e-33
1.10644e-33
0.00766427
0.012862
0.0130079
0.00759615
0.0281267
0.0286581
0.019929
0.0196282
0.0658412
0.0812821
0.0784295
0.0638102
0.109472
0.114523
0.0938035
0.0976666
0.147572
0.13964
0.131339
0.124924
0.0503637
0.0383928
0.051739
0.0392823
0.153112
0.162689
0.176179
0.164861
0.0638102
0.0658412
0.0784295
0.0812821
0.174475
0.1965
0.181598
0.187581
0.114523
0.0976666
0.109472
0.0938035
0.147572
0.131339
0.13964
0.124924
0.205743
0.185984
0.202625
0.187458
0.153112
0.162689
0.164861
0.176179
0.181598
0.174475
0.205743
0.202625
0.187581
0.185984
0.1965
1.11102e-33
0.00352189
2.29837e-33
0.00351872
0.00770414
0.00773634
0.0132063
0.0131246
0.0201678
0.0203648
0.0294922
0.0291158
0.00351872
0.00352189
2.29837e-33
1.11102e-33
0.0400564
0.0540662
0.0529774
0.0407296
0.0693619
0.0863473
0.0839287
0.067691
0.0131246
0.0132063
0.00773634
0.00770414
0.0291158
0.0294922
0.0203648
0.0201678
0.0400564
0.0407296
0.0529774
0.0540662
0.119317
0.101288
0.123815
0.104652
0.162587
0.15524
0.143315
0.137483
0.172027
0.181053
0.198143
0.1873
0.0839287
0.067691
0.0693619
0.0863473
0.213318
0.211368
0.226095
0.200564
0.101288
0.119317
0.123815
0.104652
0.224264
0.23606
0.24289
0.219363
0.15524
0.162587
0.143315
0.137483
0.198143
0.181053
0.1873
0.172027
0.246361
0.225922
0.224264
0.246361
0.213318
0.200564
0.24289
0.226095
0.211368
0.219363
0.23606
1.10648e-33
0.00350619
2.27803e-33
0.00351852
0.00774064
0.00773621
0.0132728
0.0132574
0.020497
0.0205853
0.0300015
0.0297898
0.0412773
0.0417163
0.0557751
0.0550024
0.00351852
0.00350619
2.27803e-33
1.10648e-33
0.00773621
0.0132574
0.0132728
0.00774064
0.0720911
0.0904417
0.0885247
0.0708263
0.110493
0.131808
0.12799
0.107724
0.0205853
0.020497
0.0297898
0.0300015
0.0550024
0.0412773
0.0557751
0.0417163
0.0720911
0.0708263
0.0904417
0.0885247
0.169561
0.17611
0.153872
0.14879
0.189705
0.197918
0.218678
0.208628
0.237789
0.22576
0.254687
0.24057
0.107724
0.12799
0.110493
0.131808
0.279897
0.268866
0.261479
0.252606
0.14879
0.153872
0.17611
0.169561
0.266924
0.287444
0.291277
0.268753
0.218678
0.208628
0.189705
0.197918
0.22576
0.237789
0.24057
0.254687
0.266924
0.261479
0.291277
0.287444
0.252606
0.268866
0.279897
1.09292e-33
0.00345986
2.23796e-33
0.00348744
0.00770482
0.00766389
0.0132061
0.0132573
0.0301311
0.0206079
0.0205852
0.0301727
0.00348744
0.00345986
2.23796e-33
1.09292e-33
0.0420231
0.0422163
0.0568193
0.0563837
0.0739535
0.0934509
0.092089
0.0731298
0.00766389
0.0132573
0.0132061
0.00770482
0.0301311
0.0301727
0.0206079
0.0205852
0.115025
0.138273
0.135245
0.112928
0.162704
0.182188
0.158519
0.18775
0.0563837
0.0568193
0.0422163
0.0420231
0.092089
0.0731298
0.0739535
0.0934509
0.138273
0.115025
0.112928
0.135245
0.205632
0.22822
0.237183
0.212792
0.249324
0.260275
0.281435
0.268342
0.298006
0.315671
0.284732
0.300075
0.158519
0.182188
0.18775
0.162704
0.307784
0.313763
0.327777
0.336047
0.205632
0.237183
0.22822
0.212792
0.340243
0.340243
0.315782
0.313763
0.260275
0.281435
0.249324
0.268342
0.336047
0.327777
0.300075
0.284732
0.315671
0.307784
0.298006
1.07059e-33
0.00338386
2.179e-33
0.00342612
0.00759749
0.00752098
0.0130076
0.0131242
0.0300014
0.030131
0.0204975
0.0203645
0.0422739
0.0422163
0.0571706
0.0570838
0.00342612
0.00338386
2.179e-33
1.07059e-33
0.00752098
0.0131242
0.0130076
0.00759749
0.0748978
0.0952907
0.0945221
0.0745378
0.118119
0.143027
0.140875
0.116754
0.030131
0.0300014
0.0203645
0.0204975
0.0570838
0.0422739
0.0571706
0.0422163
0.16956
0.19717
0.166391
0.192756
0.219344
0.245503
0.253118
0.225243
0.0748978
0.0745378
0.0952907
0.0945221
0.116754
0.140875
0.143027
0.118119
0.166391
0.192756
0.19717
0.16956
0.270564
0.293867
0.280115
0.305548
0.314792
0.349149
0.328764
0.33276
0.366161
0.347289
0.379341
0.357961
0.219344
0.245503
0.225243
0.253118
0.392892
0.364492
0.366684
0.388333
0.270564
0.280115
0.305548
0.293867
0.364492
0.392892
0.388333
0.357961
0.33276
0.328764
0.314792
0.349149
0.366161
0.347289
0.379341
1.03993e-33
0.00327977
2.10233e-33
0.00333583
0.00742101
0.00731062
0.012682
0.0128613
0.0199287
0.029492
0.0297896
0.0201686
0.00333583
0.00327977
2.10233e-33
1.03993e-33
0.0420232
0.0417162
0.0568193
0.0570838
0.0748978
0.0959097
0.0750114
0.0957558
0.00731062
0.0128613
0.012682
0.00742101
0.0297896
0.029492
0.0201686
0.0199287
0.119688
0.145935
0.144719
0.119094
0.20096
0.174243
0.204099
0.17218
0.0417162
0.0420232
0.0568193
0.0570838
0.0750114
0.0957558
0.0959097
0.0748978
0.230442
0.23491
0.259974
0.266019
0.288857
0.296728
0.326319
0.316392
0.119688
0.145935
0.119094
0.144719
0.204099
0.174243
0.17218
0.20096
0.266019
0.230442
0.259974
0.23491
0.341896
0.364713
0.354084
0.379339
0.41987
0.401455
0.400029
0.384265
0.418667
0.434114
0.44382
0.411603
0.288857
0.326319
0.296728
0.316392
0.418667
0.448737
0.421049
0.448737
0.379339
0.364713
0.341896
0.354084
0.411603
0.41987
0.401455
0.434114
0.44382
0.384265
0.400029
1.00149e-33
0.00314967
2.00951e-33
0.00321842
0.00717924
0.0124748
0.0070374
0.012237
0.0192885
0.0286578
0.0291155
0.0196294
0.00321842
0.00314967
2.00951e-33
1.00149e-33
0.0412776
0.0407294
0.055775
0.0563837
0.0070374
0.0124748
0.012237
0.00717924
0.0739535
0.0745377
0.0952907
0.0957559
0.119688
0.146914
0.146669
0.119881
0.0196294
0.0291155
0.0286578
0.0192885
0.0407294
0.0563837
0.0412776
0.055775
0.206565
0.176618
0.208337
0.175721
0.241515
0.238607
0.27551
0.271211
0.0745377
0.0952907
0.0957559
0.0739535
0.146669
0.146914
0.119688
0.119881
0.303668
0.343139
0.335257
0.30963
0.405351
0.365245
0.375292
0.392918
0.208337
0.176618
0.175721
0.206565
0.238607
0.271211
0.27551
0.241515
0.303668
0.30963
0.335257
0.343139
0.438715
0.417614
0.432612
0.456426
0.476218
0.491505
0.468159
0.45571
0.507179
0.478314
0.501911
0.475763
0.392918
0.375292
0.365245
0.405351
0.507179
0.475763
0.501911
0.468159
0.491505
0.438715
0.476218
0.417614
0.45571
0.432612
0.456426
9.55976e-34
0.00299616
1.90232e-33
0.00307623
0.00307623
0.00299616
1.90232e-33
9.55976e-34
0.0068774
0.0116829
0.0119737
0.00670718
0.0184597
0.0275201
0.0281262
0.0188933
0.0400569
0.0392821
0.0540661
0.0550023
0.0119737
0.0116829
0.0068774
0.00670718
0.0731296
0.0720911
0.093451
0.0945222
0.0281262
0.0275201
0.0184597
0.0188933
0.118119
0.145935
0.14667
0.119093
0.176618
0.209764
0.209408
0.176913
0.0392821
0.0550023
0.0400569
0.0540661
0.0720911
0.093451
0.0731296
0.0945222
0.243602
0.244865
0.281317
0.278888
0.314566
0.318445
0.349908
0.355515
0.145935
0.118119
0.119093
0.14667
0.176618
0.176913
0.209408
0.209764
0.384154
0.391764
0.426417
0.416544
0.446348
0.487928
0.458713
0.472871
0.243602
0.278888
0.244865
0.281317
0.314566
0.355515
0.318445
0.349908
0.384154
0.426417
0.416544
0.391764
0.534525
0.513681
0.495498
0.513395
0.56191
0.550824
0.526999
0.535113
0.535113
0.537846
0.567519
0.567519
0.446348
0.472871
0.487928
0.458713
0.56191
0.513681
0.526999
0.550824
0.513395
0.534525
0.495498
9.04173e-34
0.00282217
1.7828e-33
0.00291204
0.00652192
0.00632691
0.0110324
0.0113695
0.00291204
0.00282217
1.7828e-33
9.04173e-34
0.0113695
0.0110324
0.00652192
0.00632691
0.0174627
0.0261082
0.0268472
0.0179782
0.0383934
0.0374127
0.051739
0.0529773
0.0708261
0.0693619
0.0904419
0.0920892
0.0179782
0.0174627
0.0268472
0.0261082
0.115025
0.143028
0.14472
0.116754
0.0529773
0.051739
0.0383934
0.0374127
0.174243
0.208338
0.209408
0.175721
0.245283
0.283272
0.282783
0.244865
0.0708261
0.0904419
0.0693619
0.0920892
0.143028
0.14472
0.115025
0.116754
0.322917
0.363088
0.321233
0.359919
0.398068
0.40302
0.44192
0.434896
0.208338
0.175721
0.209408
0.174243
0.244865
0.282783
0.245283
0.283272
0.469622
0.478989
0.513444
0.501485
0.553878
0.5716
0.529787
0.544542
0.359919
0.321233
0.322917
0.363088
0.40302
0.398068
0.44192
0.434896
0.469622
0.513444
0.501485
0.478989
0.611292
0.594018
0.573224
0.587365
0.598881
0.59599
0.623031
0.628968
0.59599
0.628968
0.587365
0.623031
0.529787
0.573224
0.5716
0.544542
0.594018
0.611292
0.553878
8.46939e-34
0.00272895
0.00263092
1.65309e-33
0.00612017
0.00590439
0.0103001
0.010676
0.0163216
0.0244581
0.0253112
0.0169066
0.00272895
0.00263092
1.65309e-33
8.46939e-34
0.00590439
0.010676
0.0103001
0.00612017
0.0253112
0.0244581
0.0163216
0.0169066
0.0363313
0.0351705
0.0488567
0.0503636
0.0676906
0.0658412
0.0863475
0.088525
0.112927
0.110494
0.138274
0.140875
0.0351705
0.0503636
0.0363313
0.0488567
0.169561
0.204099
0.206565
0.172179
0.0676906
0.0863475
0.088525
0.0658412
0.282783
0.243601
0.241515
0.281317
0.365637
0.323477
0.322917
0.364999
0.110494
0.112927
0.140875
0.138274
0.172179
0.206565
0.204099
0.169561
0.406582
0.451407
0.447437
0.408731
0.48675
0.532223
0.492845
0.523715
0.282783
0.243601
0.241515
0.281317
0.365637
0.322917
0.364999
0.323477
0.601634
0.587557
0.56874
0.557561
0.63021
0.613065
0.63351
0.653855
0.406582
0.451407
0.447437
0.408731
0.48675
0.532223
0.492845
0.523715
0.587557
0.557561
0.601634
0.56874
0.648455
0.684418
0.657551
0.672057
0.690668
0.690668
0.660612
0.657551
0.648455
0.653855
0.672057
0.684418
0.63021
0.63351
0.613065
7.85163e-34
1.51541e-33
0.00253027
0.00242578
0.00568024
0.00544797
0.00950223
0.00990872
0.0150637
0.0226116
0.0235572
0.0157042
0.00253027
0.00242578
1.51541e-33
7.85163e-34
0.033925
0.0326147
0.0454972
0.047232
0.00544797
0.00990872
0.00950223
0.00568024
0.0157042
0.0150637
0.0235572
0.0226116
0.0326147
0.047232
0.0454972
0.033925
0.0638098
0.0616262
0.0812824
0.083929
0.104653
0.131808
0.135245
0.107723
0.162705
0.19717
0.200961
0.166389
0.0638098
0.083929
0.0812824
0.0616262
0.238606
0.275511
0.278888
0.234911
0.131808
0.135245
0.104653
0.107723
0.318445
0.363088
0.321232
0.364999
0.4546
0.409448
0.408731
0.453801
0.19717
0.162705
0.166389
0.200961
0.278888
0.238606
0.275511
0.234911
0.538906
0.497231
0.499876
0.543715
0.585277
0.613724
0.578003
0.62374
0.318445
0.363088
0.321232
0.364999
0.4546
0.408731
0.409448
0.453801
0.688337
0.672175
0.658329
0.645339
0.713139
0.693677
0.709368
0.732215
0.497231
0.543715
0.538906
0.499876
0.62374
0.613724
0.578003
0.585277
0.645339
0.672175
0.658329
0.688337
0.722131
0.718928
0.745163
0.751706
0.751706
0.718928
0.709368
0.732215
0.745163
0.713139
0.693677
7.19732e-34
0.00221012
1.37193e-33
0.00231939
0.00231939
0.00221012
1.37193e-33
7.19732e-34
0.00521064
0.00496626
0.00865578
0.00908425
0.0137184
0.0206149
0.0216295
0.0143995
0.0312377
0.0298121
0.0417512
0.0436671
0.00908425
0.00865578
0.00521064
0.00496626
0.0592906
0.0568329
0.0753881
0.0784299
0.0216295
0.0137184
0.0206149
0.0143995
0.0417512
0.0298121
0.0436671
0.0312377
0.0592906
0.0784299
0.0753881
0.0568329
0.101287
0.097667
0.123816
0.127991
0.153872
0.18775
0.192757
0.158517
0.23044
0.271212
0.225244
0.26602
0.123816
0.127991
0.097667
0.101287
0.30963
0.35992
0.314564
0.355515
0.153872
0.158517
0.192757
0.18775
0.451407
0.453801
0.406581
0.40302
0.546615
0.500759
0.547584
0.499876
0.271212
0.23044
0.225244
0.26602
0.35992
0.314564
0.30963
0.355515
0.593668
0.637268
0.631607
0.590513
0.677547
0.702218
0.713718
0.669095
0.40302
0.406581
0.453801
0.451407
0.547584
0.499876
0.500759
0.546615
0.770939
0.745059
0.752789
0.730313
0.769196
0.779171
0.804323
0.79083
0.590513
0.593668
0.631607
0.637268
0.669095
0.677547
0.713718
0.702218
0.745059
0.770939
0.730313
0.752789
0.782527
0.811141
0.811141
0.779171
0.79083
0.804323
0.769196
6.51497e-34
0.00198722
1.22472e-33
0.00209964
6.51497e-34
0.00209964
0.00198722
1.22472e-33
0.00471998
0.00446783
0.00777809
0.00821988
0.00821988
0.00777809
0.00471998
0.00446783
0.0130227
0.0123165
0.0185169
0.0195757
0.0283393
0.0268352
0.0377191
0.0397649
0.0542573
0.0515931
0.0688294
0.0721815
0.0195757
0.0185169
0.0123165
0.0130227
0.0938018
0.0897344
0.114524
0.119317
0.0268352
0.0397649
0.0377191
0.0283393
0.0542573
0.0721815
0.0688294
0.0515931
0.0897344
0.0938018
0.119317
0.114524
0.143316
0.176111
0.182189
0.148787
0.219341
0.253119
0.212793
0.259975
0.349909
0.303666
0.296729
0.343139
0.143316
0.176111
0.182189
0.148787
0.447438
0.391765
0.398066
0.441921
0.212793
0.259975
0.253119
0.219341
0.543716
0.546615
0.492845
0.49723
0.593669
0.640681
0.641822
0.594724
0.349909
0.343139
0.296729
0.303666
0.398066
0.447438
0.391765
0.441921
0.729251
0.683633
0.6873
0.72275
0.766876
0.799443
0.786528
0.757281
0.543716
0.49723
0.492845
0.546615
0.594724
0.640681
0.593669
0.641822
0.809922
0.826973
0.846954
0.826314
0.837353
0.840829
0.860949
0.868018
0.6873
0.683633
0.72275
0.729251
0.799443
0.757281
0.786528
0.766876
0.868018
0.809922
0.860949
0.837353
0.826973
0.846954
0.826314
0.00187422
0.00176012
1.07565e-33
5.81235e-34
5.81235e-34
0.00176012
1.07565e-33
0.00187422
0.00421665
0.00396083
0.00688613
0.00733285
0.00421665
0.00396083
0.00733285
0.00688613
0.0108886
0.0163681
0.0174459
0.0116046
0.0174459
0.0163681
0.0108886
0.0116046
0.0253043
0.0237599
0.0335079
0.0356294
0.0488481
0.04605
0.0617892
0.0653581
0.085479
0.0810792
0.104199
0.109473
0.0335079
0.0237599
0.0356294
0.0253043
0.13748
0.131339
0.162588
0.169562
0.04605
0.0488481
0.0653581
0.0617892
0.104199
0.085479
0.109473
0.0810792
0.13748
0.169562
0.162588
0.131339
0.245505
0.205629
0.197919
0.237184
0.335258
0.288854
0.32632
0.280115
0.434897
0.375292
0.426418
0.384151
0.245505
0.237184
0.205629
0.197919
0.538907
0.47899
0.532224
0.486748
0.335258
0.280115
0.288854
0.32632
0.585277
0.637268
0.590512
0.640681
0.73317
0.73448
0.688527
0.6873
0.434897
0.426418
0.375292
0.384151
0.47899
0.486748
0.538907
0.532224
0.777947
0.816889
0.809588
0.773785
0.850568
0.864116
0.878336
0.839901
0.590512
0.637268
0.640681
0.585277
0.6873
0.688527
0.73317
0.73448
0.881774
0.899653
0.914102
0.892502
0.892502
0.89611
0.921399
0.921399
0.809588
0.773785
0.816889
0.777947
0.850568
0.878336
0.864116
0.914102
0.899653
0.839901
0.881774
0.00164597
0.00153149
9.26319e-34
5.09629e-34
0.00643973
0.00599588
0.00370847
0.00345272
5.09629e-34
0.00153149
9.26319e-34
0.00164597
0.00370847
0.00345272
0.00599588
0.00643973
0.00946449
0.014218
0.0152903
0.0101755
0.014218
0.00946449
0.0101755
0.0152903
0.0222091
0.0206624
0.0292277
0.0313698
0.0206624
0.0313698
0.0292277
0.0222091
0.0432099
0.0403535
0.0544627
0.0581497
0.0765536
0.0719455
0.0931338
0.0987399
0.118288
0.147573
0.155241
0.124921
0.0403535
0.0432099
0.0581497
0.0544627
0.189702
0.181054
0.218679
0.228221
0.0719455
0.0931338
0.0765536
0.0987399
0.147573
0.124921
0.155241
0.118288
0.181054
0.228221
0.189702
0.218679
0.260276
0.270561
0.305549
0.316394
0.416545
0.354085
0.405352
0.365241
0.513444
0.458714
0.523716
0.469619
0.316394
0.305549
0.260276
0.270561
0.56874
0.631607
0.62374
0.578001
0.354085
0.365241
0.416545
0.405352
0.729251
0.677548
0.73317
0.683632
0.77934
0.822761
0.82129
0.777947
0.523716
0.513444
0.469619
0.458714
0.631607
0.578001
0.56874
0.62374
0.889504
0.858249
0.862875
0.897542
0.926107
0.914473
0.948027
0.932655
0.729251
0.683632
0.677548
0.73317
0.77934
0.822761
0.82129
0.777947
0.947421
0.962879
0.943717
0.970378
0.943717
0.962879
0.932655
0.970378
0.889504
0.862875
0.897542
0.858249
0.948027
0.926107
0.914473
0.00141737
0.00130353
7.77997e-34
4.37235e-34
0.00555571
0.00512157
0.0032024
0.0029499
4.37235e-34
0.00130353
7.77997e-34
0.00141737
0.0131572
0.0121136
0.00807144
0.00876411
0.0032024
0.0029499
0.00512157
0.00555571
0.00807144
0.0121136
0.0131572
0.00876411
0.0191292
0.0176169
0.0249874
0.027096
0.027096
0.0249874
0.0191292
0.0176169
0.0374943
0.0346551
0.0470507
0.0507551
0.0374943
0.0507551
0.0470507
0.0346551
0.0672768
0.0625891
0.0816447
0.0874226
0.111472
0.104536
0.131501
0.139641
0.172023
0.16269
0.198144
0.208629
0.0816447
0.0672768
0.0874226
0.0625891
0.293869
0.24932
0.281436
0.237791
0.104536
0.131501
0.139641
0.111472
0.16269
0.208629
0.198144
0.172023
0.293869
0.237791
0.24932
0.281436
0.37934
0.328765
0.39292
0.341892
0.487929
0.501487
0.432613
0.446345
0.613725
0.544543
0.601634
0.557558
0.328765
0.39292
0.37934
0.341892
0.65833
0.713718
0.722751
0.669093
0.432613
0.487929
0.501487
0.446345
0.766876
0.816889
0.773784
0.82129
0.864425
0.862876
0.902387
0.904008
0.557558
0.544543
0.613725
0.601634
0.722751
0.669093
0.713718
0.65833
0.9601
0.96879
0.939532
0.934486
0.990097
0.978763
0.991232
1.00644
0.773784
0.816889
0.766876
0.82129
0.904008
0.864425
0.862876
0.902387
0.993908
0.990097
1.01411
1.01411
0.9601
0.939532
0.978763
1.00644
0.934486
0.96879
0.991232
0.00119036
0.00107792
6.3157e-34
3.64476e-34
0.00469394
0.00427509
0.00270424
0.00245747
3.64476e-34
0.00107792
6.3157e-34
0.00119036
0.0110917
0.0100971
0.00673322
0.0073961
0.00270424
0.00245747
0.00427509
0.00469394
0.0229148
0.0208904
0.0161364
0.0146919
0.00673322
0.0100971
0.0110917
0.0073961
0.0161364
0.0146919
0.0208904
0.0229148
0.0318514
0.029102
0.0397526
0.0433754
0.0318514
0.0433754
0.0397526
0.029102
0.0579071
0.0532691
0.0700558
0.0758428
0.0532691
0.0579071
0.0758428
0.0700558
0.0904777
0.114838
0.123214
0.0975173
0.153108
0.143362
0.17618
0.187302
0.225756
0.268344
0.21332
0.254689
0.0904777
0.123214
0.114838
0.0975173
0.300077
0.364715
0.34915
0.314787
0.143362
0.17618
0.187302
0.153108
0.254689
0.21332
0.268344
0.225756
0.34915
0.300077
0.314787
0.364715
0.472873
0.401456
0.456428
0.417609
0.513396
0.587559
0.571601
0.529783
0.630211
0.688337
0.702219
0.645337
0.456428
0.472873
0.401456
0.417609
0.799444
0.74506
0.757279
0.809588
0.587559
0.529783
0.513396
0.571601
0.850568
0.897542
0.858248
0.902388
0.975779
0.941223
0.939532
0.974028
0.702219
0.630211
0.645337
0.688337
0.799444
0.757279
0.809588
0.74506
1.00021
1.01927
1.0285
1.00562
1.044
1.03086
1.03474
1.05182
0.902388
0.850568
0.897542
0.858248
0.941223
0.974028
0.939532
0.975779
1.00562
1.01927
1.0285
1.03086
1.05182
1.044
1.00021
0.000966302
0.000855691
4.87519e-34
2.91635e-34
0.00386487
0.00346532
0.00221832
0.00197895
2.91635e-34
0.000855691
4.87519e-34
0.000966302
0.00913284
0.00820382
0.00546871
0.00609292
0.00221832
0.00197895
0.00346532
0.00386487
0.0189253
0.0170303
0.0132953
0.0119473
0.00546871
0.00820382
0.00913284
0.00609292
0.0264238
0.0362062
0.0327582
0.023831
0.0132953
0.0119473
0.0170303
0.0189253
0.0264238
0.023831
0.0327582
0.0362062
0.0487012
0.0442374
0.0586892
0.0643252
0.0487012
0.0643252
0.0442374
0.0586892
0.0834567
0.0765125
0.0980616
0.106434
0.0980616
0.0765125
0.0834567
0.106434
0.133507
0.12363
0.153431
0.164863
0.240572
0.200559
0.187582
0.226096
0.315672
0.332763
0.268868
0.284727
0.12363
0.164863
0.153431
0.133507
0.366162
0.419871
0.438717
0.38426
0.226096
0.187582
0.240572
0.200559
0.315672
0.268868
0.332763
0.284727
0.366162
0.419871
0.38426
0.438717
0.55388
0.534526
0.47622
0.495494
0.594019
0.653856
0.672177
0.613061
0.770939
0.730311
0.786529
0.71314
0.55388
0.534526
0.47622
0.495494
0.8399
0.826315
0.889505
0.878336
0.653856
0.613061
0.594019
0.672177
0.96879
0.926108
0.934486
0.974028
1.03593
1.03407
1.00743
1.00562
0.71314
0.770939
0.730311
0.786529
0.878336
0.889505
0.8399
0.826315
1.06525
1.07491
1.05347
1.05917
1.0692
1.08285
1.08285
1.06525
0.934486
0.96879
0.974028
0.926108
1.03407
1.07491
1.00743
1.03593
1.05917
1.05347
1.00562
0.000745938
0.000637274
3.45909e-34
2.18861e-34
2.18861e-34
0.000637274
3.45909e-34
0.000745938
0.00307567
0.00269755
0.0017473
0.00151611
0.00731166
0.00646014
0.00429072
0.00487056
0.0017473
0.00151611
0.00269755
0.00307567
0.0094306
0.0152139
0.0134853
0.0106599
0.00429072
0.00646014
0.00731166
0.00487056
0.0213405
0.0294293
0.026239
0.0189615
0.0106599
0.0094306
0.0134853
0.0152139
0.0399037
0.0531862
0.047852
0.0357283
0.0213405
0.0189615
0.026239
0.0294293
0.0399037
0.0357283
0.047852
0.0531862
0.0696854
0.0630283
0.0816497
0.0897812
0.0696854
0.0897812
0.0816497
0.0630283
0.113789
0.104065
0.130558
0.141969
0.141969
0.104065
0.130558
0.113789
0.21137
0.174471
0.196501
0.161334
0.236061
0.252601
0.298008
0.279899
0.327779
0.400031
0.379343
0.347284
0.196501
0.161334
0.21137
0.174471
0.434115
0.513683
0.491506
0.455705
0.236061
0.279899
0.252601
0.298008
0.379343
0.327779
0.400031
0.347284
0.513683
0.434115
0.491506
0.455705
0.633511
0.550825
0.611293
0.57322
0.732216
0.672058
0.75279
0.693674
0.80992
0.790831
0.846955
0.864117
0.550825
0.611293
0.633511
0.57322
0.899653
0.960101
0.914472
0.948027
0.672058
0.75279
0.693674
0.732216
0.991232
1.0285
1.00021
1.03407
1.08268
1.05917
1.06108
1.08073
0.80992
0.864117
0.846955
0.790831
0.914472
0.948027
0.899653
0.960101
1.10663
1.09667
1.09268
1.09859
1.09859
1.08073
1.09268
1.10663
1.0285
1.00021
0.991232
1.03407
1.06108
1.08268
1.05917
1.46196e-34
0.000422454
2.06409e-34
0.000529368
0.000529368
0.000422454
2.06409e-34
1.46196e-34
0.00232962
0.00197295
0.00129204
0.0010688
0.00129204
0.0010688
0.00197295
0.00232962
0.00564917
0.00488109
0.00320478
0.00373833
0.0118497
0.0103136
0.00827062
0.00717389
0.00320478
0.00488109
0.00373833
0.00564917
0.0167098
0.0232037
0.020339
0.0145887
0.00827062
0.00717389
0.0103136
0.0118497
0.0317357
0.0427201
0.0279467
0.0378219
0.0167098
0.0145887
0.020339
0.0232037
0.0565804
0.0737238
0.0660562
0.0503867
0.0317357
0.0279467
0.0378219
0.0427201
0.0565804
0.0503867
0.0660562
0.0737238
0.0945169
0.08522
0.108221
0.119283
0.0945169
0.119283
0.08522
0.108221
0.13534
0.166775
0.148255
0.1816
0.13534
0.1816
0.166775
0.148255
0.242891
0.261482
0.202627
0.219357
0.287446
0.357963
0.307778
0.336049
0.388335
0.443821
0.468161
0.411598
0.242891
0.202627
0.261482
0.219357
0.501912
0.587367
0.561911
0.526994
0.336049
0.287446
0.307778
0.357963
0.468161
0.388335
0.443821
0.411598
0.561911
0.501912
0.587367
0.526994
0.684419
0.709369
0.623032
0.648451
0.804324
0.745164
0.826974
0.769192
0.881771
0.914103
0.932656
0.86095
0.623032
0.709369
0.648451
0.684419
0.978762
1.00644
0.96288
1.01927
0.769192
0.804324
0.826974
0.745164
1.05347
1.08073
1.044
1.07491
1.11463
1.09859
1.11262
1.10058
0.86095
0.881771
0.932656
0.914103
0.978762
1.01927
1.00644
0.96288
1.11262
1.11667
1.12272
1.12272
1.07491
1.11463
1.10058
1.08073
1.05347
1.044
1.09859
0.000316091
0.000210449
6.83385e-35
7.36097e-35
7.36097e-35
0.000210449
6.83385e-35
0.000316091
0.000851444
0.000634938
0.00128816
0.00162569
0.00162569
0.00128816
0.000851444
0.000634938
0.00415398
0.00346833
0.00220803
0.0026977
0.00220803
0.0026977
0.00346833
0.00415398
0.00887866
0.00754788
0.00615007
0.00518983
0.0126118
0.0176559
0.0151649
0.0107761
0.00615007
0.00518983
0.00754788
0.00887866
0.0243829
0.0331844
0.0288323
0.021056
0.0126118
0.0107761
0.0151649
0.0176559
0.0444829
0.0586972
0.0516924
0.038904
0.0243829
0.021056
0.0288323
0.0331844
0.0762299
0.0974528
0.0870497
0.0676119
0.0444829
0.038904
0.0516924
0.0586972
0.0974528
0.0762299
0.0676119
0.0870497
0.110347
0.137781
0.152134
0.122671
0.122671
0.152134
0.110347
0.137781
0.224267
0.169547
0.185978
0.205744
0.224267
0.169547
0.205744
0.185978
0.246363
0.291278
0.313766
0.266918
0.340244
0.392893
0.41867
0.364486
0.50718
0.535115
0.448738
0.475758
0.291278
0.246363
0.313766
0.266918
0.56752
0.657553
0.628969
0.595986
0.41867
0.392893
0.340244
0.364486
0.448738
0.535115
0.475758
0.50718
0.56752
0.657553
0.628969
0.595986
0.718924
0.690669
0.751707
0.779173
0.83735
0.811142
0.892503
0.868019
0.990098
0.921399
0.943715
0.970379
0.751707
0.779173
0.690669
0.718924
1.06525
1.05182
1.03085
1.01411
0.811142
0.868019
0.83735
0.892503
1.08285
1.09268
1.11262
1.10663
1.12881
1.12475
1.12272
1.13084
0.970379
0.921399
0.943715
0.990098
1.01411
1.03085
1.06525
1.05182
1.12272
1.11262
1.12475
1.13084
1.08285
1.10663
1.09268
1.29512e-36
0.000105068
0.000105068
1.29512e-36
0.000958105
0.000422459
0.000422459
0.000958105
0.00282027
0.00174119
0.00174119
0.00282027
0.00430005
0.00631868
0.00430005
0.00631868
0.00909136
0.0128703
0.0179828
0.0247842
0.00909136
0.0128703
0.0336796
0.0450827
0.0247842
0.0179828
0.0594153
0.0770817
0.0450827
0.0336796
0.0984441
0.123821
0.0594153
0.0770817
0.0984441
0.123821
0.153439
0.187461
0.153439
0.187461
0.225917
0.268756
0.268756
0.225917
0.315776
0.366687
0.421043
0.478316
0.598883
0.537841
0.366687
0.315776
0.722132
0.660608
0.478316
0.421043
0.537841
0.598883
0.722132
0.660608
0.782524
0.84083
0.947422
0.896107
1.03474
0.993906
0.782524
0.84083
1.09667
1.0692
0.947422
0.896107
1.12881
1.11667
1.13289
1.12881
0.993906
1.03474
1.0692
1.11667
1.09667
0.110347
0.246363
0.205744
0.000210449
0.137781
0.169547
0.137781
0.169547
0.110347
0.00346833
0.00518983
0.0870497
0.205744
0.0107761
0.0676119
0.0516924
0.246363
0.038904
0.0288323
0.291278
0.021056
0.0151649
0.340244
0.00754788
0.392893
0.448738
0.00220803
0.00128816
0.50718
0.000634938
0.56752
0.628969
0.000210449
0.291278
0.340244
0.690669
0.751707
0.448738
0.811142
0.000634938
0.868019
0.921399
0.00128816
0.970379
1.01411
0.00220803
1.05182
1.08285
0.00346833
0.921399
1.10663
0.970379
1.12272
0.00518983
1.13084
1.13084
0.00754788
1.12272
1.10663
0.0107761
1.08285
1.05182
0.0151649
1.01411
0.021056
0.868019
0.0288323
0.811142
0.751707
0.038904
0.690669
0.628969
0.0516924
0.56752
0.50718
0.0676119
0.392893
0.0870497
6.83385e-35
6.83385e-35
7.36097e-35
0.000316091
0.000316091
7.36097e-35
0.00162569
0.000851444
0.000851444
0.00162569
0.0026977
0.00415398
0.0026977
0.00415398
0.00887866
0.00615007
0.00615007
0.00887866
0.0176559
0.0126118
0.0331844
0.0243829
0.0126118
0.0176559
0.0444829
0.0586972
0.0331844
0.0243829
0.0974528
0.0762299
0.0444829
0.0586972
0.122671
0.152134
0.0762299
0.0974528
0.122671
0.152134
0.224267
0.185978
0.224267
0.185978
0.266918
0.313766
0.313766
0.266918
0.41867
0.364486
0.535115
0.475758
0.595986
0.657553
0.364486
0.41867
0.779173
0.718924
0.535115
0.475758
0.657553
0.595986
0.718924
0.779173
0.83735
0.892503
0.990098
0.943715
1.03085
1.06525
0.892503
0.83735
1.11262
1.09268
0.990098
0.943715
1.12881
1.12475
1.12475
1.11262
1.06525
1.03085
1.09268
0.202627
0.166775
0.166775
0.13534
0.202627
0.108221
0.00197295
0.08522
0.0660562
0.242891
0.0503867
0.287446
0.0378219
0.0279467
0.020339
0.336049
0.0145887
0.388335
0.0103136
0.00717389
0.00488109
0.443821
0.00320478
0.501912
0.0010688
0.000422454
0.561911
0.623032
0.000422454
0.684419
0.242891
0.745164
0.804324
0.336049
0.0010688
0.86095
0.914103
0.501912
0.96288
0.00197295
1.00644
0.00320478
1.044
1.07491
1.09859
0.804324
0.00488109
1.11463
0.00717389
0.96288
1.12272
1.12272
1.11463
0.0103136
1.09859
0.0145887
1.07491
1.044
1.00644
0.020339
0.0279467
0.914103
0.86095
0.0378219
0.745164
0.0503867
0.684419
0.623032
0.561911
0.0660562
0.08522
0.443821
0.388335
0.108221
0.287446
0.13534
2.06409e-34
2.06409e-34
1.46196e-34
0.000529368
0.000529368
1.46196e-34
0.00232962
0.00129204
0.00129204
0.00232962
0.00373833
0.00564917
0.00564917
0.00373833
0.0118497
0.00827062
0.00827062
0.0118497
0.0232037
0.0167098
0.0317357
0.0427201
0.0167098
0.0232037
0.0565804
0.0737238
0.0427201
0.0317357
0.0945169
0.119283
0.0737238
0.0565804
0.1816
0.148255
0.0945169
0.119283
0.1816
0.148255
0.219357
0.261482
0.261482
0.219357
0.357963
0.307778
0.307778
0.357963
0.468161
0.411598
0.587367
0.526994
0.648451
0.709369
0.468161
0.411598
0.769192
0.826974
0.526994
0.587367
0.709369
0.648451
0.769192
0.826974
0.881771
0.932656
0.978762
1.01927
1.05347
1.08073
0.932656
0.881771
1.11262
1.10058
0.978762
1.01927
1.11667
1.11262
1.10058
1.05347
1.08073
0.196501
0.130558
0.236061
0.000637274
0.104065
0.0816497
0.0630283
0.279899
0.047852
0.00646014
0.0094306
0.327779
0.0357283
0.026239
0.0189615
0.379343
0.0134853
0.434115
0.00429072
0.491506
0.00269755
0.550825
0.00151611
0.611293
0.672058
0.000637274
0.732216
0.196501
0.790831
0.00151611
0.846955
0.899653
0.948027
0.379343
0.434115
0.00269755
0.991232
0.00429072
1.0285
1.05917
1.08268
0.00646014
0.732216
1.09859
0.0094306
0.846955
0.899653
1.10663
1.10663
1.09859
0.0134853
1.08268
0.0189615
1.05917
1.0285
0.991232
0.026239
0.948027
0.0357283
0.790831
0.047852
0.0630283
0.672058
0.611293
0.550825
0.0816497
0.491506
0.104065
0.327779
0.130558
0.279899
0.161334
0.236061
0.161334
3.45909e-34
3.45909e-34
2.18861e-34
0.000745938
0.000745938
2.18861e-34
0.0017473
0.00307567
0.0017473
0.00307567
0.00487056
0.00731166
0.00731166
0.00487056
0.0152139
0.0106599
0.0106599
0.0152139
0.0213405
0.0294293
0.0399037
0.0531862
0.0213405
0.0294293
0.0696854
0.0897812
0.0531862
0.0399037
0.141969
0.113789
0.0696854
0.0897812
0.21137
0.174471
0.113789
0.141969
0.21137
0.174471
0.298008
0.252601
0.298008
0.252601
0.347284
0.400031
0.400031
0.347284
0.513683
0.455705
0.633511
0.57322
0.693674
0.75279
0.455705
0.513683
0.80992
0.864117
0.57322
0.633511
0.75279
0.693674
0.80992
0.864117
0.960101
0.914472
1.00021
1.03407
1.06108
1.08073
0.914472
0.960101
1.09667
1.09268
1.03407
1.00021
1.09268
1.08073
1.06108
0.268868
0.0765125
0.0586892
0.315672
0.0442374
0.0327582
0.366162
0.023831
0.0170303
0.419871
0.0119473
0.00820382
0.47622
0.00546871
0.00346532
0.534526
0.00197895
0.000855691
0.594019
0.653856
0.000855691
0.0980616
0.12363
0.71314
0.770939
0.187582
0.826315
0.00197895
0.878336
0.926108
0.00346532
0.96879
1.00562
0.00546871
1.03593
1.05917
0.00820382
0.594019
1.07491
0.653856
1.08285
0.0119473
1.08285
1.07491
0.0170303
0.878336
0.926108
1.05917
1.03593
0.023831
1.00562
0.96879
0.0327582
0.0442374
0.826315
0.770939
0.0586892
0.71314
0.0765125
0.534526
0.0980616
0.47622
0.419871
0.12363
0.366162
0.315672
0.153431
0.268868
0.226096
0.187582
0.153431
0.226096
4.87519e-34
4.87519e-34
2.91635e-34
0.000966302
0.000966302
2.91635e-34
0.00386487
0.00221832
0.00221832
0.00386487
0.00913284
0.00609292
0.00609292
0.00913284
0.0189253
0.0132953
0.0132953
0.0189253
0.0362062
0.0264238
0.0487012
0.0643252
0.0362062
0.0264238
0.106434
0.0834567
0.0487012
0.0643252
0.164863
0.133507
0.106434
0.0834567
0.240572
0.200559
0.164863
0.133507
0.200559
0.240572
0.332763
0.284727
0.284727
0.332763
0.438717
0.38426
0.38426
0.438717
0.55388
0.495494
0.672177
0.613061
0.730311
0.786529
0.495494
0.55388
0.889505
0.8399
0.613061
0.672177
0.786529
0.730311
0.889505
0.8399
0.934486
0.974028
1.00743
1.03407
1.05347
1.06525
0.974028
0.934486
1.06525
1.0692
1.00743
1.05347
1.03407
0.0532691
0.0397526
0.34915
0.029102
0.401456
0.0208904
0.0146919
0.0100971
0.456428
0.00673322
0.513396
0.00427509
0.00245747
0.00107792
0.571601
0.630211
0.00107792
0.688337
0.0700558
0.74506
0.799444
0.114838
0.00245747
0.850568
0.897542
0.21332
0.939532
0.00427509
0.975779
0.00673322
1.00562
1.0285
1.044
0.456428
0.0100971
1.05182
0.0146919
0.630211
1.05182
1.044
1.0285
0.0208904
0.799444
1.00562
0.029102
0.975779
0.939532
0.897542
0.0397526
0.850568
0.0532691
0.74506
0.688337
0.0700558
0.0904777
0.571601
0.513396
0.114838
0.401456
0.143362
0.34915
0.300077
0.254689
0.17618
0.21332
0.17618
0.143362
0.254689
0.0904777
0.300077
6.3157e-34
6.3157e-34
3.64476e-34
0.00119036
0.00119036
3.64476e-34
0.00469394
0.00270424
0.00270424
0.00469394
0.0110917
0.0073961
0.0110917
0.0073961
0.0161364
0.0229148
0.0161364
0.0229148
0.0318514
0.0433754
0.0579071
0.0758428
0.0318514
0.0433754
0.123214
0.0975173
0.0758428
0.0579071
0.187302
0.153108
0.123214
0.0975173
0.268344
0.225756
0.187302
0.153108
0.225756
0.268344
0.364715
0.314787
0.364715
0.314787
0.472873
0.417609
0.472873
0.417609
0.587559
0.529783
0.645337
0.702219
0.809588
0.757279
0.529783
0.587559
0.858248
0.902388
0.702219
0.645337
0.757279
0.809588
0.902388
0.858248
0.974028
0.941223
1.01927
1.00021
1.03086
1.03474
0.941223
0.974028
1.01927
1.03086
1.00021
0.37934
0.0249874
0.432613
0.0176169
0.0121136
0.00807144
0.487929
0.00512157
0.544543
0.0029499
0.00130353
0.601634
0.65833
0.00130353
0.713718
0.0470507
0.766876
0.0029499
0.816889
0.862876
0.904008
0.131501
0.16269
0.00512157
0.939532
0.00807144
0.96879
0.991232
1.00644
0.0121136
0.37934
1.01411
0.0176169
0.487929
0.544543
1.01411
1.00644
0.991232
0.0249874
0.713718
0.96879
0.0346551
0.939532
0.904008
0.862876
0.0470507
0.816889
0.0625891
0.766876
0.65833
0.0816447
0.601634
0.104536
0.432613
0.131501
0.16269
0.328765
0.281436
0.237791
0.198144
0.198144
0.237791
0.104536
0.281436
0.0816447
0.328765
0.0625891
0.0346551
7.77997e-34
7.77997e-34
4.37235e-34
0.00141737
0.00141737
4.37235e-34
0.0032024
0.00555571
0.0032024
0.00555571
0.0131572
0.00876411
0.00876411
0.0131572
0.0191292
0.027096
0.0191292
0.027096
0.0507551
0.0374943
0.0874226
0.0672768
0.0374943
0.0507551
0.111472
0.139641
0.0672768
0.0874226
0.172023
0.208629
0.111472
0.139641
0.24932
0.293869
0.208629
0.172023
0.24932
0.293869
0.39292
0.341892
0.39292
0.341892
0.501487
0.446345
0.446345
0.501487
0.613725
0.557558
0.722751
0.669093
0.773784
0.82129
0.557558
0.613725
0.902387
0.864425
0.722751
0.669093
0.773784
0.82129
0.902387
0.864425
0.9601
0.934486
0.990097
0.978763
0.993908
0.990097
0.934486
0.978763
0.9601
0.458714
0.00946449
0.00599588
0.513444
0.00345272
0.00153149
0.56874
0.62374
0.00153149
0.014218
0.0206624
0.677548
0.729251
0.0403535
0.777947
0.00345272
0.822761
0.862875
0.00599588
0.897542
0.926107
0.00946449
0.948027
0.962879
0.014218
0.260276
0.970378
0.305549
0.970378
0.0206624
0.962879
0.948027
0.0292277
0.513444
0.56874
0.926107
0.897542
0.0403535
0.862875
0.822761
0.0544627
0.777947
0.729251
0.0719455
0.677548
0.62374
0.0931338
0.118288
0.458714
0.405352
0.147573
0.354085
0.181054
0.218679
0.218679
0.181054
0.147573
0.260276
0.118288
0.0931338
0.305549
0.0719455
0.0544627
0.354085
0.0292277
0.405352
9.26319e-34
9.26319e-34
5.09629e-34
0.00164597
0.00164597
5.09629e-34
0.00643973
0.00370847
0.00370847
0.00643973
0.0101755
0.0152903
0.0152903
0.0101755
0.0313698
0.0222091
0.0222091
0.0313698
0.0432099
0.0581497
0.0765536
0.0987399
0.0432099
0.0581497
0.155241
0.124921
0.0987399
0.0765536
0.189702
0.228221
0.124921
0.155241
0.270561
0.316394
0.189702
0.228221
0.316394
0.270561
0.416545
0.365241
0.365241
0.416545
0.469619
0.523716
0.523716
0.469619
0.631607
0.578001
0.73317
0.683632
0.82129
0.77934
0.631607
0.578001
0.858249
0.889504
0.73317
0.683632
0.77934
0.82129
0.889504
0.858249
0.914473
0.932655
0.947421
0.943717
0.943717
0.932655
0.914473
0.00396083
0.00176012
0.532224
0.585277
0.00176012
0.637268
0.00688613
0.6873
0.73448
0.0163681
0.00396083
0.777947
0.816889
0.04605
0.850568
0.00688613
0.878336
0.0108886
0.899653
0.914102
0.921399
0.162588
0.0163681
0.921399
0.0237599
0.280115
0.914102
0.899653
0.878336
0.0335079
0.426418
0.850568
0.04605
0.816889
0.777947
0.73448
0.0617892
0.6873
0.0810792
0.637268
0.585277
0.532224
0.104199
0.47899
0.131339
0.375292
0.32632
0.162588
0.197919
0.237184
0.197919
0.237184
0.131339
0.280115
0.104199
0.0810792
0.0617892
0.32632
0.375292
0.0335079
0.0237599
0.426418
0.0108886
0.47899
1.07565e-33
1.07565e-33
5.81235e-34
0.00187422
0.00187422
5.81235e-34
0.00421665
0.00733285
0.00421665
0.00733285
0.0174459
0.0116046
0.0174459
0.0116046
0.0356294
0.0253043
0.0253043
0.0356294
0.0488481
0.0653581
0.109473
0.085479
0.0488481
0.0653581
0.169562
0.13748
0.085479
0.109473
0.205629
0.245505
0.13748
0.169562
0.288854
0.335258
0.205629
0.245505
0.288854
0.335258
0.434897
0.384151
0.434897
0.384151
0.538907
0.486748
0.538907
0.486748
0.590512
0.640681
0.73317
0.688527
0.809588
0.773785
0.640681
0.590512
0.839901
0.864116
0.73317
0.688527
0.773785
0.809588
0.864116
0.839901
0.892502
0.881774
0.892502
0.89611
0.881774
0.543716
0.593669
0.00198722
0.00198722
0.641822
0.6873
0.00446783
0.729251
0.766876
0.0185169
0.0268352
0.799443
0.00777809
0.826314
0.0123165
0.846954
0.860949
0.868018
0.114524
0.0185169
0.868018
0.176111
0.212793
0.0268352
0.860949
0.846954
0.826314
0.343139
0.0377191
0.799443
0.0515931
0.766876
0.729251
0.543716
0.6873
0.0688294
0.641822
0.0897344
0.593669
0.492845
0.114524
0.441921
0.143316
0.391765
0.296729
0.176111
0.253119
0.212793
0.143316
0.253119
0.296729
0.0897344
0.0688294
0.0515931
0.343139
0.0377191
0.391765
0.0123165
0.441921
0.00777809
0.492845
0.00446783
1.22472e-33
1.22472e-33
6.51497e-34
0.00209964
6.51497e-34
0.00209964
0.00821988
0.00471998
0.00471998
0.00821988
0.0195757
0.0130227
0.0195757
0.0130227
0.0283393
0.0397649
0.0283393
0.0397649
0.0721815
0.0542573
0.119317
0.0938018
0.0542573
0.0721815
0.182189
0.148787
0.119317
0.0938018
0.259975
0.219341
0.148787
0.182189
0.349909
0.303666
0.219341
0.259975
0.349909
0.303666
0.398066
0.447438
0.398066
0.447438
0.546615
0.49723
0.546615
0.49723
0.594724
0.640681
0.72275
0.683633
0.757281
0.786528
0.594724
0.640681
0.826973
0.809922
0.683633
0.72275
0.757281
0.786528
0.826973
0.809922
0.840829
0.837353
0.837353
0.00221012
0.593668
0.637268
0.677547
0.00496626
0.713718
0.745059
0.00865578
0.770939
0.79083
0.0137184
0.804323
0.811141
0.0568329
0.0206149
0.0753881
0.811141
0.804323
0.0298121
0.79083
0.770939
0.18775
0.225244
0.0417512
0.745059
0.713718
0.0568329
0.677547
0.637268
0.0753881
0.593668
0.547584
0.097667
0.499876
0.451407
0.123816
0.40302
0.355515
0.153872
0.30963
0.26602
0.18775
0.225244
0.153872
0.123816
0.26602
0.097667
0.30963
0.0417512
0.355515
0.0298121
0.0206149
0.40302
0.0137184
0.00865578
0.451407
0.00496626
0.00221012
0.499876
0.547584
1.37193e-33
1.37193e-33
7.19732e-34
0.00231939
0.00231939
7.19732e-34
0.00521064
0.00908425
0.00521064
0.00908425
0.0143995
0.0216295
0.0216295
0.0143995
0.0436671
0.0312377
0.0436671
0.0312377
0.0784299
0.0592906
0.127991
0.101287
0.0592906
0.0784299
0.192757
0.158517
0.127991
0.101287
0.23044
0.271212
0.192757
0.158517
0.314564
0.35992
0.23044
0.271212
0.314564
0.35992
0.406581
0.453801
0.406581
0.453801
0.546615
0.500759
0.546615
0.500759
0.631607
0.590513
0.669095
0.702218
0.752789
0.730313
0.590513
0.631607
0.769196
0.779171
0.669095
0.702218
0.730313
0.752789
0.769196
0.782527
0.779171
0.62374
0.00544797
0.658329
0.688337
0.713139
0.00950223
0.732215
0.0150637
0.745163
0.0226116
0.751706
0.751706
0.0226116
0.0616262
0.745163
0.0326147
0.732215
0.713139
0.131808
0.688337
0.0454972
0.658329
0.0616262
0.62374
0.585277
0.318445
0.543715
0.0812824
0.499876
0.104653
0.4546
0.408731
0.363088
0.131808
0.162705
0.275511
0.234911
0.19717
0.19717
0.162705
0.234911
0.104653
0.0812824
0.275511
0.318445
0.0454972
0.0326147
0.363088
0.0150637
0.408731
0.00950223
0.00544797
0.00242578
0.4546
0.499876
0.00242578
0.543715
0.585277
1.51541e-33
1.51541e-33
7.85163e-34
0.00253027
0.00253027
7.85163e-34
0.00990872
0.00568024
0.00568024
0.00990872
0.0235572
0.0157042
0.0157042
0.0235572
0.033925
0.047232
0.033925
0.047232
0.0638098
0.083929
0.135245
0.107723
0.0638098
0.083929
0.200961
0.166389
0.135245
0.107723
0.278888
0.238606
0.166389
0.200961
0.364999
0.321232
0.278888
0.238606
0.364999
0.321232
0.409448
0.453801
0.409448
0.453801
0.497231
0.538906
0.497231
0.538906
0.578003
0.613724
0.645339
0.672175
0.709368
0.693677
0.578003
0.613724
0.722131
0.718928
0.672175
0.645339
0.709368
0.693677
0.718928
0.00590439
0.601634
0.63021
0.653855
0.0103001
0.672057
0.0103001
0.0163216
0.684418
0.0244581
0.0351705
0.690668
0.690668
0.0244581
0.684418
0.0863475
0.0351705
0.672057
0.653855
0.63021
0.0488567
0.204099
0.241515
0.601634
0.0658412
0.56874
0.532223
0.492845
0.0863475
0.451407
0.110494
0.408731
0.365637
0.322917
0.138274
0.281317
0.169561
0.169561
0.204099
0.138274
0.241515
0.110494
0.0658412
0.281317
0.0488567
0.322917
0.0163216
0.365637
0.408731
0.00590439
0.00263092
0.451407
0.492845
0.00263092
0.532223
0.56874
1.65309e-33
1.65309e-33
8.46939e-34
0.00272895
0.00272895
8.46939e-34
0.010676
0.00612017
0.00612017
0.010676
0.0253112
0.0169066
0.0253112
0.0169066
0.0503636
0.0363313
0.0363313
0.0503636
0.0676906
0.088525
0.112927
0.140875
0.0676906
0.088525
0.206565
0.172179
0.112927
0.140875
0.243601
0.282783
0.172179
0.206565
0.323477
0.364999
0.282783
0.243601
0.364999
0.323477
0.406582
0.447437
0.447437
0.406582
0.48675
0.523715
0.523715
0.48675
0.557561
0.587557
0.613065
0.63351
0.648455
0.657551
0.557561
0.587557
0.657551
0.660612
0.63351
0.613065
0.648455
0.594018
0.0110324
0.611292
0.00282217
0.623031
0.0174627
0.628968
0.628968
0.0261082
0.0261082
0.0374127
0.623031
0.611292
0.0374127
0.594018
0.5716
0.051739
0.544542
0.513444
0.0693619
0.478989
0.208338
0.44192
0.0904419
0.40302
0.363088
0.115025
0.322917
0.283272
0.143028
0.244865
0.174243
0.174243
0.143028
0.208338
0.115025
0.0904419
0.244865
0.0693619
0.051739
0.283272
0.322917
0.0174627
0.0110324
0.363088
0.00632691
0.40302
0.44192
0.00282217
0.5716
0.478989
0.513444
0.544542
0.00632691
1.7828e-33
1.7828e-33
9.04173e-34
0.00291204
0.00291204
9.04173e-34
0.00652192
0.0113695
0.00652192
0.0113695
0.0268472
0.0179782
0.0179782
0.0268472
0.0529773
0.0383934
0.0383934
0.0529773
0.0920892
0.0708261
0.14472
0.116754
0.0708261
0.0920892
0.175721
0.209408
0.14472
0.116754
0.245283
0.282783
0.209408
0.175721
0.321233
0.359919
0.282783
0.245283
0.321233
0.359919
0.434896
0.398068
0.434896
0.398068
0.469622
0.501485
0.501485
0.469622
0.553878
0.529787
0.587365
0.573224
0.598881
0.59599
0.553878
0.529787
0.59599
0.573224
0.587365
0.0116829
0.56191
0.0184597
0.567519
0.567519
0.56191
0.0116829
0.0275201
0.550824
0.0392821
0.534525
0.513395
0.487928
0.0720911
0.0540661
0.458713
0.0720911
0.426417
0.145935
0.391764
0.355515
0.209764
0.093451
0.318445
0.118119
0.281317
0.244865
0.145935
0.176618
0.176618
0.118119
0.093451
0.209764
0.244865
0.0540661
0.0392821
0.0275201
0.281317
0.0184597
0.318445
0.00670718
0.00299616
0.355515
0.391764
0.00299616
0.550824
0.426417
0.458713
0.487928
0.00670718
0.513395
0.534525
1.90232e-33
1.90232e-33
9.55976e-34
0.00307623
0.00307623
9.55976e-34
0.0119737
0.0068774
0.0068774
0.0119737
0.0281262
0.0188933
0.0281262
0.0188933
0.0550023
0.0400569
0.0400569
0.0550023
0.0945222
0.0731296
0.14667
0.119093
0.0731296
0.0945222
0.209408
0.176913
0.119093
0.14667
0.278888
0.243602
0.209408
0.176913
0.349908
0.314566
0.243602
0.278888
0.314566
0.349908
0.384154
0.416544
0.384154
0.416544
0.446348
0.472871
0.446348
0.472871
0.495498
0.513681
0.526999
0.535113
0.537846
0.535113
0.513681
0.495498
0.526999
0.0192885
0.507179
0.507179
0.00314967
0.501911
0.0286578
0.491505
0.0407294
0.476218
0.0286578
0.0407294
0.456426
0.432612
0.055775
0.405351
0.0739535
0.375292
0.343139
0.146914
0.30963
0.0952907
0.27551
0.119688
0.241515
0.208337
0.176618
0.146914
0.176618
0.119688
0.0952907
0.0739535
0.208337
0.055775
0.241515
0.0192885
0.27551
0.012237
0.30963
0.0070374
0.343139
0.375292
0.00314967
0.501911
0.405351
0.432612
0.0070374
0.456426
0.476218
0.491505
0.012237
2.00951e-33
2.00951e-33
1.00149e-33
0.00321842
0.00321842
1.00149e-33
0.00717924
0.0124748
0.00717924
0.0124748
0.0291155
0.0196294
0.0291155
0.0196294
0.0563837
0.0412776
0.0412776
0.0563837
0.0745377
0.0957559
0.146669
0.119881
0.0957559
0.0745377
0.175721
0.206565
0.119881
0.146669
0.271211
0.238607
0.206565
0.175721
0.335257
0.303668
0.271211
0.238607
0.303668
0.335257
0.365245
0.392918
0.365245
0.392918
0.438715
0.417614
0.438715
0.417614
0.45571
0.468159
0.475763
0.478314
0.475763
0.45571
0.468159
0.44382
0.029492
0.434114
0.41987
0.0417162
0.401455
0.379339
0.0568193
0.354084
0.029492
0.326319
0.0748978
0.296728
0.0748978
0.266019
0.0959097
0.0959097
0.23491
0.204099
0.119688
0.174243
0.145935
0.145935
0.119688
0.174243
0.0568193
0.204099
0.0417162
0.23491
0.0199287
0.012682
0.266019
0.00731062
0.00327977
0.296728
0.326319
0.00327977
0.448737
0.354084
0.448737
0.379339
0.401455
0.00731062
0.41987
0.434114
0.012682
0.44382
0.0199287
2.10233e-33
2.10233e-33
1.03993e-33
0.00333583
0.00333583
1.03993e-33
0.0128613
0.00742101
0.0128613
0.00742101
0.0201686
0.0297896
0.0297896
0.0201686
0.0570838
0.0420232
0.0420232
0.0570838
0.0750114
0.0957558
0.119094
0.144719
0.0957558
0.0750114
0.20096
0.17218
0.144719
0.119094
0.230442
0.259974
0.20096
0.17218
0.316392
0.288857
0.259974
0.230442
0.288857
0.316392
0.341896
0.364713
0.364713
0.341896
0.384265
0.400029
0.400029
0.384265
0.411603
0.418667
0.421049
0.418667
0.411603
0.0300014
0.366161
0.0422163
0.349149
0.328764
0.305548
0.0130076
0.0571706
0.280115
0.0300014
0.0748978
0.253118
0.225243
0.19717
0.0952907
0.16956
0.118119
0.143027
0.118119
0.0952907
0.143027
0.0748978
0.16956
0.0571706
0.0422163
0.19717
0.0203645
0.225243
0.00752098
0.00338386
0.253118
0.280115
0.00338386
0.379341
0.305548
0.328764
0.349149
0.392892
0.00752098
0.366161
0.379341
0.388333
0.0130076
0.0203645
0.392892
0.388333
2.179e-33
2.179e-33
1.07059e-33
0.00342612
0.00342612
1.07059e-33
0.0131242
0.00759749
0.00759749
0.0131242
0.030131
0.0204975
0.0204975
0.030131
0.0570838
0.0422739
0.0422739
0.0570838
0.0945221
0.0745378
0.140875
0.116754
0.0945221
0.0745378
0.192756
0.166391
0.140875
0.116754
0.245503
0.219344
0.192756
0.166391
0.270564
0.293867
0.219344
0.245503
0.270564
0.293867
0.33276
0.314792
0.33276
0.314792
0.347289
0.357961
0.357961
0.347289
0.364492
0.366684
0.364492
0.0422163
0.300075
0.281435
0.260275
0.0568193
0.237183
0.0132061
0.0739535
0.212792
0.0301727
0.18775
0.162704
0.0934509
0.138273
0.115025
0.115025
0.0934509
0.0739535
0.138273
0.0568193
0.162704
0.0422163
0.0205852
0.18775
0.212792
0.00766389
0.00345986
0.237183
0.260275
0.00345986
0.315671
0.281435
0.300075
0.336047
0.340243
0.00766389
0.315671
0.327777
0.336047
0.0132061
0.340243
0.0205852
0.327777
0.0301727
2.23796e-33
2.23796e-33
1.09292e-33
0.00348744
0.00348744
1.09292e-33
0.0132573
0.00770482
0.00770482
0.0132573
0.0301311
0.0206079
0.0301311
0.0206079
0.0563837
0.0420231
0.0420231
0.0563837
0.0731298
0.092089
0.112928
0.135245
0.0731298
0.092089
0.158519
0.182188
0.135245
0.112928
0.205632
0.22822
0.182188
0.158519
0.268342
0.249324
0.22822
0.205632
0.249324
0.268342
0.298006
0.284732
0.284732
0.298006
0.313763
0.307784
0.307784
0.313763
0.315782
0.218678
0.0557751
0.197918
0.00350619
0.17611
0.0720911
0.153872
0.131808
0.0904417
0.0300015
0.0417163
0.110493
0.0904417
0.110493
0.0720911
0.0557751
0.131808
0.153872
0.0205853
0.0132728
0.17611
0.00773621
0.197918
0.218678
0.00350619
0.237789
0.237789
0.254687
0.254687
0.268866
0.00773621
0.279897
0.287444
0.0132728
0.291277
0.291277
0.0205853
0.287444
0.279897
0.0300015
0.268866
0.0417163
2.27803e-33
2.27803e-33
1.10648e-33
0.00351852
0.00351852
1.10648e-33
0.00774064
0.0132574
0.00774064
0.0132574
0.0297898
0.020497
0.020497
0.0297898
0.0550024
0.0412773
0.0412773
0.0550024
0.0708263
0.0885247
0.12799
0.107724
0.0885247
0.0708263
0.169561
0.14879
0.12799
0.107724
0.208628
0.189705
0.169561
0.14879
0.24057
0.22576
0.208628
0.189705
0.22576
0.24057
0.261479
0.252606
0.261479
0.252606
0.266924
0.266924
0.268753
0.0540662
0.143315
0.0693619
0.123815
0.104652
0.0863473
0.0132063
0.0863473
0.0693619
0.104652
0.0540662
0.0407296
0.0294922
0.123815
0.0203648
0.143315
0.00773634
0.00352189
0.162587
0.181053
0.00352189
0.162587
0.198143
0.213318
0.226095
0.213318
0.00773634
0.23606
0.24289
0.246361
0.0132063
0.246361
0.0203648
0.24289
0.23606
0.226095
0.0294922
0.0407296
0.198143
0.181053
2.29837e-33
2.29837e-33
1.11102e-33
0.00351872
0.00351872
1.11102e-33
0.0131246
0.00770414
0.00770414
0.0131246
0.0291158
0.0201678
0.0201678
0.0291158
0.0400564
0.0529774
0.0529774
0.0400564
0.067691
0.0839287
0.101288
0.119317
0.067691
0.0839287
0.137483
0.15524
0.101288
0.119317
0.1873
0.172027
0.137483
0.15524
0.200564
0.211368
0.1873
0.172027
0.200564
0.211368
0.224264
0.219363
0.224264
0.219363
0.225922
0.0658412
0.0976666
0.0812821
0.00350663
0.0658412
0.0812821
0.051739
0.0976666
0.0392823
0.0286581
0.019929
0.114523
0.0130079
0.131339
0.00766427
0.147572
0.162689
0.00350663
0.114523
0.176179
0.187581
0.147572
0.162689
0.00766427
0.1965
0.202625
0.205743
0.1965
0.0130079
0.205743
0.019929
0.202625
0.187581
0.0286581
0.176179
0.0392823
0.131339
0.051739
2.29856e-33
2.29856e-33
1.10644e-33
0.00348803
0.00348803
1.10644e-33
0.012862
0.00759615
0.00759615
0.012862
0.0196282
0.0281267
0.0281267
0.0196282
0.0383928
0.0503637
0.0383928
0.0503637
0.0638102
0.0784295
0.109472
0.0938035
0.0784295
0.0638102
0.124924
0.13964
0.109472
0.0938035
0.153112
0.164861
0.124924
0.13964
0.174475
0.181598
0.153112
0.164861
0.174475
0.181598
0.187458
0.185984
0.185984
0.0488567
0.0753878
0.0374129
0.0275204
0.089734
0.019289
0.0126825
0.104198
0.0075216
0.00346073
0.118287
0.1315
0.00346073
0.0616261
0.14336
0.0753878
0.15343
0.161333
0.0075216
0.166773
0.169546
0.1315
0.14336
0.0126825
0.169546
0.166773
0.019289
0.161333
0.15343
0.0275204
0.0374129
0.118287
0.104198
0.0488567
0.089734
0.0616261
2.2786e-33
2.2786e-33
1.09284e-33
0.00342709
0.00342709
1.09284e-33
0.00741905
0.0124757
0.00741905
0.0124757
0.0268478
0.0188917
0.0268478
0.0188917
0.0363306
0.0472321
0.0363306
0.0472321
0.059291
0.072181
0.0987388
0.0854808
0.072181
0.059291
0.123213
0.111475
0.0987388
0.0854808
0.141967
0.133511
0.123213
0.111475
0.152132
0.14826
0.133511
0.141967
0.152132
0.14826
0.153444
0.0688291
0.0184603
0.0810788
0.0122377
0.00731146
0.00338515
0.0931331
0.104535
0.00338515
0.0261086
0.114837
0.123629
0.130557
0.0568328
0.00731146
0.135339
0.13778
0.13778
0.0931331
0.0122377
0.135339
0.0184603
0.130557
0.123629
0.114837
0.0261086
0.104535
0.0351708
0.0810788
0.0688291
0.0454973
0.0568328
0.0454973
0.0351708
2.23889e-33
2.23889e-33
1.07048e-33
0.00333715
0.00333715
1.07048e-33
0.0119748
0.00717672
0.00717672
0.0119748
0.0179763
0.0253119
0.0253119
0.0179763
0.0339242
0.0436672
0.0436672
0.0339242
0.0653576
0.0542579
0.0765555
0.0874216
0.0653576
0.0542579
0.106432
0.0975203
0.0874216
0.0765555
0.113793
0.119281
0.106432
0.0975203
0.123819
0.122676
0.119281
0.113793
0.122676
0.071945
0.00703844
0.00328142
0.0816441
0.0904769
0.00328142
0.0116837
0.0980606
0.104064
0.0244586
0.032615
0.00703844
0.10822
0.110346
0.110346
0.0617889
0.0116837
0.10822
0.0174634
0.104064
0.0980606
0.0904769
0.0244586
0.0816441
0.032615
0.071945
0.051593
0.0417513
0.0417513
0.051593
0.0174634
0.0617889
2.18027e-33
2.18027e-33
1.03976e-33
0.00322004
0.00322004
1.03976e-33
0.0068744
0.0113708
0.0068744
0.0113708
0.023558
0.0169044
0.023558
0.0169044
0.039765
0.0312369
0.039765
0.0312369
0.0581492
0.0488486
0.0672786
0.0758417
0.0581492
0.0488486
0.0834597
0.0897798
0.0672786
0.0758417
0.0945205
0.0974512
0.0897798
0.0834597
0.098448
0.0974512
0.0945205
0.0700551
0.00315164
0.0765117
0.00315164
0.0816488
0.0852191
0.00670839
0.0870487
0.0870487
0.0226121
0.0298124
0.0110333
0.0852191
0.0460499
0.0816488
0.0163223
0.0765117
0.0700551
0.0226121
0.0625886
0.0544623
0.0298124
0.0377192
0.0377192
0.0460499
0.0163223
0.0110333
0.0544623
0.00670839
0.0625886
2.10391e-33
2.10391e-33
1.00127e-33
0.00307812
1.00127e-33
0.00307812
0.0106774
0.00651852
0.00651852
0.0106774
0.0157018
0.0216303
0.0157018
0.0216303
0.0356295
0.0283384
0.0283384
0.0356295
0.0432105
0.0507546
0.0579089
0.0643242
0.0507546
0.0432105
0.0696882
0.0737225
0.0643242
0.0579089
0.0770802
0.0762332
0.0737225
0.0696882
0.0762332
0.00299838
0.0586886
0.0630276
0.0660554
0.00632825
0.0676111
0.0103011
0.0676111
0.0660554
0.0103011
0.0630276
0.0150645
0.0586886
0.0532686
0.0470504
0.0206154
0.0403534
0.0268355
0.033508
0.0268355
0.0206154
0.033508
0.0150645
0.0403534
0.00632825
0.00299838
0.0470504
0.0532686
2.01134e-33
2.01134e-33
9.55696e-34
0.00291413
0.00291413
9.55696e-34
0.00991023
0.00611648
0.00611648
0.00991023
0.0195766
0.014397
0.014397
0.0195766
0.0313699
0.0253034
0.0313699
0.0253034
0.0433749
0.0374949
0.0531853
0.0487029
0.0374949
0.0433749
0.0565829
0.058696
0.0531853
0.0487029
0.0594181
0.0565829
0.058696
0.0503861
0.00590582
0.0516918
0.00282458
0.0516918
0.0503861
0.00950326
0.0478514
0.0137192
0.0185175
0.0237602
0.044237
0.0397523
0.034655
0.0185175
0.0292278
0.0237602
0.0137192
0.0292278
0.00950326
0.034655
0.00590582
0.0397523
0.044237
0.00282458
0.0478514
1.90437e-33
1.90437e-33
9.03819e-34
0.00273118
0.00273118
9.03819e-34
0.00908581
0.00567638
0.00567638
0.00908581
0.0130201
0.0174468
0.0130201
0.0174468
0.0222082
0.0270961
0.0270961
0.0222082
0.0362058
0.0318519
0.0399053
0.0427193
0.0318519
0.0362058
0.0444849
0.0450818
0.0427193
0.0399053
0.0444849
0.00544944
0.0389035
0.0378214
0.00865683
0.0357279
0.032758
0.0123173
0.0291019
0.0249875
0.0163687
0.0206627
0.0163687
0.0206627
0.0123173
0.00865683
0.0249875
0.00544944
0.00263345
0.0291019
0.032758
0.00263345
0.0357279
0.0378214
0.0389035
1.785e-33
1.785e-33
8.46498e-34
0.00253256
0.00253256
8.46498e-34
0.00822143
0.00520673
0.00520673
0.00822143
0.0116021
0.015291
0.0116021
0.015291
0.0191284
0.0229149
0.0191284
0.0229149
0.0264242
0.029429
0.0331837
0.031737
0.029429
0.0264242
0.0331837
0.0336811
0.031737
0.0279464
0.0262388
0.00777911
0.0238309
0.0108894
0.0208905
0.00777911
0.0176172
0.0142185
0.0142185
0.0108894
0.0176172
0.00496773
0.00242834
0.0208905
0.0238309
0.00242834
0.0262388
0.0288319
0.0279464
0.0288319
0.00496773
1.6554e-33
1.6554e-33
0.00232168
7.8462e-34
0.00232168
7.8462e-34
0.00733436
0.00471613
0.00471613
0.00733436
0.013158
0.0101731
0.013158
0.0101731
0.0161356
0.0189254
0.0161356
0.0189254
0.0232034
0.0213408
0.0247838
0.0243838
0.0213408
0.0243838
0.0232034
0.00688711
0.0170304
0.00946522
0.0146922
0.0121141
0.00946522
0.0121141
0.00688711
0.0146922
0.00446925
0.00221264
0.0170304
0.0189615
0.00221264
0.0203389
0.0203389
0.0210559
0.00446925
0.0210559
0.0189615
1.51775e-33
1.51775e-33
7.19071e-34
0.00210186
0.00210186
7.19071e-34
0.00644115
0.00421298
0.00421298
0.00644115
0.0110924
0.00876192
0.00876192
0.0110924
0.0132945
0.0152141
0.0152141
0.0132945
0.0167099
0.0176557
0.0179833
0.0176557
0.0167099
0.0080721
0.0080721
0.00599678
0.0100975
0.00396216
0.00198963
0.0119475
0.0134854
0.00198963
0.0100975
0.0119475
0.0145887
0.0151649
0.0151649
0.00396216
0.0145887
0.0134854
0.00599678
1.37426e-33
1.37426e-33
6.50699e-34
0.00187629
0.00187629
6.50699e-34
0.00555699
0.00370509
0.00555699
0.00370509
0.00913345
0.00739414
0.00913345
0.00739414
0.0118499
0.0106592
0.0106592
0.0118499
0.0126117
0.0128703
0.0126117
0.00345392
0.00176233
0.0082042
0.00943084
0.00176233
0.0103138
0.00512237
0.0107762
0.0107762
0.0082042
0.00345392
0.0103138
0.00943084
0.00512237
0.0067338
0.0067338
1.22698e-33
1.22698e-33
5.80285e-34
0.00164785
0.00164785
5.80285e-34
0.00319941
0.00469506
0.00319941
0.00469506
0.0073122
0.00609123
0.0073122
0.00609123
0.00887889
0.00826992
0.00826992
0.009091
0.00887889
0.00646046
0.00717411
0.00153344
0.00153344
0.00754805
0.00754805
0.00295093
0.00717411
0.00646046
0.00546919
0.00427577
0.00427577
0.00546919
0.00295093
1.07778e-33
1.07778e-33
5.08509e-34
0.00141899
5.08509e-34
0.00141899
0.00270171
0.0038658
0.00270171
0.0038658
0.00564963
0.00486916
0.00564963
0.00486916
0.00631898
0.00614937
0.00614937
0.00130517
0.00519005
0.00519005
0.00488137
0.00245832
0.00429111
0.00346587
0.00346587
0.00245832
0.00130517
0.00429111
0.00488137
9.28292e-34
9.28292e-34
4.35933e-34
0.00119169
0.00119169
4.35933e-34
0.00307641
0.00221629
0.00221629
0.00307641
0.00373721
0.00415439
0.00373721
0.00415439
0.00429929
0.00320509
0.0019796
0.00269796
0.0019796
0.00107922
0.00269796
0.00320509
0.00107922
0.00346858
0.00346858
7.79776e-34
7.79776e-34
3.62985e-34
0.000967325
0.000967325
3.62985e-34
0.00233017
0.00174579
0.00174579
0.00233017
0.00269681
0.00269681
0.00282065
0.00151656
0.00151656
0.000856637
0.00197324
0.00220826
0.000856637
0.00220826
0.00197324
6.3314e-34
6.3314e-34
2.89957e-34
0.000746654
2.89957e-34
0.000746654
0.00129102
0.00162607
0.00129102
0.00162607
0.00174048
0.00128835
0.00063788
0.00128835
0.00106908
0.00063788
0.00106908
4.88878e-34
4.88878e-34
0.000529808
2.17011e-34
0.000529808
2.17011e-34
0.000850823
0.000850823
0.000958375
0.000422769
0.000635081
0.000422769
0.000635081
3.47075e-34
3.47075e-34
1.44206e-34
0.000316315
0.000316315
1.44206e-34
0.000422117
0.000210558
0.000210558
2.07421e-34
2.07421e-34
7.15343e-35
7.15343e-35
0.000105165
2.13986e-37
6.9254e-35
6.9254e-35
