2.62552e-37
8.12528e-35
8.12528e-35
8.40683e-35
2.43249e-34
0.000123455
0.000247147
8.40683e-35
2.43249e-34
0.000247147
1.69544e-34
0.000496026
4.06806e-34
0.000371224
0.00049531
0.000744932
0.000744932
0.000371224
0.000496026
4.06806e-34
1.69544e-34
2.55201e-34
0.000747949
5.72613e-34
0.000621453
0.00125244
0.00150832
0.000997381
0.00112324
2.55201e-34
0.000747949
0.000997381
0.00150832
0.00125244
0.000621453
5.72613e-34
3.41054e-34
0.000875192
0.00100368
7.40973e-34
0.00151124
0.00177375
0.00230379
0.00190128
0.00257549
0.00203398
0.00257549
0.00190128
0.000875192
7.40973e-34
0.00100368
3.41054e-34
0.00177375
0.00151124
0.00230379
4.2703e-34
9.11756e-34
0.0011329
0.00126335
0.00204002
0.00231093
0.00313965
0.00271623
0.00126335
9.11756e-34
0.0011329
4.2703e-34
0.0040206
0.00328015
0.00372033
0.00313793
0.00313793
0.00313965
0.00372033
0.00204002
0.0040206
0.00271623
0.00231093
5.1293e-34
0.00152642
1.08437e-33
0.00139439
0.00258479
0.00286396
0.00401911
0.00357383
0.00479922
0.00432674
0.00495511
0.00561925
1.08437e-33
0.00152642
0.00139439
5.1293e-34
0.00258479
0.00401911
0.00286396
0.00357383
0.00496251
0.0059649
0.00479922
0.0059649
0.00495511
0.00561925
0.00432674
5.98402e-34
0.00179163
1.25779e-33
0.00165874
0.00314453
0.00343079
0.00494069
0.00447489
0.00738515
0.00648084
0.00560774
0.00628244
0.00703614
0.00817319
0.00858437
0.00722433
5.98402e-34
0.00179163
1.25779e-33
0.00165874
0.00314453
0.00343079
0.00494069
0.00447489
0.00817319
0.00738515
0.00628244
0.00858437
0.00560774
0.00703614
0.00648084
6.82934e-34
0.00205707
1.43055e-33
0.00192438
0.00371625
0.00400745
0.00589855
0.00541569
0.0076962
0.0093161
0.00833049
0.00697911
0.00938152
0.0106552
0.0116133
0.0100466
0.00192438
6.82934e-34
0.00205707
1.43055e-33
0.0102774
0.0121133
0.0121133
0.0100466
0.00400745
0.00589855
0.00371625
0.00541569
0.00833049
0.0106552
0.0116133
0.0076962
0.00697911
0.00938152
0.0093161
7.65856e-34
0.0023202
1.60081e-33
0.00218905
0.00638841
0.00429515
0.00458828
0.00688307
0.00918273
0.0113962
0.0103389
0.00843085
0.0119963
0.0133973
0.0150491
0.0132814
0.0141
0.0162286
0.0168429
0.0143776
1.60081e-33
0.00218905
7.65856e-34
0.0023202
0.00688307
0.00458828
0.00638841
0.00429515
0.0168429
0.0162286
0.0141
0.0132814
0.0103389
0.00843085
0.00918273
0.0113962
0.0133973
0.0150491
0.0119963
8.46361e-34
0.00257797
1.76646e-33
0.00244996
0.00487485
0.00788142
0.00738176
0.00516619
0.00244996
0.00257797
1.76646e-33
8.46361e-34
0.010722
0.0135978
0.0124839
0.009946
0.0148568
0.0188581
0.0169099
0.0163664
0.0195051
0.0209049
0.0223598
0.0185015
0.0231157
0.0198518
0.0195051
0.0231157
0.00516619
0.00788142
0.00738176
0.00487485
0.0135978
0.010722
0.0124839
0.009946
0.0223598
0.0209049
0.0163664
0.0185015
0.0188581
0.0148568
0.0169099
9.2353e-34
0.00282694
1.92515e-33
0.00270384
0.00544767
0.00573295
0.00887825
0.00838154
0.00270384
0.00282694
1.92515e-33
9.2353e-34
0.0122889
0.0158839
0.014733
0.0115018
0.00573295
0.00838154
0.00887825
0.00544767
0.0179211
0.019513
0.0208845
0.0229802
0.0253961
0.0260771
0.0286031
0.0234359
0.0313151
0.027055
0.0303899
0.0266353
0.0266353
0.0313151
0.0303899
0.0253961
0.0115018
0.0158839
0.0122889
0.014733
0.0286031
0.0208845
0.0229802
0.019513
0.0179211
0.0234359
0.0260771
9.96361e-34
0.0029471
0.00306341
2.07441e-33
0.00600497
0.00627955
0.00985637
0.00937138
0.0138545
0.0182106
0.0170454
0.0130712
0.0029471
0.00306341
2.07441e-33
9.96361e-34
0.00985637
0.00627955
0.00937138
0.00600497
0.0211332
0.0227751
0.0273348
0.0251341
0.0138545
0.0170454
0.0130712
0.0182106
0.0288206
0.0316474
0.0354636
0.0319644
0.0343723
0.0358794
0.0385547
0.0407294
0.0418523
0.0358794
0.0363968
0.0418523
0.0343723
0.0385547
0.0407294
0.0319644
0.0227751
0.0316474
0.0251341
0.0211332
0.0354636
0.0288206
0.0273348
1.06382e-33
2.21175e-33
0.00317595
0.00328355
0.00653751
0.00679655
0.0107975
0.0103335
0.0153873
0.0205286
0.0193743
0.0146238
0.00317595
0.00328355
2.21175e-33
1.06382e-33
0.0244262
0.0260817
0.0318257
0.0295698
0.0107975
0.00679655
0.0103335
0.00653751
0.0193743
0.0205286
0.0153873
0.0146238
0.0374935
0.0345449
0.0427943
0.0390804
0.0260817
0.0244262
0.0295698
0.0318257
0.0458394
0.0429226
0.0511827
0.0474436
0.0476669
0.053801
0.0482846
0.0551488
0.0551488
0.0458394
0.0476669
0.053801
0.0429226
0.0390804
0.0345449
0.0474436
0.0374935
0.0427943
0.0511827
1.12485e-33
0.00348355
2.33474e-33
0.00338656
0.00703576
0.00727443
0.0116829
0.0112492
0.0168549
0.0227861
0.0161276
0.0216688
0.027726
0.0293562
0.0363464
0.0340895
0.00338656
0.00348355
2.33474e-33
1.12485e-33
0.00727443
0.0116829
0.0112492
0.00703576
0.0504199
0.0434754
0.0404766
0.046582
0.0227861
0.0168549
0.0216688
0.0161276
0.0340895
0.027726
0.0293562
0.0363464
0.0624377
0.0567265
0.052097
0.0568478
0.0404766
0.0504199
0.0434754
0.046582
0.0624072
0.0602299
0.0700199
0.0669055
0.071619
0.0631505
0.0624072
0.071619
0.0567265
0.0624377
0.0568478
0.0602299
0.0700199
0.0669055
0.052097
1.17847e-33
0.0036598
2.44111e-33
0.00357519
0.00749035
0.00770399
0.0124942
0.0120999
0.0182248
0.0175498
0.0249306
0.0238765
0.030954
0.0325193
0.0407847
0.0385834
1.17847e-33
2.44111e-33
0.00357519
0.0036598
0.0542834
0.0464695
0.0494421
0.0581468
0.00749035
0.00770399
0.0124942
0.0120999
0.0249306
0.0182248
0.0238765
0.0175498
0.0665287
0.074212
0.0682787
0.0616702
0.0385834
0.0407847
0.030954
0.0325193
0.0464695
0.0494421
0.0542834
0.0581468
0.0808445
0.0861152
0.0737948
0.0779389
0.074212
0.0665287
0.0616702
0.0682787
0.0813852
0.0805159
0.09165
0.0897753
0.0808445
0.09165
0.0861152
0.0897753
0.0779389
0.0805159
0.0737948
1.22375e-33
0.00380896
2.5288e-33
0.00373835
0.00789232
0.00807662
0.0132141
0.0128677
0.0188586
0.0194657
0.0269107
0.0259452
0.0340313
0.0354925
0.0450273
0.0429381
0.00373835
0.00380896
2.5288e-33
1.22375e-33
0.0619849
0.0523697
0.0552382
0.0657711
0.00789232
0.0128677
0.0132141
0.00807662
0.0861933
0.080197
0.0762294
0.0713932
0.0194657
0.0269107
0.0259452
0.0188586
0.0429381
0.0450273
0.0354925
0.0340313
0.0952511
0.103018
0.0944934
0.0880152
0.0657711
0.0523697
0.0552382
0.0619849
0.0861933
0.0762294
0.0713932
0.080197
0.102348
0.0993481
0.10916
0.11341
0.0944934
0.0880152
0.103018
0.0952511
0.115583
0.103367
0.102348
0.0993481
0.11341
0.10916
0.115583
1.25988e-33
0.00392814
2.59612e-33
0.00387291
0.00823352
0.00838465
0.0138267
0.0135358
0.00387291
0.00392814
2.59612e-33
1.25988e-33
0.0200236
0.0205487
0.028678
0.0278248
0.0368804
0.0382004
0.0489637
0.0470412
0.0730874
0.0694808
0.0580218
0.0607098
0.0135358
0.00823352
0.0138267
0.00838465
0.085686
0.0921596
0.098054
0.0810043
0.0200236
0.028678
0.0278248
0.0205487
0.111629
0.109731
0.120267
0.102508
0.0489637
0.0382004
0.0470412
0.0368804
0.0730874
0.0607098
0.0580218
0.0694808
0.12476
0.12925
0.136322
0.119153
0.098054
0.085686
0.0810043
0.0921596
0.120267
0.111629
0.102508
0.109731
0.128227
0.129394
0.143692
0.141202
0.12476
0.119153
0.12925
0.136322
0.143692
0.128227
0.141202
1.2862e-33
0.00401496
2.64169e-33
0.00397622
0.00850683
0.0086216
0.0143182
0.0140895
0.0210175
0.0214481
0.0301889
0.0294691
0.00397622
0.00401496
2.64169e-33
1.2862e-33
0.0140895
0.0143182
0.00850683
0.0086216
0.0394287
0.0405737
0.0524905
0.0507853
0.0657101
0.0798962
0.0765679
0.0632749
0.0946375
0.103836
0.109464
0.0902398
0.0210175
0.0294691
0.0301889
0.0214481
0.123879
0.137379
0.128871
0.116872
0.0394287
0.0507853
0.0405737
0.0524905
0.149483
0.159751
0.139387
0.148013
0.0765679
0.0798962
0.0657101
0.0632749
0.0946375
0.103836
0.0902398
0.109464
0.158377
0.167806
0.173348
0.15443
0.128871
0.123879
0.137379
0.116872
0.139387
0.159751
0.148013
0.149483
0.159715
0.15443
0.176172
0.176172
0.158377
0.167806
0.173348
1.30221e-33
0.00406769
2.66461e-33
0.00404621
0.00870646
0.00878243
0.0146776
0.0145162
0.0218167
0.0221424
0.0314054
0.0308371
0.0416108
0.0540714
0.0425511
0.055514
0.00404621
0.00406769
2.66461e-33
1.30221e-33
0.00878243
0.0145162
0.0146776
0.00870646
0.0308371
0.0314054
0.0221424
0.0218167
0.0701037
0.0860104
0.0830518
0.0679873
0.114899
0.120102
0.0988436
0.102835
0.153868
0.145731
0.137294
0.130703
0.0540714
0.0416108
0.055514
0.0425511
0.159475
0.169284
0.183029
0.171451
0.0679873
0.0701037
0.0830518
0.0860104
0.181245
0.203716
0.188497
0.194639
0.120102
0.102835
0.114899
0.0988436
0.153868
0.137294
0.145731
0.130703
0.213119
0.192961
0.209948
0.194462
0.159475
0.169284
0.171451
0.183029
0.188497
0.181245
0.213119
0.209948
0.194639
0.192961
0.203716
1.30762e-33
0.00408523
2.66441e-33
0.00408147
0.00882814
0.00886366
0.0148965
0.0148062
0.0224019
0.0226149
0.032297
0.0318946
0.00408147
0.00408523
2.66441e-33
1.30762e-33
0.0433699
0.0579537
0.0568123
0.0440811
0.0737714
0.0912612
0.0887542
0.0720312
0.0148062
0.0148965
0.00886366
0.00882814
0.0318946
0.032297
0.0226149
0.0224019
0.0433699
0.0440811
0.0568123
0.0579537
0.125038
0.106576
0.129669
0.110049
0.169261
0.16173
0.149596
0.143607
0.178844
0.188082
0.205484
0.194401
0.0887542
0.0720312
0.0737714
0.0912612
0.220926
0.218893
0.23392
0.207901
0.106576
0.125038
0.129669
0.110049
0.232007
0.244051
0.250992
0.227023
0.16173
0.169261
0.149596
0.143607
0.205484
0.188082
0.194401
0.178844
0.25452
0.233692
0.232007
0.25452
0.220926
0.207901
0.250992
0.23392
0.218893
0.227023
0.244051
1.30232e-33
0.00406724
2.64109e-33
0.00408127
0.00886921
0.00886353
0.01497
0.0149528
0.0227588
0.0228539
0.0328411
0.0326148
0.0446603
0.0451238
0.0597446
0.0589348
0.00408127
0.00406724
2.64109e-33
1.30232e-33
0.00886353
0.0149528
0.01497
0.00886921
0.0766133
0.0955038
0.0935175
0.0752967
0.116078
0.137894
0.133966
0.11322
0.0228539
0.0227588
0.0326148
0.0328411
0.0589348
0.0446603
0.0597446
0.0451238
0.0766133
0.0752967
0.0955038
0.0935175
0.176408
0.183117
0.160434
0.155217
0.196934
0.205335
0.226466
0.216199
0.245904
0.233627
0.263081
0.248685
0.11322
0.133966
0.116078
0.137894
0.288691
0.277487
0.269933
0.260917
0.155217
0.160434
0.183117
0.176408
0.275463
0.296355
0.300246
0.277321
0.226466
0.216199
0.196934
0.205335
0.233627
0.245904
0.248685
0.263081
0.275463
0.269933
0.300246
0.296355
0.260917
0.277487
0.288691
1.28641e-33
0.00401409
2.59512e-33
0.00404562
0.00882879
0.00878205
0.0148963
0.0149527
0.0329794
0.0228789
0.0228539
0.033024
0.00404562
0.00401409
2.59512e-33
1.28641e-33
0.0454484
0.0456521
0.0608386
0.0603822
0.0785521
0.0986208
0.0972102
0.0776949
0.00878205
0.0149527
0.0148963
0.00882879
0.0329794
0.033024
0.0228789
0.0228539
0.120754
0.144545
0.14143
0.118591
0.169498
0.189343
0.165203
0.195039
0.0603822
0.0608386
0.0456521
0.0454484
0.0972102
0.0776949
0.0785521
0.0986208
0.144545
0.120754
0.118591
0.14143
0.213224
0.236211
0.245364
0.220545
0.257673
0.268843
0.290344
0.277001
0.307128
0.325109
0.29365
0.309276
0.165203
0.189343
0.195039
0.169498
0.317055
0.323125
0.337397
0.345789
0.213224
0.245364
0.236211
0.220545
0.350046
0.350046
0.325173
0.323125
0.268843
0.290344
0.257673
0.277001
0.345789
0.337397
0.309276
0.29365
0.325109
0.317055
0.307128
1.2602e-33
0.00392686
2.52745e-33
0.00397525
0.00870776
0.00862098
0.0146772
0.0148058
0.032841
0.0329794
0.0227593
0.0226146
0.0457134
0.0456521
0.0612066
0.0611157
0.00397525
0.00392686
2.52745e-33
1.2602e-33
0.00862098
0.0148058
0.0146772
0.00870776
0.0795349
0.100526
0.0997301
0.0791605
0.123946
0.149435
0.147221
0.122538
0.0329794
0.032841
0.0226146
0.0227593
0.0611157
0.0457134
0.0612066
0.0456521
0.176532
0.204684
0.17328
0.200165
0.227243
0.253859
0.261632
0.233273
0.0795349
0.0791605
0.100526
0.0997301
0.122538
0.147221
0.149435
0.123946
0.17328
0.200165
0.204684
0.176532
0.279337
0.303012
0.289075
0.314913
0.324261
0.359174
0.338485
0.3425
0.376435
0.357243
0.389805
0.36807
0.227243
0.253859
0.233273
0.261632
0.403547
0.374696
0.37692
0.398924
0.279337
0.289075
0.314913
0.303012
0.374696
0.403547
0.398924
0.36807
0.3425
0.338485
0.324261
0.359174
0.376435
0.357243
0.389805
1.22417e-33
0.00380731
2.43943e-33
0.00387159
0.00850872
0.0083838
0.0143177
0.0145155
0.0221421
0.0322968
0.0326146
0.0224027
0.00387159
0.00380731
2.43943e-33
1.22417e-33
0.0454485
0.0451238
0.0608386
0.0611156
0.0795349
0.101167
0.0796535
0.101008
0.0083838
0.0145155
0.0143177
0.00850872
0.0326146
0.0322968
0.0224027
0.0221421
0.125564
0.152424
0.151174
0.124951
0.208564
0.181335
0.211777
0.179219
0.0451238
0.0454485
0.0608386
0.0611156
0.0796535
0.101008
0.101167
0.0795349
0.238587
0.243153
0.26863
0.274799
0.297989
0.306012
0.336069
0.325959
0.125564
0.152424
0.124951
0.151174
0.211777
0.181335
0.179219
0.208564
0.274799
0.238587
0.26863
0.243153
0.351851
0.375007
0.364255
0.389882
0.43099
0.412315
0.410829
0.394841
0.429728
0.445432
0.455271
0.422566
0.297989
0.336069
0.306012
0.325959
0.429728
0.460255
0.432143
0.460255
0.389882
0.375007
0.351851
0.364255
0.422566
0.43099
0.412315
0.445432
0.455271
0.394841
0.410829
1.179e-33
0.00365784
2.33279e-33
0.00373673
0.00823595
0.0140886
0.00807557
0.013826
0.0214476
0.0314051
0.0318942
0.0218179
0.00373673
0.00365784
2.33279e-33
1.179e-33
0.0446606
0.0440809
0.0597445
0.0603821
0.00807557
0.0140886
0.013826
0.00823595
0.0785521
0.0791604
0.100526
0.101008
0.125564
0.153431
0.15318
0.125763
0.0218179
0.0318942
0.0314051
0.0214476
0.0440809
0.0603821
0.0446606
0.0597445
0.214301
0.183771
0.216115
0.182851
0.249901
0.246931
0.284484
0.280097
0.0791604
0.100526
0.101008
0.0785521
0.15318
0.153431
0.125564
0.125763
0.313087
0.353197
0.345171
0.319163
0.416332
0.375612
0.385834
0.403691
0.216115
0.183771
0.182851
0.214301
0.246931
0.280097
0.284484
0.249901
0.313087
0.319163
0.345171
0.353197
0.450136
0.428739
0.443981
0.468126
0.488189
0.503681
0.479982
0.467364
0.519564
0.490274
0.514226
0.487689
0.403691
0.385834
0.375612
0.416332
0.519564
0.487689
0.514226
0.479982
0.503681
0.450136
0.488189
0.428739
0.467364
0.443981
0.468126
1.12549e-33
0.00348133
2.20957e-33
0.00357331
0.00357331
0.00348133
2.20957e-33
1.12549e-33
0.00789522
0.0132133
0.0135347
0.00770277
0.0205481
0.0301885
0.0308367
0.0210191
0.0433703
0.0425509
0.0579537
0.0589348
0.0135347
0.0132133
0.00789522
0.00770277
0.0776948
0.0766134
0.0986209
0.0997302
0.0308367
0.0301885
0.0205481
0.0210191
0.123946
0.152425
0.15318
0.124951
0.183771
0.217575
0.21721
0.184073
0.0425509
0.0589348
0.0433703
0.0579537
0.0766134
0.0986209
0.0776948
0.0997302
0.252034
0.253324
0.290409
0.28793
0.324193
0.328147
0.360089
0.365798
0.152425
0.123946
0.124951
0.15318
0.183771
0.184073
0.21721
0.217575
0.39485
0.402592
0.437749
0.427713
0.457939
0.500119
0.470502
0.484828
0.252034
0.28793
0.253324
0.290409
0.324193
0.365798
0.328147
0.360089
0.39485
0.437749
0.427713
0.402592
0.547342
0.526189
0.507763
0.525931
0.575085
0.563855
0.539683
0.547904
0.547904
0.550673
0.580767
0.580767
0.457939
0.484828
0.500119
0.470502
0.575085
0.526189
0.539683
0.563855
0.525931
0.547342
0.507763
1.06457e-33
0.00328114
2.07205e-33
0.00338448
0.00749363
0.00727309
0.0124933
0.0128664
0.00338448
0.00328114
2.07205e-33
1.06457e-33
0.0128664
0.0124933
0.00749363
0.00727309
0.0194651
0.0286776
0.0294685
0.0200255
0.0416113
0.0405735
0.0555139
0.0568122
0.0752965
0.0737715
0.0955039
0.0972104
0.0200255
0.0194651
0.0294685
0.0286776
0.120754
0.149435
0.151175
0.122538
0.0568122
0.0555139
0.0416113
0.0405735
0.181335
0.216115
0.21721
0.18285
0.253751
0.292403
0.291904
0.253325
0.0752965
0.0955039
0.0737715
0.0972104
0.149435
0.151175
0.120754
0.122538
0.332704
0.373507
0.330988
0.370282
0.409005
0.414042
0.453508
0.446369
0.216115
0.18285
0.21721
0.181335
0.253325
0.291904
0.253751
0.292403
0.481584
0.4911
0.526029
0.513886
0.56698
0.58496
0.542569
0.557545
0.370282
0.330988
0.332704
0.373507
0.414042
0.409005
0.453508
0.446369
0.481584
0.526029
0.513886
0.4911
0.625166
0.60767
0.586579
0.600903
0.612567
0.609638
0.637055
0.643068
0.609638
0.643068
0.600903
0.637055
0.542569
0.586579
0.58496
0.557545
0.60767
0.625166
0.56698
9.97241e-34
0.00317374
0.00306089
1.92268e-33
0.00703932
0.00679511
0.0116819
0.0120985
0.0182241
0.0269102
0.0278241
0.0188607
0.00317374
0.00306089
1.92268e-33
9.97241e-34
0.00679511
0.0120985
0.0116819
0.00703932
0.0278241
0.0269102
0.0182241
0.0188607
0.0394294
0.0382002
0.0524904
0.0540713
0.0720309
0.0701038
0.0912614
0.0935178
0.11859
0.116079
0.144546
0.147221
0.0382002
0.0540713
0.0394294
0.0524904
0.176532
0.211777
0.214301
0.179218
0.0720309
0.0912614
0.0935178
0.0701038
0.291904
0.252033
0.249902
0.290409
0.376102
0.333275
0.332704
0.375452
0.116079
0.11859
0.147221
0.144546
0.179218
0.214301
0.211777
0.176532
0.417665
0.463151
0.459116
0.419851
0.498984
0.545095
0.505175
0.536457
0.291904
0.252033
0.249902
0.290409
0.376102
0.332704
0.375452
0.333275
0.615429
0.601149
0.582102
0.570757
0.644375
0.626987
0.647694
0.668322
0.417665
0.463151
0.459116
0.419851
0.498984
0.545095
0.505175
0.536457
0.601149
0.570757
0.615429
0.582102
0.66283
0.699271
0.67204
0.686754
0.705599
0.705599
0.67514
0.67204
0.66283
0.668322
0.686754
0.699271
0.644375
0.647694
0.626987
9.2454e-34
1.76394e-33
0.00294482
0.00282438
0.00654123
0.00627807
0.0107964
0.0112477
0.0168542
0.0249301
0.0259444
0.0175521
0.00294482
0.00282438
1.76394e-33
9.2454e-34
0.0368811
0.0354922
0.0489637
0.0507852
0.00627807
0.0112477
0.0107964
0.00654123
0.0175521
0.0168542
0.0259444
0.0249301
0.0354922
0.0507852
0.0489637
0.0368811
0.0679869
0.0657102
0.0860106
0.0887545
0.110049
0.137895
0.141431
0.113219
0.169499
0.204684
0.208565
0.173279
0.0679869
0.0887545
0.0860106
0.0657102
0.246929
0.284484
0.287931
0.243153
0.137895
0.141431
0.110049
0.113219
0.328147
0.373507
0.330987
0.375453
0.466396
0.42058
0.419851
0.465584
0.204684
0.169499
0.173279
0.208565
0.287931
0.246929
0.284484
0.243153
0.55188
0.50963
0.512317
0.556762
0.598883
0.627693
0.591502
0.637852
0.328147
0.373507
0.330987
0.375453
0.466396
0.419851
0.42058
0.465584
0.703278
0.686895
0.672889
0.659717
0.728392
0.708668
0.724555
0.747707
0.50963
0.556762
0.55188
0.512317
0.637852
0.627693
0.591502
0.598883
0.659717
0.686895
0.672889
0.703278
0.737477
0.734234
0.760815
0.767439
0.767439
0.734234
0.724555
0.747707
0.760815
0.728392
0.708668
8.47512e-34
0.00257545
1.5983e-33
0.00270156
0.00270156
0.00257545
1.5983e-33
8.47512e-34
0.00600876
0.00573147
0.00985532
0.0103319
0.0153865
0.0227856
0.0238757
0.01613
0.0340321
0.032519
0.0450272
0.0470411
0.0103319
0.00985532
0.00600876
0.00573147
0.0632745
0.0607099
0.0798965
0.0830523
0.0238757
0.0153865
0.0227856
0.01613
0.0450272
0.032519
0.0470411
0.0340321
0.0632745
0.0830523
0.0798965
0.0607099
0.106574
0.102835
0.12967
0.133966
0.160434
0.195039
0.200166
0.165201
0.238585
0.280098
0.233274
0.2748
0.12967
0.133966
0.102835
0.106574
0.319163
0.370282
0.324192
0.365798
0.160434
0.165201
0.200166
0.195039
0.463151
0.465584
0.417664
0.414042
0.559705
0.513214
0.560689
0.512317
0.280098
0.238585
0.233274
0.2748
0.370282
0.324192
0.319163
0.365798
0.607397
0.651573
0.645831
0.604196
0.692375
0.717349
0.729006
0.683805
0.414042
0.417664
0.465584
0.463151
0.560689
0.512317
0.513214
0.559705
0.786942
0.760741
0.768553
0.745798
0.785162
0.79526
0.820737
0.807078
0.604196
0.607397
0.645831
0.651573
0.683805
0.692375
0.729006
0.717349
0.760741
0.786942
0.745798
0.768553
0.798657
0.827637
0.827637
0.79526
0.807078
0.820737
0.785162
7.67158e-34
0.0023178
1.4281e-33
0.00244775
7.67158e-34
0.00244775
0.0023178
1.4281e-33
0.00545139
0.00516476
0.00887722
0.00936985
0.00936985
0.00887722
0.00545139
0.00516476
0.0146263
0.0138536
0.020528
0.021668
0.0309549
0.0293559
0.0407846
0.0429379
0.0580213
0.0552383
0.0730877
0.0765683
0.021668
0.020528
0.0138536
0.0146263
0.098842
0.094638
0.120103
0.125039
0.0293559
0.0429379
0.0407846
0.0309549
0.0580213
0.0765683
0.0730877
0.0552383
0.094638
0.098842
0.125039
0.120103
0.149597
0.183118
0.189344
0.155215
0.22724
0.261633
0.220546
0.268631
0.36009
0.313084
0.306013
0.353197
0.149597
0.183118
0.189344
0.155215
0.459117
0.402593
0.409003
0.453509
0.220546
0.268631
0.261633
0.22724
0.556762
0.559706
0.505176
0.509629
0.607398
0.655035
0.656192
0.608468
0.36009
0.353197
0.306013
0.313084
0.409003
0.459117
0.402593
0.453509
0.74475
0.698545
0.702262
0.738161
0.782848
0.81582
0.802736
0.773125
0.556762
0.509629
0.505176
0.559706
0.608468
0.655035
0.607398
0.656192
0.826417
0.843676
0.863912
0.843021
0.854182
0.857701
0.878077
0.885232
0.702262
0.698545
0.738161
0.74475
0.81582
0.773125
0.802736
0.782848
0.885232
0.826417
0.878077
0.854182
0.843676
0.863912
0.843021
0.00218699
0.00205486
1.25546e-33
6.84398e-34
6.84398e-34
0.00205486
1.25546e-33
0.00218699
0.00487839
0.00458694
0.00788044
0.00838005
0.00487839
0.00458694
0.00838005
0.00788044
0.0122881
0.01821
0.0193735
0.0130736
0.0193735
0.01821
0.0122881
0.0130736
0.0277268
0.0260814
0.0363463
0.0385833
0.0523691
0.0494422
0.0657714
0.0694813
0.0902381
0.0856865
0.109464
0.1149
0.0363463
0.0260814
0.0385833
0.0277268
0.143604
0.137295
0.169262
0.176409
0.0494422
0.0523691
0.0694813
0.0657714
0.109464
0.0902381
0.1149
0.0856865
0.143604
0.176409
0.169262
0.137295
0.25386
0.213221
0.205336
0.245365
0.345172
0.297986
0.33607
0.289076
0.44637
0.385835
0.43775
0.394848
0.25386
0.245365
0.213221
0.205336
0.55188
0.491101
0.545095
0.498982
0.345172
0.289076
0.297986
0.33607
0.598883
0.651574
0.604195
0.655036
0.748722
0.750049
0.703506
0.702262
0.44637
0.43775
0.385835
0.394848
0.491101
0.498982
0.55188
0.545095
0.794066
0.833493
0.826097
0.789849
0.867586
0.881293
0.895692
0.856783
0.604195
0.651574
0.655036
0.598883
0.702262
0.703506
0.748722
0.750049
0.899164
0.917267
0.93189
0.910022
0.910022
0.913672
0.939274
0.939274
0.826097
0.789849
0.833493
0.794066
0.867586
0.895692
0.881293
0.93189
0.917267
0.856783
0.899164
0.00192251
0.00178968
1.08221e-33
6.00039e-34
0.00738037
0.00688216
0.00429841
0.00400624
6.00039e-34
0.00178968
1.08221e-33
0.00192251
0.00429841
0.00400624
0.00688216
0.00738037
0.0107213
0.0158834
0.0170447
0.0115041
0.0158834
0.0107213
0.0115041
0.0170447
0.0244271
0.0227748
0.0318256
0.0340894
0.0227748
0.0340894
0.0318256
0.0244271
0.046469
0.0434755
0.0581471
0.0619854
0.0810025
0.0762299
0.0980547
0.103837
0.12388
0.153869
0.161731
0.1307
0.0434755
0.046469
0.0619854
0.0581471
0.196931
0.188083
0.226467
0.236213
0.0762299
0.0980547
0.0810025
0.103837
0.153869
0.1307
0.161731
0.12388
0.188083
0.236213
0.196931
0.226467
0.268844
0.279333
0.314914
0.32596
0.427714
0.364256
0.416333
0.375609
0.526029
0.470503
0.536458
0.481582
0.32596
0.314914
0.268844
0.279333
0.582102
0.645832
0.637852
0.5915
0.364256
0.375609
0.427714
0.416333
0.74475
0.692375
0.748722
0.698544
0.795478
0.839442
0.837951
0.794066
0.536458
0.526029
0.481582
0.470503
0.645832
0.5915
0.582102
0.637852
0.907002
0.875366
0.880051
0.915141
0.944052
0.932273
0.966234
0.950673
0.74475
0.698544
0.692375
0.748722
0.795478
0.839442
0.837951
0.794066
0.965616
0.981265
0.961867
0.988853
0.961867
0.981265
0.950673
0.988853
0.907002
0.880051
0.915141
0.875366
0.966234
0.944052
0.932273
0.00165713
0.00152478
9.0978e-34
5.14748e-34
0.00638715
0.00589774
0.00371914
0.00342974
5.14748e-34
0.00152478
9.0978e-34
0.00165713
0.0147323
0.0135973
0.00918206
0.00994811
0.00371914
0.00342974
0.00589774
0.00638715
0.00918206
0.0135973
0.0147323
0.00994811
0.021134
0.0195127
0.0273347
0.0295697
0.0295697
0.0273347
0.021134
0.0195127
0.0404761
0.0374937
0.0504203
0.0542839
0.0404761
0.0542839
0.0504203
0.0374937
0.0713914
0.0665292
0.086194
0.0921606
0.116869
0.109732
0.13738
0.145733
0.17884
0.169285
0.205485
0.2162
0.086194
0.0713914
0.0921606
0.0665292
0.303014
0.257669
0.290345
0.245905
0.109732
0.13738
0.145733
0.116869
0.169285
0.2162
0.205485
0.17884
0.303014
0.245905
0.257669
0.290345
0.389883
0.338486
0.403693
0.351847
0.50012
0.513888
0.443982
0.457935
0.627694
0.557545
0.615429
0.570755
0.338486
0.403693
0.389883
0.351847
0.672889
0.729006
0.738162
0.683803
0.443982
0.50012
0.513888
0.457935
0.782848
0.833493
0.789848
0.837952
0.881621
0.880051
0.920048
0.921688
0.570755
0.557545
0.627694
0.615429
0.738162
0.683803
0.729006
0.672889
0.978457
0.987253
0.957643
0.952535
1.00881
0.997342
1.00996
1.02535
0.789848
0.833493
0.782848
0.837952
0.921688
0.881621
0.880051
0.920048
1.01267
1.00881
1.03311
1.03311
0.978457
0.957643
0.997342
1.02535
0.952535
0.987253
1.00996
0.00139306
0.00126205
7.39207e-34
4.29033e-34
0.00541459
0.00494
0.00314697
0.00286311
4.29033e-34
0.00126205
7.39207e-34
0.00139306
0.0124832
0.0113957
0.00769561
0.00843274
0.00314697
0.00286311
0.00494
0.00541459
0.025134
0.0229801
0.0179219
0.0163661
0.00769561
0.0113957
0.0124832
0.00843274
0.0179219
0.0163661
0.0229801
0.025134
0.0345444
0.0316475
0.0427946
0.0465824
0.0345444
0.0465824
0.0427946
0.0316475
0.0616684
0.0568483
0.0742126
0.0801981
0.0568483
0.0616684
0.0801981
0.0742126
0.095252
0.120268
0.128872
0.102505
0.159472
0.149485
0.18303
0.194403
0.233623
0.277003
0.220928
0.263082
0.095252
0.128872
0.120268
0.102505
0.309278
0.375009
0.359175
0.324256
0.149485
0.18303
0.194403
0.159472
0.263082
0.220928
0.277003
0.233623
0.359175
0.309278
0.324256
0.375009
0.48483
0.412317
0.468128
0.428735
0.525932
0.601151
0.584961
0.542565
0.644376
0.703279
0.71735
0.659714
0.468128
0.48483
0.412317
0.428735
0.815821
0.760741
0.773124
0.826098
0.601151
0.542565
0.525932
0.584961
0.867586
0.915141
0.875365
0.920048
0.994328
0.959355
0.957643
0.992555
0.71735
0.644376
0.659714
0.703279
0.815821
0.773124
0.826098
0.760741
1.01905
1.03833
1.04768
1.02453
1.06336
1.05006
1.05399
1.07128
0.920048
0.867586
0.915141
0.875365
0.959355
0.992555
0.957643
0.994328
1.02453
1.03833
1.04768
1.05006
1.07128
1.06336
1.01905
0.00113188
0.00100273
5.71057e-34
3.43237e-34
0.00447398
0.00401856
0.00258675
0.00231027
3.43237e-34
0.00100273
5.71057e-34
0.00113188
0.0103383
0.00931572
0.00628194
0.00698074
0.00258675
0.00231027
0.00401856
0.00447398
0.0208843
0.018858
0.0148575
0.0133971
0.00628194
0.00931572
0.0103383
0.00698074
0.0288202
0.0390808
0.0354639
0.0260771
0.0148575
0.0133971
0.018858
0.0208843
0.0288202
0.0260771
0.0354639
0.0390808
0.0520953
0.047444
0.0624383
0.0682797
0.0520953
0.0682797
0.047444
0.0624383
0.0880123
0.0808453
0.103019
0.11163
0.103019
0.0808453
0.0880123
0.11163
0.139383
0.129251
0.159753
0.171453
0.248687
0.207897
0.19464
0.233921
0.325111
0.342502
0.277488
0.293645
0.129251
0.171453
0.159753
0.139383
0.376436
0.430991
0.450138
0.394836
0.233921
0.19464
0.248687
0.207897
0.325111
0.277488
0.342502
0.293645
0.376436
0.430991
0.394836
0.450138
0.566981
0.547343
0.48819
0.507759
0.607671
0.668323
0.686896
0.626984
0.786943
0.745795
0.802737
0.728393
0.566981
0.547343
0.48819
0.507759
0.856781
0.843022
0.907002
0.895693
0.668323
0.626984
0.607671
0.686896
0.987253
0.944052
0.952534
0.992556
1.0552
1.05332
1.02636
1.02453
0.728393
0.786943
0.745795
0.802737
0.895693
0.907002
0.856781
0.843022
1.08486
1.09464
1.07294
1.07871
1.08887
1.10267
1.10267
1.08486
0.952534
0.987253
0.992556
0.944052
1.05332
1.09464
1.02636
1.0552
1.07871
1.07294
1.02453
0.000874477
0.000747342
4.05444e-34
2.5755e-34
2.5755e-34
0.000747342
4.05444e-34
0.000874477
0.00357311
0.00313923
0.00204148
0.00177329
0.00832996
0.00738482
0.00495472
0.0056091
0.00204148
0.00177329
0.00313923
0.00357311
0.010655
0.0169098
0.015049
0.011997
0.00495472
0.00738482
0.00832996
0.0056091
0.0234356
0.0319647
0.0286033
0.020905
0.011997
0.010655
0.015049
0.0169098
0.0429211
0.0567274
0.0511833
0.0385551
0.0234356
0.020905
0.0286033
0.0319647
0.0429211
0.0385551
0.0511833
0.0567274
0.0737921
0.0669062
0.0861161
0.0944948
0.0737921
0.0944948
0.0861161
0.0669062
0.11915
0.109161
0.136324
0.148015
0.148015
0.109161
0.136324
0.11915
0.218896
0.18124
0.203717
0.167807
0.244052
0.260912
0.307131
0.288693
0.337398
0.410831
0.389806
0.357238
0.203717
0.167807
0.218896
0.18124
0.445433
0.526191
0.503683
0.46736
0.244052
0.288693
0.260912
0.307131
0.389806
0.337398
0.410831
0.357238
0.526191
0.445433
0.503683
0.46736
0.647696
0.563857
0.625167
0.586574
0.747708
0.686755
0.768554
0.708664
0.826415
0.807079
0.863913
0.881294
0.563857
0.625167
0.647696
0.586574
0.917268
0.978457
0.932271
0.966235
0.686755
0.768554
0.708664
0.747708
1.00996
1.04768
1.01905
1.05332
1.1025
1.07871
1.08065
1.10053
0.826415
0.881294
0.863913
0.807079
0.932271
0.966235
0.917268
0.978457
1.12673
1.11666
1.11261
1.1186
1.1186
1.10053
1.11261
1.12673
1.04768
1.01905
1.00996
1.05332
1.08065
1.1025
1.07871
1.72026e-34
0.000495711
2.42041e-34
0.000621014
0.000621014
0.000495711
2.42041e-34
1.72026e-34
0.00271569
0.0023035
0.00151224
0.00125215
0.00151224
0.00125215
0.0023035
0.00271569
0.00648037
0.00561897
0.00372002
0.00432782
0.0132813
0.0116131
0.0093822
0.00817297
0.00372002
0.00561897
0.00432782
0.00648037
0.0185014
0.0253964
0.02236
0.0162286
0.0093822
0.00817297
0.0116131
0.0132813
0.0343711
0.0458402
0.0303902
0.0407299
0.0185014
0.0162286
0.02236
0.0253964
0.0602275
0.0779403
0.0700207
0.0538017
0.0343711
0.0303902
0.0407299
0.0458402
0.0602275
0.0538017
0.0700207
0.0779403
0.0993445
0.0897763
0.113411
0.124762
0.0993445
0.124762
0.0897763
0.113411
0.141203
0.17335
0.154426
0.188499
0.141203
0.188499
0.17335
0.154426
0.250994
0.269935
0.209949
0.227018
0.296357
0.368073
0.31705
0.345791
0.398926
0.455272
0.479985
0.422561
0.250994
0.209949
0.269935
0.227018
0.514228
0.600904
0.575087
0.539678
0.345791
0.296357
0.31705
0.368073
0.479985
0.398926
0.455272
0.422561
0.575087
0.514228
0.600904
0.539678
0.699272
0.724556
0.637056
0.662826
0.820737
0.760816
0.843677
0.785159
0.899161
0.931891
0.950674
0.878078
0.637056
0.724556
0.662826
0.699272
0.997341
1.02535
0.981265
1.03833
0.785159
0.820737
0.843677
0.760816
1.07294
1.10053
1.06336
1.09464
1.13483
1.1186
1.1328
1.12061
0.878078
0.899161
0.950674
0.931891
0.997341
1.03833
1.02535
0.981265
1.1328
1.13689
1.14301
1.14301
1.09464
1.13483
1.12061
1.10053
1.07294
1.06336
1.1186
0.000371
0.000247035
8.0142e-35
8.66314e-35
8.66314e-35
0.000247035
8.0142e-35
0.000371
0.000997985
0.000744786
0.00150813
0.00190089
0.00190089
0.00150813
0.000997985
0.000744786
0.00479881
0.00402035
0.00257526
0.00313879
0.00257526
0.00313879
0.00402035
0.00479881
0.0100464
0.0085842
0.00703682
0.00596467
0.0141001
0.0195052
0.0168429
0.0121132
0.00703682
0.00596467
0.0085842
0.0100464
0.0266344
0.03588
0.0313155
0.0231159
0.0141001
0.0121132
0.0168429
0.0195052
0.0476649
0.0624083
0.0551495
0.0418528
0.0266344
0.0231159
0.0313155
0.03588
0.0805127
0.102349
0.091651
0.0716198
0.0476649
0.0418528
0.0551495
0.0624083
0.102349
0.0805127
0.0716198
0.091651
0.115584
0.143694
0.158379
0.128223
0.128223
0.158379
0.115584
0.143694
0.23201
0.176174
0.192956
0.21312
0.23201
0.176174
0.21312
0.192956
0.254522
0.300248
0.323127
0.275458
0.350048
0.403549
0.429731
0.37469
0.519566
0.547906
0.460256
0.487684
0.300248
0.254522
0.323127
0.275458
0.580769
0.672042
0.643069
0.609634
0.429731
0.403549
0.350048
0.37469
0.460256
0.547906
0.487684
0.519566
0.580769
0.672042
0.643069
0.609634
0.73423
0.7056
0.76744
0.795262
0.85418
0.827638
0.910023
0.885232
1.00881
0.939275
0.961865
0.988853
0.76744
0.795262
0.7056
0.73423
1.08486
1.07128
1.05006
1.03311
0.827638
0.885232
0.85418
0.910023
1.10267
1.11261
1.1328
1.12673
1.14917
1.14507
1.14301
1.15123
0.988853
0.939275
0.961865
1.00881
1.03311
1.05006
1.08486
1.07128
1.14301
1.1328
1.14507
1.15123
1.10267
1.12673
1.11261
1.58684e-36
0.000123357
0.000123357
1.58684e-36
0.00112297
0.000495642
0.000495642
0.00112297
0.00327978
0.00203467
0.00203467
0.00327978
0.00496325
0.00722403
0.00496325
0.00722403
0.0102777
0.0143776
0.0198514
0.0270554
0.0102777
0.0143776
0.0363953
0.0482855
0.0270554
0.0198514
0.0631479
0.0813866
0.0482855
0.0363953
0.103364
0.129396
0.0631479
0.0813866
0.103364
0.129396
0.15971
0.194464
0.15971
0.194464
0.233687
0.277324
0.277324
0.233687
0.325168
0.376922
0.432137
0.490276
0.612569
0.550668
0.376922
0.325168
0.737478
0.675136
0.490276
0.432137
0.550668
0.612569
0.737478
0.675136
0.798654
0.857702
0.965616
0.91367
1.05399
1.01267
0.798654
0.857702
1.11666
1.08886
0.965616
0.91367
1.14917
1.13689
1.1533
1.14917
1.01267
1.05399
1.08886
1.13689
1.11666
0.115584
0.254522
0.21312
0.000247035
0.143694
0.176174
0.143694
0.176174
0.115584
0.00402035
0.00596467
0.091651
0.21312
0.0121132
0.0716198
0.0551495
0.254522
0.0418528
0.0313155
0.300248
0.0231159
0.0168429
0.350048
0.0085842
0.403549
0.460256
0.00257526
0.00150813
0.519566
0.000744786
0.580769
0.643069
0.000247035
0.300248
0.350048
0.7056
0.76744
0.460256
0.827638
0.000744786
0.885232
0.939275
0.00150813
0.988853
1.03311
0.00257526
1.07128
1.10267
0.00402035
0.939275
1.12673
0.988853
1.14301
0.00596467
1.15123
1.15123
0.0085842
1.14301
1.12673
0.0121132
1.10267
1.07128
0.0168429
1.03311
0.0231159
0.885232
0.0313155
0.827638
0.76744
0.0418528
0.7056
0.643069
0.0551495
0.580769
0.519566
0.0716198
0.403549
0.091651
8.0142e-35
8.0142e-35
8.66314e-35
0.000371
0.000371
8.66314e-35
0.00190089
0.000997985
0.000997985
0.00190089
0.00313879
0.00479881
0.00313879
0.00479881
0.0100464
0.00703682
0.00703682
0.0100464
0.0195052
0.0141001
0.03588
0.0266344
0.0141001
0.0195052
0.0476649
0.0624083
0.03588
0.0266344
0.102349
0.0805127
0.0476649
0.0624083
0.128223
0.158379
0.0805127
0.102349
0.128223
0.158379
0.23201
0.192956
0.23201
0.192956
0.275458
0.323127
0.323127
0.275458
0.429731
0.37469
0.547906
0.487684
0.609634
0.672042
0.37469
0.429731
0.795262
0.73423
0.547906
0.487684
0.672042
0.609634
0.73423
0.795262
0.85418
0.910023
1.00881
0.961865
1.05006
1.08486
0.910023
0.85418
1.1328
1.11261
1.00881
0.961865
1.14917
1.14507
1.14507
1.1328
1.08486
1.05006
1.11261
0.209949
0.17335
0.17335
0.141203
0.209949
0.113411
0.0023035
0.0897763
0.0700207
0.250994
0.0538017
0.296357
0.0407299
0.0303902
0.02236
0.345791
0.0162286
0.398926
0.0116131
0.00817297
0.00561897
0.455272
0.00372002
0.514228
0.00125215
0.000495711
0.575087
0.637056
0.000495711
0.699272
0.250994
0.760816
0.820737
0.345791
0.00125215
0.878078
0.931891
0.514228
0.981265
0.0023035
1.02535
0.00372002
1.06336
1.09464
1.1186
0.820737
0.00561897
1.13483
0.00817297
0.981265
1.14301
1.14301
1.13483
0.0116131
1.1186
0.0162286
1.09464
1.06336
1.02535
0.02236
0.0303902
0.931891
0.878078
0.0407299
0.760816
0.0538017
0.699272
0.637056
0.575087
0.0700207
0.0897763
0.455272
0.398926
0.113411
0.296357
0.141203
2.42041e-34
2.42041e-34
1.72026e-34
0.000621014
0.000621014
1.72026e-34
0.00271569
0.00151224
0.00151224
0.00271569
0.00432782
0.00648037
0.00648037
0.00432782
0.0132813
0.0093822
0.0093822
0.0132813
0.0253964
0.0185014
0.0343711
0.0458402
0.0185014
0.0253964
0.0602275
0.0779403
0.0458402
0.0343711
0.0993445
0.124762
0.0779403
0.0602275
0.188499
0.154426
0.0993445
0.124762
0.188499
0.154426
0.227018
0.269935
0.269935
0.227018
0.368073
0.31705
0.31705
0.368073
0.479985
0.422561
0.600904
0.539678
0.662826
0.724556
0.479985
0.422561
0.785159
0.843677
0.539678
0.600904
0.724556
0.662826
0.785159
0.843677
0.899161
0.950674
0.997341
1.03833
1.07294
1.10053
0.950674
0.899161
1.1328
1.12061
0.997341
1.03833
1.13689
1.1328
1.12061
1.07294
1.10053
0.203717
0.136324
0.244052
0.000747342
0.109161
0.0861161
0.0669062
0.288693
0.0511833
0.00738482
0.010655
0.337398
0.0385551
0.0286033
0.020905
0.389806
0.015049
0.445433
0.00495472
0.503683
0.00313923
0.563857
0.00177329
0.625167
0.686755
0.000747342
0.747708
0.203717
0.807079
0.00177329
0.863913
0.917268
0.966235
0.389806
0.445433
0.00313923
1.00996
0.00495472
1.04768
1.07871
1.1025
0.00738482
0.747708
1.1186
0.010655
0.863913
0.917268
1.12673
1.12673
1.1186
0.015049
1.1025
0.020905
1.07871
1.04768
1.00996
0.0286033
0.966235
0.0385551
0.807079
0.0511833
0.0669062
0.686755
0.625167
0.563857
0.0861161
0.503683
0.109161
0.337398
0.136324
0.288693
0.167807
0.244052
0.167807
4.05444e-34
4.05444e-34
2.5755e-34
0.000874477
0.000874477
2.5755e-34
0.00204148
0.00357311
0.00204148
0.00357311
0.0056091
0.00832996
0.00832996
0.0056091
0.0169098
0.011997
0.011997
0.0169098
0.0234356
0.0319647
0.0429211
0.0567274
0.0234356
0.0319647
0.0737921
0.0944948
0.0567274
0.0429211
0.148015
0.11915
0.0737921
0.0944948
0.218896
0.18124
0.11915
0.148015
0.218896
0.18124
0.307131
0.260912
0.307131
0.260912
0.357238
0.410831
0.410831
0.357238
0.526191
0.46736
0.647696
0.586574
0.708664
0.768554
0.46736
0.526191
0.826415
0.881294
0.586574
0.647696
0.768554
0.708664
0.826415
0.881294
0.978457
0.932271
1.01905
1.05332
1.08065
1.10053
0.932271
0.978457
1.11666
1.11261
1.05332
1.01905
1.11261
1.10053
1.08065
0.277488
0.0808453
0.0624383
0.325111
0.047444
0.0354639
0.376436
0.0260771
0.018858
0.430991
0.0133971
0.00931572
0.48819
0.00628194
0.00401856
0.547343
0.00231027
0.00100273
0.607671
0.668323
0.00100273
0.103019
0.129251
0.728393
0.786943
0.19464
0.843022
0.00231027
0.895693
0.944052
0.00401856
0.987253
1.02453
0.00628194
1.0552
1.07871
0.00931572
0.607671
1.09464
0.668323
1.10267
0.0133971
1.10267
1.09464
0.018858
0.895693
0.944052
1.07871
1.0552
0.0260771
1.02453
0.987253
0.0354639
0.047444
0.843022
0.786943
0.0624383
0.728393
0.0808453
0.547343
0.103019
0.48819
0.430991
0.129251
0.376436
0.325111
0.159753
0.277488
0.233921
0.19464
0.159753
0.233921
5.71057e-34
5.71057e-34
3.43237e-34
0.00113188
0.00113188
3.43237e-34
0.00447398
0.00258675
0.00258675
0.00447398
0.0103383
0.00698074
0.00698074
0.0103383
0.0208843
0.0148575
0.0148575
0.0208843
0.0390808
0.0288202
0.0520953
0.0682797
0.0390808
0.0288202
0.11163
0.0880123
0.0520953
0.0682797
0.171453
0.139383
0.11163
0.0880123
0.248687
0.207897
0.171453
0.139383
0.207897
0.248687
0.342502
0.293645
0.293645
0.342502
0.450138
0.394836
0.394836
0.450138
0.566981
0.507759
0.686896
0.626984
0.745795
0.802737
0.507759
0.566981
0.907002
0.856781
0.626984
0.686896
0.802737
0.745795
0.907002
0.856781
0.952534
0.992556
1.02636
1.05332
1.07294
1.08486
0.992556
0.952534
1.08486
1.08887
1.02636
1.07294
1.05332
0.0568483
0.0427946
0.359175
0.0316475
0.412317
0.0229801
0.0163661
0.0113957
0.468128
0.00769561
0.525932
0.00494
0.00286311
0.00126205
0.584961
0.644376
0.00126205
0.703279
0.0742126
0.760741
0.815821
0.120268
0.00286311
0.867586
0.915141
0.220928
0.957643
0.00494
0.994328
0.00769561
1.02453
1.04768
1.06336
0.468128
0.0113957
1.07128
0.0163661
0.644376
1.07128
1.06336
1.04768
0.0229801
0.815821
1.02453
0.0316475
0.994328
0.957643
0.915141
0.0427946
0.867586
0.0568483
0.760741
0.703279
0.0742126
0.095252
0.584961
0.525932
0.120268
0.412317
0.149485
0.359175
0.309278
0.263082
0.18303
0.220928
0.18303
0.149485
0.263082
0.095252
0.309278
7.39207e-34
7.39207e-34
4.29033e-34
0.00139306
0.00139306
4.29033e-34
0.00541459
0.00314697
0.00314697
0.00541459
0.0124832
0.00843274
0.0124832
0.00843274
0.0179219
0.025134
0.0179219
0.025134
0.0345444
0.0465824
0.0616684
0.0801981
0.0345444
0.0465824
0.128872
0.102505
0.0801981
0.0616684
0.194403
0.159472
0.128872
0.102505
0.277003
0.233623
0.194403
0.159472
0.233623
0.277003
0.375009
0.324256
0.375009
0.324256
0.48483
0.428735
0.48483
0.428735
0.601151
0.542565
0.659714
0.71735
0.826098
0.773124
0.542565
0.601151
0.875365
0.920048
0.71735
0.659714
0.773124
0.826098
0.920048
0.875365
0.992555
0.959355
1.03833
1.01905
1.05006
1.05399
0.959355
0.992555
1.03833
1.05006
1.01905
0.389883
0.0273347
0.443982
0.0195127
0.0135973
0.00918206
0.50012
0.00589774
0.557545
0.00342974
0.00152478
0.615429
0.672889
0.00152478
0.729006
0.0504203
0.782848
0.00342974
0.833493
0.880051
0.921688
0.13738
0.169285
0.00589774
0.957643
0.00918206
0.987253
1.00996
1.02535
0.0135973
0.389883
1.03311
0.0195127
0.50012
0.557545
1.03311
1.02535
1.00996
0.0273347
0.729006
0.987253
0.0374937
0.957643
0.921688
0.880051
0.0504203
0.833493
0.0665292
0.782848
0.672889
0.086194
0.615429
0.109732
0.443982
0.13738
0.169285
0.338486
0.290345
0.245905
0.205485
0.205485
0.245905
0.109732
0.290345
0.086194
0.338486
0.0665292
0.0374937
9.0978e-34
9.0978e-34
5.14748e-34
0.00165713
0.00165713
5.14748e-34
0.00371914
0.00638715
0.00371914
0.00638715
0.0147323
0.00994811
0.00994811
0.0147323
0.021134
0.0295697
0.021134
0.0295697
0.0542839
0.0404761
0.0921606
0.0713914
0.0404761
0.0542839
0.116869
0.145733
0.0713914
0.0921606
0.17884
0.2162
0.116869
0.145733
0.257669
0.303014
0.2162
0.17884
0.257669
0.303014
0.403693
0.351847
0.403693
0.351847
0.513888
0.457935
0.457935
0.513888
0.627694
0.570755
0.738162
0.683803
0.789848
0.837952
0.570755
0.627694
0.920048
0.881621
0.738162
0.683803
0.789848
0.837952
0.920048
0.881621
0.978457
0.952535
1.00881
0.997342
1.01267
1.00881
0.952535
0.997342
0.978457
0.470503
0.0107213
0.00688216
0.526029
0.00400624
0.00178968
0.582102
0.637852
0.00178968
0.0158834
0.0227748
0.692375
0.74475
0.0434755
0.794066
0.00400624
0.839442
0.880051
0.00688216
0.915141
0.944052
0.0107213
0.966234
0.981265
0.0158834
0.268844
0.988853
0.314914
0.988853
0.0227748
0.981265
0.966234
0.0318256
0.526029
0.582102
0.944052
0.915141
0.0434755
0.880051
0.839442
0.0581471
0.794066
0.74475
0.0762299
0.692375
0.637852
0.0980547
0.12388
0.470503
0.416333
0.153869
0.364256
0.188083
0.226467
0.226467
0.188083
0.153869
0.268844
0.12388
0.0980547
0.314914
0.0762299
0.0581471
0.364256
0.0318256
0.416333
1.08221e-33
1.08221e-33
6.00039e-34
0.00192251
0.00192251
6.00039e-34
0.00738037
0.00429841
0.00429841
0.00738037
0.0115041
0.0170447
0.0170447
0.0115041
0.0340894
0.0244271
0.0244271
0.0340894
0.046469
0.0619854
0.0810025
0.103837
0.046469
0.0619854
0.161731
0.1307
0.103837
0.0810025
0.196931
0.236213
0.1307
0.161731
0.279333
0.32596
0.196931
0.236213
0.32596
0.279333
0.427714
0.375609
0.375609
0.427714
0.481582
0.536458
0.536458
0.481582
0.645832
0.5915
0.748722
0.698544
0.837951
0.795478
0.645832
0.5915
0.875366
0.907002
0.748722
0.698544
0.795478
0.837951
0.907002
0.875366
0.932273
0.950673
0.965616
0.961867
0.961867
0.950673
0.932273
0.00458694
0.00205486
0.545095
0.598883
0.00205486
0.651574
0.00788044
0.702262
0.750049
0.01821
0.00458694
0.794066
0.833493
0.0494422
0.867586
0.00788044
0.895692
0.0122881
0.917267
0.93189
0.939274
0.169262
0.01821
0.939274
0.0260814
0.289076
0.93189
0.917267
0.895692
0.0363463
0.43775
0.867586
0.0494422
0.833493
0.794066
0.750049
0.0657714
0.702262
0.0856865
0.651574
0.598883
0.545095
0.109464
0.491101
0.137295
0.385835
0.33607
0.169262
0.205336
0.245365
0.205336
0.245365
0.137295
0.289076
0.109464
0.0856865
0.0657714
0.33607
0.385835
0.0363463
0.0260814
0.43775
0.0122881
0.491101
1.25546e-33
1.25546e-33
6.84398e-34
0.00218699
0.00218699
6.84398e-34
0.00487839
0.00838005
0.00487839
0.00838005
0.0193735
0.0130736
0.0193735
0.0130736
0.0385833
0.0277268
0.0277268
0.0385833
0.0523691
0.0694813
0.1149
0.0902381
0.0523691
0.0694813
0.176409
0.143604
0.0902381
0.1149
0.213221
0.25386
0.143604
0.176409
0.297986
0.345172
0.213221
0.25386
0.297986
0.345172
0.44637
0.394848
0.44637
0.394848
0.55188
0.498982
0.55188
0.498982
0.604195
0.655036
0.748722
0.703506
0.826097
0.789849
0.655036
0.604195
0.856783
0.881293
0.748722
0.703506
0.789849
0.826097
0.881293
0.856783
0.910022
0.899164
0.910022
0.913672
0.899164
0.556762
0.607398
0.0023178
0.0023178
0.656192
0.702262
0.00516476
0.74475
0.782848
0.020528
0.0293559
0.81582
0.00887722
0.843021
0.0138536
0.863912
0.878077
0.885232
0.120103
0.020528
0.885232
0.183118
0.220546
0.0293559
0.878077
0.863912
0.843021
0.353197
0.0407846
0.81582
0.0552383
0.782848
0.74475
0.556762
0.702262
0.0730877
0.656192
0.094638
0.607398
0.505176
0.120103
0.453509
0.149597
0.402593
0.306013
0.183118
0.261633
0.220546
0.149597
0.261633
0.306013
0.094638
0.0730877
0.0552383
0.353197
0.0407846
0.402593
0.0138536
0.453509
0.00887722
0.505176
0.00516476
1.4281e-33
1.4281e-33
7.67158e-34
0.00244775
7.67158e-34
0.00244775
0.00936985
0.00545139
0.00545139
0.00936985
0.021668
0.0146263
0.021668
0.0146263
0.0309549
0.0429379
0.0309549
0.0429379
0.0765683
0.0580213
0.125039
0.098842
0.0580213
0.0765683
0.189344
0.155215
0.125039
0.098842
0.268631
0.22724
0.155215
0.189344
0.36009
0.313084
0.22724
0.268631
0.36009
0.313084
0.409003
0.459117
0.409003
0.459117
0.559706
0.509629
0.559706
0.509629
0.608468
0.655035
0.738161
0.698545
0.773125
0.802736
0.608468
0.655035
0.843676
0.826417
0.698545
0.738161
0.773125
0.802736
0.843676
0.826417
0.857701
0.854182
0.854182
0.00257545
0.607397
0.651573
0.692375
0.00573147
0.729006
0.760741
0.00985532
0.786942
0.807078
0.0153865
0.820737
0.827637
0.0607099
0.0227856
0.0798965
0.827637
0.820737
0.032519
0.807078
0.786942
0.195039
0.233274
0.0450272
0.760741
0.729006
0.0607099
0.692375
0.651573
0.0798965
0.607397
0.560689
0.102835
0.512317
0.463151
0.12967
0.414042
0.365798
0.160434
0.319163
0.2748
0.195039
0.233274
0.160434
0.12967
0.2748
0.102835
0.319163
0.0450272
0.365798
0.032519
0.0227856
0.414042
0.0153865
0.00985532
0.463151
0.00573147
0.00257545
0.512317
0.560689
1.5983e-33
1.5983e-33
8.47512e-34
0.00270156
0.00270156
8.47512e-34
0.00600876
0.0103319
0.00600876
0.0103319
0.01613
0.0238757
0.0238757
0.01613
0.0470411
0.0340321
0.0470411
0.0340321
0.0830523
0.0632745
0.133966
0.106574
0.0632745
0.0830523
0.200166
0.165201
0.133966
0.106574
0.238585
0.280098
0.200166
0.165201
0.324192
0.370282
0.238585
0.280098
0.324192
0.370282
0.417664
0.465584
0.417664
0.465584
0.559705
0.513214
0.559705
0.513214
0.645831
0.604196
0.683805
0.717349
0.768553
0.745798
0.604196
0.645831
0.785162
0.79526
0.683805
0.717349
0.745798
0.768553
0.785162
0.798657
0.79526
0.637852
0.00627807
0.672889
0.703278
0.728392
0.0107964
0.747707
0.0168542
0.760815
0.0249301
0.767439
0.767439
0.0249301
0.0657102
0.760815
0.0354922
0.747707
0.728392
0.137895
0.703278
0.0489637
0.672889
0.0657102
0.637852
0.598883
0.328147
0.556762
0.0860106
0.512317
0.110049
0.466396
0.419851
0.373507
0.137895
0.169499
0.284484
0.243153
0.204684
0.204684
0.169499
0.243153
0.110049
0.0860106
0.284484
0.328147
0.0489637
0.0354922
0.373507
0.0168542
0.419851
0.0107964
0.00627807
0.00282438
0.466396
0.512317
0.00282438
0.556762
0.598883
1.76394e-33
1.76394e-33
9.2454e-34
0.00294482
0.00294482
9.2454e-34
0.0112477
0.00654123
0.00654123
0.0112477
0.0259444
0.0175521
0.0175521
0.0259444
0.0368811
0.0507852
0.0368811
0.0507852
0.0679869
0.0887545
0.141431
0.113219
0.0679869
0.0887545
0.208565
0.173279
0.141431
0.113219
0.287931
0.246929
0.173279
0.208565
0.375453
0.330987
0.287931
0.246929
0.375453
0.330987
0.42058
0.465584
0.42058
0.465584
0.50963
0.55188
0.50963
0.55188
0.591502
0.627693
0.659717
0.686895
0.724555
0.708668
0.591502
0.627693
0.737477
0.734234
0.686895
0.659717
0.724555
0.708668
0.734234
0.00679511
0.615429
0.644375
0.668322
0.0116819
0.686754
0.0116819
0.0182241
0.699271
0.0269102
0.0382002
0.705599
0.705599
0.0269102
0.699271
0.0912614
0.0382002
0.686754
0.668322
0.644375
0.0524904
0.211777
0.249902
0.615429
0.0701038
0.582102
0.545095
0.505175
0.0912614
0.463151
0.116079
0.419851
0.376102
0.332704
0.144546
0.290409
0.176532
0.176532
0.211777
0.144546
0.249902
0.116079
0.0701038
0.290409
0.0524904
0.332704
0.0182241
0.376102
0.419851
0.00679511
0.00306089
0.463151
0.505175
0.00306089
0.545095
0.582102
1.92268e-33
1.92268e-33
9.97241e-34
0.00317374
0.00317374
9.97241e-34
0.0120985
0.00703932
0.00703932
0.0120985
0.0278241
0.0188607
0.0278241
0.0188607
0.0540713
0.0394294
0.0394294
0.0540713
0.0720309
0.0935178
0.11859
0.147221
0.0720309
0.0935178
0.214301
0.179218
0.11859
0.147221
0.252033
0.291904
0.179218
0.214301
0.333275
0.375452
0.291904
0.252033
0.375452
0.333275
0.417665
0.459116
0.459116
0.417665
0.498984
0.536457
0.536457
0.498984
0.570757
0.601149
0.626987
0.647694
0.66283
0.67204
0.570757
0.601149
0.67204
0.67514
0.647694
0.626987
0.66283
0.60767
0.0124933
0.625166
0.00328114
0.637055
0.0194651
0.643068
0.643068
0.0286776
0.0286776
0.0405735
0.637055
0.625166
0.0405735
0.60767
0.58496
0.0555139
0.557545
0.526029
0.0737715
0.4911
0.216115
0.453508
0.0955039
0.414042
0.373507
0.120754
0.332704
0.292403
0.149435
0.253325
0.181335
0.181335
0.149435
0.216115
0.120754
0.0955039
0.253325
0.0737715
0.0555139
0.292403
0.332704
0.0194651
0.0124933
0.373507
0.00727309
0.414042
0.453508
0.00328114
0.58496
0.4911
0.526029
0.557545
0.00727309
2.07205e-33
2.07205e-33
1.06457e-33
0.00338448
0.00338448
1.06457e-33
0.00749363
0.0128664
0.00749363
0.0128664
0.0294685
0.0200255
0.0200255
0.0294685
0.0568122
0.0416113
0.0416113
0.0568122
0.0972104
0.0752965
0.151175
0.122538
0.0752965
0.0972104
0.18285
0.21721
0.151175
0.122538
0.253751
0.291904
0.21721
0.18285
0.330988
0.370282
0.291904
0.253751
0.330988
0.370282
0.446369
0.409005
0.446369
0.409005
0.481584
0.513886
0.513886
0.481584
0.56698
0.542569
0.600903
0.586579
0.612567
0.609638
0.56698
0.542569
0.609638
0.586579
0.600903
0.0132133
0.575085
0.0205481
0.580767
0.580767
0.575085
0.0132133
0.0301885
0.563855
0.0425509
0.547342
0.525931
0.500119
0.0766134
0.0579537
0.470502
0.0766134
0.437749
0.152425
0.402592
0.365798
0.217575
0.0986209
0.328147
0.123946
0.290409
0.253324
0.152425
0.183771
0.183771
0.123946
0.0986209
0.217575
0.253324
0.0579537
0.0425509
0.0301885
0.290409
0.0205481
0.328147
0.00770277
0.00348133
0.365798
0.402592
0.00348133
0.563855
0.437749
0.470502
0.500119
0.00770277
0.525931
0.547342
2.20957e-33
2.20957e-33
1.12549e-33
0.00357331
0.00357331
1.12549e-33
0.0135347
0.00789522
0.00789522
0.0135347
0.0308367
0.0210191
0.0308367
0.0210191
0.0589348
0.0433703
0.0433703
0.0589348
0.0997302
0.0776948
0.15318
0.124951
0.0776948
0.0997302
0.21721
0.184073
0.124951
0.15318
0.28793
0.252034
0.21721
0.184073
0.360089
0.324193
0.252034
0.28793
0.324193
0.360089
0.39485
0.427713
0.39485
0.427713
0.457939
0.484828
0.457939
0.484828
0.507763
0.526189
0.539683
0.547904
0.550673
0.547904
0.526189
0.507763
0.539683
0.0214476
0.519564
0.519564
0.00365784
0.514226
0.0314051
0.503681
0.0440809
0.488189
0.0314051
0.0440809
0.468126
0.443981
0.0597445
0.416332
0.0785521
0.385834
0.353197
0.153431
0.319163
0.100526
0.284484
0.125564
0.249901
0.216115
0.183771
0.153431
0.183771
0.125564
0.100526
0.0785521
0.216115
0.0597445
0.249901
0.0214476
0.284484
0.013826
0.319163
0.00807557
0.353197
0.385834
0.00365784
0.514226
0.416332
0.443981
0.00807557
0.468126
0.488189
0.503681
0.013826
2.33279e-33
2.33279e-33
1.179e-33
0.00373673
0.00373673
1.179e-33
0.00823595
0.0140886
0.00823595
0.0140886
0.0318942
0.0218179
0.0318942
0.0218179
0.0603821
0.0446606
0.0446606
0.0603821
0.0791604
0.101008
0.15318
0.125763
0.101008
0.0791604
0.182851
0.214301
0.125763
0.15318
0.280097
0.246931
0.214301
0.182851
0.345171
0.313087
0.280097
0.246931
0.313087
0.345171
0.375612
0.403691
0.375612
0.403691
0.450136
0.428739
0.450136
0.428739
0.467364
0.479982
0.487689
0.490274
0.487689
0.467364
0.479982
0.455271
0.0322968
0.445432
0.43099
0.0451238
0.412315
0.389882
0.0608386
0.364255
0.0322968
0.336069
0.0795349
0.306012
0.0795349
0.274799
0.101167
0.101167
0.243153
0.211777
0.125564
0.181335
0.152424
0.152424
0.125564
0.181335
0.0608386
0.211777
0.0451238
0.243153
0.0221421
0.0143177
0.274799
0.0083838
0.00380731
0.306012
0.336069
0.00380731
0.460255
0.364255
0.460255
0.389882
0.412315
0.0083838
0.43099
0.445432
0.0143177
0.455271
0.0221421
2.43943e-33
2.43943e-33
1.22417e-33
0.00387159
0.00387159
1.22417e-33
0.0145155
0.00850872
0.0145155
0.00850872
0.0224027
0.0326146
0.0326146
0.0224027
0.0611156
0.0454485
0.0454485
0.0611156
0.0796535
0.101008
0.124951
0.151174
0.101008
0.0796535
0.208564
0.179219
0.151174
0.124951
0.238587
0.26863
0.208564
0.179219
0.325959
0.297989
0.26863
0.238587
0.297989
0.325959
0.351851
0.375007
0.375007
0.351851
0.394841
0.410829
0.410829
0.394841
0.422566
0.429728
0.432143
0.429728
0.422566
0.032841
0.376435
0.0456521
0.359174
0.338485
0.314913
0.0146772
0.0612066
0.289075
0.032841
0.0795349
0.261632
0.233273
0.204684
0.100526
0.176532
0.123946
0.149435
0.123946
0.100526
0.149435
0.0795349
0.176532
0.0612066
0.0456521
0.204684
0.0226146
0.233273
0.00862098
0.00392686
0.261632
0.289075
0.00392686
0.389805
0.314913
0.338485
0.359174
0.403547
0.00862098
0.376435
0.389805
0.398924
0.0146772
0.0226146
0.403547
0.398924
2.52745e-33
2.52745e-33
1.2602e-33
0.00397525
0.00397525
1.2602e-33
0.0148058
0.00870776
0.00870776
0.0148058
0.0329794
0.0227593
0.0227593
0.0329794
0.0611157
0.0457134
0.0457134
0.0611157
0.0997301
0.0791605
0.147221
0.122538
0.0997301
0.0791605
0.200165
0.17328
0.147221
0.122538
0.253859
0.227243
0.200165
0.17328
0.279337
0.303012
0.227243
0.253859
0.279337
0.303012
0.3425
0.324261
0.3425
0.324261
0.357243
0.36807
0.36807
0.357243
0.374696
0.37692
0.374696
0.0456521
0.309276
0.290344
0.268843
0.0608386
0.245364
0.0148963
0.0785521
0.220545
0.033024
0.195039
0.169498
0.0986208
0.144545
0.120754
0.120754
0.0986208
0.0785521
0.144545
0.0608386
0.169498
0.0456521
0.0228539
0.195039
0.220545
0.00878205
0.00401409
0.245364
0.268843
0.00401409
0.325109
0.290344
0.309276
0.345789
0.350046
0.00878205
0.325109
0.337397
0.345789
0.0148963
0.350046
0.0228539
0.337397
0.033024
2.59512e-33
2.59512e-33
1.28641e-33
0.00404562
0.00404562
1.28641e-33
0.0149527
0.00882879
0.00882879
0.0149527
0.0329794
0.0228789
0.0329794
0.0228789
0.0603822
0.0454484
0.0454484
0.0603822
0.0776949
0.0972102
0.118591
0.14143
0.0776949
0.0972102
0.165203
0.189343
0.14143
0.118591
0.213224
0.236211
0.189343
0.165203
0.277001
0.257673
0.236211
0.213224
0.257673
0.277001
0.307128
0.29365
0.29365
0.307128
0.323125
0.317055
0.317055
0.323125
0.325173
0.226466
0.0597446
0.205335
0.00406724
0.183117
0.0766133
0.160434
0.137894
0.0955038
0.0328411
0.0451238
0.116078
0.0955038
0.116078
0.0766133
0.0597446
0.137894
0.160434
0.0228539
0.01497
0.183117
0.00886353
0.205335
0.226466
0.00406724
0.245904
0.245904
0.263081
0.263081
0.277487
0.00886353
0.288691
0.296355
0.01497
0.300246
0.300246
0.0228539
0.296355
0.288691
0.0328411
0.277487
0.0451238
2.64109e-33
2.64109e-33
1.30232e-33
0.00408127
0.00408127
1.30232e-33
0.00886921
0.0149528
0.00886921
0.0149528
0.0326148
0.0227588
0.0227588
0.0326148
0.0589348
0.0446603
0.0446603
0.0589348
0.0752967
0.0935175
0.133966
0.11322
0.0935175
0.0752967
0.176408
0.155217
0.133966
0.11322
0.216199
0.196934
0.176408
0.155217
0.248685
0.233627
0.216199
0.196934
0.233627
0.248685
0.269933
0.260917
0.269933
0.260917
0.275463
0.275463
0.277321
0.0579537
0.149596
0.0737714
0.129669
0.110049
0.0912612
0.0148965
0.0912612
0.0737714
0.110049
0.0579537
0.0440811
0.032297
0.129669
0.0226149
0.149596
0.00886366
0.00408523
0.169261
0.188082
0.00408523
0.169261
0.205484
0.220926
0.23392
0.220926
0.00886366
0.244051
0.250992
0.25452
0.0148965
0.25452
0.0226149
0.250992
0.244051
0.23392
0.032297
0.0440811
0.205484
0.188082
2.66441e-33
2.66441e-33
1.30762e-33
0.00408147
0.00408147
1.30762e-33
0.0148062
0.00882814
0.00882814
0.0148062
0.0318946
0.0224019
0.0224019
0.0318946
0.0433699
0.0568123
0.0568123
0.0433699
0.0720312
0.0887542
0.106576
0.125038
0.0720312
0.0887542
0.143607
0.16173
0.106576
0.125038
0.194401
0.178844
0.143607
0.16173
0.207901
0.218893
0.194401
0.178844
0.207901
0.218893
0.232007
0.227023
0.232007
0.227023
0.233692
0.0701037
0.102835
0.0860104
0.00406769
0.0701037
0.0860104
0.055514
0.102835
0.0425511
0.0314054
0.0221424
0.120102
0.0146776
0.137294
0.00878243
0.153868
0.169284
0.00406769
0.120102
0.183029
0.194639
0.153868
0.169284
0.00878243
0.203716
0.209948
0.213119
0.203716
0.0146776
0.213119
0.0221424
0.209948
0.194639
0.0314054
0.183029
0.0425511
0.137294
0.055514
2.66461e-33
2.66461e-33
1.30221e-33
0.00404621
0.00404621
1.30221e-33
0.0145162
0.00870646
0.00870646
0.0145162
0.0218167
0.0308371
0.0308371
0.0218167
0.0416108
0.0540714
0.0416108
0.0540714
0.0679873
0.0830518
0.114899
0.0988436
0.0830518
0.0679873
0.130703
0.145731
0.114899
0.0988436
0.159475
0.171451
0.130703
0.145731
0.181245
0.188497
0.159475
0.171451
0.181245
0.188497
0.194462
0.192961
0.192961
0.0524905
0.0798962
0.0405737
0.0301889
0.0946375
0.0214481
0.0143182
0.109464
0.0086216
0.00401496
0.123879
0.137379
0.00401496
0.0657101
0.149483
0.0798962
0.159751
0.167806
0.0086216
0.173348
0.176172
0.137379
0.149483
0.0143182
0.176172
0.173348
0.0214481
0.167806
0.159751
0.0301889
0.0405737
0.123879
0.109464
0.0524905
0.0946375
0.0657101
2.64169e-33
2.64169e-33
1.2862e-33
0.00397622
0.00397622
1.2862e-33
0.00850683
0.0140895
0.00850683
0.0140895
0.0294691
0.0210175
0.0294691
0.0210175
0.0394287
0.0507853
0.0394287
0.0507853
0.0632749
0.0765679
0.103836
0.0902398
0.0765679
0.0632749
0.128871
0.116872
0.103836
0.0902398
0.148013
0.139387
0.128871
0.116872
0.158377
0.15443
0.139387
0.148013
0.158377
0.15443
0.159715
0.0730874
0.0205487
0.085686
0.0138267
0.00838465
0.00392814
0.098054
0.109731
0.00392814
0.028678
0.120267
0.12925
0.136322
0.0607098
0.00838465
0.141202
0.143692
0.143692
0.098054
0.0138267
0.141202
0.0205487
0.136322
0.12925
0.120267
0.028678
0.109731
0.0382004
0.085686
0.0730874
0.0489637
0.0607098
0.0489637
0.0382004
2.59612e-33
2.59612e-33
1.25988e-33
0.00387291
0.00387291
1.25988e-33
0.0135358
0.00823352
0.00823352
0.0135358
0.0200236
0.0278248
0.0278248
0.0200236
0.0368804
0.0470412
0.0470412
0.0368804
0.0694808
0.0580218
0.0810043
0.0921596
0.0694808
0.0580218
0.111629
0.102508
0.0921596
0.0810043
0.119153
0.12476
0.111629
0.102508
0.129394
0.128227
0.12476
0.119153
0.128227
0.0762294
0.00807662
0.00380896
0.0861933
0.0952511
0.00380896
0.0132141
0.103018
0.10916
0.0269107
0.0354925
0.00807662
0.11341
0.115583
0.115583
0.0657711
0.0132141
0.11341
0.0194657
0.10916
0.103018
0.0952511
0.0269107
0.0861933
0.0354925
0.0762294
0.0552382
0.0450273
0.0450273
0.0552382
0.0194657
0.0657711
2.5288e-33
2.5288e-33
1.22375e-33
0.00373835
0.00373835
1.22375e-33
0.00789232
0.0128677
0.00789232
0.0128677
0.0259452
0.0188586
0.0259452
0.0188586
0.0429381
0.0340313
0.0429381
0.0340313
0.0619849
0.0523697
0.0713932
0.080197
0.0619849
0.0523697
0.0880152
0.0944934
0.0713932
0.080197
0.0993481
0.102348
0.0944934
0.0880152
0.103367
0.102348
0.0993481
0.074212
0.0036598
0.0808445
0.0036598
0.0861152
0.0897753
0.00770399
0.09165
0.09165
0.0249306
0.0325193
0.0124942
0.0897753
0.0494421
0.0861152
0.0182248
0.0808445
0.074212
0.0249306
0.0665287
0.0581468
0.0325193
0.0407847
0.0407847
0.0494421
0.0182248
0.0124942
0.0581468
0.00770399
0.0665287
2.44111e-33
2.44111e-33
1.17847e-33
0.00357519
1.17847e-33
0.00357519
0.0120999
0.00749035
0.00749035
0.0120999
0.0175498
0.0238765
0.0175498
0.0238765
0.0385834
0.030954
0.030954
0.0385834
0.0464695
0.0542834
0.0616702
0.0682787
0.0542834
0.0464695
0.0737948
0.0779389
0.0682787
0.0616702
0.0813852
0.0805159
0.0779389
0.0737948
0.0805159
0.00348355
0.0624377
0.0669055
0.0700199
0.00727443
0.071619
0.0116829
0.071619
0.0700199
0.0116829
0.0669055
0.0168549
0.0624377
0.0568478
0.0504199
0.0227861
0.0434754
0.0293562
0.0363464
0.0293562
0.0227861
0.0363464
0.0168549
0.0434754
0.00727443
0.00348355
0.0504199
0.0568478
2.33474e-33
2.33474e-33
1.12485e-33
0.00338656
0.00338656
1.12485e-33
0.0112492
0.00703576
0.00703576
0.0112492
0.0216688
0.0161276
0.0161276
0.0216688
0.0340895
0.027726
0.0340895
0.027726
0.046582
0.0404766
0.0567265
0.052097
0.0404766
0.046582
0.0602299
0.0624072
0.0567265
0.052097
0.0631505
0.0602299
0.0624072
0.053801
0.00679655
0.0551488
0.00328355
0.0551488
0.053801
0.0107975
0.0511827
0.0153873
0.0205286
0.0260817
0.0474436
0.0427943
0.0374935
0.0205286
0.0318257
0.0260817
0.0153873
0.0318257
0.0107975
0.0374935
0.00679655
0.0427943
0.0474436
0.00328355
0.0511827
2.21175e-33
2.21175e-33
1.06382e-33
0.00317595
0.00317595
1.06382e-33
0.0103335
0.00653751
0.00653751
0.0103335
0.0146238
0.0193743
0.0146238
0.0193743
0.0244262
0.0295698
0.0295698
0.0244262
0.0390804
0.0345449
0.0429226
0.0458394
0.0345449
0.0390804
0.0476669
0.0482846
0.0458394
0.0429226
0.0476669
0.00627955
0.0418523
0.0407294
0.00985637
0.0385547
0.0354636
0.0138545
0.0316474
0.0273348
0.0182106
0.0227751
0.0182106
0.0227751
0.0138545
0.00985637
0.0273348
0.00627955
0.00306341
0.0316474
0.0354636
0.00306341
0.0385547
0.0407294
0.0418523
2.07441e-33
2.07441e-33
9.96361e-34
0.0029471
0.0029471
9.96361e-34
0.00937138
0.00600497
0.00600497
0.00937138
0.0130712
0.0170454
0.0130712
0.0170454
0.0211332
0.0251341
0.0211332
0.0251341
0.0288206
0.0319644
0.0358794
0.0343723
0.0319644
0.0288206
0.0358794
0.0363968
0.0343723
0.0303899
0.0286031
0.00887825
0.0260771
0.0122889
0.0229802
0.00887825
0.019513
0.0158839
0.0158839
0.0122889
0.019513
0.00573295
0.00282694
0.0229802
0.0260771
0.00282694
0.0286031
0.0313151
0.0303899
0.0313151
0.00573295
1.92515e-33
1.92515e-33
0.00270384
9.2353e-34
0.00270384
9.2353e-34
0.00838154
0.00544767
0.00544767
0.00838154
0.014733
0.0115018
0.014733
0.0115018
0.0179211
0.0208845
0.0179211
0.0208845
0.0253961
0.0234359
0.027055
0.0266353
0.0234359
0.0266353
0.0253961
0.00788142
0.0188581
0.010722
0.0163664
0.0135978
0.010722
0.0135978
0.00788142
0.0163664
0.00516619
0.00257797
0.0188581
0.0209049
0.00257797
0.0223598
0.0223598
0.0231157
0.00516619
0.0231157
0.0209049
1.76646e-33
1.76646e-33
8.46361e-34
0.00244996
0.00244996
8.46361e-34
0.00738176
0.00487485
0.00487485
0.00738176
0.0124839
0.009946
0.009946
0.0124839
0.0148568
0.0169099
0.0169099
0.0148568
0.0185015
0.0195051
0.0198518
0.0195051
0.0185015
0.00918273
0.00918273
0.00688307
0.0113962
0.00458828
0.0023202
0.0133973
0.0150491
0.0023202
0.0113962
0.0133973
0.0162286
0.0168429
0.0168429
0.00458828
0.0162286
0.0150491
0.00688307
1.60081e-33
1.60081e-33
7.65856e-34
0.00218905
0.00218905
7.65856e-34
0.00638841
0.00429515
0.00638841
0.00429515
0.0103389
0.00843085
0.0103389
0.00843085
0.0132814
0.0119963
0.0119963
0.0132814
0.0141
0.0143776
0.0141
0.00400745
0.00205707
0.0093161
0.0106552
0.00205707
0.0116133
0.00589855
0.0121133
0.0121133
0.0093161
0.00400745
0.0116133
0.0106552
0.00589855
0.0076962
0.0076962
1.43055e-33
1.43055e-33
6.82934e-34
0.00192438
0.00192438
6.82934e-34
0.00371625
0.00541569
0.00371625
0.00541569
0.00833049
0.00697911
0.00833049
0.00697911
0.0100466
0.00938152
0.00938152
0.0102774
0.0100466
0.00738515
0.00817319
0.00179163
0.00179163
0.00858437
0.00858437
0.00343079
0.00817319
0.00738515
0.00628244
0.00494069
0.00494069
0.00628244
0.00343079
1.25779e-33
1.25779e-33
5.98402e-34
0.00165874
5.98402e-34
0.00165874
0.00314453
0.00447489
0.00314453
0.00447489
0.00648084
0.00560774
0.00648084
0.00560774
0.00722433
0.00703614
0.00703614
0.00152642
0.0059649
0.0059649
0.00561925
0.00286396
0.00495511
0.00401911
0.00401911
0.00286396
0.00152642
0.00495511
0.00561925
1.08437e-33
1.08437e-33
5.1293e-34
0.00139439
0.00139439
5.1293e-34
0.00357383
0.00258479
0.00258479
0.00357383
0.00432674
0.00479922
0.00432674
0.00479922
0.00496251
0.00372033
0.00231093
0.00313965
0.00231093
0.00126335
0.00313965
0.00372033
0.00126335
0.0040206
0.0040206
9.11756e-34
9.11756e-34
4.2703e-34
0.0011329
0.0011329
4.2703e-34
0.00271623
0.00204002
0.00204002
0.00271623
0.00313793
0.00313793
0.00328015
0.00177375
0.00177375
0.00100368
0.00230379
0.00257549
0.00100368
0.00257549
0.00230379
7.40973e-34
7.40973e-34
3.41054e-34
0.000875192
3.41054e-34
0.000875192
0.00151124
0.00190128
0.00151124
0.00190128
0.00203398
0.00150832
0.000747949
0.00150832
0.00125244
0.000747949
0.00125244
5.72613e-34
5.72613e-34
0.000621453
2.55201e-34
0.000621453
2.55201e-34
0.000997381
0.000997381
0.00112324
0.000496026
0.000744932
0.000496026
0.000744932
4.06806e-34
4.06806e-34
1.69544e-34
0.000371224
0.000371224
1.69544e-34
0.00049531
0.000247147
0.000247147
2.43249e-34
2.43249e-34
8.40683e-35
8.40683e-35
0.000123455
2.62552e-37
8.12528e-35
8.12528e-35
