2.87545e-37
8.74397e-35
8.74397e-35
9.05464e-35
2.6173e-34
0.000132885
0.000266019
9.05464e-35
2.6173e-34
0.000266019
1.82621e-34
0.000533794
4.3763e-34
0.000399548
0.000532983
0.000801589
0.000801589
0.000399548
0.000533794
4.3763e-34
1.82621e-34
2.74884e-34
0.000804677
6.15831e-34
0.000668743
0.00134697
0.00162177
0.00107285
0.00120826
2.74884e-34
0.000804677
0.00107285
0.00162177
0.00134697
0.000668743
6.15831e-34
3.67355e-34
0.000941531
0.00107945
7.96633e-34
0.00162474
0.00190632
0.00247427
0.0020432
0.00276488
0.00218505
0.00276488
0.0020432
0.000941531
7.96633e-34
0.00107945
3.67355e-34
0.00190632
0.00162474
0.00247427
4.59961e-34
9.79881e-34
0.00121837
0.00135822
0.0021918
0.00248168
0.00336741
0.00291533
0.00135822
9.79881e-34
0.00121837
4.59961e-34
0.00430526
0.00351711
0.00398602
0.00336504
0.00336504
0.00336741
0.00398602
0.0021918
0.00430526
0.00291533
0.00248168
5.52486e-34
0.0016404
1.16494e-33
0.00149901
0.00277505
0.00307297
0.00430438
0.00383036
0.00513174
0.00463039
0.00529747
0.00599974
1.16494e-33
0.0016404
0.00149901
5.52486e-34
0.00277505
0.00430438
0.00307297
0.00383036
0.00530392
0.00636444
0.00513174
0.00636444
0.00529747
0.00599974
0.00463039
6.44552e-34
0.00192465
1.3507e-33
0.00178248
0.00337334
0.00367798
0.00528351
0.004789
0.00786192
0.00690944
0.00598838
0.0067017
0.0074927
0.00868832
0.00911871
0.00769117
6.44552e-34
0.00192465
1.3507e-33
0.00178248
0.00337334
0.00367798
0.00528351
0.004789
0.00868832
0.00786192
0.0067017
0.00911871
0.00598838
0.0074927
0.00690944
7.35604e-34
0.00220891
1.5356e-33
0.00206709
0.00398348
0.00429255
0.00629871
0.00578729
0.0081923
0.00988936
0.00885553
0.00743691
0.009954
0.0112864
0.0122833
0.0106487
0.00206709
7.35604e-34
0.00220891
1.5356e-33
0.0108882
0.0128027
0.0128027
0.0106487
0.00429255
0.00629871
0.00398348
0.00578729
0.00885553
0.0112864
0.0122833
0.0081923
0.00743691
0.009954
0.00988936
8.24922e-34
0.00249049
1.71771e-33
0.00235044
0.00681712
0.0046004
0.00491072
0.00733996
0.00975517
0.0120656
0.0109603
0.00896561
0.0126852
0.0141447
0.0158553
0.0140195
0.0148663
0.017074
0.017708
0.0151547
1.71771e-33
0.00235044
8.24922e-34
0.00249049
0.00733996
0.00491072
0.00681712
0.0046004
0.017708
0.017074
0.0148663
0.0140195
0.0109603
0.00896561
0.00975517
0.0120656
0.0141447
0.0158553
0.0126852
9.11634e-34
0.00276617
1.89477e-33
0.00262956
0.00521738
0.00839396
0.00786672
0.00552505
0.00262956
0.00276617
1.89477e-33
9.11634e-34
0.0113697
0.0143626
0.0132012
0.010557
0.0156618
0.0198003
0.0177842
0.0172294
0.0204585
0.0219068
0.0234016
0.0194242
0.0241775
0.020814
0.0204585
0.0241775
0.00552505
0.00839396
0.00786672
0.00521738
0.0143626
0.0113697
0.0132012
0.010557
0.0234016
0.0219068
0.0172294
0.0194242
0.0198003
0.0156618
0.0177842
9.94751e-34
0.00303229
2.0643e-33
0.00290099
0.00582635
0.00612693
0.00944479
0.0089214
0.00290099
0.00303229
2.0643e-33
9.94751e-34
0.01301
0.0167423
0.0155449
0.0121876
0.00612693
0.0089214
0.00944479
0.00582635
0.0188414
0.02049
0.0218943
0.0240573
0.0265264
0.0272348
0.0298218
0.024515
0.0325951
0.0282257
0.0316494
0.0277947
0.0277947
0.0325951
0.0316494
0.0265264
0.0121876
0.0167423
0.01301
0.0155449
0.0298218
0.0218943
0.0240573
0.02049
0.0188414
0.024515
0.0272348
1.0732e-33
0.00316092
0.00328491
2.22368e-33
0.00641825
0.0067069
0.0104746
0.00996418
0.0146465
0.0191599
0.0179497
0.0138297
0.00316092
0.00328491
2.22368e-33
1.0732e-33
0.0104746
0.0067069
0.00996418
0.00641825
0.0221668
0.0238636
0.0285446
0.0262779
0.0146465
0.0179497
0.0138297
0.0191599
0.0300552
0.0329593
0.0368581
0.0332712
0.0357295
0.0372687
0.0400116
0.0422283
0.0433721
0.0372687
0.0377952
0.0433721
0.0357295
0.0400116
0.0422283
0.0332712
0.0238636
0.0329593
0.0262779
0.0221668
0.0368581
0.0300552
0.0285446
1.14585e-33
2.37027e-33
0.00340533
0.00352
0.00698336
0.00725507
0.0114645
0.0109766
0.0162467
0.021565
0.0203677
0.0154519
0.00340533
0.00352
2.37027e-33
1.14585e-33
0.02557
0.027278
0.0331646
0.0308446
0.0114645
0.00725507
0.0109766
0.00698336
0.0203677
0.021565
0.0162467
0.0154519
0.0389563
0.0359325
0.044362
0.0405619
0.027278
0.02557
0.0308446
0.0331646
0.0474474
0.0444766
0.0528995
0.049096
0.0493055
0.0555609
0.0499352
0.0569304
0.0569304
0.0474474
0.0493055
0.0555609
0.0444766
0.0405619
0.0359325
0.049096
0.0389563
0.044362
0.0528995
1.2116e-33
0.00373351
2.50149e-33
0.00363016
0.00751173
0.00776147
0.012395
0.0119393
0.0177773
0.0239047
0.0170212
0.022747
0.0289753
0.0306549
0.0378091
0.035491
0.00363016
0.00373351
2.50149e-33
1.2116e-33
0.00776147
0.012395
0.0119393
0.00751173
0.0521563
0.0450841
0.0420132
0.0482346
0.0239047
0.0177773
0.022747
0.0170212
0.035491
0.0289753
0.0306549
0.0378091
0.0643696
0.0585513
0.0538452
0.0586921
0.0420132
0.0521563
0.0450841
0.0482346
0.0643195
0.0621081
0.0720628
0.0689038
0.0736843
0.0650725
0.0643195
0.0736843
0.0585513
0.0643696
0.0586921
0.0621081
0.0720628
0.0689038
0.0538452
1.26936e-33
0.00392161
2.61494e-33
0.00383147
0.00799348
0.00821644
0.0132471
0.012833
0.0192048
0.0185042
0.0261253
0.0250339
0.0323031
0.0339139
0.0423643
0.0401055
1.26936e-33
2.61494e-33
0.00383147
0.00392161
0.0561017
0.0481492
0.0511898
0.0600452
0.00799348
0.00821644
0.0132471
0.012833
0.0261253
0.0192048
0.0250339
0.0185042
0.0685587
0.0763538
0.0703163
0.0636078
0.0401055
0.0423643
0.0323031
0.0339139
0.0481492
0.0511898
0.0561017
0.0600452
0.083077
0.0884166
0.0759097
0.0801115
0.0763538
0.0685587
0.0636078
0.0703163
0.0836033
0.0827212
0.0940209
0.0921229
0.083077
0.0940209
0.0884166
0.0921229
0.0801115
0.0827212
0.0759097
1.31815e-33
0.00408077
2.70846e-33
0.00400553
0.00841924
0.00861097
0.0140027
0.0136391
0.0198678
0.0204971
0.0281742
0.0271752
0.0354726
0.0369748
0.0467152
0.044573
0.00400553
0.00408077
2.70846e-33
1.31815e-33
0.0639611
0.0541846
0.057116
0.0678228
0.00841924
0.0136391
0.0140027
0.00861097
0.0885372
0.0824409
0.0784367
0.073513
0.0204971
0.0281742
0.0271752
0.0198678
0.044573
0.0467152
0.0369748
0.0354726
0.0977108
0.105572
0.0969218
0.0903614
0.0678228
0.0541846
0.057116
0.0639611
0.0885372
0.0784367
0.073513
0.0824409
0.10487
0.101834
0.111785
0.116084
0.0969218
0.0903614
0.105572
0.0977108
0.11828
0.1059
0.10487
0.101834
0.116084
0.111785
0.11828
1.35709e-33
0.00420792
2.78023e-33
0.00414905
0.00878046
0.00893702
0.0146454
0.0143402
0.00414905
0.00420792
2.78023e-33
1.35709e-33
0.0210809
0.0216243
0.0300019
0.0291195
0.0384052
0.039761
0.0507497
0.0487794
0.0752813
0.0716051
0.0599621
0.062707
0.0143402
0.00878046
0.0146454
0.00893702
0.0880595
0.0946005
0.100589
0.0832965
0.0210809
0.0300019
0.0291195
0.0216243
0.114306
0.112408
0.123064
0.105077
0.0507497
0.039761
0.0487794
0.0384052
0.0752813
0.062707
0.0599621
0.0716051
0.127583
0.132145
0.139293
0.121914
0.100589
0.0880595
0.0832965
0.0946005
0.123064
0.114306
0.105077
0.112408
0.131085
0.132266
0.146738
0.144223
0.127583
0.121914
0.132145
0.139293
0.146738
0.131085
0.144223
1.38547e-33
0.00430056
2.82881e-33
0.00425922
0.00906967
0.00918778
0.015161
0.014921
0.0221154
0.0225601
0.0315636
0.0308196
0.00425922
0.00430056
2.82881e-33
1.38547e-33
0.014921
0.015161
0.00906967
0.00918778
0.0410269
0.0422018
0.0543625
0.0526157
0.0678138
0.0822187
0.0788278
0.0653286
0.0971633
0.106462
0.112176
0.0926919
0.0221154
0.0308196
0.0315636
0.0225601
0.126759
0.140407
0.131785
0.119652
0.0410269
0.0526157
0.0422018
0.0543625
0.152637
0.163008
0.142412
0.151128
0.0788278
0.0822187
0.0678138
0.0653286
0.0971633
0.106462
0.0926919
0.112176
0.161594
0.17114
0.176735
0.157607
0.131785
0.126759
0.140407
0.119652
0.142412
0.163008
0.151128
0.152637
0.162943
0.157607
0.179585
0.179585
0.161594
0.17114
0.176735
1.40277e-33
0.00435682
2.85323e-33
0.00433385
0.00928081
0.00935797
0.0155378
0.0153685
0.0229468
0.0232823
0.0328207
0.0322335
0.0432708
0.0559814
0.0442347
0.0574586
0.00433385
0.00435682
2.85323e-33
1.40277e-33
0.00935797
0.0153685
0.0155378
0.00928081
0.0322335
0.0328207
0.0232823
0.0229468
0.0722992
0.088446
0.0854329
0.0701407
0.117694
0.122976
0.101441
0.105497
0.157111
0.148869
0.140362
0.133679
0.0559814
0.0432708
0.0574586
0.0442347
0.162752
0.172681
0.186557
0.174845
0.0701407
0.0722992
0.0854329
0.088446
0.18473
0.207432
0.19205
0.198274
0.122976
0.105497
0.117694
0.101441
0.157111
0.140362
0.148869
0.133679
0.216918
0.196553
0.213719
0.198069
0.162752
0.172681
0.174845
0.186557
0.19205
0.18473
0.216918
0.213719
0.198274
0.196553
0.207432
1.40865e-33
0.00437557
2.853e-33
0.00437143
0.00940938
0.00944394
0.0157674
0.0156726
0.0235554
0.0237736
0.0337419
0.0333261
0.00437143
0.00437557
2.853e-33
1.40865e-33
0.0450792
0.0599563
0.0587878
0.0458072
0.0760425
0.0937923
0.0912397
0.0742688
0.0156726
0.0157674
0.00944394
0.00940938
0.0333261
0.0337419
0.0237736
0.0235554
0.0450792
0.0458072
0.0587878
0.0599563
0.127985
0.1093
0.132684
0.112828
0.172698
0.165073
0.152831
0.146761
0.182355
0.191702
0.209265
0.198058
0.0912397
0.0742688
0.0760425
0.0937923
0.224844
0.222769
0.23795
0.211679
0.1093
0.127985
0.132684
0.112828
0.235995
0.248166
0.255165
0.230967
0.165073
0.172698
0.152831
0.146761
0.209265
0.191702
0.198058
0.182355
0.258722
0.237692
0.235995
0.258722
0.224844
0.211679
0.255165
0.23795
0.222769
0.230967
0.248166
1.403e-33
0.00435642
2.82813e-33
0.0043712
0.00945263
0.00944385
0.0158445
0.0158263
0.0239265
0.0240223
0.034304
0.03407
0.0464055
0.0468788
0.0617893
0.0609604
0.0043712
0.00435642
2.82813e-33
1.403e-33
0.00944385
0.0158263
0.0158445
0.00945263
0.0789424
0.0981111
0.0960891
0.0776015
0.118955
0.141029
0.137043
0.116052
0.0240223
0.0239265
0.03407
0.034304
0.0609604
0.0464055
0.0617893
0.0468788
0.0789424
0.0776015
0.0981111
0.0960891
0.179934
0.186726
0.163813
0.158528
0.200657
0.209155
0.230476
0.220097
0.250082
0.237678
0.267403
0.252864
0.116052
0.137043
0.118955
0.141029
0.293219
0.281926
0.274285
0.265195
0.158528
0.163813
0.186726
0.179934
0.279859
0.300943
0.304865
0.281733
0.230476
0.220097
0.200657
0.209155
0.237678
0.250082
0.252864
0.267403
0.279859
0.274285
0.304865
0.300943
0.265195
0.281926
0.293219
1.38594e-33
0.00429978
2.77911e-33
0.00433317
0.00940962
0.0093577
0.0157672
0.0158261
0.0344467
0.0240513
0.0240222
0.0344929
0.00433317
0.00429978
2.77911e-33
1.38594e-33
0.0472153
0.0474216
0.062909
0.0624417
0.0809204
0.101284
0.0998478
0.0800486
0.0093577
0.0158261
0.0157672
0.00940962
0.0344467
0.0344929
0.0240513
0.0240222
0.123705
0.147775
0.144616
0.121509
0.172996
0.193027
0.168646
0.198792
0.0624417
0.062909
0.0474216
0.0472153
0.0998478
0.0800486
0.0809204
0.101284
0.147775
0.123705
0.121509
0.144616
0.217134
0.240327
0.249577
0.224537
0.261971
0.273255
0.294932
0.281459
0.311826
0.329969
0.29824
0.314014
0.168646
0.193027
0.198792
0.172996
0.321827
0.327945
0.34235
0.350805
0.217134
0.249577
0.240327
0.224537
0.355094
0.355094
0.330007
0.327945
0.273255
0.294932
0.261971
0.281459
0.350805
0.34235
0.314014
0.29824
0.329969
0.321827
0.311826
1.35778e-33
0.00420678
2.70694e-33
0.00425812
0.00928128
0.00918733
0.0155375
0.0156721
0.0343039
0.0344466
0.0239266
0.0237735
0.0474876
0.0474216
0.0632856
0.0631924
0.00425812
0.00420678
2.70694e-33
1.35778e-33
0.00918733
0.0156721
0.0155375
0.00928128
0.081923
0.103223
0.102412
0.0815438
0.126947
0.152734
0.150489
0.125519
0.0344466
0.0343039
0.0237735
0.0239266
0.0631924
0.0474876
0.0632856
0.0474216
0.180121
0.208553
0.176829
0.20398
0.231311
0.258161
0.266016
0.237408
0.081923
0.0815438
0.103223
0.102412
0.125519
0.150489
0.152734
0.126947
0.176829
0.20398
0.208553
0.180121
0.283853
0.307721
0.293689
0.319734
0.329135
0.364336
0.343489
0.347515
0.381724
0.362367
0.395192
0.373275
0.231311
0.258161
0.237408
0.266016
0.409033
0.379947
0.382189
0.404377
0.283853
0.293689
0.319734
0.307721
0.379947
0.409033
0.404377
0.373275
0.347515
0.343489
0.329135
0.364336
0.381724
0.362367
0.395192
1.31906e-33
0.0040793
2.61306e-33
0.00414755
0.00907035
0.00893641
0.0151605
0.0153678
0.023282
0.0337417
0.0340698
0.0235556
0.00414755
0.0040793
2.61306e-33
1.31906e-33
0.0472153
0.0468787
0.062909
0.0631924
0.081923
0.103875
0.0820468
0.103713
0.00893641
0.0153678
0.0151605
0.00907035
0.0340698
0.0337417
0.0235556
0.023282
0.128591
0.155766
0.154499
0.12797
0.21248
0.184986
0.21573
0.182845
0.0468787
0.0472153
0.062909
0.0631924
0.0820468
0.103713
0.103875
0.081923
0.242782
0.247397
0.273086
0.27932
0.30269
0.310792
0.341089
0.330884
0.128591
0.155766
0.12797
0.154499
0.21573
0.184986
0.182845
0.21248
0.27932
0.242782
0.273086
0.247397
0.356975
0.380306
0.369492
0.39531
0.436714
0.417906
0.416389
0.400284
0.435423
0.451258
0.461166
0.428208
0.30269
0.341089
0.310792
0.330884
0.435423
0.466184
0.437852
0.466184
0.39531
0.380306
0.356975
0.369492
0.428208
0.436714
0.417906
0.451258
0.461166
0.400284
0.416389
1.27048e-33
0.00391985
2.4993e-33
0.00400369
0.00878133
0.01492
0.00861022
0.0146448
0.0225597
0.0328205
0.0333257
0.0229471
0.00400369
0.00391985
2.4993e-33
1.27048e-33
0.0464055
0.0458071
0.0617893
0.0624417
0.00861022
0.01492
0.0146448
0.00878133
0.0809204
0.0815438
0.103223
0.103713
0.128591
0.156787
0.156532
0.128795
0.0229471
0.0333257
0.0328205
0.0225597
0.0458071
0.0624417
0.0464055
0.0617893
0.218284
0.187454
0.22012
0.186524
0.254219
0.251217
0.289104
0.284672
0.0815438
0.103223
0.103713
0.0809204
0.156532
0.156787
0.128591
0.128795
0.317936
0.358375
0.350275
0.324071
0.421985
0.380949
0.391262
0.409237
0.22012
0.187454
0.186524
0.218284
0.251217
0.284672
0.289104
0.254219
0.317936
0.324071
0.350275
0.358375
0.456014
0.434465
0.449834
0.474149
0.49435
0.509949
0.486069
0.473362
0.525939
0.496431
0.520565
0.493826
0.409237
0.391262
0.380949
0.421985
0.525939
0.493826
0.520565
0.486069
0.509949
0.456014
0.49435
0.434465
0.473362
0.449834
0.474149
1.21291e-33
0.00373153
2.36781e-33
0.00382933
0.00382933
0.00373153
2.36781e-33
1.21291e-33
0.00842029
0.0140019
0.014339
0.00821557
0.0216238
0.0315633
0.032233
0.0221158
0.0450793
0.0442345
0.0599563
0.0609603
0.014339
0.0140019
0.00842029
0.00821557
0.0800485
0.0789424
0.101284
0.102413
0.032233
0.0315633
0.0216238
0.0221158
0.126947
0.155767
0.156532
0.12797
0.187454
0.221597
0.221228
0.187762
0.0442345
0.0609603
0.0450793
0.0599563
0.0789424
0.101284
0.0800485
0.102413
0.256377
0.25768
0.29509
0.292586
0.329151
0.333141
0.365331
0.371091
0.155767
0.126947
0.12797
0.156532
0.187454
0.187762
0.221228
0.221597
0.400357
0.408167
0.443583
0.433462
0.463904
0.506395
0.47657
0.490983
0.256377
0.292586
0.25768
0.29509
0.329151
0.371091
0.333141
0.365331
0.400357
0.443583
0.433462
0.408167
0.553938
0.532627
0.514074
0.532383
0.581867
0.570562
0.54621
0.554488
0.554488
0.557273
0.587586
0.587586
0.463904
0.490983
0.506395
0.47657
0.581867
0.532627
0.54621
0.570562
0.532383
0.553938
0.514074
1.14735e-33
0.00351784
2.22103e-33
0.0036278
0.00799466
0.0077605
0.0132462
0.0136377
0.0036278
0.00351784
2.22103e-33
1.14735e-33
0.0136377
0.0132462
0.00799466
0.0077605
0.0204965
0.0300015
0.030819
0.0210814
0.0432709
0.0422016
0.0574586
0.0587877
0.0776014
0.0760425
0.0981113
0.099848
0.0210814
0.0204965
0.030819
0.0300015
0.123705
0.152735
0.154499
0.125519
0.0587877
0.0574586
0.0432709
0.0422016
0.184986
0.22012
0.221228
0.186524
0.258113
0.297104
0.2966
0.25768
0.0776014
0.0981113
0.0760425
0.099848
0.152735
0.154499
0.123705
0.125519
0.337743
0.378871
0.336011
0.375616
0.414635
0.419716
0.459473
0.452274
0.22012
0.186524
0.221228
0.184986
0.25768
0.2966
0.258113
0.297104
0.487741
0.497334
0.532506
0.520269
0.573723
0.591836
0.549146
0.564237
0.375616
0.336011
0.337743
0.378871
0.419716
0.414635
0.459473
0.452274
0.487741
0.532506
0.520269
0.497334
0.632307
0.614696
0.59345
0.60787
0.61961
0.616661
0.644273
0.650324
0.616661
0.650324
0.60787
0.644273
0.549146
0.59345
0.591836
0.564237
0.614696
0.632307
0.573723
1.07486e-33
0.00340281
0.00328266
2.06152e-33
0.00751301
0.00725404
0.0123941
0.0128314
0.0192042
0.0281737
0.0291188
0.0198683
0.00340281
0.00328266
2.06152e-33
1.07486e-33
0.00725404
0.0128314
0.0123941
0.00751301
0.0291188
0.0281737
0.0192042
0.0198683
0.041027
0.0397608
0.0543624
0.0559813
0.0742686
0.0722993
0.0937925
0.0960894
0.121509
0.118955
0.147776
0.150489
0.0397608
0.0559813
0.041027
0.0543624
0.180122
0.215731
0.218284
0.182845
0.0742686
0.0937925
0.0960894
0.0722993
0.296601
0.256377
0.25422
0.29509
0.381489
0.33832
0.337743
0.380834
0.118955
0.121509
0.150489
0.147776
0.182845
0.218284
0.215731
0.180122
0.423371
0.469196
0.465127
0.425575
0.505281
0.55172
0.511522
0.543015
0.296601
0.256377
0.25422
0.29509
0.381489
0.337743
0.380834
0.33832
0.622528
0.608144
0.588979
0.577548
0.651665
0.634151
0.654994
0.675767
0.423371
0.469196
0.465127
0.425575
0.505281
0.55172
0.511522
0.543015
0.608144
0.577548
0.622528
0.588979
0.670225
0.706914
0.679497
0.694318
0.713282
0.713282
0.682614
0.679497
0.670225
0.675767
0.694318
0.706914
0.651665
0.654994
0.634151
9.96566e-34
1.89194e-33
0.00315832
0.00303
0.00698471
0.00670584
0.0114635
0.0119376
0.0177766
0.0261248
0.0271744
0.0185048
0.00315832
0.00303
1.89194e-33
9.96566e-34
0.0384054
0.0369745
0.0507496
0.0526156
0.00670584
0.0119376
0.0114635
0.00698471
0.0185048
0.0177766
0.0271744
0.0261248
0.0369745
0.0526156
0.0507496
0.0384054
0.0701405
0.0678138
0.0884462
0.0912401
0.112829
0.141029
0.144616
0.116052
0.172997
0.208553
0.21248
0.176829
0.0701405
0.0912401
0.0884462
0.0678138
0.251217
0.289105
0.292586
0.247397
0.141029
0.144616
0.112829
0.116052
0.333141
0.378871
0.336011
0.380834
0.472468
0.426311
0.425575
0.471649
0.208553
0.172997
0.176829
0.21248
0.292586
0.251217
0.289105
0.247397
0.558557
0.516012
0.51872
0.563476
0.605885
0.634881
0.598448
0.645115
0.333141
0.378871
0.336011
0.380834
0.472468
0.425575
0.426311
0.471649
0.710967
0.69447
0.680381
0.667114
0.736242
0.71638
0.73237
0.755678
0.516012
0.563476
0.558557
0.51872
0.645115
0.634881
0.598448
0.605885
0.667114
0.69447
0.680381
0.710967
0.745373
0.742108
0.768869
0.775535
0.775535
0.742108
0.73237
0.755678
0.768869
0.736242
0.71638
9.13591e-34
0.00276392
1.71489e-33
0.0028984
0.0028984
0.00276392
1.71489e-33
9.13591e-34
0.00641961
0.00612587
0.0104737
0.0109748
0.016246
0.0239042
0.0250331
0.0170219
0.0354728
0.0339136
0.0467151
0.0487793
0.0109748
0.0104737
0.00641961
0.00612587
0.0653284
0.0627071
0.082219
0.0854333
0.0250331
0.016246
0.0239042
0.0170219
0.0467151
0.0339136
0.0487793
0.0354728
0.0653284
0.0854333
0.082219
0.0627071
0.1093
0.105497
0.132685
0.137044
0.163814
0.198793
0.203981
0.168646
0.242781
0.284673
0.237408
0.27932
0.132685
0.137044
0.105497
0.1093
0.324071
0.375616
0.32915
0.371092
0.163814
0.168646
0.203981
0.198793
0.469196
0.471649
0.423371
0.419716
0.566443
0.519624
0.567434
0.51872
0.284673
0.242781
0.237408
0.27932
0.375616
0.32915
0.324071
0.371092
0.614463
0.658936
0.653152
0.611237
0.700005
0.725135
0.736873
0.691373
0.419716
0.423371
0.471649
0.469196
0.567434
0.51872
0.519624
0.566443
0.795177
0.76881
0.776665
0.753764
0.793375
0.803539
0.829182
0.815438
0.611237
0.614463
0.653152
0.658936
0.691373
0.700005
0.736873
0.725135
0.76881
0.795177
0.753764
0.776665
0.806954
0.836125
0.836125
0.803539
0.815438
0.829182
0.793375
8.2701e-34
0.00248835
1.53286e-33
0.00262705
8.2701e-34
0.00262705
0.00248835
1.53286e-33
0.00582769
0.00552403
0.00944384
0.00996247
0.00996247
0.00944384
0.00582769
0.00552403
0.0154525
0.0146458
0.0215645
0.0227461
0.0323032
0.0306546
0.0423643
0.0445728
0.0599618
0.0571161
0.0752815
0.0788283
0.0227461
0.0215645
0.0146458
0.0154525
0.10144
0.0971638
0.122976
0.127986
0.0306546
0.0445728
0.0423643
0.0323032
0.0599618
0.0788283
0.0752815
0.0571161
0.0971638
0.10144
0.127986
0.122976
0.152832
0.186727
0.193029
0.158527
0.23131
0.266017
0.224538
0.273088
0.365331
0.317935
0.310793
0.358375
0.152832
0.186727
0.193029
0.158527
0.465128
0.408167
0.414635
0.459474
0.224538
0.273088
0.266017
0.23131
0.563477
0.566443
0.511522
0.516012
0.614463
0.662422
0.663588
0.615541
0.365331
0.358375
0.310793
0.317935
0.414635
0.465128
0.408167
0.459474
0.752725
0.706218
0.709962
0.746091
0.791067
0.824247
0.811075
0.781277
0.563477
0.516012
0.511522
0.566443
0.615541
0.662422
0.614463
0.663588
0.834903
0.852271
0.872638
0.851617
0.862839
0.866382
0.88689
0.894088
0.709962
0.706218
0.746091
0.752725
0.824247
0.781277
0.811075
0.791067
0.894088
0.834903
0.88689
0.862839
0.852271
0.872638
0.851617
0.00234809
0.00220693
1.34809e-33
7.37817e-34
7.37817e-34
0.00220693
1.34809e-33
0.00234809
0.00521866
0.00490976
0.00839306
0.00891975
0.00521866
0.00490976
0.00891975
0.00839306
0.0130093
0.0191594
0.0203668
0.0138303
0.0203668
0.0191594
0.0130093
0.0138303
0.0289755
0.0272777
0.037809
0.0401053
0.0541843
0.0511899
0.0678231
0.0716056
0.0926913
0.0880599
0.112177
0.117695
0.037809
0.0272777
0.0401053
0.0289755
0.14676
0.140363
0.172699
0.179935
0.0511899
0.0541843
0.0716056
0.0678231
0.112177
0.0926913
0.117695
0.0880599
0.14676
0.179935
0.172699
0.140363
0.258163
0.217133
0.209156
0.249578
0.350276
0.302689
0.34109
0.29369
0.452275
0.391262
0.443583
0.400356
0.258163
0.249578
0.217133
0.209156
0.558558
0.497335
0.55172
0.50528
0.350276
0.29369
0.302689
0.34109
0.605885
0.658936
0.611237
0.662423
0.756724
0.758061
0.711214
0.709962
0.452275
0.443583
0.391262
0.400356
0.497335
0.50528
0.558558
0.55172
0.80236
0.842036
0.834592
0.798113
0.876342
0.89013
0.904622
0.865467
0.611237
0.658936
0.662423
0.605885
0.709962
0.711214
0.756724
0.758061
0.908108
0.92633
0.941042
0.919035
0.919035
0.922706
0.948471
0.948471
0.834592
0.798113
0.842036
0.80236
0.876342
0.904622
0.89013
0.941042
0.92633
0.865467
0.908108
0.00206497
0.0019229
1.16252e-33
6.46883e-34
0.00786517
0.00733912
0.00460158
0.00429168
6.46883e-34
0.0019229
1.16252e-33
0.00206497
0.00460158
0.00429168
0.00733912
0.00786517
0.011369
0.0167419
0.0179489
0.0121882
0.0167419
0.011369
0.0121882
0.0179489
0.0255701
0.0238633
0.0331645
0.0354909
0.0238633
0.0354909
0.0331645
0.0255701
0.0481489
0.0450842
0.0600455
0.0639617
0.0832959
0.0784371
0.10059
0.106463
0.12676
0.157111
0.165074
0.133678
0.0450842
0.0481489
0.0639617
0.0600455
0.200656
0.191703
0.230477
0.240328
0.0784371
0.10059
0.0832959
0.106463
0.157111
0.133678
0.165074
0.12676
0.191703
0.240328
0.200656
0.230477
0.273256
0.283852
0.319735
0.330886
0.433463
0.369493
0.421986
0.380948
0.532507
0.476571
0.543016
0.48774
0.330886
0.319735
0.273256
0.283852
0.588979
0.653153
0.645115
0.598448
0.369493
0.380948
0.433463
0.421986
0.752725
0.700005
0.756725
0.706217
0.80378
0.848025
0.846524
0.80236
0.543016
0.532507
0.48774
0.476571
0.653153
0.598448
0.588979
0.645115
0.916004
0.884171
0.888889
0.924196
0.953284
0.941428
0.975602
0.959943
0.752725
0.706217
0.700005
0.756725
0.80378
0.848025
0.846524
0.80236
0.974976
0.990723
0.971202
0.998357
0.971202
0.990723
0.959943
0.998357
0.916004
0.888889
0.924196
0.884171
0.975602
0.953284
0.941428
0.00178065
0.00163893
9.77681e-34
5.5493e-34
0.00681571
0.00629796
0.00398453
0.00367723
5.5493e-34
0.00163893
9.77681e-34
0.00178065
0.0155441
0.0143621
0.00975457
0.0105575
0.00398453
0.00367723
0.00629796
0.00681571
0.00975457
0.0143621
0.0155441
0.0105575
0.022167
0.0204897
0.0285445
0.0308445
0.0308445
0.0285445
0.022167
0.0204897
0.042013
0.0389564
0.0521566
0.0561023
0.042013
0.0561023
0.0521566
0.0389564
0.0735124
0.0685591
0.0885378
0.0946016
0.119652
0.112408
0.140408
0.148871
0.182353
0.172682
0.209266
0.220099
0.0885378
0.0735124
0.0946016
0.0685591
0.307723
0.26197
0.294933
0.250083
0.112408
0.140408
0.148871
0.119652
0.172682
0.220099
0.209266
0.182353
0.307723
0.250083
0.26197
0.294933
0.395311
0.343491
0.409239
0.356974
0.506396
0.520271
0.449835
0.463903
0.634883
0.564238
0.622529
0.577547
0.343491
0.409239
0.395311
0.356974
0.680382
0.736873
0.746092
0.691373
0.449835
0.506396
0.520271
0.463903
0.791067
0.842036
0.798113
0.846524
0.890467
0.888889
0.929134
0.930784
0.577547
0.564238
0.634883
0.622529
0.746092
0.691373
0.736873
0.680382
0.9879
0.996752
0.966961
0.961818
1.01844
1.0069
1.0196
1.03508
0.798113
0.842036
0.791067
0.846524
0.930784
0.890467
0.888889
0.929134
1.02231
1.01844
1.04289
1.04289
0.9879
0.966961
1.0069
1.03508
0.961818
0.996752
1.0196
0.0014975
0.00135705
7.94675e-34
4.62512e-34
0.00578607
0.00528288
0.00337422
0.00307234
4.62512e-34
0.00135705
7.94675e-34
0.0014975
0.0132005
0.0120652
0.00819177
0.00896609
0.00337422
0.00307234
0.00528288
0.00578607
0.0262778
0.0240572
0.0188415
0.0172291
0.00819177
0.0120652
0.0132005
0.00896609
0.0188415
0.0172291
0.0240572
0.0262778
0.0359323
0.0329594
0.0443623
0.0482352
0.0359323
0.0482352
0.0443623
0.0329594
0.0636072
0.0586925
0.0763544
0.0824421
0.0586925
0.0636072
0.0824421
0.0763544
0.0977116
0.123065
0.131787
0.105076
0.162751
0.152638
0.186558
0.19806
0.237676
0.281461
0.224846
0.267404
0.0977116
0.131787
0.123065
0.105076
0.314015
0.380308
0.364337
0.329134
0.152638
0.186558
0.19806
0.162751
0.267404
0.224846
0.281461
0.237676
0.364337
0.314015
0.329134
0.380308
0.490985
0.417908
0.47415
0.434463
0.532384
0.608146
0.591837
0.549145
0.651666
0.710968
0.725137
0.667114
0.47415
0.490985
0.417908
0.434463
0.824247
0.768811
0.781276
0.834592
0.608146
0.549145
0.532384
0.591837
0.876343
0.924196
0.884171
0.929134
1.00387
0.968682
0.966961
1.00209
0.725137
0.651666
0.667114
0.710968
0.824247
0.781276
0.834592
0.768811
1.02874
1.04814
1.05755
1.03425
1.07332
1.05994
1.06389
1.08129
0.929134
0.876343
0.924196
0.884171
0.968682
1.00209
0.966961
1.00387
1.03425
1.04814
1.05755
1.05994
1.08129
1.07332
1.02874
0.00121722
0.00107859
6.14117e-34
3.70007e-34
0.00478799
0.00430386
0.00277575
0.00248119
3.70007e-34
0.00107859
6.14117e-34
0.00121722
0.0109597
0.009889
0.00670124
0.00743732
0.00277575
0.00248119
0.00430386
0.00478799
0.0218942
0.0198002
0.015662
0.0141445
0.00670124
0.009889
0.0109597
0.00743732
0.030055
0.0405624
0.0368584
0.0272348
0.015662
0.0141445
0.0198002
0.0218942
0.030055
0.0272348
0.0368584
0.0405624
0.0538447
0.0490964
0.0643702
0.0703174
0.0538447
0.0703174
0.0490964
0.0643702
0.0903605
0.0830777
0.105573
0.114307
0.105573
0.0830777
0.0903605
0.114307
0.142411
0.132146
0.163009
0.174847
0.252866
0.211678
0.198275
0.237951
0.329971
0.347517
0.281927
0.298239
0.132146
0.174847
0.163009
0.142411
0.381725
0.436716
0.456016
0.400283
0.237951
0.198275
0.252866
0.211678
0.329971
0.281927
0.347517
0.298239
0.381725
0.436716
0.400283
0.456016
0.573725
0.55394
0.494351
0.514073
0.614697
0.675768
0.694472
0.63415
0.795177
0.753763
0.811076
0.736243
0.573725
0.55394
0.494351
0.514073
0.865466
0.851618
0.916005
0.904623
0.675768
0.63415
0.614697
0.694472
0.996752
0.953284
0.961818
1.00209
1.06511
1.06322
1.0361
1.03425
0.736243
0.795177
0.753763
0.811076
0.904623
0.916005
0.865466
0.851618
1.09495
1.10478
1.08296
1.08877
1.09898
1.11287
1.11287
1.09495
0.961818
0.996752
1.00209
0.953284
1.06322
1.10478
1.0361
1.06511
1.08877
1.08296
1.03425
0.000940733
0.000804111
4.3614e-34
2.77624e-34
2.77624e-34
0.000804111
4.3614e-34
0.000940733
0.00382957
0.00336701
0.00219231
0.00190597
0.00885496
0.00786161
0.0052971
0.00598871
0.00219231
0.00190597
0.00336701
0.00382957
0.0112862
0.017784
0.0158552
0.0126853
0.0052971
0.00786161
0.00885496
0.00598871
0.0245148
0.0332716
0.029822
0.0219068
0.0126853
0.0112862
0.0158552
0.017784
0.0444761
0.0585523
0.0529
0.0400119
0.0245148
0.0219068
0.029822
0.0332716
0.0444761
0.0400119
0.0529
0.0585523
0.0759089
0.0689044
0.0884174
0.0969234
0.0759089
0.0969234
0.0884174
0.0689044
0.121913
0.111786
0.139294
0.15113
0.15113
0.111786
0.139294
0.121913
0.222771
0.184728
0.207434
0.171141
0.248167
0.265194
0.311828
0.293221
0.342351
0.416392
0.395193
0.362365
0.207434
0.171141
0.222771
0.184728
0.451259
0.532629
0.50995
0.47336
0.248167
0.293221
0.265194
0.311828
0.395193
0.342351
0.416392
0.362365
0.532629
0.451259
0.50995
0.47336
0.654996
0.570564
0.632308
0.593449
0.755679
0.694319
0.776666
0.716379
0.834902
0.815439
0.872639
0.890131
0.570564
0.632308
0.654996
0.593449
0.92633
0.987901
0.941427
0.975602
0.694319
0.776666
0.716379
0.755679
1.0196
1.05755
1.02874
1.06322
1.11269
1.08877
1.09071
1.11071
0.834902
0.890131
0.872639
0.815439
0.941427
0.975602
0.92633
0.987901
1.13707
1.12694
1.12287
1.12889
1.12889
1.11071
1.12287
1.13707
1.05755
1.02874
1.0196
1.06322
1.09071
1.11269
1.08877
1.85429e-34
0.000533481
2.60421e-34
0.000668267
0.000668267
0.000533481
2.60421e-34
1.85429e-34
0.00291475
0.00247398
0.00162506
0.00134674
0.00162506
0.00134674
0.00247398
0.00291475
0.00690895
0.00599947
0.00398572
0.00463066
0.0140193
0.0122831
0.00995414
0.0086881
0.00398572
0.00599947
0.00463066
0.00690895
0.0194241
0.0265267
0.0234018
0.017074
0.00995414
0.0086881
0.0122831
0.0140193
0.0357291
0.0474483
0.0316497
0.0422287
0.0194241
0.017074
0.0234018
0.0265267
0.0621073
0.080113
0.0720636
0.0555615
0.0357291
0.0316497
0.0422287
0.0474483
0.0621073
0.0555615
0.0720636
0.080113
0.101833
0.0921238
0.116085
0.127585
0.101833
0.127585
0.0921238
0.116085
0.144224
0.176736
0.157606
0.192052
0.144224
0.192052
0.176736
0.157606
0.255166
0.274288
0.213721
0.230966
0.300945
0.373278
0.321825
0.350807
0.404378
0.461167
0.486071
0.428206
0.255166
0.213721
0.274288
0.230966
0.520566
0.607872
0.581868
0.546208
0.350807
0.300945
0.321825
0.373278
0.486071
0.404378
0.461167
0.428206
0.581868
0.520566
0.607872
0.546208
0.706915
0.732372
0.644274
0.670224
0.829183
0.76887
0.852272
0.793374
0.908108
0.941043
0.959944
0.886891
0.644274
0.732372
0.670224
0.706915
1.0069
1.03508
0.990724
1.04814
0.793374
0.829183
0.852272
0.76887
1.08296
1.11071
1.07332
1.10478
1.14522
1.12889
1.14317
1.13091
0.886891
0.908108
0.959944
0.941043
1.0069
1.04814
1.03508
0.990724
1.14317
1.14729
1.15345
1.15345
1.10478
1.14522
1.13091
1.11071
1.08296
1.07332
1.12889
0.000399324
0.000265886
8.62398e-35
9.33879e-35
9.33879e-35
0.000265886
8.62398e-35
0.000399324
0.00107302
0.000801448
0.00162157
0.0020428
0.0020428
0.00162157
0.00107302
0.000801448
0.00513131
0.00430502
0.00276464
0.00336524
0.00276464
0.00336524
0.00430502
0.00513131
0.0106485
0.00911854
0.00749285
0.00636422
0.0148663
0.0204586
0.017708
0.0128026
0.00749285
0.00636422
0.00911854
0.0106485
0.0277944
0.0372694
0.0325954
0.0241777
0.0148663
0.0128026
0.017708
0.0204586
0.0493048
0.0643208
0.056931
0.0433725
0.0277944
0.0241777
0.0325954
0.0372694
0.0827202
0.104872
0.0940218
0.0736851
0.0493048
0.0433725
0.056931
0.0643208
0.104872
0.0827202
0.0736851
0.0940218
0.118282
0.146739
0.161597
0.131084
0.131084
0.161597
0.118282
0.146739
0.235997
0.179587
0.196551
0.216919
0.235997
0.179587
0.216919
0.196551
0.258723
0.304866
0.327947
0.279857
0.355096
0.409034
0.435425
0.379946
0.525941
0.55449
0.466186
0.493825
0.304866
0.258723
0.327947
0.279857
0.587587
0.679499
0.650326
0.616659
0.435425
0.409034
0.355096
0.379946
0.466186
0.55449
0.493825
0.525941
0.587587
0.679499
0.650326
0.616659
0.742106
0.713283
0.775535
0.80354
0.862838
0.836126
0.919036
0.894089
1.01844
0.948472
0.971202
0.998358
0.775535
0.80354
0.713283
0.742106
1.09495
1.08129
1.05994
1.04289
0.836126
0.894089
0.862838
0.919036
1.11287
1.12287
1.14317
1.13707
1.15965
1.15551
1.15345
1.16172
0.998358
0.948472
0.971202
1.01844
1.04289
1.05994
1.09495
1.08129
1.15345
1.14317
1.15551
1.16172
1.11287
1.13707
1.12287
1.73646e-36
0.000132805
0.000132805
1.73646e-36
0.00120799
0.000533058
0.000533058
0.00120799
0.00351672
0.00218519
0.00218519
0.00351672
0.00530408
0.00769085
0.00530408
0.00769085
0.0108883
0.0151547
0.0208138
0.0282261
0.0108883
0.0151547
0.0377947
0.0499362
0.0282261
0.0208138
0.0650717
0.0836049
0.0499362
0.0377947
0.105899
0.132268
0.0650717
0.0836049
0.105899
0.132268
0.162942
0.198071
0.162942
0.198071
0.237691
0.281736
0.281736
0.237691
0.330005
0.382192
0.43785
0.496433
0.619612
0.557271
0.382192
0.330005
0.745375
0.682613
0.496433
0.43785
0.557271
0.619612
0.745375
0.682613
0.806953
0.866383
0.974977
0.922705
1.06389
1.02231
0.806953
0.866383
1.12694
1.09898
0.974977
0.922705
1.15965
1.14729
1.16379
1.15965
1.02231
1.06389
1.09898
1.14729
1.12694
0.118282
0.258723
0.216919
0.000265886
0.146739
0.179587
0.146739
0.179587
0.118282
0.00430502
0.00636422
0.0940218
0.216919
0.0128026
0.0736851
0.056931
0.258723
0.0433725
0.0325954
0.304866
0.0241777
0.017708
0.355096
0.00911854
0.409034
0.466186
0.00276464
0.00162157
0.525941
0.000801448
0.587587
0.650326
0.000265886
0.304866
0.355096
0.713283
0.775535
0.466186
0.836126
0.000801448
0.894089
0.948472
0.00162157
0.998358
1.04289
0.00276464
1.08129
1.11287
0.00430502
0.948472
1.13707
0.998358
1.15345
0.00636422
1.16172
1.16172
0.00911854
1.15345
1.13707
0.0128026
1.11287
1.08129
0.017708
1.04289
0.0241777
0.894089
0.0325954
0.836126
0.775535
0.0433725
0.713283
0.650326
0.056931
0.587587
0.525941
0.0736851
0.409034
0.0940218
8.62398e-35
8.62398e-35
9.33879e-35
0.000399324
0.000399324
9.33879e-35
0.0020428
0.00107302
0.00107302
0.0020428
0.00336524
0.00513131
0.00336524
0.00513131
0.0106485
0.00749285
0.00749285
0.0106485
0.0204586
0.0148663
0.0372694
0.0277944
0.0148663
0.0204586
0.0493048
0.0643208
0.0372694
0.0277944
0.104872
0.0827202
0.0493048
0.0643208
0.131084
0.161597
0.0827202
0.104872
0.131084
0.161597
0.235997
0.196551
0.235997
0.196551
0.279857
0.327947
0.327947
0.279857
0.435425
0.379946
0.55449
0.493825
0.616659
0.679499
0.379946
0.435425
0.80354
0.742106
0.55449
0.493825
0.679499
0.616659
0.742106
0.80354
0.862838
0.919036
1.01844
0.971202
1.05994
1.09495
0.919036
0.862838
1.14317
1.12287
1.01844
0.971202
1.15965
1.15551
1.15551
1.14317
1.09495
1.05994
1.12287
0.213721
0.176736
0.176736
0.144224
0.213721
0.116085
0.00247398
0.0921238
0.0720636
0.255166
0.0555615
0.300945
0.0422287
0.0316497
0.0234018
0.350807
0.017074
0.404378
0.0122831
0.0086881
0.00599947
0.461167
0.00398572
0.520566
0.00134674
0.000533481
0.581868
0.644274
0.000533481
0.706915
0.255166
0.76887
0.829183
0.350807
0.00134674
0.886891
0.941043
0.520566
0.990724
0.00247398
1.03508
0.00398572
1.07332
1.10478
1.12889
0.829183
0.00599947
1.14522
0.0086881
0.990724
1.15345
1.15345
1.14522
0.0122831
1.12889
0.017074
1.10478
1.07332
1.03508
0.0234018
0.0316497
0.941043
0.886891
0.0422287
0.76887
0.0555615
0.706915
0.644274
0.581868
0.0720636
0.0921238
0.461167
0.404378
0.116085
0.300945
0.144224
2.60421e-34
2.60421e-34
1.85429e-34
0.000668267
0.000668267
1.85429e-34
0.00291475
0.00162506
0.00162506
0.00291475
0.00463066
0.00690895
0.00690895
0.00463066
0.0140193
0.00995414
0.00995414
0.0140193
0.0265267
0.0194241
0.0357291
0.0474483
0.0194241
0.0265267
0.0621073
0.080113
0.0474483
0.0357291
0.101833
0.127585
0.080113
0.0621073
0.192052
0.157606
0.101833
0.127585
0.192052
0.157606
0.230966
0.274288
0.274288
0.230966
0.373278
0.321825
0.321825
0.373278
0.486071
0.428206
0.607872
0.546208
0.670224
0.732372
0.486071
0.428206
0.793374
0.852272
0.546208
0.607872
0.732372
0.670224
0.793374
0.852272
0.908108
0.959944
1.0069
1.04814
1.08296
1.11071
0.959944
0.908108
1.14317
1.13091
1.0069
1.04814
1.14729
1.14317
1.13091
1.08296
1.11071
0.207434
0.139294
0.248167
0.000804111
0.111786
0.0884174
0.0689044
0.293221
0.0529
0.00786161
0.0112862
0.342351
0.0400119
0.029822
0.0219068
0.395193
0.0158552
0.451259
0.0052971
0.50995
0.00336701
0.570564
0.00190597
0.632308
0.694319
0.000804111
0.755679
0.207434
0.815439
0.00190597
0.872639
0.92633
0.975602
0.395193
0.451259
0.00336701
1.0196
0.0052971
1.05755
1.08877
1.11269
0.00786161
0.755679
1.12889
0.0112862
0.872639
0.92633
1.13707
1.13707
1.12889
0.0158552
1.11269
0.0219068
1.08877
1.05755
1.0196
0.029822
0.975602
0.0400119
0.815439
0.0529
0.0689044
0.694319
0.632308
0.570564
0.0884174
0.50995
0.111786
0.342351
0.139294
0.293221
0.171141
0.248167
0.171141
4.3614e-34
4.3614e-34
2.77624e-34
0.000940733
0.000940733
2.77624e-34
0.00219231
0.00382957
0.00219231
0.00382957
0.00598871
0.00885496
0.00885496
0.00598871
0.017784
0.0126853
0.0126853
0.017784
0.0245148
0.0332716
0.0444761
0.0585523
0.0245148
0.0332716
0.0759089
0.0969234
0.0585523
0.0444761
0.15113
0.121913
0.0759089
0.0969234
0.222771
0.184728
0.121913
0.15113
0.222771
0.184728
0.311828
0.265194
0.311828
0.265194
0.362365
0.416392
0.416392
0.362365
0.532629
0.47336
0.654996
0.593449
0.716379
0.776666
0.47336
0.532629
0.834902
0.890131
0.593449
0.654996
0.776666
0.716379
0.834902
0.890131
0.987901
0.941427
1.02874
1.06322
1.09071
1.11071
0.941427
0.987901
1.12694
1.12287
1.06322
1.02874
1.12287
1.11071
1.09071
0.281927
0.0830777
0.0643702
0.329971
0.0490964
0.0368584
0.381725
0.0272348
0.0198002
0.436716
0.0141445
0.009889
0.494351
0.00670124
0.00430386
0.55394
0.00248119
0.00107859
0.614697
0.675768
0.00107859
0.105573
0.132146
0.736243
0.795177
0.198275
0.851618
0.00248119
0.904623
0.953284
0.00430386
0.996752
1.03425
0.00670124
1.06511
1.08877
0.009889
0.614697
1.10478
0.675768
1.11287
0.0141445
1.11287
1.10478
0.0198002
0.904623
0.953284
1.08877
1.06511
0.0272348
1.03425
0.996752
0.0368584
0.0490964
0.851618
0.795177
0.0643702
0.736243
0.0830777
0.55394
0.105573
0.494351
0.436716
0.132146
0.381725
0.329971
0.163009
0.281927
0.237951
0.198275
0.163009
0.237951
6.14117e-34
6.14117e-34
3.70007e-34
0.00121722
0.00121722
3.70007e-34
0.00478799
0.00277575
0.00277575
0.00478799
0.0109597
0.00743732
0.00743732
0.0109597
0.0218942
0.015662
0.015662
0.0218942
0.0405624
0.030055
0.0538447
0.0703174
0.0405624
0.030055
0.114307
0.0903605
0.0538447
0.0703174
0.174847
0.142411
0.114307
0.0903605
0.252866
0.211678
0.174847
0.142411
0.211678
0.252866
0.347517
0.298239
0.298239
0.347517
0.456016
0.400283
0.400283
0.456016
0.573725
0.514073
0.694472
0.63415
0.753763
0.811076
0.514073
0.573725
0.916005
0.865466
0.63415
0.694472
0.811076
0.753763
0.916005
0.865466
0.961818
1.00209
1.0361
1.06322
1.08296
1.09495
1.00209
0.961818
1.09495
1.09898
1.0361
1.08296
1.06322
0.0586925
0.0443623
0.364337
0.0329594
0.417908
0.0240572
0.0172291
0.0120652
0.47415
0.00819177
0.532384
0.00528288
0.00307234
0.00135705
0.591837
0.651666
0.00135705
0.710968
0.0763544
0.768811
0.824247
0.123065
0.00307234
0.876343
0.924196
0.224846
0.966961
0.00528288
1.00387
0.00819177
1.03425
1.05755
1.07332
0.47415
0.0120652
1.08129
0.0172291
0.651666
1.08129
1.07332
1.05755
0.0240572
0.824247
1.03425
0.0329594
1.00387
0.966961
0.924196
0.0443623
0.876343
0.0586925
0.768811
0.710968
0.0763544
0.0977116
0.591837
0.532384
0.123065
0.417908
0.152638
0.364337
0.314015
0.267404
0.186558
0.224846
0.186558
0.152638
0.267404
0.0977116
0.314015
7.94675e-34
7.94675e-34
4.62512e-34
0.0014975
0.0014975
4.62512e-34
0.00578607
0.00337422
0.00337422
0.00578607
0.0132005
0.00896609
0.0132005
0.00896609
0.0188415
0.0262778
0.0188415
0.0262778
0.0359323
0.0482352
0.0636072
0.0824421
0.0359323
0.0482352
0.131787
0.105076
0.0824421
0.0636072
0.19806
0.162751
0.131787
0.105076
0.281461
0.237676
0.19806
0.162751
0.237676
0.281461
0.380308
0.329134
0.380308
0.329134
0.490985
0.434463
0.490985
0.434463
0.608146
0.549145
0.667114
0.725137
0.834592
0.781276
0.549145
0.608146
0.884171
0.929134
0.725137
0.667114
0.781276
0.834592
0.929134
0.884171
1.00209
0.968682
1.04814
1.02874
1.05994
1.06389
0.968682
1.00209
1.04814
1.05994
1.02874
0.395311
0.0285445
0.449835
0.0204897
0.0143621
0.00975457
0.506396
0.00629796
0.564238
0.00367723
0.00163893
0.622529
0.680382
0.00163893
0.736873
0.0521566
0.791067
0.00367723
0.842036
0.888889
0.930784
0.140408
0.172682
0.00629796
0.966961
0.00975457
0.996752
1.0196
1.03508
0.0143621
0.395311
1.04289
0.0204897
0.506396
0.564238
1.04289
1.03508
1.0196
0.0285445
0.736873
0.996752
0.0389564
0.966961
0.930784
0.888889
0.0521566
0.842036
0.0685591
0.791067
0.680382
0.0885378
0.622529
0.112408
0.449835
0.140408
0.172682
0.343491
0.294933
0.250083
0.209266
0.209266
0.250083
0.112408
0.294933
0.0885378
0.343491
0.0685591
0.0389564
9.77681e-34
9.77681e-34
5.5493e-34
0.00178065
0.00178065
5.5493e-34
0.00398453
0.00681571
0.00398453
0.00681571
0.0155441
0.0105575
0.0105575
0.0155441
0.022167
0.0308445
0.022167
0.0308445
0.0561023
0.042013
0.0946016
0.0735124
0.042013
0.0561023
0.119652
0.148871
0.0735124
0.0946016
0.182353
0.220099
0.119652
0.148871
0.26197
0.307723
0.220099
0.182353
0.26197
0.307723
0.409239
0.356974
0.409239
0.356974
0.520271
0.463903
0.463903
0.520271
0.634883
0.577547
0.746092
0.691373
0.798113
0.846524
0.577547
0.634883
0.929134
0.890467
0.746092
0.691373
0.798113
0.846524
0.929134
0.890467
0.9879
0.961818
1.01844
1.0069
1.02231
1.01844
0.961818
1.0069
0.9879
0.476571
0.011369
0.00733912
0.532507
0.00429168
0.0019229
0.588979
0.645115
0.0019229
0.0167419
0.0238633
0.700005
0.752725
0.0450842
0.80236
0.00429168
0.848025
0.888889
0.00733912
0.924196
0.953284
0.011369
0.975602
0.990723
0.0167419
0.273256
0.998357
0.319735
0.998357
0.0238633
0.990723
0.975602
0.0331645
0.532507
0.588979
0.953284
0.924196
0.0450842
0.888889
0.848025
0.0600455
0.80236
0.752725
0.0784371
0.700005
0.645115
0.10059
0.12676
0.476571
0.421986
0.157111
0.369493
0.191703
0.230477
0.230477
0.191703
0.157111
0.273256
0.12676
0.10059
0.319735
0.0784371
0.0600455
0.369493
0.0331645
0.421986
1.16252e-33
1.16252e-33
6.46883e-34
0.00206497
0.00206497
6.46883e-34
0.00786517
0.00460158
0.00460158
0.00786517
0.0121882
0.0179489
0.0179489
0.0121882
0.0354909
0.0255701
0.0255701
0.0354909
0.0481489
0.0639617
0.0832959
0.106463
0.0481489
0.0639617
0.165074
0.133678
0.106463
0.0832959
0.200656
0.240328
0.133678
0.165074
0.283852
0.330886
0.200656
0.240328
0.330886
0.283852
0.433463
0.380948
0.380948
0.433463
0.48774
0.543016
0.543016
0.48774
0.653153
0.598448
0.756725
0.706217
0.846524
0.80378
0.653153
0.598448
0.884171
0.916004
0.756725
0.706217
0.80378
0.846524
0.916004
0.884171
0.941428
0.959943
0.974976
0.971202
0.971202
0.959943
0.941428
0.00490976
0.00220693
0.55172
0.605885
0.00220693
0.658936
0.00839306
0.709962
0.758061
0.0191594
0.00490976
0.80236
0.842036
0.0511899
0.876342
0.00839306
0.904622
0.0130093
0.92633
0.941042
0.948471
0.172699
0.0191594
0.948471
0.0272777
0.29369
0.941042
0.92633
0.904622
0.037809
0.443583
0.876342
0.0511899
0.842036
0.80236
0.758061
0.0678231
0.709962
0.0880599
0.658936
0.605885
0.55172
0.112177
0.497335
0.140363
0.391262
0.34109
0.172699
0.209156
0.249578
0.209156
0.249578
0.140363
0.29369
0.112177
0.0880599
0.0678231
0.34109
0.391262
0.037809
0.0272777
0.443583
0.0130093
0.497335
1.34809e-33
1.34809e-33
7.37817e-34
0.00234809
0.00234809
7.37817e-34
0.00521866
0.00891975
0.00521866
0.00891975
0.0203668
0.0138303
0.0203668
0.0138303
0.0401053
0.0289755
0.0289755
0.0401053
0.0541843
0.0716056
0.117695
0.0926913
0.0541843
0.0716056
0.179935
0.14676
0.0926913
0.117695
0.217133
0.258163
0.14676
0.179935
0.302689
0.350276
0.217133
0.258163
0.302689
0.350276
0.452275
0.400356
0.452275
0.400356
0.558558
0.50528
0.558558
0.50528
0.611237
0.662423
0.756724
0.711214
0.834592
0.798113
0.662423
0.611237
0.865467
0.89013
0.756724
0.711214
0.798113
0.834592
0.89013
0.865467
0.919035
0.908108
0.919035
0.922706
0.908108
0.563477
0.614463
0.00248835
0.00248835
0.663588
0.709962
0.00552403
0.752725
0.791067
0.0215645
0.0306546
0.824247
0.00944384
0.851617
0.0146458
0.872638
0.88689
0.894088
0.122976
0.0215645
0.894088
0.186727
0.224538
0.0306546
0.88689
0.872638
0.851617
0.358375
0.0423643
0.824247
0.0571161
0.791067
0.752725
0.563477
0.709962
0.0752815
0.663588
0.0971638
0.614463
0.511522
0.122976
0.459474
0.152832
0.408167
0.310793
0.186727
0.266017
0.224538
0.152832
0.266017
0.310793
0.0971638
0.0752815
0.0571161
0.358375
0.0423643
0.408167
0.0146458
0.459474
0.00944384
0.511522
0.00552403
1.53286e-33
1.53286e-33
8.2701e-34
0.00262705
8.2701e-34
0.00262705
0.00996247
0.00582769
0.00582769
0.00996247
0.0227461
0.0154525
0.0227461
0.0154525
0.0323032
0.0445728
0.0323032
0.0445728
0.0788283
0.0599618
0.127986
0.10144
0.0599618
0.0788283
0.193029
0.158527
0.127986
0.10144
0.273088
0.23131
0.158527
0.193029
0.365331
0.317935
0.23131
0.273088
0.365331
0.317935
0.414635
0.465128
0.414635
0.465128
0.566443
0.516012
0.566443
0.516012
0.615541
0.662422
0.746091
0.706218
0.781277
0.811075
0.615541
0.662422
0.852271
0.834903
0.706218
0.746091
0.781277
0.811075
0.852271
0.834903
0.866382
0.862839
0.862839
0.00276392
0.614463
0.658936
0.700005
0.00612587
0.736873
0.76881
0.0104737
0.795177
0.815438
0.016246
0.829182
0.836125
0.0627071
0.0239042
0.082219
0.836125
0.829182
0.0339136
0.815438
0.795177
0.198793
0.237408
0.0467151
0.76881
0.736873
0.0627071
0.700005
0.658936
0.082219
0.614463
0.567434
0.105497
0.51872
0.469196
0.132685
0.419716
0.371092
0.163814
0.324071
0.27932
0.198793
0.237408
0.163814
0.132685
0.27932
0.105497
0.324071
0.0467151
0.371092
0.0339136
0.0239042
0.419716
0.016246
0.0104737
0.469196
0.00612587
0.00276392
0.51872
0.567434
1.71489e-33
1.71489e-33
9.13591e-34
0.0028984
0.0028984
9.13591e-34
0.00641961
0.0109748
0.00641961
0.0109748
0.0170219
0.0250331
0.0250331
0.0170219
0.0487793
0.0354728
0.0487793
0.0354728
0.0854333
0.0653284
0.137044
0.1093
0.0653284
0.0854333
0.203981
0.168646
0.137044
0.1093
0.242781
0.284673
0.203981
0.168646
0.32915
0.375616
0.242781
0.284673
0.32915
0.375616
0.423371
0.471649
0.423371
0.471649
0.566443
0.519624
0.566443
0.519624
0.653152
0.611237
0.691373
0.725135
0.776665
0.753764
0.611237
0.653152
0.793375
0.803539
0.691373
0.725135
0.753764
0.776665
0.793375
0.806954
0.803539
0.645115
0.00670584
0.680381
0.710967
0.736242
0.0114635
0.755678
0.0177766
0.768869
0.0261248
0.775535
0.775535
0.0261248
0.0678138
0.768869
0.0369745
0.755678
0.736242
0.141029
0.710967
0.0507496
0.680381
0.0678138
0.645115
0.605885
0.333141
0.563476
0.0884462
0.51872
0.112829
0.472468
0.425575
0.378871
0.141029
0.172997
0.289105
0.247397
0.208553
0.208553
0.172997
0.247397
0.112829
0.0884462
0.289105
0.333141
0.0507496
0.0369745
0.378871
0.0177766
0.425575
0.0114635
0.00670584
0.00303
0.472468
0.51872
0.00303
0.563476
0.605885
1.89194e-33
1.89194e-33
9.96566e-34
0.00315832
0.00315832
9.96566e-34
0.0119376
0.00698471
0.00698471
0.0119376
0.0271744
0.0185048
0.0185048
0.0271744
0.0384054
0.0526156
0.0384054
0.0526156
0.0701405
0.0912401
0.144616
0.116052
0.0701405
0.0912401
0.21248
0.176829
0.144616
0.116052
0.292586
0.251217
0.176829
0.21248
0.380834
0.336011
0.292586
0.251217
0.380834
0.336011
0.426311
0.471649
0.426311
0.471649
0.516012
0.558557
0.516012
0.558557
0.598448
0.634881
0.667114
0.69447
0.73237
0.71638
0.598448
0.634881
0.745373
0.742108
0.69447
0.667114
0.73237
0.71638
0.742108
0.00725404
0.622528
0.651665
0.675767
0.0123941
0.694318
0.0123941
0.0192042
0.706914
0.0281737
0.0397608
0.713282
0.713282
0.0281737
0.706914
0.0937925
0.0397608
0.694318
0.675767
0.651665
0.0543624
0.215731
0.25422
0.622528
0.0722993
0.588979
0.55172
0.511522
0.0937925
0.469196
0.118955
0.425575
0.381489
0.337743
0.147776
0.29509
0.180122
0.180122
0.215731
0.147776
0.25422
0.118955
0.0722993
0.29509
0.0543624
0.337743
0.0192042
0.381489
0.425575
0.00725404
0.00328266
0.469196
0.511522
0.00328266
0.55172
0.588979
2.06152e-33
2.06152e-33
1.07486e-33
0.00340281
0.00340281
1.07486e-33
0.0128314
0.00751301
0.00751301
0.0128314
0.0291188
0.0198683
0.0291188
0.0198683
0.0559813
0.041027
0.041027
0.0559813
0.0742686
0.0960894
0.121509
0.150489
0.0742686
0.0960894
0.218284
0.182845
0.121509
0.150489
0.256377
0.296601
0.182845
0.218284
0.33832
0.380834
0.296601
0.256377
0.380834
0.33832
0.423371
0.465127
0.465127
0.423371
0.505281
0.543015
0.543015
0.505281
0.577548
0.608144
0.634151
0.654994
0.670225
0.679497
0.577548
0.608144
0.679497
0.682614
0.654994
0.634151
0.670225
0.614696
0.0132462
0.632307
0.00351784
0.644273
0.0204965
0.650324
0.650324
0.0300015
0.0300015
0.0422016
0.644273
0.632307
0.0422016
0.614696
0.591836
0.0574586
0.564237
0.532506
0.0760425
0.497334
0.22012
0.459473
0.0981113
0.419716
0.378871
0.123705
0.337743
0.297104
0.152735
0.25768
0.184986
0.184986
0.152735
0.22012
0.123705
0.0981113
0.25768
0.0760425
0.0574586
0.297104
0.337743
0.0204965
0.0132462
0.378871
0.0077605
0.419716
0.459473
0.00351784
0.591836
0.497334
0.532506
0.564237
0.0077605
2.22103e-33
2.22103e-33
1.14735e-33
0.0036278
0.0036278
1.14735e-33
0.00799466
0.0136377
0.00799466
0.0136377
0.030819
0.0210814
0.0210814
0.030819
0.0587877
0.0432709
0.0432709
0.0587877
0.099848
0.0776014
0.154499
0.125519
0.0776014
0.099848
0.186524
0.221228
0.154499
0.125519
0.258113
0.2966
0.221228
0.186524
0.336011
0.375616
0.2966
0.258113
0.336011
0.375616
0.452274
0.414635
0.452274
0.414635
0.487741
0.520269
0.520269
0.487741
0.573723
0.549146
0.60787
0.59345
0.61961
0.616661
0.573723
0.549146
0.616661
0.59345
0.60787
0.0140019
0.581867
0.0216238
0.587586
0.587586
0.581867
0.0140019
0.0315633
0.570562
0.0442345
0.553938
0.532383
0.506395
0.0789424
0.0599563
0.47657
0.0789424
0.443583
0.155767
0.408167
0.371091
0.221597
0.101284
0.333141
0.126947
0.29509
0.25768
0.155767
0.187454
0.187454
0.126947
0.101284
0.221597
0.25768
0.0599563
0.0442345
0.0315633
0.29509
0.0216238
0.333141
0.00821557
0.00373153
0.371091
0.408167
0.00373153
0.570562
0.443583
0.47657
0.506395
0.00821557
0.532383
0.553938
2.36781e-33
2.36781e-33
1.21291e-33
0.00382933
0.00382933
1.21291e-33
0.014339
0.00842029
0.00842029
0.014339
0.032233
0.0221158
0.032233
0.0221158
0.0609603
0.0450793
0.0450793
0.0609603
0.102413
0.0800485
0.156532
0.12797
0.0800485
0.102413
0.221228
0.187762
0.12797
0.156532
0.292586
0.256377
0.221228
0.187762
0.365331
0.329151
0.256377
0.292586
0.329151
0.365331
0.400357
0.433462
0.400357
0.433462
0.463904
0.490983
0.463904
0.490983
0.514074
0.532627
0.54621
0.554488
0.557273
0.554488
0.532627
0.514074
0.54621
0.0225597
0.525939
0.525939
0.00391985
0.520565
0.0328205
0.509949
0.0458071
0.49435
0.0328205
0.0458071
0.474149
0.449834
0.0617893
0.421985
0.0809204
0.391262
0.358375
0.156787
0.324071
0.103223
0.289104
0.128591
0.254219
0.22012
0.187454
0.156787
0.187454
0.128591
0.103223
0.0809204
0.22012
0.0617893
0.254219
0.0225597
0.289104
0.0146448
0.324071
0.00861022
0.358375
0.391262
0.00391985
0.520565
0.421985
0.449834
0.00861022
0.474149
0.49435
0.509949
0.0146448
2.4993e-33
2.4993e-33
1.27048e-33
0.00400369
0.00400369
1.27048e-33
0.00878133
0.01492
0.00878133
0.01492
0.0333257
0.0229471
0.0333257
0.0229471
0.0624417
0.0464055
0.0464055
0.0624417
0.0815438
0.103713
0.156532
0.128795
0.103713
0.0815438
0.186524
0.218284
0.128795
0.156532
0.284672
0.251217
0.218284
0.186524
0.350275
0.317936
0.284672
0.251217
0.317936
0.350275
0.380949
0.409237
0.380949
0.409237
0.456014
0.434465
0.456014
0.434465
0.473362
0.486069
0.493826
0.496431
0.493826
0.473362
0.486069
0.461166
0.0337417
0.451258
0.436714
0.0468787
0.417906
0.39531
0.062909
0.369492
0.0337417
0.341089
0.081923
0.310792
0.081923
0.27932
0.103875
0.103875
0.247397
0.21573
0.128591
0.184986
0.155766
0.155766
0.128591
0.184986
0.062909
0.21573
0.0468787
0.247397
0.023282
0.0151605
0.27932
0.00893641
0.0040793
0.310792
0.341089
0.0040793
0.466184
0.369492
0.466184
0.39531
0.417906
0.00893641
0.436714
0.451258
0.0151605
0.461166
0.023282
2.61306e-33
2.61306e-33
1.31906e-33
0.00414755
0.00414755
1.31906e-33
0.0153678
0.00907035
0.0153678
0.00907035
0.0235556
0.0340698
0.0340698
0.0235556
0.0631924
0.0472153
0.0472153
0.0631924
0.0820468
0.103713
0.12797
0.154499
0.103713
0.0820468
0.21248
0.182845
0.154499
0.12797
0.242782
0.273086
0.21248
0.182845
0.330884
0.30269
0.273086
0.242782
0.30269
0.330884
0.356975
0.380306
0.380306
0.356975
0.400284
0.416389
0.416389
0.400284
0.428208
0.435423
0.437852
0.435423
0.428208
0.0343039
0.381724
0.0474216
0.364336
0.343489
0.319734
0.0155375
0.0632856
0.293689
0.0343039
0.081923
0.266016
0.237408
0.208553
0.103223
0.180121
0.126947
0.152734
0.126947
0.103223
0.152734
0.081923
0.180121
0.0632856
0.0474216
0.208553
0.0237735
0.237408
0.00918733
0.00420678
0.266016
0.293689
0.00420678
0.395192
0.319734
0.343489
0.364336
0.409033
0.00918733
0.381724
0.395192
0.404377
0.0155375
0.0237735
0.409033
0.404377
2.70694e-33
2.70694e-33
1.35778e-33
0.00425812
0.00425812
1.35778e-33
0.0156721
0.00928128
0.00928128
0.0156721
0.0344466
0.0239266
0.0239266
0.0344466
0.0631924
0.0474876
0.0474876
0.0631924
0.102412
0.0815438
0.150489
0.125519
0.102412
0.0815438
0.20398
0.176829
0.150489
0.125519
0.258161
0.231311
0.20398
0.176829
0.283853
0.307721
0.231311
0.258161
0.283853
0.307721
0.347515
0.329135
0.347515
0.329135
0.362367
0.373275
0.373275
0.362367
0.379947
0.382189
0.379947
0.0474216
0.314014
0.294932
0.273255
0.062909
0.249577
0.0157672
0.0809204
0.224537
0.0344929
0.198792
0.172996
0.101284
0.147775
0.123705
0.123705
0.101284
0.0809204
0.147775
0.062909
0.172996
0.0474216
0.0240222
0.198792
0.224537
0.0093577
0.00429978
0.249577
0.273255
0.00429978
0.329969
0.294932
0.314014
0.350805
0.355094
0.0093577
0.329969
0.34235
0.350805
0.0157672
0.355094
0.0240222
0.34235
0.0344929
2.77911e-33
2.77911e-33
1.38594e-33
0.00433317
0.00433317
1.38594e-33
0.0158261
0.00940962
0.00940962
0.0158261
0.0344467
0.0240513
0.0344467
0.0240513
0.0624417
0.0472153
0.0472153
0.0624417
0.0800486
0.0998478
0.121509
0.144616
0.0800486
0.0998478
0.168646
0.193027
0.144616
0.121509
0.217134
0.240327
0.193027
0.168646
0.281459
0.261971
0.240327
0.217134
0.261971
0.281459
0.311826
0.29824
0.29824
0.311826
0.327945
0.321827
0.321827
0.327945
0.330007
0.230476
0.0617893
0.209155
0.00435642
0.186726
0.0789424
0.163813
0.141029
0.0981111
0.034304
0.0468788
0.118955
0.0981111
0.118955
0.0789424
0.0617893
0.141029
0.163813
0.0240223
0.0158445
0.186726
0.00944385
0.209155
0.230476
0.00435642
0.250082
0.250082
0.267403
0.267403
0.281926
0.00944385
0.293219
0.300943
0.0158445
0.304865
0.304865
0.0240223
0.300943
0.293219
0.034304
0.281926
0.0468788
2.82813e-33
2.82813e-33
1.403e-33
0.0043712
0.0043712
1.403e-33
0.00945263
0.0158263
0.00945263
0.0158263
0.03407
0.0239265
0.0239265
0.03407
0.0609604
0.0464055
0.0464055
0.0609604
0.0776015
0.0960891
0.137043
0.116052
0.0960891
0.0776015
0.179934
0.158528
0.137043
0.116052
0.220097
0.200657
0.179934
0.158528
0.252864
0.237678
0.220097
0.200657
0.237678
0.252864
0.274285
0.265195
0.274285
0.265195
0.279859
0.279859
0.281733
0.0599563
0.152831
0.0760425
0.132684
0.112828
0.0937923
0.0157674
0.0937923
0.0760425
0.112828
0.0599563
0.0458072
0.0337419
0.132684
0.0237736
0.152831
0.00944394
0.00437557
0.172698
0.191702
0.00437557
0.172698
0.209265
0.224844
0.23795
0.224844
0.00944394
0.248166
0.255165
0.258722
0.0157674
0.258722
0.0237736
0.255165
0.248166
0.23795
0.0337419
0.0458072
0.209265
0.191702
2.853e-33
2.853e-33
1.40865e-33
0.00437143
0.00437143
1.40865e-33
0.0156726
0.00940938
0.00940938
0.0156726
0.0333261
0.0235554
0.0235554
0.0333261
0.0450792
0.0587878
0.0587878
0.0450792
0.0742688
0.0912397
0.1093
0.127985
0.0742688
0.0912397
0.146761
0.165073
0.1093
0.127985
0.198058
0.182355
0.146761
0.165073
0.211679
0.222769
0.198058
0.182355
0.211679
0.222769
0.235995
0.230967
0.235995
0.230967
0.237692
0.0722992
0.105497
0.088446
0.00435682
0.0722992
0.088446
0.0574586
0.105497
0.0442347
0.0328207
0.0232823
0.122976
0.0155378
0.140362
0.00935797
0.157111
0.172681
0.00435682
0.122976
0.186557
0.198274
0.157111
0.172681
0.00935797
0.207432
0.213719
0.216918
0.207432
0.0155378
0.216918
0.0232823
0.213719
0.198274
0.0328207
0.186557
0.0442347
0.140362
0.0574586
2.85323e-33
2.85323e-33
1.40277e-33
0.00433385
0.00433385
1.40277e-33
0.0153685
0.00928081
0.00928081
0.0153685
0.0229468
0.0322335
0.0322335
0.0229468
0.0432708
0.0559814
0.0432708
0.0559814
0.0701407
0.0854329
0.117694
0.101441
0.0854329
0.0701407
0.133679
0.148869
0.117694
0.101441
0.162752
0.174845
0.133679
0.148869
0.18473
0.19205
0.162752
0.174845
0.18473
0.19205
0.198069
0.196553
0.196553
0.0543625
0.0822187
0.0422018
0.0315636
0.0971633
0.0225601
0.015161
0.112176
0.00918778
0.00430056
0.126759
0.140407
0.00430056
0.0678138
0.152637
0.0822187
0.163008
0.17114
0.00918778
0.176735
0.179585
0.140407
0.152637
0.015161
0.179585
0.176735
0.0225601
0.17114
0.163008
0.0315636
0.0422018
0.126759
0.112176
0.0543625
0.0971633
0.0678138
2.82881e-33
2.82881e-33
1.38547e-33
0.00425922
0.00425922
1.38547e-33
0.00906967
0.014921
0.00906967
0.014921
0.0308196
0.0221154
0.0308196
0.0221154
0.0410269
0.0526157
0.0410269
0.0526157
0.0653286
0.0788278
0.106462
0.0926919
0.0788278
0.0653286
0.131785
0.119652
0.106462
0.0926919
0.151128
0.142412
0.131785
0.119652
0.161594
0.157607
0.142412
0.151128
0.161594
0.157607
0.162943
0.0752813
0.0216243
0.0880595
0.0146454
0.00893702
0.00420792
0.100589
0.112408
0.00420792
0.0300019
0.123064
0.132145
0.139293
0.062707
0.00893702
0.144223
0.146738
0.146738
0.100589
0.0146454
0.144223
0.0216243
0.139293
0.132145
0.123064
0.0300019
0.112408
0.039761
0.0880595
0.0752813
0.0507497
0.062707
0.0507497
0.039761
2.78023e-33
2.78023e-33
1.35709e-33
0.00414905
0.00414905
1.35709e-33
0.0143402
0.00878046
0.00878046
0.0143402
0.0210809
0.0291195
0.0291195
0.0210809
0.0384052
0.0487794
0.0487794
0.0384052
0.0716051
0.0599621
0.0832965
0.0946005
0.0716051
0.0599621
0.114306
0.105077
0.0946005
0.0832965
0.121914
0.127583
0.114306
0.105077
0.132266
0.131085
0.127583
0.121914
0.131085
0.0784367
0.00861097
0.00408077
0.0885372
0.0977108
0.00408077
0.0140027
0.105572
0.111785
0.0281742
0.0369748
0.00861097
0.116084
0.11828
0.11828
0.0678228
0.0140027
0.116084
0.0204971
0.111785
0.105572
0.0977108
0.0281742
0.0885372
0.0369748
0.0784367
0.057116
0.0467152
0.0467152
0.057116
0.0204971
0.0678228
2.70846e-33
2.70846e-33
1.31815e-33
0.00400553
0.00400553
1.31815e-33
0.00841924
0.0136391
0.00841924
0.0136391
0.0271752
0.0198678
0.0271752
0.0198678
0.044573
0.0354726
0.044573
0.0354726
0.0639611
0.0541846
0.073513
0.0824409
0.0639611
0.0541846
0.0903614
0.0969218
0.073513
0.0824409
0.101834
0.10487
0.0969218
0.0903614
0.1059
0.10487
0.101834
0.0763538
0.00392161
0.083077
0.00392161
0.0884166
0.0921229
0.00821644
0.0940209
0.0940209
0.0261253
0.0339139
0.0132471
0.0921229
0.0511898
0.0884166
0.0192048
0.083077
0.0763538
0.0261253
0.0685587
0.0600452
0.0339139
0.0423643
0.0423643
0.0511898
0.0192048
0.0132471
0.0600452
0.00821644
0.0685587
2.61494e-33
2.61494e-33
1.26936e-33
0.00383147
1.26936e-33
0.00383147
0.012833
0.00799348
0.00799348
0.012833
0.0185042
0.0250339
0.0185042
0.0250339
0.0401055
0.0323031
0.0323031
0.0401055
0.0481492
0.0561017
0.0636078
0.0703163
0.0561017
0.0481492
0.0759097
0.0801115
0.0703163
0.0636078
0.0836033
0.0827212
0.0801115
0.0759097
0.0827212
0.00373351
0.0643696
0.0689038
0.0720628
0.00776147
0.0736843
0.012395
0.0736843
0.0720628
0.012395
0.0689038
0.0177773
0.0643696
0.0586921
0.0521563
0.0239047
0.0450841
0.0306549
0.0378091
0.0306549
0.0239047
0.0378091
0.0177773
0.0450841
0.00776147
0.00373351
0.0521563
0.0586921
2.50149e-33
2.50149e-33
1.2116e-33
0.00363016
0.00363016
1.2116e-33
0.0119393
0.00751173
0.00751173
0.0119393
0.022747
0.0170212
0.0170212
0.022747
0.035491
0.0289753
0.035491
0.0289753
0.0482346
0.0420132
0.0585513
0.0538452
0.0420132
0.0482346
0.0621081
0.0643195
0.0585513
0.0538452
0.0650725
0.0621081
0.0643195
0.0555609
0.00725507
0.0569304
0.00352
0.0569304
0.0555609
0.0114645
0.0528995
0.0162467
0.021565
0.027278
0.049096
0.044362
0.0389563
0.021565
0.0331646
0.027278
0.0162467
0.0331646
0.0114645
0.0389563
0.00725507
0.044362
0.049096
0.00352
0.0528995
2.37027e-33
2.37027e-33
1.14585e-33
0.00340533
0.00340533
1.14585e-33
0.0109766
0.00698336
0.00698336
0.0109766
0.0154519
0.0203677
0.0154519
0.0203677
0.02557
0.0308446
0.0308446
0.02557
0.0405619
0.0359325
0.0444766
0.0474474
0.0359325
0.0405619
0.0493055
0.0499352
0.0474474
0.0444766
0.0493055
0.0067069
0.0433721
0.0422283
0.0104746
0.0400116
0.0368581
0.0146465
0.0329593
0.0285446
0.0191599
0.0238636
0.0191599
0.0238636
0.0146465
0.0104746
0.0285446
0.0067069
0.00328491
0.0329593
0.0368581
0.00328491
0.0400116
0.0422283
0.0433721
2.22368e-33
2.22368e-33
1.0732e-33
0.00316092
0.00316092
1.0732e-33
0.00996418
0.00641825
0.00641825
0.00996418
0.0138297
0.0179497
0.0138297
0.0179497
0.0221668
0.0262779
0.0221668
0.0262779
0.0300552
0.0332712
0.0372687
0.0357295
0.0332712
0.0300552
0.0372687
0.0377952
0.0357295
0.0316494
0.0298218
0.00944479
0.0272348
0.01301
0.0240573
0.00944479
0.02049
0.0167423
0.0167423
0.01301
0.02049
0.00612693
0.00303229
0.0240573
0.0272348
0.00303229
0.0298218
0.0325951
0.0316494
0.0325951
0.00612693
2.0643e-33
2.0643e-33
0.00290099
9.94751e-34
0.00290099
9.94751e-34
0.0089214
0.00582635
0.00582635
0.0089214
0.0155449
0.0121876
0.0155449
0.0121876
0.0188414
0.0218943
0.0188414
0.0218943
0.0265264
0.024515
0.0282257
0.0277947
0.024515
0.0277947
0.0265264
0.00839396
0.0198003
0.0113697
0.0172294
0.0143626
0.0113697
0.0143626
0.00839396
0.0172294
0.00552505
0.00276617
0.0198003
0.0219068
0.00276617
0.0234016
0.0234016
0.0241775
0.00552505
0.0241775
0.0219068
1.89477e-33
1.89477e-33
9.11634e-34
0.00262956
0.00262956
9.11634e-34
0.00786672
0.00521738
0.00521738
0.00786672
0.0132012
0.010557
0.010557
0.0132012
0.0156618
0.0177842
0.0177842
0.0156618
0.0194242
0.0204585
0.020814
0.0204585
0.0194242
0.00975517
0.00975517
0.00733996
0.0120656
0.00491072
0.00249049
0.0141447
0.0158553
0.00249049
0.0120656
0.0141447
0.017074
0.017708
0.017708
0.00491072
0.017074
0.0158553
0.00733996
1.71771e-33
1.71771e-33
8.24922e-34
0.00235044
0.00235044
8.24922e-34
0.00681712
0.0046004
0.00681712
0.0046004
0.0109603
0.00896561
0.0109603
0.00896561
0.0140195
0.0126852
0.0126852
0.0140195
0.0148663
0.0151547
0.0148663
0.00429255
0.00220891
0.00988936
0.0112864
0.00220891
0.0122833
0.00629871
0.0128027
0.0128027
0.00988936
0.00429255
0.0122833
0.0112864
0.00629871
0.0081923
0.0081923
1.5356e-33
1.5356e-33
7.35604e-34
0.00206709
0.00206709
7.35604e-34
0.00398348
0.00578729
0.00398348
0.00578729
0.00885553
0.00743691
0.00885553
0.00743691
0.0106487
0.009954
0.009954
0.0108882
0.0106487
0.00786192
0.00868832
0.00192465
0.00192465
0.00911871
0.00911871
0.00367798
0.00868832
0.00786192
0.0067017
0.00528351
0.00528351
0.0067017
0.00367798
1.3507e-33
1.3507e-33
6.44552e-34
0.00178248
6.44552e-34
0.00178248
0.00337334
0.004789
0.00337334
0.004789
0.00690944
0.00598838
0.00690944
0.00598838
0.00769117
0.0074927
0.0074927
0.0016404
0.00636444
0.00636444
0.00599974
0.00307297
0.00529747
0.00430438
0.00430438
0.00307297
0.0016404
0.00529747
0.00599974
1.16494e-33
1.16494e-33
5.52486e-34
0.00149901
0.00149901
5.52486e-34
0.00383036
0.00277505
0.00277505
0.00383036
0.00463039
0.00513174
0.00463039
0.00513174
0.00530392
0.00398602
0.00248168
0.00336741
0.00248168
0.00135822
0.00336741
0.00398602
0.00135822
0.00430526
0.00430526
9.79881e-34
9.79881e-34
4.59961e-34
0.00121837
0.00121837
4.59961e-34
0.00291533
0.0021918
0.0021918
0.00291533
0.00336504
0.00336504
0.00351711
0.00190632
0.00190632
0.00107945
0.00247427
0.00276488
0.00107945
0.00276488
0.00247427
7.96633e-34
7.96633e-34
3.67355e-34
0.000941531
3.67355e-34
0.000941531
0.00162474
0.0020432
0.00162474
0.0020432
0.00218505
0.00162177
0.000804677
0.00162177
0.00134697
0.000804677
0.00134697
6.15831e-34
6.15831e-34
0.000668743
2.74884e-34
0.000668743
2.74884e-34
0.00107285
0.00107285
0.00120826
0.000533794
0.000801589
0.000533794
0.000801589
4.3763e-34
4.3763e-34
1.82621e-34
0.000399548
0.000399548
1.82621e-34
0.000532983
0.000266019
0.000266019
2.6173e-34
2.6173e-34
9.05464e-35
9.05464e-35
0.000132885
2.87545e-37
8.74397e-35
8.74397e-35
