3.21565e-37
9.58737e-35
9.58737e-35
9.93549e-35
2.86914e-34
0.00014574
0.000291737
9.93549e-35
2.86914e-34
0.000291737
2.00428e-34
0.000585285
4.79613e-34
0.000438141
0.000584434
0.0008788
0.0008788
0.000438141
0.000585285
4.79613e-34
2.00428e-34
3.01722e-34
0.000882037
6.74683e-34
0.000733154
0.00147584
0.00177638
0.00117587
0.00132413
3.01722e-34
0.000882037
0.00117587
0.00177638
0.00147584
0.000733154
6.74683e-34
4.03262e-34
0.00103186
0.00118278
8.72416e-34
0.00177952
0.00208706
0.00270659
0.00223662
0.00302297
0.00239135
0.00302297
0.00223662
0.00103186
8.72416e-34
0.00118278
4.03262e-34
0.00208706
0.00177952
0.00270659
5.04964e-34
1.07262e-33
0.00133472
0.00148761
0.00239857
0.00271451
0.0036778
0.00318664
0.00148761
1.07262e-33
0.00133472
5.04964e-34
0.0046932
0.00384003
0.00434811
0.00367507
0.00367507
0.0036778
0.00434811
0.00239857
0.0046932
0.00318664
0.00271451
6.06586e-34
0.00179585
1.2746e-33
0.00164143
0.00303396
0.00335799
0.00469312
0.0041799
0.00558487
0.00504469
0.00576406
0.00651826
1.2746e-33
0.00179585
0.00164143
6.06586e-34
0.00303396
0.00469312
0.00335799
0.0041799
0.00577002
0.00690893
0.00558487
0.00690893
0.00576406
0.00651826
0.00504469
7.07707e-34
0.00210603
1.47716e-33
0.00195092
0.00368442
0.0040151
0.00575066
0.00521696
0.00851163
0.00749348
0.00650735
0.00727308
0.00811585
0.00939031
0.00984687
0.00832732
7.07707e-34
0.00210603
1.47716e-33
0.00195092
0.00368442
0.0040151
0.00575066
0.00521696
0.00939031
0.00851163
0.00727308
0.00984687
0.00650735
0.00811585
0.00749348
8.07713e-34
0.00241594
1.67859e-33
0.00226135
0.0043465
0.00468138
0.00684396
0.00629357
0.0088684
0.0106705
0.00957096
0.00806069
0.0107351
0.0121466
0.0131962
0.0114691
0.00226135
8.07713e-34
0.00241594
1.67859e-33
0.0117218
0.0137421
0.0137421
0.0114691
0.00468138
0.00684396
0.0043465
0.00629357
0.00957096
0.0121466
0.0131962
0.0088684
0.00806069
0.0107351
0.0106705
9.05807e-34
0.00272266
1.87682e-33
0.00257012
0.00740115
0.00501478
0.00535048
0.00796247
0.0105353
0.0129779
0.0118071
0.00969385
0.0136245
0.0151632
0.0169538
0.0150252
0.0159119
0.018226
0.0188868
0.0162136
1.87682e-33
0.00257012
9.05807e-34
0.00272266
0.00796247
0.00535048
0.00740115
0.00501478
0.0188868
0.018226
0.0159119
0.0150252
0.0118071
0.00969385
0.0105353
0.0129779
0.0151632
0.0169538
0.0136245
1.00103e-33
0.00302271
2.06942e-33
0.00287403
0.00568212
0.00909225
0.00852736
0.00601448
0.00287403
0.00302271
2.06942e-33
1.00103e-33
0.0122524
0.0154046
0.0141786
0.0113886
0.0167592
0.021084
0.0189754
0.0184053
0.0217575
0.0232718
0.0248212
0.0206828
0.0256244
0.0221266
0.0217575
0.0256244
0.00601448
0.00909225
0.00852736
0.00568212
0.0154046
0.0122524
0.0141786
0.0113886
0.0248212
0.0232718
0.0184053
0.0206828
0.021084
0.0167592
0.0189754
1.0923e-33
0.00331215
2.2537e-33
0.00316935
0.00633993
0.00666424
0.0102166
0.00965679
0.00316935
0.00331215
2.2537e-33
1.0923e-33
0.0139928
0.0179118
0.0166511
0.0131207
0.00666424
0.00965679
0.0102166
0.00633993
0.0200953
0.0218213
0.0232702
0.0255249
0.0280665
0.0288122
0.0314823
0.0259865
0.0343391
0.0298209
0.0333655
0.0293761
0.0293761
0.0343391
0.0333655
0.0280665
0.0131207
0.0179118
0.0139928
0.0166511
0.0314823
0.0232702
0.0255249
0.0218213
0.0200953
0.0259865
0.0288122
1.17842e-33
0.00345197
0.00358676
2.42686e-33
0.00697857
0.00728969
0.0113168
0.0107716
0.0157258
0.0204531
0.0191816
0.0148612
0.00345197
0.00358676
2.42686e-33
1.17842e-33
0.0113168
0.00728969
0.0107716
0.00697857
0.0235746
0.0253468
0.0301928
0.0278363
0.0157258
0.0191816
0.0148612
0.0204531
0.031738
0.0347467
0.038758
0.0350516
0.0375802
0.0391617
0.0419965
0.0442703
0.0454428
0.0391617
0.0397024
0.0454428
0.0375802
0.0419965
0.0442703
0.0350516
0.0253468
0.0347467
0.0278363
0.0235746
0.038758
0.031738
0.0301928
1.25818e-33
2.58605e-33
0.00371757
0.00384217
0.00758775
0.00788035
0.012373
0.0118525
0.0174178
0.0229769
0.021721
0.0165777
0.00371757
0.00384217
2.58605e-33
1.25818e-33
0.0271273
0.0289078
0.0349885
0.0325815
0.012373
0.00788035
0.0118525
0.00758775
0.021721
0.0229769
0.0174178
0.0165777
0.0409492
0.0378233
0.0464977
0.0425803
0.0289078
0.0271273
0.0325815
0.0349885
0.0496381
0.0465953
0.0552384
0.0513474
0.0515398
0.0579586
0.052184
0.0593576
0.0593576
0.0496381
0.0515398
0.0579586
0.0465953
0.0425803
0.0378233
0.0513474
0.0409492
0.0464977
0.0552384
1.33034e-33
0.00407404
2.7285e-33
0.00396178
0.00815685
0.00842561
0.0133649
0.0128792
0.0190342
0.0254285
0.018236
0.0242157
0.0306759
0.0324243
0.0398016
0.0374003
0.00396178
0.00407404
2.7285e-33
1.33034e-33
0.00842561
0.0133649
0.0128792
0.00815685
0.0545217
0.0472757
0.0441065
0.0504861
0.0254285
0.0190342
0.0242157
0.018236
0.0374003
0.0306759
0.0324243
0.0398016
0.0670014
0.0610373
0.056228
0.0612046
0.0441065
0.0545217
0.0472757
0.0504861
0.0669249
0.0646686
0.0748458
0.071626
0.0764979
0.0676929
0.0669249
0.0764979
0.0610373
0.0670014
0.0612046
0.0646686
0.0748458
0.071626
0.056228
1.39374e-33
0.00427824
2.85161e-33
0.00418035
0.00867541
0.0089152
0.0142724
0.0138314
0.0205401
0.0198012
0.0277526
0.0266106
0.034139
0.0358138
0.044516
0.0421789
1.39374e-33
2.85161e-33
0.00418035
0.00427824
0.0585788
0.0504368
0.0535707
0.0626313
0.00867541
0.0089152
0.0142724
0.0138314
0.0277526
0.0205401
0.0266106
0.0198012
0.0713242
0.0792714
0.0730922
0.0662481
0.0421789
0.044516
0.034139
0.0358138
0.0504368
0.0535707
0.0585788
0.0626313
0.0861181
0.0915515
0.0787924
0.0830712
0.0792714
0.0713242
0.0662481
0.0730922
0.0866251
0.0857274
0.0972505
0.0953208
0.0861181
0.0972505
0.0915515
0.0953208
0.0830712
0.0857274
0.0787924
1.44727e-33
0.00445097
2.95307e-33
0.00436929
0.00913346
0.00933955
0.0150767
0.0146897
0.0212391
0.0219023
0.0298951
0.0288506
0.0374338
0.0389942
0.0490143
0.0468
0.00436929
0.00445097
2.95307e-33
1.44727e-33
0.0666532
0.0566558
0.0596742
0.0706175
0.00913346
0.0146897
0.0150767
0.00933955
0.0917298
0.0854976
0.0814434
0.0764008
0.0219023
0.0298951
0.0288506
0.0212391
0.0468
0.0490143
0.0389942
0.0374338
0.101061
0.109051
0.10023
0.0935587
0.0706175
0.0566558
0.0596742
0.0666532
0.0917298
0.0814434
0.0764008
0.0854976
0.108307
0.105222
0.115362
0.119725
0.10023
0.0935587
0.109051
0.101061
0.121955
0.109353
0.108307
0.105222
0.119725
0.115362
0.121955
1.49001e-33
0.00458894
3.03091e-33
0.00452503
0.0095219
0.0096901
0.0157604
0.0154357
0.00452503
0.00458894
3.03091e-33
1.49001e-33
0.0225175
0.0230898
0.0318049
0.030883
0.0404796
0.041887
0.0531822
0.0511471
0.0782693
0.0744985
0.0626034
0.0654276
0.0154357
0.0095219
0.0157604
0.0096901
0.0912924
0.0979253
0.104042
0.0864184
0.0225175
0.0318049
0.030883
0.0230898
0.117952
0.116054
0.126875
0.108578
0.0531822
0.041887
0.0511471
0.0404796
0.0782693
0.0654276
0.0626034
0.0744985
0.131428
0.136089
0.143338
0.125676
0.104042
0.0912924
0.0864184
0.0979253
0.126875
0.117952
0.108578
0.116054
0.134981
0.136179
0.150886
0.148336
0.131428
0.125676
0.136089
0.143338
0.150886
0.134981
0.148336
1.52115e-33
0.00468944
3.08361e-33
0.00464456
0.00983281
0.00995965
0.0163087
0.0160535
0.023607
0.0240752
0.033436
0.032659
0.00464456
0.00468944
3.08361e-33
1.52115e-33
0.0160535
0.0163087
0.00983281
0.00995965
0.0432007
0.0444197
0.0569121
0.055109
0.0706793
0.085382
0.0819059
0.068124
0.100604
0.110038
0.115871
0.0960311
0.023607
0.032659
0.033436
0.0240752
0.130683
0.144532
0.135755
0.12344
0.0432007
0.055109
0.0444197
0.0569121
0.156933
0.167443
0.146534
0.15537
0.0819059
0.085382
0.0706793
0.068124
0.100604
0.110038
0.0960311
0.115871
0.165976
0.175681
0.181348
0.161937
0.135755
0.130683
0.144532
0.12344
0.146534
0.167443
0.15537
0.156933
0.167343
0.161937
0.184234
0.184234
0.165976
0.175681
0.181348
1.54014e-33
0.00475048
3.1101e-33
0.00472553
0.0100597
0.0101426
0.0167093
0.0165293
0.0244823
0.0248353
0.0347483
0.0341353
0.0455285
0.0585829
0.0465281
0.0601071
0.00472553
0.00475048
3.1101e-33
1.54014e-33
0.0101426
0.0165293
0.0167093
0.0100597
0.0341353
0.0347483
0.0248353
0.0244823
0.0752898
0.0917631
0.0886759
0.0730713
0.121502
0.126889
0.104977
0.109122
0.161527
0.153143
0.14454
0.137733
0.0585829
0.0455285
0.0601071
0.0465281
0.167216
0.177307
0.191362
0.179468
0.0730713
0.0752898
0.0886759
0.0917631
0.189478
0.212494
0.19689
0.203225
0.126889
0.109122
0.121502
0.104977
0.161527
0.14454
0.153143
0.137733
0.222092
0.201447
0.218856
0.202982
0.167216
0.177307
0.179468
0.191362
0.19689
0.189478
0.222092
0.218856
0.203225
0.201447
0.212494
1.5466e-33
0.00477083
3.10987e-33
0.00476631
0.0101979
0.0102349
0.0169533
0.0168525
0.0251227
0.0253524
0.0357097
0.0352757
0.00476631
0.00477083
3.10987e-33
1.5466e-33
0.0474038
0.0626836
0.0614783
0.0481586
0.0791359
0.0972395
0.094625
0.0773136
0.0168525
0.0169533
0.0102349
0.0101979
0.0352757
0.0357097
0.0253524
0.0251227
0.0474038
0.0481586
0.0614783
0.0626836
0.131998
0.113009
0.13679
0.116614
0.17738
0.169625
0.157237
0.151056
0.187136
0.196632
0.214414
0.203038
0.094625
0.0773136
0.0791359
0.0972395
0.23018
0.228047
0.243438
0.216826
0.113009
0.131998
0.13679
0.116614
0.241426
0.25377
0.260847
0.23634
0.169625
0.17738
0.157237
0.151056
0.214414
0.196632
0.203038
0.187136
0.264443
0.243142
0.241426
0.264443
0.23018
0.216826
0.260847
0.243438
0.228047
0.23634
0.25377
1.54041e-33
0.00475008
3.0829e-33
0.00476608
0.0102444
0.0102348
0.0170352
0.0170159
0.0255133
0.025614
0.0362962
0.0360521
0.0487788
0.0492694
0.064574
0.0637192
0.00476608
0.00475008
3.0829e-33
1.54041e-33
0.0102348
0.0170159
0.0170352
0.0102444
0.0821147
0.101662
0.0995915
0.0807374
0.122872
0.145298
0.141235
0.119908
0.025614
0.0255133
0.0360521
0.0362962
0.0637192
0.0487788
0.064574
0.0492694
0.0821147
0.0807374
0.101662
0.0995915
0.184736
0.19164
0.168415
0.163036
0.205728
0.214357
0.235938
0.225407
0.255773
0.243195
0.273288
0.258555
0.119908
0.141235
0.122872
0.145298
0.299386
0.287971
0.280213
0.271024
0.163036
0.168415
0.19164
0.184736
0.285847
0.307192
0.311154
0.287742
0.235938
0.225407
0.205728
0.214357
0.243195
0.255773
0.258555
0.273288
0.285847
0.280213
0.311154
0.307192
0.271024
0.287971
0.299386
1.52171e-33
0.00468866
3.02975e-33
0.00472485
0.0101981
0.0101423
0.0169531
0.0170157
0.0364451
0.0256445
0.0256139
0.0364933
0.00472485
0.00468866
3.02975e-33
1.52171e-33
0.0496181
0.049832
0.0657286
0.0652468
0.0841462
0.10491
0.10344
0.0832508
0.0101423
0.0170157
0.0169531
0.0101981
0.0364451
0.0364933
0.0256445
0.0256139
0.127723
0.152174
0.148954
0.125481
0.177761
0.198045
0.173334
0.203904
0.0652468
0.0657286
0.049832
0.0496181
0.10344
0.0832508
0.0841462
0.10491
0.152174
0.127723
0.125481
0.148954
0.222458
0.245931
0.255314
0.229974
0.267825
0.279263
0.301179
0.28753
0.318222
0.336587
0.304493
0.320465
0.173334
0.198045
0.203904
0.177761
0.328328
0.334508
0.349095
0.357635
0.222458
0.255314
0.245931
0.229974
0.361967
0.361967
0.336592
0.334508
0.279263
0.301179
0.267825
0.28753
0.357635
0.349095
0.320465
0.304493
0.336587
0.328328
0.318222
1.49082e-33
0.00458779
2.95149e-33
0.00464346
0.0100602
0.0099592
0.016709
0.016852
0.0362961
0.036445
0.0255134
0.0253522
0.0499003
0.049832
0.0661168
0.0660207
0.00464346
0.00458779
2.95149e-33
1.49082e-33
0.0099592
0.016852
0.016709
0.0100602
0.0851757
0.106895
0.106065
0.0847864
0.131034
0.157228
0.15494
0.129576
0.036445
0.0362961
0.0253522
0.0255134
0.0660207
0.0499003
0.0661168
0.049832
0.18501
0.213822
0.181661
0.209176
0.23685
0.26402
0.271986
0.243038
0.0851757
0.0847864
0.106895
0.106065
0.129576
0.15494
0.157228
0.131034
0.181661
0.209176
0.213822
0.18501
0.290004
0.314133
0.299971
0.3263
0.335774
0.371364
0.350304
0.354344
0.388926
0.369346
0.402527
0.380363
0.23685
0.26402
0.243038
0.271986
0.416502
0.387101
0.389365
0.411801
0.290004
0.299971
0.3263
0.314133
0.387101
0.416502
0.411801
0.380363
0.354344
0.350304
0.335774
0.371364
0.388926
0.369346
0.402527
1.44835e-33
0.0044495
2.84965e-33
0.00452353
0.00983353
0.0096895
0.0163082
0.0165285
0.024835
0.0357095
0.0360518
0.025123
0.00452353
0.0044495
2.84965e-33
1.44835e-33
0.0496182
0.0492693
0.0657286
0.0660207
0.0851757
0.107563
0.0853028
0.107396
0.0096895
0.0165285
0.0163082
0.00983353
0.0360518
0.0357095
0.025123
0.024835
0.132712
0.160317
0.159026
0.132079
0.217812
0.189959
0.221114
0.187781
0.0492693
0.0496182
0.0657286
0.0660207
0.0853028
0.107396
0.107563
0.0851757
0.248492
0.253176
0.279155
0.285475
0.309092
0.317301
0.347924
0.337591
0.132712
0.160317
0.132079
0.159026
0.221114
0.189959
0.187781
0.217812
0.285475
0.248492
0.279155
0.253176
0.363955
0.387522
0.376622
0.4027
0.444509
0.425519
0.42396
0.407699
0.443176
0.459191
0.469192
0.435893
0.309092
0.347924
0.317301
0.337591
0.443176
0.474257
0.445628
0.474257
0.4027
0.387522
0.363955
0.376622
0.435893
0.444509
0.425519
0.459191
0.469192
0.407699
0.42396
1.39505e-33
0.00427648
2.72621e-33
0.00436744
0.00952282
0.0160525
0.0093388
0.0157598
0.0240748
0.0347481
0.0352753
0.0244826
0.00436744
0.00427648
2.72621e-33
1.39505e-33
0.0487788
0.0481584
0.064574
0.0652467
0.0093388
0.0160525
0.0157598
0.00952282
0.0841462
0.0847863
0.106895
0.107396
0.132712
0.161357
0.161098
0.132921
0.0244826
0.0352753
0.0347481
0.0240748
0.0481584
0.0652467
0.0487788
0.064574
0.223708
0.192469
0.225573
0.191524
0.2601
0.257053
0.295396
0.290902
0.0847863
0.106895
0.107396
0.0841462
0.161098
0.161357
0.132712
0.132921
0.324539
0.365425
0.357225
0.330754
0.429682
0.388216
0.398652
0.416788
0.225573
0.192469
0.191524
0.223708
0.257053
0.290902
0.295396
0.2601
0.324539
0.330754
0.357225
0.365425
0.464019
0.442263
0.457802
0.482349
0.502739
0.518482
0.494355
0.48153
0.534619
0.504813
0.529196
0.502184
0.416788
0.398652
0.388216
0.429682
0.534619
0.502184
0.529196
0.494355
0.518482
0.464019
0.502739
0.442263
0.48153
0.457802
0.482349
1.33188e-33
0.00407205
2.58349e-33
0.00417821
0.00417821
0.00407205
2.58349e-33
1.33188e-33
0.00913456
0.0150759
0.0154345
0.00891433
0.0230893
0.0334356
0.0341348
0.0236074
0.0474039
0.0465279
0.0626836
0.0637191
0.0154345
0.0150759
0.00913456
0.00891433
0.0832507
0.0821147
0.10491
0.106066
0.0341348
0.0334356
0.0230893
0.0236074
0.131034
0.160318
0.161098
0.132079
0.192469
0.227074
0.226699
0.192783
0.0465279
0.0637191
0.0474039
0.0626836
0.0821147
0.10491
0.0832507
0.106066
0.262289
0.263611
0.301464
0.298925
0.3359
0.339942
0.372467
0.378299
0.160318
0.131034
0.132079
0.161098
0.192469
0.192783
0.226699
0.227074
0.407854
0.415756
0.451525
0.44129
0.472027
0.514939
0.484832
0.499363
0.262289
0.298925
0.263611
0.301464
0.3359
0.378299
0.339942
0.372467
0.407854
0.451525
0.44129
0.415756
0.56292
0.541393
0.522669
0.541168
0.591099
0.579694
0.555098
0.563451
0.563451
0.566261
0.59687
0.59687
0.472027
0.499363
0.514939
0.484832
0.591099
0.541393
0.555098
0.579694
0.541168
0.56292
0.522669
1.25992e-33
0.00384001
2.4241e-33
0.00395941
0.00867666
0.00842464
0.0142716
0.0146883
0.00395941
0.00384001
2.4241e-33
1.25992e-33
0.0146883
0.0142716
0.00867666
0.00842464
0.0219017
0.0318045
0.0326584
0.022518
0.0455286
0.0444195
0.060107
0.0614782
0.0807373
0.079136
0.101662
0.10344
0.022518
0.0219017
0.0326584
0.0318045
0.127723
0.157228
0.159026
0.129576
0.0614782
0.060107
0.0455286
0.0444195
0.18996
0.225574
0.226699
0.191523
0.264051
0.303506
0.302995
0.263611
0.0807373
0.101662
0.079136
0.10344
0.157228
0.159026
0.127723
0.129576
0.344603
0.386174
0.342849
0.382879
0.422301
0.427441
0.467595
0.460315
0.225574
0.191523
0.226699
0.18996
0.263611
0.302995
0.264051
0.303506
0.496125
0.505822
0.541325
0.528959
0.582903
0.601198
0.558104
0.573348
0.382879
0.342849
0.344603
0.386174
0.427441
0.422301
0.467595
0.460315
0.496125
0.541325
0.528959
0.505822
0.642028
0.624262
0.602807
0.617355
0.629199
0.626224
0.654099
0.660203
0.626224
0.660203
0.617355
0.654099
0.558104
0.602807
0.601198
0.573348
0.624262
0.642028
0.582903
1.18035e-33
0.00371504
0.0035845
2.2508e-33
0.00815821
0.00787932
0.013364
0.0138299
0.0205395
0.0298946
0.0308823
0.0212397
0.00371504
0.0035845
2.2508e-33
1.18035e-33
0.00787932
0.0138299
0.013364
0.00815821
0.0308823
0.0298946
0.0205395
0.0212397
0.0432008
0.0418868
0.056912
0.0585828
0.0773135
0.0752898
0.0972397
0.0995918
0.125481
0.122872
0.152175
0.15494
0.0418868
0.0585828
0.0432008
0.056912
0.185011
0.221114
0.223709
0.187781
0.0773135
0.0972397
0.0995918
0.0752898
0.302995
0.262289
0.2601
0.301464
0.388825
0.345188
0.344603
0.388161
0.122872
0.125481
0.15494
0.152175
0.187781
0.223709
0.221114
0.185011
0.431139
0.477426
0.473312
0.433369
0.513854
0.560739
0.520162
0.551944
0.302995
0.262289
0.2601
0.301464
0.388825
0.344603
0.388161
0.345188
0.632194
0.617668
0.598341
0.586795
0.661589
0.643906
0.664932
0.685903
0.431139
0.477426
0.473312
0.433369
0.513854
0.560739
0.520162
0.551944
0.617668
0.586795
0.632194
0.598341
0.680296
0.717319
0.689648
0.704614
0.723742
0.723742
0.692793
0.689648
0.680296
0.685903
0.704614
0.717319
0.661589
0.664932
0.643906
1.0944e-33
2.06646e-33
0.00344937
0.00330986
0.00758917
0.00728864
0.0123721
0.0128775
0.0190335
0.0277521
0.0288499
0.0198018
0.00344937
0.00330986
2.06646e-33
1.0944e-33
0.0404798
0.0389939
0.0531821
0.0551089
0.00728864
0.0128775
0.0123721
0.00758917
0.0198018
0.0190335
0.0288499
0.0277521
0.0389939
0.0551089
0.0531821
0.0404798
0.0730711
0.0706794
0.0917633
0.0946254
0.116614
0.145298
0.148954
0.119907
0.177761
0.213822
0.217812
0.18166
0.0730711
0.0946254
0.0917633
0.0706794
0.257053
0.295396
0.298926
0.253177
0.145298
0.148954
0.116614
0.119907
0.339942
0.386174
0.342849
0.388161
0.480735
0.434113
0.433369
0.479906
0.213822
0.177761
0.18166
0.217812
0.298926
0.257053
0.295396
0.253177
0.567647
0.524701
0.527438
0.572618
0.615418
0.644668
0.607906
0.655002
0.339942
0.386174
0.342849
0.388161
0.480735
0.433369
0.434113
0.479906
0.721435
0.704782
0.690581
0.677187
0.746927
0.726882
0.743009
0.76653
0.524701
0.572618
0.567647
0.527438
0.655002
0.644668
0.607906
0.615418
0.677187
0.704782
0.690581
0.721435
0.756123
0.75283
0.779833
0.786555
0.786555
0.75283
0.743009
0.76653
0.779833
0.746927
0.726882
1.0033e-33
0.00302045
1.87387e-33
0.00316675
0.00316675
0.00302045
1.87387e-33
1.0033e-33
0.00698002
0.00666318
0.0113158
0.0118508
0.0174171
0.025428
0.0266098
0.0182366
0.0374339
0.0358135
0.0490142
0.051147
0.0118508
0.0113158
0.00698002
0.00666318
0.0681237
0.0654277
0.0853822
0.0886764
0.0266098
0.0174171
0.025428
0.0182366
0.0490142
0.0358135
0.051147
0.0374339
0.0681237
0.0886764
0.0853822
0.0654277
0.113009
0.109123
0.136791
0.141236
0.168416
0.203904
0.209177
0.173334
0.248492
0.290903
0.243039
0.285476
0.136791
0.141236
0.109123
0.113009
0.330754
0.38288
0.335899
0.378299
0.168416
0.173334
0.209177
0.203904
0.477426
0.479907
0.431138
0.427441
0.575615
0.528352
0.576616
0.527438
0.290903
0.248492
0.243039
0.285476
0.38288
0.335899
0.330754
0.378299
0.624082
0.668958
0.663118
0.620824
0.710392
0.735735
0.747582
0.701678
0.427441
0.431138
0.479907
0.477426
0.576616
0.527438
0.528352
0.575615
0.806386
0.779795
0.787707
0.76461
0.804559
0.814808
0.840678
0.826819
0.620824
0.624082
0.663118
0.668958
0.701678
0.710392
0.747582
0.735735
0.779795
0.806386
0.76461
0.787707
0.818253
0.84768
0.84768
0.814808
0.826819
0.840678
0.804559
9.08217e-34
0.00272051
1.67571e-33
0.00287151
9.08217e-34
0.00287151
0.00272051
1.67571e-33
0.00634135
0.00601346
0.0102156
0.0107699
0.0107699
0.0102156
0.00634135
0.00601346
0.0165783
0.0157251
0.0229764
0.0242149
0.0341392
0.032424
0.0445159
0.0467998
0.0626032
0.0596743
0.0782696
0.0819064
0.0242149
0.0229764
0.0157251
0.0165783
0.104976
0.100604
0.12689
0.131999
0.032424
0.0467998
0.0445159
0.0341392
0.0626032
0.0819064
0.0782696
0.0596743
0.100604
0.104976
0.131999
0.12689
0.157237
0.191641
0.198046
0.163035
0.236849
0.271987
0.229975
0.279156
0.372468
0.324538
0.317302
0.365426
0.157237
0.191641
0.198046
0.163035
0.473313
0.415757
0.4223
0.467595
0.229975
0.279156
0.271987
0.236849
0.572618
0.575615
0.520162
0.524701
0.624082
0.672479
0.673655
0.625171
0.372468
0.365426
0.317302
0.324538
0.4223
0.473313
0.415757
0.467595
0.763582
0.716664
0.720444
0.756886
0.802254
0.835717
0.822428
0.792375
0.572618
0.524701
0.520162
0.575615
0.625171
0.672479
0.624082
0.673655
0.846456
0.86397
0.884515
0.863319
0.874626
0.878199
0.898886
0.906144
0.720444
0.716664
0.756886
0.763582
0.835717
0.792375
0.822428
0.802254
0.906144
0.846456
0.898886
0.874626
0.86397
0.884515
0.863319
0.00256776
0.00241396
1.47441e-33
8.10256e-34
8.10256e-34
0.00241396
1.47441e-33
0.00256776
0.00568347
0.00534952
0.00909134
0.00965512
0.00568347
0.00534952
0.00965512
0.00909134
0.0139921
0.0204526
0.0217201
0.0148618
0.0217201
0.0204526
0.0139921
0.0148618
0.0306761
0.0289075
0.0398015
0.0421788
0.0566555
0.0535708
0.0706178
0.0744991
0.0960305
0.0912928
0.115872
0.121503
0.0398015
0.0289075
0.0421788
0.0306761
0.151056
0.144541
0.177381
0.184737
0.0535708
0.0566555
0.0744991
0.0706178
0.115872
0.0960305
0.121503
0.0912928
0.151056
0.184737
0.177381
0.144541
0.264022
0.222457
0.214358
0.255315
0.357226
0.309091
0.347925
0.299972
0.460316
0.398652
0.451526
0.407853
0.264022
0.255315
0.222457
0.214358
0.567648
0.505822
0.56074
0.513853
0.357226
0.299972
0.309091
0.347925
0.615418
0.668958
0.620823
0.672479
0.767618
0.768968
0.721708
0.720444
0.460316
0.451526
0.398652
0.407853
0.505822
0.513853
0.567648
0.56074
0.81365
0.853666
0.846155
0.809365
0.888261
0.90216
0.916778
0.87729
0.620823
0.668958
0.672479
0.615418
0.720444
0.721708
0.767618
0.768968
0.920287
0.938665
0.953499
0.931305
0.931305
0.935006
0.960989
0.960989
0.846155
0.809365
0.853666
0.81365
0.888261
0.916778
0.90216
0.953499
0.938665
0.87729
0.920287
0.00225922
0.00210428
1.27204e-33
7.10374e-34
0.0085258
0.00796164
0.00501603
0.00468051
7.10374e-34
0.00210428
1.27204e-33
0.00225922
0.00501603
0.00468051
0.00796164
0.0085258
0.0122517
0.0179114
0.0191808
0.0131213
0.0179114
0.0122517
0.0131213
0.0191808
0.0271274
0.0253466
0.0349884
0.0374001
0.0253466
0.0374001
0.0349884
0.0271274
0.0504365
0.0472758
0.0626316
0.0666538
0.0864178
0.0814439
0.104043
0.110039
0.130683
0.161528
0.169627
0.137732
0.0472758
0.0504365
0.0666538
0.0626316
0.205726
0.196633
0.235939
0.245932
0.0814439
0.104043
0.0864178
0.110039
0.161528
0.137732
0.169627
0.130683
0.196633
0.245932
0.205726
0.235939
0.279264
0.290003
0.326301
0.337592
0.441291
0.376623
0.429683
0.388215
0.541326
0.484833
0.551945
0.496124
0.337592
0.326301
0.279264
0.290003
0.598342
0.663118
0.655002
0.607906
0.376623
0.388215
0.441291
0.429683
0.763582
0.710393
0.767619
0.716664
0.815084
0.859707
0.858194
0.81365
0.551945
0.541326
0.496124
0.484833
0.663118
0.607906
0.598342
0.655002
0.928258
0.896159
0.900918
0.936521
0.96585
0.953893
0.988352
0.97256
0.763582
0.716664
0.710393
0.767619
0.815084
0.859707
0.858194
0.81365
0.987717
1.0036
0.983913
1.01129
0.983913
1.0036
0.97256
1.01129
0.928258
0.900918
0.936521
0.896159
0.988352
0.96585
0.953893
0.00194908
0.00179437
1.07028e-33
6.0937e-34
0.00739973
0.00684321
0.0043476
0.00401435
6.0937e-34
0.00179437
1.07028e-33
0.00194908
0.0166503
0.0154042
0.0105347
0.0113892
0.0043476
0.00401435
0.00684321
0.00739973
0.0105347
0.0154042
0.0166503
0.0113892
0.0235748
0.0218211
0.0301927
0.0325813
0.0325813
0.0301927
0.0235748
0.0218211
0.0441062
0.0409493
0.054522
0.0585793
0.0441062
0.0585793
0.054522
0.0409493
0.0764001
0.0713246
0.0917304
0.0979265
0.123439
0.116054
0.144533
0.153144
0.187135
0.177308
0.214415
0.225409
0.0917304
0.0764001
0.0979265
0.0713246
0.314135
0.267824
0.30118
0.255774
0.116054
0.144533
0.153144
0.123439
0.177308
0.225409
0.214415
0.187135
0.314135
0.255774
0.267824
0.30118
0.402701
0.350306
0.41679
0.363953
0.514939
0.528961
0.457803
0.472026
0.64467
0.573349
0.632194
0.586794
0.350306
0.41679
0.402701
0.363953
0.690582
0.747583
0.756887
0.701678
0.457803
0.514939
0.528961
0.472026
0.802255
0.853666
0.809365
0.858194
0.90251
0.900918
0.941501
0.943166
0.586794
0.573349
0.64467
0.632194
0.756887
0.701678
0.747583
0.690582
1.00075
1.00968
0.979644
0.974457
1.03154
1.01991
1.03272
1.04832
0.809365
0.853666
0.802255
0.858194
0.943166
0.90251
0.900918
0.941501
1.03545
1.03154
1.05619
1.05619
1.00075
0.979644
1.01991
1.04832
0.974457
1.00968
1.03272
0.00163992
0.00148644
8.70315e-34
5.07857e-34
0.00629234
0.00575003
0.00368535
0.00335737
5.07857e-34
0.00148644
8.70315e-34
0.00163992
0.0141778
0.0129775
0.00886787
0.00969436
0.00368535
0.00335737
0.00575003
0.00629234
0.0278362
0.0255248
0.0200955
0.018405
0.00886787
0.0129775
0.0141778
0.00969436
0.0200955
0.018405
0.0255248
0.0278362
0.0378231
0.0347468
0.046498
0.0504867
0.0378231
0.0504867
0.046498
0.0347468
0.0662475
0.061205
0.079272
0.0854988
0.061205
0.0662475
0.0854988
0.079272
0.101062
0.126875
0.135757
0.108577
0.167215
0.156934
0.191363
0.20304
0.243194
0.287533
0.230182
0.27329
0.101062
0.135757
0.126875
0.108577
0.320466
0.387524
0.371365
0.335772
0.156934
0.191363
0.20304
0.167215
0.27329
0.230182
0.287533
0.243194
0.371365
0.320466
0.335772
0.387524
0.499365
0.42552
0.48235
0.442261
0.541169
0.617669
0.601199
0.558102
0.66159
0.721435
0.735736
0.677186
0.48235
0.499365
0.42552
0.442261
0.835718
0.779795
0.792375
0.846155
0.617669
0.558102
0.541169
0.601199
0.888262
0.936521
0.896158
0.941501
1.01686
0.98138
0.979644
1.01506
0.735736
0.66159
0.677186
0.721435
0.835718
0.792375
0.846155
0.779795
1.04194
1.06149
1.07098
1.04749
1.08688
1.07338
1.07737
1.09491
0.941501
0.888262
0.936521
0.896158
0.98138
1.01506
0.979644
1.01686
1.04749
1.06149
1.07098
1.07338
1.09491
1.08688
1.04194
0.00133357
0.00118192
6.72828e-34
4.06256e-34
0.00521594
0.00469261
0.0030347
0.00271403
4.06256e-34
0.00118192
6.72828e-34
0.00133357
0.0118064
0.0106702
0.00727263
0.00806114
0.0030347
0.00271403
0.00469261
0.00521594
0.0232701
0.0210839
0.0167593
0.0151629
0.00727263
0.0106702
0.0118064
0.00806114
0.0317378
0.0425808
0.0387583
0.0288123
0.0167593
0.0151629
0.0210839
0.0232701
0.0317378
0.0288123
0.0387583
0.0425808
0.0562274
0.0513478
0.067002
0.0730933
0.0562274
0.0730933
0.0513478
0.067002
0.0935578
0.0861189
0.109051
0.117954
0.109051
0.0861189
0.0935578
0.117954
0.146533
0.13609
0.167444
0.17947
0.258557
0.216824
0.203226
0.24344
0.336588
0.354346
0.287972
0.304492
0.13609
0.17947
0.167444
0.146533
0.388928
0.44451
0.464021
0.407697
0.24344
0.203226
0.258557
0.216824
0.336588
0.287972
0.354346
0.304492
0.388928
0.44451
0.407697
0.464021
0.582905
0.562921
0.502741
0.522668
0.624263
0.685904
0.704784
0.643905
0.806387
0.76461
0.822429
0.746928
0.582905
0.562921
0.502741
0.522668
0.87729
0.863319
0.928259
0.916778
0.685904
0.643905
0.624263
0.704784
1.00968
0.96585
0.974457
1.01506
1.0786
1.07669
1.04935
1.04749
0.746928
0.806387
0.76461
0.822429
0.916778
0.928259
0.87729
0.863319
1.10868
1.1186
1.0966
1.10245
1.11274
1.12675
1.12675
1.10868
0.974457
1.00968
1.01506
0.96585
1.07669
1.1186
1.04935
1.0786
1.10245
1.0966
1.04749
0.00103106
0.000881469
4.77984e-34
3.04803e-34
3.04803e-34
0.000881469
4.77984e-34
0.00103106
0.0041791
0.0036774
0.0023991
0.00208671
0.00957038
0.00851132
0.00576369
0.00650772
0.0023991
0.00208671
0.0036774
0.0041791
0.0121464
0.0189752
0.0169537
0.0136247
0.00576369
0.00851132
0.00957038
0.00650772
0.0259863
0.035052
0.0314824
0.0232719
0.0136247
0.0121464
0.0169537
0.0189752
0.0465948
0.0610383
0.0552389
0.0419969
0.0259863
0.0232719
0.0314824
0.035052
0.0465948
0.0419969
0.0552389
0.0610383
0.0787915
0.0716267
0.0915523
0.100232
0.0787915
0.100232
0.0915523
0.0716267
0.125674
0.115363
0.143339
0.155373
0.155373
0.115363
0.143339
0.125674
0.228049
0.189477
0.212495
0.175683
0.253772
0.271022
0.318225
0.299387
0.349096
0.423963
0.402528
0.369344
0.212495
0.175683
0.228049
0.189477
0.459192
0.541395
0.518484
0.481528
0.253772
0.299387
0.271022
0.318225
0.402528
0.349096
0.423963
0.369344
0.541395
0.459192
0.518484
0.481528
0.664934
0.579695
0.642029
0.602806
0.766531
0.704615
0.787708
0.726881
0.846456
0.82682
0.884516
0.902161
0.579695
0.642029
0.664934
0.602806
0.938666
1.00075
0.953892
0.988352
0.704615
0.787708
0.726881
0.766531
1.03272
1.07098
1.04194
1.07669
1.12657
1.10245
1.10441
1.12457
0.846456
0.902161
0.884516
0.82682
0.953892
0.988352
0.938666
1.00075
1.15114
1.14093
1.13683
1.1429
1.1429
1.12457
1.13683
1.15114
1.07098
1.04194
1.03272
1.07669
1.10441
1.12657
1.10245
2.03576e-34
0.000584971
2.85467e-34
0.000732675
0.000732675
0.000584971
2.85467e-34
2.03576e-34
0.00318605
0.0027063
0.00177986
0.00147561
0.00177986
0.00147561
0.0027063
0.00318605
0.00749299
0.00651799
0.00434781
0.00504497
0.015025
0.0131961
0.0107352
0.00939009
0.00434781
0.00651799
0.00504497
0.00749299
0.0206827
0.0280668
0.0248213
0.018226
0.0107352
0.00939009
0.0131961
0.015025
0.0375798
0.049639
0.0333657
0.0442707
0.0206827
0.018226
0.0248213
0.0280668
0.0646678
0.0830727
0.0748466
0.0579592
0.0375798
0.0333657
0.0442707
0.049639
0.0646678
0.0579592
0.0748466
0.0830727
0.105221
0.0953217
0.119726
0.13143
0.105221
0.13143
0.0953217
0.119726
0.148338
0.181349
0.161935
0.196892
0.148338
0.196892
0.181349
0.161935
0.260849
0.280216
0.218857
0.236339
0.307193
0.380366
0.328326
0.357637
0.411803
0.469193
0.494358
0.435891
0.260849
0.218857
0.280216
0.236339
0.529197
0.617357
0.5911
0.555097
0.357637
0.307193
0.328326
0.380366
0.494358
0.411803
0.469193
0.435891
0.5911
0.529197
0.617357
0.555097
0.71732
0.743011
0.6541
0.680295
0.840679
0.779834
0.863971
0.804558
0.920287
0.9535
0.972561
0.898887
0.6541
0.743011
0.680295
0.71732
1.01991
1.04832
1.0036
1.06149
0.804558
0.840679
0.863971
0.779834
1.0966
1.12457
1.08688
1.1186
1.15936
1.1429
1.1573
1.14494
0.898887
0.920287
0.972561
0.9535
1.01991
1.06149
1.04832
1.0036
1.1573
1.16145
1.16766
1.16766
1.1186
1.15936
1.14494
1.12457
1.0966
1.08688
1.1429
0.000437916
0.000291603
9.4537e-35
1.02536e-34
1.02536e-34
0.000291603
9.4537e-35
0.000437916
0.00117605
0.000878659
0.00177618
0.00223621
0.00223621
0.00177618
0.00117605
0.000878659
0.00558444
0.00469296
0.00302274
0.00367529
0.00302274
0.00367529
0.00469296
0.00558444
0.0114689
0.0098467
0.00811601
0.00690871
0.0159119
0.0217577
0.0188868
0.013742
0.00811601
0.00690871
0.0098467
0.0114689
0.0293758
0.0391624
0.0343394
0.0256245
0.0159119
0.013742
0.0188868
0.0217577
0.0515391
0.0669262
0.0593582
0.0454432
0.0293758
0.0256245
0.0343394
0.0391624
0.0857264
0.108309
0.0972514
0.0764986
0.0515391
0.0454432
0.0593582
0.0669262
0.108309
0.0857264
0.0764986
0.0972514
0.121956
0.150887
0.165979
0.134979
0.134979
0.165979
0.121956
0.150887
0.241428
0.184235
0.201446
0.222093
0.241428
0.184235
0.222093
0.201446
0.264445
0.311156
0.334511
0.285845
0.361969
0.416503
0.443178
0.387099
0.53462
0.563454
0.474259
0.502183
0.311156
0.264445
0.334511
0.285845
0.596871
0.68965
0.660204
0.626222
0.443178
0.416503
0.361969
0.387099
0.474259
0.563454
0.502183
0.53462
0.596871
0.68965
0.660204
0.626222
0.752829
0.723743
0.786556
0.81481
0.874626
0.84768
0.931306
0.906145
1.03154
0.96099
0.983912
1.01129
0.786556
0.81481
0.723743
0.752829
1.10868
1.09491
1.07338
1.05619
0.84768
0.906145
0.874626
0.931306
1.12675
1.13683
1.1573
1.15114
1.1739
1.16974
1.16766
1.17599
1.01129
0.96099
0.983912
1.03154
1.05619
1.07338
1.10868
1.09491
1.16766
1.1573
1.16974
1.17599
1.12675
1.15114
1.13683
1.94086e-36
0.000145659
0.000145659
1.94086e-36
0.00132386
0.000584517
0.000584517
0.00132386
0.00383964
0.00239151
0.00239151
0.00383964
0.0057702
0.00832701
0.0057702
0.00832701
0.0117219
0.0162136
0.0221264
0.0298213
0.0117219
0.0162136
0.0397019
0.052185
0.0298213
0.0221264
0.067692
0.0866267
0.052185
0.0397019
0.109352
0.136181
0.067692
0.0866267
0.109352
0.136181
0.167342
0.202984
0.167342
0.202984
0.243141
0.287744
0.287744
0.243141
0.33659
0.389368
0.445626
0.504816
0.629201
0.56626
0.389368
0.33659
0.756125
0.692791
0.504816
0.445626
0.56626
0.629201
0.756125
0.692791
0.818252
0.8782
0.987718
0.935005
1.07737
1.03545
0.818252
0.8782
1.14093
1.11274
0.987718
0.935005
1.1739
1.16145
1.17808
1.1739
1.03545
1.07737
1.11274
1.16145
1.14093
0.121956
0.264445
0.222093
0.000291603
0.150887
0.184235
0.150887
0.184235
0.121956
0.00469296
0.00690871
0.0972514
0.222093
0.013742
0.0764986
0.0593582
0.264445
0.0454432
0.0343394
0.311156
0.0256245
0.0188868
0.361969
0.0098467
0.416503
0.474259
0.00302274
0.00177618
0.53462
0.000878659
0.596871
0.660204
0.000291603
0.311156
0.361969
0.723743
0.786556
0.474259
0.84768
0.000878659
0.906145
0.96099
0.00177618
1.01129
1.05619
0.00302274
1.09491
1.12675
0.00469296
0.96099
1.15114
1.01129
1.16766
0.00690871
1.17599
1.17599
0.0098467
1.16766
1.15114
0.013742
1.12675
1.09491
0.0188868
1.05619
0.0256245
0.906145
0.0343394
0.84768
0.786556
0.0454432
0.723743
0.660204
0.0593582
0.596871
0.53462
0.0764986
0.416503
0.0972514
9.4537e-35
9.4537e-35
1.02536e-34
0.000437916
0.000437916
1.02536e-34
0.00223621
0.00117605
0.00117605
0.00223621
0.00367529
0.00558444
0.00367529
0.00558444
0.0114689
0.00811601
0.00811601
0.0114689
0.0217577
0.0159119
0.0391624
0.0293758
0.0159119
0.0217577
0.0515391
0.0669262
0.0391624
0.0293758
0.108309
0.0857264
0.0515391
0.0669262
0.134979
0.165979
0.0857264
0.108309
0.134979
0.165979
0.241428
0.201446
0.241428
0.201446
0.285845
0.334511
0.334511
0.285845
0.443178
0.387099
0.563454
0.502183
0.626222
0.68965
0.387099
0.443178
0.81481
0.752829
0.563454
0.502183
0.68965
0.626222
0.752829
0.81481
0.874626
0.931306
1.03154
0.983912
1.07338
1.10868
0.931306
0.874626
1.1573
1.13683
1.03154
0.983912
1.1739
1.16974
1.16974
1.1573
1.10868
1.07338
1.13683
0.218857
0.181349
0.181349
0.148338
0.218857
0.119726
0.0027063
0.0953217
0.0748466
0.260849
0.0579592
0.307193
0.0442707
0.0333657
0.0248213
0.357637
0.018226
0.411803
0.0131961
0.00939009
0.00651799
0.469193
0.00434781
0.529197
0.00147561
0.000584971
0.5911
0.6541
0.000584971
0.71732
0.260849
0.779834
0.840679
0.357637
0.00147561
0.898887
0.9535
0.529197
1.0036
0.0027063
1.04832
0.00434781
1.08688
1.1186
1.1429
0.840679
0.00651799
1.15936
0.00939009
1.0036
1.16766
1.16766
1.15936
0.0131961
1.1429
0.018226
1.1186
1.08688
1.04832
0.0248213
0.0333657
0.9535
0.898887
0.0442707
0.779834
0.0579592
0.71732
0.6541
0.5911
0.0748466
0.0953217
0.469193
0.411803
0.119726
0.307193
0.148338
2.85467e-34
2.85467e-34
2.03576e-34
0.000732675
0.000732675
2.03576e-34
0.00318605
0.00177986
0.00177986
0.00318605
0.00504497
0.00749299
0.00749299
0.00504497
0.015025
0.0107352
0.0107352
0.015025
0.0280668
0.0206827
0.0375798
0.049639
0.0206827
0.0280668
0.0646678
0.0830727
0.049639
0.0375798
0.105221
0.13143
0.0830727
0.0646678
0.196892
0.161935
0.105221
0.13143
0.196892
0.161935
0.236339
0.280216
0.280216
0.236339
0.380366
0.328326
0.328326
0.380366
0.494358
0.435891
0.617357
0.555097
0.680295
0.743011
0.494358
0.435891
0.804558
0.863971
0.555097
0.617357
0.743011
0.680295
0.804558
0.863971
0.920287
0.972561
1.01991
1.06149
1.0966
1.12457
0.972561
0.920287
1.1573
1.14494
1.01991
1.06149
1.16145
1.1573
1.14494
1.0966
1.12457
0.212495
0.143339
0.253772
0.000881469
0.115363
0.0915523
0.0716267
0.299387
0.0552389
0.00851132
0.0121464
0.349096
0.0419969
0.0314824
0.0232719
0.402528
0.0169537
0.459192
0.00576369
0.518484
0.0036774
0.579695
0.00208671
0.642029
0.704615
0.000881469
0.766531
0.212495
0.82682
0.00208671
0.884516
0.938666
0.988352
0.402528
0.459192
0.0036774
1.03272
0.00576369
1.07098
1.10245
1.12657
0.00851132
0.766531
1.1429
0.0121464
0.884516
0.938666
1.15114
1.15114
1.1429
0.0169537
1.12657
0.0232719
1.10245
1.07098
1.03272
0.0314824
0.988352
0.0419969
0.82682
0.0552389
0.0716267
0.704615
0.642029
0.579695
0.0915523
0.518484
0.115363
0.349096
0.143339
0.299387
0.175683
0.253772
0.175683
4.77984e-34
4.77984e-34
3.04803e-34
0.00103106
0.00103106
3.04803e-34
0.0023991
0.0041791
0.0023991
0.0041791
0.00650772
0.00957038
0.00957038
0.00650772
0.0189752
0.0136247
0.0136247
0.0189752
0.0259863
0.035052
0.0465948
0.0610383
0.0259863
0.035052
0.0787915
0.100232
0.0610383
0.0465948
0.155373
0.125674
0.0787915
0.100232
0.228049
0.189477
0.125674
0.155373
0.228049
0.189477
0.318225
0.271022
0.318225
0.271022
0.369344
0.423963
0.423963
0.369344
0.541395
0.481528
0.664934
0.602806
0.726881
0.787708
0.481528
0.541395
0.846456
0.902161
0.602806
0.664934
0.787708
0.726881
0.846456
0.902161
1.00075
0.953892
1.04194
1.07669
1.10441
1.12457
0.953892
1.00075
1.14093
1.13683
1.07669
1.04194
1.13683
1.12457
1.10441
0.287972
0.0861189
0.067002
0.336588
0.0513478
0.0387583
0.388928
0.0288123
0.0210839
0.44451
0.0151629
0.0106702
0.502741
0.00727263
0.00469261
0.562921
0.00271403
0.00118192
0.624263
0.685904
0.00118192
0.109051
0.13609
0.746928
0.806387
0.203226
0.863319
0.00271403
0.916778
0.96585
0.00469261
1.00968
1.04749
0.00727263
1.0786
1.10245
0.0106702
0.624263
1.1186
0.685904
1.12675
0.0151629
1.12675
1.1186
0.0210839
0.916778
0.96585
1.10245
1.0786
0.0288123
1.04749
1.00968
0.0387583
0.0513478
0.863319
0.806387
0.067002
0.746928
0.0861189
0.562921
0.109051
0.502741
0.44451
0.13609
0.388928
0.336588
0.167444
0.287972
0.24344
0.203226
0.167444
0.24344
6.72828e-34
6.72828e-34
4.06256e-34
0.00133357
0.00133357
4.06256e-34
0.00521594
0.0030347
0.0030347
0.00521594
0.0118064
0.00806114
0.00806114
0.0118064
0.0232701
0.0167593
0.0167593
0.0232701
0.0425808
0.0317378
0.0562274
0.0730933
0.0425808
0.0317378
0.117954
0.0935578
0.0562274
0.0730933
0.17947
0.146533
0.117954
0.0935578
0.258557
0.216824
0.17947
0.146533
0.216824
0.258557
0.354346
0.304492
0.304492
0.354346
0.464021
0.407697
0.407697
0.464021
0.582905
0.522668
0.704784
0.643905
0.76461
0.822429
0.522668
0.582905
0.928259
0.87729
0.643905
0.704784
0.822429
0.76461
0.928259
0.87729
0.974457
1.01506
1.04935
1.07669
1.0966
1.10868
1.01506
0.974457
1.10868
1.11274
1.04935
1.0966
1.07669
0.061205
0.046498
0.371365
0.0347468
0.42552
0.0255248
0.018405
0.0129775
0.48235
0.00886787
0.541169
0.00575003
0.00335737
0.00148644
0.601199
0.66159
0.00148644
0.721435
0.079272
0.779795
0.835718
0.126875
0.00335737
0.888262
0.936521
0.230182
0.979644
0.00575003
1.01686
0.00886787
1.04749
1.07098
1.08688
0.48235
0.0129775
1.09491
0.018405
0.66159
1.09491
1.08688
1.07098
0.0255248
0.835718
1.04749
0.0347468
1.01686
0.979644
0.936521
0.046498
0.888262
0.061205
0.779795
0.721435
0.079272
0.101062
0.601199
0.541169
0.126875
0.42552
0.156934
0.371365
0.320466
0.27329
0.191363
0.230182
0.191363
0.156934
0.27329
0.101062
0.320466
8.70315e-34
8.70315e-34
5.07857e-34
0.00163992
0.00163992
5.07857e-34
0.00629234
0.00368535
0.00368535
0.00629234
0.0141778
0.00969436
0.0141778
0.00969436
0.0200955
0.0278362
0.0200955
0.0278362
0.0378231
0.0504867
0.0662475
0.0854988
0.0378231
0.0504867
0.135757
0.108577
0.0854988
0.0662475
0.20304
0.167215
0.135757
0.108577
0.287533
0.243194
0.20304
0.167215
0.243194
0.287533
0.387524
0.335772
0.387524
0.335772
0.499365
0.442261
0.499365
0.442261
0.617669
0.558102
0.677186
0.735736
0.846155
0.792375
0.558102
0.617669
0.896158
0.941501
0.735736
0.677186
0.792375
0.846155
0.941501
0.896158
1.01506
0.98138
1.06149
1.04194
1.07338
1.07737
0.98138
1.01506
1.06149
1.07338
1.04194
0.402701
0.0301927
0.457803
0.0218211
0.0154042
0.0105347
0.514939
0.00684321
0.573349
0.00401435
0.00179437
0.632194
0.690582
0.00179437
0.747583
0.054522
0.802255
0.00401435
0.853666
0.900918
0.943166
0.144533
0.177308
0.00684321
0.979644
0.0105347
1.00968
1.03272
1.04832
0.0154042
0.402701
1.05619
0.0218211
0.514939
0.573349
1.05619
1.04832
1.03272
0.0301927
0.747583
1.00968
0.0409493
0.979644
0.943166
0.900918
0.054522
0.853666
0.0713246
0.802255
0.690582
0.0917304
0.632194
0.116054
0.457803
0.144533
0.177308
0.350306
0.30118
0.255774
0.214415
0.214415
0.255774
0.116054
0.30118
0.0917304
0.350306
0.0713246
0.0409493
1.07028e-33
1.07028e-33
6.0937e-34
0.00194908
0.00194908
6.0937e-34
0.0043476
0.00739973
0.0043476
0.00739973
0.0166503
0.0113892
0.0113892
0.0166503
0.0235748
0.0325813
0.0235748
0.0325813
0.0585793
0.0441062
0.0979265
0.0764001
0.0441062
0.0585793
0.123439
0.153144
0.0764001
0.0979265
0.187135
0.225409
0.123439
0.153144
0.267824
0.314135
0.225409
0.187135
0.267824
0.314135
0.41679
0.363953
0.41679
0.363953
0.528961
0.472026
0.472026
0.528961
0.64467
0.586794
0.756887
0.701678
0.809365
0.858194
0.586794
0.64467
0.941501
0.90251
0.756887
0.701678
0.809365
0.858194
0.941501
0.90251
1.00075
0.974457
1.03154
1.01991
1.03545
1.03154
0.974457
1.01991
1.00075
0.484833
0.0122517
0.00796164
0.541326
0.00468051
0.00210428
0.598342
0.655002
0.00210428
0.0179114
0.0253466
0.710393
0.763582
0.0472758
0.81365
0.00468051
0.859707
0.900918
0.00796164
0.936521
0.96585
0.0122517
0.988352
1.0036
0.0179114
0.279264
1.01129
0.326301
1.01129
0.0253466
1.0036
0.988352
0.0349884
0.541326
0.598342
0.96585
0.936521
0.0472758
0.900918
0.859707
0.0626316
0.81365
0.763582
0.0814439
0.710393
0.655002
0.104043
0.130683
0.484833
0.429683
0.161528
0.376623
0.196633
0.235939
0.235939
0.196633
0.161528
0.279264
0.130683
0.104043
0.326301
0.0814439
0.0626316
0.376623
0.0349884
0.429683
1.27204e-33
1.27204e-33
7.10374e-34
0.00225922
0.00225922
7.10374e-34
0.0085258
0.00501603
0.00501603
0.0085258
0.0131213
0.0191808
0.0191808
0.0131213
0.0374001
0.0271274
0.0271274
0.0374001
0.0504365
0.0666538
0.0864178
0.110039
0.0504365
0.0666538
0.169627
0.137732
0.110039
0.0864178
0.205726
0.245932
0.137732
0.169627
0.290003
0.337592
0.205726
0.245932
0.337592
0.290003
0.441291
0.388215
0.388215
0.441291
0.496124
0.551945
0.551945
0.496124
0.663118
0.607906
0.767619
0.716664
0.858194
0.815084
0.663118
0.607906
0.896159
0.928258
0.767619
0.716664
0.815084
0.858194
0.928258
0.896159
0.953893
0.97256
0.987717
0.983913
0.983913
0.97256
0.953893
0.00534952
0.00241396
0.56074
0.615418
0.00241396
0.668958
0.00909134
0.720444
0.768968
0.0204526
0.00534952
0.81365
0.853666
0.0535708
0.888261
0.00909134
0.916778
0.0139921
0.938665
0.953499
0.960989
0.177381
0.0204526
0.960989
0.0289075
0.299972
0.953499
0.938665
0.916778
0.0398015
0.451526
0.888261
0.0535708
0.853666
0.81365
0.768968
0.0706178
0.720444
0.0912928
0.668958
0.615418
0.56074
0.115872
0.505822
0.144541
0.398652
0.347925
0.177381
0.214358
0.255315
0.214358
0.255315
0.144541
0.299972
0.115872
0.0912928
0.0706178
0.347925
0.398652
0.0398015
0.0289075
0.451526
0.0139921
0.505822
1.47441e-33
1.47441e-33
8.10256e-34
0.00256776
0.00256776
8.10256e-34
0.00568347
0.00965512
0.00568347
0.00965512
0.0217201
0.0148618
0.0217201
0.0148618
0.0421788
0.0306761
0.0306761
0.0421788
0.0566555
0.0744991
0.121503
0.0960305
0.0566555
0.0744991
0.184737
0.151056
0.0960305
0.121503
0.222457
0.264022
0.151056
0.184737
0.309091
0.357226
0.222457
0.264022
0.309091
0.357226
0.460316
0.407853
0.460316
0.407853
0.567648
0.513853
0.567648
0.513853
0.620823
0.672479
0.767618
0.721708
0.846155
0.809365
0.672479
0.620823
0.87729
0.90216
0.767618
0.721708
0.809365
0.846155
0.90216
0.87729
0.931305
0.920287
0.931305
0.935006
0.920287
0.572618
0.624082
0.00272051
0.00272051
0.673655
0.720444
0.00601346
0.763582
0.802254
0.0229764
0.032424
0.835717
0.0102156
0.863319
0.0157251
0.884515
0.898886
0.906144
0.12689
0.0229764
0.906144
0.191641
0.229975
0.032424
0.898886
0.884515
0.863319
0.365426
0.0445159
0.835717
0.0596743
0.802254
0.763582
0.572618
0.720444
0.0782696
0.673655
0.100604
0.624082
0.520162
0.12689
0.467595
0.157237
0.415757
0.317302
0.191641
0.271987
0.229975
0.157237
0.271987
0.317302
0.100604
0.0782696
0.0596743
0.365426
0.0445159
0.415757
0.0157251
0.467595
0.0102156
0.520162
0.00601346
1.67571e-33
1.67571e-33
9.08217e-34
0.00287151
9.08217e-34
0.00287151
0.0107699
0.00634135
0.00634135
0.0107699
0.0242149
0.0165783
0.0242149
0.0165783
0.0341392
0.0467998
0.0341392
0.0467998
0.0819064
0.0626032
0.131999
0.104976
0.0626032
0.0819064
0.198046
0.163035
0.131999
0.104976
0.279156
0.236849
0.163035
0.198046
0.372468
0.324538
0.236849
0.279156
0.372468
0.324538
0.4223
0.473313
0.4223
0.473313
0.575615
0.524701
0.575615
0.524701
0.625171
0.672479
0.756886
0.716664
0.792375
0.822428
0.625171
0.672479
0.86397
0.846456
0.716664
0.756886
0.792375
0.822428
0.86397
0.846456
0.878199
0.874626
0.874626
0.00302045
0.624082
0.668958
0.710392
0.00666318
0.747582
0.779795
0.0113158
0.806386
0.826819
0.0174171
0.840678
0.84768
0.0654277
0.025428
0.0853822
0.84768
0.840678
0.0358135
0.826819
0.806386
0.203904
0.243039
0.0490142
0.779795
0.747582
0.0654277
0.710392
0.668958
0.0853822
0.624082
0.576616
0.109123
0.527438
0.477426
0.136791
0.427441
0.378299
0.168416
0.330754
0.285476
0.203904
0.243039
0.168416
0.136791
0.285476
0.109123
0.330754
0.0490142
0.378299
0.0358135
0.025428
0.427441
0.0174171
0.0113158
0.477426
0.00666318
0.00302045
0.527438
0.576616
1.87387e-33
1.87387e-33
1.0033e-33
0.00316675
0.00316675
1.0033e-33
0.00698002
0.0118508
0.00698002
0.0118508
0.0182366
0.0266098
0.0266098
0.0182366
0.051147
0.0374339
0.051147
0.0374339
0.0886764
0.0681237
0.141236
0.113009
0.0681237
0.0886764
0.209177
0.173334
0.141236
0.113009
0.248492
0.290903
0.209177
0.173334
0.335899
0.38288
0.248492
0.290903
0.335899
0.38288
0.431138
0.479907
0.431138
0.479907
0.575615
0.528352
0.575615
0.528352
0.663118
0.620824
0.701678
0.735735
0.787707
0.76461
0.620824
0.663118
0.804559
0.814808
0.701678
0.735735
0.76461
0.787707
0.804559
0.818253
0.814808
0.655002
0.00728864
0.690581
0.721435
0.746927
0.0123721
0.76653
0.0190335
0.779833
0.0277521
0.786555
0.786555
0.0277521
0.0706794
0.779833
0.0389939
0.76653
0.746927
0.145298
0.721435
0.0531821
0.690581
0.0706794
0.655002
0.615418
0.339942
0.572618
0.0917633
0.527438
0.116614
0.480735
0.433369
0.386174
0.145298
0.177761
0.295396
0.253177
0.213822
0.213822
0.177761
0.253177
0.116614
0.0917633
0.295396
0.339942
0.0531821
0.0389939
0.386174
0.0190335
0.433369
0.0123721
0.00728864
0.00330986
0.480735
0.527438
0.00330986
0.572618
0.615418
2.06646e-33
2.06646e-33
1.0944e-33
0.00344937
0.00344937
1.0944e-33
0.0128775
0.00758917
0.00758917
0.0128775
0.0288499
0.0198018
0.0198018
0.0288499
0.0404798
0.0551089
0.0404798
0.0551089
0.0730711
0.0946254
0.148954
0.119907
0.0730711
0.0946254
0.217812
0.18166
0.148954
0.119907
0.298926
0.257053
0.18166
0.217812
0.388161
0.342849
0.298926
0.257053
0.388161
0.342849
0.434113
0.479906
0.434113
0.479906
0.524701
0.567647
0.524701
0.567647
0.607906
0.644668
0.677187
0.704782
0.743009
0.726882
0.607906
0.644668
0.756123
0.75283
0.704782
0.677187
0.743009
0.726882
0.75283
0.00787932
0.632194
0.661589
0.685903
0.013364
0.704614
0.013364
0.0205395
0.717319
0.0298946
0.0418868
0.723742
0.723742
0.0298946
0.717319
0.0972397
0.0418868
0.704614
0.685903
0.661589
0.056912
0.221114
0.2601
0.632194
0.0752898
0.598341
0.560739
0.520162
0.0972397
0.477426
0.122872
0.433369
0.388825
0.344603
0.152175
0.301464
0.185011
0.185011
0.221114
0.152175
0.2601
0.122872
0.0752898
0.301464
0.056912
0.344603
0.0205395
0.388825
0.433369
0.00787932
0.0035845
0.477426
0.520162
0.0035845
0.560739
0.598341
2.2508e-33
2.2508e-33
1.18035e-33
0.00371504
0.00371504
1.18035e-33
0.0138299
0.00815821
0.00815821
0.0138299
0.0308823
0.0212397
0.0308823
0.0212397
0.0585828
0.0432008
0.0432008
0.0585828
0.0773135
0.0995918
0.125481
0.15494
0.0773135
0.0995918
0.223709
0.187781
0.125481
0.15494
0.262289
0.302995
0.187781
0.223709
0.345188
0.388161
0.302995
0.262289
0.388161
0.345188
0.431139
0.473312
0.473312
0.431139
0.513854
0.551944
0.551944
0.513854
0.586795
0.617668
0.643906
0.664932
0.680296
0.689648
0.586795
0.617668
0.689648
0.692793
0.664932
0.643906
0.680296
0.624262
0.0142716
0.642028
0.00384001
0.654099
0.0219017
0.660203
0.660203
0.0318045
0.0318045
0.0444195
0.654099
0.642028
0.0444195
0.624262
0.601198
0.060107
0.573348
0.541325
0.079136
0.505822
0.225574
0.467595
0.101662
0.427441
0.386174
0.127723
0.344603
0.303506
0.157228
0.263611
0.18996
0.18996
0.157228
0.225574
0.127723
0.101662
0.263611
0.079136
0.060107
0.303506
0.344603
0.0219017
0.0142716
0.386174
0.00842464
0.427441
0.467595
0.00384001
0.601198
0.505822
0.541325
0.573348
0.00842464
2.4241e-33
2.4241e-33
1.25992e-33
0.00395941
0.00395941
1.25992e-33
0.00867666
0.0146883
0.00867666
0.0146883
0.0326584
0.022518
0.022518
0.0326584
0.0614782
0.0455286
0.0455286
0.0614782
0.10344
0.0807373
0.159026
0.129576
0.0807373
0.10344
0.191523
0.226699
0.159026
0.129576
0.264051
0.302995
0.226699
0.191523
0.342849
0.382879
0.302995
0.264051
0.342849
0.382879
0.460315
0.422301
0.460315
0.422301
0.496125
0.528959
0.528959
0.496125
0.582903
0.558104
0.617355
0.602807
0.629199
0.626224
0.582903
0.558104
0.626224
0.602807
0.617355
0.0150759
0.591099
0.0230893
0.59687
0.59687
0.591099
0.0150759
0.0334356
0.579694
0.0465279
0.56292
0.541168
0.514939
0.0821147
0.0626836
0.484832
0.0821147
0.451525
0.160318
0.415756
0.378299
0.227074
0.10491
0.339942
0.131034
0.301464
0.263611
0.160318
0.192469
0.192469
0.131034
0.10491
0.227074
0.263611
0.0626836
0.0465279
0.0334356
0.301464
0.0230893
0.339942
0.00891433
0.00407205
0.378299
0.415756
0.00407205
0.579694
0.451525
0.484832
0.514939
0.00891433
0.541168
0.56292
2.58349e-33
2.58349e-33
1.33188e-33
0.00417821
0.00417821
1.33188e-33
0.0154345
0.00913456
0.00913456
0.0154345
0.0341348
0.0236074
0.0341348
0.0236074
0.0637191
0.0474039
0.0474039
0.0637191
0.106066
0.0832507
0.161098
0.132079
0.0832507
0.106066
0.226699
0.192783
0.132079
0.161098
0.298925
0.262289
0.226699
0.192783
0.372467
0.3359
0.262289
0.298925
0.3359
0.372467
0.407854
0.44129
0.407854
0.44129
0.472027
0.499363
0.472027
0.499363
0.522669
0.541393
0.555098
0.563451
0.566261
0.563451
0.541393
0.522669
0.555098
0.0240748
0.534619
0.534619
0.00427648
0.529196
0.0347481
0.518482
0.0481584
0.502739
0.0347481
0.0481584
0.482349
0.457802
0.064574
0.429682
0.0841462
0.398652
0.365425
0.161357
0.330754
0.106895
0.295396
0.132712
0.2601
0.225573
0.192469
0.161357
0.192469
0.132712
0.106895
0.0841462
0.225573
0.064574
0.2601
0.0240748
0.295396
0.0157598
0.330754
0.0093388
0.365425
0.398652
0.00427648
0.529196
0.429682
0.457802
0.0093388
0.482349
0.502739
0.518482
0.0157598
2.72621e-33
2.72621e-33
1.39505e-33
0.00436744
0.00436744
1.39505e-33
0.00952282
0.0160525
0.00952282
0.0160525
0.0352753
0.0244826
0.0352753
0.0244826
0.0652467
0.0487788
0.0487788
0.0652467
0.0847863
0.107396
0.161098
0.132921
0.107396
0.0847863
0.191524
0.223708
0.132921
0.161098
0.290902
0.257053
0.223708
0.191524
0.357225
0.324539
0.290902
0.257053
0.324539
0.357225
0.388216
0.416788
0.388216
0.416788
0.464019
0.442263
0.464019
0.442263
0.48153
0.494355
0.502184
0.504813
0.502184
0.48153
0.494355
0.469192
0.0357095
0.459191
0.444509
0.0492693
0.425519
0.4027
0.0657286
0.376622
0.0357095
0.347924
0.0851757
0.317301
0.0851757
0.285475
0.107563
0.107563
0.253176
0.221114
0.132712
0.189959
0.160317
0.160317
0.132712
0.189959
0.0657286
0.221114
0.0492693
0.253176
0.024835
0.0163082
0.285475
0.0096895
0.0044495
0.317301
0.347924
0.0044495
0.474257
0.376622
0.474257
0.4027
0.425519
0.0096895
0.444509
0.459191
0.0163082
0.469192
0.024835
2.84965e-33
2.84965e-33
1.44835e-33
0.00452353
0.00452353
1.44835e-33
0.0165285
0.00983353
0.0165285
0.00983353
0.025123
0.0360518
0.0360518
0.025123
0.0660207
0.0496182
0.0496182
0.0660207
0.0853028
0.107396
0.132079
0.159026
0.107396
0.0853028
0.217812
0.187781
0.159026
0.132079
0.248492
0.279155
0.217812
0.187781
0.337591
0.309092
0.279155
0.248492
0.309092
0.337591
0.363955
0.387522
0.387522
0.363955
0.407699
0.42396
0.42396
0.407699
0.435893
0.443176
0.445628
0.443176
0.435893
0.0362961
0.388926
0.049832
0.371364
0.350304
0.3263
0.016709
0.0661168
0.299971
0.0362961
0.0851757
0.271986
0.243038
0.213822
0.106895
0.18501
0.131034
0.157228
0.131034
0.106895
0.157228
0.0851757
0.18501
0.0661168
0.049832
0.213822
0.0253522
0.243038
0.0099592
0.00458779
0.271986
0.299971
0.00458779
0.402527
0.3263
0.350304
0.371364
0.416502
0.0099592
0.388926
0.402527
0.411801
0.016709
0.0253522
0.416502
0.411801
2.95149e-33
2.95149e-33
1.49082e-33
0.00464346
0.00464346
1.49082e-33
0.016852
0.0100602
0.0100602
0.016852
0.036445
0.0255134
0.0255134
0.036445
0.0660207
0.0499003
0.0499003
0.0660207
0.106065
0.0847864
0.15494
0.129576
0.106065
0.0847864
0.209176
0.181661
0.15494
0.129576
0.26402
0.23685
0.209176
0.181661
0.290004
0.314133
0.23685
0.26402
0.290004
0.314133
0.354344
0.335774
0.354344
0.335774
0.369346
0.380363
0.380363
0.369346
0.387101
0.389365
0.387101
0.049832
0.320465
0.301179
0.279263
0.0657286
0.255314
0.0169531
0.0841462
0.229974
0.0364933
0.203904
0.177761
0.10491
0.152174
0.127723
0.127723
0.10491
0.0841462
0.152174
0.0657286
0.177761
0.049832
0.0256139
0.203904
0.229974
0.0101423
0.00468866
0.255314
0.279263
0.00468866
0.336587
0.301179
0.320465
0.357635
0.361967
0.0101423
0.336587
0.349095
0.357635
0.0169531
0.361967
0.0256139
0.349095
0.0364933
3.02975e-33
3.02975e-33
1.52171e-33
0.00472485
0.00472485
1.52171e-33
0.0170157
0.0101981
0.0101981
0.0170157
0.0364451
0.0256445
0.0364451
0.0256445
0.0652468
0.0496181
0.0496181
0.0652468
0.0832508
0.10344
0.125481
0.148954
0.0832508
0.10344
0.173334
0.198045
0.148954
0.125481
0.222458
0.245931
0.198045
0.173334
0.28753
0.267825
0.245931
0.222458
0.267825
0.28753
0.318222
0.304493
0.304493
0.318222
0.334508
0.328328
0.328328
0.334508
0.336592
0.235938
0.064574
0.214357
0.00475008
0.19164
0.0821147
0.168415
0.145298
0.101662
0.0362962
0.0492694
0.122872
0.101662
0.122872
0.0821147
0.064574
0.145298
0.168415
0.025614
0.0170352
0.19164
0.0102348
0.214357
0.235938
0.00475008
0.255773
0.255773
0.273288
0.273288
0.287971
0.0102348
0.299386
0.307192
0.0170352
0.311154
0.311154
0.025614
0.307192
0.299386
0.0362962
0.287971
0.0492694
3.0829e-33
3.0829e-33
1.54041e-33
0.00476608
0.00476608
1.54041e-33
0.0102444
0.0170159
0.0102444
0.0170159
0.0360521
0.0255133
0.0255133
0.0360521
0.0637192
0.0487788
0.0487788
0.0637192
0.0807374
0.0995915
0.141235
0.119908
0.0995915
0.0807374
0.184736
0.163036
0.141235
0.119908
0.225407
0.205728
0.184736
0.163036
0.258555
0.243195
0.225407
0.205728
0.243195
0.258555
0.280213
0.271024
0.280213
0.271024
0.285847
0.285847
0.287742
0.0626836
0.157237
0.0791359
0.13679
0.116614
0.0972395
0.0169533
0.0972395
0.0791359
0.116614
0.0626836
0.0481586
0.0357097
0.13679
0.0253524
0.157237
0.0102349
0.00477083
0.17738
0.196632
0.00477083
0.17738
0.214414
0.23018
0.243438
0.23018
0.0102349
0.25377
0.260847
0.264443
0.0169533
0.264443
0.0253524
0.260847
0.25377
0.243438
0.0357097
0.0481586
0.214414
0.196632
3.10987e-33
3.10987e-33
1.5466e-33
0.00476631
0.00476631
1.5466e-33
0.0168525
0.0101979
0.0101979
0.0168525
0.0352757
0.0251227
0.0251227
0.0352757
0.0474038
0.0614783
0.0614783
0.0474038
0.0773136
0.094625
0.113009
0.131998
0.0773136
0.094625
0.151056
0.169625
0.113009
0.131998
0.203038
0.187136
0.151056
0.169625
0.216826
0.228047
0.203038
0.187136
0.216826
0.228047
0.241426
0.23634
0.241426
0.23634
0.243142
0.0752898
0.109122
0.0917631
0.00475048
0.0752898
0.0917631
0.0601071
0.109122
0.0465281
0.0347483
0.0248353
0.126889
0.0167093
0.14454
0.0101426
0.161527
0.177307
0.00475048
0.126889
0.191362
0.203225
0.161527
0.177307
0.0101426
0.212494
0.218856
0.222092
0.212494
0.0167093
0.222092
0.0248353
0.218856
0.203225
0.0347483
0.191362
0.0465281
0.14454
0.0601071
3.1101e-33
3.1101e-33
1.54014e-33
0.00472553
0.00472553
1.54014e-33
0.0165293
0.0100597
0.0100597
0.0165293
0.0244823
0.0341353
0.0341353
0.0244823
0.0455285
0.0585829
0.0455285
0.0585829
0.0730713
0.0886759
0.121502
0.104977
0.0886759
0.0730713
0.137733
0.153143
0.121502
0.104977
0.167216
0.179468
0.137733
0.153143
0.189478
0.19689
0.167216
0.179468
0.189478
0.19689
0.202982
0.201447
0.201447
0.0569121
0.085382
0.0444197
0.033436
0.100604
0.0240752
0.0163087
0.115871
0.00995965
0.00468944
0.130683
0.144532
0.00468944
0.0706793
0.156933
0.085382
0.167443
0.175681
0.00995965
0.181348
0.184234
0.144532
0.156933
0.0163087
0.184234
0.181348
0.0240752
0.175681
0.167443
0.033436
0.0444197
0.130683
0.115871
0.0569121
0.100604
0.0706793
3.08361e-33
3.08361e-33
1.52115e-33
0.00464456
0.00464456
1.52115e-33
0.00983281
0.0160535
0.00983281
0.0160535
0.032659
0.023607
0.032659
0.023607
0.0432007
0.055109
0.0432007
0.055109
0.068124
0.0819059
0.110038
0.0960311
0.0819059
0.068124
0.135755
0.12344
0.110038
0.0960311
0.15537
0.146534
0.135755
0.12344
0.165976
0.161937
0.146534
0.15537
0.165976
0.161937
0.167343
0.0782693
0.0230898
0.0912924
0.0157604
0.0096901
0.00458894
0.104042
0.116054
0.00458894
0.0318049
0.126875
0.136089
0.143338
0.0654276
0.0096901
0.148336
0.150886
0.150886
0.104042
0.0157604
0.148336
0.0230898
0.143338
0.136089
0.126875
0.0318049
0.116054
0.041887
0.0912924
0.0782693
0.0531822
0.0654276
0.0531822
0.041887
3.03091e-33
3.03091e-33
1.49001e-33
0.00452503
0.00452503
1.49001e-33
0.0154357
0.0095219
0.0095219
0.0154357
0.0225175
0.030883
0.030883
0.0225175
0.0404796
0.0511471
0.0511471
0.0404796
0.0744985
0.0626034
0.0864184
0.0979253
0.0744985
0.0626034
0.117952
0.108578
0.0979253
0.0864184
0.125676
0.131428
0.117952
0.108578
0.136179
0.134981
0.131428
0.125676
0.134981
0.0814434
0.00933955
0.00445097
0.0917298
0.101061
0.00445097
0.0150767
0.109051
0.115362
0.0298951
0.0389942
0.00933955
0.119725
0.121955
0.121955
0.0706175
0.0150767
0.119725
0.0219023
0.115362
0.109051
0.101061
0.0298951
0.0917298
0.0389942
0.0814434
0.0596742
0.0490143
0.0490143
0.0596742
0.0219023
0.0706175
2.95307e-33
2.95307e-33
1.44727e-33
0.00436929
0.00436929
1.44727e-33
0.00913346
0.0146897
0.00913346
0.0146897
0.0288506
0.0212391
0.0288506
0.0212391
0.0468
0.0374338
0.0468
0.0374338
0.0666532
0.0566558
0.0764008
0.0854976
0.0666532
0.0566558
0.0935587
0.10023
0.0764008
0.0854976
0.105222
0.108307
0.10023
0.0935587
0.109353
0.108307
0.105222
0.0792714
0.00427824
0.0861181
0.00427824
0.0915515
0.0953208
0.0089152
0.0972505
0.0972505
0.0277526
0.0358138
0.0142724
0.0953208
0.0535707
0.0915515
0.0205401
0.0861181
0.0792714
0.0277526
0.0713242
0.0626313
0.0358138
0.044516
0.044516
0.0535707
0.0205401
0.0142724
0.0626313
0.0089152
0.0713242
2.85161e-33
2.85161e-33
1.39374e-33
0.00418035
1.39374e-33
0.00418035
0.0138314
0.00867541
0.00867541
0.0138314
0.0198012
0.0266106
0.0198012
0.0266106
0.0421789
0.034139
0.034139
0.0421789
0.0504368
0.0585788
0.0662481
0.0730922
0.0585788
0.0504368
0.0787924
0.0830712
0.0730922
0.0662481
0.0866251
0.0857274
0.0830712
0.0787924
0.0857274
0.00407404
0.0670014
0.071626
0.0748458
0.00842561
0.0764979
0.0133649
0.0764979
0.0748458
0.0133649
0.071626
0.0190342
0.0670014
0.0612046
0.0545217
0.0254285
0.0472757
0.0324243
0.0398016
0.0324243
0.0254285
0.0398016
0.0190342
0.0472757
0.00842561
0.00407404
0.0545217
0.0612046
2.7285e-33
2.7285e-33
1.33034e-33
0.00396178
0.00396178
1.33034e-33
0.0128792
0.00815685
0.00815685
0.0128792
0.0242157
0.018236
0.018236
0.0242157
0.0374003
0.0306759
0.0374003
0.0306759
0.0504861
0.0441065
0.0610373
0.056228
0.0441065
0.0504861
0.0646686
0.0669249
0.0610373
0.056228
0.0676929
0.0646686
0.0669249
0.0579586
0.00788035
0.0593576
0.00384217
0.0593576
0.0579586
0.012373
0.0552384
0.0174178
0.0229769
0.0289078
0.0513474
0.0464977
0.0409492
0.0229769
0.0349885
0.0289078
0.0174178
0.0349885
0.012373
0.0409492
0.00788035
0.0464977
0.0513474
0.00384217
0.0552384
2.58605e-33
2.58605e-33
1.25818e-33
0.00371757
0.00371757
1.25818e-33
0.0118525
0.00758775
0.00758775
0.0118525
0.0165777
0.021721
0.0165777
0.021721
0.0271273
0.0325815
0.0325815
0.0271273
0.0425803
0.0378233
0.0465953
0.0496381
0.0378233
0.0425803
0.0515398
0.052184
0.0496381
0.0465953
0.0515398
0.00728969
0.0454428
0.0442703
0.0113168
0.0419965
0.038758
0.0157258
0.0347467
0.0301928
0.0204531
0.0253468
0.0204531
0.0253468
0.0157258
0.0113168
0.0301928
0.00728969
0.00358676
0.0347467
0.038758
0.00358676
0.0419965
0.0442703
0.0454428
2.42686e-33
2.42686e-33
1.17842e-33
0.00345197
0.00345197
1.17842e-33
0.0107716
0.00697857
0.00697857
0.0107716
0.0148612
0.0191816
0.0148612
0.0191816
0.0235746
0.0278363
0.0235746
0.0278363
0.031738
0.0350516
0.0391617
0.0375802
0.0350516
0.031738
0.0391617
0.0397024
0.0375802
0.0333655
0.0314823
0.0102166
0.0288122
0.0139928
0.0255249
0.0102166
0.0218213
0.0179118
0.0179118
0.0139928
0.0218213
0.00666424
0.00331215
0.0255249
0.0288122
0.00331215
0.0314823
0.0343391
0.0333655
0.0343391
0.00666424
2.2537e-33
2.2537e-33
0.00316935
1.0923e-33
0.00316935
1.0923e-33
0.00965679
0.00633993
0.00633993
0.00965679
0.0166511
0.0131207
0.0166511
0.0131207
0.0200953
0.0232702
0.0200953
0.0232702
0.0280665
0.0259865
0.0298209
0.0293761
0.0259865
0.0293761
0.0280665
0.00909225
0.021084
0.0122524
0.0184053
0.0154046
0.0122524
0.0154046
0.00909225
0.0184053
0.00601448
0.00302271
0.021084
0.0232718
0.00302271
0.0248212
0.0248212
0.0256244
0.00601448
0.0256244
0.0232718
2.06942e-33
2.06942e-33
1.00103e-33
0.00287403
0.00287403
1.00103e-33
0.00852736
0.00568212
0.00568212
0.00852736
0.0141786
0.0113886
0.0113886
0.0141786
0.0167592
0.0189754
0.0189754
0.0167592
0.0206828
0.0217575
0.0221266
0.0217575
0.0206828
0.0105353
0.0105353
0.00796247
0.0129779
0.00535048
0.00272266
0.0151632
0.0169538
0.00272266
0.0129779
0.0151632
0.018226
0.0188868
0.0188868
0.00535048
0.018226
0.0169538
0.00796247
1.87682e-33
1.87682e-33
9.05807e-34
0.00257012
0.00257012
9.05807e-34
0.00740115
0.00501478
0.00740115
0.00501478
0.0118071
0.00969385
0.0118071
0.00969385
0.0150252
0.0136245
0.0136245
0.0150252
0.0159119
0.0162136
0.0159119
0.00468138
0.00241594
0.0106705
0.0121466
0.00241594
0.0131962
0.00684396
0.0137421
0.0137421
0.0106705
0.00468138
0.0131962
0.0121466
0.00684396
0.0088684
0.0088684
1.67859e-33
1.67859e-33
8.07713e-34
0.00226135
0.00226135
8.07713e-34
0.0043465
0.00629357
0.0043465
0.00629357
0.00957096
0.00806069
0.00957096
0.00806069
0.0114691
0.0107351
0.0107351
0.0117218
0.0114691
0.00851163
0.00939031
0.00210603
0.00210603
0.00984687
0.00984687
0.0040151
0.00939031
0.00851163
0.00727308
0.00575066
0.00575066
0.00727308
0.0040151
1.47716e-33
1.47716e-33
7.07707e-34
0.00195092
7.07707e-34
0.00195092
0.00368442
0.00521696
0.00368442
0.00521696
0.00749348
0.00650735
0.00749348
0.00650735
0.00832732
0.00811585
0.00811585
0.00179585
0.00690893
0.00690893
0.00651826
0.00335799
0.00576406
0.00469312
0.00469312
0.00335799
0.00179585
0.00576406
0.00651826
1.2746e-33
1.2746e-33
6.06586e-34
0.00164143
0.00164143
6.06586e-34
0.0041799
0.00303396
0.00303396
0.0041799
0.00504469
0.00558487
0.00504469
0.00558487
0.00577002
0.00434811
0.00271451
0.0036778
0.00271451
0.00148761
0.0036778
0.00434811
0.00148761
0.0046932
0.0046932
1.07262e-33
1.07262e-33
5.04964e-34
0.00133472
0.00133472
5.04964e-34
0.00318664
0.00239857
0.00239857
0.00318664
0.00367507
0.00367507
0.00384003
0.00208706
0.00208706
0.00118278
0.00270659
0.00302297
0.00118278
0.00302297
0.00270659
8.72416e-34
8.72416e-34
4.03262e-34
0.00103186
4.03262e-34
0.00103186
0.00177952
0.00223662
0.00177952
0.00223662
0.00239135
0.00177638
0.000882037
0.00177638
0.00147584
0.000882037
0.00147584
6.74683e-34
6.74683e-34
0.000733154
3.01722e-34
0.000733154
3.01722e-34
0.00117587
0.00117587
0.00132413
0.000585285
0.0008788
0.000585285
0.0008788
4.79613e-34
4.79613e-34
2.00428e-34
0.000438141
0.000438141
2.00428e-34
0.000584434
0.000291737
0.000291737
2.86914e-34
2.86914e-34
9.93549e-35
9.93549e-35
0.00014574
3.21565e-37
9.58737e-35
9.58737e-35
