3.47577e-37
1.02332e-34
1.02332e-34
1.06084e-34
3.0619e-34
0.000155583
0.00031142
1.06084e-34
3.0619e-34
0.00031142
2.14048e-34
0.000624711
5.11735e-34
0.000467681
0.000623885
0.000937899
0.000937899
0.000467681
0.000624711
5.11735e-34
2.14048e-34
3.22274e-34
0.000941285
7.19698e-34
0.000782433
0.00157451
0.00189471
0.00125483
0.00141284
3.22274e-34
0.000941285
0.00125483
0.00189471
0.00157451
0.000782433
7.19698e-34
4.30788e-34
0.00110096
0.00126193
9.30371e-34
0.00189806
0.00222547
0.00288441
0.00238467
0.00322052
0.00254952
0.00322052
0.00238467
0.00110096
9.30371e-34
0.00126193
4.30788e-34
0.00222547
0.00189806
0.00288441
5.39492e-34
1.14354e-33
0.0014237
0.00158672
0.00255679
0.00289283
0.00391538
0.0033943
0.00158672
1.14354e-33
0.0014237
5.39492e-34
0.00499014
0.00408723
0.00462527
0.00391273
0.00391273
0.00391538
0.00462527
0.00255679
0.00499014
0.0033943
0.00289283
6.48122e-34
0.00191491
1.35846e-33
0.00175034
0.00323192
0.0035763
0.00499067
0.00444742
0.00593172
0.0053621
0.00612122
0.00691514
1.35846e-33
0.00191491
0.00175034
6.48122e-34
0.00323192
0.00499067
0.0035763
0.00444742
0.00612734
0.0073257
0.00593172
0.0073257
0.00612122
0.00691514
0.0053621
7.56219e-34
0.00224495
1.57384e-33
0.00207971
0.00392209
0.00427334
0.00610823
0.00554447
0.00900892
0.00794052
0.00690476
0.00771047
0.00859344
0.00992763
0.0104042
0.00881427
7.56219e-34
0.00224495
1.57384e-33
0.00207971
0.00392209
0.00427334
0.00610823
0.00554447
0.00992763
0.00900892
0.00771047
0.0104042
0.00690476
0.00859344
0.00794052
8.63122e-34
0.00257449
1.78792e-33
0.00240987
0.00462366
0.00497923
0.00726128
0.00668099
0.00938595
0.0112684
0.0101185
0.00853812
0.0113335
0.012805
0.013895
0.0120971
0.00240987
8.63122e-34
0.00257449
1.78792e-33
0.0123607
0.0144612
0.0144612
0.0120971
0.00497923
0.00726128
0.00462366
0.00668099
0.0101185
0.012805
0.013895
0.00938595
0.00853812
0.0113335
0.0112684
9.67974e-34
0.00290044
1.99847e-33
0.00273807
0.00784804
0.00533098
0.00568735
0.00843891
0.0111325
0.013676
0.0124552
0.0102509
0.014344
0.0159427
0.0177945
0.0157949
0.0167131
0.0191077
0.019789
0.0170241
1.99847e-33
0.00273807
9.67974e-34
0.00290044
0.00843891
0.00568735
0.00784804
0.00533098
0.019789
0.0191077
0.0167131
0.0157949
0.0124552
0.0102509
0.0111325
0.013676
0.0159427
0.0177945
0.014344
1.06975e-33
0.00321913
2.20294e-33
0.00306094
0.00603658
0.00962666
0.00903286
0.00638941
0.00306094
0.00321913
2.20294e-33
1.06975e-33
0.012928
0.0162021
0.0149266
0.0120245
0.0175993
0.0220665
0.0198871
0.0193053
0.0227518
0.0243166
0.0259076
0.0216469
0.0267317
0.0231323
0.0227518
0.0267317
0.00638941
0.00962666
0.00903286
0.00603658
0.0162021
0.012928
0.0149266
0.0120245
0.0259076
0.0243166
0.0193053
0.0216469
0.0220665
0.0175993
0.0198871
1.16727e-33
0.00352641
2.39851e-33
0.00337452
0.00673151
0.00707583
0.0108072
0.0102194
0.00337452
0.00352641
2.39851e-33
1.16727e-33
0.0147451
0.0188068
0.0174976
0.0138339
0.00707583
0.0102194
0.0108072
0.00673151
0.0210551
0.0228403
0.0243233
0.026648
0.0292452
0.0300195
0.032753
0.0271133
0.0356738
0.0310418
0.0346789
0.0305875
0.0305875
0.0356738
0.0346789
0.0292452
0.0138339
0.0188068
0.0147451
0.0174976
0.032753
0.0243233
0.026648
0.0228403
0.0210551
0.0271133
0.0300195
1.25929e-33
0.00367449
0.00381782
2.58221e-33
0.0074057
0.00773612
0.0119613
0.0113894
0.0165519
0.0214428
0.0201244
0.0156494
0.00367449
0.00381782
2.58221e-33
1.25929e-33
0.0119613
0.00773612
0.0113894
0.0074057
0.0246517
0.026482
0.0314542
0.0290289
0.0165519
0.0201244
0.0156494
0.0214428
0.0330265
0.0361146
0.040212
0.0364143
0.0389976
0.0406105
0.0435157
0.0458331
0.0470275
0.0406105
0.0411632
0.0470275
0.0389976
0.0435157
0.0458331
0.0364143
0.026482
0.0361146
0.0290289
0.0246517
0.040212
0.0330265
0.0314542
1.3445e-33
2.75103e-33
0.00395631
0.00408875
0.00804838
0.0083593
0.0130682
0.0125226
0.0183142
0.0240573
0.0227566
0.0174378
0.00395631
0.00408875
2.75103e-33
1.3445e-33
0.0283185
0.0301552
0.0363842
0.0339106
0.0130682
0.0083593
0.0125226
0.00804838
0.0227566
0.0240573
0.0183142
0.0174378
0.0424744
0.0392707
0.0481321
0.044125
0.0301552
0.0283185
0.0339106
0.0363842
0.0513148
0.0482176
0.0570283
0.0530703
0.053251
0.0597935
0.0539051
0.061215
0.061215
0.0513148
0.053251
0.0597935
0.0482176
0.044125
0.0392707
0.0530703
0.0424744
0.0481321
0.0570283
1.42158e-33
0.00433464
2.90207e-33
0.00421534
0.00864848
0.0089343
0.014107
0.0135983
0.0199962
0.0265944
0.0191638
0.0253396
0.0319765
0.0337785
0.0413263
0.0388613
0.00421534
0.00433464
2.90207e-33
1.42158e-33
0.0089343
0.014107
0.0135983
0.00864848
0.0563318
0.0489529
0.0457083
0.0522092
0.0265944
0.0199962
0.0253396
0.0191638
0.0388613
0.0319765
0.0337785
0.0413263
0.0690154
0.0629398
0.0580522
0.0631274
0.0457083
0.0563318
0.0489529
0.0522092
0.0689188
0.0666292
0.0769756
0.0737093
0.078651
0.0696996
0.0689188
0.078651
0.0629398
0.0690154
0.0631274
0.0666292
0.0769756
0.0737093
0.0580522
1.48927e-33
0.00455113
3.03258e-33
0.00444713
0.00919508
0.00945038
0.0150569
0.0145953
0.0215622
0.0207917
0.0289977
0.027817
0.0355427
0.0372678
0.0461625
0.0437655
1.48927e-33
3.03258e-33
0.00444713
0.00455113
0.0604743
0.052187
0.0553927
0.0646102
0.00919508
0.00945038
0.0150569
0.0145953
0.0289977
0.0215622
0.027817
0.0207917
0.0734404
0.081504
0.0752164
0.068269
0.0437655
0.0461625
0.0355427
0.0372678
0.052187
0.0553927
0.0604743
0.0646102
0.0884453
0.0939503
0.0809994
0.0853362
0.081504
0.0734404
0.068269
0.0752164
0.0889376
0.0880293
0.0997219
0.097768
0.0884453
0.0997219
0.0939503
0.097768
0.0853362
0.0880293
0.0809994
1.54643e-33
0.00473423
3.14013e-33
0.00464745
0.00967776
0.00989754
0.0158984
0.0154934
0.0222863
0.0229779
0.0312118
0.0301326
0.038933
0.0405397
0.0507735
0.048504
0.00464745
0.00473423
3.14013e-33
1.54643e-33
0.0687132
0.0585461
0.0616318
0.0727559
0.00967776
0.0154934
0.0158984
0.00989754
0.0941727
0.0878367
0.0837443
0.0786107
0.0229779
0.0312118
0.0301326
0.0222863
0.048504
0.0507735
0.0405397
0.038933
0.103625
0.111712
0.102761
0.0960062
0.0727559
0.0585461
0.0616318
0.0687132
0.0941727
0.0837443
0.0786107
0.0878367
0.110937
0.107816
0.118098
0.122512
0.102761
0.0960062
0.111712
0.103625
0.124767
0.111997
0.110937
0.107816
0.122512
0.118098
0.124767
1.59204e-33
0.00488044
3.22264e-33
0.00481256
0.010087
0.0102668
0.0166135
0.0162738
0.00481256
0.00488044
3.22264e-33
1.59204e-33
0.0236144
0.0242115
0.0331845
0.0322323
0.0420652
0.043514
0.0550434
0.0529588
0.0805557
0.0767126
0.0646236
0.0675094
0.0162738
0.010087
0.0166135
0.0102668
0.0937662
0.10047
0.106684
0.0888072
0.0236144
0.0331845
0.0322323
0.0242115
0.120742
0.118844
0.12979
0.111257
0.0550434
0.043514
0.0529588
0.0420652
0.0805557
0.0675094
0.0646236
0.0767126
0.134371
0.139107
0.146434
0.128555
0.106684
0.0937662
0.0888072
0.10047
0.12979
0.120742
0.111257
0.118844
0.137963
0.139172
0.15406
0.151484
0.134371
0.128555
0.139107
0.146434
0.15406
0.137963
0.151484
1.62527e-33
0.00498694
3.2785e-33
0.00493928
0.0104145
0.0105507
0.0171867
0.0169198
0.0247459
0.0252347
0.0348685
0.0340663
0.00493928
0.00498694
3.2785e-33
1.62527e-33
0.0169198
0.0171867
0.0104145
0.0105507
0.0448621
0.0461169
0.0588629
0.0570166
0.072872
0.0878022
0.0842612
0.0702616
0.103236
0.112774
0.118698
0.0985857
0.0247459
0.0340663
0.0348685
0.0252347
0.133685
0.147687
0.138793
0.126338
0.0448621
0.0570166
0.0461169
0.0588629
0.16022
0.170836
0.149689
0.158617
0.0842612
0.0878022
0.072872
0.0702616
0.103236
0.112774
0.0985857
0.118698
0.169329
0.179156
0.184877
0.165251
0.138793
0.133685
0.147687
0.126338
0.149689
0.170836
0.158617
0.16022
0.170711
0.165251
0.187791
0.187791
0.169329
0.179156
0.184877
1.64551e-33
0.0050516
3.3066e-33
0.00502512
0.0106536
0.0107433
0.0176055
0.0174172
0.0256547
0.0260239
0.0362231
0.0355903
0.0472538
0.0605733
0.0482831
0.0621335
0.00502512
0.0050516
3.3066e-33
1.64551e-33
0.0107433
0.0174172
0.0176055
0.0106536
0.0355903
0.0362231
0.0260239
0.0256547
0.0775781
0.0943011
0.0911573
0.0753122
0.124415
0.129884
0.107681
0.111897
0.164906
0.156413
0.147737
0.140834
0.0605733
0.0472538
0.0621335
0.0482831
0.170632
0.180847
0.195038
0.183005
0.0753122
0.0775781
0.0911573
0.0943011
0.193113
0.216367
0.200593
0.207012
0.129884
0.111897
0.124415
0.107681
0.164906
0.147737
0.156413
0.140834
0.22605
0.205194
0.222785
0.206741
0.170632
0.180847
0.183005
0.195038
0.200593
0.193113
0.22605
0.222785
0.207012
0.205194
0.216367
1.65237e-33
0.00507316
3.30637e-33
0.00506837
0.0107992
0.0108406
0.0178606
0.0177551
0.0263196
0.0265606
0.0372152
0.0367673
0.00506837
0.00507316
3.30637e-33
1.65237e-33
0.0491802
0.0647703
0.0635368
0.0499579
0.081503
0.0998768
0.0972152
0.0796416
0.0177551
0.0178606
0.0108406
0.0107992
0.0367673
0.0372152
0.0265606
0.0263196
0.0491802
0.0499579
0.0635368
0.0647703
0.135069
0.115846
0.139932
0.119511
0.180961
0.173109
0.160608
0.154343
0.190795
0.200404
0.218354
0.206849
0.0972152
0.0796416
0.081503
0.0998768
0.234263
0.232085
0.247637
0.220765
0.115846
0.135069
0.139932
0.119511
0.245581
0.258058
0.265195
0.240453
0.173109
0.180961
0.160608
0.154343
0.218354
0.200404
0.206849
0.190795
0.268821
0.247314
0.245581
0.268821
0.234263
0.220765
0.265195
0.247637
0.232085
0.240453
0.258058
1.64573e-33
0.00505116
3.27783e-33
0.00506817
0.0108483
0.0108405
0.0179462
0.0179259
0.026725
0.0268321
0.0378204
0.0375685
0.0505923
0.0510987
0.0667046
0.0658299
0.00506817
0.00505116
3.27783e-33
1.64573e-33
0.0108405
0.0179259
0.0179462
0.0108483
0.0845421
0.104379
0.102271
0.0831348
0.125869
0.148564
0.144442
0.122856
0.0268321
0.026725
0.0375685
0.0378204
0.0658299
0.0505923
0.0667046
0.0510987
0.0845421
0.0831348
0.104379
0.102271
0.18841
0.1954
0.171937
0.166485
0.209607
0.218337
0.240116
0.229469
0.260126
0.247417
0.277791
0.262909
0.122856
0.144442
0.125869
0.148564
0.304103
0.292596
0.284749
0.275485
0.166485
0.171937
0.1954
0.18841
0.29043
0.311972
0.315966
0.292339
0.240116
0.229469
0.209607
0.218337
0.247417
0.260126
0.262909
0.277791
0.29043
0.284749
0.315966
0.311972
0.275485
0.292596
0.304103
1.62571e-33
0.00498606
3.22154e-33
0.00502453
0.0107998
0.010743
0.0178604
0.0179258
0.037974
0.0268613
0.0268321
0.0380237
0.00502453
0.00498606
3.22154e-33
1.62571e-33
0.0514543
0.0516765
0.0678858
0.0673928
0.0866144
0.107684
0.106188
0.0856988
0.010743
0.0179258
0.0178604
0.0107998
0.037974
0.0380237
0.0268613
0.0268321
0.130798
0.15554
0.152273
0.128518
0.181406
0.201884
0.17692
0.207814
0.0673928
0.0678858
0.0516765
0.0514543
0.106188
0.0856988
0.0866144
0.107684
0.15554
0.130798
0.128518
0.152273
0.226532
0.250218
0.259703
0.234134
0.272305
0.283859
0.305958
0.292175
0.323116
0.34165
0.309278
0.3254
0.17692
0.201884
0.207814
0.181406
0.333303
0.33953
0.354255
0.362861
0.226532
0.259703
0.250218
0.234134
0.367226
0.367226
0.341631
0.33953
0.283859
0.305958
0.272305
0.292175
0.362861
0.354255
0.3254
0.309278
0.34165
0.333303
0.323116
1.5927e-33
0.00487917
3.13864e-33
0.00493832
0.0106548
0.0105501
0.0176052
0.0177547
0.0378203
0.0379739
0.0267254
0.0265604
0.0517441
0.0516764
0.068283
0.0681847
0.00493832
0.00487917
3.13864e-33
1.5927e-33
0.0105501
0.0177547
0.0176052
0.0106548
0.0876646
0.109704
0.10886
0.087265
0.134161
0.160666
0.158345
0.132678
0.0379739
0.0378203
0.0265604
0.0267254
0.0681847
0.0517441
0.068283
0.0516764
0.188751
0.217853
0.185356
0.213151
0.241087
0.268502
0.276553
0.247346
0.0876646
0.087265
0.109704
0.10886
0.132678
0.158345
0.160666
0.134161
0.185356
0.213151
0.217853
0.188751
0.29471
0.319038
0.304778
0.331322
0.340854
0.37674
0.355518
0.359568
0.394436
0.374686
0.408138
0.385785
0.241087
0.268502
0.247346
0.276553
0.422216
0.392575
0.394855
0.417481
0.29471
0.304778
0.331322
0.319038
0.392575
0.422216
0.417481
0.385785
0.359568
0.355518
0.340854
0.37674
0.394436
0.374686
0.408138
1.54729e-33
0.00473258
3.03073e-33
0.00481125
0.0104163
0.010266
0.0171862
0.0174166
0.0260236
0.037215
0.0375683
0.0263204
0.00481125
0.00473258
3.03073e-33
1.54729e-33
0.0514544
0.0510986
0.0678858
0.0681846
0.0876646
0.110384
0.0877918
0.110215
0.010266
0.0174166
0.0171862
0.0104163
0.0375683
0.037215
0.0263204
0.0260236
0.135865
0.163799
0.162489
0.13522
0.221891
0.193764
0.225233
0.191556
0.0510986
0.0514544
0.0678858
0.0681846
0.0877918
0.110215
0.110384
0.0876646
0.252861
0.257598
0.283798
0.290185
0.31399
0.322281
0.353153
0.342722
0.135865
0.163799
0.13522
0.162489
0.225233
0.193764
0.191556
0.221891
0.290185
0.252861
0.283798
0.257598
0.369294
0.393042
0.382076
0.408354
0.450471
0.431343
0.429752
0.413372
0.449107
0.465259
0.475332
0.441773
0.31399
0.353153
0.322281
0.342722
0.449107
0.480433
0.451579
0.480433
0.408354
0.393042
0.369294
0.382076
0.441773
0.450471
0.431343
0.465259
0.475332
0.413372
0.429752
1.49034e-33
0.00454918
2.8999e-33
0.00464584
0.0100893
0.0169189
0.00989649
0.0166128
0.0252343
0.0362228
0.036767
0.0256558
0.00464584
0.00454918
2.8999e-33
1.49034e-33
0.0505926
0.0499578
0.0667045
0.0673928
0.00989649
0.0169189
0.0166128
0.0100893
0.0866144
0.087265
0.109704
0.110215
0.135865
0.164854
0.16459
0.136075
0.0256558
0.036767
0.0362228
0.0252343
0.0499578
0.0673928
0.0505926
0.0667045
0.227858
0.196306
0.229745
0.195347
0.264598
0.261517
0.300209
0.295669
0.087265
0.109704
0.110215
0.0866144
0.16459
0.164854
0.135865
0.136075
0.32959
0.370819
0.362541
0.335866
0.435571
0.393776
0.404305
0.422564
0.229745
0.196306
0.195347
0.227858
0.261517
0.295669
0.300209
0.264598
0.32959
0.335866
0.362541
0.370819
0.470142
0.448229
0.463897
0.488622
0.509157
0.52501
0.500694
0.48778
0.541258
0.511225
0.535798
0.50858
0.422564
0.404305
0.393776
0.435571
0.541258
0.50858
0.535798
0.500694
0.52501
0.470142
0.509157
0.448229
0.48778
0.463897
0.488622
1.42284e-33
0.00433243
2.74861e-33
0.00444526
0.00444526
0.00433243
2.74861e-33
1.42284e-33
0.00968051
0.0158976
0.0162727
0.00944916
0.0242109
0.0348682
0.0355899
0.0247474
0.0491806
0.0482829
0.0647702
0.0658299
0.0162727
0.0158976
0.00968051
0.00944916
0.0856986
0.0845421
0.107684
0.10886
0.0355899
0.0348682
0.0242109
0.0247474
0.134161
0.163799
0.16459
0.13522
0.196307
0.231264
0.230884
0.196622
0.0482829
0.0658299
0.0491806
0.0647702
0.0845421
0.107684
0.0856986
0.10886
0.266811
0.268149
0.30634
0.303775
0.341062
0.345145
0.377927
0.383813
0.163799
0.134161
0.13522
0.16459
0.196307
0.196622
0.230884
0.231264
0.41359
0.421562
0.457601
0.447278
0.478242
0.521474
0.491152
0.505774
0.266811
0.303775
0.268149
0.30634
0.341062
0.383813
0.345145
0.377927
0.41359
0.457601
0.447278
0.421562
0.56979
0.548098
0.529246
0.547887
0.598161
0.586679
0.5619
0.570308
0.570308
0.573139
0.603971
0.603971
0.478242
0.505774
0.521474
0.491152
0.598161
0.548098
0.5619
0.586679
0.547887
0.56979
0.529246
1.34595e-33
0.00408635
2.57958e-33
0.00421328
0.0091982
0.00893295
0.015056
0.0154921
0.00421328
0.00408635
2.57958e-33
1.34595e-33
0.0154921
0.015056
0.0091982
0.00893295
0.0229772
0.033184
0.0340657
0.0236162
0.0472544
0.0461167
0.0621334
0.0635367
0.0831345
0.0815031
0.104379
0.106189
0.0236162
0.0229772
0.0340657
0.033184
0.130798
0.160666
0.162489
0.132677
0.0635367
0.0621334
0.0472544
0.0461167
0.193764
0.229746
0.230885
0.195346
0.268592
0.308403
0.307887
0.268149
0.0831345
0.104379
0.0815031
0.106189
0.160666
0.162489
0.130798
0.132677
0.349851
0.391761
0.348079
0.388435
0.428165
0.43335
0.473807
0.466465
0.229746
0.195346
0.230885
0.193764
0.268149
0.307887
0.268592
0.308403
0.502538
0.512314
0.548071
0.535607
0.589926
0.608358
0.564956
0.580318
0.388435
0.348079
0.349851
0.391761
0.43335
0.428165
0.473807
0.466465
0.502538
0.548071
0.535607
0.512314
0.649463
0.631578
0.609967
0.624611
0.636534
0.633541
0.661615
0.667759
0.633541
0.667759
0.624611
0.661615
0.564956
0.609967
0.608358
0.580318
0.631578
0.649463
0.589926
1.26093e-33
0.0039541
0.0038153
2.39575e-33
0.00865186
0.00835786
0.014106
0.0145939
0.0215614
0.0312113
0.0322317
0.0222883
0.0039541
0.0038153
2.39575e-33
1.26093e-33
0.00835786
0.0145939
0.014106
0.00865186
0.0322317
0.0312113
0.0215614
0.0222883
0.0448627
0.0435137
0.0588628
0.0605733
0.0796412
0.0775782
0.0998771
0.102271
0.128517
0.12587
0.15554
0.158345
0.0435137
0.0605733
0.0448627
0.0588628
0.188751
0.225233
0.227858
0.191555
0.0796412
0.0998771
0.102271
0.0775782
0.307887
0.26681
0.264598
0.30634
0.394436
0.350441
0.349851
0.393766
0.12587
0.128517
0.158345
0.15554
0.191555
0.227858
0.225233
0.188751
0.43708
0.483722
0.479573
0.439331
0.520412
0.567638
0.526772
0.558773
0.307887
0.26681
0.264598
0.30634
0.394436
0.349851
0.393766
0.350441
0.639587
0.624952
0.605503
0.593869
0.66918
0.651369
0.672534
0.693655
0.43708
0.483722
0.479573
0.439331
0.520412
0.567638
0.526772
0.558773
0.624952
0.593869
0.639587
0.605503
0.688001
0.725278
0.697413
0.71249
0.731742
0.731742
0.70058
0.697413
0.688001
0.693655
0.71249
0.725278
0.66918
0.672534
0.651369
1.16909e-33
2.20011e-33
0.00367222
0.00352386
0.00805192
0.00773464
0.0130672
0.0135968
0.0199954
0.0289972
0.0301319
0.0207939
0.00367222
0.00352386
2.20011e-33
1.16909e-33
0.0420659
0.0405394
0.0550433
0.0570166
0.00773464
0.0135968
0.0130672
0.00805192
0.0207939
0.0199954
0.0301319
0.0289972
0.0405394
0.0570166
0.0550433
0.0420659
0.0753117
0.0728721
0.0943013
0.0972155
0.119511
0.148564
0.152273
0.122855
0.181407
0.217854
0.221891
0.185354
0.0753117
0.0972155
0.0943013
0.0728721
0.261516
0.300209
0.303776
0.257598
0.148564
0.152273
0.119511
0.122855
0.345145
0.391761
0.348078
0.393767
0.487058
0.440081
0.439331
0.486223
0.217854
0.181407
0.185354
0.221891
0.303776
0.261516
0.300209
0.257598
0.574601
0.531347
0.534106
0.57961
0.62271
0.652154
0.615142
0.662565
0.345145
0.391761
0.348078
0.393767
0.487058
0.439331
0.440081
0.486223
0.729441
0.71267
0.698383
0.684893
0.7551
0.734916
0.751147
0.77483
0.531347
0.57961
0.574601
0.534106
0.662565
0.652154
0.615142
0.62271
0.684893
0.71267
0.698383
0.729441
0.764346
0.761033
0.788218
0.794984
0.794984
0.761033
0.751147
0.77483
0.788218
0.7551
0.734916
1.07174e-33
0.00321662
1.99564e-33
0.00337225
0.00337225
0.00321662
1.99564e-33
1.07174e-33
0.00740929
0.00707435
0.0119602
0.0125211
0.0183134
0.0265939
0.0278163
0.0191661
0.0389337
0.0372675
0.0507734
0.0529587
0.0125211
0.0119602
0.00740929
0.00707435
0.0702612
0.0675095
0.0878025
0.0911577
0.0278163
0.0183134
0.0265939
0.0191661
0.0507734
0.0372675
0.0529587
0.0389337
0.0702612
0.0911577
0.0878025
0.0675095
0.115845
0.111897
0.139933
0.144442
0.171937
0.207815
0.213151
0.176918
0.252859
0.295669
0.247347
0.290185
0.139933
0.144442
0.111897
0.115845
0.335867
0.388436
0.341061
0.383813
0.171937
0.176918
0.213151
0.207815
0.483722
0.486223
0.43708
0.433351
0.582631
0.535027
0.58364
0.534106
0.295669
0.252859
0.247347
0.290185
0.388436
0.341061
0.335867
0.383813
0.63144
0.676624
0.67074
0.628157
0.718337
0.743843
0.755773
0.709561
0.433351
0.43708
0.486223
0.483722
0.58364
0.534106
0.535027
0.582631
0.814959
0.788196
0.796153
0.772908
0.813115
0.823428
0.849471
0.835523
0.628157
0.63144
0.67074
0.676624
0.709561
0.718337
0.755773
0.743843
0.788196
0.814959
0.772908
0.796153
0.826896
0.856517
0.856517
0.823428
0.835523
0.849471
0.813115
9.70149e-34
0.00289805
1.78514e-33
0.00305874
9.70149e-34
0.00305874
0.00289805
1.78514e-33
0.00673504
0.00638797
0.0108062
0.0113879
0.0113879
0.0108062
0.00673504
0.00638797
0.0174401
0.0165511
0.0240567
0.0253388
0.0355435
0.0337782
0.0461624
0.0485039
0.0646231
0.0616319
0.080556
0.0842616
0.0253388
0.0240567
0.0165511
0.0174401
0.10768
0.103237
0.129884
0.13507
0.0337782
0.0485039
0.0461624
0.0355435
0.0646231
0.0842616
0.080556
0.0616319
0.103237
0.10768
0.13507
0.129884
0.160608
0.195401
0.201885
0.166483
0.241085
0.276554
0.234135
0.283799
0.377927
0.329587
0.322281
0.370819
0.160608
0.195401
0.201885
0.166483
0.479574
0.421563
0.428163
0.473808
0.234135
0.283799
0.276554
0.241085
0.579611
0.582631
0.526772
0.531346
0.63144
0.68017
0.681356
0.632537
0.377927
0.370819
0.322281
0.329587
0.428163
0.479574
0.421563
0.473808
0.771886
0.724655
0.728461
0.765143
0.810811
0.84449
0.831111
0.800866
0.579611
0.531346
0.526772
0.582631
0.632537
0.68017
0.63144
0.681356
0.855295
0.872918
0.893599
0.872268
0.883644
0.887237
0.90806
0.915364
0.728461
0.724655
0.765143
0.771886
0.84449
0.800866
0.831111
0.810811
0.915364
0.855295
0.90806
0.883644
0.872918
0.893599
0.872268
0.00273602
0.00257229
1.57117e-33
8.65476e-34
8.65476e-34
0.00257229
1.57117e-33
0.00273602
0.00603995
0.00568601
0.00962567
0.010218
0.00603995
0.00568601
0.010218
0.00962567
0.0147443
0.0214423
0.0227558
0.0156517
0.0227558
0.0214423
0.0147443
0.0156517
0.0319773
0.0301549
0.0413262
0.0437654
0.0585456
0.0553929
0.0727562
0.0767131
0.0985841
0.0937667
0.118699
0.124416
0.0413262
0.0301549
0.0437654
0.0319773
0.15434
0.147738
0.180962
0.188411
0.0553929
0.0585456
0.0767131
0.0727562
0.118699
0.0985841
0.124416
0.0937667
0.15434
0.188411
0.180962
0.147738
0.268504
0.226529
0.218338
0.259704
0.362542
0.313987
0.353154
0.304778
0.466466
0.404306
0.457601
0.413587
0.268504
0.259704
0.226529
0.218338
0.574601
0.512315
0.567639
0.520411
0.362542
0.304778
0.313987
0.353154
0.62271
0.676624
0.628156
0.680171
0.775951
0.777309
0.729735
0.728461
0.466466
0.457601
0.404306
0.413587
0.512315
0.520411
0.574601
0.567639
0.822286
0.86256
0.854998
0.817972
0.897377
0.911361
0.926074
0.886335
0.628156
0.676624
0.680171
0.62271
0.728461
0.729735
0.775951
0.777309
0.929604
0.9481
0.963026
0.940688
0.940688
0.944415
0.970563
0.970563
0.854998
0.817972
0.86256
0.822286
0.897377
0.926074
0.911361
0.963026
0.9481
0.886335
0.929604
0.00240801
0.00224301
1.35594e-33
7.58754e-34
0.00903149
0.008438
0.00533408
0.00497802
7.58754e-34
0.00224301
1.35594e-33
0.00240801
0.00533408
0.00497802
0.008438
0.00903149
0.0129273
0.0188063
0.0201236
0.0138361
0.0188063
0.0129273
0.0138361
0.0201236
0.0283193
0.0264817
0.0363842
0.0388612
0.0264817
0.0388612
0.0363842
0.0283193
0.0521865
0.048953
0.0646105
0.0687137
0.0888054
0.0837448
0.106685
0.112775
0.133686
0.164907
0.17311
0.140832
0.048953
0.0521865
0.0687137
0.0646105
0.209604
0.200405
0.240117
0.25022
0.0837448
0.106685
0.0888054
0.112775
0.164907
0.140832
0.17311
0.133686
0.200405
0.25022
0.209604
0.240117
0.28386
0.294707
0.331324
0.342723
0.447279
0.382077
0.435572
0.393773
0.548071
0.491153
0.558774
0.502536
0.342723
0.331324
0.28386
0.294707
0.605503
0.670741
0.662565
0.61514
0.382077
0.393773
0.447279
0.435572
0.771886
0.718338
0.775951
0.724654
0.82373
0.868643
0.867119
0.822286
0.558774
0.548071
0.502536
0.491153
0.670741
0.61514
0.605503
0.662565
0.93763
0.905329
0.910118
0.945947
0.975461
0.963428
0.998103
0.98221
0.771886
0.724654
0.718338
0.775951
0.82373
0.868643
0.867119
0.822286
0.997461
1.01344
0.993636
1.02119
0.993636
1.01344
0.98221
1.02119
0.93763
0.910118
0.945947
0.905329
0.998103
0.975461
0.963428
0.00207811
0.00191328
1.14122e-33
6.50837e-34
0.0078468
0.00726047
0.00462641
0.00427229
6.50837e-34
0.00191328
1.14122e-33
0.00207811
0.0174969
0.0162016
0.0111318
0.0120265
0.00462641
0.00427229
0.00726047
0.0078468
0.0111318
0.0162016
0.0174969
0.0120265
0.0246525
0.02284
0.0314541
0.0339105
0.0339105
0.0314541
0.0246525
0.02284
0.0457078
0.0424745
0.0563321
0.0604748
0.0457078
0.0604748
0.0563321
0.0424745
0.078609
0.0734409
0.0941734
0.100471
0.126335
0.118844
0.147688
0.156414
0.190792
0.180848
0.218355
0.229471
0.0941734
0.078609
0.100471
0.0734409
0.31904
0.272301
0.305959
0.260128
0.118844
0.147688
0.156414
0.126335
0.180848
0.229471
0.218355
0.190792
0.31904
0.260128
0.272301
0.305959
0.408355
0.355519
0.422566
0.369291
0.521475
0.535608
0.463899
0.478239
0.652155
0.580319
0.639588
0.593866
0.355519
0.422566
0.408355
0.369291
0.698384
0.755774
0.765144
0.70956
0.463899
0.521475
0.535608
0.478239
0.810812
0.86256
0.817971
0.867119
0.911722
0.910118
0.95096
0.952636
0.593866
0.580319
0.652155
0.639588
0.765144
0.70956
0.755774
0.698384
1.01059
1.01957
0.989344
0.984126
1.04156
1.02986
1.04275
1.05845
0.817971
0.86256
0.810812
0.867119
0.952636
0.911722
0.910118
0.95096
1.0455
1.04156
1.06637
1.06637
1.01059
0.989344
1.02986
1.05845
0.984126
1.01957
1.04275
0.00174902
0.00158542
9.28258e-34
5.42387e-34
0.00667991
0.00610754
0.00392441
0.00357544
5.42387e-34
0.00158542
9.28258e-34
0.00174902
0.0149259
0.0136756
0.00938535
0.0102527
0.00392441
0.00357544
0.00610754
0.00667991
0.0290288
0.0266479
0.0210558
0.019305
0.00938535
0.0136756
0.0149259
0.0102527
0.0210558
0.019305
0.0266479
0.0290288
0.0392702
0.0361147
0.0481324
0.0522096
0.0392702
0.0522096
0.0481324
0.0361147
0.0682672
0.0631279
0.0815047
0.0878378
0.0631279
0.0682672
0.0878378
0.0815047
0.103626
0.129791
0.138794
0.111254
0.170629
0.160221
0.19504
0.206851
0.247413
0.292177
0.234264
0.277793
0.103626
0.138794
0.129791
0.111254
0.325401
0.393044
0.376742
0.340849
0.160221
0.19504
0.206851
0.170629
0.277793
0.234264
0.292177
0.247413
0.376742
0.325401
0.340849
0.393044
0.505775
0.431344
0.488623
0.448225
0.547888
0.624953
0.608359
0.564953
0.669181
0.729441
0.743844
0.684891
0.488623
0.505775
0.431344
0.448225
0.844491
0.788197
0.800864
0.854999
0.624953
0.564953
0.547888
0.608359
0.897378
0.945947
0.905328
0.95096
1.02679
0.991093
0.989344
1.02498
0.743844
0.669181
0.684891
0.729441
0.844491
0.800864
0.854999
0.788197
1.05203
1.0717
1.08125
1.05762
1.09725
1.08367
1.08767
1.10532
0.95096
0.897378
0.945947
0.905328
0.991093
1.02498
0.989344
1.02679
1.05762
1.0717
1.08125
1.08367
1.10532
1.09725
1.05203
0.00142269
0.00126099
7.17797e-34
4.33854e-34
0.00554357
0.00499012
0.00323379
0.00289217
4.33854e-34
0.00126099
7.17797e-34
0.00142269
0.0124546
0.011268
0.00770997
0.00853967
0.00323379
0.00289217
0.00499012
0.00554357
0.0243232
0.0220664
0.0176
0.0159425
0.00770997
0.011268
0.0124546
0.00853967
0.033026
0.0441255
0.0402123
0.0300196
0.0176
0.0159425
0.0220664
0.0243232
0.033026
0.0300196
0.0402123
0.0441255
0.0580505
0.0530708
0.0690161
0.0752174
0.0580505
0.0752174
0.0530708
0.0690161
0.0960034
0.0884461
0.111713
0.120744
0.111713
0.0884461
0.0960034
0.120744
0.149685
0.139108
0.170838
0.183007
0.262911
0.22076
0.207014
0.247639
0.341651
0.35957
0.292597
0.309274
0.139108
0.183007
0.170838
0.149685
0.394438
0.450473
0.470144
0.413367
0.247639
0.207014
0.262911
0.22076
0.341651
0.292597
0.35957
0.309274
0.394438
0.450473
0.413367
0.470144
0.589927
0.569791
0.509158
0.529242
0.63158
0.693656
0.712671
0.651365
0.81496
0.772906
0.831111
0.755101
0.589927
0.569791
0.509158
0.529242
0.886333
0.872269
0.937631
0.926075
0.693656
0.651365
0.63158
0.712671
1.01957
0.975461
0.984125
1.02498
1.08892
1.087
1.05949
1.05762
0.755101
0.81496
0.772906
0.831111
0.926075
0.937631
0.886333
0.872269
1.11919
1.12916
1.10703
1.11292
1.12327
1.13736
1.13736
1.11919
0.984125
1.01957
1.02498
0.975461
1.087
1.12916
1.05949
1.08892
1.11292
1.10703
1.05762
0.00110025
0.000940677
5.10028e-34
3.25495e-34
3.25495e-34
0.000940677
5.10028e-34
0.00110025
0.0044467
0.00391496
0.00255818
0.00222501
0.010118
0.00900858
0.00612082
0.00690604
0.00255818
0.00222501
0.00391496
0.0044467
0.0128047
0.0198869
0.0177944
0.0143447
0.00612082
0.00900858
0.010118
0.00690604
0.027113
0.0364147
0.0327533
0.0243167
0.0143447
0.0128047
0.0177944
0.0198869
0.0482161
0.0629408
0.0570288
0.0435161
0.027113
0.0243167
0.0327533
0.0364147
0.0482161
0.0435161
0.0570288
0.0629408
0.0809968
0.07371
0.0939513
0.102763
0.0809968
0.102763
0.0939513
0.07371
0.128552
0.118099
0.146435
0.158619
0.158619
0.118099
0.146435
0.128552
0.232088
0.193108
0.216368
0.179157
0.258059
0.27548
0.323118
0.304105
0.354256
0.429754
0.408139
0.374681
0.216368
0.179157
0.232088
0.193108
0.46526
0.5481
0.525011
0.487775
0.258059
0.304105
0.27548
0.323118
0.408139
0.354256
0.429754
0.374681
0.5481
0.46526
0.525011
0.487775
0.672536
0.58668
0.649465
0.609963
0.774831
0.712491
0.796154
0.734913
0.855293
0.835524
0.8936
0.911361
0.58668
0.649465
0.672536
0.609963
0.9481
1.01059
0.963427
0.998104
0.712491
0.796154
0.734913
0.774831
1.04275
1.08125
1.05203
1.087
1.13719
1.11292
1.11489
1.13517
0.855293
0.911361
0.8936
0.835524
0.963427
0.998104
0.9481
1.01059
1.16191
1.15163
1.14751
1.15362
1.15362
1.13517
1.14751
1.16191
1.08125
1.05203
1.04275
1.087
1.11489
1.13719
1.11292
2.17391e-34
0.000624393
3.04639e-34
0.000781993
0.000781993
0.000624393
3.04639e-34
2.17391e-34
0.00339377
0.00288411
0.00189901
0.00157422
0.00189901
0.00157422
0.00288411
0.00339377
0.00794007
0.00691485
0.00462496
0.00536313
0.0157948
0.0138949
0.0113341
0.00992741
0.00462496
0.00691485
0.00536313
0.00794007
0.0216468
0.0292454
0.0259077
0.0191077
0.0113341
0.00992741
0.0138949
0.0157948
0.0389964
0.0513156
0.0346792
0.0458335
0.0216468
0.0191077
0.0259077
0.0292454
0.0666269
0.0853375
0.0769764
0.0597942
0.0389964
0.0346792
0.0458335
0.0513156
0.0666269
0.0597942
0.0769764
0.0853375
0.107813
0.097769
0.122513
0.134372
0.107813
0.134372
0.097769
0.122513
0.151485
0.184878
0.165246
0.200595
0.151485
0.200595
0.184878
0.165246
0.265196
0.284751
0.222787
0.240448
0.311974
0.385788
0.333298
0.362862
0.417483
0.475333
0.500696
0.441768
0.265196
0.222787
0.284751
0.240448
0.535799
0.624613
0.598163
0.561895
0.362862
0.311974
0.333298
0.385788
0.500696
0.417483
0.475333
0.441768
0.598163
0.535799
0.624613
0.561895
0.725279
0.751148
0.661616
0.687997
0.849472
0.788219
0.872919
0.813112
0.929602
0.963027
0.982211
0.908061
0.661616
0.751148
0.687997
0.725279
1.02986
1.05845
1.01344
1.0717
0.813112
0.849472
0.872919
0.788219
1.10703
1.13517
1.09725
1.12916
1.17017
1.15362
1.1681
1.15566
0.908061
0.929602
0.982211
0.963027
1.02986
1.0717
1.05845
1.01344
1.1681
1.17228
1.17852
1.17852
1.12916
1.17017
1.15566
1.13517
1.10703
1.09725
1.15362
0.000467454
0.000311305
1.00879e-34
1.09501e-34
1.09501e-34
0.000311305
1.00879e-34
0.000467454
0.0012554
0.000937749
0.00189451
0.00238429
0.00238429
0.00189451
0.0012554
0.000937749
0.00593132
0.00498989
0.00322028
0.00391354
0.00322028
0.00391354
0.00498989
0.00593132
0.0120969
0.010404
0.00859409
0.00732547
0.0167132
0.0227519
0.0197891
0.0144611
0.00859409
0.00732547
0.010404
0.0120969
0.0305867
0.0406112
0.0356742
0.0267319
0.0167132
0.0144611
0.0197891
0.0227519
0.053249
0.0689199
0.0612157
0.047028
0.0305867
0.0267319
0.0356742
0.0406112
0.0880263
0.110938
0.0997229
0.0786518
0.053249
0.047028
0.0612157
0.0689199
0.110938
0.0880263
0.0786518
0.0997229
0.124768
0.154062
0.169331
0.137959
0.137959
0.169331
0.124768
0.154062
0.245583
0.187792
0.205189
0.226052
0.245583
0.187792
0.226052
0.205189
0.268823
0.315968
0.339533
0.290425
0.367227
0.422218
0.44911
0.39257
0.54126
0.57031
0.480435
0.508575
0.315968
0.268823
0.339533
0.290425
0.603972
0.697415
0.667761
0.633536
0.44911
0.422218
0.367227
0.39257
0.480435
0.57031
0.508575
0.54126
0.603972
0.697415
0.667761
0.633536
0.761029
0.731743
0.794985
0.823429
0.883641
0.856517
0.940689
0.915365
1.04157
0.970564
0.993634
1.02119
0.794985
0.823429
0.731743
0.761029
1.11919
1.10532
1.08367
1.06637
0.856517
0.915365
0.883641
0.940689
1.13736
1.14751
1.1681
1.16191
1.18481
1.18062
1.17852
1.18691
1.02119
0.970564
0.993634
1.04157
1.06637
1.08367
1.11919
1.10532
1.17852
1.1681
1.18062
1.18691
1.13736
1.16191
1.14751
2.09761e-36
0.000155483
0.000155483
2.09761e-36
0.00141258
0.000624205
0.000624205
0.00141258
0.00408686
0.00255018
0.00255018
0.00408686
0.00612804
0.00881398
0.00612804
0.00881398
0.012361
0.0170241
0.0231318
0.0310422
0.012361
0.0170241
0.0411618
0.053906
0.0310422
0.0231318
0.069697
0.088939
0.053906
0.0411618
0.111993
0.139174
0.069697
0.088939
0.111993
0.139174
0.170706
0.206743
0.170706
0.206743
0.247309
0.292341
0.292341
0.247309
0.341626
0.394857
0.451574
0.511228
0.636536
0.573134
0.394857
0.341626
0.764347
0.700576
0.511228
0.451574
0.573134
0.636536
0.764347
0.700576
0.826893
0.887238
0.997462
0.944413
1.08767
1.0455
0.826893
0.887238
1.15163
1.12327
0.997462
0.944413
1.18481
1.17228
1.18902
1.18481
1.0455
1.08767
1.12327
1.17228
1.15163
0.124768
0.268823
0.226052
0.000311305
0.154062
0.187792
0.154062
0.187792
0.124768
0.00498989
0.00732547
0.0997229
0.226052
0.0144611
0.0786518
0.0612157
0.268823
0.047028
0.0356742
0.315968
0.0267319
0.0197891
0.367227
0.010404
0.422218
0.480435
0.00322028
0.00189451
0.54126
0.000937749
0.603972
0.667761
0.000311305
0.315968
0.367227
0.731743
0.794985
0.480435
0.856517
0.000937749
0.915365
0.970564
0.00189451
1.02119
1.06637
0.00322028
1.10532
1.13736
0.00498989
0.970564
1.16191
1.02119
1.17852
0.00732547
1.18691
1.18691
0.010404
1.17852
1.16191
0.0144611
1.13736
1.10532
0.0197891
1.06637
0.0267319
0.915365
0.0356742
0.856517
0.794985
0.047028
0.731743
0.667761
0.0612157
0.603972
0.54126
0.0786518
0.422218
0.0997229
1.00879e-34
1.00879e-34
1.09501e-34
0.000467454
0.000467454
1.09501e-34
0.00238429
0.0012554
0.0012554
0.00238429
0.00391354
0.00593132
0.00391354
0.00593132
0.0120969
0.00859409
0.00859409
0.0120969
0.0227519
0.0167132
0.0406112
0.0305867
0.0167132
0.0227519
0.053249
0.0689199
0.0406112
0.0305867
0.110938
0.0880263
0.053249
0.0689199
0.137959
0.169331
0.0880263
0.110938
0.137959
0.169331
0.245583
0.205189
0.245583
0.205189
0.290425
0.339533
0.339533
0.290425
0.44911
0.39257
0.57031
0.508575
0.633536
0.697415
0.39257
0.44911
0.823429
0.761029
0.57031
0.508575
0.697415
0.633536
0.761029
0.823429
0.883641
0.940689
1.04157
0.993634
1.08367
1.11919
0.940689
0.883641
1.1681
1.14751
1.04157
0.993634
1.18481
1.18062
1.18062
1.1681
1.11919
1.08367
1.14751
0.222787
0.184878
0.184878
0.151485
0.222787
0.122513
0.00288411
0.097769
0.0769764
0.265196
0.0597942
0.311974
0.0458335
0.0346792
0.0259077
0.362862
0.0191077
0.417483
0.0138949
0.00992741
0.00691485
0.475333
0.00462496
0.535799
0.00157422
0.000624393
0.598163
0.661616
0.000624393
0.725279
0.265196
0.788219
0.849472
0.362862
0.00157422
0.908061
0.963027
0.535799
1.01344
0.00288411
1.05845
0.00462496
1.09725
1.12916
1.15362
0.849472
0.00691485
1.17017
0.00992741
1.01344
1.17852
1.17852
1.17017
0.0138949
1.15362
0.0191077
1.12916
1.09725
1.05845
0.0259077
0.0346792
0.963027
0.908061
0.0458335
0.788219
0.0597942
0.725279
0.661616
0.598163
0.0769764
0.097769
0.475333
0.417483
0.122513
0.311974
0.151485
3.04639e-34
3.04639e-34
2.17391e-34
0.000781993
0.000781993
2.17391e-34
0.00339377
0.00189901
0.00189901
0.00339377
0.00536313
0.00794007
0.00794007
0.00536313
0.0157948
0.0113341
0.0113341
0.0157948
0.0292454
0.0216468
0.0389964
0.0513156
0.0216468
0.0292454
0.0666269
0.0853375
0.0513156
0.0389964
0.107813
0.134372
0.0853375
0.0666269
0.200595
0.165246
0.107813
0.134372
0.200595
0.165246
0.240448
0.284751
0.284751
0.240448
0.385788
0.333298
0.333298
0.385788
0.500696
0.441768
0.624613
0.561895
0.687997
0.751148
0.500696
0.441768
0.813112
0.872919
0.561895
0.624613
0.751148
0.687997
0.813112
0.872919
0.929602
0.982211
1.02986
1.0717
1.10703
1.13517
0.982211
0.929602
1.1681
1.15566
1.02986
1.0717
1.17228
1.1681
1.15566
1.10703
1.13517
0.216368
0.146435
0.258059
0.000940677
0.118099
0.0939513
0.07371
0.304105
0.0570288
0.00900858
0.0128047
0.354256
0.0435161
0.0327533
0.0243167
0.408139
0.0177944
0.46526
0.00612082
0.525011
0.00391496
0.58668
0.00222501
0.649465
0.712491
0.000940677
0.774831
0.216368
0.835524
0.00222501
0.8936
0.9481
0.998104
0.408139
0.46526
0.00391496
1.04275
0.00612082
1.08125
1.11292
1.13719
0.00900858
0.774831
1.15362
0.0128047
0.8936
0.9481
1.16191
1.16191
1.15362
0.0177944
1.13719
0.0243167
1.11292
1.08125
1.04275
0.0327533
0.998104
0.0435161
0.835524
0.0570288
0.07371
0.712491
0.649465
0.58668
0.0939513
0.525011
0.118099
0.354256
0.146435
0.304105
0.179157
0.258059
0.179157
5.10028e-34
5.10028e-34
3.25495e-34
0.00110025
0.00110025
3.25495e-34
0.00255818
0.0044467
0.00255818
0.0044467
0.00690604
0.010118
0.010118
0.00690604
0.0198869
0.0143447
0.0143447
0.0198869
0.027113
0.0364147
0.0482161
0.0629408
0.027113
0.0364147
0.0809968
0.102763
0.0629408
0.0482161
0.158619
0.128552
0.0809968
0.102763
0.232088
0.193108
0.128552
0.158619
0.232088
0.193108
0.323118
0.27548
0.323118
0.27548
0.374681
0.429754
0.429754
0.374681
0.5481
0.487775
0.672536
0.609963
0.734913
0.796154
0.487775
0.5481
0.855293
0.911361
0.609963
0.672536
0.796154
0.734913
0.855293
0.911361
1.01059
0.963427
1.05203
1.087
1.11489
1.13517
0.963427
1.01059
1.15163
1.14751
1.087
1.05203
1.14751
1.13517
1.11489
0.292597
0.0884461
0.0690161
0.341651
0.0530708
0.0402123
0.394438
0.0300196
0.0220664
0.450473
0.0159425
0.011268
0.509158
0.00770997
0.00499012
0.569791
0.00289217
0.00126099
0.63158
0.693656
0.00126099
0.111713
0.139108
0.755101
0.81496
0.207014
0.872269
0.00289217
0.926075
0.975461
0.00499012
1.01957
1.05762
0.00770997
1.08892
1.11292
0.011268
0.63158
1.12916
0.693656
1.13736
0.0159425
1.13736
1.12916
0.0220664
0.926075
0.975461
1.11292
1.08892
0.0300196
1.05762
1.01957
0.0402123
0.0530708
0.872269
0.81496
0.0690161
0.755101
0.0884461
0.569791
0.111713
0.509158
0.450473
0.139108
0.394438
0.341651
0.170838
0.292597
0.247639
0.207014
0.170838
0.247639
7.17797e-34
7.17797e-34
4.33854e-34
0.00142269
0.00142269
4.33854e-34
0.00554357
0.00323379
0.00323379
0.00554357
0.0124546
0.00853967
0.00853967
0.0124546
0.0243232
0.0176
0.0176
0.0243232
0.0441255
0.033026
0.0580505
0.0752174
0.0441255
0.033026
0.120744
0.0960034
0.0580505
0.0752174
0.183007
0.149685
0.120744
0.0960034
0.262911
0.22076
0.183007
0.149685
0.22076
0.262911
0.35957
0.309274
0.309274
0.35957
0.470144
0.413367
0.413367
0.470144
0.589927
0.529242
0.712671
0.651365
0.772906
0.831111
0.529242
0.589927
0.937631
0.886333
0.651365
0.712671
0.831111
0.772906
0.937631
0.886333
0.984125
1.02498
1.05949
1.087
1.10703
1.11919
1.02498
0.984125
1.11919
1.12327
1.05949
1.10703
1.087
0.0631279
0.0481324
0.376742
0.0361147
0.431344
0.0266479
0.019305
0.0136756
0.488623
0.00938535
0.547888
0.00610754
0.00357544
0.00158542
0.608359
0.669181
0.00158542
0.729441
0.0815047
0.788197
0.844491
0.129791
0.00357544
0.897378
0.945947
0.234264
0.989344
0.00610754
1.02679
0.00938535
1.05762
1.08125
1.09725
0.488623
0.0136756
1.10532
0.019305
0.669181
1.10532
1.09725
1.08125
0.0266479
0.844491
1.05762
0.0361147
1.02679
0.989344
0.945947
0.0481324
0.897378
0.0631279
0.788197
0.729441
0.0815047
0.103626
0.608359
0.547888
0.129791
0.431344
0.160221
0.376742
0.325401
0.277793
0.19504
0.234264
0.19504
0.160221
0.277793
0.103626
0.325401
9.28258e-34
9.28258e-34
5.42387e-34
0.00174902
0.00174902
5.42387e-34
0.00667991
0.00392441
0.00392441
0.00667991
0.0149259
0.0102527
0.0149259
0.0102527
0.0210558
0.0290288
0.0210558
0.0290288
0.0392702
0.0522096
0.0682672
0.0878378
0.0392702
0.0522096
0.138794
0.111254
0.0878378
0.0682672
0.206851
0.170629
0.138794
0.111254
0.292177
0.247413
0.206851
0.170629
0.247413
0.292177
0.393044
0.340849
0.393044
0.340849
0.505775
0.448225
0.505775
0.448225
0.624953
0.564953
0.684891
0.743844
0.854999
0.800864
0.564953
0.624953
0.905328
0.95096
0.743844
0.684891
0.800864
0.854999
0.95096
0.905328
1.02498
0.991093
1.0717
1.05203
1.08367
1.08767
0.991093
1.02498
1.0717
1.08367
1.05203
0.408355
0.0314541
0.463899
0.02284
0.0162016
0.0111318
0.521475
0.00726047
0.580319
0.00427229
0.00191328
0.639588
0.698384
0.00191328
0.755774
0.0563321
0.810812
0.00427229
0.86256
0.910118
0.952636
0.147688
0.180848
0.00726047
0.989344
0.0111318
1.01957
1.04275
1.05845
0.0162016
0.408355
1.06637
0.02284
0.521475
0.580319
1.06637
1.05845
1.04275
0.0314541
0.755774
1.01957
0.0424745
0.989344
0.952636
0.910118
0.0563321
0.86256
0.0734409
0.810812
0.698384
0.0941734
0.639588
0.118844
0.463899
0.147688
0.180848
0.355519
0.305959
0.260128
0.218355
0.218355
0.260128
0.118844
0.305959
0.0941734
0.355519
0.0734409
0.0424745
1.14122e-33
1.14122e-33
6.50837e-34
0.00207811
0.00207811
6.50837e-34
0.00462641
0.0078468
0.00462641
0.0078468
0.0174969
0.0120265
0.0120265
0.0174969
0.0246525
0.0339105
0.0246525
0.0339105
0.0604748
0.0457078
0.100471
0.078609
0.0457078
0.0604748
0.126335
0.156414
0.078609
0.100471
0.190792
0.229471
0.126335
0.156414
0.272301
0.31904
0.229471
0.190792
0.272301
0.31904
0.422566
0.369291
0.422566
0.369291
0.535608
0.478239
0.478239
0.535608
0.652155
0.593866
0.765144
0.70956
0.817971
0.867119
0.593866
0.652155
0.95096
0.911722
0.765144
0.70956
0.817971
0.867119
0.95096
0.911722
1.01059
0.984126
1.04156
1.02986
1.0455
1.04156
0.984126
1.02986
1.01059
0.491153
0.0129273
0.008438
0.548071
0.00497802
0.00224301
0.605503
0.662565
0.00224301
0.0188063
0.0264817
0.718338
0.771886
0.048953
0.822286
0.00497802
0.868643
0.910118
0.008438
0.945947
0.975461
0.0129273
0.998103
1.01344
0.0188063
0.28386
1.02119
0.331324
1.02119
0.0264817
1.01344
0.998103
0.0363842
0.548071
0.605503
0.975461
0.945947
0.048953
0.910118
0.868643
0.0646105
0.822286
0.771886
0.0837448
0.718338
0.662565
0.106685
0.133686
0.491153
0.435572
0.164907
0.382077
0.200405
0.240117
0.240117
0.200405
0.164907
0.28386
0.133686
0.106685
0.331324
0.0837448
0.0646105
0.382077
0.0363842
0.435572
1.35594e-33
1.35594e-33
7.58754e-34
0.00240801
0.00240801
7.58754e-34
0.00903149
0.00533408
0.00533408
0.00903149
0.0138361
0.0201236
0.0201236
0.0138361
0.0388612
0.0283193
0.0283193
0.0388612
0.0521865
0.0687137
0.0888054
0.112775
0.0521865
0.0687137
0.17311
0.140832
0.112775
0.0888054
0.209604
0.25022
0.140832
0.17311
0.294707
0.342723
0.209604
0.25022
0.342723
0.294707
0.447279
0.393773
0.393773
0.447279
0.502536
0.558774
0.558774
0.502536
0.670741
0.61514
0.775951
0.724654
0.867119
0.82373
0.670741
0.61514
0.905329
0.93763
0.775951
0.724654
0.82373
0.867119
0.93763
0.905329
0.963428
0.98221
0.997461
0.993636
0.993636
0.98221
0.963428
0.00568601
0.00257229
0.567639
0.62271
0.00257229
0.676624
0.00962567
0.728461
0.777309
0.0214423
0.00568601
0.822286
0.86256
0.0553929
0.897377
0.00962567
0.926074
0.0147443
0.9481
0.963026
0.970563
0.180962
0.0214423
0.970563
0.0301549
0.304778
0.963026
0.9481
0.926074
0.0413262
0.457601
0.897377
0.0553929
0.86256
0.822286
0.777309
0.0727562
0.728461
0.0937667
0.676624
0.62271
0.567639
0.118699
0.512315
0.147738
0.404306
0.353154
0.180962
0.218338
0.259704
0.218338
0.259704
0.147738
0.304778
0.118699
0.0937667
0.0727562
0.353154
0.404306
0.0413262
0.0301549
0.457601
0.0147443
0.512315
1.57117e-33
1.57117e-33
8.65476e-34
0.00273602
0.00273602
8.65476e-34
0.00603995
0.010218
0.00603995
0.010218
0.0227558
0.0156517
0.0227558
0.0156517
0.0437654
0.0319773
0.0319773
0.0437654
0.0585456
0.0767131
0.124416
0.0985841
0.0585456
0.0767131
0.188411
0.15434
0.0985841
0.124416
0.226529
0.268504
0.15434
0.188411
0.313987
0.362542
0.226529
0.268504
0.313987
0.362542
0.466466
0.413587
0.466466
0.413587
0.574601
0.520411
0.574601
0.520411
0.628156
0.680171
0.775951
0.729735
0.854998
0.817972
0.680171
0.628156
0.886335
0.911361
0.775951
0.729735
0.817972
0.854998
0.911361
0.886335
0.940688
0.929604
0.940688
0.944415
0.929604
0.579611
0.63144
0.00289805
0.00289805
0.681356
0.728461
0.00638797
0.771886
0.810811
0.0240567
0.0337782
0.84449
0.0108062
0.872268
0.0165511
0.893599
0.90806
0.915364
0.129884
0.0240567
0.915364
0.195401
0.234135
0.0337782
0.90806
0.893599
0.872268
0.370819
0.0461624
0.84449
0.0616319
0.810811
0.771886
0.579611
0.728461
0.080556
0.681356
0.103237
0.63144
0.526772
0.129884
0.473808
0.160608
0.421563
0.322281
0.195401
0.276554
0.234135
0.160608
0.276554
0.322281
0.103237
0.080556
0.0616319
0.370819
0.0461624
0.421563
0.0165511
0.473808
0.0108062
0.526772
0.00638797
1.78514e-33
1.78514e-33
9.70149e-34
0.00305874
9.70149e-34
0.00305874
0.0113879
0.00673504
0.00673504
0.0113879
0.0253388
0.0174401
0.0253388
0.0174401
0.0355435
0.0485039
0.0355435
0.0485039
0.0842616
0.0646231
0.13507
0.10768
0.0646231
0.0842616
0.201885
0.166483
0.13507
0.10768
0.283799
0.241085
0.166483
0.201885
0.377927
0.329587
0.241085
0.283799
0.377927
0.329587
0.428163
0.479574
0.428163
0.479574
0.582631
0.531346
0.582631
0.531346
0.632537
0.68017
0.765143
0.724655
0.800866
0.831111
0.632537
0.68017
0.872918
0.855295
0.724655
0.765143
0.800866
0.831111
0.872918
0.855295
0.887237
0.883644
0.883644
0.00321662
0.63144
0.676624
0.718337
0.00707435
0.755773
0.788196
0.0119602
0.814959
0.835523
0.0183134
0.849471
0.856517
0.0675095
0.0265939
0.0878025
0.856517
0.849471
0.0372675
0.835523
0.814959
0.207815
0.247347
0.0507734
0.788196
0.755773
0.0675095
0.718337
0.676624
0.0878025
0.63144
0.58364
0.111897
0.534106
0.483722
0.139933
0.433351
0.383813
0.171937
0.335867
0.290185
0.207815
0.247347
0.171937
0.139933
0.290185
0.111897
0.335867
0.0507734
0.383813
0.0372675
0.0265939
0.433351
0.0183134
0.0119602
0.483722
0.00707435
0.00321662
0.534106
0.58364
1.99564e-33
1.99564e-33
1.07174e-33
0.00337225
0.00337225
1.07174e-33
0.00740929
0.0125211
0.00740929
0.0125211
0.0191661
0.0278163
0.0278163
0.0191661
0.0529587
0.0389337
0.0529587
0.0389337
0.0911577
0.0702612
0.144442
0.115845
0.0702612
0.0911577
0.213151
0.176918
0.144442
0.115845
0.252859
0.295669
0.213151
0.176918
0.341061
0.388436
0.252859
0.295669
0.341061
0.388436
0.43708
0.486223
0.43708
0.486223
0.582631
0.535027
0.582631
0.535027
0.67074
0.628157
0.709561
0.743843
0.796153
0.772908
0.628157
0.67074
0.813115
0.823428
0.709561
0.743843
0.772908
0.796153
0.813115
0.826896
0.823428
0.662565
0.00773464
0.698383
0.729441
0.7551
0.0130672
0.77483
0.0199954
0.788218
0.0289972
0.794984
0.794984
0.0289972
0.0728721
0.788218
0.0405394
0.77483
0.7551
0.148564
0.729441
0.0550433
0.698383
0.0728721
0.662565
0.62271
0.345145
0.57961
0.0943013
0.534106
0.119511
0.487058
0.439331
0.391761
0.148564
0.181407
0.300209
0.257598
0.217854
0.217854
0.181407
0.257598
0.119511
0.0943013
0.300209
0.345145
0.0550433
0.0405394
0.391761
0.0199954
0.439331
0.0130672
0.00773464
0.00352386
0.487058
0.534106
0.00352386
0.57961
0.62271
2.20011e-33
2.20011e-33
1.16909e-33
0.00367222
0.00367222
1.16909e-33
0.0135968
0.00805192
0.00805192
0.0135968
0.0301319
0.0207939
0.0207939
0.0301319
0.0420659
0.0570166
0.0420659
0.0570166
0.0753117
0.0972155
0.152273
0.122855
0.0753117
0.0972155
0.221891
0.185354
0.152273
0.122855
0.303776
0.261516
0.185354
0.221891
0.393767
0.348078
0.303776
0.261516
0.393767
0.348078
0.440081
0.486223
0.440081
0.486223
0.531347
0.574601
0.531347
0.574601
0.615142
0.652154
0.684893
0.71267
0.751147
0.734916
0.615142
0.652154
0.764346
0.761033
0.71267
0.684893
0.751147
0.734916
0.761033
0.00835786
0.639587
0.66918
0.693655
0.014106
0.71249
0.014106
0.0215614
0.725278
0.0312113
0.0435137
0.731742
0.731742
0.0312113
0.725278
0.0998771
0.0435137
0.71249
0.693655
0.66918
0.0588628
0.225233
0.264598
0.639587
0.0775782
0.605503
0.567638
0.526772
0.0998771
0.483722
0.12587
0.439331
0.394436
0.349851
0.15554
0.30634
0.188751
0.188751
0.225233
0.15554
0.264598
0.12587
0.0775782
0.30634
0.0588628
0.349851
0.0215614
0.394436
0.439331
0.00835786
0.0038153
0.483722
0.526772
0.0038153
0.567638
0.605503
2.39575e-33
2.39575e-33
1.26093e-33
0.0039541
0.0039541
1.26093e-33
0.0145939
0.00865186
0.00865186
0.0145939
0.0322317
0.0222883
0.0322317
0.0222883
0.0605733
0.0448627
0.0448627
0.0605733
0.0796412
0.102271
0.128517
0.158345
0.0796412
0.102271
0.227858
0.191555
0.128517
0.158345
0.26681
0.307887
0.191555
0.227858
0.350441
0.393766
0.307887
0.26681
0.393766
0.350441
0.43708
0.479573
0.479573
0.43708
0.520412
0.558773
0.558773
0.520412
0.593869
0.624952
0.651369
0.672534
0.688001
0.697413
0.593869
0.624952
0.697413
0.70058
0.672534
0.651369
0.688001
0.631578
0.015056
0.649463
0.00408635
0.661615
0.0229772
0.667759
0.667759
0.033184
0.033184
0.0461167
0.661615
0.649463
0.0461167
0.631578
0.608358
0.0621334
0.580318
0.548071
0.0815031
0.512314
0.229746
0.473807
0.104379
0.43335
0.391761
0.130798
0.349851
0.308403
0.160666
0.268149
0.193764
0.193764
0.160666
0.229746
0.130798
0.104379
0.268149
0.0815031
0.0621334
0.308403
0.349851
0.0229772
0.015056
0.391761
0.00893295
0.43335
0.473807
0.00408635
0.608358
0.512314
0.548071
0.580318
0.00893295
2.57958e-33
2.57958e-33
1.34595e-33
0.00421328
0.00421328
1.34595e-33
0.0091982
0.0154921
0.0091982
0.0154921
0.0340657
0.0236162
0.0236162
0.0340657
0.0635367
0.0472544
0.0472544
0.0635367
0.106189
0.0831345
0.162489
0.132677
0.0831345
0.106189
0.195346
0.230885
0.162489
0.132677
0.268592
0.307887
0.230885
0.195346
0.348079
0.388435
0.307887
0.268592
0.348079
0.388435
0.466465
0.428165
0.466465
0.428165
0.502538
0.535607
0.535607
0.502538
0.589926
0.564956
0.624611
0.609967
0.636534
0.633541
0.589926
0.564956
0.633541
0.609967
0.624611
0.0158976
0.598161
0.0242109
0.603971
0.603971
0.598161
0.0158976
0.0348682
0.586679
0.0482829
0.56979
0.547887
0.521474
0.0845421
0.0647702
0.491152
0.0845421
0.457601
0.163799
0.421562
0.383813
0.231264
0.107684
0.345145
0.134161
0.30634
0.268149
0.163799
0.196307
0.196307
0.134161
0.107684
0.231264
0.268149
0.0647702
0.0482829
0.0348682
0.30634
0.0242109
0.345145
0.00944916
0.00433243
0.383813
0.421562
0.00433243
0.586679
0.457601
0.491152
0.521474
0.00944916
0.547887
0.56979
2.74861e-33
2.74861e-33
1.42284e-33
0.00444526
0.00444526
1.42284e-33
0.0162727
0.00968051
0.00968051
0.0162727
0.0355899
0.0247474
0.0355899
0.0247474
0.0658299
0.0491806
0.0491806
0.0658299
0.10886
0.0856986
0.16459
0.13522
0.0856986
0.10886
0.230884
0.196622
0.13522
0.16459
0.303775
0.266811
0.230884
0.196622
0.377927
0.341062
0.266811
0.303775
0.341062
0.377927
0.41359
0.447278
0.41359
0.447278
0.478242
0.505774
0.478242
0.505774
0.529246
0.548098
0.5619
0.570308
0.573139
0.570308
0.548098
0.529246
0.5619
0.0252343
0.541258
0.541258
0.00454918
0.535798
0.0362228
0.52501
0.0499578
0.509157
0.0362228
0.0499578
0.488622
0.463897
0.0667045
0.435571
0.0866144
0.404305
0.370819
0.164854
0.335866
0.109704
0.300209
0.135865
0.264598
0.229745
0.196306
0.164854
0.196306
0.135865
0.109704
0.0866144
0.229745
0.0667045
0.264598
0.0252343
0.300209
0.0166128
0.335866
0.00989649
0.370819
0.404305
0.00454918
0.535798
0.435571
0.463897
0.00989649
0.488622
0.509157
0.52501
0.0166128
2.8999e-33
2.8999e-33
1.49034e-33
0.00464584
0.00464584
1.49034e-33
0.0100893
0.0169189
0.0100893
0.0169189
0.036767
0.0256558
0.036767
0.0256558
0.0673928
0.0505926
0.0505926
0.0673928
0.087265
0.110215
0.16459
0.136075
0.110215
0.087265
0.195347
0.227858
0.136075
0.16459
0.295669
0.261517
0.227858
0.195347
0.362541
0.32959
0.295669
0.261517
0.32959
0.362541
0.393776
0.422564
0.393776
0.422564
0.470142
0.448229
0.470142
0.448229
0.48778
0.500694
0.50858
0.511225
0.50858
0.48778
0.500694
0.475332
0.037215
0.465259
0.450471
0.0510986
0.431343
0.408354
0.0678858
0.382076
0.037215
0.353153
0.0876646
0.322281
0.0876646
0.290185
0.110384
0.110384
0.257598
0.225233
0.135865
0.193764
0.163799
0.163799
0.135865
0.193764
0.0678858
0.225233
0.0510986
0.257598
0.0260236
0.0171862
0.290185
0.010266
0.00473258
0.322281
0.353153
0.00473258
0.480433
0.382076
0.480433
0.408354
0.431343
0.010266
0.450471
0.465259
0.0171862
0.475332
0.0260236
3.03073e-33
3.03073e-33
1.54729e-33
0.00481125
0.00481125
1.54729e-33
0.0174166
0.0104163
0.0174166
0.0104163
0.0263204
0.0375683
0.0375683
0.0263204
0.0681846
0.0514544
0.0514544
0.0681846
0.0877918
0.110215
0.13522
0.162489
0.110215
0.0877918
0.221891
0.191556
0.162489
0.13522
0.252861
0.283798
0.221891
0.191556
0.342722
0.31399
0.283798
0.252861
0.31399
0.342722
0.369294
0.393042
0.393042
0.369294
0.413372
0.429752
0.429752
0.413372
0.441773
0.449107
0.451579
0.449107
0.441773
0.0378203
0.394436
0.0516764
0.37674
0.355518
0.331322
0.0176052
0.068283
0.304778
0.0378203
0.0876646
0.276553
0.247346
0.217853
0.109704
0.188751
0.134161
0.160666
0.134161
0.109704
0.160666
0.0876646
0.188751
0.068283
0.0516764
0.217853
0.0265604
0.247346
0.0105501
0.00487917
0.276553
0.304778
0.00487917
0.408138
0.331322
0.355518
0.37674
0.422216
0.0105501
0.394436
0.408138
0.417481
0.0176052
0.0265604
0.422216
0.417481
3.13864e-33
3.13864e-33
1.5927e-33
0.00493832
0.00493832
1.5927e-33
0.0177547
0.0106548
0.0106548
0.0177547
0.0379739
0.0267254
0.0267254
0.0379739
0.0681847
0.0517441
0.0517441
0.0681847
0.10886
0.087265
0.158345
0.132678
0.10886
0.087265
0.213151
0.185356
0.158345
0.132678
0.268502
0.241087
0.213151
0.185356
0.29471
0.319038
0.241087
0.268502
0.29471
0.319038
0.359568
0.340854
0.359568
0.340854
0.374686
0.385785
0.385785
0.374686
0.392575
0.394855
0.392575
0.0516765
0.3254
0.305958
0.283859
0.0678858
0.259703
0.0178604
0.0866144
0.234134
0.0380237
0.207814
0.181406
0.107684
0.15554
0.130798
0.130798
0.107684
0.0866144
0.15554
0.0678858
0.181406
0.0516765
0.0268321
0.207814
0.234134
0.010743
0.00498606
0.259703
0.283859
0.00498606
0.34165
0.305958
0.3254
0.362861
0.367226
0.010743
0.34165
0.354255
0.362861
0.0178604
0.367226
0.0268321
0.354255
0.0380237
3.22154e-33
3.22154e-33
1.62571e-33
0.00502453
0.00502453
1.62571e-33
0.0179258
0.0107998
0.0107998
0.0179258
0.037974
0.0268613
0.037974
0.0268613
0.0673928
0.0514543
0.0514543
0.0673928
0.0856988
0.106188
0.128518
0.152273
0.0856988
0.106188
0.17692
0.201884
0.152273
0.128518
0.226532
0.250218
0.201884
0.17692
0.292175
0.272305
0.250218
0.226532
0.272305
0.292175
0.323116
0.309278
0.309278
0.323116
0.33953
0.333303
0.333303
0.33953
0.341631
0.240116
0.0667046
0.218337
0.00505116
0.1954
0.0845421
0.171937
0.148564
0.104379
0.0378204
0.0510987
0.125869
0.104379
0.125869
0.0845421
0.0667046
0.148564
0.171937
0.0268321
0.0179462
0.1954
0.0108405
0.218337
0.240116
0.00505116
0.260126
0.260126
0.277791
0.277791
0.292596
0.0108405
0.304103
0.311972
0.0179462
0.315966
0.315966
0.0268321
0.311972
0.304103
0.0378204
0.292596
0.0510987
3.27783e-33
3.27783e-33
1.64573e-33
0.00506817
0.00506817
1.64573e-33
0.0108483
0.0179259
0.0108483
0.0179259
0.0375685
0.026725
0.026725
0.0375685
0.0658299
0.0505923
0.0505923
0.0658299
0.0831348
0.102271
0.144442
0.122856
0.102271
0.0831348
0.18841
0.166485
0.144442
0.122856
0.229469
0.209607
0.18841
0.166485
0.262909
0.247417
0.229469
0.209607
0.247417
0.262909
0.284749
0.275485
0.284749
0.275485
0.29043
0.29043
0.292339
0.0647703
0.160608
0.081503
0.139932
0.119511
0.0998768
0.0178606
0.0998768
0.081503
0.119511
0.0647703
0.0499579
0.0372152
0.139932
0.0265606
0.160608
0.0108406
0.00507316
0.180961
0.200404
0.00507316
0.180961
0.218354
0.234263
0.247637
0.234263
0.0108406
0.258058
0.265195
0.268821
0.0178606
0.268821
0.0265606
0.265195
0.258058
0.247637
0.0372152
0.0499579
0.218354
0.200404
3.30637e-33
3.30637e-33
1.65237e-33
0.00506837
0.00506837
1.65237e-33
0.0177551
0.0107992
0.0107992
0.0177551
0.0367673
0.0263196
0.0263196
0.0367673
0.0491802
0.0635368
0.0635368
0.0491802
0.0796416
0.0972152
0.115846
0.135069
0.0796416
0.0972152
0.154343
0.173109
0.115846
0.135069
0.206849
0.190795
0.154343
0.173109
0.220765
0.232085
0.206849
0.190795
0.220765
0.232085
0.245581
0.240453
0.245581
0.240453
0.247314
0.0775781
0.111897
0.0943011
0.0050516
0.0775781
0.0943011
0.0621335
0.111897
0.0482831
0.0362231
0.0260239
0.129884
0.0176055
0.147737
0.0107433
0.164906
0.180847
0.0050516
0.129884
0.195038
0.207012
0.164906
0.180847
0.0107433
0.216367
0.222785
0.22605
0.216367
0.0176055
0.22605
0.0260239
0.222785
0.207012
0.0362231
0.195038
0.0482831
0.147737
0.0621335
3.3066e-33
3.3066e-33
1.64551e-33
0.00502512
0.00502512
1.64551e-33
0.0174172
0.0106536
0.0106536
0.0174172
0.0256547
0.0355903
0.0355903
0.0256547
0.0472538
0.0605733
0.0472538
0.0605733
0.0753122
0.0911573
0.124415
0.107681
0.0911573
0.0753122
0.140834
0.156413
0.124415
0.107681
0.170632
0.183005
0.140834
0.156413
0.193113
0.200593
0.170632
0.183005
0.193113
0.200593
0.206741
0.205194
0.205194
0.0588629
0.0878022
0.0461169
0.0348685
0.103236
0.0252347
0.0171867
0.118698
0.0105507
0.00498694
0.133685
0.147687
0.00498694
0.072872
0.16022
0.0878022
0.170836
0.179156
0.0105507
0.184877
0.187791
0.147687
0.16022
0.0171867
0.187791
0.184877
0.0252347
0.179156
0.170836
0.0348685
0.0461169
0.133685
0.118698
0.0588629
0.103236
0.072872
3.2785e-33
3.2785e-33
1.62527e-33
0.00493928
0.00493928
1.62527e-33
0.0104145
0.0169198
0.0104145
0.0169198
0.0340663
0.0247459
0.0340663
0.0247459
0.0448621
0.0570166
0.0448621
0.0570166
0.0702616
0.0842612
0.112774
0.0985857
0.0842612
0.0702616
0.138793
0.126338
0.112774
0.0985857
0.158617
0.149689
0.138793
0.126338
0.169329
0.165251
0.149689
0.158617
0.169329
0.165251
0.170711
0.0805557
0.0242115
0.0937662
0.0166135
0.0102668
0.00488044
0.106684
0.118844
0.00488044
0.0331845
0.12979
0.139107
0.146434
0.0675094
0.0102668
0.151484
0.15406
0.15406
0.106684
0.0166135
0.151484
0.0242115
0.146434
0.139107
0.12979
0.0331845
0.118844
0.043514
0.0937662
0.0805557
0.0550434
0.0675094
0.0550434
0.043514
3.22264e-33
3.22264e-33
1.59204e-33
0.00481256
0.00481256
1.59204e-33
0.0162738
0.010087
0.010087
0.0162738
0.0236144
0.0322323
0.0322323
0.0236144
0.0420652
0.0529588
0.0529588
0.0420652
0.0767126
0.0646236
0.0888072
0.10047
0.0767126
0.0646236
0.120742
0.111257
0.10047
0.0888072
0.128555
0.134371
0.120742
0.111257
0.139172
0.137963
0.134371
0.128555
0.137963
0.0837443
0.00989754
0.00473423
0.0941727
0.103625
0.00473423
0.0158984
0.111712
0.118098
0.0312118
0.0405397
0.00989754
0.122512
0.124767
0.124767
0.0727559
0.0158984
0.122512
0.0229779
0.118098
0.111712
0.103625
0.0312118
0.0941727
0.0405397
0.0837443
0.0616318
0.0507735
0.0507735
0.0616318
0.0229779
0.0727559
3.14013e-33
3.14013e-33
1.54643e-33
0.00464745
0.00464745
1.54643e-33
0.00967776
0.0154934
0.00967776
0.0154934
0.0301326
0.0222863
0.0301326
0.0222863
0.048504
0.038933
0.048504
0.038933
0.0687132
0.0585461
0.0786107
0.0878367
0.0687132
0.0585461
0.0960062
0.102761
0.0786107
0.0878367
0.107816
0.110937
0.102761
0.0960062
0.111997
0.110937
0.107816
0.081504
0.00455113
0.0884453
0.00455113
0.0939503
0.097768
0.00945038
0.0997219
0.0997219
0.0289977
0.0372678
0.0150569
0.097768
0.0553927
0.0939503
0.0215622
0.0884453
0.081504
0.0289977
0.0734404
0.0646102
0.0372678
0.0461625
0.0461625
0.0553927
0.0215622
0.0150569
0.0646102
0.00945038
0.0734404
3.03258e-33
3.03258e-33
1.48927e-33
0.00444713
1.48927e-33
0.00444713
0.0145953
0.00919508
0.00919508
0.0145953
0.0207917
0.027817
0.0207917
0.027817
0.0437655
0.0355427
0.0355427
0.0437655
0.052187
0.0604743
0.068269
0.0752164
0.0604743
0.052187
0.0809994
0.0853362
0.0752164
0.068269
0.0889376
0.0880293
0.0853362
0.0809994
0.0880293
0.00433464
0.0690154
0.0737093
0.0769756
0.0089343
0.078651
0.014107
0.078651
0.0769756
0.014107
0.0737093
0.0199962
0.0690154
0.0631274
0.0563318
0.0265944
0.0489529
0.0337785
0.0413263
0.0337785
0.0265944
0.0413263
0.0199962
0.0489529
0.0089343
0.00433464
0.0563318
0.0631274
2.90207e-33
2.90207e-33
1.42158e-33
0.00421534
0.00421534
1.42158e-33
0.0135983
0.00864848
0.00864848
0.0135983
0.0253396
0.0191638
0.0191638
0.0253396
0.0388613
0.0319765
0.0388613
0.0319765
0.0522092
0.0457083
0.0629398
0.0580522
0.0457083
0.0522092
0.0666292
0.0689188
0.0629398
0.0580522
0.0696996
0.0666292
0.0689188
0.0597935
0.0083593
0.061215
0.00408875
0.061215
0.0597935
0.0130682
0.0570283
0.0183142
0.0240573
0.0301552
0.0530703
0.0481321
0.0424744
0.0240573
0.0363842
0.0301552
0.0183142
0.0363842
0.0130682
0.0424744
0.0083593
0.0481321
0.0530703
0.00408875
0.0570283
2.75103e-33
2.75103e-33
1.3445e-33
0.00395631
0.00395631
1.3445e-33
0.0125226
0.00804838
0.00804838
0.0125226
0.0174378
0.0227566
0.0174378
0.0227566
0.0283185
0.0339106
0.0339106
0.0283185
0.044125
0.0392707
0.0482176
0.0513148
0.0392707
0.044125
0.053251
0.0539051
0.0513148
0.0482176
0.053251
0.00773612
0.0470275
0.0458331
0.0119613
0.0435157
0.040212
0.0165519
0.0361146
0.0314542
0.0214428
0.026482
0.0214428
0.026482
0.0165519
0.0119613
0.0314542
0.00773612
0.00381782
0.0361146
0.040212
0.00381782
0.0435157
0.0458331
0.0470275
2.58221e-33
2.58221e-33
1.25929e-33
0.00367449
0.00367449
1.25929e-33
0.0113894
0.0074057
0.0074057
0.0113894
0.0156494
0.0201244
0.0156494
0.0201244
0.0246517
0.0290289
0.0246517
0.0290289
0.0330265
0.0364143
0.0406105
0.0389976
0.0364143
0.0330265
0.0406105
0.0411632
0.0389976
0.0346789
0.032753
0.0108072
0.0300195
0.0147451
0.026648
0.0108072
0.0228403
0.0188068
0.0188068
0.0147451
0.0228403
0.00707583
0.00352641
0.026648
0.0300195
0.00352641
0.032753
0.0356738
0.0346789
0.0356738
0.00707583
2.39851e-33
2.39851e-33
0.00337452
1.16727e-33
0.00337452
1.16727e-33
0.0102194
0.00673151
0.00673151
0.0102194
0.0174976
0.0138339
0.0174976
0.0138339
0.0210551
0.0243233
0.0210551
0.0243233
0.0292452
0.0271133
0.0310418
0.0305875
0.0271133
0.0305875
0.0292452
0.00962666
0.0220665
0.012928
0.0193053
0.0162021
0.012928
0.0162021
0.00962666
0.0193053
0.00638941
0.00321913
0.0220665
0.0243166
0.00321913
0.0259076
0.0259076
0.0267317
0.00638941
0.0267317
0.0243166
2.20294e-33
2.20294e-33
1.06975e-33
0.00306094
0.00306094
1.06975e-33
0.00903286
0.00603658
0.00603658
0.00903286
0.0149266
0.0120245
0.0120245
0.0149266
0.0175993
0.0198871
0.0198871
0.0175993
0.0216469
0.0227518
0.0231323
0.0227518
0.0216469
0.0111325
0.0111325
0.00843891
0.013676
0.00568735
0.00290044
0.0159427
0.0177945
0.00290044
0.013676
0.0159427
0.0191077
0.019789
0.019789
0.00568735
0.0191077
0.0177945
0.00843891
1.99847e-33
1.99847e-33
9.67974e-34
0.00273807
0.00273807
9.67974e-34
0.00784804
0.00533098
0.00784804
0.00533098
0.0124552
0.0102509
0.0124552
0.0102509
0.0157949
0.014344
0.014344
0.0157949
0.0167131
0.0170241
0.0167131
0.00497923
0.00257449
0.0112684
0.012805
0.00257449
0.013895
0.00726128
0.0144612
0.0144612
0.0112684
0.00497923
0.013895
0.012805
0.00726128
0.00938595
0.00938595
1.78792e-33
1.78792e-33
8.63122e-34
0.00240987
0.00240987
8.63122e-34
0.00462366
0.00668099
0.00462366
0.00668099
0.0101185
0.00853812
0.0101185
0.00853812
0.0120971
0.0113335
0.0113335
0.0123607
0.0120971
0.00900892
0.00992763
0.00224495
0.00224495
0.0104042
0.0104042
0.00427334
0.00992763
0.00900892
0.00771047
0.00610823
0.00610823
0.00771047
0.00427334
1.57384e-33
1.57384e-33
7.56219e-34
0.00207971
7.56219e-34
0.00207971
0.00392209
0.00554447
0.00392209
0.00554447
0.00794052
0.00690476
0.00794052
0.00690476
0.00881427
0.00859344
0.00859344
0.00191491
0.0073257
0.0073257
0.00691514
0.0035763
0.00612122
0.00499067
0.00499067
0.0035763
0.00191491
0.00612122
0.00691514
1.35846e-33
1.35846e-33
6.48122e-34
0.00175034
0.00175034
6.48122e-34
0.00444742
0.00323192
0.00323192
0.00444742
0.0053621
0.00593172
0.0053621
0.00593172
0.00612734
0.00462527
0.00289283
0.00391538
0.00289283
0.00158672
0.00391538
0.00462527
0.00158672
0.00499014
0.00499014
1.14354e-33
1.14354e-33
5.39492e-34
0.0014237
0.0014237
5.39492e-34
0.0033943
0.00255679
0.00255679
0.0033943
0.00391273
0.00391273
0.00408723
0.00222547
0.00222547
0.00126193
0.00288441
0.00322052
0.00126193
0.00322052
0.00288441
9.30371e-34
9.30371e-34
4.30788e-34
0.00110096
4.30788e-34
0.00110096
0.00189806
0.00238467
0.00189806
0.00238467
0.00254952
0.00189471
0.000941285
0.00189471
0.00157451
0.000941285
0.00157451
7.19698e-34
7.19698e-34
0.000782433
3.22274e-34
0.000782433
3.22274e-34
0.00125483
0.00125483
0.00141284
0.000624711
0.000937899
0.000624711
0.000937899
5.11735e-34
5.11735e-34
2.14048e-34
0.000467681
0.000467681
2.14048e-34
0.000623885
0.00031142
0.00031142
3.0619e-34
3.0619e-34
1.06084e-34
1.06084e-34
0.000155583
3.47577e-37
1.02332e-34
1.02332e-34
