3.73971e-37
1.08894e-34
1.08894e-34
1.12952e-34
3.25791e-34
0.000165584
0.000331437
1.12952e-34
3.25791e-34
0.000331437
2.27913e-34
0.000664769
5.44424e-34
0.000497717
0.000663857
0.000997989
0.000997989
0.000497717
0.000664769
5.44424e-34
2.27913e-34
3.43147e-34
0.00100145
7.65531e-34
0.000832581
0.00167477
0.00201504
0.00133489
0.001503
3.43147e-34
0.00100145
0.00133489
0.00201504
0.00167477
0.000832581
7.65531e-34
4.58684e-34
0.00117131
0.00134229
9.89395e-34
0.00201844
0.00236607
0.0030652
0.00253518
0.00342137
0.0027098
0.00342137
0.00253518
0.00117131
9.89395e-34
0.00134229
4.58684e-34
0.00236607
0.00201844
0.0030652
5.74422e-34
1.21578e-33
0.00151432
0.00168733
0.00271772
0.0030739
0.00415691
0.00360543
0.00168733
1.21578e-33
0.00151432
5.74422e-34
0.00529202
0.0043385
0.00490702
0.00415365
0.00415365
0.00415691
0.00490702
0.00271772
0.00529202
0.00360543
0.0030739
6.90082e-34
0.00203578
1.44388e-33
0.00186126
0.00343361
0.00379792
0.00529315
0.00471943
0.00628431
0.00568417
0.00648425
0.00731861
1.44388e-33
0.00203578
0.00186126
6.90082e-34
0.00343361
0.00529315
0.00379792
0.00471943
0.00648949
0.00774938
0.00628431
0.00774938
0.00648425
0.00731861
0.00568417
8.05175e-34
0.00238598
1.67234e-33
0.0022109
0.00416457
0.00453543
0.0064717
0.00587751
0.00951444
0.00839497
0.00730839
0.00815501
0.0090777
0.0104738
0.0109708
0.00930926
8.05175e-34
0.00238598
1.67234e-33
0.0022109
0.00416457
0.00453543
0.0064717
0.00587751
0.0104738
0.00951444
0.00815501
0.0109708
0.00730839
0.0090777
0.00839497
9.18993e-34
0.00273545
1.89928e-33
0.00256116
0.00490679
0.00528149
0.00768549
0.00707496
0.0099119
0.0118762
0.0106752
0.00902348
0.0119406
0.0134742
0.0146054
0.0127355
0.00256116
9.18993e-34
0.00273545
1.89928e-33
0.0130085
0.0151921
0.0151921
0.0127355
0.00528149
0.00768549
0.00490679
0.00707496
0.0106752
0.0134742
0.0146054
0.0099119
0.00902348
0.0119406
0.0118762
1.03063e-33
0.00308095
2.12238e-33
0.00290915
0.00830252
0.00565432
0.00602916
0.00892321
0.0117393
0.0143858
0.013114
0.0108178
0.0150744
0.0167351
0.0186491
0.0165774
0.0175257
0.020004
0.0207062
0.0178479
2.12238e-33
0.00290915
1.03063e-33
0.00308095
0.00892321
0.00602916
0.00830252
0.00565432
0.0207062
0.020004
0.0175257
0.0165774
0.013114
0.0108178
0.0117393
0.0143858
0.0167351
0.0186491
0.0150744
1.13898e-33
0.0034186
2.33894e-33
0.0032513
0.00639933
0.0101699
0.00954692
0.00676979
0.0032513
0.0034186
2.33894e-33
1.13898e-33
0.0136146
0.0170128
0.015687
0.012672
0.0184528
0.0230653
0.0208138
0.0202201
0.0237624
0.0253786
0.027012
0.0226252
0.0278573
0.0241525
0.0237624
0.0278573
0.00676979
0.0101699
0.00954692
0.00639933
0.0170128
0.0136146
0.015687
0.012672
0.027012
0.0253786
0.0202201
0.0226252
0.0230653
0.0184528
0.0208138
1.24281e-33
0.00374402
2.54598e-33
0.00358346
0.00713248
0.00749338
0.0114076
0.0107916
0.00358346
0.00374402
2.54598e-33
1.24281e-33
0.0155094
0.0197166
0.0183581
0.0145606
0.00749338
0.0107916
0.0114076
0.00713248
0.0220306
0.0238759
0.0253937
0.0277896
0.0304432
0.0312466
0.0340448
0.0282574
0.0370306
0.0322827
0.0360139
0.0318167
0.0318167
0.0370306
0.0360139
0.0304432
0.0145606
0.0197166
0.0155094
0.0183581
0.0340448
0.0253937
0.0277896
0.0238759
0.0220306
0.0282574
0.0312466
1.34077e-33
0.00390108
0.00405252
2.74038e-33
0.00784323
0.008189
0.0126164
0.0120176
0.0173913
0.0224488
0.0210827
0.0164529
0.00390108
0.00405252
2.74038e-33
1.34077e-33
0.0126164
0.008189
0.0120176
0.00784323
0.0257471
0.0276357
0.0327363
0.0302412
0.0173913
0.0210827
0.0164529
0.0224488
0.034335
0.037505
0.04169
0.0377993
0.0404363
0.0420831
0.0450598
0.0474216
0.0486383
0.0420831
0.0426457
0.0486383
0.0404363
0.0450598
0.0474216
0.0377993
0.0276357
0.037505
0.0302412
0.0257471
0.04169
0.034335
0.0327363
1.43148e-33
2.91899e-33
0.00419936
0.00433926
0.00852035
0.00884516
0.0137749
0.0132041
0.0192248
0.0251555
0.0238093
0.0183149
0.00419936
0.00433926
2.91899e-33
1.43148e-33
0.0295303
0.0314228
0.037803
0.0352616
0.0137749
0.00884516
0.0132041
0.00852035
0.0238093
0.0251555
0.0192248
0.0183149
0.0440245
0.0407412
0.0497934
0.0456951
0.0314228
0.0295303
0.0352616
0.037803
0.0530189
0.0498647
0.0588476
0.0548215
0.0549878
0.0616586
0.0556543
0.063103
0.063103
0.0530189
0.0549878
0.0616586
0.0498647
0.0456951
0.0407412
0.0548215
0.0440245
0.0497934
0.0588476
1.51354e-33
0.00459944
3.07874e-33
0.00447345
0.00915227
0.00945033
0.0148614
0.0143295
0.0209734
0.0277796
0.0201103
0.0264821
0.0333001
0.0351546
0.0428761
0.0403463
0.00447345
0.00459944
3.07874e-33
1.51354e-33
0.00945033
0.0148614
0.0143295
0.00915227
0.0581716
0.0506575
0.0473365
0.0539604
0.0277796
0.0209734
0.0264821
0.0201103
0.0403463
0.0333001
0.0351546
0.0428761
0.0710625
0.0648735
0.0599049
0.0650816
0.0473365
0.0581716
0.0506575
0.0539604
0.0709453
0.0686197
0.0791403
0.0758267
0.0808394
0.0717365
0.0709453
0.0808394
0.0648735
0.0710625
0.0650816
0.0686197
0.0791403
0.0758267
0.0599049
1.58562e-33
0.00482846
3.21675e-33
0.00471864
0.00972758
0.0099933
0.0158544
0.0153719
0.0226004
0.0218024
0.0302634
0.0290434
0.0369717
0.0387453
0.0478359
0.0453781
1.58562e-33
3.21675e-33
0.00471864
0.00482846
0.0624009
0.0539665
0.0572444
0.0666215
0.00972758
0.0099933
0.0158544
0.0153719
0.0302634
0.0226004
0.0290434
0.0218024
0.0755912
0.0837733
0.0773754
0.070322
0.0453781
0.0478359
0.0369717
0.0387453
0.0539665
0.0572444
0.0624009
0.0666215
0.0908106
0.0963886
0.0832405
0.0876381
0.0837733
0.0755912
0.070322
0.0773754
0.0912878
0.0903662
0.102234
0.100255
0.0908106
0.102234
0.0963886
0.100255
0.0876381
0.0903662
0.0832405
1.64648e-33
0.00502212
3.33046e-33
0.0049305
0.0102354
0.0104636
0.0167337
0.0163106
0.0233549
0.0240704
0.0325502
0.0314357
0.0404596
0.04211
0.0525616
0.0502361
0.0049305
0.00502212
3.33046e-33
1.64648e-33
0.0708069
0.0604687
0.0636212
0.0749294
0.0102354
0.0163106
0.0167337
0.0104636
0.0966557
0.090214
0.0860826
0.0808565
0.0240704
0.0325502
0.0314357
0.0233549
0.0502361
0.0525616
0.04211
0.0404596
0.106231
0.114418
0.105334
0.098492
0.0749294
0.0604687
0.0636212
0.0708069
0.0966557
0.0860826
0.0808565
0.090214
0.113609
0.11045
0.120879
0.125345
0.105334
0.098492
0.114418
0.106231
0.127625
0.114681
0.113609
0.11045
0.125345
0.120879
0.127625
1.69506e-33
0.00517677
3.41768e-33
0.00510509
0.0106658
0.010852
0.0174806
0.0171259
0.00510509
0.00517677
3.41768e-33
1.69506e-33
0.0247339
0.0253508
0.0345867
0.0336039
0.0436801
0.0451671
0.0569351
0.0548002
0.0828795
0.0789628
0.0666786
0.069625
0.0171259
0.0106658
0.0174806
0.010852
0.0962803
0.103055
0.109369
0.0912352
0.0247339
0.0345867
0.0336039
0.0253508
0.123578
0.121679
0.132753
0.113978
0.0569351
0.0451671
0.0548002
0.0436801
0.0828795
0.069625
0.0666786
0.0789628
0.137361
0.142174
0.14958
0.13148
0.109369
0.0962803
0.0912352
0.103055
0.132753
0.123578
0.113978
0.121679
0.140991
0.142215
0.157286
0.154683
0.137361
0.13148
0.142174
0.14958
0.157286
0.140991
0.154683
1.73047e-33
0.0052894
3.47671e-33
0.00523905
0.0110102
0.0111505
0.0180793
0.0178006
0.0259082
0.0264126
0.0363246
0.0354968
0.00523905
0.0052894
3.47671e-33
1.73047e-33
0.0178006
0.0180793
0.0110102
0.0111505
0.0465545
0.0478413
0.0608456
0.0589556
0.0751001
0.0902621
0.0866549
0.0724366
0.105912
0.115556
0.121571
0.101183
0.0259082
0.0354968
0.0363246
0.0264126
0.136736
0.150895
0.14188
0.129283
0.0465545
0.0589556
0.0478413
0.0608456
0.16356
0.174285
0.152894
0.161916
0.0866549
0.0902621
0.0751001
0.0724366
0.105912
0.115556
0.101183
0.121571
0.172737
0.182687
0.188464
0.168616
0.14188
0.136736
0.150895
0.129283
0.152894
0.174285
0.161916
0.16356
0.174131
0.168616
0.191406
0.191406
0.172737
0.182687
0.188464
1.75205e-33
0.0053578
3.5064e-33
0.00532979
0.0112614
0.011353
0.0185166
0.01832
0.0268511
0.0272313
0.0377221
0.0370693
0.0490116
0.0625963
0.0500663
0.064193
0.00532979
0.0053578
3.5064e-33
1.75205e-33
0.011353
0.01832
0.0185166
0.0112614
0.0370693
0.0377221
0.0272313
0.0268511
0.0799034
0.0968806
0.0936791
0.0775925
0.127375
0.132927
0.110432
0.114716
0.16834
0.159736
0.150986
0.143987
0.0625963
0.0490116
0.064193
0.0500663
0.174103
0.184444
0.198775
0.1866
0.0775925
0.0799034
0.0936791
0.0968806
0.196804
0.220302
0.204356
0.210862
0.132927
0.114716
0.127375
0.110432
0.16834
0.150986
0.159736
0.143987
0.230073
0.208998
0.226779
0.210561
0.174103
0.184444
0.1866
0.198775
0.204356
0.196804
0.230073
0.226779
0.210862
0.208998
0.220302
1.75941e-33
0.00538062
3.50615e-33
0.0053755
0.0114144
0.0114552
0.0187829
0.0186728
0.0275408
0.0277879
0.0387454
0.0382835
0.0053755
0.00538062
3.50615e-33
1.75941e-33
0.05099
0.0668911
0.065629
0.051786
0.0839082
0.102557
0.0998476
0.0820109
0.0186728
0.0187829
0.0114552
0.0114144
0.0382835
0.0387454
0.0277879
0.0275408
0.05099
0.051786
0.065629
0.0668911
0.138189
0.118731
0.143125
0.122454
0.184601
0.176648
0.164033
0.157683
0.194513
0.204237
0.222357
0.210722
0.0998476
0.0820109
0.0839082
0.102557
0.238412
0.236189
0.251905
0.224766
0.118731
0.138189
0.143125
0.122454
0.249803
0.262415
0.269613
0.244629
0.176648
0.184601
0.164033
0.157683
0.222357
0.204237
0.210722
0.194513
0.27327
0.25155
0.249803
0.27327
0.238412
0.224766
0.269613
0.251905
0.236189
0.244629
0.262415
1.75239e-33
0.00535741
3.47596e-33
0.00537527
0.0114658
0.0114551
0.0188722
0.018851
0.0279612
0.0280695
0.0393696
0.0391098
0.05244
0.0529573
0.0688699
0.0679752
0.00537527
0.00535741
3.47596e-33
1.75239e-33
0.0114551
0.018851
0.0188722
0.0114658
0.0870085
0.10714
0.104995
0.0855751
0.128915
0.151883
0.147701
0.125855
0.0280695
0.0279612
0.0391098
0.0393696
0.0679752
0.05244
0.0688699
0.0529573
0.0870085
0.0855751
0.10714
0.104995
0.192144
0.199221
0.175515
0.169991
0.213549
0.222381
0.244363
0.233597
0.264551
0.251706
0.282367
0.267334
0.125855
0.147701
0.128915
0.151883
0.308898
0.297296
0.289358
0.280015
0.169991
0.175515
0.199221
0.192144
0.295084
0.31683
0.320856
0.29701
0.244363
0.233597
0.213549
0.222381
0.251706
0.264551
0.267334
0.282367
0.295084
0.289358
0.320856
0.31683
0.280015
0.297296
0.308898
1.73115e-33
0.00528861
3.41645e-33
0.00532911
0.0114146
0.0113527
0.0187827
0.0188509
0.039528
0.0281025
0.0280694
0.0395793
0.00532911
0.00528861
3.41645e-33
1.73115e-33
0.053325
0.0535504
0.0700782
0.069574
0.0891224
0.110504
0.108981
0.0881907
0.0113527
0.0188509
0.0187827
0.0114146
0.039528
0.0395793
0.0281025
0.0280694
0.133922
0.15896
0.155646
0.131608
0.18511
0.205786
0.180566
0.211789
0.069574
0.0700782
0.0535504
0.053325
0.108981
0.0881907
0.0891224
0.110504
0.15896
0.133922
0.131608
0.155646
0.230671
0.254575
0.264163
0.238361
0.276855
0.28853
0.310814
0.296895
0.328089
0.346795
0.314138
0.330415
0.180566
0.205786
0.211789
0.18511
0.338355
0.344633
0.359498
0.368171
0.230671
0.264163
0.254575
0.238361
0.372569
0.372569
0.346749
0.344633
0.28853
0.310814
0.276855
0.296895
0.368171
0.359498
0.330415
0.314138
0.346795
0.338355
0.328089
1.69606e-33
0.00517562
3.32878e-33
0.00523794
0.011262
0.01115
0.0185163
0.0186723
0.0393695
0.0395279
0.0279613
0.0277877
0.0536225
0.0535504
0.0704845
0.0703839
0.00523794
0.00517562
3.32878e-33
1.69606e-33
0.01115
0.0186723
0.0185163
0.011262
0.0901935
0.11256
0.111701
0.0897884
0.137338
0.164159
0.161805
0.135834
0.0395279
0.0393695
0.0277877
0.0279613
0.0703839
0.0536225
0.0704845
0.0535504
0.192551
0.22195
0.189113
0.21719
0.245394
0.273057
0.281194
0.251723
0.0901935
0.0897884
0.11256
0.111701
0.135834
0.161805
0.164159
0.137338
0.189113
0.21719
0.22195
0.192551
0.299492
0.324023
0.309662
0.336427
0.346014
0.382204
0.360816
0.364876
0.400035
0.38011
0.41384
0.391295
0.245394
0.273057
0.251723
0.281194
0.428023
0.398135
0.400433
0.423253
0.299492
0.309662
0.336427
0.324023
0.398135
0.428023
0.423253
0.391295
0.364876
0.360816
0.346014
0.382204
0.400035
0.38011
0.41384
1.6478e-33
0.00502064
3.21468e-33
0.00510358
0.0110109
0.0108514
0.0180788
0.0183193
0.027231
0.0387452
0.0391095
0.027541
0.00510358
0.00502064
3.21468e-33
1.6478e-33
0.053325
0.0529572
0.0700782
0.0703839
0.0901935
0.113251
0.0903257
0.113079
0.0108514
0.0183193
0.0180788
0.0110109
0.0391095
0.0387452
0.027541
0.027231
0.13907
0.167338
0.166009
0.138416
0.226036
0.19763
0.229418
0.195395
0.0529572
0.053325
0.0700782
0.0703839
0.0903257
0.113079
0.113251
0.0901935
0.257301
0.262091
0.288516
0.29497
0.318967
0.327341
0.358466
0.347935
0.13907
0.167338
0.138416
0.166009
0.229418
0.19763
0.195395
0.226036
0.29497
0.257301
0.288516
0.262091
0.374719
0.398651
0.387619
0.414099
0.45653
0.437261
0.435637
0.419134
0.455134
0.471426
0.481571
0.447745
0.318967
0.358466
0.327341
0.347935
0.455134
0.486709
0.457622
0.486709
0.414099
0.398651
0.374719
0.387619
0.447745
0.45653
0.437261
0.471426
0.481571
0.419134
0.435637
1.58723e-33
0.0048267
3.07632e-33
0.00492864
0.0106668
0.0177996
0.0104629
0.01748
0.0264121
0.0377219
0.0382831
0.0268515
0.00492864
0.0048267
3.07632e-33
1.58723e-33
0.0524401
0.0517859
0.0688699
0.0695739
0.0104629
0.0177996
0.01748
0.0106668
0.0891224
0.0897884
0.11256
0.113079
0.13907
0.168407
0.16814
0.139285
0.0268515
0.0382831
0.0377219
0.0264121
0.0517859
0.0695739
0.0524401
0.0688699
0.232075
0.200206
0.233985
0.199235
0.269169
0.266055
0.3051
0.300512
0.0897884
0.11256
0.113079
0.0891224
0.16814
0.168407
0.13907
0.139285
0.334723
0.3763
0.367944
0.341061
0.441554
0.399425
0.410049
0.428434
0.233985
0.200206
0.199235
0.232075
0.266055
0.300512
0.3051
0.269169
0.334723
0.341061
0.367944
0.3763
0.476364
0.45429
0.470091
0.494996
0.515678
0.531643
0.507135
0.494127
0.548005
0.517741
0.542506
0.515075
0.428434
0.410049
0.399425
0.441554
0.548005
0.515075
0.542506
0.507135
0.531643
0.476364
0.515678
0.45429
0.494127
0.470091
0.494996
1.51542e-33
0.00459744
2.91628e-33
0.00471649
0.00471649
0.00459744
2.91628e-33
1.51542e-33
0.0102366
0.0167329
0.0171247
0.00999243
0.0253503
0.0363243
0.0370688
0.0259087
0.0509901
0.0500661
0.066891
0.0679751
0.0171247
0.0167329
0.0102366
0.00999243
0.0881907
0.0870086
0.110504
0.111701
0.0370688
0.0363243
0.0253503
0.0259087
0.137338
0.167338
0.16814
0.138416
0.200206
0.235522
0.235138
0.200527
0.0500661
0.0679751
0.0509901
0.066891
0.0870086
0.110504
0.0881907
0.111701
0.271408
0.272759
0.311295
0.308703
0.346309
0.350431
0.383474
0.389415
0.167338
0.137338
0.138416
0.16814
0.200206
0.200527
0.235138
0.235522
0.419418
0.427462
0.463775
0.453362
0.484556
0.528115
0.497574
0.512287
0.271408
0.308703
0.272759
0.311295
0.346309
0.389415
0.350431
0.383474
0.419418
0.463775
0.453362
0.427462
0.576771
0.554911
0.535925
0.554715
0.605337
0.593776
0.568807
0.577275
0.577275
0.580123
0.611186
0.611186
0.484556
0.512287
0.528115
0.497574
0.605337
0.554911
0.568807
0.593776
0.554715
0.576771
0.535925
1.43361e-33
0.0043371
2.73745e-33
0.00447107
0.00972892
0.00944937
0.0158536
0.0163092
0.00447107
0.0043371
2.73745e-33
1.43361e-33
0.0163092
0.0158536
0.00972892
0.00944937
0.0240698
0.0345863
0.0354962
0.0247344
0.0490117
0.0478411
0.064193
0.0656289
0.085575
0.0839082
0.10714
0.108982
0.0247344
0.0240698
0.0354962
0.0345863
0.133922
0.16416
0.166009
0.135834
0.0656289
0.064193
0.0490117
0.0478411
0.197631
0.233985
0.235138
0.199235
0.273209
0.31338
0.312858
0.272759
0.085575
0.10714
0.0839082
0.108982
0.16416
0.166009
0.133922
0.135834
0.355184
0.397438
0.353396
0.394082
0.434123
0.439355
0.48012
0.472715
0.233985
0.199235
0.235138
0.197631
0.272759
0.312858
0.273209
0.31338
0.509054
0.518911
0.554925
0.542362
0.597061
0.615634
0.571917
0.5874
0.394082
0.353396
0.355184
0.397438
0.439355
0.434123
0.48012
0.472715
0.509054
0.554925
0.542362
0.518911
0.657019
0.639013
0.617238
0.631983
0.643987
0.640971
0.669252
0.675437
0.640971
0.675437
0.631983
0.669252
0.571917
0.617238
0.615634
0.5874
0.639013
0.657019
0.597061
1.34313e-33
0.00419683
0.00405025
2.54289e-33
0.00915373
0.00884413
0.0148605
0.0153704
0.0225997
0.0325497
0.0336031
0.0233556
0.00419683
0.00405025
2.54289e-33
1.34313e-33
0.00884413
0.0153704
0.0148605
0.00915373
0.0336031
0.0325497
0.0225997
0.0233556
0.0465546
0.0451668
0.0608455
0.0625963
0.0820107
0.0799035
0.102557
0.104995
0.131608
0.128915
0.15896
0.161806
0.0451668
0.0625963
0.0465546
0.0608455
0.192552
0.229419
0.232076
0.195395
0.0820107
0.102557
0.104995
0.0799035
0.312858
0.271408
0.26917
0.311295
0.400138
0.35578
0.355184
0.399462
0.128915
0.131608
0.161806
0.15896
0.195395
0.232076
0.229419
0.192552
0.443119
0.490119
0.485935
0.445388
0.527076
0.574649
0.533487
0.565713
0.312858
0.271408
0.26917
0.311295
0.400138
0.355184
0.399462
0.35578
0.647099
0.632354
0.612779
0.601055
0.676893
0.658949
0.680258
0.701532
0.443119
0.490119
0.485935
0.445388
0.527076
0.574649
0.533487
0.565713
0.632354
0.601055
0.647099
0.612779
0.695826
0.733365
0.705302
0.720492
0.739871
0.739871
0.708488
0.705302
0.695826
0.701532
0.720492
0.733365
0.676893
0.680258
0.658949
1.24537e-33
2.33578e-33
0.00389847
0.00374172
0.00852187
0.00818794
0.013774
0.0143278
0.0209727
0.0302629
0.0314349
0.0218031
0.00389847
0.00374172
2.33578e-33
1.24537e-33
0.0436803
0.0421097
0.056935
0.0589555
0.00818794
0.0143278
0.013774
0.00852187
0.0218031
0.0209727
0.0314349
0.0302629
0.0421097
0.0589555
0.056935
0.0436803
0.0775923
0.0751002
0.0968808
0.099848
0.122455
0.151884
0.155647
0.125854
0.185111
0.22195
0.226037
0.189113
0.0775923
0.099848
0.0968808
0.0751002
0.266054
0.3051
0.308704
0.262091
0.151884
0.155647
0.122455
0.125854
0.350432
0.397438
0.353395
0.399462
0.493484
0.446146
0.445389
0.492641
0.22195
0.185111
0.189113
0.226037
0.308704
0.266054
0.3051
0.262091
0.581666
0.538101
0.540882
0.586716
0.630119
0.659761
0.622492
0.670249
0.350432
0.397438
0.353395
0.399462
0.493484
0.445389
0.446146
0.492641
0.737575
0.720684
0.70631
0.69272
0.763405
0.743076
0.759415
0.783264
0.538101
0.586716
0.581666
0.540882
0.670249
0.659761
0.622492
0.630119
0.69272
0.720684
0.70631
0.737575
0.7727
0.769364
0.796739
0.803548
0.803548
0.769364
0.759415
0.783264
0.796739
0.763405
0.743076
1.14172e-33
0.00341633
2.11922e-33
0.00358085
0.00358085
0.00341633
2.11922e-33
1.14172e-33
0.00784478
0.00749233
0.0126154
0.0132024
0.0192241
0.0277791
0.0290425
0.020111
0.0404598
0.038745
0.0525615
0.0548001
0.0132024
0.0126154
0.00784478
0.00749233
0.0724364
0.069625
0.0902624
0.0936796
0.0290425
0.0192241
0.0277791
0.020111
0.0525615
0.038745
0.0548001
0.0404598
0.0724364
0.0936796
0.0902624
0.069625
0.118731
0.114716
0.143125
0.147702
0.175516
0.211789
0.217191
0.180565
0.257301
0.300513
0.251724
0.294971
0.143125
0.147702
0.114716
0.118731
0.341062
0.394082
0.346309
0.389416
0.175516
0.180565
0.217191
0.211789
0.490119
0.492642
0.443118
0.439356
0.58976
0.541811
0.590777
0.540882
0.300513
0.257301
0.251724
0.294971
0.394082
0.346309
0.341062
0.389416
0.638916
0.684413
0.678486
0.635607
0.72641
0.752081
0.764096
0.717569
0.439356
0.443118
0.492642
0.490119
0.590777
0.540882
0.541811
0.58976
0.823671
0.796733
0.804734
0.781336
0.821804
0.832186
0.858405
0.844368
0.635607
0.638916
0.678486
0.684413
0.717569
0.72641
0.764096
0.752081
0.796733
0.823671
0.781336
0.804734
0.835674
0.865496
0.865496
0.832186
0.844368
0.858405
0.821804
1.03353e-33
0.00307879
1.89619e-33
0.00324877
1.03353e-33
0.00324877
0.00307879
1.89619e-33
0.007134
0.00676876
0.0114067
0.0120159
0.0120159
0.0114067
0.007134
0.00676876
0.0183156
0.0173905
0.025155
0.0264812
0.0369719
0.0351543
0.0478359
0.050236
0.0666784
0.0636213
0.0828798
0.0866554
0.0264812
0.025155
0.0173905
0.0183156
0.110431
0.105912
0.132927
0.13819
0.0351543
0.050236
0.0478359
0.0369719
0.0666784
0.0866554
0.0828798
0.0636213
0.105912
0.110431
0.13819
0.132927
0.164034
0.199222
0.205787
0.16999
0.245393
0.281195
0.238362
0.288517
0.383475
0.334722
0.327341
0.3763
0.164034
0.199222
0.205787
0.16999
0.485936
0.427462
0.434123
0.48012
0.238362
0.288517
0.281195
0.245393
0.586716
0.58976
0.533488
0.5381
0.638916
0.687986
0.68918
0.640021
0.383475
0.3763
0.327341
0.334722
0.434123
0.485936
0.427462
0.48012
0.780323
0.732772
0.736607
0.773533
0.819505
0.853404
0.839933
0.809489
0.586716
0.5381
0.533488
0.58976
0.640021
0.687986
0.638916
0.68918
0.864271
0.882009
0.902829
0.881361
0.892801
0.896419
0.917382
0.924732
0.736607
0.732772
0.773533
0.780323
0.853404
0.809489
0.839933
0.819505
0.924732
0.864271
0.917382
0.892801
0.882009
0.902829
0.881361
0.00290678
0.00273347
1.66937e-33
9.22046e-34
9.22046e-34
0.00273347
1.66937e-33
0.00290678
0.00640079
0.0060282
0.010169
0.01079
0.00640079
0.0060282
0.01079
0.010169
0.0155087
0.0224483
0.0238084
0.0164537
0.0238084
0.0224483
0.0155087
0.0164537
0.0333003
0.0314226
0.042876
0.045378
0.0604684
0.0572445
0.0749297
0.0789634
0.101182
0.0962807
0.121572
0.127376
0.042876
0.0314226
0.045378
0.0333003
0.157682
0.150986
0.184602
0.192145
0.0572445
0.0604684
0.0789634
0.0749297
0.121572
0.101182
0.127376
0.0962807
0.157682
0.192145
0.184602
0.150986
0.273059
0.23067
0.222382
0.264164
0.367945
0.318966
0.358467
0.309662
0.472716
0.41005
0.463775
0.419417
0.273059
0.264164
0.23067
0.222382
0.581667
0.518912
0.574649
0.527075
0.367945
0.309662
0.318966
0.358467
0.630119
0.684413
0.635607
0.687986
0.784417
0.785785
0.73789
0.736607
0.472716
0.463775
0.41005
0.419417
0.518912
0.527075
0.581667
0.574649
0.83106
0.871597
0.863984
0.826715
0.906639
0.920708
0.93552
0.895521
0.635607
0.684413
0.687986
0.630119
0.736607
0.73789
0.784417
0.785785
0.939066
0.957685
0.972706
0.950222
0.950222
0.95397
0.980291
0.980291
0.863984
0.826715
0.871597
0.83106
0.906639
0.93552
0.920708
0.972706
0.957685
0.895521
0.939066
0.00255902
0.00238423
1.44109e-33
8.08361e-34
0.00954535
0.00892238
0.00565566
0.00528062
8.08361e-34
0.00238423
1.44109e-33
0.00255902
0.00565566
0.00528062
0.00892238
0.00954535
0.0136139
0.0197161
0.0210819
0.0145613
0.0197161
0.0136139
0.0145613
0.0210819
0.0295305
0.0276354
0.0378029
0.0403462
0.0276354
0.0403462
0.0378029
0.0295305
0.0539663
0.0506576
0.0666218
0.0708075
0.0912345
0.0860831
0.10937
0.115557
0.136736
0.168341
0.17665
0.143986
0.0506576
0.0539663
0.0708075
0.0666218
0.213548
0.204238
0.244364
0.254577
0.0860831
0.10937
0.0912345
0.115557
0.168341
0.143986
0.17665
0.136736
0.204238
0.254577
0.213548
0.244364
0.288531
0.299491
0.336428
0.347937
0.453364
0.38762
0.441555
0.399423
0.554926
0.497574
0.565714
0.509053
0.347937
0.336428
0.288531
0.299491
0.61278
0.678486
0.670249
0.622491
0.38762
0.399423
0.453364
0.441555
0.780323
0.72641
0.784417
0.732772
0.832513
0.877721
0.876187
0.83106
0.565714
0.554926
0.509053
0.497574
0.678486
0.622491
0.61278
0.670249
0.947152
0.914643
0.919465
0.955524
0.985225
0.973112
1.00801
0.992015
0.780323
0.732772
0.72641
0.784417
0.832513
0.877721
0.876187
0.83106
1.00736
1.02345
1.00351
1.03124
1.00351
1.02345
0.992015
1.03124
0.947152
0.919465
0.955524
0.914643
1.00801
0.985225
0.973112
0.00220906
0.0020343
1.21322e-33
6.93391e-34
0.00830109
0.00768475
0.00490797
0.00453468
6.93391e-34
0.0020343
1.21322e-33
0.00220906
0.0183573
0.0170123
0.0117387
0.0126727
0.00490797
0.00453468
0.00768475
0.00830109
0.0117387
0.0170123
0.0183573
0.0126727
0.0257473
0.0238756
0.0327362
0.0352615
0.0352615
0.0327362
0.0257473
0.0238756
0.0473363
0.0440246
0.0581719
0.0624014
0.0473363
0.0624014
0.0581719
0.0440246
0.0808558
0.0755917
0.0966564
0.103056
0.129282
0.12168
0.150896
0.159737
0.194512
0.184445
0.222358
0.233599
0.0966564
0.0808558
0.103056
0.0755917
0.324025
0.276854
0.310816
0.264552
0.12168
0.150896
0.159737
0.129282
0.184445
0.233599
0.222358
0.194512
0.324025
0.264552
0.276854
0.310816
0.4141
0.360817
0.428436
0.374718
0.528116
0.542363
0.470092
0.484554
0.659762
0.5874
0.6471
0.601054
0.360817
0.428436
0.4141
0.374718
0.706311
0.764097
0.773533
0.717568
0.470092
0.528116
0.542363
0.484554
0.819506
0.871598
0.826715
0.876187
0.921079
0.919465
0.96057
0.962257
0.601054
0.5874
0.659762
0.6471
0.773533
0.717568
0.764097
0.706311
1.02057
1.02961
0.999199
0.993945
1.05175
1.03997
1.05294
1.06874
0.826715
0.871598
0.819506
0.876187
0.962257
0.921079
0.919465
0.96057
1.0557
1.05175
1.07671
1.07671
1.02057
0.999199
1.03997
1.06874
0.993945
1.02961
1.05294
0.00185975
0.00168615
9.87077e-34
5.77843e-34
0.00707372
0.00647106
0.00416557
0.0037973
5.77843e-34
0.00168615
9.87077e-34
0.00185975
0.0156862
0.0143854
0.00991138
0.0108184
0.00416557
0.0037973
0.00647106
0.00707372
0.0302411
0.0277895
0.0220307
0.0202198
0.00991138
0.0143854
0.0156862
0.0108184
0.0220307
0.0202198
0.0277895
0.0302411
0.040741
0.0375051
0.0497937
0.0539609
0.040741
0.0539609
0.0497937
0.0375051
0.0703214
0.065082
0.0837739
0.0902151
0.065082
0.0703214
0.0902151
0.0837739
0.106232
0.132754
0.141881
0.113977
0.174101
0.163561
0.198776
0.210724
0.251705
0.296898
0.238413
0.282369
0.106232
0.141881
0.132754
0.113977
0.330417
0.398653
0.382205
0.346012
0.163561
0.198776
0.210724
0.174101
0.282369
0.238413
0.296898
0.251705
0.382205
0.330417
0.346012
0.398653
0.512289
0.437262
0.494997
0.454288
0.554717
0.632355
0.615635
0.571916
0.676894
0.737576
0.752082
0.69272
0.494997
0.512289
0.437262
0.454288
0.853405
0.796733
0.809488
0.863984
0.632355
0.571916
0.554717
0.615635
0.90664
0.955524
0.914642
0.96057
1.03689
1.00096
0.999199
1.03506
0.752082
0.676894
0.69272
0.737576
0.853405
0.809488
0.863984
0.796733
1.06228
1.08208
1.09168
1.0679
1.10778
1.09411
1.09815
1.11591
0.96057
0.90664
0.955524
0.914642
1.00096
1.03506
0.999199
1.03689
1.0679
1.08208
1.09168
1.09411
1.11591
1.10778
1.06228
0.00151317
0.00134142
7.6346e-34
4.62205e-34
0.00587648
0.00529264
0.0034344
0.00307342
4.62205e-34
0.00134142
7.6346e-34
0.00151317
0.0131134
0.0118758
0.00815456
0.00902397
0.0034344
0.00307342
0.00529264
0.00587648
0.0253935
0.0230652
0.018453
0.0167348
0.00815456
0.0118758
0.0131134
0.00902397
0.0343348
0.0456955
0.0416902
0.0312467
0.018453
0.0167348
0.0230652
0.0253935
0.0343348
0.0312467
0.0416902
0.0456955
0.0599042
0.0548219
0.0710631
0.0773765
0.0599042
0.0773765
0.0548219
0.0710631
0.098491
0.0908113
0.114419
0.12358
0.114419
0.0908113
0.098491
0.12358
0.152892
0.142175
0.174286
0.186602
0.267336
0.224764
0.210863
0.251906
0.346796
0.364879
0.297297
0.314137
0.142175
0.186602
0.174286
0.152892
0.400037
0.456532
0.476366
0.419132
0.251906
0.210863
0.267336
0.224764
0.346796
0.297297
0.364879
0.314137
0.400037
0.456532
0.419132
0.476366
0.597063
0.576772
0.515679
0.535924
0.639014
0.701533
0.720686
0.658947
0.823671
0.781335
0.839934
0.763405
0.597063
0.576772
0.515679
0.535924
0.895521
0.881362
0.947153
0.93552
0.701533
0.658947
0.639014
0.720686
1.02961
0.985226
0.993945
1.03506
1.0994
1.09747
1.06978
1.0679
0.763405
0.823671
0.781335
0.839934
0.93552
0.947153
0.895521
0.881362
1.12986
1.13989
1.11762
1.12355
1.13396
1.14814
1.14814
1.12986
0.993945
1.02961
1.03506
0.985226
1.09747
1.13989
1.06978
1.0994
1.12355
1.11762
1.0679
0.0011705
0.00100088
5.42581e-34
3.46755e-34
3.46755e-34
0.00100088
5.42581e-34
0.0011705
0.00471862
0.00415651
0.0027183
0.00236572
0.0106746
0.00951413
0.00648389
0.0073088
0.0027183
0.00236572
0.00415651
0.00471862
0.013474
0.0208137
0.018649
0.0150745
0.00648389
0.00951413
0.0106746
0.0073088
0.0282572
0.0377997
0.034045
0.0253786
0.0150745
0.013474
0.018649
0.0208137
0.0498642
0.0648745
0.0588481
0.0450601
0.0282572
0.0253786
0.034045
0.0377997
0.0498642
0.0450601
0.0588481
0.0648745
0.0832395
0.0758274
0.0963894
0.105336
0.0832395
0.105336
0.0963894
0.0758274
0.131478
0.12088
0.149581
0.161918
0.161918
0.12088
0.149581
0.131478
0.236192
0.196802
0.220304
0.182689
0.262417
0.280013
0.328092
0.308899
0.359499
0.43564
0.413841
0.380108
0.220304
0.182689
0.236192
0.196802
0.471427
0.554913
0.531644
0.494126
0.262417
0.308899
0.280013
0.328092
0.413841
0.359499
0.43564
0.380108
0.554913
0.471427
0.531644
0.494126
0.68026
0.593777
0.65702
0.617236
0.783264
0.720493
0.804735
0.743075
0.86427
0.844368
0.902829
0.920709
0.593777
0.65702
0.68026
0.617236
0.957686
1.02057
0.973112
1.00801
0.720493
0.804735
0.743075
0.783264
1.05294
1.09168
1.06228
1.09747
1.14797
1.12355
1.12553
1.14594
0.86427
0.920709
0.902829
0.844368
0.973112
1.00801
0.957686
1.02057
1.17284
1.16251
1.15835
1.1645
1.1645
1.14594
1.15835
1.17284
1.09168
1.06228
1.05294
1.09747
1.12553
1.14797
1.12355
2.31587e-34
0.000664453
3.24132e-34
0.000832099
0.000832099
0.000664453
3.24132e-34
2.31587e-34
0.00360483
0.00306491
0.00201881
0.00167454
0.00201881
0.00167454
0.00306491
0.00360483
0.00839447
0.00731834
0.00490673
0.00568449
0.0165772
0.0146053
0.0119407
0.0104736
0.00490673
0.00731834
0.00568449
0.00839447
0.0226251
0.0304435
0.0270121
0.0200039
0.0119407
0.0104736
0.0146053
0.0165772
0.0404358
0.0530198
0.0360141
0.047422
0.0226251
0.0200039
0.0270121
0.0304435
0.0686188
0.0876396
0.079141
0.0616591
0.0404358
0.0360141
0.047422
0.0530198
0.0686188
0.0616591
0.079141
0.0876396
0.110449
0.100256
0.125346
0.137363
0.110449
0.137363
0.100256
0.125346
0.154685
0.188465
0.168615
0.204358
0.154685
0.204358
0.188465
0.168615
0.269614
0.289361
0.226781
0.244628
0.316831
0.391298
0.338354
0.368172
0.423254
0.481572
0.507138
0.447743
0.269614
0.226781
0.289361
0.244628
0.542508
0.631985
0.605339
0.568805
0.368172
0.316831
0.338354
0.391298
0.507138
0.423254
0.481572
0.447743
0.605339
0.542508
0.631985
0.568805
0.733366
0.759416
0.669253
0.695825
0.858405
0.79674
0.88201
0.821803
0.939065
0.972707
0.992016
0.917383
0.669253
0.759416
0.695825
0.733366
1.03997
1.06874
1.02345
1.08208
0.821803
0.858405
0.88201
0.79674
1.11762
1.14594
1.10778
1.13989
1.18116
1.1645
1.17907
1.16656
0.917383
0.939065
0.992016
0.972707
1.03997
1.08208
1.06874
1.02345
1.17907
1.18327
1.18956
1.18956
1.13989
1.18116
1.16656
1.14594
1.11762
1.10778
1.1645
0.000497489
0.000331301
1.07346e-34
1.16656e-34
1.16656e-34
0.000331301
1.07346e-34
0.000497489
0.00133509
0.000997848
0.00201483
0.00253477
0.00253477
0.00201483
0.00133509
0.000997848
0.00628388
0.00529178
0.00342114
0.00415389
0.00342114
0.00415389
0.00529178
0.00628388
0.0127352
0.0109706
0.00907788
0.00774916
0.0175257
0.0237626
0.0207062
0.015192
0.00907788
0.00774916
0.0109706
0.0127352
0.0318164
0.0420838
0.0370309
0.0278575
0.0175257
0.015192
0.0207062
0.0237626
0.054987
0.0709466
0.0631037
0.0486387
0.0318164
0.0278575
0.0370309
0.0420838
0.0903651
0.113611
0.102235
0.0808402
0.054987
0.0486387
0.0631037
0.0709466
0.113611
0.0903651
0.0808402
0.102235
0.127626
0.157287
0.172739
0.140989
0.140989
0.172739
0.127626
0.157287
0.249806
0.191407
0.208996
0.230075
0.249806
0.191407
0.230075
0.208996
0.273271
0.320857
0.344636
0.295082
0.372571
0.428024
0.455137
0.398133
0.548006
0.577277
0.48671
0.515074
0.320857
0.273271
0.344636
0.295082
0.611187
0.705304
0.675439
0.64097
0.455137
0.428024
0.372571
0.398133
0.48671
0.577277
0.515074
0.548006
0.611187
0.705304
0.675439
0.64097
0.769362
0.739873
0.803549
0.832187
0.892801
0.865496
0.950223
0.924733
1.05175
0.980291
1.00351
1.03124
0.803549
0.832187
0.739873
0.769362
1.12986
1.11591
1.09411
1.07671
0.865496
0.924733
0.892801
0.950223
1.14814
1.15835
1.17907
1.17284
1.19588
1.19166
1.18956
1.198
1.03124
0.980291
1.00351
1.05175
1.07671
1.09411
1.12986
1.11591
1.18956
1.17907
1.19166
1.198
1.14814
1.17284
1.15835
2.25574e-36
0.000165501
0.000165501
2.25574e-36
0.00150273
0.000663953
0.000663953
0.00150273
0.0043381
0.00270998
0.00270998
0.0043381
0.00648969
0.00930894
0.00648969
0.00930894
0.0130086
0.0178479
0.0241522
0.0322832
0.0130086
0.0178479
0.0426451
0.0556553
0.0322832
0.0241522
0.0717356
0.0912894
0.0556553
0.0426451
0.114679
0.142217
0.0717356
0.0912894
0.114679
0.142217
0.174129
0.210564
0.174129
0.210564
0.251548
0.297013
0.297013
0.251548
0.346747
0.400435
0.45762
0.517743
0.643989
0.580122
0.400435
0.346747
0.772702
0.708487
0.517743
0.45762
0.580122
0.643989
0.772702
0.708487
0.835673
0.896421
1.00736
0.953969
1.09815
1.0557
0.835673
0.896421
1.16251
1.13396
1.00736
0.953969
1.19588
1.18327
1.20012
1.19588
1.0557
1.09815
1.13396
1.18327
1.16251
0.127626
0.273271
0.230075
0.000331301
0.157287
0.191407
0.157287
0.191407
0.127626
0.00529178
0.00774916
0.102235
0.230075
0.015192
0.0808402
0.0631037
0.273271
0.0486387
0.0370309
0.320857
0.0278575
0.0207062
0.372571
0.0109706
0.428024
0.48671
0.00342114
0.00201483
0.548006
0.000997848
0.611187
0.675439
0.000331301
0.320857
0.372571
0.739873
0.803549
0.48671
0.865496
0.000997848
0.924733
0.980291
0.00201483
1.03124
1.07671
0.00342114
1.11591
1.14814
0.00529178
0.980291
1.17284
1.03124
1.18956
0.00774916
1.198
1.198
0.0109706
1.18956
1.17284
0.015192
1.14814
1.11591
0.0207062
1.07671
0.0278575
0.924733
0.0370309
0.865496
0.803549
0.0486387
0.739873
0.675439
0.0631037
0.611187
0.548006
0.0808402
0.428024
0.102235
1.07346e-34
1.07346e-34
1.16656e-34
0.000497489
0.000497489
1.16656e-34
0.00253477
0.00133509
0.00133509
0.00253477
0.00415389
0.00628388
0.00415389
0.00628388
0.0127352
0.00907788
0.00907788
0.0127352
0.0237626
0.0175257
0.0420838
0.0318164
0.0175257
0.0237626
0.054987
0.0709466
0.0420838
0.0318164
0.113611
0.0903651
0.054987
0.0709466
0.140989
0.172739
0.0903651
0.113611
0.140989
0.172739
0.249806
0.208996
0.249806
0.208996
0.295082
0.344636
0.344636
0.295082
0.455137
0.398133
0.577277
0.515074
0.64097
0.705304
0.398133
0.455137
0.832187
0.769362
0.577277
0.515074
0.705304
0.64097
0.769362
0.832187
0.892801
0.950223
1.05175
1.00351
1.09411
1.12986
0.950223
0.892801
1.17907
1.15835
1.05175
1.00351
1.19588
1.19166
1.19166
1.17907
1.12986
1.09411
1.15835
0.226781
0.188465
0.188465
0.154685
0.226781
0.125346
0.00306491
0.100256
0.079141
0.269614
0.0616591
0.316831
0.047422
0.0360141
0.0270121
0.368172
0.0200039
0.423254
0.0146053
0.0104736
0.00731834
0.481572
0.00490673
0.542508
0.00167454
0.000664453
0.605339
0.669253
0.000664453
0.733366
0.269614
0.79674
0.858405
0.368172
0.00167454
0.917383
0.972707
0.542508
1.02345
0.00306491
1.06874
0.00490673
1.10778
1.13989
1.1645
0.858405
0.00731834
1.18116
0.0104736
1.02345
1.18956
1.18956
1.18116
0.0146053
1.1645
0.0200039
1.13989
1.10778
1.06874
0.0270121
0.0360141
0.972707
0.917383
0.047422
0.79674
0.0616591
0.733366
0.669253
0.605339
0.079141
0.100256
0.481572
0.423254
0.125346
0.316831
0.154685
3.24132e-34
3.24132e-34
2.31587e-34
0.000832099
0.000832099
2.31587e-34
0.00360483
0.00201881
0.00201881
0.00360483
0.00568449
0.00839447
0.00839447
0.00568449
0.0165772
0.0119407
0.0119407
0.0165772
0.0304435
0.0226251
0.0404358
0.0530198
0.0226251
0.0304435
0.0686188
0.0876396
0.0530198
0.0404358
0.110449
0.137363
0.0876396
0.0686188
0.204358
0.168615
0.110449
0.137363
0.204358
0.168615
0.244628
0.289361
0.289361
0.244628
0.391298
0.338354
0.338354
0.391298
0.507138
0.447743
0.631985
0.568805
0.695825
0.759416
0.507138
0.447743
0.821803
0.88201
0.568805
0.631985
0.759416
0.695825
0.821803
0.88201
0.939065
0.992016
1.03997
1.08208
1.11762
1.14594
0.992016
0.939065
1.17907
1.16656
1.03997
1.08208
1.18327
1.17907
1.16656
1.11762
1.14594
0.220304
0.149581
0.262417
0.00100088
0.12088
0.0963894
0.0758274
0.308899
0.0588481
0.00951413
0.013474
0.359499
0.0450601
0.034045
0.0253786
0.413841
0.018649
0.471427
0.00648389
0.531644
0.00415651
0.593777
0.00236572
0.65702
0.720493
0.00100088
0.783264
0.220304
0.844368
0.00236572
0.902829
0.957686
1.00801
0.413841
0.471427
0.00415651
1.05294
0.00648389
1.09168
1.12355
1.14797
0.00951413
0.783264
1.1645
0.013474
0.902829
0.957686
1.17284
1.17284
1.1645
0.018649
1.14797
0.0253786
1.12355
1.09168
1.05294
0.034045
1.00801
0.0450601
0.844368
0.0588481
0.0758274
0.720493
0.65702
0.593777
0.0963894
0.531644
0.12088
0.359499
0.149581
0.308899
0.182689
0.262417
0.182689
5.42581e-34
5.42581e-34
3.46755e-34
0.0011705
0.0011705
3.46755e-34
0.0027183
0.00471862
0.0027183
0.00471862
0.0073088
0.0106746
0.0106746
0.0073088
0.0208137
0.0150745
0.0150745
0.0208137
0.0282572
0.0377997
0.0498642
0.0648745
0.0282572
0.0377997
0.0832395
0.105336
0.0648745
0.0498642
0.161918
0.131478
0.0832395
0.105336
0.236192
0.196802
0.131478
0.161918
0.236192
0.196802
0.328092
0.280013
0.328092
0.280013
0.380108
0.43564
0.43564
0.380108
0.554913
0.494126
0.68026
0.617236
0.743075
0.804735
0.494126
0.554913
0.86427
0.920709
0.617236
0.68026
0.804735
0.743075
0.86427
0.920709
1.02057
0.973112
1.06228
1.09747
1.12553
1.14594
0.973112
1.02057
1.16251
1.15835
1.09747
1.06228
1.15835
1.14594
1.12553
0.297297
0.0908113
0.0710631
0.346796
0.0548219
0.0416902
0.400037
0.0312467
0.0230652
0.456532
0.0167348
0.0118758
0.515679
0.00815456
0.00529264
0.576772
0.00307342
0.00134142
0.639014
0.701533
0.00134142
0.114419
0.142175
0.763405
0.823671
0.210863
0.881362
0.00307342
0.93552
0.985226
0.00529264
1.02961
1.0679
0.00815456
1.0994
1.12355
0.0118758
0.639014
1.13989
0.701533
1.14814
0.0167348
1.14814
1.13989
0.0230652
0.93552
0.985226
1.12355
1.0994
0.0312467
1.0679
1.02961
0.0416902
0.0548219
0.881362
0.823671
0.0710631
0.763405
0.0908113
0.576772
0.114419
0.515679
0.456532
0.142175
0.400037
0.346796
0.174286
0.297297
0.251906
0.210863
0.174286
0.251906
7.6346e-34
7.6346e-34
4.62205e-34
0.00151317
0.00151317
4.62205e-34
0.00587648
0.0034344
0.0034344
0.00587648
0.0131134
0.00902397
0.00902397
0.0131134
0.0253935
0.018453
0.018453
0.0253935
0.0456955
0.0343348
0.0599042
0.0773765
0.0456955
0.0343348
0.12358
0.098491
0.0599042
0.0773765
0.186602
0.152892
0.12358
0.098491
0.267336
0.224764
0.186602
0.152892
0.224764
0.267336
0.364879
0.314137
0.314137
0.364879
0.476366
0.419132
0.419132
0.476366
0.597063
0.535924
0.720686
0.658947
0.781335
0.839934
0.535924
0.597063
0.947153
0.895521
0.658947
0.720686
0.839934
0.781335
0.947153
0.895521
0.993945
1.03506
1.06978
1.09747
1.11762
1.12986
1.03506
0.993945
1.12986
1.13396
1.06978
1.11762
1.09747
0.065082
0.0497937
0.382205
0.0375051
0.437262
0.0277895
0.0202198
0.0143854
0.494997
0.00991138
0.554717
0.00647106
0.0037973
0.00168615
0.615635
0.676894
0.00168615
0.737576
0.0837739
0.796733
0.853405
0.132754
0.0037973
0.90664
0.955524
0.238413
0.999199
0.00647106
1.03689
0.00991138
1.0679
1.09168
1.10778
0.494997
0.0143854
1.11591
0.0202198
0.676894
1.11591
1.10778
1.09168
0.0277895
0.853405
1.0679
0.0375051
1.03689
0.999199
0.955524
0.0497937
0.90664
0.065082
0.796733
0.737576
0.0837739
0.106232
0.615635
0.554717
0.132754
0.437262
0.163561
0.382205
0.330417
0.282369
0.198776
0.238413
0.198776
0.163561
0.282369
0.106232
0.330417
9.87077e-34
9.87077e-34
5.77843e-34
0.00185975
0.00185975
5.77843e-34
0.00707372
0.00416557
0.00416557
0.00707372
0.0156862
0.0108184
0.0156862
0.0108184
0.0220307
0.0302411
0.0220307
0.0302411
0.040741
0.0539609
0.0703214
0.0902151
0.040741
0.0539609
0.141881
0.113977
0.0902151
0.0703214
0.210724
0.174101
0.141881
0.113977
0.296898
0.251705
0.210724
0.174101
0.251705
0.296898
0.398653
0.346012
0.398653
0.346012
0.512289
0.454288
0.512289
0.454288
0.632355
0.571916
0.69272
0.752082
0.863984
0.809488
0.571916
0.632355
0.914642
0.96057
0.752082
0.69272
0.809488
0.863984
0.96057
0.914642
1.03506
1.00096
1.08208
1.06228
1.09411
1.09815
1.00096
1.03506
1.08208
1.09411
1.06228
0.4141
0.0327362
0.470092
0.0238756
0.0170123
0.0117387
0.528116
0.00768475
0.5874
0.00453468
0.0020343
0.6471
0.706311
0.0020343
0.764097
0.0581719
0.819506
0.00453468
0.871598
0.919465
0.962257
0.150896
0.184445
0.00768475
0.999199
0.0117387
1.02961
1.05294
1.06874
0.0170123
0.4141
1.07671
0.0238756
0.528116
0.5874
1.07671
1.06874
1.05294
0.0327362
0.764097
1.02961
0.0440246
0.999199
0.962257
0.919465
0.0581719
0.871598
0.0755917
0.819506
0.706311
0.0966564
0.6471
0.12168
0.470092
0.150896
0.184445
0.360817
0.310816
0.264552
0.222358
0.222358
0.264552
0.12168
0.310816
0.0966564
0.360817
0.0755917
0.0440246
1.21322e-33
1.21322e-33
6.93391e-34
0.00220906
0.00220906
6.93391e-34
0.00490797
0.00830109
0.00490797
0.00830109
0.0183573
0.0126727
0.0126727
0.0183573
0.0257473
0.0352615
0.0257473
0.0352615
0.0624014
0.0473363
0.103056
0.0808558
0.0473363
0.0624014
0.129282
0.159737
0.0808558
0.103056
0.194512
0.233599
0.129282
0.159737
0.276854
0.324025
0.233599
0.194512
0.276854
0.324025
0.428436
0.374718
0.428436
0.374718
0.542363
0.484554
0.484554
0.542363
0.659762
0.601054
0.773533
0.717568
0.826715
0.876187
0.601054
0.659762
0.96057
0.921079
0.773533
0.717568
0.826715
0.876187
0.96057
0.921079
1.02057
0.993945
1.05175
1.03997
1.0557
1.05175
0.993945
1.03997
1.02057
0.497574
0.0136139
0.00892238
0.554926
0.00528062
0.00238423
0.61278
0.670249
0.00238423
0.0197161
0.0276354
0.72641
0.780323
0.0506576
0.83106
0.00528062
0.877721
0.919465
0.00892238
0.955524
0.985225
0.0136139
1.00801
1.02345
0.0197161
0.288531
1.03124
0.336428
1.03124
0.0276354
1.02345
1.00801
0.0378029
0.554926
0.61278
0.985225
0.955524
0.0506576
0.919465
0.877721
0.0666218
0.83106
0.780323
0.0860831
0.72641
0.670249
0.10937
0.136736
0.497574
0.441555
0.168341
0.38762
0.204238
0.244364
0.244364
0.204238
0.168341
0.288531
0.136736
0.10937
0.336428
0.0860831
0.0666218
0.38762
0.0378029
0.441555
1.44109e-33
1.44109e-33
8.08361e-34
0.00255902
0.00255902
8.08361e-34
0.00954535
0.00565566
0.00565566
0.00954535
0.0145613
0.0210819
0.0210819
0.0145613
0.0403462
0.0295305
0.0295305
0.0403462
0.0539663
0.0708075
0.0912345
0.115557
0.0539663
0.0708075
0.17665
0.143986
0.115557
0.0912345
0.213548
0.254577
0.143986
0.17665
0.299491
0.347937
0.213548
0.254577
0.347937
0.299491
0.453364
0.399423
0.399423
0.453364
0.509053
0.565714
0.565714
0.509053
0.678486
0.622491
0.784417
0.732772
0.876187
0.832513
0.678486
0.622491
0.914643
0.947152
0.784417
0.732772
0.832513
0.876187
0.947152
0.914643
0.973112
0.992015
1.00736
1.00351
1.00351
0.992015
0.973112
0.0060282
0.00273347
0.574649
0.630119
0.00273347
0.684413
0.010169
0.736607
0.785785
0.0224483
0.0060282
0.83106
0.871597
0.0572445
0.906639
0.010169
0.93552
0.0155087
0.957685
0.972706
0.980291
0.184602
0.0224483
0.980291
0.0314226
0.309662
0.972706
0.957685
0.93552
0.042876
0.463775
0.906639
0.0572445
0.871597
0.83106
0.785785
0.0749297
0.736607
0.0962807
0.684413
0.630119
0.574649
0.121572
0.518912
0.150986
0.41005
0.358467
0.184602
0.222382
0.264164
0.222382
0.264164
0.150986
0.309662
0.121572
0.0962807
0.0749297
0.358467
0.41005
0.042876
0.0314226
0.463775
0.0155087
0.518912
1.66937e-33
1.66937e-33
9.22046e-34
0.00290678
0.00290678
9.22046e-34
0.00640079
0.01079
0.00640079
0.01079
0.0238084
0.0164537
0.0238084
0.0164537
0.045378
0.0333003
0.0333003
0.045378
0.0604684
0.0789634
0.127376
0.101182
0.0604684
0.0789634
0.192145
0.157682
0.101182
0.127376
0.23067
0.273059
0.157682
0.192145
0.318966
0.367945
0.23067
0.273059
0.318966
0.367945
0.472716
0.419417
0.472716
0.419417
0.581667
0.527075
0.581667
0.527075
0.635607
0.687986
0.784417
0.73789
0.863984
0.826715
0.687986
0.635607
0.895521
0.920708
0.784417
0.73789
0.826715
0.863984
0.920708
0.895521
0.950222
0.939066
0.950222
0.95397
0.939066
0.586716
0.638916
0.00307879
0.00307879
0.68918
0.736607
0.00676876
0.780323
0.819505
0.025155
0.0351543
0.853404
0.0114067
0.881361
0.0173905
0.902829
0.917382
0.924732
0.132927
0.025155
0.924732
0.199222
0.238362
0.0351543
0.917382
0.902829
0.881361
0.3763
0.0478359
0.853404
0.0636213
0.819505
0.780323
0.586716
0.736607
0.0828798
0.68918
0.105912
0.638916
0.533488
0.132927
0.48012
0.164034
0.427462
0.327341
0.199222
0.281195
0.238362
0.164034
0.281195
0.327341
0.105912
0.0828798
0.0636213
0.3763
0.0478359
0.427462
0.0173905
0.48012
0.0114067
0.533488
0.00676876
1.89619e-33
1.89619e-33
1.03353e-33
0.00324877
1.03353e-33
0.00324877
0.0120159
0.007134
0.007134
0.0120159
0.0264812
0.0183156
0.0264812
0.0183156
0.0369719
0.050236
0.0369719
0.050236
0.0866554
0.0666784
0.13819
0.110431
0.0666784
0.0866554
0.205787
0.16999
0.13819
0.110431
0.288517
0.245393
0.16999
0.205787
0.383475
0.334722
0.245393
0.288517
0.383475
0.334722
0.434123
0.485936
0.434123
0.485936
0.58976
0.5381
0.58976
0.5381
0.640021
0.687986
0.773533
0.732772
0.809489
0.839933
0.640021
0.687986
0.882009
0.864271
0.732772
0.773533
0.809489
0.839933
0.882009
0.864271
0.896419
0.892801
0.892801
0.00341633
0.638916
0.684413
0.72641
0.00749233
0.764096
0.796733
0.0126154
0.823671
0.844368
0.0192241
0.858405
0.865496
0.069625
0.0277791
0.0902624
0.865496
0.858405
0.038745
0.844368
0.823671
0.211789
0.251724
0.0525615
0.796733
0.764096
0.069625
0.72641
0.684413
0.0902624
0.638916
0.590777
0.114716
0.540882
0.490119
0.143125
0.439356
0.389416
0.175516
0.341062
0.294971
0.211789
0.251724
0.175516
0.143125
0.294971
0.114716
0.341062
0.0525615
0.389416
0.038745
0.0277791
0.439356
0.0192241
0.0126154
0.490119
0.00749233
0.00341633
0.540882
0.590777
2.11922e-33
2.11922e-33
1.14172e-33
0.00358085
0.00358085
1.14172e-33
0.00784478
0.0132024
0.00784478
0.0132024
0.020111
0.0290425
0.0290425
0.020111
0.0548001
0.0404598
0.0548001
0.0404598
0.0936796
0.0724364
0.147702
0.118731
0.0724364
0.0936796
0.217191
0.180565
0.147702
0.118731
0.257301
0.300513
0.217191
0.180565
0.346309
0.394082
0.257301
0.300513
0.346309
0.394082
0.443118
0.492642
0.443118
0.492642
0.58976
0.541811
0.58976
0.541811
0.678486
0.635607
0.717569
0.752081
0.804734
0.781336
0.635607
0.678486
0.821804
0.832186
0.717569
0.752081
0.781336
0.804734
0.821804
0.835674
0.832186
0.670249
0.00818794
0.70631
0.737575
0.763405
0.013774
0.783264
0.0209727
0.796739
0.0302629
0.803548
0.803548
0.0302629
0.0751002
0.796739
0.0421097
0.783264
0.763405
0.151884
0.737575
0.056935
0.70631
0.0751002
0.670249
0.630119
0.350432
0.586716
0.0968808
0.540882
0.122455
0.493484
0.445389
0.397438
0.151884
0.185111
0.3051
0.262091
0.22195
0.22195
0.185111
0.262091
0.122455
0.0968808
0.3051
0.350432
0.056935
0.0421097
0.397438
0.0209727
0.445389
0.013774
0.00818794
0.00374172
0.493484
0.540882
0.00374172
0.586716
0.630119
2.33578e-33
2.33578e-33
1.24537e-33
0.00389847
0.00389847
1.24537e-33
0.0143278
0.00852187
0.00852187
0.0143278
0.0314349
0.0218031
0.0218031
0.0314349
0.0436803
0.0589555
0.0436803
0.0589555
0.0775923
0.099848
0.155647
0.125854
0.0775923
0.099848
0.226037
0.189113
0.155647
0.125854
0.308704
0.266054
0.189113
0.226037
0.399462
0.353395
0.308704
0.266054
0.399462
0.353395
0.446146
0.492641
0.446146
0.492641
0.538101
0.581666
0.538101
0.581666
0.622492
0.659761
0.69272
0.720684
0.759415
0.743076
0.622492
0.659761
0.7727
0.769364
0.720684
0.69272
0.759415
0.743076
0.769364
0.00884413
0.647099
0.676893
0.701532
0.0148605
0.720492
0.0148605
0.0225997
0.733365
0.0325497
0.0451668
0.739871
0.739871
0.0325497
0.733365
0.102557
0.0451668
0.720492
0.701532
0.676893
0.0608455
0.229419
0.26917
0.647099
0.0799035
0.612779
0.574649
0.533487
0.102557
0.490119
0.128915
0.445388
0.400138
0.355184
0.15896
0.311295
0.192552
0.192552
0.229419
0.15896
0.26917
0.128915
0.0799035
0.311295
0.0608455
0.355184
0.0225997
0.400138
0.445388
0.00884413
0.00405025
0.490119
0.533487
0.00405025
0.574649
0.612779
2.54289e-33
2.54289e-33
1.34313e-33
0.00419683
0.00419683
1.34313e-33
0.0153704
0.00915373
0.00915373
0.0153704
0.0336031
0.0233556
0.0336031
0.0233556
0.0625963
0.0465546
0.0465546
0.0625963
0.0820107
0.104995
0.131608
0.161806
0.0820107
0.104995
0.232076
0.195395
0.131608
0.161806
0.271408
0.312858
0.195395
0.232076
0.35578
0.399462
0.312858
0.271408
0.399462
0.35578
0.443119
0.485935
0.485935
0.443119
0.527076
0.565713
0.565713
0.527076
0.601055
0.632354
0.658949
0.680258
0.695826
0.705302
0.601055
0.632354
0.705302
0.708488
0.680258
0.658949
0.695826
0.639013
0.0158536
0.657019
0.0043371
0.669252
0.0240698
0.675437
0.675437
0.0345863
0.0345863
0.0478411
0.669252
0.657019
0.0478411
0.639013
0.615634
0.064193
0.5874
0.554925
0.0839082
0.518911
0.233985
0.48012
0.10714
0.439355
0.397438
0.133922
0.355184
0.31338
0.16416
0.272759
0.197631
0.197631
0.16416
0.233985
0.133922
0.10714
0.272759
0.0839082
0.064193
0.31338
0.355184
0.0240698
0.0158536
0.397438
0.00944937
0.439355
0.48012
0.0043371
0.615634
0.518911
0.554925
0.5874
0.00944937
2.73745e-33
2.73745e-33
1.43361e-33
0.00447107
0.00447107
1.43361e-33
0.00972892
0.0163092
0.00972892
0.0163092
0.0354962
0.0247344
0.0247344
0.0354962
0.0656289
0.0490117
0.0490117
0.0656289
0.108982
0.085575
0.166009
0.135834
0.085575
0.108982
0.199235
0.235138
0.166009
0.135834
0.273209
0.312858
0.235138
0.199235
0.353396
0.394082
0.312858
0.273209
0.353396
0.394082
0.472715
0.434123
0.472715
0.434123
0.509054
0.542362
0.542362
0.509054
0.597061
0.571917
0.631983
0.617238
0.643987
0.640971
0.597061
0.571917
0.640971
0.617238
0.631983
0.0167329
0.605337
0.0253503
0.611186
0.611186
0.605337
0.0167329
0.0363243
0.593776
0.0500661
0.576771
0.554715
0.528115
0.0870086
0.066891
0.497574
0.0870086
0.463775
0.167338
0.427462
0.389415
0.235522
0.110504
0.350431
0.137338
0.311295
0.272759
0.167338
0.200206
0.200206
0.137338
0.110504
0.235522
0.272759
0.066891
0.0500661
0.0363243
0.311295
0.0253503
0.350431
0.00999243
0.00459744
0.389415
0.427462
0.00459744
0.593776
0.463775
0.497574
0.528115
0.00999243
0.554715
0.576771
2.91628e-33
2.91628e-33
1.51542e-33
0.00471649
0.00471649
1.51542e-33
0.0171247
0.0102366
0.0102366
0.0171247
0.0370688
0.0259087
0.0370688
0.0259087
0.0679751
0.0509901
0.0509901
0.0679751
0.111701
0.0881907
0.16814
0.138416
0.0881907
0.111701
0.235138
0.200527
0.138416
0.16814
0.308703
0.271408
0.235138
0.200527
0.383474
0.346309
0.271408
0.308703
0.346309
0.383474
0.419418
0.453362
0.419418
0.453362
0.484556
0.512287
0.484556
0.512287
0.535925
0.554911
0.568807
0.577275
0.580123
0.577275
0.554911
0.535925
0.568807
0.0264121
0.548005
0.548005
0.0048267
0.542506
0.0377219
0.531643
0.0517859
0.515678
0.0377219
0.0517859
0.494996
0.470091
0.0688699
0.441554
0.0891224
0.410049
0.3763
0.168407
0.341061
0.11256
0.3051
0.13907
0.269169
0.233985
0.200206
0.168407
0.200206
0.13907
0.11256
0.0891224
0.233985
0.0688699
0.269169
0.0264121
0.3051
0.01748
0.341061
0.0104629
0.3763
0.410049
0.0048267
0.542506
0.441554
0.470091
0.0104629
0.494996
0.515678
0.531643
0.01748
3.07632e-33
3.07632e-33
1.58723e-33
0.00492864
0.00492864
1.58723e-33
0.0106668
0.0177996
0.0106668
0.0177996
0.0382831
0.0268515
0.0382831
0.0268515
0.0695739
0.0524401
0.0524401
0.0695739
0.0897884
0.113079
0.16814
0.139285
0.113079
0.0897884
0.199235
0.232075
0.139285
0.16814
0.300512
0.266055
0.232075
0.199235
0.367944
0.334723
0.300512
0.266055
0.334723
0.367944
0.399425
0.428434
0.399425
0.428434
0.476364
0.45429
0.476364
0.45429
0.494127
0.507135
0.515075
0.517741
0.515075
0.494127
0.507135
0.481571
0.0387452
0.471426
0.45653
0.0529572
0.437261
0.414099
0.0700782
0.387619
0.0387452
0.358466
0.0901935
0.327341
0.0901935
0.29497
0.113251
0.113251
0.262091
0.229418
0.13907
0.19763
0.167338
0.167338
0.13907
0.19763
0.0700782
0.229418
0.0529572
0.262091
0.027231
0.0180788
0.29497
0.0108514
0.00502064
0.327341
0.358466
0.00502064
0.486709
0.387619
0.486709
0.414099
0.437261
0.0108514
0.45653
0.471426
0.0180788
0.481571
0.027231
3.21468e-33
3.21468e-33
1.6478e-33
0.00510358
0.00510358
1.6478e-33
0.0183193
0.0110109
0.0183193
0.0110109
0.027541
0.0391095
0.0391095
0.027541
0.0703839
0.053325
0.053325
0.0703839
0.0903257
0.113079
0.138416
0.166009
0.113079
0.0903257
0.226036
0.195395
0.166009
0.138416
0.257301
0.288516
0.226036
0.195395
0.347935
0.318967
0.288516
0.257301
0.318967
0.347935
0.374719
0.398651
0.398651
0.374719
0.419134
0.435637
0.435637
0.419134
0.447745
0.455134
0.457622
0.455134
0.447745
0.0393695
0.400035
0.0535504
0.382204
0.360816
0.336427
0.0185163
0.0704845
0.309662
0.0393695
0.0901935
0.281194
0.251723
0.22195
0.11256
0.192551
0.137338
0.164159
0.137338
0.11256
0.164159
0.0901935
0.192551
0.0704845
0.0535504
0.22195
0.0277877
0.251723
0.01115
0.00517562
0.281194
0.309662
0.00517562
0.41384
0.336427
0.360816
0.382204
0.428023
0.01115
0.400035
0.41384
0.423253
0.0185163
0.0277877
0.428023
0.423253
3.32878e-33
3.32878e-33
1.69606e-33
0.00523794
0.00523794
1.69606e-33
0.0186723
0.011262
0.011262
0.0186723
0.0395279
0.0279613
0.0279613
0.0395279
0.0703839
0.0536225
0.0536225
0.0703839
0.111701
0.0897884
0.161805
0.135834
0.111701
0.0897884
0.21719
0.189113
0.161805
0.135834
0.273057
0.245394
0.21719
0.189113
0.299492
0.324023
0.245394
0.273057
0.299492
0.324023
0.364876
0.346014
0.364876
0.346014
0.38011
0.391295
0.391295
0.38011
0.398135
0.400433
0.398135
0.0535504
0.330415
0.310814
0.28853
0.0700782
0.264163
0.0187827
0.0891224
0.238361
0.0395793
0.211789
0.18511
0.110504
0.15896
0.133922
0.133922
0.110504
0.0891224
0.15896
0.0700782
0.18511
0.0535504
0.0280694
0.211789
0.238361
0.0113527
0.00528861
0.264163
0.28853
0.00528861
0.346795
0.310814
0.330415
0.368171
0.372569
0.0113527
0.346795
0.359498
0.368171
0.0187827
0.372569
0.0280694
0.359498
0.0395793
3.41645e-33
3.41645e-33
1.73115e-33
0.00532911
0.00532911
1.73115e-33
0.0188509
0.0114146
0.0114146
0.0188509
0.039528
0.0281025
0.039528
0.0281025
0.069574
0.053325
0.053325
0.069574
0.0881907
0.108981
0.131608
0.155646
0.0881907
0.108981
0.180566
0.205786
0.155646
0.131608
0.230671
0.254575
0.205786
0.180566
0.296895
0.276855
0.254575
0.230671
0.276855
0.296895
0.328089
0.314138
0.314138
0.328089
0.344633
0.338355
0.338355
0.344633
0.346749
0.244363
0.0688699
0.222381
0.00535741
0.199221
0.0870085
0.175515
0.151883
0.10714
0.0393696
0.0529573
0.128915
0.10714
0.128915
0.0870085
0.0688699
0.151883
0.175515
0.0280695
0.0188722
0.199221
0.0114551
0.222381
0.244363
0.00535741
0.264551
0.264551
0.282367
0.282367
0.297296
0.0114551
0.308898
0.31683
0.0188722
0.320856
0.320856
0.0280695
0.31683
0.308898
0.0393696
0.297296
0.0529573
3.47596e-33
3.47596e-33
1.75239e-33
0.00537527
0.00537527
1.75239e-33
0.0114658
0.018851
0.0114658
0.018851
0.0391098
0.0279612
0.0279612
0.0391098
0.0679752
0.05244
0.05244
0.0679752
0.0855751
0.104995
0.147701
0.125855
0.104995
0.0855751
0.192144
0.169991
0.147701
0.125855
0.233597
0.213549
0.192144
0.169991
0.267334
0.251706
0.233597
0.213549
0.251706
0.267334
0.289358
0.280015
0.289358
0.280015
0.295084
0.295084
0.29701
0.0668911
0.164033
0.0839082
0.143125
0.122454
0.102557
0.0187829
0.102557
0.0839082
0.122454
0.0668911
0.051786
0.0387454
0.143125
0.0277879
0.164033
0.0114552
0.00538062
0.184601
0.204237
0.00538062
0.184601
0.222357
0.238412
0.251905
0.238412
0.0114552
0.262415
0.269613
0.27327
0.0187829
0.27327
0.0277879
0.269613
0.262415
0.251905
0.0387454
0.051786
0.222357
0.204237
3.50615e-33
3.50615e-33
1.75941e-33
0.0053755
0.0053755
1.75941e-33
0.0186728
0.0114144
0.0114144
0.0186728
0.0382835
0.0275408
0.0275408
0.0382835
0.05099
0.065629
0.065629
0.05099
0.0820109
0.0998476
0.118731
0.138189
0.0820109
0.0998476
0.157683
0.176648
0.118731
0.138189
0.210722
0.194513
0.157683
0.176648
0.224766
0.236189
0.210722
0.194513
0.224766
0.236189
0.249803
0.244629
0.249803
0.244629
0.25155
0.0799034
0.114716
0.0968806
0.0053578
0.0799034
0.0968806
0.064193
0.114716
0.0500663
0.0377221
0.0272313
0.132927
0.0185166
0.150986
0.011353
0.16834
0.184444
0.0053578
0.132927
0.198775
0.210862
0.16834
0.184444
0.011353
0.220302
0.226779
0.230073
0.220302
0.0185166
0.230073
0.0272313
0.226779
0.210862
0.0377221
0.198775
0.0500663
0.150986
0.064193
3.5064e-33
3.5064e-33
1.75205e-33
0.00532979
0.00532979
1.75205e-33
0.01832
0.0112614
0.0112614
0.01832
0.0268511
0.0370693
0.0370693
0.0268511
0.0490116
0.0625963
0.0490116
0.0625963
0.0775925
0.0936791
0.127375
0.110432
0.0936791
0.0775925
0.143987
0.159736
0.127375
0.110432
0.174103
0.1866
0.143987
0.159736
0.196804
0.204356
0.174103
0.1866
0.196804
0.204356
0.210561
0.208998
0.208998
0.0608456
0.0902621
0.0478413
0.0363246
0.105912
0.0264126
0.0180793
0.121571
0.0111505
0.0052894
0.136736
0.150895
0.0052894
0.0751001
0.16356
0.0902621
0.174285
0.182687
0.0111505
0.188464
0.191406
0.150895
0.16356
0.0180793
0.191406
0.188464
0.0264126
0.182687
0.174285
0.0363246
0.0478413
0.136736
0.121571
0.0608456
0.105912
0.0751001
3.47671e-33
3.47671e-33
1.73047e-33
0.00523905
0.00523905
1.73047e-33
0.0110102
0.0178006
0.0110102
0.0178006
0.0354968
0.0259082
0.0354968
0.0259082
0.0465545
0.0589556
0.0465545
0.0589556
0.0724366
0.0866549
0.115556
0.101183
0.0866549
0.0724366
0.14188
0.129283
0.115556
0.101183
0.161916
0.152894
0.14188
0.129283
0.172737
0.168616
0.152894
0.161916
0.172737
0.168616
0.174131
0.0828795
0.0253508
0.0962803
0.0174806
0.010852
0.00517677
0.109369
0.121679
0.00517677
0.0345867
0.132753
0.142174
0.14958
0.069625
0.010852
0.154683
0.157286
0.157286
0.109369
0.0174806
0.154683
0.0253508
0.14958
0.142174
0.132753
0.0345867
0.121679
0.0451671
0.0962803
0.0828795
0.0569351
0.069625
0.0569351
0.0451671
3.41768e-33
3.41768e-33
1.69506e-33
0.00510509
0.00510509
1.69506e-33
0.0171259
0.0106658
0.0106658
0.0171259
0.0247339
0.0336039
0.0336039
0.0247339
0.0436801
0.0548002
0.0548002
0.0436801
0.0789628
0.0666786
0.0912352
0.103055
0.0789628
0.0666786
0.123578
0.113978
0.103055
0.0912352
0.13148
0.137361
0.123578
0.113978
0.142215
0.140991
0.137361
0.13148
0.140991
0.0860826
0.0104636
0.00502212
0.0966557
0.106231
0.00502212
0.0167337
0.114418
0.120879
0.0325502
0.04211
0.0104636
0.125345
0.127625
0.127625
0.0749294
0.0167337
0.125345
0.0240704
0.120879
0.114418
0.106231
0.0325502
0.0966557
0.04211
0.0860826
0.0636212
0.0525616
0.0525616
0.0636212
0.0240704
0.0749294
3.33046e-33
3.33046e-33
1.64648e-33
0.0049305
0.0049305
1.64648e-33
0.0102354
0.0163106
0.0102354
0.0163106
0.0314357
0.0233549
0.0314357
0.0233549
0.0502361
0.0404596
0.0502361
0.0404596
0.0708069
0.0604687
0.0808565
0.090214
0.0708069
0.0604687
0.098492
0.105334
0.0808565
0.090214
0.11045
0.113609
0.105334
0.098492
0.114681
0.113609
0.11045
0.0837733
0.00482846
0.0908106
0.00482846
0.0963886
0.100255
0.0099933
0.102234
0.102234
0.0302634
0.0387453
0.0158544
0.100255
0.0572444
0.0963886
0.0226004
0.0908106
0.0837733
0.0302634
0.0755912
0.0666215
0.0387453
0.0478359
0.0478359
0.0572444
0.0226004
0.0158544
0.0666215
0.0099933
0.0755912
3.21675e-33
3.21675e-33
1.58562e-33
0.00471864
1.58562e-33
0.00471864
0.0153719
0.00972758
0.00972758
0.0153719
0.0218024
0.0290434
0.0218024
0.0290434
0.0453781
0.0369717
0.0369717
0.0453781
0.0539665
0.0624009
0.070322
0.0773754
0.0624009
0.0539665
0.0832405
0.0876381
0.0773754
0.070322
0.0912878
0.0903662
0.0876381
0.0832405
0.0903662
0.00459944
0.0710625
0.0758267
0.0791403
0.00945033
0.0808394
0.0148614
0.0808394
0.0791403
0.0148614
0.0758267
0.0209734
0.0710625
0.0650816
0.0581716
0.0277796
0.0506575
0.0351546
0.0428761
0.0351546
0.0277796
0.0428761
0.0209734
0.0506575
0.00945033
0.00459944
0.0581716
0.0650816
3.07874e-33
3.07874e-33
1.51354e-33
0.00447345
0.00447345
1.51354e-33
0.0143295
0.00915227
0.00915227
0.0143295
0.0264821
0.0201103
0.0201103
0.0264821
0.0403463
0.0333001
0.0403463
0.0333001
0.0539604
0.0473365
0.0648735
0.0599049
0.0473365
0.0539604
0.0686197
0.0709453
0.0648735
0.0599049
0.0717365
0.0686197
0.0709453
0.0616586
0.00884516
0.063103
0.00433926
0.063103
0.0616586
0.0137749
0.0588476
0.0192248
0.0251555
0.0314228
0.0548215
0.0497934
0.0440245
0.0251555
0.037803
0.0314228
0.0192248
0.037803
0.0137749
0.0440245
0.00884516
0.0497934
0.0548215
0.00433926
0.0588476
2.91899e-33
2.91899e-33
1.43148e-33
0.00419936
0.00419936
1.43148e-33
0.0132041
0.00852035
0.00852035
0.0132041
0.0183149
0.0238093
0.0183149
0.0238093
0.0295303
0.0352616
0.0352616
0.0295303
0.0456951
0.0407412
0.0498647
0.0530189
0.0407412
0.0456951
0.0549878
0.0556543
0.0530189
0.0498647
0.0549878
0.008189
0.0486383
0.0474216
0.0126164
0.0450598
0.04169
0.0173913
0.037505
0.0327363
0.0224488
0.0276357
0.0224488
0.0276357
0.0173913
0.0126164
0.0327363
0.008189
0.00405252
0.037505
0.04169
0.00405252
0.0450598
0.0474216
0.0486383
2.74038e-33
2.74038e-33
1.34077e-33
0.00390108
0.00390108
1.34077e-33
0.0120176
0.00784323
0.00784323
0.0120176
0.0164529
0.0210827
0.0164529
0.0210827
0.0257471
0.0302412
0.0257471
0.0302412
0.034335
0.0377993
0.0420831
0.0404363
0.0377993
0.034335
0.0420831
0.0426457
0.0404363
0.0360139
0.0340448
0.0114076
0.0312466
0.0155094
0.0277896
0.0114076
0.0238759
0.0197166
0.0197166
0.0155094
0.0238759
0.00749338
0.00374402
0.0277896
0.0312466
0.00374402
0.0340448
0.0370306
0.0360139
0.0370306
0.00749338
2.54598e-33
2.54598e-33
0.00358346
1.24281e-33
0.00358346
1.24281e-33
0.0107916
0.00713248
0.00713248
0.0107916
0.0183581
0.0145606
0.0183581
0.0145606
0.0220306
0.0253937
0.0220306
0.0253937
0.0304432
0.0282574
0.0322827
0.0318167
0.0282574
0.0318167
0.0304432
0.0101699
0.0230653
0.0136146
0.0202201
0.0170128
0.0136146
0.0170128
0.0101699
0.0202201
0.00676979
0.0034186
0.0230653
0.0253786
0.0034186
0.027012
0.027012
0.0278573
0.00676979
0.0278573
0.0253786
2.33894e-33
2.33894e-33
1.13898e-33
0.0032513
0.0032513
1.13898e-33
0.00954692
0.00639933
0.00639933
0.00954692
0.015687
0.012672
0.012672
0.015687
0.0184528
0.0208138
0.0208138
0.0184528
0.0226252
0.0237624
0.0241525
0.0237624
0.0226252
0.0117393
0.0117393
0.00892321
0.0143858
0.00602916
0.00308095
0.0167351
0.0186491
0.00308095
0.0143858
0.0167351
0.020004
0.0207062
0.0207062
0.00602916
0.020004
0.0186491
0.00892321
2.12238e-33
2.12238e-33
1.03063e-33
0.00290915
0.00290915
1.03063e-33
0.00830252
0.00565432
0.00830252
0.00565432
0.013114
0.0108178
0.013114
0.0108178
0.0165774
0.0150744
0.0150744
0.0165774
0.0175257
0.0178479
0.0175257
0.00528149
0.00273545
0.0118762
0.0134742
0.00273545
0.0146054
0.00768549
0.0151921
0.0151921
0.0118762
0.00528149
0.0146054
0.0134742
0.00768549
0.0099119
0.0099119
1.89928e-33
1.89928e-33
9.18993e-34
0.00256116
0.00256116
9.18993e-34
0.00490679
0.00707496
0.00490679
0.00707496
0.0106752
0.00902348
0.0106752
0.00902348
0.0127355
0.0119406
0.0119406
0.0130085
0.0127355
0.00951444
0.0104738
0.00238598
0.00238598
0.0109708
0.0109708
0.00453543
0.0104738
0.00951444
0.00815501
0.0064717
0.0064717
0.00815501
0.00453543
1.67234e-33
1.67234e-33
8.05175e-34
0.0022109
8.05175e-34
0.0022109
0.00416457
0.00587751
0.00416457
0.00587751
0.00839497
0.00730839
0.00839497
0.00730839
0.00930926
0.0090777
0.0090777
0.00203578
0.00774938
0.00774938
0.00731861
0.00379792
0.00648425
0.00529315
0.00529315
0.00379792
0.00203578
0.00648425
0.00731861
1.44388e-33
1.44388e-33
6.90082e-34
0.00186126
0.00186126
6.90082e-34
0.00471943
0.00343361
0.00343361
0.00471943
0.00568417
0.00628431
0.00568417
0.00628431
0.00648949
0.00490702
0.0030739
0.00415691
0.0030739
0.00168733
0.00415691
0.00490702
0.00168733
0.00529202
0.00529202
1.21578e-33
1.21578e-33
5.74422e-34
0.00151432
0.00151432
5.74422e-34
0.00360543
0.00271772
0.00271772
0.00360543
0.00415365
0.00415365
0.0043385
0.00236607
0.00236607
0.00134229
0.0030652
0.00342137
0.00134229
0.00342137
0.0030652
9.89395e-34
9.89395e-34
4.58684e-34
0.00117131
4.58684e-34
0.00117131
0.00201844
0.00253518
0.00201844
0.00253518
0.0027098
0.00201504
0.00100145
0.00201504
0.00167477
0.00100145
0.00167477
7.65531e-34
7.65531e-34
0.000832581
3.43147e-34
0.000832581
3.43147e-34
0.00133489
0.00133489
0.001503
0.000664769
0.000997989
0.000664769
0.000997989
5.44424e-34
5.44424e-34
2.27913e-34
0.000497717
0.000497717
2.27913e-34
0.000663857
0.000331437
0.000331437
3.25791e-34
3.25791e-34
1.12952e-34
1.12952e-34
0.000165584
3.73971e-37
1.08894e-34
1.08894e-34
