-6.40656e-38
1.18646e-36
1.18646e-36
4.18811e-37
4.04491e-36
1.3953e-06
2.89194e-06
4.18811e-37
4.04491e-36
2.89194e-06
2.49794e-37
6.5259e-06
7.56443e-36
4.56525e-06
6.44116e-06
1.12071e-05
1.12071e-05
4.56525e-06
6.5259e-06
7.56443e-36
2.49794e-37
-3.72848e-37
1.14615e-05
1.20316e-35
8.79886e-06
2.63903e-05
3.78139e-05
1.77513e-05
2.17498e-05
-3.72848e-37
1.14615e-05
1.77513e-05
3.78139e-05
2.63903e-05
8.79886e-06
1.20316e-35
-1.5746e-36
1.45277e-05
1.80336e-05
1.76104e-35
3.74993e-05
5.12847e-05
9.09959e-05
6.05326e-05
0.000117754
7.0285e-05
0.000117754
6.05326e-05
1.45277e-05
1.76104e-35
1.80336e-05
-1.5746e-36
5.12847e-05
3.74993e-05
9.09959e-05
-3.40966e-36
2.43595e-35
2.19981e-05
2.64077e-05
6.78871e-05
8.74875e-05
0.000177617
0.000129823
2.64077e-05
2.43595e-35
2.19981e-05
-3.40966e-36
0.000320892
0.000203116
0.000266387
0.000182661
0.000182661
0.000177617
0.000266387
6.78871e-05
0.000320892
0.000129823
8.74875e-05
-5.87486e-36
3.66002e-05
3.22449e-35
3.12981e-05
0.000109963
0.000135533
0.000300908
0.000234594
0.000473939
0.000370319
0.000494875
0.000664569
3.22449e-35
3.66002e-05
3.12981e-05
-5.87486e-36
0.000109963
0.000300908
0.000135533
0.000234594
0.000512768
0.000762978
0.000473939
0.000762978
0.000494875
0.000664569
0.000370319
-8.92227e-36
4.8497e-05
4.11531e-35
4.23758e-05
0.000163793
0.000195052
0.000461017
0.000376467
0.00116222
0.000893793
0.000640488
0.000806824
0.0010754
0.00145162
0.0016134
0.00114095
-8.92227e-36
4.8497e-05
4.11531e-35
4.23758e-05
0.000163793
0.000195052
0.000461017
0.000376467
0.00145162
0.00116222
0.000806824
0.0016134
0.000640488
0.0010754
0.000893793
-1.24701e-35
6.18748e-05
5.09051e-35
5.50593e-05
0.00022862
0.00026493
0.000655531
0.000554244
0.0011995
0.00181434
0.00146935
0.000993459
0.00189274
0.00239781
0.00285136
0.0021831
5.50593e-05
-1.24701e-35
6.18748e-05
5.09051e-35
0.00228658
0.0030988
0.0030988
0.0021831
0.00026493
0.000655531
0.00022862
0.000554244
0.00146935
0.00239781
0.00285136
0.0011995
0.000993459
0.00189274
0.00181434
-1.64117e-35
7.64218e-05
6.12706e-35
6.90777e-05
0.000764417
0.000303015
0.000343457
0.000879967
0.001665
0.00261072
0.00219548
0.00142377
0.00296557
0.00359303
0.00447799
0.00361707
0.00405206
0.00514461
0.00550211
0.00420436
6.12706e-35
6.90777e-05
-1.64117e-35
7.64218e-05
0.000879967
0.000343457
0.000764417
0.000303015
0.00550211
0.00514461
0.00405206
0.00361707
0.00219548
0.00142377
0.001665
0.00261072
0.00359303
0.00447799
0.00296557
-2.06242e-35
9.17599e-05
7.19826e-35
8.4083e-05
0.000385027
0.00112824
0.00100164
0.000428469
8.4083e-05
9.17599e-05
7.19826e-35
-2.06242e-35
0.00219131
0.00353252
0.0030574
0.00192135
0.00427695
0.00646752
0.00542986
0.00501281
0.00699006
0.00773217
0.00866366
0.00637341
0.00915709
0.00720471
0.00699006
0.00915709
0.000428469
0.00112824
0.00100164
0.000385027
0.00353252
0.00219131
0.0030574
0.00192135
0.00866366
0.00773217
0.00501281
0.00637341
0.00646752
0.00427695
0.00542986
-2.49748e-35
0.000107465
8.27502e-35
9.96709e-05
0.000472319
0.000517486
0.00139311
0.00125921
9.96709e-05
0.000107465
8.27502e-35
-2.49748e-35
0.00276339
0.0045543
0.00403274
0.00247253
0.000517486
0.00125921
0.00139311
0.000472319
0.00579576
0.00662016
0.00758423
0.00877255
0.0105147
0.0108082
0.0125331
0.00921373
0.0144387
0.0116426
0.0137828
0.0113534
0.0113534
0.0144387
0.0137828
0.0105147
0.00247253
0.0045543
0.00276339
0.00403274
0.0125331
0.00758423
0.00877255
0.00662016
0.00579576
0.00921373
0.0108082
-2.93273e-35
0.000115402
0.000123087
9.32721e-35
0.000562302
0.000607838
0.00166658
0.00152943
0.00336403
0.00564583
0.00509344
0.00306108
0.000115402
0.000123087
9.32721e-35
-2.93273e-35
0.00166658
0.000607838
0.00152943
0.000562302
0.00747992
0.00836869
0.0113291
0.0100239
0.00336403
0.00509344
0.00306108
0.00564583
0.0125053
0.0142923
0.0170179
0.0147057
0.0164321
0.0175319
0.0192838
0.0209051
0.0217501
0.0175319
0.0179099
0.0217501
0.0164321
0.0192838
0.0209051
0.0147057
0.00836869
0.0142923
0.0100239
0.00747992
0.0170179
0.0125053
0.0113291
-3.3547e-35
1.03249e-34
0.00013082
0.00013817
0.000652257
0.00069678
0.00194024
0.00180408
0.0039748
0.00677376
0.00620749
0.00366909
0.00013082
0.00013817
1.03249e-34
-3.3547e-35
0.00927946
0.0102055
0.0140612
0.0126783
0.00194024
0.00069678
0.00180408
0.000652257
0.00620749
0.00677376
0.0039748
0.00366909
0.0180835
0.0161565
0.0219934
0.0194531
0.0102055
0.00927946
0.0126783
0.0140612
0.0245365
0.0223191
0.0284015
0.0255158
0.0259381
0.0304466
0.026417
0.0315065
0.0315065
0.0245365
0.0259381
0.0304466
0.0223191
0.0194531
0.0161565
0.0255158
0.0180835
0.0219934
0.0284015
-3.75051e-35
0.000152269
1.12394e-34
0.000145472
0.000739443
0.000781599
0.00220568
0.0020747
0.00457684
0.00790322
0.00427781
0.00734061
0.0111393
0.0120741
0.0168852
0.0154672
0.000145472
0.000152269
1.12394e-34
-3.75051e-35
0.000781599
0.00220568
0.0020747
0.000739443
0.0273114
0.0220671
0.0200588
0.0246195
0.00790322
0.00457684
0.00734061
0.00427781
0.0154672
0.0111393
0.0120741
0.0168852
0.0367192
0.0324724
0.0288507
0.0322982
0.0200588
0.0273114
0.0220671
0.0246195
0.036986
0.0352456
0.0428185
0.0403001
0.044118
0.0375796
0.036986
0.044118
0.0324724
0.0367192
0.0322982
0.0352456
0.0428185
0.0403001
0.0288507
-4.10829e-35
0.000164964
1.20442e-34
0.000158925
0.000821201
0.00085971
0.00245473
0.00233295
0.00515152
0.00486841
0.0089992
0.00845769
0.0130019
0.0139163
0.0197134
0.0183044
-4.10829e-35
1.20442e-34
0.000158925
0.000164964
0.0300483
0.0240926
0.0261198
0.0328088
0.000821201
0.00085971
0.00245473
0.00233295
0.0089992
0.00515152
0.00845769
0.00486841
0.0394253
0.0456101
0.0411096
0.0358323
0.0183044
0.0197134
0.0130019
0.0139163
0.0240926
0.0261198
0.0300483
0.0328088
0.0510246
0.0553705
0.0455732
0.0489616
0.0456101
0.0394253
0.0358323
0.0411096
0.0517967
0.0510777
0.0599702
0.0584082
0.0510246
0.0599702
0.0553705
0.0584082
0.0489616
0.0510777
0.0455732
-4.41742e-35
0.00017588
1.2716e-34
0.000170777
0.000895043
0.000928741
0.00267976
0.00257092
0.00542267
0.00568115
0.0100278
0.00952413
0.0148094
0.0156751
0.0224582
0.0211018
0.000170777
0.00017588
1.2716e-34
-4.41742e-35
0.0355716
0.0281327
0.0301159
0.038315
0.000895043
0.00257092
0.00267976
0.000928741
0.0548015
0.0501859
0.0466767
0.0430495
0.00568115
0.0100278
0.00952413
0.00542267
0.0211018
0.0224582
0.0156751
0.0148094
0.0622947
0.0687884
0.0619962
0.056613
0.038315
0.0281327
0.0301159
0.0355716
0.0548015
0.0466767
0.0430495
0.0501859
0.0685794
0.066056
0.0739625
0.0775611
0.0619962
0.056613
0.0687884
0.0622947
0.0794061
0.0694358
0.0685794
0.066056
0.0775611
0.0739625
0.0794061
-4.66888e-35
0.000184689
1.32354e-34
0.000180677
0.00095873
0.000986603
0.00287392
0.00278132
0.000180677
0.000184689
1.32354e-34
-4.66888e-35
0.00592356
0.00614952
0.0109575
0.0105071
0.0165059
0.0172963
0.0250345
0.0237726
0.0436588
0.0410178
0.0320536
0.0339313
0.00278132
0.00095873
0.00287392
0.000986603
0.053827
0.0594208
0.0640079
0.0502785
0.00592356
0.0109575
0.0105071
0.00614952
0.0756942
0.0737618
0.0826601
0.068026
0.0250345
0.0172963
0.0237726
0.0165059
0.0436588
0.0339313
0.0320536
0.0410178
0.0868469
0.0903086
0.0963661
0.0820678
0.0640079
0.053827
0.0502785
0.0594208
0.0826601
0.0756942
0.068026
0.0737618
0.0898079
0.0908101
0.102708
0.100562
0.0868469
0.0820678
0.0903086
0.0963661
0.102708
0.0898079
0.100562
-4.8554e-35
0.000191131
1.35872e-34
0.00018833
0.00101034
0.00103155
0.00303132
0.00295777
0.00635579
0.00654237
0.0117597
0.0113763
0.00018833
0.000191131
1.35872e-34
-4.8554e-35
0.00295777
0.00303132
0.00101034
0.00103155
0.0180392
0.0187301
0.027363
0.0262345
0.0374482
0.0486748
0.0462179
0.0357339
0.0606541
0.068527
0.0729431
0.0572944
0.00635579
0.0113763
0.0117597
0.00654237
0.0850692
0.0965548
0.0896317
0.0794577
0.0180392
0.0262345
0.0187301
0.027363
0.106941
0.115807
0.0986213
0.106045
0.0462179
0.0486748
0.0374482
0.0357339
0.0606541
0.068527
0.0572944
0.0729431
0.115008
0.122795
0.127618
0.111586
0.0896317
0.0850692
0.0965548
0.0794577
0.0986213
0.115807
0.106045
0.106941
0.116166
0.111586
0.13008
0.13008
0.115008
0.122795
0.127618
-4.97164e-35
0.000195014
1.37613e-34
0.000193508
0.00104832
0.00106224
0.00314721
0.00309493
0.00670625
0.00684781
0.0124102
0.0121055
0.0193624
0.0284118
0.0199328
0.0293725
0.000193508
0.000195014
1.37613e-34
-4.97164e-35
0.00106224
0.00309493
0.00314721
0.00104832
0.0121055
0.0124102
0.00684781
0.00670625
0.0405587
0.0532085
0.0510111
0.0390603
0.0772219
0.0813302
0.0638799
0.0669473
0.11004
0.103375
0.0958659
0.0905528
0.0284118
0.0193624
0.0293725
0.0199328
0.115202
0.123341
0.135281
0.125578
0.0390603
0.0405587
0.0510111
0.0532085
0.134102
0.153372
0.140439
0.145417
0.0813302
0.0669473
0.0772219
0.0638799
0.11004
0.0958659
0.103375
0.0905528
0.161637
0.144344
0.158847
0.145663
0.115202
0.123341
0.125578
0.135281
0.140439
0.134102
0.161637
0.158847
0.145417
0.144344
0.153372
-5.01429e-35
0.000196222
1.37527e-34
0.000196058
0.00107153
0.00107775
0.00321812
0.00318868
0.00696436
0.00705665
0.0128893
0.0126725
0.000196058
0.000196222
1.37527e-34
-5.01429e-35
0.0204354
0.0310019
0.0302383
0.020868
0.0431679
0.0571211
0.0552505
0.041931
0.00318868
0.00321812
0.00107775
0.00107153
0.0126725
0.0128893
0.00705665
0.00696436
0.0204354
0.020868
0.0302383
0.0310019
0.0852366
0.0698322
0.0889109
0.0725133
0.122699
0.116498
0.105818
0.100967
0.131295
0.139002
0.154182
0.14484
0.0552505
0.041931
0.0431679
0.0571211
0.167725
0.166315
0.179169
0.156655
0.0698322
0.0852366
0.0889109
0.0725133
0.177879
0.188118
0.194262
0.173476
0.116498
0.122699
0.105818
0.100967
0.154182
0.139002
0.14484
0.131295
0.197389
0.179364
0.177879
0.197389
0.167725
0.156655
0.194262
0.179169
0.166315
0.173476
0.188118
-4.9822e-35
0.000194721
1.35616e-34
0.000195904
0.00107928
0.00107761
0.00324192
0.00323621
0.00712236
0.00716261
0.0131826
0.0130601
0.0212257
0.0215074
0.0322021
0.0316585
0.000195904
0.000194721
1.35616e-34
-4.9822e-35
0.00107761
0.00323621
0.00324192
0.00107928
0.0451968
0.0602938
0.0588067
0.0442588
0.0771823
0.0954533
0.0923253
0.0749692
0.00716261
0.00712236
0.0130601
0.0131826
0.0316585
0.0212257
0.0322021
0.0215074
0.0451968
0.0442588
0.0602938
0.0588067
0.128595
0.13414
0.11462
0.110381
0.146401
0.153437
0.171923
0.163233
0.189026
0.178544
0.204206
0.191832
0.0749692
0.0923253
0.0771823
0.0954533
0.226942
0.216982
0.210659
0.202658
0.110381
0.11462
0.13414
0.128595
0.215571
0.233767
0.237236
0.217226
0.171923
0.163233
0.146401
0.153437
0.178544
0.189026
0.191832
0.204206
0.215571
0.210659
0.237236
0.233767
0.202658
0.216982
0.226942
-4.8763e-35
0.000190554
1.31937e-34
0.00019305
0.00107134
0.00106184
0.0032179
0.00323608
0.0132569
0.00717552
0.00716252
0.0132814
0.00019305
0.000190554
1.31937e-34
-4.8763e-35
0.0217095
0.021832
0.032937
0.0326296
0.0465842
0.0626307
0.0615719
0.0459734
0.00106184
0.00323608
0.0032179
0.00107134
0.0132569
0.0132814
0.00717552
0.00716252
0.0808129
0.100758
0.0982716
0.0791348
0.122004
0.139294
0.118505
0.144015
0.0326296
0.032937
0.021832
0.0217095
0.0615719
0.0459734
0.0465842
0.0626307
0.100758
0.0808129
0.0791348
0.0982716
0.160055
0.180187
0.187959
0.166204
0.199091
0.208661
0.227709
0.216196
0.242985
0.258661
0.23098
0.244543
0.118505
0.139294
0.144015
0.122004
0.251838
0.257263
0.269641
0.277151
0.160055
0.187959
0.180187
0.166204
0.280964
0.280964
0.259091
0.257263
0.208661
0.227709
0.199091
0.216196
0.277151
0.269641
0.244543
0.23098
0.258661
0.251838
0.242985
-4.6997e-35
0.000183845
1.26596e-34
0.000187581
0.00104794
0.00103089
0.00314678
0.00318831
0.0131825
0.0132568
0.00712224
0.0070564
0.0218724
0.021832
0.0331843
0.0331226
0.000187581
0.000183845
1.26596e-34
-4.6997e-35
0.00103089
0.00318831
0.00314678
0.00104794
0.0472884
0.0640615
0.0634629
0.0470231
0.0832956
0.104666
0.102895
0.082203
0.0132568
0.0131825
0.0070564
0.00712224
0.0331226
0.0218724
0.0331843
0.021832
0.127746
0.152022
0.125092
0.148268
0.171838
0.195182
0.201799
0.176914
0.0472884
0.0470231
0.0640615
0.0634629
0.082203
0.102895
0.104666
0.0832956
0.125092
0.148268
0.152022
0.127746
0.217663
0.238655
0.226027
0.248952
0.257566
0.288435
0.269948
0.27385
0.303895
0.287038
0.315891
0.296744
0.171838
0.195182
0.176914
0.201799
0.32824
0.302685
0.304684
0.324084
0.217663
0.226027
0.248952
0.238655
0.302685
0.32824
0.324084
0.296744
0.27385
0.269948
0.257566
0.288435
0.303895
0.287038
0.315891
-4.45753e-35
0.000174794
1.19749e-34
0.000179661
0.00100978
0.000985709
0.00303068
0.00309433
0.0068474
0.0128891
0.0130599
0.00696411
0.000179661
0.000174794
1.19749e-34
-4.45753e-35
0.0217095
0.0215073
0.0329369
0.0331226
0.0472884
0.0645433
0.0473766
0.0644228
0.000985709
0.00309433
0.00303068
0.00100978
0.0130599
0.0128891
0.00696411
0.0068474
0.0845559
0.107059
0.106057
0.0840815
0.155247
0.131672
0.15792
0.129944
0.0215073
0.0217095
0.0329369
0.0331226
0.0473766
0.0644228
0.0645433
0.0472884
0.181394
0.185243
0.20776
0.213021
0.233691
0.240595
0.267285
0.258519
0.0845559
0.107059
0.0840815
0.106057
0.15792
0.131672
0.129944
0.155247
0.213021
0.181394
0.20776
0.185243
0.281596
0.302302
0.292418
0.315346
0.352256
0.33547
0.334443
0.32008
0.351447
0.365258
0.374125
0.344996
0.233691
0.267285
0.240595
0.258519
0.351447
0.37862
0.353618
0.37862
0.315346
0.302302
0.281596
0.292418
0.344996
0.352256
0.33547
0.365258
0.374125
0.32008
0.334443
-4.15688e-35
0.00016367
1.11595e-34
0.000169524
0.000958016
0.00295695
0.000927639
0.0028731
0.00654181
0.0124099
0.0126721
0.00670589
0.000169524
0.00016367
1.11595e-34
-4.15688e-35
0.0212256
0.0208678
0.0322021
0.0326296
0.000927639
0.00295695
0.0028731
0.000958016
0.0465842
0.0470231
0.0640615
0.0644228
0.0845559
0.107864
0.107662
0.084714
0.00670589
0.0126721
0.0124099
0.00654181
0.0208678
0.0326296
0.0212256
0.0322021
0.160019
0.133665
0.161531
0.132915
0.190938
0.188432
0.221287
0.217541
0.0470231
0.0640615
0.0644228
0.0465842
0.107662
0.107864
0.0845559
0.084714
0.246688
0.282152
0.275183
0.251923
0.338572
0.302334
0.311268
0.327467
0.161531
0.133665
0.132915
0.160019
0.188432
0.217541
0.221287
0.190938
0.246688
0.251923
0.275183
0.282152
0.369193
0.349946
0.363397
0.385125
0.403211
0.417197
0.396098
0.384713
0.431551
0.40539
0.426725
0.403052
0.327467
0.311268
0.302334
0.338572
0.431551
0.403052
0.426725
0.396098
0.417197
0.369193
0.403211
0.349946
0.384713
0.363397
0.385125
-3.80661e-35
0.000150806
1.02371e-34
0.000157472
0.000157472
0.000150806
1.02371e-34
-3.80661e-35
0.000894191
0.00267879
0.00278031
0.000858434
0.00614884
0.0117593
0.0121051
0.00635533
0.0204352
0.0199325
0.0310018
0.0316584
0.00278031
0.00267879
0.000894191
0.000858434
0.0459734
0.0451968
0.0626308
0.063463
0.0121051
0.0117593
0.00614884
0.00635533
0.0832957
0.107059
0.107663
0.0840815
0.133665
0.162746
0.162442
0.133916
0.0199325
0.0316584
0.0204352
0.0310018
0.0451968
0.0626308
0.0459734
0.063463
0.192741
0.193828
0.226348
0.22423
0.256261
0.259669
0.28814
0.293102
0.107059
0.0832957
0.0840815
0.107663
0.133665
0.133916
0.162442
0.162746
0.319151
0.325925
0.357405
0.348577
0.375721
0.413492
0.386823
0.399929
0.192741
0.22423
0.193828
0.226348
0.256261
0.293102
0.259669
0.28814
0.319151
0.357405
0.348577
0.325925
0.456128
0.437258
0.420612
0.43678
0.481236
0.471068
0.449455
0.456898
0.456898
0.4594
0.486383
0.486383
0.375721
0.399929
0.413492
0.386823
0.481236
0.437258
0.449455
0.471068
0.43678
0.456128
0.420612
-3.41718e-35
0.000136583
9.23446e-35
0.000143866
0.000820238
0.000780187
0.00245363
0.00256975
0.000143866
0.000136583
9.23446e-35
-3.41718e-35
0.00256975
0.00245363
0.000820238
0.000780187
0.00568036
0.0109569
0.0113758
0.005923
0.0193622
0.0187298
0.0293723
0.0302381
0.0442588
0.0431679
0.0602939
0.061572
0.005923
0.00568036
0.0113758
0.0109569
0.0808131
0.104666
0.106058
0.082203
0.0302381
0.0293723
0.0193622
0.0187298
0.131672
0.161531
0.162442
0.132915
0.194192
0.228052
0.227625
0.193829
0.0442588
0.0602939
0.0431679
0.061572
0.104666
0.106058
0.0808131
0.082203
0.263601
0.299806
0.262122
0.297001
0.331538
0.335948
0.371278
0.364991
0.161531
0.132915
0.162442
0.131672
0.193829
0.227625
0.194192
0.228052
0.396621
0.40504
0.436495
0.425712
0.473662
0.489727
0.451594
0.464939
0.297001
0.262122
0.263601
0.299806
0.335948
0.331538
0.371278
0.364991
0.396621
0.436495
0.425712
0.40504
0.526146
0.510288
0.491398
0.504378
0.514952
0.512293
0.536929
0.542384
0.512293
0.542384
0.504378
0.536929
0.451594
0.491398
0.489727
0.464939
0.510288
0.526146
0.473662
-3.00039e-35
0.000129108
0.000121425
8.18049e-35
0.000738398
0.000695276
0.00220449
0.00233166
0.00515064
0.0100272
0.0105064
0.00542204
0.000129108
0.000121425
8.18049e-35
-3.00039e-35
0.000695276
0.00233166
0.00220449
0.000738398
0.0105064
0.0100272
0.00515064
0.00542204
0.0180389
0.0172959
0.0273628
0.0284117
0.0419309
0.0405587
0.0571212
0.0588068
0.0791349
0.0771825
0.100759
0.102896
0.0172959
0.0284117
0.0180389
0.0273628
0.127746
0.15792
0.16002
0.129945
0.0419309
0.0571212
0.0588068
0.0405587
0.227626
0.192741
0.190938
0.226348
0.302064
0.264095
0.263601
0.301498
0.0771825
0.0791349
0.102896
0.100759
0.129945
0.16002
0.15792
0.127746
0.339122
0.379771
0.376216
0.341036
0.412016
0.453438
0.417497
0.44576
0.227626
0.192741
0.190938
0.226348
0.302064
0.263601
0.301498
0.264095
0.516973
0.5042
0.486836
0.476717
0.543188
0.527596
0.546372
0.564904
0.339122
0.379771
0.376216
0.341036
0.412016
0.453438
0.417497
0.44576
0.5042
0.476717
0.516973
0.486836
0.560102
0.593002
0.568467
0.581634
0.598751
0.598751
0.571278
0.568467
0.560102
0.564904
0.581634
0.593002
0.543188
0.546372
0.527596
-2.56903e-35
7.10524e-35
0.000113638
0.000105779
0.000651163
0.000606288
0.00193899
0.00207332
0.00457591
0.00899856
0.00952345
0.00486773
0.000113638
0.000105779
7.10524e-35
-2.56903e-35
0.0165056
0.0156747
0.0250343
0.0262343
0.000606288
0.00207332
0.00193899
0.000651163
0.00486773
0.00457591
0.00952345
0.00899856
0.0156747
0.0262343
0.0250343
0.0165056
0.0390602
0.0374482
0.0532086
0.0552506
0.0725135
0.0954536
0.098272
0.0749694
0.122005
0.152022
0.155248
0.125092
0.0390602
0.0552506
0.0532086
0.0374482
0.188432
0.221287
0.22423
0.185243
0.0954536
0.098272
0.0725135
0.0749694
0.259669
0.299807
0.262122
0.301499
0.382631
0.341675
0.341036
0.381914
0.152022
0.122005
0.125092
0.155248
0.22423
0.188432
0.221287
0.185243
0.45947
0.421442
0.42382
0.463812
0.50181
0.527947
0.495222
0.537041
0.259669
0.299807
0.262122
0.301499
0.382631
0.341036
0.341675
0.381914
0.596333
0.5816
0.568772
0.556949
0.619135
0.601362
0.615799
0.636687
0.421442
0.463812
0.45947
0.42382
0.537041
0.527947
0.495222
0.50181
0.556949
0.5816
0.568772
0.596333
0.627546
0.624593
0.648605
0.654631
0.654631
0.624593
0.615799
0.636687
0.648605
0.619135
0.601362
-2.13655e-35
9.01028e-05
6.03881e-35
9.79101e-05
9.79101e-05
9.01028e-05
6.03881e-35
-2.13655e-35
0.000561193
0.000515938
0.00166531
0.00180266
0.00397385
0.00790255
0.00845696
0.0042771
0.0148091
0.0139159
0.022458
0.0237724
0.00180266
0.00166531
0.000561193
0.000515938
0.0357338
0.0339313
0.048675
0.0510113
0.00845696
0.00397385
0.00790255
0.0042771
0.022458
0.0139159
0.0237724
0.0148091
0.0357338
0.0510113
0.048675
0.0339313
0.0698324
0.0669476
0.0889113
0.0923257
0.114621
0.144015
0.148269
0.118505
0.181394
0.217542
0.176915
0.213022
0.0889113
0.0923257
0.0669476
0.0698324
0.251923
0.297001
0.256261
0.293102
0.114621
0.118505
0.148269
0.144015
0.379771
0.381914
0.339122
0.335948
0.46643
0.424615
0.467305
0.423821
0.217542
0.181394
0.176915
0.213022
0.297001
0.256261
0.251923
0.293102
0.509411
0.549327
0.544185
0.506551
0.586266
0.608992
0.619483
0.578569
0.335948
0.339122
0.381914
0.379771
0.467305
0.423821
0.424615
0.46643
0.672111
0.648297
0.655505
0.63482
0.670606
0.679798
0.702857
0.690426
0.506551
0.509411
0.544185
0.549327
0.578569
0.586266
0.619483
0.608992
0.648297
0.672111
0.63482
0.655505
0.682885
0.709139
0.709139
0.679798
0.690426
0.702857
0.670606
-1.71659e-35
7.48443e-05
5.01013e-35
8.23793e-05
-1.71659e-35
8.23793e-05
7.48443e-05
5.01013e-35
0.000471228
0.000426971
0.00139187
0.00152801
0.00152801
0.00139187
0.000471228
0.000426971
0.00366837
0.00336307
0.00677308
0.00733986
0.0130015
0.0120736
0.0197132
0.0211016
0.0320535
0.0301159
0.043659
0.0462181
0.00733986
0.00677308
0.00336307
0.00366837
0.0638801
0.0606545
0.0813307
0.0852372
0.0120736
0.0211016
0.0197132
0.0130015
0.0320535
0.0462181
0.043659
0.0301159
0.0606545
0.0638801
0.0852372
0.0813307
0.105819
0.134141
0.139294
0.110381
0.171839
0.201799
0.166205
0.207761
0.288141
0.246688
0.240596
0.282152
0.105819
0.134141
0.139294
0.110381
0.376217
0.325925
0.331538
0.371278
0.166205
0.207761
0.201799
0.171839
0.463812
0.46643
0.417497
0.421442
0.509411
0.552428
0.553464
0.510366
0.288141
0.282152
0.240596
0.246688
0.331538
0.376217
0.325925
0.371278
0.633656
0.591806
0.595146
0.627724
0.668238
0.698203
0.686379
0.659464
0.463812
0.421442
0.417497
0.46643
0.510366
0.552428
0.509411
0.553464
0.707917
0.723631
0.741963
0.722946
0.733193
0.736402
0.754864
0.761381
0.595146
0.591806
0.627724
0.633656
0.698203
0.659464
0.686379
0.668238
0.761381
0.707917
0.754864
0.733193
0.723631
0.741963
0.722946
6.74831e-05
6.04241e-05
4.04561e-35
-1.32252e-35
-1.32252e-35
6.04241e-05
4.04561e-35
6.74831e-05
0.000383987
0.000342053
0.00112706
0.00125783
0.000383987
0.000342053
0.00125783
0.00112706
0.00276246
0.00564516
0.00620673
0.00306037
0.00620673
0.00564516
0.00276246
0.00306037
0.011139
0.0102051
0.016885
0.0183041
0.0281326
0.0261198
0.0383152
0.041018
0.0572946
0.0538273
0.0729436
0.0772225
0.016885
0.0102051
0.0183041
0.011139
0.100968
0.0958665
0.1227
0.128596
0.0261198
0.0281326
0.041018
0.0383152
0.0729436
0.0572946
0.0772225
0.0538273
0.100968
0.128596
0.1227
0.0958665
0.195182
0.160055
0.153438
0.18796
0.275184
0.233691
0.267286
0.226028
0.364992
0.311268
0.357406
0.319152
0.195182
0.18796
0.160055
0.153438
0.459471
0.405041
0.453439
0.412016
0.275184
0.226028
0.233691
0.267286
0.50181
0.549328
0.506552
0.552428
0.637233
0.638428
0.596263
0.595147
0.364992
0.357406
0.311268
0.319152
0.405041
0.412016
0.459471
0.453439
0.67836
0.714178
0.707492
0.674553
0.745184
0.757715
0.770767
0.7354
0.506552
0.549328
0.552428
0.50181
0.595147
0.596263
0.637233
0.638428
0.773988
0.790419
0.803745
0.783885
0.783885
0.787208
0.810476
0.810476
0.707492
0.674553
0.714178
0.67836
0.745184
0.770767
0.757715
0.803745
0.790419
0.7354
0.773988
5.36206e-05
4.72144e-05
3.16781e-35
-9.66771e-36
0.00100035
0.000878874
0.000302058
0.000263662
-9.66771e-36
4.72144e-05
3.16781e-35
5.36206e-05
0.000302058
0.000263662
0.000878874
0.00100035
0.00219044
0.00455366
0.0050927
0.00247185
0.00455366
0.00219044
0.00247185
0.0050927
0.00927911
0.00836826
0.014061
0.015467
0.00836826
0.015467
0.014061
0.00927911
0.0240925
0.022067
0.032809
0.0355718
0.0502787
0.046677
0.0640084
0.0685277
0.0850699
0.110041
0.116499
0.0905532
0.022067
0.0240925
0.0355718
0.032809
0.146402
0.139002
0.171924
0.180188
0.046677
0.0640084
0.0502787
0.0685277
0.110041
0.0905532
0.116499
0.0850699
0.139002
0.180188
0.146402
0.171924
0.208662
0.217663
0.248953
0.258521
0.348578
0.292419
0.338573
0.302335
0.436496
0.386824
0.445761
0.396622
0.258521
0.248953
0.208662
0.217663
0.486837
0.544186
0.537041
0.495222
0.292419
0.302335
0.348578
0.338573
0.633656
0.586266
0.637233
0.591806
0.679633
0.719556
0.718209
0.67836
0.445761
0.436496
0.396622
0.386824
0.544186
0.495222
0.486837
0.537041
0.781022
0.752226
0.756472
0.788403
0.814733
0.804035
0.834948
0.820808
0.633656
0.591806
0.586266
0.637233
0.679633
0.719556
0.718209
0.67836
0.834431
0.848651
0.831009
0.855571
0.831009
0.848651
0.820808
0.855571
0.781022
0.756472
0.788403
0.752226
0.834948
0.814733
0.804035
4.11324e-05
3.55183e-05
2.39399e-35
-6.60213e-36
0.000763248
0.000654559
0.000227771
0.000193952
-6.60213e-36
3.55183e-05
2.39399e-35
4.11324e-05
0.00403205
0.00353192
0.0016642
0.00192072
0.000227771
0.000193952
0.000654559
0.000763248
0.0016642
0.00353192
0.00403205
0.00192072
0.00747958
0.00661975
0.0113289
0.0126781
0.0126781
0.0113289
0.00747958
0.00661975
0.0200588
0.0180835
0.0273116
0.0300485
0.0200588
0.0300485
0.0273116
0.0180835
0.0430497
0.0394256
0.0548021
0.0594215
0.0794581
0.0737625
0.0965557
0.103376
0.131296
0.123342
0.154183
0.163234
0.0548021
0.0430497
0.0594215
0.0394256
0.238657
0.199092
0.22771
0.189027
0.0737625
0.0965557
0.103376
0.0794581
0.123342
0.163234
0.154183
0.131296
0.238657
0.189027
0.199092
0.22771
0.315347
0.269949
0.327468
0.281596
0.413493
0.425713
0.363398
0.375721
0.527947
0.46494
0.516973
0.476717
0.269949
0.327468
0.315347
0.281596
0.568772
0.619483
0.627725
0.578569
0.363398
0.413493
0.425713
0.375721
0.668238
0.714178
0.674553
0.718209
0.757891
0.756472
0.792854
0.794341
0.476717
0.46494
0.527947
0.516973
0.627725
0.578569
0.619483
0.568772
0.846057
0.854053
0.827075
0.822432
0.873735
0.863271
0.874757
0.888787
0.674553
0.714178
0.668238
0.718209
0.794341
0.757891
0.756472
0.792854
0.877247
0.873735
0.895871
0.895871
0.846057
0.827075
0.863271
0.888787
0.822432
0.854053
0.874757
3.02787e-05
2.55475e-05
1.73469e-35
-4.11319e-36
0.000553227
0.000460188
0.000163073
0.000134626
-4.11319e-36
2.55475e-05
1.73469e-35
3.02787e-05
0.00305676
0.00261017
0.0011988
0.00142321
0.000163073
0.000134626
0.000460188
0.000553227
0.0100237
0.00877235
0.00579544
0.00501243
0.0011988
0.00261017
0.00305676
0.00142321
0.00579544
0.00501243
0.00877235
0.0100237
0.0161564
0.0142923
0.0219936
0.0246198
0.0161564
0.0246198
0.0219936
0.0142923
0.0358325
0.0322986
0.0456107
0.0501866
0.0322986
0.0358325
0.0501866
0.0456107
0.0622954
0.082661
0.0896327
0.0680264
0.115203
0.106942
0.135282
0.144842
0.178545
0.216198
0.167726
0.204208
0.0622954
0.0896327
0.082661
0.0680264
0.244544
0.302304
0.288436
0.257566
0.106942
0.135282
0.144842
0.115203
0.204208
0.167726
0.216198
0.178545
0.288436
0.244544
0.257566
0.302304
0.39993
0.335471
0.385126
0.349946
0.436781
0.504201
0.489728
0.451594
0.543189
0.596334
0.608993
0.556949
0.385126
0.39993
0.335471
0.349946
0.698203
0.648297
0.659464
0.707492
0.504201
0.451594
0.436781
0.489728
0.745184
0.788403
0.752226
0.792854
0.860485
0.828627
0.827075
0.858874
0.608993
0.543189
0.556949
0.596334
0.698203
0.659464
0.707492
0.648297
0.883023
0.900612
0.909123
0.888008
0.923429
0.911304
0.914891
0.930652
0.792854
0.745184
0.788403
0.752226
0.828627
0.858874
0.827075
0.860485
0.888008
0.900612
0.909123
0.911304
0.930652
0.923429
0.883023
2.12179e-05
1.74018e-05
1.19232e-35
-2.25248e-36
0.000375622
0.000300236
0.000109384
8.67852e-05
-2.25248e-36
1.74018e-05
1.19232e-35
2.12179e-05
0.00219491
0.00181387
0.000806233
0.000992971
0.000109384
8.67852e-05
0.000300236
0.000375622
0.00758401
0.00646731
0.00427666
0.00359268
0.000806233
0.00181387
0.00219491
0.000992971
0.0125052
0.0194533
0.0170181
0.0108082
0.00427666
0.00359268
0.00646731
0.00758401
0.0125052
0.0108082
0.0170181
0.0194533
0.0288509
0.0255161
0.0367197
0.0411102
0.0288509
0.0411102
0.0255161
0.0367197
0.0566134
0.0510253
0.0687893
0.0756952
0.0687893
0.0510253
0.0566134
0.0756952
0.0986219
0.0903095
0.115808
0.12558
0.191833
0.156655
0.145419
0.17917
0.258662
0.273852
0.216983
0.230981
0.0903095
0.12558
0.115808
0.0986219
0.303896
0.352257
0.369195
0.320081
0.17917
0.145419
0.191833
0.156655
0.258662
0.216983
0.273852
0.230981
0.303896
0.352257
0.320081
0.369195
0.473663
0.456129
0.403213
0.420612
0.510289
0.564905
0.581601
0.527596
0.672111
0.634821
0.68638
0.619136
0.473663
0.456129
0.403213
0.420612
0.7354
0.722946
0.781023
0.770768
0.564905
0.527596
0.510289
0.581601
0.854053
0.814733
0.822433
0.858874
0.915971
0.914256
0.889674
0.888008
0.619136
0.672111
0.634821
0.68638
0.770768
0.781023
0.7354
0.722946
0.943034
0.951946
0.932156
0.937418
0.946684
0.95928
0.95928
0.943034
0.822433
0.854053
0.858874
0.814733
0.914256
0.951946
0.889674
0.915971
0.937418
0.932156
0.888008
1.3985e-05
1.10468e-05
7.59728e-36
-1.02785e-36
-1.02785e-36
1.10468e-05
7.59728e-36
1.3985e-05
0.000233931
0.000177105
6.74518e-05
5.07844e-05
0.00146886
0.00116181
0.000494395
0.000640082
6.74518e-05
5.07844e-05
0.000177105
0.000233931
0.00239749
0.00542964
0.00447779
0.0029653
0.000494395
0.00116181
0.00146886
0.000640082
0.00921364
0.0147058
0.0125332
0.0077321
0.0029653
0.00239749
0.00447779
0.00542964
0.0223193
0.0324729
0.028402
0.019284
0.00921364
0.0077321
0.0125332
0.0147058
0.0223193
0.019284
0.028402
0.0324729
0.0455736
0.0403007
0.0553713
0.0619972
0.0455736
0.0619972
0.0553713
0.0403007
0.0820684
0.0739634
0.0963671
0.106046
0.106046
0.0739634
0.0963671
0.0820684
0.166317
0.134102
0.153373
0.122796
0.188119
0.202658
0.242986
0.226944
0.269642
0.334444
0.315893
0.287039
0.153373
0.122796
0.166317
0.134102
0.365259
0.437259
0.417198
0.384714
0.188119
0.226944
0.202658
0.242986
0.315893
0.269642
0.334444
0.287039
0.437259
0.365259
0.417198
0.384714
0.546373
0.471069
0.526147
0.491399
0.636688
0.581635
0.655505
0.601363
0.707918
0.690427
0.741964
0.757715
0.471069
0.526147
0.546373
0.491399
0.79042
0.846057
0.804036
0.834948
0.581635
0.655505
0.601363
0.636688
0.874757
0.909124
0.883023
0.914256
0.959116
0.937418
0.939177
0.95732
0.707918
0.757715
0.741964
0.690427
0.804036
0.834948
0.79042
0.846057
0.98123
0.972044
0.968346
0.973812
0.973812
0.95732
0.968346
0.98123
0.909124
0.883023
0.874757
0.914256
0.939177
0.959116
0.937418
-3.91411e-37
6.2938e-06
4.18907e-36
8.47104e-06
8.47104e-06
6.2938e-06
4.18907e-36
-3.91411e-37
0.000129337
9.06315e-05
3.7199e-05
2.60698e-05
3.7199e-05
2.60698e-05
9.06315e-05
0.000129337
0.00089337
0.000664217
0.000266012
0.000369994
0.00361684
0.00285114
0.00189249
0.00145131
0.000266012
0.000664217
0.000369994
0.00089337
0.0063733
0.0105148
0.00866367
0.00514449
0.00189249
0.00145131
0.00285114
0.00361684
0.0164322
0.0245369
0.013783
0.0209054
0.0063733
0.00514449
0.00866367
0.0105148
0.035246
0.0489625
0.0428191
0.0304471
0.0164322
0.013783
0.0209054
0.0245369
0.035246
0.0304471
0.0428191
0.0489625
0.0660566
0.0584091
0.0775621
0.0868481
0.0660566
0.0868481
0.0584091
0.0775621
0.100563
0.127619
0.111587
0.14044
0.100563
0.14044
0.127619
0.111587
0.194264
0.210661
0.158848
0.173477
0.233769
0.296746
0.251839
0.277152
0.324086
0.374126
0.3961
0.344997
0.194264
0.158848
0.210661
0.173477
0.426726
0.504379
0.481237
0.449456
0.277152
0.233769
0.251839
0.296746
0.3961
0.324086
0.374126
0.344997
0.481237
0.426726
0.504379
0.449456
0.593003
0.615801
0.53693
0.560102
0.702857
0.648606
0.723631
0.670606
0.773988
0.803745
0.820809
0.754864
0.53693
0.615801
0.560102
0.593003
0.863271
0.888787
0.848651
0.900613
0.670606
0.702857
0.723631
0.648606
0.932156
0.95732
0.92343
0.951947
0.98862
0.973812
0.986769
0.975639
0.754864
0.773988
0.820809
0.803745
0.863271
0.900613
0.888787
0.848651
0.986769
0.990503
0.996095
0.996095
0.951947
0.98862
0.975639
0.95732
0.932156
0.92343
0.973812
4.40238e-06
2.78272e-06
1.40469e-36
-2.24834e-37
-2.24834e-37
2.78272e-06
1.40469e-36
4.40238e-06
1.75592e-05
1.10174e-05
3.7564e-05
6.02011e-05
6.02011e-05
3.7564e-05
1.75592e-05
1.10174e-05
0.000473579
0.000320588
0.000117464
0.000182408
0.000117464
0.000182408
0.000320588
0.000473579
0.00218284
0.00161315
0.00107516
0.000762686
0.00405192
0.00699005
0.00550204
0.00309862
0.00107516
0.000762686
0.00161315
0.00218284
0.0113535
0.0175323
0.0144389
0.00915715
0.00405192
0.00309862
0.00550204
0.00699005
0.0259383
0.0369868
0.0315071
0.0217505
0.0113535
0.00915715
0.0144389
0.0175323
0.0510782
0.0685805
0.0599711
0.0441187
0.0259383
0.0217505
0.0315071
0.0369868
0.0685805
0.0510782
0.0441187
0.0599711
0.0794071
0.102709
0.11501
0.0898086
0.0898086
0.11501
0.0794071
0.102709
0.17788
0.130081
0.144345
0.161638
0.17788
0.130081
0.161638
0.144345
0.19739
0.237238
0.257265
0.215572
0.280965
0.328241
0.351449
0.302686
0.431552
0.456899
0.378621
0.403053
0.237238
0.19739
0.257265
0.215572
0.486385
0.568469
0.542386
0.512294
0.351449
0.328241
0.280965
0.302686
0.378621
0.456899
0.403053
0.431552
0.486385
0.568469
0.542386
0.512294
0.624594
0.598752
0.654631
0.679799
0.733193
0.709139
0.783886
0.761382
0.873736
0.810476
0.831009
0.855571
0.654631
0.679799
0.598752
0.624594
0.943035
0.930652
0.911305
0.895871
0.709139
0.761382
0.733193
0.783886
0.95928
0.968346
0.986769
0.98123
1.00172
0.997964
0.996095
1.0036
0.855571
0.810476
0.831009
0.873736
0.895871
0.911305
0.943035
0.930652
0.996095
0.986769
0.997964
1.0036
0.95928
0.98123
0.968346
-3.76558e-37
1.33407e-06
1.33407e-06
-3.76558e-37
2.15206e-05
6.31635e-06
6.31635e-06
2.15206e-05
0.000202796
7.00782e-05
7.00782e-05
0.000202796
0.000512539
0.00114066
0.000512539
0.00114066
0.0022864
0.00420424
0.00720467
0.0116428
0.0022864
0.00420424
0.0179101
0.0264175
0.0116428
0.00720467
0.03758
0.0517976
0.0264175
0.0179101
0.0694365
0.0908114
0.03758
0.0517976
0.0694365
0.0908114
0.116167
0.145664
0.116167
0.145664
0.179365
0.217228
0.217228
0.179365
0.259092
0.304686
0.353619
0.405392
0.514954
0.459401
0.304686
0.259092
0.627547
0.571279
0.405392
0.353619
0.459401
0.514954
0.627547
0.571279
0.682885
0.736403
0.834432
0.787208
0.914891
0.877247
0.682885
0.736403
0.972044
0.946685
0.834432
0.787208
1.00172
0.990503
1.00548
1.00172
0.877247
0.914891
0.946685
0.990503
0.972044
0.0794071
0.19739
0.161638
2.78272e-06
0.102709
0.130081
0.102709
0.130081
0.0794071
0.000320588
0.000762686
0.0599711
0.161638
0.00309862
0.0441187
0.0315071
0.19739
0.0217505
0.0144389
0.237238
0.00915715
0.00550204
0.280965
0.00161315
0.328241
0.378621
0.000117464
3.7564e-05
0.431552
1.10174e-05
0.486385
0.542386
2.78272e-06
0.237238
0.280965
0.598752
0.654631
0.378621
0.709139
1.10174e-05
0.761382
0.810476
3.7564e-05
0.855571
0.895871
0.000117464
0.930652
0.95928
0.000320588
0.810476
0.98123
0.855571
0.996095
0.000762686
1.0036
1.0036
0.00161315
0.996095
0.98123
0.00309862
0.95928
0.930652
0.00550204
0.895871
0.00915715
0.761382
0.0144389
0.709139
0.654631
0.0217505
0.598752
0.542386
0.0315071
0.486385
0.431552
0.0441187
0.328241
0.0599711
1.40469e-36
1.40469e-36
-2.24834e-37
4.40238e-06
4.40238e-06
-2.24834e-37
6.02011e-05
1.75592e-05
1.75592e-05
6.02011e-05
0.000182408
0.000473579
0.000182408
0.000473579
0.00218284
0.00107516
0.00107516
0.00218284
0.00699005
0.00405192
0.0175323
0.0113535
0.00405192
0.00699005
0.0259383
0.0369868
0.0175323
0.0113535
0.0685805
0.0510782
0.0259383
0.0369868
0.0898086
0.11501
0.0510782
0.0685805
0.0898086
0.11501
0.17788
0.144345
0.17788
0.144345
0.215572
0.257265
0.257265
0.215572
0.351449
0.302686
0.456899
0.403053
0.512294
0.568469
0.302686
0.351449
0.679799
0.624594
0.456899
0.403053
0.568469
0.512294
0.624594
0.679799
0.733193
0.783886
0.873736
0.831009
0.911305
0.943035
0.783886
0.733193
0.986769
0.968346
0.873736
0.831009
1.00172
0.997964
0.997964
0.986769
0.943035
0.911305
0.968346
0.158848
0.127619
0.127619
0.100563
0.158848
0.0775621
9.06315e-05
0.0584091
0.0428191
0.194264
0.0304471
0.233769
0.0209054
0.013783
0.00866367
0.277152
0.00514449
0.324086
0.00285114
0.00145131
0.000664217
0.374126
0.000266012
0.426726
2.60698e-05
6.2938e-06
0.481237
0.53693
6.2938e-06
0.593003
0.194264
0.648606
0.702857
0.277152
2.60698e-05
0.754864
0.803745
0.426726
0.848651
9.06315e-05
0.888787
0.000266012
0.92343
0.951947
0.973812
0.702857
0.000664217
0.98862
0.00145131
0.848651
0.996095
0.996095
0.98862
0.00285114
0.973812
0.00514449
0.951947
0.92343
0.888787
0.00866367
0.013783
0.803745
0.754864
0.0209054
0.648606
0.0304471
0.593003
0.53693
0.481237
0.0428191
0.0584091
0.374126
0.324086
0.0775621
0.233769
0.100563
4.18907e-36
4.18907e-36
-3.91411e-37
8.47104e-06
8.47104e-06
-3.91411e-37
0.000129337
3.7199e-05
3.7199e-05
0.000129337
0.000369994
0.00089337
0.00089337
0.000369994
0.00361684
0.00189249
0.00189249
0.00361684
0.0105148
0.0063733
0.0164322
0.0245369
0.0063733
0.0105148
0.035246
0.0489625
0.0245369
0.0164322
0.0660566
0.0868481
0.0489625
0.035246
0.14044
0.111587
0.0660566
0.0868481
0.14044
0.111587
0.173477
0.210661
0.210661
0.173477
0.296746
0.251839
0.251839
0.296746
0.3961
0.344997
0.504379
0.449456
0.560102
0.615801
0.3961
0.344997
0.670606
0.723631
0.449456
0.504379
0.615801
0.560102
0.670606
0.723631
0.773988
0.820809
0.863271
0.900613
0.932156
0.95732
0.820809
0.773988
0.986769
0.975639
0.863271
0.900613
0.990503
0.986769
0.975639
0.932156
0.95732
0.153373
0.0963671
0.188119
1.10468e-05
0.0739634
0.0553713
0.0403007
0.226944
0.028402
0.00116181
0.00239749
0.269642
0.019284
0.0125332
0.0077321
0.315893
0.00447779
0.365259
0.000494395
0.417198
0.000177105
0.471069
5.07844e-05
0.526147
0.581635
1.10468e-05
0.636688
0.153373
0.690427
5.07844e-05
0.741964
0.79042
0.834948
0.315893
0.365259
0.000177105
0.874757
0.000494395
0.909124
0.937418
0.959116
0.00116181
0.636688
0.973812
0.00239749
0.741964
0.79042
0.98123
0.98123
0.973812
0.00447779
0.959116
0.0077321
0.937418
0.909124
0.874757
0.0125332
0.834948
0.019284
0.690427
0.028402
0.0403007
0.581635
0.526147
0.471069
0.0553713
0.417198
0.0739634
0.269642
0.0963671
0.226944
0.122796
0.188119
0.122796
7.59728e-36
7.59728e-36
-1.02785e-36
1.3985e-05
1.3985e-05
-1.02785e-36
6.74518e-05
0.000233931
6.74518e-05
0.000233931
0.000640082
0.00146886
0.00146886
0.000640082
0.00542964
0.0029653
0.0029653
0.00542964
0.00921364
0.0147058
0.0223193
0.0324729
0.00921364
0.0147058
0.0455736
0.0619972
0.0324729
0.0223193
0.106046
0.0820684
0.0455736
0.0619972
0.166317
0.134102
0.0820684
0.106046
0.166317
0.134102
0.242986
0.202658
0.242986
0.202658
0.287039
0.334444
0.334444
0.287039
0.437259
0.384714
0.546373
0.491399
0.601363
0.655505
0.384714
0.437259
0.707918
0.757715
0.491399
0.546373
0.655505
0.601363
0.707918
0.757715
0.846057
0.804036
0.883023
0.914256
0.939177
0.95732
0.804036
0.846057
0.972044
0.968346
0.914256
0.883023
0.968346
0.95732
0.939177
0.216983
0.0510253
0.0367197
0.258662
0.0255161
0.0170181
0.303896
0.0108082
0.00646731
0.352257
0.00359268
0.00181387
0.403213
0.000806233
0.000300236
0.456129
8.67852e-05
1.74018e-05
0.510289
0.564905
1.74018e-05
0.0687893
0.0903095
0.619136
0.672111
0.145419
0.722946
8.67852e-05
0.770768
0.814733
0.000300236
0.854053
0.888008
0.000806233
0.915971
0.937418
0.00181387
0.510289
0.951946
0.564905
0.95928
0.00359268
0.95928
0.951946
0.00646731
0.770768
0.814733
0.937418
0.915971
0.0108082
0.888008
0.854053
0.0170181
0.0255161
0.722946
0.672111
0.0367197
0.619136
0.0510253
0.456129
0.0687893
0.403213
0.352257
0.0903095
0.303896
0.258662
0.115808
0.216983
0.17917
0.145419
0.115808
0.17917
1.19232e-35
1.19232e-35
-2.25248e-36
2.12179e-05
2.12179e-05
-2.25248e-36
0.000375622
0.000109384
0.000109384
0.000375622
0.00219491
0.000992971
0.000992971
0.00219491
0.00758401
0.00427666
0.00427666
0.00758401
0.0194533
0.0125052
0.0288509
0.0411102
0.0194533
0.0125052
0.0756952
0.0566134
0.0288509
0.0411102
0.12558
0.0986219
0.0756952
0.0566134
0.191833
0.156655
0.12558
0.0986219
0.156655
0.191833
0.273852
0.230981
0.230981
0.273852
0.369195
0.320081
0.320081
0.369195
0.473663
0.420612
0.581601
0.527596
0.634821
0.68638
0.420612
0.473663
0.781023
0.7354
0.527596
0.581601
0.68638
0.634821
0.781023
0.7354
0.822433
0.858874
0.889674
0.914256
0.932156
0.943034
0.858874
0.822433
0.943034
0.946684
0.889674
0.932156
0.914256
0.0322986
0.0219936
0.288436
0.0142923
0.335471
0.00877235
0.00501243
0.00261017
0.385126
0.0011988
0.436781
0.000460188
0.000134626
2.55475e-05
0.489728
0.543189
2.55475e-05
0.596334
0.0456107
0.648297
0.698203
0.082661
0.000134626
0.745184
0.788403
0.167726
0.827075
0.000460188
0.860485
0.0011988
0.888008
0.909123
0.923429
0.385126
0.00261017
0.930652
0.00501243
0.543189
0.930652
0.923429
0.909123
0.00877235
0.698203
0.888008
0.0142923
0.860485
0.827075
0.788403
0.0219936
0.745184
0.0322986
0.648297
0.596334
0.0456107
0.0622954
0.489728
0.436781
0.082661
0.335471
0.106942
0.288436
0.244544
0.204208
0.135282
0.167726
0.135282
0.106942
0.204208
0.0622954
0.244544
1.73469e-35
1.73469e-35
-4.11319e-36
3.02787e-05
3.02787e-05
-4.11319e-36
0.000553227
0.000163073
0.000163073
0.000553227
0.00305676
0.00142321
0.00305676
0.00142321
0.00579544
0.0100237
0.00579544
0.0100237
0.0161564
0.0246198
0.0358325
0.0501866
0.0161564
0.0246198
0.0896327
0.0680264
0.0501866
0.0358325
0.144842
0.115203
0.0896327
0.0680264
0.216198
0.178545
0.144842
0.115203
0.178545
0.216198
0.302304
0.257566
0.302304
0.257566
0.39993
0.349946
0.39993
0.349946
0.504201
0.451594
0.556949
0.608993
0.707492
0.659464
0.451594
0.504201
0.752226
0.792854
0.608993
0.556949
0.659464
0.707492
0.792854
0.752226
0.858874
0.828627
0.900612
0.883023
0.911304
0.914891
0.828627
0.858874
0.900612
0.911304
0.883023
0.315347
0.0113289
0.363398
0.00661975
0.00353192
0.0016642
0.413493
0.000654559
0.46494
0.000193952
3.55183e-05
0.516973
0.568772
3.55183e-05
0.619483
0.0273116
0.668238
0.000193952
0.714178
0.756472
0.794341
0.0965557
0.123342
0.000654559
0.827075
0.0016642
0.854053
0.874757
0.888787
0.00353192
0.315347
0.895871
0.00661975
0.413493
0.46494
0.895871
0.888787
0.874757
0.0113289
0.619483
0.854053
0.0180835
0.827075
0.794341
0.756472
0.0273116
0.714178
0.0394256
0.668238
0.568772
0.0548021
0.516973
0.0737625
0.363398
0.0965557
0.123342
0.269949
0.22771
0.189027
0.154183
0.154183
0.189027
0.0737625
0.22771
0.0548021
0.269949
0.0394256
0.0180835
2.39399e-35
2.39399e-35
-6.60213e-36
4.11324e-05
4.11324e-05
-6.60213e-36
0.000227771
0.000763248
0.000227771
0.000763248
0.00403205
0.00192072
0.00192072
0.00403205
0.00747958
0.0126781
0.00747958
0.0126781
0.0300485
0.0200588
0.0594215
0.0430497
0.0200588
0.0300485
0.0794581
0.103376
0.0430497
0.0594215
0.131296
0.163234
0.0794581
0.103376
0.199092
0.238657
0.163234
0.131296
0.199092
0.238657
0.327468
0.281596
0.327468
0.281596
0.425713
0.375721
0.375721
0.425713
0.527947
0.476717
0.627725
0.578569
0.674553
0.718209
0.476717
0.527947
0.792854
0.757891
0.627725
0.578569
0.674553
0.718209
0.792854
0.757891
0.846057
0.822432
0.873735
0.863271
0.877247
0.873735
0.822432
0.863271
0.846057
0.386824
0.00219044
0.000878874
0.436496
0.000263662
4.72144e-05
0.486837
0.537041
4.72144e-05
0.00455366
0.00836826
0.586266
0.633656
0.022067
0.67836
0.000263662
0.719556
0.756472
0.000878874
0.788403
0.814733
0.00219044
0.834948
0.848651
0.00455366
0.208662
0.855571
0.248953
0.855571
0.00836826
0.848651
0.834948
0.014061
0.436496
0.486837
0.814733
0.788403
0.022067
0.756472
0.719556
0.032809
0.67836
0.633656
0.046677
0.586266
0.537041
0.0640084
0.0850699
0.386824
0.338573
0.110041
0.292419
0.139002
0.171924
0.171924
0.139002
0.110041
0.208662
0.0850699
0.0640084
0.248953
0.046677
0.032809
0.292419
0.014061
0.338573
3.16781e-35
3.16781e-35
-9.66771e-36
5.36206e-05
5.36206e-05
-9.66771e-36
0.00100035
0.000302058
0.000302058
0.00100035
0.00247185
0.0050927
0.0050927
0.00247185
0.015467
0.00927911
0.00927911
0.015467
0.0240925
0.0355718
0.0502787
0.0685277
0.0240925
0.0355718
0.116499
0.0905532
0.0685277
0.0502787
0.146402
0.180188
0.0905532
0.116499
0.217663
0.258521
0.146402
0.180188
0.258521
0.217663
0.348578
0.302335
0.302335
0.348578
0.396622
0.445761
0.445761
0.396622
0.544186
0.495222
0.637233
0.591806
0.718209
0.679633
0.544186
0.495222
0.752226
0.781022
0.637233
0.591806
0.679633
0.718209
0.781022
0.752226
0.804035
0.820808
0.834431
0.831009
0.831009
0.820808
0.804035
0.000342053
6.04241e-05
0.453439
0.50181
6.04241e-05
0.549328
0.00112706
0.595147
0.638428
0.00564516
0.000342053
0.67836
0.714178
0.0261198
0.745184
0.00112706
0.770767
0.00276246
0.790419
0.803745
0.810476
0.1227
0.00564516
0.810476
0.0102051
0.226028
0.803745
0.790419
0.770767
0.016885
0.357406
0.745184
0.0261198
0.714178
0.67836
0.638428
0.0383152
0.595147
0.0538273
0.549328
0.50181
0.453439
0.0729436
0.405041
0.0958665
0.311268
0.267286
0.1227
0.153438
0.18796
0.153438
0.18796
0.0958665
0.226028
0.0729436
0.0538273
0.0383152
0.267286
0.311268
0.016885
0.0102051
0.357406
0.00276246
0.405041
4.04561e-35
4.04561e-35
-1.32252e-35
6.74831e-05
6.74831e-05
-1.32252e-35
0.000383987
0.00125783
0.000383987
0.00125783
0.00620673
0.00306037
0.00620673
0.00306037
0.0183041
0.011139
0.011139
0.0183041
0.0281326
0.041018
0.0772225
0.0572946
0.0281326
0.041018
0.128596
0.100968
0.0572946
0.0772225
0.160055
0.195182
0.100968
0.128596
0.233691
0.275184
0.160055
0.195182
0.233691
0.275184
0.364992
0.319152
0.364992
0.319152
0.459471
0.412016
0.459471
0.412016
0.506552
0.552428
0.637233
0.596263
0.707492
0.674553
0.552428
0.506552
0.7354
0.757715
0.637233
0.596263
0.674553
0.707492
0.757715
0.7354
0.783885
0.773988
0.783885
0.787208
0.773988
0.463812
0.509411
7.48443e-05
7.48443e-05
0.553464
0.595146
0.000426971
0.633656
0.668238
0.00677308
0.0120736
0.698203
0.00139187
0.722946
0.00336307
0.741963
0.754864
0.761381
0.0813307
0.00677308
0.761381
0.134141
0.166205
0.0120736
0.754864
0.741963
0.722946
0.282152
0.0197132
0.698203
0.0301159
0.668238
0.633656
0.463812
0.595146
0.043659
0.553464
0.0606545
0.509411
0.417497
0.0813307
0.371278
0.105819
0.325925
0.240596
0.134141
0.201799
0.166205
0.105819
0.201799
0.240596
0.0606545
0.043659
0.0301159
0.282152
0.0197132
0.325925
0.00336307
0.371278
0.00139187
0.417497
0.000426971
5.01013e-35
5.01013e-35
-1.71659e-35
8.23793e-05
-1.71659e-35
8.23793e-05
0.00152801
0.000471228
0.000471228
0.00152801
0.00733986
0.00366837
0.00733986
0.00366837
0.0130015
0.0211016
0.0130015
0.0211016
0.0462181
0.0320535
0.0852372
0.0638801
0.0320535
0.0462181
0.139294
0.110381
0.0852372
0.0638801
0.207761
0.171839
0.110381
0.139294
0.288141
0.246688
0.171839
0.207761
0.288141
0.246688
0.331538
0.376217
0.331538
0.376217
0.46643
0.421442
0.46643
0.421442
0.510366
0.552428
0.627724
0.591806
0.659464
0.686379
0.510366
0.552428
0.723631
0.707917
0.591806
0.627724
0.659464
0.686379
0.723631
0.707917
0.736402
0.733193
0.733193
9.01028e-05
0.509411
0.549327
0.586266
0.000515938
0.619483
0.648297
0.00166531
0.672111
0.690426
0.00397385
0.702857
0.709139
0.0339313
0.00790255
0.048675
0.709139
0.702857
0.0139159
0.690426
0.672111
0.144015
0.176915
0.022458
0.648297
0.619483
0.0339313
0.586266
0.549327
0.048675
0.509411
0.467305
0.0669476
0.423821
0.379771
0.0889113
0.335948
0.293102
0.114621
0.251923
0.213022
0.144015
0.176915
0.114621
0.0889113
0.213022
0.0669476
0.251923
0.022458
0.293102
0.0139159
0.00790255
0.335948
0.00397385
0.00166531
0.379771
0.000515938
9.01028e-05
0.423821
0.467305
6.03881e-35
6.03881e-35
-2.13655e-35
9.79101e-05
9.79101e-05
-2.13655e-35
0.000561193
0.00180266
0.000561193
0.00180266
0.0042771
0.00845696
0.00845696
0.0042771
0.0237724
0.0148091
0.0237724
0.0148091
0.0510113
0.0357338
0.0923257
0.0698324
0.0357338
0.0510113
0.148269
0.118505
0.0923257
0.0698324
0.181394
0.217542
0.148269
0.118505
0.256261
0.297001
0.181394
0.217542
0.256261
0.297001
0.339122
0.381914
0.339122
0.381914
0.46643
0.424615
0.46643
0.424615
0.544185
0.506551
0.578569
0.608992
0.655505
0.63482
0.506551
0.544185
0.670606
0.679798
0.578569
0.608992
0.63482
0.655505
0.670606
0.682885
0.679798
0.537041
0.000606288
0.568772
0.596333
0.619135
0.00193899
0.636687
0.00457591
0.648605
0.00899856
0.654631
0.654631
0.00899856
0.0374482
0.648605
0.0156747
0.636687
0.619135
0.0954536
0.596333
0.0250343
0.568772
0.0374482
0.537041
0.50181
0.259669
0.463812
0.0532086
0.42382
0.0725135
0.382631
0.341036
0.299807
0.0954536
0.122005
0.221287
0.185243
0.152022
0.152022
0.122005
0.185243
0.0725135
0.0532086
0.221287
0.259669
0.0250343
0.0156747
0.299807
0.00457591
0.341036
0.00193899
0.000606288
0.000105779
0.382631
0.42382
0.000105779
0.463812
0.50181
7.10524e-35
7.10524e-35
-2.56903e-35
0.000113638
0.000113638
-2.56903e-35
0.00207332
0.000651163
0.000651163
0.00207332
0.00952345
0.00486773
0.00486773
0.00952345
0.0165056
0.0262343
0.0165056
0.0262343
0.0390602
0.0552506
0.098272
0.0749694
0.0390602
0.0552506
0.155248
0.125092
0.098272
0.0749694
0.22423
0.188432
0.125092
0.155248
0.301499
0.262122
0.22423
0.188432
0.301499
0.262122
0.341675
0.381914
0.341675
0.381914
0.421442
0.45947
0.421442
0.45947
0.495222
0.527947
0.556949
0.5816
0.615799
0.601362
0.495222
0.527947
0.627546
0.624593
0.5816
0.556949
0.615799
0.601362
0.624593
0.000695276
0.516973
0.543188
0.564904
0.00220449
0.581634
0.00220449
0.00515064
0.593002
0.0100272
0.0172959
0.598751
0.598751
0.0100272
0.593002
0.0571212
0.0172959
0.581634
0.564904
0.543188
0.0273628
0.15792
0.190938
0.516973
0.0405587
0.486836
0.453438
0.417497
0.0571212
0.379771
0.0771825
0.341036
0.302064
0.263601
0.100759
0.226348
0.127746
0.127746
0.15792
0.100759
0.190938
0.0771825
0.0405587
0.226348
0.0273628
0.263601
0.00515064
0.302064
0.341036
0.000695276
0.000121425
0.379771
0.417497
0.000121425
0.453438
0.486836
8.18049e-35
8.18049e-35
-3.00039e-35
0.000129108
0.000129108
-3.00039e-35
0.00233166
0.000738398
0.000738398
0.00233166
0.0105064
0.00542204
0.0105064
0.00542204
0.0284117
0.0180389
0.0180389
0.0284117
0.0419309
0.0588068
0.0791349
0.102896
0.0419309
0.0588068
0.16002
0.129945
0.0791349
0.102896
0.192741
0.227626
0.129945
0.16002
0.264095
0.301498
0.227626
0.192741
0.301498
0.264095
0.339122
0.376216
0.376216
0.339122
0.412016
0.44576
0.44576
0.412016
0.476717
0.5042
0.527596
0.546372
0.560102
0.568467
0.476717
0.5042
0.568467
0.571278
0.546372
0.527596
0.560102
0.510288
0.00245363
0.526146
0.000136583
0.536929
0.00568036
0.542384
0.542384
0.0109569
0.0109569
0.0187298
0.536929
0.526146
0.0187298
0.510288
0.489727
0.0293723
0.464939
0.436495
0.0431679
0.40504
0.161531
0.371278
0.0602939
0.335948
0.299806
0.0808131
0.263601
0.228052
0.104666
0.193829
0.131672
0.131672
0.104666
0.161531
0.0808131
0.0602939
0.193829
0.0431679
0.0293723
0.228052
0.263601
0.00568036
0.00245363
0.299806
0.000780187
0.335948
0.371278
0.000136583
0.489727
0.40504
0.436495
0.464939
0.000780187
9.23446e-35
9.23446e-35
-3.41718e-35
0.000143866
0.000143866
-3.41718e-35
0.000820238
0.00256975
0.000820238
0.00256975
0.0113758
0.005923
0.005923
0.0113758
0.0302381
0.0193622
0.0193622
0.0302381
0.061572
0.0442588
0.106058
0.082203
0.0442588
0.061572
0.132915
0.162442
0.106058
0.082203
0.194192
0.227625
0.162442
0.132915
0.262122
0.297001
0.227625
0.194192
0.262122
0.297001
0.364991
0.331538
0.364991
0.331538
0.396621
0.425712
0.425712
0.396621
0.473662
0.451594
0.504378
0.491398
0.514952
0.512293
0.473662
0.451594
0.512293
0.491398
0.504378
0.00267879
0.481236
0.00614884
0.486383
0.486383
0.481236
0.00267879
0.0117593
0.471068
0.0199325
0.456128
0.43678
0.413492
0.0451968
0.0310018
0.386823
0.0451968
0.357405
0.107059
0.325925
0.293102
0.162746
0.0626308
0.259669
0.0832957
0.226348
0.193828
0.107059
0.133665
0.133665
0.0832957
0.0626308
0.162746
0.193828
0.0310018
0.0199325
0.0117593
0.226348
0.00614884
0.259669
0.000858434
0.000150806
0.293102
0.325925
0.000150806
0.471068
0.357405
0.386823
0.413492
0.000858434
0.43678
0.456128
1.02371e-34
1.02371e-34
-3.80661e-35
0.000157472
0.000157472
-3.80661e-35
0.00278031
0.000894191
0.000894191
0.00278031
0.0121051
0.00635533
0.0121051
0.00635533
0.0316584
0.0204352
0.0204352
0.0316584
0.063463
0.0459734
0.107663
0.0840815
0.0459734
0.063463
0.162442
0.133916
0.0840815
0.107663
0.22423
0.192741
0.162442
0.133916
0.28814
0.256261
0.192741
0.22423
0.256261
0.28814
0.319151
0.348577
0.319151
0.348577
0.375721
0.399929
0.375721
0.399929
0.420612
0.437258
0.449455
0.456898
0.4594
0.456898
0.437258
0.420612
0.449455
0.00654181
0.431551
0.431551
0.00016367
0.426725
0.0124099
0.417197
0.0208678
0.403211
0.0124099
0.0208678
0.385125
0.363397
0.0322021
0.338572
0.0465842
0.311268
0.282152
0.107864
0.251923
0.0640615
0.221287
0.0845559
0.190938
0.161531
0.133665
0.107864
0.133665
0.0845559
0.0640615
0.0465842
0.161531
0.0322021
0.190938
0.00654181
0.221287
0.0028731
0.251923
0.000927639
0.282152
0.311268
0.00016367
0.426725
0.338572
0.363397
0.000927639
0.385125
0.403211
0.417197
0.0028731
1.11595e-34
1.11595e-34
-4.15688e-35
0.000169524
0.000169524
-4.15688e-35
0.000958016
0.00295695
0.000958016
0.00295695
0.0126721
0.00670589
0.0126721
0.00670589
0.0326296
0.0212256
0.0212256
0.0326296
0.0470231
0.0644228
0.107662
0.084714
0.0644228
0.0470231
0.132915
0.160019
0.084714
0.107662
0.217541
0.188432
0.160019
0.132915
0.275183
0.246688
0.217541
0.188432
0.246688
0.275183
0.302334
0.327467
0.302334
0.327467
0.369193
0.349946
0.369193
0.349946
0.384713
0.396098
0.403052
0.40539
0.403052
0.384713
0.396098
0.374125
0.0128891
0.365258
0.352256
0.0215073
0.33547
0.315346
0.0329369
0.292418
0.0128891
0.267285
0.0472884
0.240595
0.0472884
0.213021
0.0645433
0.0645433
0.185243
0.15792
0.0845559
0.131672
0.107059
0.107059
0.0845559
0.131672
0.0329369
0.15792
0.0215073
0.185243
0.0068474
0.00303068
0.213021
0.000985709
0.000174794
0.240595
0.267285
0.000174794
0.37862
0.292418
0.37862
0.315346
0.33547
0.000985709
0.352256
0.365258
0.00303068
0.374125
0.0068474
1.19749e-34
1.19749e-34
-4.45753e-35
0.000179661
0.000179661
-4.45753e-35
0.00309433
0.00100978
0.00309433
0.00100978
0.00696411
0.0130599
0.0130599
0.00696411
0.0331226
0.0217095
0.0217095
0.0331226
0.0473766
0.0644228
0.0840815
0.106057
0.0644228
0.0473766
0.155247
0.129944
0.106057
0.0840815
0.181394
0.20776
0.155247
0.129944
0.258519
0.233691
0.20776
0.181394
0.233691
0.258519
0.281596
0.302302
0.302302
0.281596
0.32008
0.334443
0.334443
0.32008
0.344996
0.351447
0.353618
0.351447
0.344996
0.0131825
0.303895
0.021832
0.288435
0.269948
0.248952
0.00314678
0.0331843
0.226027
0.0131825
0.0472884
0.201799
0.176914
0.152022
0.0640615
0.127746
0.0832956
0.104666
0.0832956
0.0640615
0.104666
0.0472884
0.127746
0.0331843
0.021832
0.152022
0.0070564
0.176914
0.00103089
0.000183845
0.201799
0.226027
0.000183845
0.315891
0.248952
0.269948
0.288435
0.32824
0.00103089
0.303895
0.315891
0.324084
0.00314678
0.0070564
0.32824
0.324084
1.26596e-34
1.26596e-34
-4.6997e-35
0.000187581
0.000187581
-4.6997e-35
0.00318831
0.00104794
0.00104794
0.00318831
0.0132568
0.00712224
0.00712224
0.0132568
0.0331226
0.0218724
0.0218724
0.0331226
0.0634629
0.0470231
0.102895
0.082203
0.0634629
0.0470231
0.148268
0.125092
0.102895
0.082203
0.195182
0.171838
0.148268
0.125092
0.217663
0.238655
0.171838
0.195182
0.217663
0.238655
0.27385
0.257566
0.27385
0.257566
0.287038
0.296744
0.296744
0.287038
0.302685
0.304684
0.302685
0.021832
0.244543
0.227709
0.208661
0.032937
0.187959
0.0032179
0.0465842
0.166204
0.0132814
0.144015
0.122004
0.0626307
0.100758
0.0808129
0.0808129
0.0626307
0.0465842
0.100758
0.032937
0.122004
0.021832
0.00716252
0.144015
0.166204
0.00106184
0.000190554
0.187959
0.208661
0.000190554
0.258661
0.227709
0.244543
0.277151
0.280964
0.00106184
0.258661
0.269641
0.277151
0.0032179
0.280964
0.00716252
0.269641
0.0132814
1.31937e-34
1.31937e-34
-4.8763e-35
0.00019305
0.00019305
-4.8763e-35
0.00323608
0.00107134
0.00107134
0.00323608
0.0132569
0.00717552
0.0132569
0.00717552
0.0326296
0.0217095
0.0217095
0.0326296
0.0459734
0.0615719
0.0791348
0.0982716
0.0459734
0.0615719
0.118505
0.139294
0.0982716
0.0791348
0.160055
0.180187
0.139294
0.118505
0.216196
0.199091
0.180187
0.160055
0.199091
0.216196
0.242985
0.23098
0.23098
0.242985
0.257263
0.251838
0.251838
0.257263
0.259091
0.171923
0.0322021
0.153437
0.000194721
0.13414
0.0451968
0.11462
0.0954533
0.0602938
0.0131826
0.0215074
0.0771823
0.0602938
0.0771823
0.0451968
0.0322021
0.0954533
0.11462
0.00716261
0.00324192
0.13414
0.00107761
0.153437
0.171923
0.000194721
0.189026
0.189026
0.204206
0.204206
0.216982
0.00107761
0.226942
0.233767
0.00324192
0.237236
0.237236
0.00716261
0.233767
0.226942
0.0131826
0.216982
0.0215074
1.35616e-34
1.35616e-34
-4.9822e-35
0.000195904
0.000195904
-4.9822e-35
0.00107928
0.00323621
0.00107928
0.00323621
0.0130601
0.00712236
0.00712236
0.0130601
0.0316585
0.0212257
0.0212257
0.0316585
0.0442588
0.0588067
0.0923253
0.0749692
0.0588067
0.0442588
0.128595
0.110381
0.0923253
0.0749692
0.163233
0.146401
0.128595
0.110381
0.191832
0.178544
0.163233
0.146401
0.178544
0.191832
0.210659
0.202658
0.210659
0.202658
0.215571
0.215571
0.217226
0.0310019
0.105818
0.0431679
0.0889109
0.0725133
0.0571211
0.00321812
0.0571211
0.0431679
0.0725133
0.0310019
0.020868
0.0128893
0.0889109
0.00705665
0.105818
0.00107775
0.000196222
0.122699
0.139002
0.000196222
0.122699
0.154182
0.167725
0.179169
0.167725
0.00107775
0.188118
0.194262
0.197389
0.00321812
0.197389
0.00705665
0.194262
0.188118
0.179169
0.0128893
0.020868
0.154182
0.139002
1.37527e-34
1.37527e-34
-5.01429e-35
0.000196058
0.000196058
-5.01429e-35
0.00318868
0.00107153
0.00107153
0.00318868
0.0126725
0.00696436
0.00696436
0.0126725
0.0204354
0.0302383
0.0302383
0.0204354
0.041931
0.0552505
0.0698322
0.0852366
0.041931
0.0552505
0.100967
0.116498
0.0698322
0.0852366
0.14484
0.131295
0.100967
0.116498
0.156655
0.166315
0.14484
0.131295
0.156655
0.166315
0.177879
0.173476
0.177879
0.173476
0.179364
0.0405587
0.0669473
0.0532085
0.000195014
0.0405587
0.0532085
0.0293725
0.0669473
0.0199328
0.0124102
0.00684781
0.0813302
0.00314721
0.0958659
0.00106224
0.11004
0.123341
0.000195014
0.0813302
0.135281
0.145417
0.11004
0.123341
0.00106224
0.153372
0.158847
0.161637
0.153372
0.00314721
0.161637
0.00684781
0.158847
0.145417
0.0124102
0.135281
0.0199328
0.0958659
0.0293725
1.37613e-34
1.37613e-34
-4.97164e-35
0.000193508
0.000193508
-4.97164e-35
0.00309493
0.00104832
0.00104832
0.00309493
0.00670625
0.0121055
0.0121055
0.00670625
0.0193624
0.0284118
0.0193624
0.0284118
0.0390603
0.0510111
0.0772219
0.0638799
0.0510111
0.0390603
0.0905528
0.103375
0.0772219
0.0638799
0.115202
0.125578
0.0905528
0.103375
0.134102
0.140439
0.115202
0.125578
0.134102
0.140439
0.145663
0.144344
0.144344
0.027363
0.0486748
0.0187301
0.0117597
0.0606541
0.00654237
0.00303132
0.0729431
0.00103155
0.000191131
0.0850692
0.0965548
0.000191131
0.0374482
0.106941
0.0486748
0.115807
0.122795
0.00103155
0.127618
0.13008
0.0965548
0.106941
0.00303132
0.13008
0.127618
0.00654237
0.122795
0.115807
0.0117597
0.0187301
0.0850692
0.0729431
0.027363
0.0606541
0.0374482
1.35872e-34
1.35872e-34
-4.8554e-35
0.00018833
0.00018833
-4.8554e-35
0.00101034
0.00295777
0.00101034
0.00295777
0.0113763
0.00635579
0.0113763
0.00635579
0.0180392
0.0262345
0.0180392
0.0262345
0.0357339
0.0462179
0.068527
0.0572944
0.0462179
0.0357339
0.0896317
0.0794577
0.068527
0.0572944
0.106045
0.0986213
0.0896317
0.0794577
0.115008
0.111586
0.0986213
0.106045
0.115008
0.111586
0.116166
0.0436588
0.00614952
0.053827
0.00287392
0.000986603
0.000184689
0.0640079
0.0737618
0.000184689
0.0109575
0.0826601
0.0903086
0.0963661
0.0339313
0.000986603
0.100562
0.102708
0.102708
0.0640079
0.00287392
0.100562
0.00614952
0.0963661
0.0903086
0.0826601
0.0109575
0.0737618
0.0172963
0.053827
0.0436588
0.0250345
0.0339313
0.0250345
0.0172963
1.32354e-34
1.32354e-34
-4.66888e-35
0.000180677
0.000180677
-4.66888e-35
0.00278132
0.00095873
0.00095873
0.00278132
0.00592356
0.0105071
0.0105071
0.00592356
0.0165059
0.0237726
0.0237726
0.0165059
0.0410178
0.0320536
0.0502785
0.0594208
0.0410178
0.0320536
0.0756942
0.068026
0.0594208
0.0502785
0.0820678
0.0868469
0.0756942
0.068026
0.0908101
0.0898079
0.0868469
0.0820678
0.0898079
0.0466767
0.000928741
0.00017588
0.0548015
0.0622947
0.00017588
0.00267976
0.0687884
0.0739625
0.0100278
0.0156751
0.000928741
0.0775611
0.0794061
0.0794061
0.038315
0.00267976
0.0775611
0.00568115
0.0739625
0.0687884
0.0622947
0.0100278
0.0548015
0.0156751
0.0466767
0.0301159
0.0224582
0.0224582
0.0301159
0.00568115
0.038315
1.2716e-34
1.2716e-34
-4.41742e-35
0.000170777
0.000170777
-4.41742e-35
0.000895043
0.00257092
0.000895043
0.00257092
0.00952413
0.00542267
0.00952413
0.00542267
0.0211018
0.0148094
0.0211018
0.0148094
0.0355716
0.0281327
0.0430495
0.0501859
0.0355716
0.0281327
0.056613
0.0619962
0.0430495
0.0501859
0.066056
0.0685794
0.0619962
0.056613
0.0694358
0.0685794
0.066056
0.0456101
0.000164964
0.0510246
0.000164964
0.0553705
0.0584082
0.00085971
0.0599702
0.0599702
0.0089992
0.0139163
0.00245473
0.0584082
0.0261198
0.0553705
0.00515152
0.0510246
0.0456101
0.0089992
0.0394253
0.0328088
0.0139163
0.0197134
0.0197134
0.0261198
0.00515152
0.00245473
0.0328088
0.00085971
0.0394253
1.20442e-34
1.20442e-34
-4.10829e-35
0.000158925
-4.10829e-35
0.000158925
0.00233295
0.000821201
0.000821201
0.00233295
0.00486841
0.00845769
0.00486841
0.00845769
0.0183044
0.0130019
0.0130019
0.0183044
0.0240926
0.0300483
0.0358323
0.0411096
0.0300483
0.0240926
0.0455732
0.0489616
0.0411096
0.0358323
0.0517967
0.0510777
0.0489616
0.0455732
0.0510777
0.000152269
0.0367192
0.0403001
0.0428185
0.000781599
0.044118
0.00220568
0.044118
0.0428185
0.00220568
0.0403001
0.00457684
0.0367192
0.0322982
0.0273114
0.00790322
0.0220671
0.0120741
0.0168852
0.0120741
0.00790322
0.0168852
0.00457684
0.0220671
0.000781599
0.000152269
0.0273114
0.0322982
1.12394e-34
1.12394e-34
-3.75051e-35
0.000145472
0.000145472
-3.75051e-35
0.0020747
0.000739443
0.000739443
0.0020747
0.00734061
0.00427781
0.00427781
0.00734061
0.0154672
0.0111393
0.0154672
0.0111393
0.0246195
0.0200588
0.0324724
0.0288507
0.0200588
0.0246195
0.0352456
0.036986
0.0324724
0.0288507
0.0375796
0.0352456
0.036986
0.0304466
0.00069678
0.0315065
0.00013817
0.0315065
0.0304466
0.00194024
0.0284015
0.0039748
0.00677376
0.0102055
0.0255158
0.0219934
0.0180835
0.00677376
0.0140612
0.0102055
0.0039748
0.0140612
0.00194024
0.0180835
0.00069678
0.0219934
0.0255158
0.00013817
0.0284015
1.03249e-34
1.03249e-34
-3.3547e-35
0.00013082
0.00013082
-3.3547e-35
0.00180408
0.000652257
0.000652257
0.00180408
0.00366909
0.00620749
0.00366909
0.00620749
0.00927946
0.0126783
0.0126783
0.00927946
0.0194531
0.0161565
0.0223191
0.0245365
0.0161565
0.0194531
0.0259381
0.026417
0.0245365
0.0223191
0.0259381
0.000607838
0.0217501
0.0209051
0.00166658
0.0192838
0.0170179
0.00336403
0.0142923
0.0113291
0.00564583
0.00836869
0.00564583
0.00836869
0.00336403
0.00166658
0.0113291
0.000607838
0.000123087
0.0142923
0.0170179
0.000123087
0.0192838
0.0209051
0.0217501
9.32721e-35
9.32721e-35
-2.93273e-35
0.000115402
0.000115402
-2.93273e-35
0.00152943
0.000562302
0.000562302
0.00152943
0.00306108
0.00509344
0.00306108
0.00509344
0.00747992
0.0100239
0.00747992
0.0100239
0.0125053
0.0147057
0.0175319
0.0164321
0.0147057
0.0125053
0.0175319
0.0179099
0.0164321
0.0137828
0.0125331
0.00139311
0.0108082
0.00276339
0.00877255
0.00139311
0.00662016
0.0045543
0.0045543
0.00276339
0.00662016
0.000517486
0.000107465
0.00877255
0.0108082
0.000107465
0.0125331
0.0144387
0.0137828
0.0144387
0.000517486
8.27502e-35
8.27502e-35
9.96709e-05
-2.49748e-35
9.96709e-05
-2.49748e-35
0.00125921
0.000472319
0.000472319
0.00125921
0.00403274
0.00247253
0.00403274
0.00247253
0.00579576
0.00758423
0.00579576
0.00758423
0.0105147
0.00921373
0.0116426
0.0113534
0.00921373
0.0113534
0.0105147
0.00112824
0.00646752
0.00219131
0.00501281
0.00353252
0.00219131
0.00353252
0.00112824
0.00501281
0.000428469
9.17599e-05
0.00646752
0.00773217
9.17599e-05
0.00866366
0.00866366
0.00915709
0.000428469
0.00915709
0.00773217
7.19826e-35
7.19826e-35
-2.06242e-35
8.4083e-05
8.4083e-05
-2.06242e-35
0.00100164
0.000385027
0.000385027
0.00100164
0.0030574
0.00192135
0.00192135
0.0030574
0.00427695
0.00542986
0.00542986
0.00427695
0.00637341
0.00699006
0.00720471
0.00699006
0.00637341
0.001665
0.001665
0.000879967
0.00261072
0.000343457
7.64218e-05
0.00359303
0.00447799
7.64218e-05
0.00261072
0.00359303
0.00514461
0.00550211
0.00550211
0.000343457
0.00514461
0.00447799
0.000879967
6.12706e-35
6.12706e-35
-1.64117e-35
6.90777e-05
6.90777e-05
-1.64117e-35
0.000764417
0.000303015
0.000764417
0.000303015
0.00219548
0.00142377
0.00219548
0.00142377
0.00361707
0.00296557
0.00296557
0.00361707
0.00405206
0.00420436
0.00405206
0.00026493
6.18748e-05
0.00181434
0.00239781
6.18748e-05
0.00285136
0.000655531
0.0030988
0.0030988
0.00181434
0.00026493
0.00285136
0.00239781
0.000655531
0.0011995
0.0011995
5.09051e-35
5.09051e-35
-1.24701e-35
5.50593e-05
5.50593e-05
-1.24701e-35
0.00022862
0.000554244
0.00022862
0.000554244
0.00146935
0.000993459
0.00146935
0.000993459
0.0021831
0.00189274
0.00189274
0.00228658
0.0021831
0.00116222
0.00145162
4.8497e-05
4.8497e-05
0.0016134
0.0016134
0.000195052
0.00145162
0.00116222
0.000806824
0.000461017
0.000461017
0.000806824
0.000195052
4.11531e-35
4.11531e-35
-8.92227e-36
4.23758e-05
-8.92227e-36
4.23758e-05
0.000163793
0.000376467
0.000163793
0.000376467
0.000893793
0.000640488
0.000893793
0.000640488
0.00114095
0.0010754
0.0010754
3.66002e-05
0.000762978
0.000762978
0.000664569
0.000135533
0.000494875
0.000300908
0.000300908
0.000135533
3.66002e-05
0.000494875
0.000664569
3.22449e-35
3.22449e-35
-5.87486e-36
3.12981e-05
3.12981e-05
-5.87486e-36
0.000234594
0.000109963
0.000109963
0.000234594
0.000370319
0.000473939
0.000370319
0.000473939
0.000512768
0.000266387
8.74875e-05
0.000177617
8.74875e-05
2.64077e-05
0.000177617
0.000266387
2.64077e-05
0.000320892
0.000320892
2.43595e-35
2.43595e-35
-3.40966e-36
2.19981e-05
2.19981e-05
-3.40966e-36
0.000129823
6.78871e-05
6.78871e-05
0.000129823
0.000182661
0.000182661
0.000203116
5.12847e-05
5.12847e-05
1.80336e-05
9.09959e-05
0.000117754
1.80336e-05
0.000117754
9.09959e-05
1.76104e-35
1.76104e-35
-1.5746e-36
1.45277e-05
-1.5746e-36
1.45277e-05
3.74993e-05
6.05326e-05
3.74993e-05
6.05326e-05
7.0285e-05
3.78139e-05
1.14615e-05
3.78139e-05
2.63903e-05
1.14615e-05
2.63903e-05
1.20316e-35
1.20316e-35
8.79886e-06
-3.72848e-37
8.79886e-06
-3.72848e-37
1.77513e-05
1.77513e-05
2.17498e-05
6.5259e-06
1.12071e-05
6.5259e-06
1.12071e-05
7.56443e-36
7.56443e-36
2.49794e-37
4.56525e-06
4.56525e-06
2.49794e-37
6.44116e-06
2.89194e-06
2.89194e-06
4.04491e-36
4.04491e-36
4.18811e-37
4.18811e-37
1.3953e-06
-6.40656e-38
1.18646e-36
1.18646e-36
