4.09761e-37
1.17804e-34
1.17804e-34
1.22256e-34
3.52397e-34
0.000179165
0.000358605
1.22256e-34
3.52397e-34
0.000358605
2.46721e-34
0.000719163
5.88778e-34
0.000538487
0.000718209
0.00107955
0.00107955
0.000538487
0.000719163
5.88778e-34
2.46721e-34
3.71493e-34
0.00108317
8.27703e-34
0.000900622
0.0018109
0.00217835
0.00144371
0.00162541
3.71493e-34
0.00108317
0.00144371
0.00217835
0.0018109
0.000900622
8.27703e-34
4.96606e-34
0.00126673
0.00145144
1.06945e-33
0.00218194
0.00255699
0.0033106
0.00273949
0.003694
0.00292772
0.003694
0.00273949
0.00126673
1.06945e-33
0.00145144
4.96606e-34
0.00255699
0.00218194
0.0033106
6.21949e-34
1.31374e-33
0.00163723
0.001824
0.00293613
0.00331984
0.00448477
0.00389201
0.001824
1.31374e-33
0.00163723
6.21949e-34
0.00570181
0.00467961
0.0052895
0.00448114
0.00448114
0.00448477
0.0052895
0.00293613
0.00570181
0.00389201
0.00331984
7.47213e-34
0.00219996
1.55971e-33
0.00201169
0.00370708
0.00409897
0.00570375
0.00508864
0.00676295
0.00612177
0.00697708
0.00786629
1.55971e-33
0.00219996
0.00201169
7.47213e-34
0.00370708
0.00570375
0.00409897
0.00508864
0.00698183
0.00832451
0.00676295
0.00832451
0.00697708
0.00786629
0.00612177
8.71863e-34
0.00257754
1.80589e-33
0.0023888
0.00449313
0.00489148
0.00696509
0.00632952
0.0102007
0.00901185
0.00785654
0.0087585
0.00973589
0.0112153
0.0117399
0.00998119
8.71863e-34
0.00257754
1.80589e-33
0.0023888
0.00449313
0.00489148
0.00696509
0.00632952
0.0112153
0.0102007
0.0087585
0.0117399
0.00785654
0.00973589
0.00901185
9.9513e-34
0.00295408
2.05029e-33
0.0027663
0.00529018
0.00569212
0.00826133
0.00760965
0.0106259
0.0127012
0.0114308
0.00968229
0.0127655
0.0143827
0.0155696
0.013602
0.0027663
9.9513e-34
0.00295408
2.05029e-33
0.013889
0.0161843
0.0161843
0.013602
0.00569212
0.00826133
0.00529018
0.00760965
0.0114308
0.0143827
0.0155696
0.0106259
0.00968229
0.0127655
0.0127012
1.11602e-33
0.0033261
2.2904e-33
0.00314112
0.00891928
0.00609192
0.00649353
0.0095806
0.0125631
0.0153491
0.0140083
0.0115869
0.0160665
0.0178106
0.0198092
0.0176395
0.0186301
0.0212206
0.0219511
0.0189663
2.2904e-33
0.00314112
1.11602e-33
0.0033261
0.0095806
0.00649353
0.00891928
0.00609192
0.0219511
0.0212206
0.0186301
0.0176395
0.0140083
0.0115869
0.0125631
0.0153491
0.0178106
0.0198092
0.0160665
1.23335e-33
0.00368946
2.52335e-33
0.00350943
0.00689008
0.0109072
0.0102445
0.00728658
0.00350943
0.00368946
2.52335e-33
1.23335e-33
0.0145466
0.0181132
0.0167191
0.0135502
0.0196117
0.0244209
0.0220718
0.0214618
0.0251343
0.0268202
0.0285111
0.0239543
0.0293852
0.0255387
0.0251343
0.0293852
0.00728658
0.0109072
0.0102445
0.00689008
0.0181132
0.0145466
0.0167191
0.0135502
0.0285111
0.0268202
0.0214618
0.0239543
0.0244209
0.0196117
0.0220718
1.34578e-33
0.00403949
2.74595e-33
0.0038668
0.00767475
0.00806068
0.0122225
0.0115681
0.0038668
0.00403949
2.74595e-33
1.34578e-33
0.0165471
0.0209515
0.0195262
0.0155459
0.00806068
0.0115681
0.0122225
0.00767475
0.0233547
0.0252817
0.0268466
0.0293393
0.0320695
0.0329123
0.0357982
0.0298112
0.0388722
0.0339673
0.037826
0.0334867
0.0334867
0.0388722
0.037826
0.0320695
0.0155459
0.0209515
0.0165471
0.0195262
0.0357982
0.0268466
0.0293393
0.0252817
0.0233547
0.0298112
0.0329123
1.45184e-33
0.00420835
0.00437118
2.95489e-33
0.00843482
0.00880428
0.0135055
0.0128701
0.0185308
0.0238142
0.0223835
0.017542
0.00420835
0.00437118
2.95489e-33
1.45184e-33
0.0135055
0.00880428
0.0128701
0.00843482
0.0272336
0.0292017
0.0344766
0.0318867
0.0185308
0.0223835
0.017542
0.0238142
0.036112
0.0393923
0.043696
0.0396794
0.0423906
0.044082
0.0471557
0.0495778
0.0508247
0.044082
0.0446596
0.0508247
0.0423906
0.0471557
0.0495778
0.0396794
0.0292017
0.0393923
0.0318867
0.0272336
0.043696
0.036112
0.0344766
1.55004e-33
3.14678e-33
0.00452898
0.00467935
0.00915841
0.00950525
0.014734
0.0141289
0.0204611
0.026646
0.0252381
0.0195035
0.00452898
0.00467935
3.14678e-33
1.55004e-33
0.0311745
0.0331436
0.0397286
0.0370954
0.014734
0.00950525
0.0141289
0.00915841
0.0252381
0.026646
0.0204611
0.0195035
0.0461286
0.0427377
0.0520483
0.0478262
0.0331436
0.0311745
0.0370954
0.0397286
0.0553321
0.0521017
0.0613171
0.0571985
0.0573469
0.0641901
0.0580288
0.0656658
0.0656658
0.0553321
0.0573469
0.0641901
0.0521017
0.0478262
0.0427377
0.0571985
0.0461286
0.0520483
0.0613171
1.63886e-33
0.00495888
3.31836e-33
0.00482351
0.00983329
0.0101514
0.0158852
0.0153217
0.0223002
0.0293882
0.0213927
0.0280326
0.0350955
0.0370225
0.0449796
0.042362
0.00482351
0.00495888
3.31836e-33
1.63886e-33
0.0101514
0.0158852
0.0153217
0.00983329
0.0606689
0.0529712
0.0495465
0.0563375
0.0293882
0.0223002
0.0280326
0.0213927
0.042362
0.0350955
0.0370225
0.0449796
0.0738411
0.0674983
0.0624206
0.0677342
0.0495465
0.0606689
0.0529712
0.0563375
0.073696
0.0713231
0.0820785
0.0787008
0.0838099
0.0745032
0.073696
0.0838099
0.0674983
0.0738411
0.0677342
0.0713231
0.0820785
0.0787008
0.0624206
1.71688e-33
0.00520488
3.46656e-33
0.00508689
0.0104474
0.0107309
0.0169367
0.0164259
0.0240099
0.0231715
0.0319811
0.0307077
0.0389098
0.0407509
0.0501073
0.047567
1.71688e-33
3.46656e-33
0.00508689
0.00520488
0.0650159
0.0563815
0.0597578
0.0693515
0.0104474
0.0107309
0.0169367
0.0164259
0.0319811
0.0240099
0.0307077
0.0231715
0.0785106
0.0868533
0.0803059
0.0731094
0.047567
0.0501073
0.0389098
0.0407509
0.0563815
0.0597578
0.0650159
0.0693515
0.0940211
0.0996981
0.0862838
0.0907628
0.0868533
0.0785106
0.0731094
0.0803059
0.094478
0.0935401
0.105643
0.103631
0.0940211
0.105643
0.0996981
0.103631
0.0907628
0.0935401
0.0862838
1.78275e-33
0.00541285
3.58863e-33
0.00531443
0.0109893
0.0112326
0.0178672
0.0174195
0.0248024
0.0255536
0.0343666
0.0332042
0.0425297
0.0442415
0.0549884
0.0525869
0.00531443
0.00541285
3.58863e-33
1.78275e-33
0.0736487
0.0630773
0.0663215
0.0778793
0.0109893
0.0174195
0.0178672
0.0112326
0.100026
0.0934407
0.0892565
0.0839049
0.0255536
0.0343666
0.0332042
0.0248024
0.0525869
0.0549884
0.0442415
0.0425297
0.109768
0.11809
0.108826
0.101867
0.0778793
0.0630773
0.0663215
0.0736487
0.100026
0.0892565
0.0839049
0.0934407
0.117237
0.114027
0.124655
0.129189
0.108826
0.101867
0.11809
0.109768
0.131505
0.118326
0.117237
0.114027
0.129189
0.124655
0.131505
1.83533e-33
0.0055789
3.68226e-33
0.0055019
0.0114484
0.0116468
0.0186575
0.0182822
0.0055019
0.0055789
3.68226e-33
1.83533e-33
0.0262502
0.0268976
0.0364897
0.0354652
0.0458696
0.047411
0.0595025
0.0572993
0.0860334
0.082017
0.0694667
0.0724965
0.0182822
0.0114484
0.0186575
0.0116468
0.0996927
0.106565
0.113014
0.0945306
0.0262502
0.0364897
0.0354652
0.0268976
0.127427
0.125527
0.136775
0.117673
0.0595025
0.047411
0.0572993
0.0458696
0.0860334
0.0724965
0.0694667
0.082017
0.14142
0.146337
0.15385
0.13545
0.113014
0.0996927
0.0945306
0.106565
0.136775
0.127427
0.117673
0.125527
0.145103
0.146345
0.161665
0.159026
0.14142
0.13545
0.146337
0.15385
0.161665
0.145103
0.159026
1.87365e-33
0.00569982
3.74563e-33
0.00564574
0.0118156
0.0119651
0.0192906
0.0189958
0.0274825
0.0280116
0.0383007
0.0374382
0.00564574
0.00569982
3.74563e-33
1.87365e-33
0.0189958
0.0192906
0.0118156
0.0119651
0.0488488
0.0501821
0.0635365
0.0615871
0.0781245
0.0936007
0.0899038
0.075387
0.109543
0.11933
0.12547
0.104707
0.0274825
0.0374382
0.0383007
0.0280116
0.140876
0.155248
0.14607
0.13328
0.0488488
0.0615871
0.0501821
0.0635365
0.168094
0.178966
0.157245
0.166394
0.0899038
0.0936007
0.0781245
0.075387
0.109543
0.11933
0.104707
0.12547
0.177362
0.18748
0.193332
0.173186
0.14607
0.140876
0.155248
0.13328
0.157245
0.178966
0.166394
0.168094
0.178775
0.173186
0.196312
0.196312
0.177362
0.18748
0.193332
1.89701e-33
0.00577326
3.7775e-33
0.00574315
0.0120835
0.012181
0.0197529
0.0195451
0.0284716
0.0288703
0.0397564
0.0390765
0.0513944
0.0653419
0.0524867
0.0669882
0.00574315
0.00577326
3.7775e-33
1.89701e-33
0.012181
0.0195451
0.0197529
0.0120835
0.0390765
0.0397564
0.0288703
0.0284716
0.0830595
0.100381
0.0971018
0.0806855
0.131393
0.137057
0.114164
0.118543
0.173001
0.164246
0.155395
0.148265
0.0653419
0.0513944
0.0669882
0.0524867
0.178814
0.189326
0.203846
0.191479
0.0806855
0.0830595
0.0971018
0.100381
0.201816
0.225644
0.209463
0.216087
0.137057
0.118543
0.131393
0.114164
0.173001
0.155395
0.164246
0.148265
0.235534
0.214164
0.2322
0.215746
0.178814
0.189326
0.191479
0.203846
0.209463
0.201816
0.235534
0.2322
0.216087
0.214164
0.225644
1.90497e-33
0.00579777
3.77724e-33
0.00579223
0.0122465
0.01229
0.0200344
0.019918
0.0291949
0.029454
0.0408221
0.0403411
0.00579223
0.00579777
3.77724e-33
1.90497e-33
0.0534433
0.0697693
0.0684685
0.0542675
0.0871728
0.106195
0.10342
0.0852243
0.019918
0.0200344
0.01229
0.0122465
0.0403411
0.0408221
0.029454
0.0291949
0.0534433
0.0542675
0.0684685
0.0697693
0.142425
0.122646
0.147458
0.126449
0.189542
0.181453
0.168683
0.162216
0.19956
0.20944
0.227791
0.215978
0.10342
0.0852243
0.0871728
0.106195
0.244043
0.24176
0.257696
0.230197
0.122646
0.142425
0.147458
0.126449
0.255535
0.26833
0.27561
0.2503
0.181453
0.189542
0.168683
0.162216
0.227791
0.20944
0.215978
0.19956
0.279308
0.257302
0.255535
0.279308
0.244043
0.230197
0.27561
0.257696
0.24176
0.2503
0.26833
1.89739e-33
0.00577286
3.74486e-33
0.005792
0.0123014
0.0122899
0.0201289
0.0201065
0.0296358
0.0297493
0.041472
0.0412015
0.0549446
0.0554801
0.0718087
0.0708866
0.005792
0.00577286
3.74486e-33
1.89739e-33
0.0122899
0.0201065
0.0201289
0.0123014
0.0903563
0.110887
0.108691
0.0888845
0.133049
0.156388
0.152124
0.129923
0.0297493
0.0296358
0.0412015
0.041472
0.0708866
0.0549446
0.0718087
0.0554801
0.0903563
0.0888845
0.110887
0.108691
0.197211
0.204407
0.180372
0.174748
0.2189
0.22787
0.250126
0.239201
0.270555
0.257529
0.288578
0.273339
0.129923
0.152124
0.133049
0.156388
0.315405
0.303675
0.295614
0.286166
0.174748
0.180372
0.204407
0.197211
0.301404
0.323423
0.327493
0.30335
0.250126
0.239201
0.2189
0.22787
0.257529
0.270555
0.273339
0.288578
0.301404
0.295614
0.327493
0.323423
0.286166
0.303675
0.315405
1.87441e-33
0.00569903
3.68099e-33
0.00574247
0.0122468
0.0121807
0.0200343
0.0201063
0.0416369
0.0297839
0.0297492
0.0416904
0.00574247
0.00569903
3.68099e-33
1.87441e-33
0.0558607
0.0560941
0.0730537
0.0725341
0.0925264
0.114331
0.112772
0.09157
0.0121807
0.0201063
0.0200343
0.0122468
0.0416369
0.0416904
0.0297839
0.0297492
0.138162
0.163602
0.160224
0.135799
0.190138
0.211081
0.185513
0.217183
0.0725341
0.0730537
0.0560941
0.0558607
0.112772
0.09157
0.0925264
0.114331
0.163602
0.138162
0.135799
0.160224
0.23629
0.260489
0.270216
0.244098
0.283033
0.294869
0.317406
0.303302
0.334839
0.353777
0.320736
0.337222
0.185513
0.211081
0.217183
0.190138
0.345215
0.351559
0.366615
0.375378
0.23629
0.270216
0.260489
0.244098
0.379821
0.379821
0.353697
0.351559
0.294869
0.317406
0.283033
0.303302
0.375378
0.366615
0.337222
0.320736
0.353777
0.345215
0.334839
1.83646e-33
0.00557774
3.5869e-33
0.00564463
0.012084
0.0119646
0.0197526
0.0199175
0.0414719
0.0416368
0.0296359
0.0294538
0.0561687
0.0560941
0.0734723
0.0733686
0.00564463
0.00557774
3.5869e-33
1.83646e-33
0.0119646
0.0199175
0.0197526
0.012084
0.093626
0.116435
0.115556
0.0932102
0.14165
0.168901
0.166502
0.140115
0.0416368
0.0414719
0.0294538
0.0296359
0.0733686
0.0561687
0.0734723
0.0560941
0.19771
0.227509
0.194212
0.222672
0.251239
0.279239
0.287493
0.257665
0.093626
0.0932102
0.116435
0.115556
0.140115
0.166502
0.168901
0.14165
0.194212
0.222672
0.227509
0.19771
0.305982
0.330789
0.31629
0.343354
0.353018
0.38962
0.368007
0.372081
0.407634
0.387474
0.421579
0.398773
0.251239
0.279239
0.257665
0.287493
0.435903
0.405683
0.408004
0.431086
0.305982
0.31629
0.343354
0.330789
0.405683
0.435903
0.431086
0.398773
0.372081
0.368007
0.353018
0.38962
0.407634
0.387474
0.421579
1.78423e-33
0.00541137
3.4644e-33
0.00550039
0.0118164
0.0116462
0.0192901
0.0195443
0.02887
0.0408219
0.0412012
0.0291952
0.00550039
0.00541137
3.4644e-33
1.78423e-33
0.0558608
0.05548
0.0730537
0.0733686
0.093626
0.117142
0.0937617
0.116966
0.0116462
0.0195443
0.0192901
0.0118164
0.0412012
0.0408219
0.0291952
0.02887
0.143419
0.17214
0.170786
0.142752
0.231662
0.202878
0.235099
0.200603
0.05548
0.0558608
0.0730537
0.0733686
0.0937617
0.116966
0.117142
0.093626
0.263327
0.268189
0.294919
0.301465
0.325722
0.334208
0.365677
0.355011
0.143419
0.17214
0.142752
0.170786
0.235099
0.202878
0.200603
0.231662
0.301465
0.263327
0.294919
0.268189
0.382082
0.406264
0.395141
0.421896
0.464753
0.445292
0.443625
0.426956
0.463314
0.479795
0.490038
0.455852
0.325722
0.365677
0.334208
0.355011
0.463314
0.495226
0.465826
0.495226
0.421896
0.406264
0.382082
0.395141
0.455852
0.464753
0.445292
0.479795
0.490038
0.426956
0.443625
1.71869e-33
0.00520311
3.31584e-33
0.00531257
0.0114494
0.0189948
0.0112319
0.0186568
0.0280111
0.0397562
0.0403407
0.028472
0.00531257
0.00520311
3.31584e-33
1.71869e-33
0.0549447
0.0542674
0.0718086
0.0725341
0.0112319
0.0189948
0.0186568
0.0114494
0.0925265
0.0932101
0.116435
0.116966
0.143419
0.173229
0.172957
0.143638
0.028472
0.0403407
0.0397562
0.0280111
0.0542674
0.0725341
0.0549447
0.0718086
0.237799
0.205498
0.239739
0.204511
0.275373
0.272212
0.311738
0.307085
0.0932101
0.116435
0.116966
0.0925265
0.172957
0.173229
0.143419
0.143638
0.341689
0.383738
0.375276
0.348112
0.449674
0.407092
0.417846
0.436401
0.239739
0.205498
0.204511
0.237799
0.272212
0.307085
0.311738
0.275373
0.341689
0.348112
0.375276
0.383738
0.484809
0.462516
0.478498
0.503646
0.524528
0.540645
0.515877
0.502745
0.557161
0.526584
0.551611
0.523893
0.436401
0.417846
0.407092
0.449674
0.557161
0.523893
0.551611
0.515877
0.540645
0.484809
0.524528
0.462516
0.502745
0.478498
0.503646
1.64098e-33
0.00495688
3.14396e-33
0.00508474
0.00508474
0.00495688
3.14396e-33
1.64098e-33
0.0109905
0.0178665
0.018281
0.01073
0.0268971
0.0383004
0.039076
0.027483
0.0534434
0.0524865
0.0697693
0.0708865
0.018281
0.0178665
0.0109905
0.01073
0.0915699
0.0903563
0.114331
0.115556
0.039076
0.0383004
0.0268971
0.027483
0.141651
0.17214
0.172958
0.142751
0.205498
0.241301
0.240911
0.205825
0.0524865
0.0708865
0.0534434
0.0697693
0.0903563
0.114331
0.0915699
0.115556
0.277645
0.279017
0.318019
0.315392
0.35343
0.357606
0.391003
0.397019
0.17214
0.141651
0.142751
0.172958
0.205498
0.205825
0.240911
0.241301
0.427328
0.435469
0.472153
0.46162
0.493125
0.537128
0.506289
0.521128
0.277645
0.315392
0.279017
0.318019
0.35343
0.397019
0.357606
0.391003
0.427328
0.472153
0.46162
0.435469
0.586245
0.564157
0.544992
0.563982
0.615076
0.603408
0.578183
0.58673
0.58673
0.589605
0.620979
0.620979
0.493125
0.521128
0.537128
0.506289
0.615076
0.564157
0.578183
0.603408
0.563982
0.586245
0.544992
1.55243e-33
0.00467718
2.95183e-33
0.00482112
0.0104488
0.0101504
0.0169359
0.0174181
0.00482112
0.00467718
2.95183e-33
1.55243e-33
0.0174181
0.0169359
0.0104488
0.0101504
0.0255531
0.0364893
0.0374375
0.0262507
0.0513945
0.0501819
0.0669881
0.0684684
0.0888844
0.0871728
0.110887
0.112772
0.0262507
0.0255531
0.0374375
0.0364893
0.138163
0.168901
0.170786
0.140114
0.0684684
0.0669881
0.0513945
0.0501819
0.202878
0.23974
0.240911
0.204511
0.279473
0.320133
0.319605
0.279017
0.0888844
0.110887
0.0871728
0.112772
0.168901
0.170786
0.138163
0.140114
0.362422
0.405143
0.36061
0.401744
0.44221
0.447505
0.488687
0.481197
0.23974
0.204511
0.240911
0.202878
0.279017
0.319605
0.279473
0.320133
0.517898
0.527864
0.564228
0.551529
0.606745
0.625509
0.581366
0.597011
0.401744
0.36061
0.362422
0.405143
0.447505
0.44221
0.488687
0.481197
0.517898
0.564228
0.551529
0.527864
0.667272
0.649103
0.627108
0.641988
0.654101
0.651059
0.679616
0.685857
0.651059
0.685857
0.641988
0.679616
0.581366
0.627108
0.625509
0.597011
0.649103
0.667272
0.606745
1.45449e-33
0.00452644
0.00436891
2.74274e-33
0.00983481
0.00950422
0.0158843
0.0164243
0.0240092
0.0343662
0.0354645
0.0248031
0.00452644
0.00436891
2.74274e-33
1.45449e-33
0.00950422
0.0164243
0.0158843
0.00983481
0.0354645
0.0343662
0.0240092
0.0248031
0.048849
0.0474108
0.0635365
0.0653419
0.0852241
0.0830596
0.106195
0.108691
0.135799
0.133049
0.163602
0.166502
0.0474108
0.0653419
0.048849
0.0635365
0.19771
0.235099
0.237799
0.200603
0.0852241
0.106195
0.108691
0.0830596
0.319605
0.277645
0.275374
0.31802
0.407876
0.363026
0.362422
0.407192
0.133049
0.135799
0.166502
0.163602
0.200603
0.237799
0.235099
0.19771
0.451313
0.498801
0.494569
0.45361
0.536119
0.584163
0.542602
0.575132
0.319605
0.277645
0.275374
0.31802
0.407876
0.362422
0.407192
0.363026
0.657294
0.642399
0.622655
0.610808
0.68736
0.669238
0.69074
0.712223
0.451313
0.498801
0.494569
0.45361
0.536119
0.584163
0.542602
0.575132
0.642399
0.610808
0.657294
0.622655
0.706449
0.744339
0.716009
0.731352
0.750904
0.750904
0.719224
0.716009
0.706449
0.712223
0.731352
0.744339
0.68736
0.69074
0.669238
1.34865e-33
2.52005e-33
0.00420574
0.00403719
0.00916
0.00880322
0.0147331
0.01532
0.0222995
0.0319806
0.0332034
0.0231722
0.00420574
0.00403719
2.52005e-33
1.34865e-33
0.0458698
0.0442413
0.0595025
0.061587
0.00880322
0.01532
0.0147331
0.00916
0.0231722
0.0222995
0.0332034
0.0319806
0.0442413
0.061587
0.0595025
0.0458698
0.0806853
0.0781246
0.100382
0.103421
0.12645
0.156389
0.160225
0.129923
0.190138
0.22751
0.231663
0.194211
0.0806853
0.103421
0.100382
0.0781246
0.272212
0.311738
0.315392
0.268189
0.156389
0.160225
0.12645
0.129923
0.357607
0.405143
0.36061
0.407192
0.502205
0.454377
0.45361
0.501352
0.22751
0.190138
0.194211
0.231663
0.315392
0.272212
0.311738
0.268189
0.591255
0.547266
0.550078
0.596358
0.640174
0.670083
0.632468
0.680677
0.357607
0.405143
0.36061
0.407192
0.502205
0.45361
0.454377
0.501352
0.748615
0.73156
0.717069
0.703345
0.774674
0.754152
0.770635
0.794709
0.547266
0.596358
0.591255
0.550078
0.680677
0.670083
0.632468
0.640174
0.703345
0.73156
0.717069
0.748615
0.784038
0.780672
0.808302
0.815171
0.815171
0.780672
0.770635
0.794709
0.808302
0.774674
0.754152
1.23643e-33
0.0036872
2.2871e-33
0.00386418
0.00386418
0.0036872
2.2871e-33
1.23643e-33
0.00843644
0.00805963
0.0135046
0.0141271
0.0204604
0.0293877
0.0307069
0.0213935
0.0425299
0.0407506
0.0549883
0.0572992
0.0141271
0.0135046
0.00843644
0.00805963
0.0753868
0.0724966
0.093601
0.0971023
0.0307069
0.0204604
0.0293877
0.0213935
0.0549883
0.0407506
0.0572992
0.0425299
0.0753868
0.0971023
0.093601
0.0724966
0.122645
0.118543
0.147459
0.152125
0.180372
0.217183
0.222673
0.185512
0.263326
0.307086
0.257665
0.301466
0.147459
0.152125
0.118543
0.122645
0.348112
0.401745
0.353429
0.39702
0.180372
0.185512
0.222673
0.217183
0.498801
0.501353
0.451313
0.447505
0.599435
0.551017
0.600463
0.550078
0.307086
0.263326
0.257665
0.301466
0.401745
0.353429
0.348112
0.39702
0.649061
0.694983
0.688997
0.645719
0.737365
0.76326
0.775391
0.728438
0.447505
0.451313
0.501353
0.498801
0.600463
0.550078
0.551017
0.599435
0.835492
0.808318
0.816379
0.792776
0.833599
0.844071
0.870528
0.85637
0.645719
0.649061
0.688997
0.694983
0.728438
0.737365
0.775391
0.76326
0.808318
0.835492
0.792776
0.816379
0.847589
0.877681
0.877681
0.844071
0.85637
0.870528
0.833599
1.11927e-33
0.00332394
2.04705e-33
0.0035069
1.11927e-33
0.0035069
0.00332394
2.04705e-33
0.00767634
0.00728555
0.0122216
0.0128684
0.0128684
0.0122216
0.00767634
0.00728555
0.0195043
0.0185301
0.0266455
0.0280318
0.03891
0.0370222
0.0501072
0.0525868
0.0694664
0.0663216
0.0860337
0.0899043
0.0280318
0.0266455
0.0185301
0.0195043
0.114163
0.109543
0.137058
0.142426
0.0370222
0.0525868
0.0501072
0.03891
0.0694664
0.0899043
0.0860337
0.0663216
0.109543
0.114163
0.142426
0.137058
0.168683
0.204408
0.211082
0.174747
0.251238
0.287494
0.244099
0.294921
0.391004
0.341688
0.334209
0.383739
0.168683
0.204408
0.211082
0.174747
0.49457
0.435469
0.44221
0.488688
0.244099
0.294921
0.287494
0.251238
0.596358
0.599435
0.542602
0.547266
0.649061
0.698592
0.699799
0.650179
0.391004
0.383739
0.334209
0.341688
0.44221
0.49457
0.435469
0.488688
0.791773
0.74379
0.747662
0.784918
0.831304
0.865501
0.851905
0.821194
0.596358
0.547266
0.542602
0.599435
0.650179
0.698592
0.649061
0.699799
0.876455
0.894346
0.915354
0.893701
0.905232
0.908881
0.930032
0.937445
0.747662
0.74379
0.784918
0.791773
0.865501
0.821194
0.851905
0.831304
0.937445
0.876455
0.930032
0.905232
0.894346
0.915354
0.893701
0.00313875
0.00295209
1.80278e-33
9.98534e-34
9.98534e-34
0.00295209
1.80278e-33
0.00313875
0.00689159
0.00649257
0.0109063
0.0115664
0.00689159
0.00649257
0.0115664
0.0109063
0.0165464
0.0238138
0.0252372
0.0175428
0.0252372
0.0238138
0.0165464
0.0175428
0.0350957
0.0331433
0.0449795
0.0475668
0.063077
0.0597579
0.0778796
0.0820175
0.104707
0.0996932
0.125471
0.131394
0.0449795
0.0331433
0.0475668
0.0350957
0.162215
0.155396
0.189542
0.197213
0.0597579
0.063077
0.0820175
0.0778796
0.125471
0.104707
0.131394
0.0996932
0.162215
0.197213
0.189542
0.155396
0.279241
0.236288
0.227871
0.270217
0.375277
0.325721
0.365678
0.316291
0.481198
0.417847
0.472154
0.427327
0.279241
0.270217
0.236288
0.227871
0.591256
0.527865
0.584163
0.536119
0.375277
0.316291
0.325721
0.365678
0.640174
0.694984
0.645719
0.698593
0.795906
0.797287
0.748957
0.747662
0.481198
0.472154
0.417847
0.427327
0.527865
0.536119
0.591256
0.584163
0.842967
0.883862
0.876178
0.838581
0.919209
0.933394
0.948338
0.90799
0.645719
0.694984
0.698593
0.640174
0.747662
0.748957
0.795906
0.797287
0.951909
0.970693
0.985842
0.96316
0.96316
0.96694
0.993491
0.993491
0.876178
0.838581
0.883862
0.842967
0.919209
0.948338
0.933394
0.985842
0.970693
0.90799
0.951909
0.00276416
0.00257578
1.55678e-33
8.75406e-34
0.010243
0.00957976
0.00609332
0.00569125
8.75406e-34
0.00257578
1.55678e-33
0.00276416
0.00609332
0.00569125
0.00957976
0.010243
0.014546
0.020951
0.0223826
0.0155466
0.020951
0.014546
0.0155466
0.0223826
0.0311748
0.0292014
0.0397286
0.0423619
0.0292014
0.0423619
0.0397286
0.0311748
0.0563812
0.0529713
0.0693518
0.0736493
0.0945299
0.089257
0.113015
0.119331
0.140877
0.173002
0.181454
0.148264
0.0529713
0.0563812
0.0736493
0.0693518
0.218898
0.209441
0.250127
0.260491
0.089257
0.113015
0.0945299
0.119331
0.173002
0.148264
0.181454
0.140877
0.209441
0.260491
0.218898
0.250127
0.29487
0.305981
0.343355
0.355013
0.461622
0.395142
0.449675
0.40709
0.564228
0.50629
0.575133
0.517897
0.355013
0.343355
0.29487
0.305981
0.622656
0.688998
0.680678
0.632467
0.395142
0.40709
0.461622
0.449675
0.791773
0.737365
0.795906
0.74379
0.844433
0.890042
0.888493
0.842967
0.575133
0.564228
0.517897
0.50629
0.688998
0.632467
0.622656
0.680678
0.960074
0.927284
0.93215
0.96852
0.998476
0.986256
1.02146
1.00532
0.791773
0.74379
0.737365
0.795906
0.844433
0.890042
0.888493
0.842967
1.0208
1.03702
1.01691
1.04488
1.01691
1.03702
1.00532
1.04488
0.960074
0.93215
0.96852
0.927284
1.02146
0.998476
0.986256
0.00238695
0.00219847
1.31103e-33
7.50881e-34
0.00891784
0.00826059
0.00529141
0.00489072
7.50881e-34
0.00219847
1.31103e-33
0.00238695
0.0195254
0.0181127
0.0125625
0.0135509
0.00529141
0.00489072
0.00826059
0.00891784
0.0125625
0.0181127
0.0195254
0.0135509
0.0272338
0.0252814
0.0344765
0.0370953
0.0370953
0.0344765
0.0272338
0.0252814
0.0495463
0.0461287
0.0606692
0.0650164
0.0495463
0.0650164
0.0606692
0.0461287
0.0839042
0.0785111
0.100026
0.106566
0.133279
0.125528
0.155249
0.164248
0.199558
0.189327
0.227792
0.239202
0.100026
0.0839042
0.106566
0.0785111
0.33079
0.283031
0.317407
0.270556
0.125528
0.155249
0.164248
0.133279
0.189327
0.239202
0.227792
0.199558
0.33079
0.270556
0.283031
0.317407
0.421897
0.368008
0.436402
0.382081
0.537129
0.55153
0.478499
0.493124
0.670085
0.597011
0.657294
0.610807
0.368008
0.436402
0.421897
0.382081
0.717069
0.775391
0.784918
0.728437
0.478499
0.537129
0.55153
0.493124
0.831305
0.883862
0.838581
0.888493
0.933778
0.93215
0.973611
0.975314
0.610807
0.597011
0.670085
0.657294
0.784918
0.728437
0.775391
0.717069
1.03413
1.04325
1.01257
1.00727
1.06556
1.05368
1.06677
1.0827
0.838581
0.883862
0.831305
0.888493
0.975314
0.933778
0.93215
0.973611
1.06955
1.06556
1.09074
1.09074
1.03413
1.01257
1.05368
1.0827
1.00727
1.04325
1.06677
0.00201018
0.00182282
1.06698e-33
6.25731e-34
0.0076084
0.00696445
0.00449417
0.00409834
6.25731e-34
0.00182282
1.06698e-33
0.00201018
0.0167183
0.0153487
0.0106254
0.0115875
0.00449417
0.00409834
0.00696445
0.0076084
0.0318866
0.0293392
0.0233549
0.0214616
0.0106254
0.0153487
0.0167183
0.0115875
0.0233549
0.0214616
0.0293392
0.0318866
0.0427374
0.0393924
0.0520486
0.056338
0.0427374
0.056338
0.0520486
0.0393924
0.0731086
0.0677346
0.0868539
0.0934419
0.0677346
0.0731086
0.0934419
0.0868539
0.109768
0.136776
0.146071
0.117672
0.178813
0.168095
0.203847
0.21598
0.257527
0.303304
0.244044
0.288579
0.109768
0.146071
0.136776
0.117672
0.337224
0.406266
0.389621
0.353017
0.168095
0.203847
0.21598
0.178813
0.288579
0.244044
0.303304
0.257527
0.389621
0.337224
0.353017
0.406266
0.52113
0.445294
0.503647
0.462515
0.563983
0.6424
0.62551
0.581364
0.687361
0.748616
0.763261
0.703344
0.503647
0.52113
0.445294
0.462515
0.865501
0.808318
0.821193
0.876179
0.6424
0.581364
0.563983
0.62551
0.919209
0.968521
0.927284
0.973612
1.05058
1.01435
1.01257
1.04874
0.763261
0.687361
0.703344
0.748616
0.865501
0.821193
0.876179
0.808318
1.07619
1.09615
1.10584
1.08186
1.12208
1.10829
1.11236
1.13027
0.973612
0.919209
0.968521
0.927284
1.01435
1.04874
1.01257
1.05058
1.08186
1.09615
1.10584
1.10829
1.13027
1.12208
1.07619
0.00163607
0.00145057
8.25484e-34
5.00489e-34
0.00632849
0.00570324
0.00370791
0.00331935
5.00489e-34
0.00145057
8.25484e-34
0.00163607
0.0140076
0.0127008
0.00875806
0.00968282
0.00370791
0.00331935
0.00570324
0.00632849
0.0268465
0.0244208
0.0196118
0.0178104
0.00875806
0.0127008
0.0140076
0.00968282
0.0361118
0.0478267
0.0436963
0.0329124
0.0196118
0.0178104
0.0244208
0.0268465
0.0361118
0.0329124
0.0436963
0.0478267
0.0624199
0.0571989
0.0738417
0.080307
0.0624199
0.080307
0.0571989
0.0738417
0.101866
0.0940218
0.118091
0.127429
0.118091
0.0940218
0.101866
0.127429
0.157243
0.146338
0.178967
0.191481
0.273342
0.230196
0.216088
0.257698
0.353779
0.372083
0.303676
0.320735
0.146338
0.191481
0.178967
0.157243
0.407635
0.464755
0.484811
0.426954
0.257698
0.216088
0.273342
0.230196
0.353779
0.303676
0.372083
0.320735
0.407635
0.464755
0.426954
0.484811
0.606747
0.586246
0.524529
0.544991
0.649104
0.712224
0.731562
0.669236
0.835493
0.792775
0.851906
0.774675
0.606747
0.586246
0.524529
0.544991
0.907989
0.893702
0.960075
0.948339
0.712224
0.669236
0.649104
0.731562
1.04325
0.998477
1.00727
1.04874
1.11363
1.11168
1.08376
1.08186
0.774675
0.835493
0.792775
0.851906
0.948339
0.960075
0.907989
0.893702
1.14434
1.15446
1.132
1.13797
1.14848
1.16278
1.16278
1.14434
1.00727
1.04325
1.04874
0.998477
1.11168
1.15446
1.08376
1.11363
1.13797
1.132
1.08186
0.00126592
0.0010826
5.86789e-34
3.75461e-34
3.75461e-34
0.0010826
5.86789e-34
0.00126592
0.00508782
0.00448437
0.00293673
0.00255664
0.0114302
0.0102004
0.00697672
0.00785697
0.00293673
0.00255664
0.00448437
0.00508782
0.0143825
0.0220716
0.0198091
0.0160666
0.00697672
0.0102004
0.0114302
0.00785697
0.0298111
0.0396798
0.0357984
0.0268202
0.0160666
0.0143825
0.0198091
0.0220716
0.0521012
0.0674993
0.0613176
0.0471561
0.0298111
0.0268202
0.0357984
0.0396798
0.0521012
0.0471561
0.0613176
0.0674993
0.0862828
0.0787014
0.0996989
0.108828
0.0862828
0.108828
0.0996989
0.0787014
0.135449
0.124656
0.153851
0.166396
0.166396
0.124656
0.153851
0.135449
0.241762
0.201814
0.225646
0.187482
0.268331
0.286164
0.334841
0.315406
0.366616
0.443627
0.42158
0.387472
0.225646
0.187482
0.241762
0.201814
0.479796
0.56416
0.540646
0.502743
0.268331
0.315406
0.286164
0.334841
0.42158
0.366616
0.443627
0.387472
0.56416
0.479796
0.540646
0.502743
0.690742
0.60341
0.667274
0.627107
0.794709
0.731353
0.816381
0.754151
0.876454
0.85637
0.915355
0.933395
0.60341
0.667274
0.690742
0.627107
0.970694
1.03413
0.986256
1.02146
0.731353
0.816381
0.754151
0.794709
1.06677
1.10584
1.07619
1.11168
1.1626
1.13797
1.13998
1.16056
0.876454
0.933395
0.915355
0.85637
0.986256
1.02146
0.970694
1.03413
1.18768
1.17726
1.17307
1.17927
1.17927
1.16056
1.17307
1.18768
1.10584
1.07619
1.06677
1.11168
1.13998
1.1626
1.13797
2.50753e-34
0.000718846
3.50593e-34
0.000900139
0.000900139
0.000718846
3.50593e-34
2.50753e-34
0.00389142
0.00331031
0.00218233
0.00181067
0.00218233
0.00181067
0.00331031
0.00389142
0.00901135
0.00786603
0.00528921
0.00612211
0.0176393
0.0155695
0.0127657
0.0112151
0.00528921
0.00786603
0.00612211
0.00901135
0.0239542
0.0320698
0.0285112
0.0212206
0.0127657
0.0112151
0.0155695
0.0176393
0.0423901
0.0553329
0.0378263
0.0495782
0.0239542
0.0212206
0.0285112
0.0320698
0.0713221
0.0907643
0.0820793
0.0641907
0.0423901
0.0378263
0.0495782
0.0553329
0.0713221
0.0641907
0.0820793
0.0907643
0.114025
0.103632
0.12919
0.141422
0.114025
0.141422
0.103632
0.12919
0.159027
0.193334
0.173184
0.209466
0.159027
0.209466
0.193334
0.173184
0.275611
0.295616
0.232201
0.250298
0.323425
0.398776
0.345213
0.375379
0.431087
0.49004
0.51588
0.45585
0.275611
0.232201
0.295616
0.250298
0.551612
0.641991
0.615077
0.578182
0.375379
0.323425
0.345213
0.398776
0.51588
0.431087
0.49004
0.45585
0.615077
0.551612
0.641991
0.578182
0.74434
0.770637
0.679617
0.706447
0.870529
0.808303
0.894348
0.833598
0.951908
0.985842
1.00532
0.930033
0.679617
0.770637
0.706447
0.74434
1.05368
1.0827
1.03702
1.09616
0.833598
0.870529
0.894348
0.808303
1.132
1.16056
1.12208
1.15446
1.19606
1.17927
1.19396
1.18135
0.930033
0.951908
1.00532
0.985842
1.05368
1.09616
1.0827
1.03702
1.19396
1.1982
1.20454
1.20454
1.15446
1.19606
1.18135
1.16056
1.132
1.12208
1.17927
0.000538257
0.000358468
1.16113e-34
1.26318e-34
1.26318e-34
0.000358468
1.16113e-34
0.000538257
0.00144392
0.00107941
0.00217815
0.00273908
0.00273908
0.00217815
0.00144392
0.00107941
0.00676251
0.00570156
0.00369377
0.00448139
0.00369377
0.00448139
0.00570156
0.00676251
0.0136018
0.0117397
0.00973608
0.00832429
0.01863
0.0251345
0.0219512
0.0161842
0.00973608
0.00832429
0.0117397
0.0136018
0.0334863
0.0440827
0.0388725
0.0293854
0.01863
0.0161842
0.0219512
0.0251345
0.0573462
0.0736973
0.0656664
0.0508252
0.0334863
0.0293854
0.0388725
0.0440827
0.0935389
0.117239
0.105644
0.0838107
0.0573462
0.0508252
0.0656664
0.0736973
0.117239
0.0935389
0.0838107
0.105644
0.131506
0.161666
0.177364
0.145101
0.145101
0.177364
0.131506
0.161666
0.255537
0.196313
0.214162
0.235535
0.255537
0.196313
0.235535
0.214162
0.27931
0.327494
0.351562
0.301402
0.379823
0.435905
0.463317
0.405681
0.557162
0.586732
0.495227
0.523891
0.327494
0.27931
0.351562
0.301402
0.62098
0.716011
0.685858
0.651057
0.463317
0.435905
0.379823
0.405681
0.495227
0.586732
0.523891
0.557162
0.62098
0.716011
0.685858
0.651057
0.780671
0.750905
0.815172
0.844072
0.905231
0.877681
0.963162
0.937446
1.06556
0.993491
1.01691
1.04488
0.815172
0.844072
0.750905
0.780671
1.14434
1.13027
1.10829
1.09074
0.877681
0.937446
0.905231
0.963162
1.16278
1.17307
1.19396
1.18768
1.21091
1.20666
1.20454
1.21304
1.04488
0.993491
1.01691
1.06556
1.09074
1.10829
1.14434
1.13027
1.20454
1.19396
1.20666
1.21304
1.16278
1.18768
1.17307
2.4708e-36
0.00017908
0.00017908
2.4708e-36
0.00162513
0.000718313
0.000718313
0.00162513
0.00467921
0.00292792
0.00292792
0.00467921
0.00698204
0.00998087
0.00698204
0.00998087
0.0138891
0.0189662
0.0255385
0.0339677
0.0138891
0.0189662
0.044659
0.0580298
0.0339677
0.0255385
0.0745022
0.0944797
0.0580298
0.044659
0.118324
0.146347
0.0745022
0.0944797
0.118324
0.146347
0.178773
0.215749
0.178773
0.215749
0.2573
0.303353
0.303353
0.2573
0.353695
0.408006
0.465824
0.526586
0.654104
0.589603
0.408006
0.353695
0.784039
0.719222
0.526586
0.465824
0.589603
0.654104
0.784039
0.719222
0.847588
0.908882
1.0208
0.966939
1.11236
1.06955
0.847588
0.908882
1.17726
1.14848
1.0208
0.966939
1.21091
1.1982
1.21518
1.21091
1.06955
1.11236
1.14848
1.1982
1.17726
0.131506
0.27931
0.235535
0.000358468
0.161666
0.196313
0.161666
0.196313
0.131506
0.00570156
0.00832429
0.105644
0.235535
0.0161842
0.0838107
0.0656664
0.27931
0.0508252
0.0388725
0.327494
0.0293854
0.0219512
0.379823
0.0117397
0.435905
0.495227
0.00369377
0.00217815
0.557162
0.00107941
0.62098
0.685858
0.000358468
0.327494
0.379823
0.750905
0.815172
0.495227
0.877681
0.00107941
0.937446
0.993491
0.00217815
1.04488
1.09074
0.00369377
1.13027
1.16278
0.00570156
0.993491
1.18768
1.04488
1.20454
0.00832429
1.21304
1.21304
0.0117397
1.20454
1.18768
0.0161842
1.16278
1.13027
0.0219512
1.09074
0.0293854
0.937446
0.0388725
0.877681
0.815172
0.0508252
0.750905
0.685858
0.0656664
0.62098
0.557162
0.0838107
0.435905
0.105644
1.16113e-34
1.16113e-34
1.26318e-34
0.000538257
0.000538257
1.26318e-34
0.00273908
0.00144392
0.00144392
0.00273908
0.00448139
0.00676251
0.00448139
0.00676251
0.0136018
0.00973608
0.00973608
0.0136018
0.0251345
0.01863
0.0440827
0.0334863
0.01863
0.0251345
0.0573462
0.0736973
0.0440827
0.0334863
0.117239
0.0935389
0.0573462
0.0736973
0.145101
0.177364
0.0935389
0.117239
0.145101
0.177364
0.255537
0.214162
0.255537
0.214162
0.301402
0.351562
0.351562
0.301402
0.463317
0.405681
0.586732
0.523891
0.651057
0.716011
0.405681
0.463317
0.844072
0.780671
0.586732
0.523891
0.716011
0.651057
0.780671
0.844072
0.905231
0.963162
1.06556
1.01691
1.10829
1.14434
0.963162
0.905231
1.19396
1.17307
1.06556
1.01691
1.21091
1.20666
1.20666
1.19396
1.14434
1.10829
1.17307
0.232201
0.193334
0.193334
0.159027
0.232201
0.12919
0.00331031
0.103632
0.0820793
0.275611
0.0641907
0.323425
0.0495782
0.0378263
0.0285112
0.375379
0.0212206
0.431087
0.0155695
0.0112151
0.00786603
0.49004
0.00528921
0.551612
0.00181067
0.000718846
0.615077
0.679617
0.000718846
0.74434
0.275611
0.808303
0.870529
0.375379
0.00181067
0.930033
0.985842
0.551612
1.03702
0.00331031
1.0827
0.00528921
1.12208
1.15446
1.17927
0.870529
0.00786603
1.19606
0.0112151
1.03702
1.20454
1.20454
1.19606
0.0155695
1.17927
0.0212206
1.15446
1.12208
1.0827
0.0285112
0.0378263
0.985842
0.930033
0.0495782
0.808303
0.0641907
0.74434
0.679617
0.615077
0.0820793
0.103632
0.49004
0.431087
0.12919
0.323425
0.159027
3.50593e-34
3.50593e-34
2.50753e-34
0.000900139
0.000900139
2.50753e-34
0.00389142
0.00218233
0.00218233
0.00389142
0.00612211
0.00901135
0.00901135
0.00612211
0.0176393
0.0127657
0.0127657
0.0176393
0.0320698
0.0239542
0.0423901
0.0553329
0.0239542
0.0320698
0.0713221
0.0907643
0.0553329
0.0423901
0.114025
0.141422
0.0907643
0.0713221
0.209466
0.173184
0.114025
0.141422
0.209466
0.173184
0.250298
0.295616
0.295616
0.250298
0.398776
0.345213
0.345213
0.398776
0.51588
0.45585
0.641991
0.578182
0.706447
0.770637
0.51588
0.45585
0.833598
0.894348
0.578182
0.641991
0.770637
0.706447
0.833598
0.894348
0.951908
1.00532
1.05368
1.09616
1.132
1.16056
1.00532
0.951908
1.19396
1.18135
1.05368
1.09616
1.1982
1.19396
1.18135
1.132
1.16056
0.225646
0.153851
0.268331
0.0010826
0.124656
0.0996989
0.0787014
0.315406
0.0613176
0.0102004
0.0143825
0.366616
0.0471561
0.0357984
0.0268202
0.42158
0.0198091
0.479796
0.00697672
0.540646
0.00448437
0.60341
0.00255664
0.667274
0.731353
0.0010826
0.794709
0.225646
0.85637
0.00255664
0.915355
0.970694
1.02146
0.42158
0.479796
0.00448437
1.06677
0.00697672
1.10584
1.13797
1.1626
0.0102004
0.794709
1.17927
0.0143825
0.915355
0.970694
1.18768
1.18768
1.17927
0.0198091
1.1626
0.0268202
1.13797
1.10584
1.06677
0.0357984
1.02146
0.0471561
0.85637
0.0613176
0.0787014
0.731353
0.667274
0.60341
0.0996989
0.540646
0.124656
0.366616
0.153851
0.315406
0.187482
0.268331
0.187482
5.86789e-34
5.86789e-34
3.75461e-34
0.00126592
0.00126592
3.75461e-34
0.00293673
0.00508782
0.00293673
0.00508782
0.00785697
0.0114302
0.0114302
0.00785697
0.0220716
0.0160666
0.0160666
0.0220716
0.0298111
0.0396798
0.0521012
0.0674993
0.0298111
0.0396798
0.0862828
0.108828
0.0674993
0.0521012
0.166396
0.135449
0.0862828
0.108828
0.241762
0.201814
0.135449
0.166396
0.241762
0.201814
0.334841
0.286164
0.334841
0.286164
0.387472
0.443627
0.443627
0.387472
0.56416
0.502743
0.690742
0.627107
0.754151
0.816381
0.502743
0.56416
0.876454
0.933395
0.627107
0.690742
0.816381
0.754151
0.876454
0.933395
1.03413
0.986256
1.07619
1.11168
1.13998
1.16056
0.986256
1.03413
1.17726
1.17307
1.11168
1.07619
1.17307
1.16056
1.13998
0.303676
0.0940218
0.0738417
0.353779
0.0571989
0.0436963
0.407635
0.0329124
0.0244208
0.464755
0.0178104
0.0127008
0.524529
0.00875806
0.00570324
0.586246
0.00331935
0.00145057
0.649104
0.712224
0.00145057
0.118091
0.146338
0.774675
0.835493
0.216088
0.893702
0.00331935
0.948339
0.998477
0.00570324
1.04325
1.08186
0.00875806
1.11363
1.13797
0.0127008
0.649104
1.15446
0.712224
1.16278
0.0178104
1.16278
1.15446
0.0244208
0.948339
0.998477
1.13797
1.11363
0.0329124
1.08186
1.04325
0.0436963
0.0571989
0.893702
0.835493
0.0738417
0.774675
0.0940218
0.586246
0.118091
0.524529
0.464755
0.146338
0.407635
0.353779
0.178967
0.303676
0.257698
0.216088
0.178967
0.257698
8.25484e-34
8.25484e-34
5.00489e-34
0.00163607
0.00163607
5.00489e-34
0.00632849
0.00370791
0.00370791
0.00632849
0.0140076
0.00968282
0.00968282
0.0140076
0.0268465
0.0196118
0.0196118
0.0268465
0.0478267
0.0361118
0.0624199
0.080307
0.0478267
0.0361118
0.127429
0.101866
0.0624199
0.080307
0.191481
0.157243
0.127429
0.101866
0.273342
0.230196
0.191481
0.157243
0.230196
0.273342
0.372083
0.320735
0.320735
0.372083
0.484811
0.426954
0.426954
0.484811
0.606747
0.544991
0.731562
0.669236
0.792775
0.851906
0.544991
0.606747
0.960075
0.907989
0.669236
0.731562
0.851906
0.792775
0.960075
0.907989
1.00727
1.04874
1.08376
1.11168
1.132
1.14434
1.04874
1.00727
1.14434
1.14848
1.08376
1.132
1.11168
0.0677346
0.0520486
0.389621
0.0393924
0.445294
0.0293392
0.0214616
0.0153487
0.503647
0.0106254
0.563983
0.00696445
0.00409834
0.00182282
0.62551
0.687361
0.00182282
0.748616
0.0868539
0.808318
0.865501
0.136776
0.00409834
0.919209
0.968521
0.244044
1.01257
0.00696445
1.05058
0.0106254
1.08186
1.10584
1.12208
0.503647
0.0153487
1.13027
0.0214616
0.687361
1.13027
1.12208
1.10584
0.0293392
0.865501
1.08186
0.0393924
1.05058
1.01257
0.968521
0.0520486
0.919209
0.0677346
0.808318
0.748616
0.0868539
0.109768
0.62551
0.563983
0.136776
0.445294
0.168095
0.389621
0.337224
0.288579
0.203847
0.244044
0.203847
0.168095
0.288579
0.109768
0.337224
1.06698e-33
1.06698e-33
6.25731e-34
0.00201018
0.00201018
6.25731e-34
0.0076084
0.00449417
0.00449417
0.0076084
0.0167183
0.0115875
0.0167183
0.0115875
0.0233549
0.0318866
0.0233549
0.0318866
0.0427374
0.056338
0.0731086
0.0934419
0.0427374
0.056338
0.146071
0.117672
0.0934419
0.0731086
0.21598
0.178813
0.146071
0.117672
0.303304
0.257527
0.21598
0.178813
0.257527
0.303304
0.406266
0.353017
0.406266
0.353017
0.52113
0.462515
0.52113
0.462515
0.6424
0.581364
0.703344
0.763261
0.876179
0.821193
0.581364
0.6424
0.927284
0.973612
0.763261
0.703344
0.821193
0.876179
0.973612
0.927284
1.04874
1.01435
1.09615
1.07619
1.10829
1.11236
1.01435
1.04874
1.09615
1.10829
1.07619
0.421897
0.0344765
0.478499
0.0252814
0.0181127
0.0125625
0.537129
0.00826059
0.597011
0.00489072
0.00219847
0.657294
0.717069
0.00219847
0.775391
0.0606692
0.831305
0.00489072
0.883862
0.93215
0.975314
0.155249
0.189327
0.00826059
1.01257
0.0125625
1.04325
1.06677
1.0827
0.0181127
0.421897
1.09074
0.0252814
0.537129
0.597011
1.09074
1.0827
1.06677
0.0344765
0.775391
1.04325
0.0461287
1.01257
0.975314
0.93215
0.0606692
0.883862
0.0785111
0.831305
0.717069
0.100026
0.657294
0.125528
0.478499
0.155249
0.189327
0.368008
0.317407
0.270556
0.227792
0.227792
0.270556
0.125528
0.317407
0.100026
0.368008
0.0785111
0.0461287
1.31103e-33
1.31103e-33
7.50881e-34
0.00238695
0.00238695
7.50881e-34
0.00529141
0.00891784
0.00529141
0.00891784
0.0195254
0.0135509
0.0135509
0.0195254
0.0272338
0.0370953
0.0272338
0.0370953
0.0650164
0.0495463
0.106566
0.0839042
0.0495463
0.0650164
0.133279
0.164248
0.0839042
0.106566
0.199558
0.239202
0.133279
0.164248
0.283031
0.33079
0.239202
0.199558
0.283031
0.33079
0.436402
0.382081
0.436402
0.382081
0.55153
0.493124
0.493124
0.55153
0.670085
0.610807
0.784918
0.728437
0.838581
0.888493
0.610807
0.670085
0.973611
0.933778
0.784918
0.728437
0.838581
0.888493
0.973611
0.933778
1.03413
1.00727
1.06556
1.05368
1.06955
1.06556
1.00727
1.05368
1.03413
0.50629
0.014546
0.00957976
0.564228
0.00569125
0.00257578
0.622656
0.680678
0.00257578
0.020951
0.0292014
0.737365
0.791773
0.0529713
0.842967
0.00569125
0.890042
0.93215
0.00957976
0.96852
0.998476
0.014546
1.02146
1.03702
0.020951
0.29487
1.04488
0.343355
1.04488
0.0292014
1.03702
1.02146
0.0397286
0.564228
0.622656
0.998476
0.96852
0.0529713
0.93215
0.890042
0.0693518
0.842967
0.791773
0.089257
0.737365
0.680678
0.113015
0.140877
0.50629
0.449675
0.173002
0.395142
0.209441
0.250127
0.250127
0.209441
0.173002
0.29487
0.140877
0.113015
0.343355
0.089257
0.0693518
0.395142
0.0397286
0.449675
1.55678e-33
1.55678e-33
8.75406e-34
0.00276416
0.00276416
8.75406e-34
0.010243
0.00609332
0.00609332
0.010243
0.0155466
0.0223826
0.0223826
0.0155466
0.0423619
0.0311748
0.0311748
0.0423619
0.0563812
0.0736493
0.0945299
0.119331
0.0563812
0.0736493
0.181454
0.148264
0.119331
0.0945299
0.218898
0.260491
0.148264
0.181454
0.305981
0.355013
0.218898
0.260491
0.355013
0.305981
0.461622
0.40709
0.40709
0.461622
0.517897
0.575133
0.575133
0.517897
0.688998
0.632467
0.795906
0.74379
0.888493
0.844433
0.688998
0.632467
0.927284
0.960074
0.795906
0.74379
0.844433
0.888493
0.960074
0.927284
0.986256
1.00532
1.0208
1.01691
1.01691
1.00532
0.986256
0.00649257
0.00295209
0.584163
0.640174
0.00295209
0.694984
0.0109063
0.747662
0.797287
0.0238138
0.00649257
0.842967
0.883862
0.0597579
0.919209
0.0109063
0.948338
0.0165464
0.970693
0.985842
0.993491
0.189542
0.0238138
0.993491
0.0331433
0.316291
0.985842
0.970693
0.948338
0.0449795
0.472154
0.919209
0.0597579
0.883862
0.842967
0.797287
0.0778796
0.747662
0.0996932
0.694984
0.640174
0.584163
0.125471
0.527865
0.155396
0.417847
0.365678
0.189542
0.227871
0.270217
0.227871
0.270217
0.155396
0.316291
0.125471
0.0996932
0.0778796
0.365678
0.417847
0.0449795
0.0331433
0.472154
0.0165464
0.527865
1.80278e-33
1.80278e-33
9.98534e-34
0.00313875
0.00313875
9.98534e-34
0.00689159
0.0115664
0.00689159
0.0115664
0.0252372
0.0175428
0.0252372
0.0175428
0.0475668
0.0350957
0.0350957
0.0475668
0.063077
0.0820175
0.131394
0.104707
0.063077
0.0820175
0.197213
0.162215
0.104707
0.131394
0.236288
0.279241
0.162215
0.197213
0.325721
0.375277
0.236288
0.279241
0.325721
0.375277
0.481198
0.427327
0.481198
0.427327
0.591256
0.536119
0.591256
0.536119
0.645719
0.698593
0.795906
0.748957
0.876178
0.838581
0.698593
0.645719
0.90799
0.933394
0.795906
0.748957
0.838581
0.876178
0.933394
0.90799
0.96316
0.951909
0.96316
0.96694
0.951909
0.596358
0.649061
0.00332394
0.00332394
0.699799
0.747662
0.00728555
0.791773
0.831304
0.0266455
0.0370222
0.865501
0.0122216
0.893701
0.0185301
0.915354
0.930032
0.937445
0.137058
0.0266455
0.937445
0.204408
0.244099
0.0370222
0.930032
0.915354
0.893701
0.383739
0.0501072
0.865501
0.0663216
0.831304
0.791773
0.596358
0.747662
0.0860337
0.699799
0.109543
0.649061
0.542602
0.137058
0.488688
0.168683
0.435469
0.334209
0.204408
0.287494
0.244099
0.168683
0.287494
0.334209
0.109543
0.0860337
0.0663216
0.383739
0.0501072
0.435469
0.0185301
0.488688
0.0122216
0.542602
0.00728555
2.04705e-33
2.04705e-33
1.11927e-33
0.0035069
1.11927e-33
0.0035069
0.0128684
0.00767634
0.00767634
0.0128684
0.0280318
0.0195043
0.0280318
0.0195043
0.03891
0.0525868
0.03891
0.0525868
0.0899043
0.0694664
0.142426
0.114163
0.0694664
0.0899043
0.211082
0.174747
0.142426
0.114163
0.294921
0.251238
0.174747
0.211082
0.391004
0.341688
0.251238
0.294921
0.391004
0.341688
0.44221
0.49457
0.44221
0.49457
0.599435
0.547266
0.599435
0.547266
0.650179
0.698592
0.784918
0.74379
0.821194
0.851905
0.650179
0.698592
0.894346
0.876455
0.74379
0.784918
0.821194
0.851905
0.894346
0.876455
0.908881
0.905232
0.905232
0.0036872
0.649061
0.694983
0.737365
0.00805963
0.775391
0.808318
0.0135046
0.835492
0.85637
0.0204604
0.870528
0.877681
0.0724966
0.0293877
0.093601
0.877681
0.870528
0.0407506
0.85637
0.835492
0.217183
0.257665
0.0549883
0.808318
0.775391
0.0724966
0.737365
0.694983
0.093601
0.649061
0.600463
0.118543
0.550078
0.498801
0.147459
0.447505
0.39702
0.180372
0.348112
0.301466
0.217183
0.257665
0.180372
0.147459
0.301466
0.118543
0.348112
0.0549883
0.39702
0.0407506
0.0293877
0.447505
0.0204604
0.0135046
0.498801
0.00805963
0.0036872
0.550078
0.600463
2.2871e-33
2.2871e-33
1.23643e-33
0.00386418
0.00386418
1.23643e-33
0.00843644
0.0141271
0.00843644
0.0141271
0.0213935
0.0307069
0.0307069
0.0213935
0.0572992
0.0425299
0.0572992
0.0425299
0.0971023
0.0753868
0.152125
0.122645
0.0753868
0.0971023
0.222673
0.185512
0.152125
0.122645
0.263326
0.307086
0.222673
0.185512
0.353429
0.401745
0.263326
0.307086
0.353429
0.401745
0.451313
0.501353
0.451313
0.501353
0.599435
0.551017
0.599435
0.551017
0.688997
0.645719
0.728438
0.76326
0.816379
0.792776
0.645719
0.688997
0.833599
0.844071
0.728438
0.76326
0.792776
0.816379
0.833599
0.847589
0.844071
0.680677
0.00880322
0.717069
0.748615
0.774674
0.0147331
0.794709
0.0222995
0.808302
0.0319806
0.815171
0.815171
0.0319806
0.0781246
0.808302
0.0442413
0.794709
0.774674
0.156389
0.748615
0.0595025
0.717069
0.0781246
0.680677
0.640174
0.357607
0.596358
0.100382
0.550078
0.12645
0.502205
0.45361
0.405143
0.156389
0.190138
0.311738
0.268189
0.22751
0.22751
0.190138
0.268189
0.12645
0.100382
0.311738
0.357607
0.0595025
0.0442413
0.405143
0.0222995
0.45361
0.0147331
0.00880322
0.00403719
0.502205
0.550078
0.00403719
0.596358
0.640174
2.52005e-33
2.52005e-33
1.34865e-33
0.00420574
0.00420574
1.34865e-33
0.01532
0.00916
0.00916
0.01532
0.0332034
0.0231722
0.0231722
0.0332034
0.0458698
0.061587
0.0458698
0.061587
0.0806853
0.103421
0.160225
0.129923
0.0806853
0.103421
0.231663
0.194211
0.160225
0.129923
0.315392
0.272212
0.194211
0.231663
0.407192
0.36061
0.315392
0.272212
0.407192
0.36061
0.454377
0.501352
0.454377
0.501352
0.547266
0.591255
0.547266
0.591255
0.632468
0.670083
0.703345
0.73156
0.770635
0.754152
0.632468
0.670083
0.784038
0.780672
0.73156
0.703345
0.770635
0.754152
0.780672
0.00950422
0.657294
0.68736
0.712223
0.0158843
0.731352
0.0158843
0.0240092
0.744339
0.0343662
0.0474108
0.750904
0.750904
0.0343662
0.744339
0.106195
0.0474108
0.731352
0.712223
0.68736
0.0635365
0.235099
0.275374
0.657294
0.0830596
0.622655
0.584163
0.542602
0.106195
0.498801
0.133049
0.45361
0.407876
0.362422
0.163602
0.31802
0.19771
0.19771
0.235099
0.163602
0.275374
0.133049
0.0830596
0.31802
0.0635365
0.362422
0.0240092
0.407876
0.45361
0.00950422
0.00436891
0.498801
0.542602
0.00436891
0.584163
0.622655
2.74274e-33
2.74274e-33
1.45449e-33
0.00452644
0.00452644
1.45449e-33
0.0164243
0.00983481
0.00983481
0.0164243
0.0354645
0.0248031
0.0354645
0.0248031
0.0653419
0.048849
0.048849
0.0653419
0.0852241
0.108691
0.135799
0.166502
0.0852241
0.108691
0.237799
0.200603
0.135799
0.166502
0.277645
0.319605
0.200603
0.237799
0.363026
0.407192
0.319605
0.277645
0.407192
0.363026
0.451313
0.494569
0.494569
0.451313
0.536119
0.575132
0.575132
0.536119
0.610808
0.642399
0.669238
0.69074
0.706449
0.716009
0.610808
0.642399
0.716009
0.719224
0.69074
0.669238
0.706449
0.649103
0.0169359
0.667272
0.00467718
0.679616
0.0255531
0.685857
0.685857
0.0364893
0.0364893
0.0501819
0.679616
0.667272
0.0501819
0.649103
0.625509
0.0669881
0.597011
0.564228
0.0871728
0.527864
0.23974
0.488687
0.110887
0.447505
0.405143
0.138163
0.362422
0.320133
0.168901
0.279017
0.202878
0.202878
0.168901
0.23974
0.138163
0.110887
0.279017
0.0871728
0.0669881
0.320133
0.362422
0.0255531
0.0169359
0.405143
0.0101504
0.447505
0.488687
0.00467718
0.625509
0.527864
0.564228
0.597011
0.0101504
2.95183e-33
2.95183e-33
1.55243e-33
0.00482112
0.00482112
1.55243e-33
0.0104488
0.0174181
0.0104488
0.0174181
0.0374375
0.0262507
0.0262507
0.0374375
0.0684684
0.0513945
0.0513945
0.0684684
0.112772
0.0888844
0.170786
0.140114
0.0888844
0.112772
0.204511
0.240911
0.170786
0.140114
0.279473
0.319605
0.240911
0.204511
0.36061
0.401744
0.319605
0.279473
0.36061
0.401744
0.481197
0.44221
0.481197
0.44221
0.517898
0.551529
0.551529
0.517898
0.606745
0.581366
0.641988
0.627108
0.654101
0.651059
0.606745
0.581366
0.651059
0.627108
0.641988
0.0178665
0.615076
0.0268971
0.620979
0.620979
0.615076
0.0178665
0.0383004
0.603408
0.0524865
0.586245
0.563982
0.537128
0.0903563
0.0697693
0.506289
0.0903563
0.472153
0.17214
0.435469
0.397019
0.241301
0.114331
0.357606
0.141651
0.318019
0.279017
0.17214
0.205498
0.205498
0.141651
0.114331
0.241301
0.279017
0.0697693
0.0524865
0.0383004
0.318019
0.0268971
0.357606
0.01073
0.00495688
0.397019
0.435469
0.00495688
0.603408
0.472153
0.506289
0.537128
0.01073
0.563982
0.586245
3.14396e-33
3.14396e-33
1.64098e-33
0.00508474
0.00508474
1.64098e-33
0.018281
0.0109905
0.0109905
0.018281
0.039076
0.027483
0.039076
0.027483
0.0708865
0.0534434
0.0534434
0.0708865
0.115556
0.0915699
0.172958
0.142751
0.0915699
0.115556
0.240911
0.205825
0.142751
0.172958
0.315392
0.277645
0.240911
0.205825
0.391003
0.35343
0.277645
0.315392
0.35343
0.391003
0.427328
0.46162
0.427328
0.46162
0.493125
0.521128
0.493125
0.521128
0.544992
0.564157
0.578183
0.58673
0.589605
0.58673
0.564157
0.544992
0.578183
0.0280111
0.557161
0.557161
0.00520311
0.551611
0.0397562
0.540645
0.0542674
0.524528
0.0397562
0.0542674
0.503646
0.478498
0.0718086
0.449674
0.0925265
0.417846
0.383738
0.173229
0.348112
0.116435
0.311738
0.143419
0.275373
0.239739
0.205498
0.173229
0.205498
0.143419
0.116435
0.0925265
0.239739
0.0718086
0.275373
0.0280111
0.311738
0.0186568
0.348112
0.0112319
0.383738
0.417846
0.00520311
0.551611
0.449674
0.478498
0.0112319
0.503646
0.524528
0.540645
0.0186568
3.31584e-33
3.31584e-33
1.71869e-33
0.00531257
0.00531257
1.71869e-33
0.0114494
0.0189948
0.0114494
0.0189948
0.0403407
0.028472
0.0403407
0.028472
0.0725341
0.0549447
0.0549447
0.0725341
0.0932101
0.116966
0.172957
0.143638
0.116966
0.0932101
0.204511
0.237799
0.143638
0.172957
0.307085
0.272212
0.237799
0.204511
0.375276
0.341689
0.307085
0.272212
0.341689
0.375276
0.407092
0.436401
0.407092
0.436401
0.484809
0.462516
0.484809
0.462516
0.502745
0.515877
0.523893
0.526584
0.523893
0.502745
0.515877
0.490038
0.0408219
0.479795
0.464753
0.05548
0.445292
0.421896
0.0730537
0.395141
0.0408219
0.365677
0.093626
0.334208
0.093626
0.301465
0.117142
0.117142
0.268189
0.235099
0.143419
0.202878
0.17214
0.17214
0.143419
0.202878
0.0730537
0.235099
0.05548
0.268189
0.02887
0.0192901
0.301465
0.0116462
0.00541137
0.334208
0.365677
0.00541137
0.495226
0.395141
0.495226
0.421896
0.445292
0.0116462
0.464753
0.479795
0.0192901
0.490038
0.02887
3.4644e-33
3.4644e-33
1.78423e-33
0.00550039
0.00550039
1.78423e-33
0.0195443
0.0118164
0.0195443
0.0118164
0.0291952
0.0412012
0.0412012
0.0291952
0.0733686
0.0558608
0.0558608
0.0733686
0.0937617
0.116966
0.142752
0.170786
0.116966
0.0937617
0.231662
0.200603
0.170786
0.142752
0.263327
0.294919
0.231662
0.200603
0.355011
0.325722
0.294919
0.263327
0.325722
0.355011
0.382082
0.406264
0.406264
0.382082
0.426956
0.443625
0.443625
0.426956
0.455852
0.463314
0.465826
0.463314
0.455852
0.0414719
0.407634
0.0560941
0.38962
0.368007
0.343354
0.0197526
0.0734723
0.31629
0.0414719
0.093626
0.287493
0.257665
0.227509
0.116435
0.19771
0.14165
0.168901
0.14165
0.116435
0.168901
0.093626
0.19771
0.0734723
0.0560941
0.227509
0.0294538
0.257665
0.0119646
0.00557774
0.287493
0.31629
0.00557774
0.421579
0.343354
0.368007
0.38962
0.435903
0.0119646
0.407634
0.421579
0.431086
0.0197526
0.0294538
0.435903
0.431086
3.5869e-33
3.5869e-33
1.83646e-33
0.00564463
0.00564463
1.83646e-33
0.0199175
0.012084
0.012084
0.0199175
0.0416368
0.0296359
0.0296359
0.0416368
0.0733686
0.0561687
0.0561687
0.0733686
0.115556
0.0932102
0.166502
0.140115
0.115556
0.0932102
0.222672
0.194212
0.166502
0.140115
0.279239
0.251239
0.222672
0.194212
0.305982
0.330789
0.251239
0.279239
0.305982
0.330789
0.372081
0.353018
0.372081
0.353018
0.387474
0.398773
0.398773
0.387474
0.405683
0.408004
0.405683
0.0560941
0.337222
0.317406
0.294869
0.0730537
0.270216
0.0200343
0.0925264
0.244098
0.0416904
0.217183
0.190138
0.114331
0.163602
0.138162
0.138162
0.114331
0.0925264
0.163602
0.0730537
0.190138
0.0560941
0.0297492
0.217183
0.244098
0.0121807
0.00569903
0.270216
0.294869
0.00569903
0.353777
0.317406
0.337222
0.375378
0.379821
0.0121807
0.353777
0.366615
0.375378
0.0200343
0.379821
0.0297492
0.366615
0.0416904
3.68099e-33
3.68099e-33
1.87441e-33
0.00574247
0.00574247
1.87441e-33
0.0201063
0.0122468
0.0122468
0.0201063
0.0416369
0.0297839
0.0416369
0.0297839
0.0725341
0.0558607
0.0558607
0.0725341
0.09157
0.112772
0.135799
0.160224
0.09157
0.112772
0.185513
0.211081
0.160224
0.135799
0.23629
0.260489
0.211081
0.185513
0.303302
0.283033
0.260489
0.23629
0.283033
0.303302
0.334839
0.320736
0.320736
0.334839
0.351559
0.345215
0.345215
0.351559
0.353697
0.250126
0.0718087
0.22787
0.00577286
0.204407
0.0903563
0.180372
0.156388
0.110887
0.041472
0.0554801
0.133049
0.110887
0.133049
0.0903563
0.0718087
0.156388
0.180372
0.0297493
0.0201289
0.204407
0.0122899
0.22787
0.250126
0.00577286
0.270555
0.270555
0.288578
0.288578
0.303675
0.0122899
0.315405
0.323423
0.0201289
0.327493
0.327493
0.0297493
0.323423
0.315405
0.041472
0.303675
0.0554801
3.74486e-33
3.74486e-33
1.89739e-33
0.005792
0.005792
1.89739e-33
0.0123014
0.0201065
0.0123014
0.0201065
0.0412015
0.0296358
0.0296358
0.0412015
0.0708866
0.0549446
0.0549446
0.0708866
0.0888845
0.108691
0.152124
0.129923
0.108691
0.0888845
0.197211
0.174748
0.152124
0.129923
0.239201
0.2189
0.197211
0.174748
0.273339
0.257529
0.239201
0.2189
0.257529
0.273339
0.295614
0.286166
0.295614
0.286166
0.301404
0.301404
0.30335
0.0697693
0.168683
0.0871728
0.147458
0.126449
0.106195
0.0200344
0.106195
0.0871728
0.126449
0.0697693
0.0542675
0.0408221
0.147458
0.029454
0.168683
0.01229
0.00579777
0.189542
0.20944
0.00579777
0.189542
0.227791
0.244043
0.257696
0.244043
0.01229
0.26833
0.27561
0.279308
0.0200344
0.279308
0.029454
0.27561
0.26833
0.257696
0.0408221
0.0542675
0.227791
0.20944
3.77724e-33
3.77724e-33
1.90497e-33
0.00579223
0.00579223
1.90497e-33
0.019918
0.0122465
0.0122465
0.019918
0.0403411
0.0291949
0.0291949
0.0403411
0.0534433
0.0684685
0.0684685
0.0534433
0.0852243
0.10342
0.122646
0.142425
0.0852243
0.10342
0.162216
0.181453
0.122646
0.142425
0.215978
0.19956
0.162216
0.181453
0.230197
0.24176
0.215978
0.19956
0.230197
0.24176
0.255535
0.2503
0.255535
0.2503
0.257302
0.0830595
0.118543
0.100381
0.00577326
0.0830595
0.100381
0.0669882
0.118543
0.0524867
0.0397564
0.0288703
0.137057
0.0197529
0.155395
0.012181
0.173001
0.189326
0.00577326
0.137057
0.203846
0.216087
0.173001
0.189326
0.012181
0.225644
0.2322
0.235534
0.225644
0.0197529
0.235534
0.0288703
0.2322
0.216087
0.0397564
0.203846
0.0524867
0.155395
0.0669882
3.7775e-33
3.7775e-33
1.89701e-33
0.00574315
0.00574315
1.89701e-33
0.0195451
0.0120835
0.0120835
0.0195451
0.0284716
0.0390765
0.0390765
0.0284716
0.0513944
0.0653419
0.0513944
0.0653419
0.0806855
0.0971018
0.131393
0.114164
0.0971018
0.0806855
0.148265
0.164246
0.131393
0.114164
0.178814
0.191479
0.148265
0.164246
0.201816
0.209463
0.178814
0.191479
0.201816
0.209463
0.215746
0.214164
0.214164
0.0635365
0.0936007
0.0501821
0.0383007
0.109543
0.0280116
0.0192906
0.12547
0.0119651
0.00569982
0.140876
0.155248
0.00569982
0.0781245
0.168094
0.0936007
0.178966
0.18748
0.0119651
0.193332
0.196312
0.155248
0.168094
0.0192906
0.196312
0.193332
0.0280116
0.18748
0.178966
0.0383007
0.0501821
0.140876
0.12547
0.0635365
0.109543
0.0781245
3.74563e-33
3.74563e-33
1.87365e-33
0.00564574
0.00564574
1.87365e-33
0.0118156
0.0189958
0.0118156
0.0189958
0.0374382
0.0274825
0.0374382
0.0274825
0.0488488
0.0615871
0.0488488
0.0615871
0.075387
0.0899038
0.11933
0.104707
0.0899038
0.075387
0.14607
0.13328
0.11933
0.104707
0.166394
0.157245
0.14607
0.13328
0.177362
0.173186
0.157245
0.166394
0.177362
0.173186
0.178775
0.0860334
0.0268976
0.0996927
0.0186575
0.0116468
0.0055789
0.113014
0.125527
0.0055789
0.0364897
0.136775
0.146337
0.15385
0.0724965
0.0116468
0.159026
0.161665
0.161665
0.113014
0.0186575
0.159026
0.0268976
0.15385
0.146337
0.136775
0.0364897
0.125527
0.047411
0.0996927
0.0860334
0.0595025
0.0724965
0.0595025
0.047411
3.68226e-33
3.68226e-33
1.83533e-33
0.0055019
0.0055019
1.83533e-33
0.0182822
0.0114484
0.0114484
0.0182822
0.0262502
0.0354652
0.0354652
0.0262502
0.0458696
0.0572993
0.0572993
0.0458696
0.082017
0.0694667
0.0945306
0.106565
0.082017
0.0694667
0.127427
0.117673
0.106565
0.0945306
0.13545
0.14142
0.127427
0.117673
0.146345
0.145103
0.14142
0.13545
0.145103
0.0892565
0.0112326
0.00541285
0.100026
0.109768
0.00541285
0.0178672
0.11809
0.124655
0.0343666
0.0442415
0.0112326
0.129189
0.131505
0.131505
0.0778793
0.0178672
0.129189
0.0255536
0.124655
0.11809
0.109768
0.0343666
0.100026
0.0442415
0.0892565
0.0663215
0.0549884
0.0549884
0.0663215
0.0255536
0.0778793
3.58863e-33
3.58863e-33
1.78275e-33
0.00531443
0.00531443
1.78275e-33
0.0109893
0.0174195
0.0109893
0.0174195
0.0332042
0.0248024
0.0332042
0.0248024
0.0525869
0.0425297
0.0525869
0.0425297
0.0736487
0.0630773
0.0839049
0.0934407
0.0736487
0.0630773
0.101867
0.108826
0.0839049
0.0934407
0.114027
0.117237
0.108826
0.101867
0.118326
0.117237
0.114027
0.0868533
0.00520488
0.0940211
0.00520488
0.0996981
0.103631
0.0107309
0.105643
0.105643
0.0319811
0.0407509
0.0169367
0.103631
0.0597578
0.0996981
0.0240099
0.0940211
0.0868533
0.0319811
0.0785106
0.0693515
0.0407509
0.0501073
0.0501073
0.0597578
0.0240099
0.0169367
0.0693515
0.0107309
0.0785106
3.46656e-33
3.46656e-33
1.71688e-33
0.00508689
1.71688e-33
0.00508689
0.0164259
0.0104474
0.0104474
0.0164259
0.0231715
0.0307077
0.0231715
0.0307077
0.047567
0.0389098
0.0389098
0.047567
0.0563815
0.0650159
0.0731094
0.0803059
0.0650159
0.0563815
0.0862838
0.0907628
0.0803059
0.0731094
0.094478
0.0935401
0.0907628
0.0862838
0.0935401
0.00495888
0.0738411
0.0787008
0.0820785
0.0101514
0.0838099
0.0158852
0.0838099
0.0820785
0.0158852
0.0787008
0.0223002
0.0738411
0.0677342
0.0606689
0.0293882
0.0529712
0.0370225
0.0449796
0.0370225
0.0293882
0.0449796
0.0223002
0.0529712
0.0101514
0.00495888
0.0606689
0.0677342
3.31836e-33
3.31836e-33
1.63886e-33
0.00482351
0.00482351
1.63886e-33
0.0153217
0.00983329
0.00983329
0.0153217
0.0280326
0.0213927
0.0213927
0.0280326
0.042362
0.0350955
0.042362
0.0350955
0.0563375
0.0495465
0.0674983
0.0624206
0.0495465
0.0563375
0.0713231
0.073696
0.0674983
0.0624206
0.0745032
0.0713231
0.073696
0.0641901
0.00950525
0.0656658
0.00467935
0.0656658
0.0641901
0.014734
0.0613171
0.0204611
0.026646
0.0331436
0.0571985
0.0520483
0.0461286
0.026646
0.0397286
0.0331436
0.0204611
0.0397286
0.014734
0.0461286
0.00950525
0.0520483
0.0571985
0.00467935
0.0613171
3.14678e-33
3.14678e-33
1.55004e-33
0.00452898
0.00452898
1.55004e-33
0.0141289
0.00915841
0.00915841
0.0141289
0.0195035
0.0252381
0.0195035
0.0252381
0.0311745
0.0370954
0.0370954
0.0311745
0.0478262
0.0427377
0.0521017
0.0553321
0.0427377
0.0478262
0.0573469
0.0580288
0.0553321
0.0521017
0.0573469
0.00880428
0.0508247
0.0495778
0.0135055
0.0471557
0.043696
0.0185308
0.0393923
0.0344766
0.0238142
0.0292017
0.0238142
0.0292017
0.0185308
0.0135055
0.0344766
0.00880428
0.00437118
0.0393923
0.043696
0.00437118
0.0471557
0.0495778
0.0508247
2.95489e-33
2.95489e-33
1.45184e-33
0.00420835
0.00420835
1.45184e-33
0.0128701
0.00843482
0.00843482
0.0128701
0.017542
0.0223835
0.017542
0.0223835
0.0272336
0.0318867
0.0272336
0.0318867
0.036112
0.0396794
0.044082
0.0423906
0.0396794
0.036112
0.044082
0.0446596
0.0423906
0.037826
0.0357982
0.0122225
0.0329123
0.0165471
0.0293393
0.0122225
0.0252817
0.0209515
0.0209515
0.0165471
0.0252817
0.00806068
0.00403949
0.0293393
0.0329123
0.00403949
0.0357982
0.0388722
0.037826
0.0388722
0.00806068
2.74595e-33
2.74595e-33
0.0038668
1.34578e-33
0.0038668
1.34578e-33
0.0115681
0.00767475
0.00767475
0.0115681
0.0195262
0.0155459
0.0195262
0.0155459
0.0233547
0.0268466
0.0233547
0.0268466
0.0320695
0.0298112
0.0339673
0.0334867
0.0298112
0.0334867
0.0320695
0.0109072
0.0244209
0.0145466
0.0214618
0.0181132
0.0145466
0.0181132
0.0109072
0.0214618
0.00728658
0.00368946
0.0244209
0.0268202
0.00368946
0.0285111
0.0285111
0.0293852
0.00728658
0.0293852
0.0268202
2.52335e-33
2.52335e-33
1.23335e-33
0.00350943
0.00350943
1.23335e-33
0.0102445
0.00689008
0.00689008
0.0102445
0.0167191
0.0135502
0.0135502
0.0167191
0.0196117
0.0220718
0.0220718
0.0196117
0.0239543
0.0251343
0.0255387
0.0251343
0.0239543
0.0125631
0.0125631
0.0095806
0.0153491
0.00649353
0.0033261
0.0178106
0.0198092
0.0033261
0.0153491
0.0178106
0.0212206
0.0219511
0.0219511
0.00649353
0.0212206
0.0198092
0.0095806
2.2904e-33
2.2904e-33
1.11602e-33
0.00314112
0.00314112
1.11602e-33
0.00891928
0.00609192
0.00891928
0.00609192
0.0140083
0.0115869
0.0140083
0.0115869
0.0176395
0.0160665
0.0160665
0.0176395
0.0186301
0.0189663
0.0186301
0.00569212
0.00295408
0.0127012
0.0143827
0.00295408
0.0155696
0.00826133
0.0161843
0.0161843
0.0127012
0.00569212
0.0155696
0.0143827
0.00826133
0.0106259
0.0106259
2.05029e-33
2.05029e-33
9.9513e-34
0.0027663
0.0027663
9.9513e-34
0.00529018
0.00760965
0.00529018
0.00760965
0.0114308
0.00968229
0.0114308
0.00968229
0.013602
0.0127655
0.0127655
0.013889
0.013602
0.0102007
0.0112153
0.00257754
0.00257754
0.0117399
0.0117399
0.00489148
0.0112153
0.0102007
0.0087585
0.00696509
0.00696509
0.0087585
0.00489148
1.80589e-33
1.80589e-33
8.71863e-34
0.0023888
8.71863e-34
0.0023888
0.00449313
0.00632952
0.00449313
0.00632952
0.00901185
0.00785654
0.00901185
0.00785654
0.00998119
0.00973589
0.00973589
0.00219996
0.00832451
0.00832451
0.00786629
0.00409897
0.00697708
0.00570375
0.00570375
0.00409897
0.00219996
0.00697708
0.00786629
1.55971e-33
1.55971e-33
7.47213e-34
0.00201169
0.00201169
7.47213e-34
0.00508864
0.00370708
0.00370708
0.00508864
0.00612177
0.00676295
0.00612177
0.00676295
0.00698183
0.0052895
0.00331984
0.00448477
0.00331984
0.001824
0.00448477
0.0052895
0.001824
0.00570181
0.00570181
1.31374e-33
1.31374e-33
6.21949e-34
0.00163723
0.00163723
6.21949e-34
0.00389201
0.00293613
0.00293613
0.00389201
0.00448114
0.00448114
0.00467961
0.00255699
0.00255699
0.00145144
0.0033106
0.003694
0.00145144
0.003694
0.0033106
1.06945e-33
1.06945e-33
4.96606e-34
0.00126673
4.96606e-34
0.00126673
0.00218194
0.00273949
0.00218194
0.00273949
0.00292772
0.00217835
0.00108317
0.00217835
0.0018109
0.00108317
0.0018109
8.27703e-34
8.27703e-34
0.000900622
3.71493e-34
0.000900622
3.71493e-34
0.00144371
0.00144371
0.00162541
0.000719163
0.00107955
0.000719163
0.00107955
5.88778e-34
5.88778e-34
2.46721e-34
0.000538487
0.000538487
2.46721e-34
0.000718209
0.000358605
0.000358605
3.52397e-34
3.52397e-34
1.22256e-34
1.22256e-34
0.000179165
4.09761e-37
1.17804e-34
1.17804e-34
