4.18818e-37
1.20061e-34
1.20061e-34
1.24599e-34
3.5913e-34
0.000182605
0.000365476
1.24599e-34
3.5913e-34
0.000365476
2.51471e-34
0.000732937
5.99988e-34
0.000548802
0.000732021
0.00110019
0.00110019
0.000548802
0.000732937
5.99988e-34
2.51471e-34
3.78675e-34
0.00110388
8.43403e-34
0.000917817
0.00184537
0.00221967
0.00147134
0.0016564
3.78675e-34
0.00110388
0.00147134
0.00221967
0.00184537
0.000917817
8.43403e-34
5.06241e-34
0.00129082
0.00147911
1.08965e-33
0.00222337
0.00260536
0.00337268
0.0027912
0.00376298
0.00298309
0.00376298
0.0027912
0.00129082
1.08965e-33
0.00147911
5.06241e-34
0.00260536
0.00222337
0.00337268
6.3405e-34
1.33846e-33
0.00166825
0.00185865
0.00299136
0.00338216
0.00456772
0.00396453
0.00185865
1.33846e-33
0.00166825
6.3405e-34
0.00580548
0.00476595
0.00538628
0.0045643
0.0045643
0.00456772
0.00538628
0.00299136
0.00580548
0.00396453
0.00338216
7.61786e-34
0.00224158
1.58893e-33
0.00204965
0.0037761
0.00417529
0.00580765
0.00518203
0.00688408
0.00623277
0.00710181
0.00800487
1.58893e-33
0.00224158
0.00204965
7.61786e-34
0.0037761
0.00580765
0.00417529
0.00518203
0.00710689
0.00847003
0.00688408
0.00847003
0.00710181
0.00800487
0.00623277
8.88897e-34
0.00262611
1.83958e-33
0.00243368
0.00457588
0.00498177
0.00708994
0.00644385
0.0103743
0.00916796
0.0079954
0.00891125
0.00990299
0.0114029
0.0119345
0.0101513
8.88897e-34
0.00262611
1.83958e-33
0.00243368
0.00457588
0.00498177
0.00708994
0.00644385
0.0114029
0.0103743
0.00891125
0.0119345
0.0079954
0.00990299
0.00916796
1.0146e-33
0.0030095
2.08838e-33
0.00281805
0.00538659
0.00579627
0.00840705
0.00774487
0.0108067
0.0129099
0.011622
0.00984898
0.0129748
0.0146126
0.0158136
0.0138213
0.00281805
1.0146e-33
0.0030095
2.08838e-33
0.0141125
0.0164353
0.0164353
0.0138213
0.00579627
0.00840705
0.00538659
0.00774487
0.011622
0.0146126
0.0158136
0.0108067
0.00984898
0.0129748
0.0129099
1.13787e-33
0.00338823
2.33279e-33
0.00319964
0.00907524
0.00620182
0.00661134
0.00974695
0.0127717
0.0155929
0.0142346
0.0117812
0.0163179
0.0180828
0.0201028
0.0179083
0.0189103
0.0215285
0.0222662
0.0192493
2.33279e-33
0.00319964
1.13787e-33
0.00338823
0.00974695
0.00661134
0.00907524
0.00620182
0.0222662
0.0215285
0.0189103
0.0179083
0.0142346
0.0117812
0.0127717
0.0155929
0.0180828
0.0201028
0.0163179
1.25751e-33
0.0037581
2.56987e-33
0.00357455
0.00701319
0.0110938
0.0104209
0.00741769
0.00357455
0.0037581
2.56987e-33
1.25751e-33
0.0147826
0.0183916
0.0169802
0.013772
0.0199051
0.024764
0.0223902
0.0217761
0.0254815
0.027185
0.0288904
0.0242914
0.0297719
0.0258904
0.0254815
0.0297719
0.00741769
0.0110938
0.0104209
0.00701319
0.0183916
0.0147826
0.0169802
0.013772
0.0288904
0.027185
0.0217761
0.0242914
0.024764
0.0199051
0.0223902
1.37213e-33
0.00411435
2.79641e-33
0.00393828
0.00781068
0.00820462
0.0124287
0.0117645
0.00393828
0.00411435
2.79641e-33
1.37213e-33
0.0168098
0.021264
0.0198217
0.0157944
0.00820462
0.0117645
0.0124287
0.00781068
0.0236898
0.0256375
0.0272143
0.0297314
0.0324811
0.0333339
0.0362418
0.0302051
0.0393382
0.0343936
0.0382846
0.0339103
0.0339103
0.0393382
0.0382846
0.0324811
0.0157944
0.021264
0.0168098
0.0198217
0.0362418
0.0272143
0.0297314
0.0256375
0.0236898
0.0302051
0.0333339
1.48027e-33
0.00428589
0.00445189
3.00902e-33
0.00858304
0.00896039
0.0137305
0.0130857
0.0188193
0.0241598
0.0227126
0.0178166
0.00428589
0.00445189
3.00902e-33
1.48027e-33
0.0137305
0.00896039
0.0130857
0.00858304
0.0276095
0.0295981
0.034917
0.0323031
0.0188193
0.0227126
0.0178166
0.0241598
0.0365621
0.0398699
0.0442037
0.0401552
0.042886
0.0445879
0.0476861
0.0501234
0.051378
0.0445879
0.0451703
0.051378
0.042886
0.0476861
0.0501234
0.0401552
0.0295981
0.0398699
0.0323031
0.0276095
0.0442037
0.0365621
0.034917
1.58037e-33
3.20428e-33
0.00461217
0.00476547
0.00931821
0.00967272
0.0149767
0.0143627
0.0207742
0.0270232
0.0255995
0.019803
0.00461217
0.00476547
3.20428e-33
1.58037e-33
0.0315901
0.0335791
0.0402159
0.0375594
0.0149767
0.00967272
0.0143627
0.00931821
0.0255995
0.0270232
0.0207742
0.019803
0.0466611
0.0432431
0.0526189
0.0483655
0.0335791
0.0315901
0.0375594
0.0402159
0.0559175
0.0526686
0.061942
0.0578001
0.057945
0.0648307
0.0586298
0.0663142
0.0663142
0.0559175
0.057945
0.0648307
0.0526686
0.0483655
0.0432431
0.0578001
0.0466611
0.0526189
0.061942
1.67091e-33
0.00504988
3.37886e-33
0.00491187
0.0100038
0.0103292
0.0161443
0.0155725
0.0226361
0.0297952
0.0217157
0.0284249
0.035549
0.0374953
0.0455118
0.042872
0.00491187
0.00504988
3.37886e-33
1.67091e-33
0.0103292
0.0161443
0.0155725
0.0100038
0.0613007
0.0535567
0.0501058
0.056939
0.0297952
0.0226361
0.0284249
0.0217157
0.042872
0.035549
0.0374953
0.0455118
0.0745442
0.0681625
0.0630578
0.0684054
0.0501058
0.0613007
0.0535567
0.056939
0.0743922
0.0720082
0.082822
0.0794281
0.0845615
0.0752045
0.0743922
0.0845615
0.0681625
0.0745442
0.0684054
0.0720082
0.082822
0.0794281
0.0630578
1.75043e-33
0.00530015
3.52964e-33
0.00517987
0.0106277
0.010918
0.0172105
0.0166923
0.0243668
0.0235162
0.0324157
0.0311288
0.0393991
0.0412585
0.050682
0.0481208
1.75043e-33
3.52964e-33
0.00517987
0.00530015
0.0656776
0.0569923
0.0603939
0.0700423
0.0106277
0.010918
0.0172105
0.0166923
0.0324157
0.0243668
0.0311288
0.0235162
0.0792494
0.0876327
0.0810475
0.0738151
0.0481208
0.050682
0.0393991
0.0412585
0.0569923
0.0603939
0.0656776
0.0700423
0.0948335
0.100536
0.0870549
0.0915536
0.0876327
0.0792494
0.0738151
0.0810475
0.0952854
0.0943444
0.106506
0.104486
0.0948335
0.106506
0.100536
0.104486
0.0915536
0.0943444
0.0870549
1.81756e-33
0.00551172
3.65385e-33
0.00541139
0.0111781
0.0114277
0.018154
0.0176999
0.0251668
0.0259292
0.0348262
0.0336516
0.0430522
0.0447811
0.0556025
0.0531817
0.00541139
0.00551172
3.65385e-33
1.81756e-33
0.0743678
0.0637368
0.0670049
0.0786258
0.0111781
0.0176999
0.018154
0.0114277
0.100879
0.0942573
0.0900597
0.0846765
0.0259292
0.0348262
0.0336516
0.0251668
0.0531817
0.0556025
0.0447811
0.0430522
0.110663
0.11902
0.10971
0.102722
0.0786258
0.0637368
0.0670049
0.0743678
0.100879
0.0900597
0.0846765
0.0942573
0.118155
0.114933
0.12561
0.130162
0.10971
0.102722
0.11902
0.110663
0.132486
0.119249
0.118155
0.114933
0.130162
0.12561
0.132486
1.87112e-33
0.00568063
3.74911e-33
0.00560214
0.0116444
0.0118484
0.0189552
0.0185746
0.00560214
0.00568063
3.74911e-33
1.87112e-33
0.0266318
0.0272893
0.0369712
0.0359361
0.0464221
0.047979
0.0601522
0.0579316
0.0868315
0.0827898
0.0701713
0.0732233
0.0185746
0.0116444
0.0189552
0.0118484
0.100556
0.107453
0.113936
0.0953644
0.0266318
0.0369712
0.0359361
0.0272893
0.128401
0.126501
0.137793
0.118608
0.0601522
0.047979
0.0579316
0.0464221
0.0868315
0.0732233
0.0701713
0.0827898
0.142447
0.14739
0.15493
0.136456
0.113936
0.100556
0.0953644
0.107453
0.137793
0.128401
0.118608
0.126501
0.146145
0.14739
0.162773
0.160125
0.142447
0.136456
0.14739
0.15493
0.162773
0.146145
0.160125
1.91015e-33
0.00580363
3.8136e-33
0.00574849
0.0120175
0.0121717
0.019597
0.019298
0.0278787
0.0284165
0.0388006
0.0379293
0.00574849
0.00580363
3.8136e-33
1.91015e-33
0.019298
0.019597
0.0120175
0.0121717
0.0494276
0.0507747
0.0642174
0.0622528
0.07889
0.0944455
0.0907259
0.0761325
0.110462
0.120286
0.126457
0.105599
0.0278787
0.0379293
0.0388006
0.0284165
0.141924
0.156349
0.14713
0.134292
0.0494276
0.0622528
0.0507747
0.0642174
0.169241
0.180151
0.158346
0.167527
0.0907259
0.0944455
0.07889
0.0761325
0.110462
0.120286
0.105599
0.126457
0.178533
0.188693
0.194564
0.174343
0.14713
0.141924
0.156349
0.134292
0.158346
0.180151
0.167527
0.169241
0.179951
0.174343
0.197553
0.197553
0.178533
0.188693
0.194564
1.93393e-33
0.00587832
3.84604e-33
0.00584763
0.0122896
0.0123909
0.0200657
0.0198548
0.0288795
0.0292853
0.0402711
0.0395842
0.0519954
0.0660366
0.0530994
0.0676954
0.00584763
0.00587832
3.84604e-33
1.93393e-33
0.0123909
0.0198548
0.0200657
0.0122896
0.0395842
0.0402711
0.0292853
0.0288795
0.0838584
0.101267
0.0979679
0.0814669
0.13241
0.138102
0.115107
0.119511
0.174181
0.165387
0.156511
0.149348
0.0660366
0.0519954
0.0676954
0.0530994
0.180007
0.190562
0.205129
0.192714
0.0814669
0.0838584
0.0979679
0.101267
0.203085
0.226996
0.210756
0.217409
0.138102
0.119511
0.13241
0.115107
0.174181
0.156511
0.165387
0.149348
0.236916
0.215472
0.233572
0.217058
0.180007
0.190562
0.192714
0.205129
0.210756
0.203085
0.236916
0.233572
0.217409
0.215472
0.226996
1.94201e-33
0.00590323
3.8458e-33
0.00589759
0.0124553
0.0125017
0.020351
0.0202329
0.0296113
0.0298759
0.0413475
0.0408615
0.00589759
0.00590323
3.8458e-33
1.94201e-33
0.0540621
0.0704976
0.0691868
0.0548957
0.087999
0.107116
0.104324
0.0860359
0.0202329
0.020351
0.0125017
0.0124553
0.0408615
0.0413475
0.0298759
0.0296113
0.0540621
0.0548957
0.0691868
0.0704976
0.143497
0.123635
0.148555
0.12746
0.190792
0.182669
0.169859
0.163363
0.200837
0.210757
0.229166
0.217308
0.104324
0.0860359
0.087999
0.107116
0.245468
0.243169
0.259162
0.231573
0.123635
0.143497
0.148555
0.12746
0.256985
0.269826
0.277127
0.251736
0.182669
0.190792
0.169859
0.163363
0.229166
0.210757
0.217308
0.200837
0.280836
0.258759
0.256985
0.280836
0.245468
0.231573
0.277127
0.259162
0.243169
0.251736
0.269826
1.93425e-33
0.00587788
3.81288e-33
0.00589739
0.0125112
0.0125015
0.0204468
0.0204239
0.0300574
0.0301746
0.0420039
0.0417306
0.0555763
0.0561187
0.0725522
0.0716231
0.00589739
0.00587788
3.81288e-33
1.93425e-33
0.0125015
0.0204239
0.0204468
0.0125112
0.0912036
0.111835
0.109626
0.0897202
0.134095
0.157528
0.153243
0.130952
0.0301746
0.0300574
0.0417306
0.0420039
0.0716231
0.0555763
0.0725522
0.0561187
0.0912036
0.0897202
0.111835
0.109626
0.198494
0.20572
0.181601
0.175951
0.220254
0.22926
0.251584
0.240619
0.272075
0.259003
0.29015
0.274859
0.130952
0.153243
0.134095
0.157528
0.317051
0.305289
0.297197
0.287723
0.175951
0.181601
0.20572
0.198494
0.303004
0.325092
0.329172
0.304955
0.251584
0.240619
0.220254
0.22926
0.259003
0.272075
0.274859
0.29015
0.303004
0.297197
0.329172
0.325092
0.287723
0.305289
0.317051
1.91078e-33
0.00580276
3.74793e-33
0.00584704
0.0124559
0.0123906
0.0203508
0.0204238
0.0421704
0.0302074
0.0301746
0.0422245
0.00584704
0.00580276
3.74793e-33
1.91078e-33
0.0565003
0.056738
0.0738065
0.073283
0.093388
0.115299
0.113731
0.0924233
0.0123906
0.0204238
0.0203508
0.0124559
0.0421704
0.0422245
0.0302074
0.0301746
0.139235
0.164776
0.161382
0.136859
0.19141
0.21242
0.186764
0.218547
0.073283
0.0738065
0.056738
0.0565003
0.113731
0.0924233
0.093388
0.115299
0.164776
0.139235
0.136859
0.161382
0.237711
0.261985
0.271748
0.24555
0.284596
0.296473
0.319074
0.304923
0.336547
0.355544
0.322407
0.338945
0.186764
0.21242
0.218547
0.19141
0.346952
0.353312
0.368415
0.377201
0.237711
0.271748
0.261985
0.24555
0.381657
0.381657
0.355457
0.353312
0.296473
0.319074
0.284596
0.304923
0.377201
0.368415
0.338945
0.322407
0.355544
0.346952
0.336547
1.87205e-33
0.00567935
3.65223e-33
0.00574753
0.0122908
0.0121711
0.0200653
0.0202325
0.0420038
0.0421703
0.0300578
0.0298757
0.0568109
0.056738
0.0742283
0.0741238
0.00574753
0.00567935
3.65223e-33
1.87205e-33
0.0121711
0.0202325
0.0200653
0.0122908
0.0944948
0.117415
0.116531
0.0940741
0.142742
0.170101
0.16769
0.141196
0.0421703
0.0420038
0.0298757
0.0300578
0.0741238
0.0568109
0.0742283
0.056738
0.199015
0.228916
0.195501
0.224059
0.252718
0.280804
0.289087
0.259168
0.0944948
0.0940741
0.117415
0.116531
0.141196
0.16769
0.170101
0.142742
0.195501
0.224059
0.228916
0.199015
0.307625
0.332501
0.317968
0.345107
0.354792
0.391496
0.369826
0.373904
0.409557
0.389338
0.423537
0.400666
0.252718
0.280804
0.259168
0.289087
0.437897
0.407594
0.40992
0.433068
0.307625
0.317968
0.345107
0.332501
0.407594
0.437897
0.433068
0.400666
0.373904
0.369826
0.354792
0.391496
0.409557
0.389338
0.423537
1.81878e-33
0.00551008
3.52763e-33
0.00560083
0.0120192
0.0118475
0.0195965
0.0198542
0.029285
0.0413473
0.0417304
0.0296121
0.00560083
0.00551008
3.52763e-33
1.81878e-33
0.0565004
0.0561186
0.0738065
0.0741238
0.0944948
0.118127
0.0946292
0.11795
0.0118475
0.0198542
0.0195965
0.0120192
0.0417304
0.0413473
0.0296121
0.029285
0.144519
0.173355
0.171994
0.143847
0.233086
0.204206
0.236536
0.20192
0.0561186
0.0565004
0.0738065
0.0741238
0.0946292
0.11795
0.118127
0.0944948
0.264851
0.269732
0.29654
0.303109
0.327431
0.335946
0.367502
0.356802
0.144519
0.173355
0.143847
0.171994
0.236536
0.204206
0.20192
0.233086
0.303109
0.264851
0.29654
0.269732
0.383946
0.408191
0.397045
0.423869
0.466834
0.447325
0.445646
0.428936
0.465384
0.481912
0.492181
0.457905
0.327431
0.367502
0.335946
0.356802
0.465384
0.497381
0.467904
0.497381
0.423869
0.408191
0.383946
0.397045
0.457905
0.466834
0.447325
0.481912
0.492181
0.428936
0.445646
1.75194e-33
0.00529819
3.37651e-33
0.00540978
0.0116467
0.0192972
0.0114266
0.0189545
0.028416
0.0402708
0.0408612
0.0288806
0.00540978
0.00529819
3.37651e-33
1.75194e-33
0.0555766
0.0548955
0.0725522
0.073283
0.0114266
0.0192972
0.0189545
0.0116467
0.093388
0.094074
0.117415
0.11795
0.144519
0.17445
0.174176
0.144738
0.0288806
0.0408612
0.0402708
0.028416
0.0548955
0.073283
0.0555766
0.0725522
0.239247
0.206837
0.241195
0.205844
0.276943
0.273769
0.313417
0.308748
0.094074
0.117415
0.11795
0.093388
0.174176
0.17445
0.144519
0.144738
0.343452
0.38562
0.377132
0.349896
0.451729
0.409032
0.419819
0.438417
0.241195
0.206837
0.205844
0.239247
0.273769
0.308748
0.313417
0.276943
0.343452
0.349896
0.377132
0.38562
0.486946
0.464599
0.480625
0.505835
0.526767
0.542923
0.51809
0.504926
0.559478
0.528822
0.553915
0.526126
0.438417
0.419819
0.409032
0.451729
0.559478
0.526126
0.553915
0.51809
0.542923
0.486946
0.526767
0.464599
0.504926
0.480625
0.505835
1.67269e-33
0.00504767
3.20164e-33
0.005178
0.005178
0.00504767
3.20164e-33
1.67269e-33
0.0111807
0.0181532
0.0185735
0.0109167
0.0272887
0.0388003
0.0395838
0.0278801
0.0540625
0.0530992
0.0704975
0.0716231
0.0185735
0.0181532
0.0111807
0.0109167
0.0924231
0.0912037
0.115299
0.116531
0.0395838
0.0388003
0.0272887
0.0278801
0.142742
0.173355
0.174177
0.143846
0.206837
0.242763
0.242371
0.207164
0.0530992
0.0716231
0.0540625
0.0704975
0.0912037
0.115299
0.0924231
0.116531
0.279223
0.280601
0.319721
0.317084
0.355231
0.359422
0.392909
0.398943
0.173355
0.142742
0.143846
0.174177
0.206837
0.207164
0.242371
0.242763
0.429329
0.437495
0.474273
0.46371
0.495294
0.539408
0.508494
0.523365
0.279223
0.317084
0.280601
0.319721
0.355231
0.398943
0.359422
0.392909
0.429329
0.474273
0.46371
0.437495
0.588643
0.566497
0.547288
0.566327
0.61754
0.605846
0.580558
0.589123
0.589123
0.592006
0.623456
0.623456
0.495294
0.523365
0.539408
0.508494
0.61754
0.566497
0.580558
0.605846
0.566327
0.588643
0.547288
1.5824e-33
0.00476307
3.00616e-33
0.0049098
0.0106307
0.0103279
0.0172096
0.0176987
0.0049098
0.00476307
3.00616e-33
1.5824e-33
0.0176987
0.0172096
0.0106307
0.0103279
0.0259285
0.0369708
0.0379287
0.0266335
0.0519959
0.0507744
0.0676953
0.0691868
0.0897199
0.0879991
0.111835
0.113732
0.0266335
0.0259285
0.0379287
0.0369708
0.139236
0.170101
0.171995
0.141196
0.0691868
0.0676953
0.0519959
0.0507744
0.204206
0.241196
0.242371
0.205844
0.281057
0.321842
0.321312
0.280601
0.0897199
0.111835
0.0879991
0.113732
0.170101
0.171995
0.139236
0.141196
0.364254
0.407092
0.362435
0.403683
0.444256
0.449567
0.490855
0.483344
0.241196
0.205844
0.242371
0.204206
0.280601
0.321312
0.281057
0.321842
0.520136
0.53013
0.566581
0.553848
0.609195
0.628007
0.583758
0.599442
0.403683
0.362435
0.364254
0.407092
0.449567
0.444256
0.490855
0.483344
0.520136
0.566581
0.553848
0.53013
0.669867
0.651656
0.629607
0.64452
0.656661
0.653613
0.682238
0.688494
0.653613
0.688494
0.64452
0.682238
0.583758
0.629607
0.628007
0.599442
0.651656
0.669867
0.609195
1.48253e-33
0.00460997
0.00444938
2.7934e-33
0.0100071
0.00967128
0.0161433
0.016691
0.024366
0.0348257
0.0359354
0.0251687
0.00460997
0.00444938
2.7934e-33
1.48253e-33
0.00967128
0.016691
0.0161433
0.0100071
0.0359354
0.0348257
0.024366
0.0251687
0.0494283
0.0479787
0.0642173
0.0660365
0.0860355
0.0838585
0.107116
0.109626
0.136858
0.134095
0.164777
0.167691
0.0479787
0.0660365
0.0494283
0.0642173
0.199016
0.236537
0.239247
0.201919
0.0860355
0.107116
0.109626
0.0838585
0.321312
0.279222
0.276944
0.319721
0.409835
0.364859
0.364254
0.409148
0.134095
0.136858
0.167691
0.164777
0.201919
0.239247
0.236537
0.199016
0.453386
0.500998
0.496754
0.455691
0.538408
0.58657
0.544908
0.577515
0.321312
0.279222
0.276944
0.319721
0.409835
0.364254
0.409148
0.364859
0.659873
0.644941
0.625154
0.613277
0.690009
0.671843
0.693393
0.714928
0.453386
0.500998
0.496754
0.455691
0.538408
0.58657
0.544908
0.577515
0.644941
0.613277
0.659873
0.625154
0.709138
0.747116
0.718719
0.7341
0.753695
0.753695
0.721942
0.718719
0.709138
0.714928
0.7341
0.747116
0.690009
0.693393
0.671843
1.37462e-33
2.56678e-33
0.00428362
0.0041118
0.00932162
0.0089589
0.0149757
0.0155711
0.0226353
0.0324152
0.0336509
0.0235183
0.00428362
0.0041118
2.56678e-33
1.37462e-33
0.0464228
0.0447808
0.0601521
0.0622527
0.0089589
0.0155711
0.0149757
0.00932162
0.0235183
0.0226353
0.0336509
0.0324152
0.0447808
0.0622527
0.0601521
0.0464228
0.0814664
0.0788901
0.101267
0.104325
0.127461
0.157529
0.161383
0.13095
0.191411
0.228917
0.233086
0.195499
0.0814664
0.104325
0.101267
0.0788901
0.273768
0.313418
0.317085
0.269732
0.157529
0.161383
0.127461
0.13095
0.359422
0.407092
0.362434
0.409148
0.504411
0.456459
0.455691
0.503557
0.228917
0.191411
0.195499
0.233086
0.317085
0.273768
0.313418
0.269732
0.593681
0.549585
0.552405
0.598798
0.642718
0.672696
0.634993
0.683316
0.359422
0.407092
0.362434
0.409148
0.504411
0.455691
0.456459
0.503557
0.751409
0.734313
0.719791
0.706034
0.777526
0.756957
0.773475
0.797604
0.549585
0.598798
0.593681
0.552405
0.683316
0.672696
0.634993
0.642718
0.706034
0.734313
0.719791
0.751409
0.786907
0.783535
0.811228
0.818112
0.818112
0.783535
0.773475
0.797604
0.811228
0.777526
0.756957
1.26021e-33
0.00375559
2.32968e-33
0.00393602
0.00393602
0.00375559
2.32968e-33
1.26021e-33
0.0085865
0.00820314
0.0137295
0.0143612
0.0207734
0.0297946
0.031128
0.0217178
0.043053
0.0412582
0.0556024
0.0579315
0.0143612
0.0137295
0.0085865
0.00820314
0.076132
0.0732234
0.0944458
0.0979683
0.031128
0.0207734
0.0297946
0.0217178
0.0556024
0.0412582
0.0579315
0.043053
0.076132
0.0979683
0.0944458
0.0732234
0.123634
0.119511
0.148555
0.153244
0.181602
0.218548
0.22406
0.186762
0.264849
0.308749
0.259169
0.303109
0.148555
0.153244
0.119511
0.123634
0.349897
0.403684
0.355229
0.398944
0.181602
0.186762
0.22406
0.218548
0.500998
0.503557
0.453386
0.449567
0.601883
0.553347
0.602913
0.552405
0.308749
0.264849
0.259169
0.303109
0.403684
0.355229
0.349897
0.398944
0.651629
0.697658
0.691657
0.648278
0.740137
0.766089
0.778249
0.731189
0.449567
0.453386
0.503557
0.500998
0.602913
0.552405
0.553347
0.601883
0.838483
0.811249
0.819326
0.795672
0.836586
0.847078
0.873596
0.859407
0.648278
0.651629
0.691657
0.697658
0.731189
0.740137
0.778249
0.766089
0.811249
0.838483
0.795672
0.819326
0.850606
0.880764
0.880764
0.847078
0.859407
0.873596
0.836586
1.14077e-33
0.00338585
2.08532e-33
0.00357236
1.14077e-33
0.00357236
0.00338585
2.08532e-33
0.00781409
0.00741626
0.0124277
0.0130842
0.0130842
0.0124277
0.00781409
0.00741626
0.0198052
0.0188185
0.0270226
0.0284241
0.0393999
0.037495
0.0506819
0.0531816
0.0701708
0.067005
0.0868318
0.0907263
0.0284241
0.0270226
0.0188185
0.0198052
0.115106
0.110462
0.138103
0.143498
0.037495
0.0531816
0.0506819
0.0393999
0.0701708
0.0907263
0.0868318
0.067005
0.110462
0.115106
0.143498
0.138103
0.16986
0.20572
0.212421
0.175949
0.252715
0.289087
0.24555
0.296541
0.392909
0.343449
0.335947
0.385621
0.16986
0.20572
0.212421
0.175949
0.496755
0.437495
0.444255
0.490855
0.24555
0.296541
0.289087
0.252715
0.598798
0.601883
0.544909
0.549584
0.651629
0.701276
0.702485
0.652749
0.392909
0.385621
0.335947
0.343449
0.444255
0.496755
0.437495
0.490855
0.79467
0.746579
0.75046
0.787799
0.83429
0.868562
0.854934
0.824157
0.598798
0.549584
0.544909
0.601883
0.652749
0.701276
0.651629
0.702485
0.87954
0.897468
0.918523
0.896824
0.908379
0.912034
0.933233
0.940662
0.75046
0.746579
0.787799
0.79467
0.868562
0.824157
0.854934
0.83429
0.940662
0.87954
0.933233
0.908379
0.897468
0.918523
0.896824
0.00319759
0.0030073
1.83663e-33
1.01769e-33
1.01769e-33
0.0030073
1.83663e-33
0.00319759
0.00701644
0.00660999
0.0110928
0.011763
0.00701644
0.00660999
0.011763
0.0110928
0.016809
0.0241592
0.0255988
0.0178188
0.0255988
0.0241592
0.016809
0.0178188
0.0355498
0.0335788
0.0455117
0.0481207
0.0637363
0.060394
0.0786261
0.0827903
0.105597
0.100557
0.126458
0.132411
0.0455117
0.0335788
0.0481207
0.0355498
0.163361
0.156512
0.190793
0.198495
0.060394
0.0637363
0.0827903
0.0786261
0.126458
0.105597
0.132411
0.100557
0.163361
0.198495
0.190793
0.156512
0.280805
0.237708
0.22926
0.271749
0.377133
0.327428
0.367503
0.317969
0.483345
0.419819
0.474274
0.429327
0.280805
0.271749
0.237708
0.22926
0.593682
0.530131
0.586571
0.538406
0.377133
0.317969
0.327428
0.367503
0.642719
0.697658
0.648277
0.701276
0.798813
0.800198
0.751758
0.75046
0.483345
0.474274
0.419819
0.429327
0.530131
0.538406
0.593682
0.586571
0.845979
0.886965
0.879264
0.841585
0.922389
0.936604
0.951582
0.911146
0.648277
0.697658
0.701276
0.642719
0.75046
0.751758
0.798813
0.800198
0.955161
0.973985
0.989166
0.966434
0.966434
0.970224
0.996831
0.996831
0.879264
0.841585
0.886965
0.845979
0.922389
0.951582
0.936604
0.989166
0.973985
0.911146
0.955161
0.0028162
0.00262417
1.58612e-33
8.92179e-34
0.0104196
0.00974603
0.00620481
0.00579505
8.92179e-34
0.00262417
1.58612e-33
0.0028162
0.00620481
0.00579505
0.00974603
0.0104196
0.0147818
0.0212634
0.0227118
0.0157965
0.0212634
0.0147818
0.0157965
0.0227118
0.0315909
0.0295978
0.0402158
0.0428719
0.0295978
0.0428719
0.0402158
0.0315909
0.0569918
0.0535569
0.0700426
0.0743683
0.0953627
0.0900603
0.113937
0.120287
0.141925
0.174182
0.18267
0.149345
0.0535569
0.0569918
0.0743683
0.0700426
0.220251
0.210758
0.251585
0.261987
0.0900603
0.113937
0.0953627
0.120287
0.174182
0.149345
0.18267
0.141925
0.210758
0.261987
0.220251
0.251585
0.296474
0.307621
0.345108
0.356803
0.463711
0.397046
0.45173
0.409029
0.566582
0.508495
0.577516
0.520134
0.356803
0.345108
0.296474
0.307621
0.625155
0.691657
0.683317
0.634991
0.397046
0.409029
0.463711
0.45173
0.794671
0.740138
0.798813
0.746578
0.847451
0.893159
0.891607
0.84598
0.577516
0.566582
0.520134
0.508495
0.691657
0.634991
0.625155
0.683317
0.963344
0.930484
0.93536
0.971809
1.00183
0.989584
1.02486
1.00869
0.794671
0.746578
0.740138
0.798813
0.847451
0.893159
0.891607
0.84598
1.0242
1.04046
1.02031
1.04833
1.02031
1.04046
1.00869
1.04833
0.963344
0.93536
0.971809
0.930484
1.02486
1.00183
0.989584
0.00243207
0.00223995
1.33584e-33
7.6525e-34
0.00907401
0.00840623
0.00538924
0.00498071
7.6525e-34
0.00223995
1.33584e-33
0.00243207
0.019821
0.0183911
0.012771
0.0137739
0.00538924
0.00498071
0.00840623
0.00907401
0.012771
0.0183911
0.019821
0.0137739
0.0276103
0.0256372
0.0349169
0.0375593
0.0375593
0.0349169
0.0276103
0.0256372
0.0501052
0.0466613
0.0613011
0.0656781
0.0501052
0.0656781
0.0613011
0.0466613
0.0846747
0.0792499
0.100879
0.107454
0.134289
0.126502
0.15635
0.165389
0.200834
0.190563
0.229167
0.24062
0.100879
0.0846747
0.107454
0.0792499
0.332502
0.284593
0.319075
0.272076
0.126502
0.15635
0.165389
0.134289
0.190563
0.24062
0.229167
0.200834
0.332502
0.272076
0.284593
0.319075
0.42387
0.369827
0.438418
0.383943
0.539409
0.55385
0.480626
0.495291
0.672697
0.599443
0.659874
0.613275
0.369827
0.438418
0.42387
0.383943
0.719791
0.778249
0.787799
0.731187
0.480626
0.539409
0.55385
0.495291
0.83429
0.886965
0.841584
0.891607
0.936993
0.93536
0.976912
0.978617
0.613275
0.599443
0.672697
0.659874
0.787799
0.731187
0.778249
0.719791
1.03756
1.0467
1.01596
1.01065
1.06906
1.05716
1.07027
1.08623
0.841584
0.886965
0.83429
0.891607
0.978617
0.936993
0.93536
0.976912
1.07306
1.06906
1.09429
1.09429
1.03756
1.01596
1.05716
1.08623
1.01065
1.0467
1.07027
0.00204833
0.00185735
1.08725e-33
6.3769e-34
0.0077438
0.00708925
0.00457813
0.00417442
6.3769e-34
0.00185735
1.08725e-33
0.00204833
0.0169795
0.0155925
0.0108061
0.011783
0.00457813
0.00417442
0.00708925
0.0077438
0.032303
0.0297313
0.0236905
0.0217758
0.0108061
0.0155925
0.0169795
0.011783
0.0236905
0.0217758
0.0297313
0.032303
0.0432426
0.03987
0.0526192
0.0569395
0.0432426
0.0569395
0.0526192
0.03987
0.0738134
0.0684059
0.0876334
0.0942584
0.0684059
0.0738134
0.0942584
0.0876334
0.110663
0.137794
0.147132
0.118606
0.180003
0.169243
0.20513
0.21731
0.258999
0.304925
0.245469
0.290151
0.110663
0.147132
0.137794
0.118606
0.338946
0.408193
0.391497
0.354788
0.169243
0.20513
0.21731
0.180003
0.290151
0.245469
0.304925
0.258999
0.391497
0.338946
0.354788
0.408193
0.523367
0.447326
0.505836
0.464595
0.566328
0.644942
0.628008
0.583754
0.69001
0.751409
0.76609
0.706032
0.505836
0.523367
0.447326
0.464595
0.868562
0.81125
0.824155
0.879264
0.644942
0.583754
0.566328
0.628008
0.922389
0.971809
0.930484
0.976912
1.05405
1.01774
1.01596
1.05221
0.76609
0.69001
0.706032
0.751409
0.868562
0.824155
0.879264
0.81125
1.07971
1.09972
1.10942
1.08539
1.12569
1.11188
1.11596
1.1339
0.976912
0.922389
0.971809
0.930484
1.01774
1.05221
1.01596
1.05405
1.08539
1.09972
1.10942
1.11188
1.1339
1.12569
1.07971
0.00166723
0.00147817
8.4121e-34
5.10044e-34
0.00644295
0.00580709
0.00377789
0.0033815
5.10044e-34
0.00147817
8.4121e-34
0.00166723
0.014234
0.0129095
0.00891074
0.00985047
0.00377789
0.0033815
0.00580709
0.00644295
0.0272142
0.0247639
0.0199058
0.0180826
0.00891074
0.0129095
0.014234
0.00985047
0.0365617
0.048366
0.0442039
0.033334
0.0199058
0.0180826
0.0247639
0.0272142
0.0365617
0.033334
0.0442039
0.048366
0.0630562
0.0578005
0.0745448
0.0810485
0.0630562
0.0810485
0.0578005
0.0745448
0.102719
0.0948344
0.119021
0.128403
0.119021
0.0948344
0.102719
0.128403
0.158343
0.147392
0.180152
0.192716
0.274861
0.231568
0.21741
0.259163
0.355546
0.373907
0.30529
0.322403
0.147392
0.192716
0.180152
0.158343
0.409558
0.466836
0.486948
0.428932
0.259163
0.21741
0.274861
0.231568
0.355546
0.30529
0.373907
0.322403
0.409558
0.466836
0.428932
0.486948
0.609197
0.588644
0.526769
0.547284
0.651657
0.714929
0.734314
0.67184
0.838484
0.79567
0.854935
0.777527
0.609197
0.588644
0.526769
0.547284
0.911145
0.896824
0.963345
0.951582
0.714929
0.67184
0.651657
0.734314
1.0467
1.00183
1.01065
1.05221
1.11723
1.11527
1.0873
1.08539
0.777527
0.838484
0.79567
0.854935
0.951582
0.963345
0.911145
0.896824
1.148
1.15814
1.13564
1.14163
1.15215
1.16648
1.16648
1.148
1.01065
1.0467
1.05221
1.00183
1.11527
1.15814
1.0873
1.11723
1.14163
1.13564
1.08539
0.00129011
0.00110327
5.97991e-34
3.82625e-34
3.82625e-34
0.00110327
5.97991e-34
0.00129011
0.00518133
0.0045673
0.0029927
0.00260489
0.0116215
0.010374
0.0071014
0.00799664
0.0029927
0.00260489
0.0045673
0.00518133
0.0146124
0.02239
0.0201027
0.0163186
0.0071014
0.010374
0.0116215
0.00799664
0.0302048
0.0401555
0.0362421
0.027185
0.0163186
0.0146124
0.0201027
0.02239
0.0526672
0.0681634
0.0619426
0.0476865
0.0302048
0.027185
0.0362421
0.0401555
0.0526672
0.0476865
0.0619426
0.0681634
0.0870523
0.0794288
0.100536
0.109712
0.0870523
0.109712
0.100536
0.0794288
0.136453
0.125611
0.154932
0.167529
0.167529
0.125611
0.154932
0.136453
0.243171
0.203081
0.226997
0.188695
0.269828
0.287719
0.336549
0.317053
0.368417
0.445648
0.423538
0.389333
0.226997
0.188695
0.243171
0.203081
0.481914
0.566499
0.542924
0.504922
0.269828
0.317053
0.287719
0.336549
0.423538
0.368417
0.445648
0.389333
0.566499
0.481914
0.542924
0.504922
0.693394
0.605847
0.669868
0.629603
0.797605
0.734101
0.819327
0.756954
0.879538
0.859407
0.918524
0.936605
0.605847
0.669868
0.693394
0.629603
0.973985
1.03756
0.989583
1.02486
0.734101
0.819327
0.756954
0.797605
1.07027
1.10942
1.07971
1.11527
1.1663
1.14163
1.14363
1.16426
0.879538
0.936605
0.918524
0.859407
0.989583
1.02486
0.973985
1.03756
1.19144
1.18099
1.17679
1.18301
1.18301
1.16426
1.17679
1.19144
1.10942
1.07971
1.07027
1.11527
1.14363
1.1663
1.14163
2.55536e-34
0.000732616
3.57291e-34
0.000917375
0.000917375
0.000732616
3.57291e-34
2.55536e-34
0.003964
0.00337238
0.00222429
0.00184508
0.00222429
0.00184508
0.00337238
0.003964
0.00916751
0.00800458
0.00538596
0.00623377
0.0179081
0.0158135
0.0129754
0.0114027
0.00538596
0.00800458
0.00623377
0.00916751
0.0242913
0.0324814
0.0288905
0.0215284
0.0129754
0.0114027
0.0158135
0.0179081
0.0428848
0.0559183
0.0382849
0.0501239
0.0242913
0.0215284
0.0288905
0.0324814
0.0720059
0.0915549
0.0828228
0.0648314
0.0428848
0.0382849
0.0501239
0.0559183
0.0720059
0.0648314
0.0828228
0.0915549
0.11493
0.104487
0.130163
0.142449
0.11493
0.142449
0.104487
0.130163
0.160126
0.194566
0.174339
0.210758
0.160126
0.210758
0.194566
0.174339
0.277129
0.297199
0.233573
0.251732
0.325093
0.400668
0.346947
0.377203
0.433069
0.492182
0.518092
0.457901
0.277129
0.233573
0.297199
0.251732
0.553916
0.644522
0.617542
0.580553
0.377203
0.325093
0.346947
0.400668
0.518092
0.433069
0.492182
0.457901
0.617542
0.553916
0.644522
0.580553
0.747117
0.773476
0.68224
0.709135
0.873597
0.811229
0.897469
0.836583
0.955159
0.989166
1.00869
0.933234
0.68224
0.773476
0.709135
0.747117
1.05716
1.08623
1.04046
1.09972
0.836583
0.873597
0.897469
0.811229
1.13564
1.16426
1.12569
1.15814
1.19984
1.18301
1.19773
1.18509
0.933234
0.955159
1.00869
0.989166
1.05716
1.09972
1.08623
1.04046
1.19773
1.20198
1.20833
1.20833
1.15814
1.19984
1.18509
1.16426
1.13564
1.12569
1.18301
0.000548574
0.000365359
1.18322e-34
1.28731e-34
1.28731e-34
0.000365359
1.18322e-34
0.000548574
0.0014719
0.00110004
0.00221947
0.00279082
0.00279082
0.00221947
0.0014719
0.00110004
0.00688369
0.00580523
0.00376273
0.00456509
0.00376273
0.00456509
0.00580523
0.00688369
0.0138211
0.0119343
0.00990362
0.0084698
0.0189103
0.0254817
0.0222662
0.0164353
0.00990362
0.0084698
0.0119343
0.0138211
0.0339094
0.0445885
0.0393385
0.029772
0.0189103
0.0164353
0.0222662
0.0254817
0.0579431
0.0743934
0.0663149
0.0513785
0.0339094
0.029772
0.0393385
0.0445885
0.0943414
0.118157
0.106507
0.0845624
0.0579431
0.0513785
0.0663149
0.0743934
0.118157
0.0943414
0.0845624
0.106507
0.132487
0.162774
0.178535
0.146141
0.146141
0.178535
0.132487
0.162774
0.256987
0.197555
0.215468
0.236917
0.256987
0.197555
0.236917
0.215468
0.280838
0.329174
0.353314
0.302999
0.381658
0.437899
0.465386
0.407589
0.559479
0.589125
0.497382
0.526121
0.329174
0.280838
0.353314
0.302999
0.623458
0.718721
0.688495
0.653609
0.465386
0.437899
0.381658
0.407589
0.497382
0.589125
0.526121
0.559479
0.623458
0.718721
0.688495
0.653609
0.783532
0.753696
0.818113
0.84708
0.908377
0.880765
0.966435
0.940663
1.06906
0.996831
1.0203
1.04833
0.818113
0.84708
0.753696
0.783532
1.148
1.1339
1.11188
1.09429
0.880765
0.940663
0.908377
0.966435
1.16648
1.17679
1.19773
1.19144
1.21472
1.21046
1.20833
1.21685
1.04833
0.996831
1.0203
1.06906
1.09429
1.11188
1.148
1.1339
1.20833
1.19773
1.21046
1.21685
1.16648
1.19144
1.17679
2.52561e-36
0.000182502
0.000182502
2.52561e-36
0.00165613
0.000732332
0.000732332
0.00165613
0.00476558
0.00298373
0.00298373
0.00476558
0.00710757
0.010151
0.00710757
0.010151
0.0141128
0.0192493
0.02589
0.034394
0.0141128
0.0192493
0.0451688
0.0586307
0.034394
0.02589
0.075202
0.0952869
0.0586307
0.0451688
0.119246
0.147392
0.075202
0.0952869
0.119246
0.147392
0.179947
0.217061
0.179947
0.217061
0.258754
0.304957
0.304957
0.258754
0.355452
0.409922
0.467899
0.528824
0.656663
0.592002
0.409922
0.355452
0.786908
0.721938
0.528824
0.467899
0.592002
0.656663
0.786908
0.721938
0.850603
0.912035
1.0242
0.970222
1.11596
1.07306
0.850603
0.912035
1.18099
1.15215
1.0242
0.970222
1.21472
1.20198
1.219
1.21472
1.07306
1.11596
1.15215
1.20198
1.18099
0.132487
0.280838
0.236917
0.000365359
0.162774
0.197555
0.162774
0.197555
0.132487
0.00580523
0.0084698
0.106507
0.236917
0.0164353
0.0845624
0.0663149
0.280838
0.0513785
0.0393385
0.329174
0.029772
0.0222662
0.381658
0.0119343
0.437899
0.497382
0.00376273
0.00221947
0.559479
0.00110004
0.623458
0.688495
0.000365359
0.329174
0.381658
0.753696
0.818113
0.497382
0.880765
0.00110004
0.940663
0.996831
0.00221947
1.04833
1.09429
0.00376273
1.1339
1.16648
0.00580523
0.996831
1.19144
1.04833
1.20833
0.0084698
1.21685
1.21685
0.0119343
1.20833
1.19144
0.0164353
1.16648
1.1339
0.0222662
1.09429
0.029772
0.940663
0.0393385
0.880765
0.818113
0.0513785
0.753696
0.688495
0.0663149
0.623458
0.559479
0.0845624
0.437899
0.106507
1.18322e-34
1.18322e-34
1.28731e-34
0.000548574
0.000548574
1.28731e-34
0.00279082
0.0014719
0.0014719
0.00279082
0.00456509
0.00688369
0.00456509
0.00688369
0.0138211
0.00990362
0.00990362
0.0138211
0.0254817
0.0189103
0.0445885
0.0339094
0.0189103
0.0254817
0.0579431
0.0743934
0.0445885
0.0339094
0.118157
0.0943414
0.0579431
0.0743934
0.146141
0.178535
0.0943414
0.118157
0.146141
0.178535
0.256987
0.215468
0.256987
0.215468
0.302999
0.353314
0.353314
0.302999
0.465386
0.407589
0.589125
0.526121
0.653609
0.718721
0.407589
0.465386
0.84708
0.783532
0.589125
0.526121
0.718721
0.653609
0.783532
0.84708
0.908377
0.966435
1.06906
1.0203
1.11188
1.148
0.966435
0.908377
1.19773
1.17679
1.06906
1.0203
1.21472
1.21046
1.21046
1.19773
1.148
1.11188
1.17679
0.233573
0.194566
0.194566
0.160126
0.233573
0.130163
0.00337238
0.104487
0.0828228
0.277129
0.0648314
0.325093
0.0501239
0.0382849
0.0288905
0.377203
0.0215284
0.433069
0.0158135
0.0114027
0.00800458
0.492182
0.00538596
0.553916
0.00184508
0.000732616
0.617542
0.68224
0.000732616
0.747117
0.277129
0.811229
0.873597
0.377203
0.00184508
0.933234
0.989166
0.553916
1.04046
0.00337238
1.08623
0.00538596
1.12569
1.15814
1.18301
0.873597
0.00800458
1.19984
0.0114027
1.04046
1.20833
1.20833
1.19984
0.0158135
1.18301
0.0215284
1.15814
1.12569
1.08623
0.0288905
0.0382849
0.989166
0.933234
0.0501239
0.811229
0.0648314
0.747117
0.68224
0.617542
0.0828228
0.104487
0.492182
0.433069
0.130163
0.325093
0.160126
3.57291e-34
3.57291e-34
2.55536e-34
0.000917375
0.000917375
2.55536e-34
0.003964
0.00222429
0.00222429
0.003964
0.00623377
0.00916751
0.00916751
0.00623377
0.0179081
0.0129754
0.0129754
0.0179081
0.0324814
0.0242913
0.0428848
0.0559183
0.0242913
0.0324814
0.0720059
0.0915549
0.0559183
0.0428848
0.11493
0.142449
0.0915549
0.0720059
0.210758
0.174339
0.11493
0.142449
0.210758
0.174339
0.251732
0.297199
0.297199
0.251732
0.400668
0.346947
0.346947
0.400668
0.518092
0.457901
0.644522
0.580553
0.709135
0.773476
0.518092
0.457901
0.836583
0.897469
0.580553
0.644522
0.773476
0.709135
0.836583
0.897469
0.955159
1.00869
1.05716
1.09972
1.13564
1.16426
1.00869
0.955159
1.19773
1.18509
1.05716
1.09972
1.20198
1.19773
1.18509
1.13564
1.16426
0.226997
0.154932
0.269828
0.00110327
0.125611
0.100536
0.0794288
0.317053
0.0619426
0.010374
0.0146124
0.368417
0.0476865
0.0362421
0.027185
0.423538
0.0201027
0.481914
0.0071014
0.542924
0.0045673
0.605847
0.00260489
0.669868
0.734101
0.00110327
0.797605
0.226997
0.859407
0.00260489
0.918524
0.973985
1.02486
0.423538
0.481914
0.0045673
1.07027
0.0071014
1.10942
1.14163
1.1663
0.010374
0.797605
1.18301
0.0146124
0.918524
0.973985
1.19144
1.19144
1.18301
0.0201027
1.1663
0.027185
1.14163
1.10942
1.07027
0.0362421
1.02486
0.0476865
0.859407
0.0619426
0.0794288
0.734101
0.669868
0.605847
0.100536
0.542924
0.125611
0.368417
0.154932
0.317053
0.188695
0.269828
0.188695
5.97991e-34
5.97991e-34
3.82625e-34
0.00129011
0.00129011
3.82625e-34
0.0029927
0.00518133
0.0029927
0.00518133
0.00799664
0.0116215
0.0116215
0.00799664
0.02239
0.0163186
0.0163186
0.02239
0.0302048
0.0401555
0.0526672
0.0681634
0.0302048
0.0401555
0.0870523
0.109712
0.0681634
0.0526672
0.167529
0.136453
0.0870523
0.109712
0.243171
0.203081
0.136453
0.167529
0.243171
0.203081
0.336549
0.287719
0.336549
0.287719
0.389333
0.445648
0.445648
0.389333
0.566499
0.504922
0.693394
0.629603
0.756954
0.819327
0.504922
0.566499
0.879538
0.936605
0.629603
0.693394
0.819327
0.756954
0.879538
0.936605
1.03756
0.989583
1.07971
1.11527
1.14363
1.16426
0.989583
1.03756
1.18099
1.17679
1.11527
1.07971
1.17679
1.16426
1.14363
0.30529
0.0948344
0.0745448
0.355546
0.0578005
0.0442039
0.409558
0.033334
0.0247639
0.466836
0.0180826
0.0129095
0.526769
0.00891074
0.00580709
0.588644
0.0033815
0.00147817
0.651657
0.714929
0.00147817
0.119021
0.147392
0.777527
0.838484
0.21741
0.896824
0.0033815
0.951582
1.00183
0.00580709
1.0467
1.08539
0.00891074
1.11723
1.14163
0.0129095
0.651657
1.15814
0.714929
1.16648
0.0180826
1.16648
1.15814
0.0247639
0.951582
1.00183
1.14163
1.11723
0.033334
1.08539
1.0467
0.0442039
0.0578005
0.896824
0.838484
0.0745448
0.777527
0.0948344
0.588644
0.119021
0.526769
0.466836
0.147392
0.409558
0.355546
0.180152
0.30529
0.259163
0.21741
0.180152
0.259163
8.4121e-34
8.4121e-34
5.10044e-34
0.00166723
0.00166723
5.10044e-34
0.00644295
0.00377789
0.00377789
0.00644295
0.014234
0.00985047
0.00985047
0.014234
0.0272142
0.0199058
0.0199058
0.0272142
0.048366
0.0365617
0.0630562
0.0810485
0.048366
0.0365617
0.128403
0.102719
0.0630562
0.0810485
0.192716
0.158343
0.128403
0.102719
0.274861
0.231568
0.192716
0.158343
0.231568
0.274861
0.373907
0.322403
0.322403
0.373907
0.486948
0.428932
0.428932
0.486948
0.609197
0.547284
0.734314
0.67184
0.79567
0.854935
0.547284
0.609197
0.963345
0.911145
0.67184
0.734314
0.854935
0.79567
0.963345
0.911145
1.01065
1.05221
1.0873
1.11527
1.13564
1.148
1.05221
1.01065
1.148
1.15215
1.0873
1.13564
1.11527
0.0684059
0.0526192
0.391497
0.03987
0.447326
0.0297313
0.0217758
0.0155925
0.505836
0.0108061
0.566328
0.00708925
0.00417442
0.00185735
0.628008
0.69001
0.00185735
0.751409
0.0876334
0.81125
0.868562
0.137794
0.00417442
0.922389
0.971809
0.245469
1.01596
0.00708925
1.05405
0.0108061
1.08539
1.10942
1.12569
0.505836
0.0155925
1.1339
0.0217758
0.69001
1.1339
1.12569
1.10942
0.0297313
0.868562
1.08539
0.03987
1.05405
1.01596
0.971809
0.0526192
0.922389
0.0684059
0.81125
0.751409
0.0876334
0.110663
0.628008
0.566328
0.137794
0.447326
0.169243
0.391497
0.338946
0.290151
0.20513
0.245469
0.20513
0.169243
0.290151
0.110663
0.338946
1.08725e-33
1.08725e-33
6.3769e-34
0.00204833
0.00204833
6.3769e-34
0.0077438
0.00457813
0.00457813
0.0077438
0.0169795
0.011783
0.0169795
0.011783
0.0236905
0.032303
0.0236905
0.032303
0.0432426
0.0569395
0.0738134
0.0942584
0.0432426
0.0569395
0.147132
0.118606
0.0942584
0.0738134
0.21731
0.180003
0.147132
0.118606
0.304925
0.258999
0.21731
0.180003
0.258999
0.304925
0.408193
0.354788
0.408193
0.354788
0.523367
0.464595
0.523367
0.464595
0.644942
0.583754
0.706032
0.76609
0.879264
0.824155
0.583754
0.644942
0.930484
0.976912
0.76609
0.706032
0.824155
0.879264
0.976912
0.930484
1.05221
1.01774
1.09972
1.07971
1.11188
1.11596
1.01774
1.05221
1.09972
1.11188
1.07971
0.42387
0.0349169
0.480626
0.0256372
0.0183911
0.012771
0.539409
0.00840623
0.599443
0.00498071
0.00223995
0.659874
0.719791
0.00223995
0.778249
0.0613011
0.83429
0.00498071
0.886965
0.93536
0.978617
0.15635
0.190563
0.00840623
1.01596
0.012771
1.0467
1.07027
1.08623
0.0183911
0.42387
1.09429
0.0256372
0.539409
0.599443
1.09429
1.08623
1.07027
0.0349169
0.778249
1.0467
0.0466613
1.01596
0.978617
0.93536
0.0613011
0.886965
0.0792499
0.83429
0.719791
0.100879
0.659874
0.126502
0.480626
0.15635
0.190563
0.369827
0.319075
0.272076
0.229167
0.229167
0.272076
0.126502
0.319075
0.100879
0.369827
0.0792499
0.0466613
1.33584e-33
1.33584e-33
7.6525e-34
0.00243207
0.00243207
7.6525e-34
0.00538924
0.00907401
0.00538924
0.00907401
0.019821
0.0137739
0.0137739
0.019821
0.0276103
0.0375593
0.0276103
0.0375593
0.0656781
0.0501052
0.107454
0.0846747
0.0501052
0.0656781
0.134289
0.165389
0.0846747
0.107454
0.200834
0.24062
0.134289
0.165389
0.284593
0.332502
0.24062
0.200834
0.284593
0.332502
0.438418
0.383943
0.438418
0.383943
0.55385
0.495291
0.495291
0.55385
0.672697
0.613275
0.787799
0.731187
0.841584
0.891607
0.613275
0.672697
0.976912
0.936993
0.787799
0.731187
0.841584
0.891607
0.976912
0.936993
1.03756
1.01065
1.06906
1.05716
1.07306
1.06906
1.01065
1.05716
1.03756
0.508495
0.0147818
0.00974603
0.566582
0.00579505
0.00262417
0.625155
0.683317
0.00262417
0.0212634
0.0295978
0.740138
0.794671
0.0535569
0.84598
0.00579505
0.893159
0.93536
0.00974603
0.971809
1.00183
0.0147818
1.02486
1.04046
0.0212634
0.296474
1.04833
0.345108
1.04833
0.0295978
1.04046
1.02486
0.0402158
0.566582
0.625155
1.00183
0.971809
0.0535569
0.93536
0.893159
0.0700426
0.84598
0.794671
0.0900603
0.740138
0.683317
0.113937
0.141925
0.508495
0.45173
0.174182
0.397046
0.210758
0.251585
0.251585
0.210758
0.174182
0.296474
0.141925
0.113937
0.345108
0.0900603
0.0700426
0.397046
0.0402158
0.45173
1.58612e-33
1.58612e-33
8.92179e-34
0.0028162
0.0028162
8.92179e-34
0.0104196
0.00620481
0.00620481
0.0104196
0.0157965
0.0227118
0.0227118
0.0157965
0.0428719
0.0315909
0.0315909
0.0428719
0.0569918
0.0743683
0.0953627
0.120287
0.0569918
0.0743683
0.18267
0.149345
0.120287
0.0953627
0.220251
0.261987
0.149345
0.18267
0.307621
0.356803
0.220251
0.261987
0.356803
0.307621
0.463711
0.409029
0.409029
0.463711
0.520134
0.577516
0.577516
0.520134
0.691657
0.634991
0.798813
0.746578
0.891607
0.847451
0.691657
0.634991
0.930484
0.963344
0.798813
0.746578
0.847451
0.891607
0.963344
0.930484
0.989584
1.00869
1.0242
1.02031
1.02031
1.00869
0.989584
0.00660999
0.0030073
0.586571
0.642719
0.0030073
0.697658
0.0110928
0.75046
0.800198
0.0241592
0.00660999
0.845979
0.886965
0.060394
0.922389
0.0110928
0.951582
0.016809
0.973985
0.989166
0.996831
0.190793
0.0241592
0.996831
0.0335788
0.317969
0.989166
0.973985
0.951582
0.0455117
0.474274
0.922389
0.060394
0.886965
0.845979
0.800198
0.0786261
0.75046
0.100557
0.697658
0.642719
0.586571
0.126458
0.530131
0.156512
0.419819
0.367503
0.190793
0.22926
0.271749
0.22926
0.271749
0.156512
0.317969
0.126458
0.100557
0.0786261
0.367503
0.419819
0.0455117
0.0335788
0.474274
0.016809
0.530131
1.83663e-33
1.83663e-33
1.01769e-33
0.00319759
0.00319759
1.01769e-33
0.00701644
0.011763
0.00701644
0.011763
0.0255988
0.0178188
0.0255988
0.0178188
0.0481207
0.0355498
0.0355498
0.0481207
0.0637363
0.0827903
0.132411
0.105597
0.0637363
0.0827903
0.198495
0.163361
0.105597
0.132411
0.237708
0.280805
0.163361
0.198495
0.327428
0.377133
0.237708
0.280805
0.327428
0.377133
0.483345
0.429327
0.483345
0.429327
0.593682
0.538406
0.593682
0.538406
0.648277
0.701276
0.798813
0.751758
0.879264
0.841585
0.701276
0.648277
0.911146
0.936604
0.798813
0.751758
0.841585
0.879264
0.936604
0.911146
0.966434
0.955161
0.966434
0.970224
0.955161
0.598798
0.651629
0.00338585
0.00338585
0.702485
0.75046
0.00741626
0.79467
0.83429
0.0270226
0.037495
0.868562
0.0124277
0.896824
0.0188185
0.918523
0.933233
0.940662
0.138103
0.0270226
0.940662
0.20572
0.24555
0.037495
0.933233
0.918523
0.896824
0.385621
0.0506819
0.868562
0.067005
0.83429
0.79467
0.598798
0.75046
0.0868318
0.702485
0.110462
0.651629
0.544909
0.138103
0.490855
0.16986
0.437495
0.335947
0.20572
0.289087
0.24555
0.16986
0.289087
0.335947
0.110462
0.0868318
0.067005
0.385621
0.0506819
0.437495
0.0188185
0.490855
0.0124277
0.544909
0.00741626
2.08532e-33
2.08532e-33
1.14077e-33
0.00357236
1.14077e-33
0.00357236
0.0130842
0.00781409
0.00781409
0.0130842
0.0284241
0.0198052
0.0284241
0.0198052
0.0393999
0.0531816
0.0393999
0.0531816
0.0907263
0.0701708
0.143498
0.115106
0.0701708
0.0907263
0.212421
0.175949
0.143498
0.115106
0.296541
0.252715
0.175949
0.212421
0.392909
0.343449
0.252715
0.296541
0.392909
0.343449
0.444255
0.496755
0.444255
0.496755
0.601883
0.549584
0.601883
0.549584
0.652749
0.701276
0.787799
0.746579
0.824157
0.854934
0.652749
0.701276
0.897468
0.87954
0.746579
0.787799
0.824157
0.854934
0.897468
0.87954
0.912034
0.908379
0.908379
0.00375559
0.651629
0.697658
0.740137
0.00820314
0.778249
0.811249
0.0137295
0.838483
0.859407
0.0207734
0.873596
0.880764
0.0732234
0.0297946
0.0944458
0.880764
0.873596
0.0412582
0.859407
0.838483
0.218548
0.259169
0.0556024
0.811249
0.778249
0.0732234
0.740137
0.697658
0.0944458
0.651629
0.602913
0.119511
0.552405
0.500998
0.148555
0.449567
0.398944
0.181602
0.349897
0.303109
0.218548
0.259169
0.181602
0.148555
0.303109
0.119511
0.349897
0.0556024
0.398944
0.0412582
0.0297946
0.449567
0.0207734
0.0137295
0.500998
0.00820314
0.00375559
0.552405
0.602913
2.32968e-33
2.32968e-33
1.26021e-33
0.00393602
0.00393602
1.26021e-33
0.0085865
0.0143612
0.0085865
0.0143612
0.0217178
0.031128
0.031128
0.0217178
0.0579315
0.043053
0.0579315
0.043053
0.0979683
0.076132
0.153244
0.123634
0.076132
0.0979683
0.22406
0.186762
0.153244
0.123634
0.264849
0.308749
0.22406
0.186762
0.355229
0.403684
0.264849
0.308749
0.355229
0.403684
0.453386
0.503557
0.453386
0.503557
0.601883
0.553347
0.601883
0.553347
0.691657
0.648278
0.731189
0.766089
0.819326
0.795672
0.648278
0.691657
0.836586
0.847078
0.731189
0.766089
0.795672
0.819326
0.836586
0.850606
0.847078
0.683316
0.0089589
0.719791
0.751409
0.777526
0.0149757
0.797604
0.0226353
0.811228
0.0324152
0.818112
0.818112
0.0324152
0.0788901
0.811228
0.0447808
0.797604
0.777526
0.157529
0.751409
0.0601521
0.719791
0.0788901
0.683316
0.642718
0.359422
0.598798
0.101267
0.552405
0.127461
0.504411
0.455691
0.407092
0.157529
0.191411
0.313418
0.269732
0.228917
0.228917
0.191411
0.269732
0.127461
0.101267
0.313418
0.359422
0.0601521
0.0447808
0.407092
0.0226353
0.455691
0.0149757
0.0089589
0.0041118
0.504411
0.552405
0.0041118
0.598798
0.642718
2.56678e-33
2.56678e-33
1.37462e-33
0.00428362
0.00428362
1.37462e-33
0.0155711
0.00932162
0.00932162
0.0155711
0.0336509
0.0235183
0.0235183
0.0336509
0.0464228
0.0622527
0.0464228
0.0622527
0.0814664
0.104325
0.161383
0.13095
0.0814664
0.104325
0.233086
0.195499
0.161383
0.13095
0.317085
0.273768
0.195499
0.233086
0.409148
0.362434
0.317085
0.273768
0.409148
0.362434
0.456459
0.503557
0.456459
0.503557
0.549585
0.593681
0.549585
0.593681
0.634993
0.672696
0.706034
0.734313
0.773475
0.756957
0.634993
0.672696
0.786907
0.783535
0.734313
0.706034
0.773475
0.756957
0.783535
0.00967128
0.659873
0.690009
0.714928
0.0161433
0.7341
0.0161433
0.024366
0.747116
0.0348257
0.0479787
0.753695
0.753695
0.0348257
0.747116
0.107116
0.0479787
0.7341
0.714928
0.690009
0.0642173
0.236537
0.276944
0.659873
0.0838585
0.625154
0.58657
0.544908
0.107116
0.500998
0.134095
0.455691
0.409835
0.364254
0.164777
0.319721
0.199016
0.199016
0.236537
0.164777
0.276944
0.134095
0.0838585
0.319721
0.0642173
0.364254
0.024366
0.409835
0.455691
0.00967128
0.00444938
0.500998
0.544908
0.00444938
0.58657
0.625154
2.7934e-33
2.7934e-33
1.48253e-33
0.00460997
0.00460997
1.48253e-33
0.016691
0.0100071
0.0100071
0.016691
0.0359354
0.0251687
0.0359354
0.0251687
0.0660365
0.0494283
0.0494283
0.0660365
0.0860355
0.109626
0.136858
0.167691
0.0860355
0.109626
0.239247
0.201919
0.136858
0.167691
0.279222
0.321312
0.201919
0.239247
0.364859
0.409148
0.321312
0.279222
0.409148
0.364859
0.453386
0.496754
0.496754
0.453386
0.538408
0.577515
0.577515
0.538408
0.613277
0.644941
0.671843
0.693393
0.709138
0.718719
0.613277
0.644941
0.718719
0.721942
0.693393
0.671843
0.709138
0.651656
0.0172096
0.669867
0.00476307
0.682238
0.0259285
0.688494
0.688494
0.0369708
0.0369708
0.0507744
0.682238
0.669867
0.0507744
0.651656
0.628007
0.0676953
0.599442
0.566581
0.0879991
0.53013
0.241196
0.490855
0.111835
0.449567
0.407092
0.139236
0.364254
0.321842
0.170101
0.280601
0.204206
0.204206
0.170101
0.241196
0.139236
0.111835
0.280601
0.0879991
0.0676953
0.321842
0.364254
0.0259285
0.0172096
0.407092
0.0103279
0.449567
0.490855
0.00476307
0.628007
0.53013
0.566581
0.599442
0.0103279
3.00616e-33
3.00616e-33
1.5824e-33
0.0049098
0.0049098
1.5824e-33
0.0106307
0.0176987
0.0106307
0.0176987
0.0379287
0.0266335
0.0266335
0.0379287
0.0691868
0.0519959
0.0519959
0.0691868
0.113732
0.0897199
0.171995
0.141196
0.0897199
0.113732
0.205844
0.242371
0.171995
0.141196
0.281057
0.321312
0.242371
0.205844
0.362435
0.403683
0.321312
0.281057
0.362435
0.403683
0.483344
0.444256
0.483344
0.444256
0.520136
0.553848
0.553848
0.520136
0.609195
0.583758
0.64452
0.629607
0.656661
0.653613
0.609195
0.583758
0.653613
0.629607
0.64452
0.0181532
0.61754
0.0272887
0.623456
0.623456
0.61754
0.0181532
0.0388003
0.605846
0.0530992
0.588643
0.566327
0.539408
0.0912037
0.0704975
0.508494
0.0912037
0.474273
0.173355
0.437495
0.398943
0.242763
0.115299
0.359422
0.142742
0.319721
0.280601
0.173355
0.206837
0.206837
0.142742
0.115299
0.242763
0.280601
0.0704975
0.0530992
0.0388003
0.319721
0.0272887
0.359422
0.0109167
0.00504767
0.398943
0.437495
0.00504767
0.605846
0.474273
0.508494
0.539408
0.0109167
0.566327
0.588643
3.20164e-33
3.20164e-33
1.67269e-33
0.005178
0.005178
1.67269e-33
0.0185735
0.0111807
0.0111807
0.0185735
0.0395838
0.0278801
0.0395838
0.0278801
0.0716231
0.0540625
0.0540625
0.0716231
0.116531
0.0924231
0.174177
0.143846
0.0924231
0.116531
0.242371
0.207164
0.143846
0.174177
0.317084
0.279223
0.242371
0.207164
0.392909
0.355231
0.279223
0.317084
0.355231
0.392909
0.429329
0.46371
0.429329
0.46371
0.495294
0.523365
0.495294
0.523365
0.547288
0.566497
0.580558
0.589123
0.592006
0.589123
0.566497
0.547288
0.580558
0.028416
0.559478
0.559478
0.00529819
0.553915
0.0402708
0.542923
0.0548955
0.526767
0.0402708
0.0548955
0.505835
0.480625
0.0725522
0.451729
0.093388
0.419819
0.38562
0.17445
0.349896
0.117415
0.313417
0.144519
0.276943
0.241195
0.206837
0.17445
0.206837
0.144519
0.117415
0.093388
0.241195
0.0725522
0.276943
0.028416
0.313417
0.0189545
0.349896
0.0114266
0.38562
0.419819
0.00529819
0.553915
0.451729
0.480625
0.0114266
0.505835
0.526767
0.542923
0.0189545
3.37651e-33
3.37651e-33
1.75194e-33
0.00540978
0.00540978
1.75194e-33
0.0116467
0.0192972
0.0116467
0.0192972
0.0408612
0.0288806
0.0408612
0.0288806
0.073283
0.0555766
0.0555766
0.073283
0.094074
0.11795
0.174176
0.144738
0.11795
0.094074
0.205844
0.239247
0.144738
0.174176
0.308748
0.273769
0.239247
0.205844
0.377132
0.343452
0.308748
0.273769
0.343452
0.377132
0.409032
0.438417
0.409032
0.438417
0.486946
0.464599
0.486946
0.464599
0.504926
0.51809
0.526126
0.528822
0.526126
0.504926
0.51809
0.492181
0.0413473
0.481912
0.466834
0.0561186
0.447325
0.423869
0.0738065
0.397045
0.0413473
0.367502
0.0944948
0.335946
0.0944948
0.303109
0.118127
0.118127
0.269732
0.236536
0.144519
0.204206
0.173355
0.173355
0.144519
0.204206
0.0738065
0.236536
0.0561186
0.269732
0.029285
0.0195965
0.303109
0.0118475
0.00551008
0.335946
0.367502
0.00551008
0.497381
0.397045
0.497381
0.423869
0.447325
0.0118475
0.466834
0.481912
0.0195965
0.492181
0.029285
3.52763e-33
3.52763e-33
1.81878e-33
0.00560083
0.00560083
1.81878e-33
0.0198542
0.0120192
0.0198542
0.0120192
0.0296121
0.0417304
0.0417304
0.0296121
0.0741238
0.0565004
0.0565004
0.0741238
0.0946292
0.11795
0.143847
0.171994
0.11795
0.0946292
0.233086
0.20192
0.171994
0.143847
0.264851
0.29654
0.233086
0.20192
0.356802
0.327431
0.29654
0.264851
0.327431
0.356802
0.383946
0.408191
0.408191
0.383946
0.428936
0.445646
0.445646
0.428936
0.457905
0.465384
0.467904
0.465384
0.457905
0.0420038
0.409557
0.056738
0.391496
0.369826
0.345107
0.0200653
0.0742283
0.317968
0.0420038
0.0944948
0.289087
0.259168
0.228916
0.117415
0.199015
0.142742
0.170101
0.142742
0.117415
0.170101
0.0944948
0.199015
0.0742283
0.056738
0.228916
0.0298757
0.259168
0.0121711
0.00567935
0.289087
0.317968
0.00567935
0.423537
0.345107
0.369826
0.391496
0.437897
0.0121711
0.409557
0.423537
0.433068
0.0200653
0.0298757
0.437897
0.433068
3.65223e-33
3.65223e-33
1.87205e-33
0.00574753
0.00574753
1.87205e-33
0.0202325
0.0122908
0.0122908
0.0202325
0.0421703
0.0300578
0.0300578
0.0421703
0.0741238
0.0568109
0.0568109
0.0741238
0.116531
0.0940741
0.16769
0.141196
0.116531
0.0940741
0.224059
0.195501
0.16769
0.141196
0.280804
0.252718
0.224059
0.195501
0.307625
0.332501
0.252718
0.280804
0.307625
0.332501
0.373904
0.354792
0.373904
0.354792
0.389338
0.400666
0.400666
0.389338
0.407594
0.40992
0.407594
0.056738
0.338945
0.319074
0.296473
0.0738065
0.271748
0.0203508
0.093388
0.24555
0.0422245
0.218547
0.19141
0.115299
0.164776
0.139235
0.139235
0.115299
0.093388
0.164776
0.0738065
0.19141
0.056738
0.0301746
0.218547
0.24555
0.0123906
0.00580276
0.271748
0.296473
0.00580276
0.355544
0.319074
0.338945
0.377201
0.381657
0.0123906
0.355544
0.368415
0.377201
0.0203508
0.381657
0.0301746
0.368415
0.0422245
3.74793e-33
3.74793e-33
1.91078e-33
0.00584704
0.00584704
1.91078e-33
0.0204238
0.0124559
0.0124559
0.0204238
0.0421704
0.0302074
0.0421704
0.0302074
0.073283
0.0565003
0.0565003
0.073283
0.0924233
0.113731
0.136859
0.161382
0.0924233
0.113731
0.186764
0.21242
0.161382
0.136859
0.237711
0.261985
0.21242
0.186764
0.304923
0.284596
0.261985
0.237711
0.284596
0.304923
0.336547
0.322407
0.322407
0.336547
0.353312
0.346952
0.346952
0.353312
0.355457
0.251584
0.0725522
0.22926
0.00587788
0.20572
0.0912036
0.181601
0.157528
0.111835
0.0420039
0.0561187
0.134095
0.111835
0.134095
0.0912036
0.0725522
0.157528
0.181601
0.0301746
0.0204468
0.20572
0.0125015
0.22926
0.251584
0.00587788
0.272075
0.272075
0.29015
0.29015
0.305289
0.0125015
0.317051
0.325092
0.0204468
0.329172
0.329172
0.0301746
0.325092
0.317051
0.0420039
0.305289
0.0561187
3.81288e-33
3.81288e-33
1.93425e-33
0.00589739
0.00589739
1.93425e-33
0.0125112
0.0204239
0.0125112
0.0204239
0.0417306
0.0300574
0.0300574
0.0417306
0.0716231
0.0555763
0.0555763
0.0716231
0.0897202
0.109626
0.153243
0.130952
0.109626
0.0897202
0.198494
0.175951
0.153243
0.130952
0.240619
0.220254
0.198494
0.175951
0.274859
0.259003
0.240619
0.220254
0.259003
0.274859
0.297197
0.287723
0.297197
0.287723
0.303004
0.303004
0.304955
0.0704976
0.169859
0.087999
0.148555
0.12746
0.107116
0.020351
0.107116
0.087999
0.12746
0.0704976
0.0548957
0.0413475
0.148555
0.0298759
0.169859
0.0125017
0.00590323
0.190792
0.210757
0.00590323
0.190792
0.229166
0.245468
0.259162
0.245468
0.0125017
0.269826
0.277127
0.280836
0.020351
0.280836
0.0298759
0.277127
0.269826
0.259162
0.0413475
0.0548957
0.229166
0.210757
3.8458e-33
3.8458e-33
1.94201e-33
0.00589759
0.00589759
1.94201e-33
0.0202329
0.0124553
0.0124553
0.0202329
0.0408615
0.0296113
0.0296113
0.0408615
0.0540621
0.0691868
0.0691868
0.0540621
0.0860359
0.104324
0.123635
0.143497
0.0860359
0.104324
0.163363
0.182669
0.123635
0.143497
0.217308
0.200837
0.163363
0.182669
0.231573
0.243169
0.217308
0.200837
0.231573
0.243169
0.256985
0.251736
0.256985
0.251736
0.258759
0.0838584
0.119511
0.101267
0.00587832
0.0838584
0.101267
0.0676954
0.119511
0.0530994
0.0402711
0.0292853
0.138102
0.0200657
0.156511
0.0123909
0.174181
0.190562
0.00587832
0.138102
0.205129
0.217409
0.174181
0.190562
0.0123909
0.226996
0.233572
0.236916
0.226996
0.0200657
0.236916
0.0292853
0.233572
0.217409
0.0402711
0.205129
0.0530994
0.156511
0.0676954
3.84604e-33
3.84604e-33
1.93393e-33
0.00584763
0.00584763
1.93393e-33
0.0198548
0.0122896
0.0122896
0.0198548
0.0288795
0.0395842
0.0395842
0.0288795
0.0519954
0.0660366
0.0519954
0.0660366
0.0814669
0.0979679
0.13241
0.115107
0.0979679
0.0814669
0.149348
0.165387
0.13241
0.115107
0.180007
0.192714
0.149348
0.165387
0.203085
0.210756
0.180007
0.192714
0.203085
0.210756
0.217058
0.215472
0.215472
0.0642174
0.0944455
0.0507747
0.0388006
0.110462
0.0284165
0.019597
0.126457
0.0121717
0.00580363
0.141924
0.156349
0.00580363
0.07889
0.169241
0.0944455
0.180151
0.188693
0.0121717
0.194564
0.197553
0.156349
0.169241
0.019597
0.197553
0.194564
0.0284165
0.188693
0.180151
0.0388006
0.0507747
0.141924
0.126457
0.0642174
0.110462
0.07889
3.8136e-33
3.8136e-33
1.91015e-33
0.00574849
0.00574849
1.91015e-33
0.0120175
0.019298
0.0120175
0.019298
0.0379293
0.0278787
0.0379293
0.0278787
0.0494276
0.0622528
0.0494276
0.0622528
0.0761325
0.0907259
0.120286
0.105599
0.0907259
0.0761325
0.14713
0.134292
0.120286
0.105599
0.167527
0.158346
0.14713
0.134292
0.178533
0.174343
0.158346
0.167527
0.178533
0.174343
0.179951
0.0868315
0.0272893
0.100556
0.0189552
0.0118484
0.00568063
0.113936
0.126501
0.00568063
0.0369712
0.137793
0.14739
0.15493
0.0732233
0.0118484
0.160125
0.162773
0.162773
0.113936
0.0189552
0.160125
0.0272893
0.15493
0.14739
0.137793
0.0369712
0.126501
0.047979
0.100556
0.0868315
0.0601522
0.0732233
0.0601522
0.047979
3.74911e-33
3.74911e-33
1.87112e-33
0.00560214
0.00560214
1.87112e-33
0.0185746
0.0116444
0.0116444
0.0185746
0.0266318
0.0359361
0.0359361
0.0266318
0.0464221
0.0579316
0.0579316
0.0464221
0.0827898
0.0701713
0.0953644
0.107453
0.0827898
0.0701713
0.128401
0.118608
0.107453
0.0953644
0.136456
0.142447
0.128401
0.118608
0.14739
0.146145
0.142447
0.136456
0.146145
0.0900597
0.0114277
0.00551172
0.100879
0.110663
0.00551172
0.018154
0.11902
0.12561
0.0348262
0.0447811
0.0114277
0.130162
0.132486
0.132486
0.0786258
0.018154
0.130162
0.0259292
0.12561
0.11902
0.110663
0.0348262
0.100879
0.0447811
0.0900597
0.0670049
0.0556025
0.0556025
0.0670049
0.0259292
0.0786258
3.65385e-33
3.65385e-33
1.81756e-33
0.00541139
0.00541139
1.81756e-33
0.0111781
0.0176999
0.0111781
0.0176999
0.0336516
0.0251668
0.0336516
0.0251668
0.0531817
0.0430522
0.0531817
0.0430522
0.0743678
0.0637368
0.0846765
0.0942573
0.0743678
0.0637368
0.102722
0.10971
0.0846765
0.0942573
0.114933
0.118155
0.10971
0.102722
0.119249
0.118155
0.114933
0.0876327
0.00530015
0.0948335
0.00530015
0.100536
0.104486
0.010918
0.106506
0.106506
0.0324157
0.0412585
0.0172105
0.104486
0.0603939
0.100536
0.0243668
0.0948335
0.0876327
0.0324157
0.0792494
0.0700423
0.0412585
0.050682
0.050682
0.0603939
0.0243668
0.0172105
0.0700423
0.010918
0.0792494
3.52964e-33
3.52964e-33
1.75043e-33
0.00517987
1.75043e-33
0.00517987
0.0166923
0.0106277
0.0106277
0.0166923
0.0235162
0.0311288
0.0235162
0.0311288
0.0481208
0.0393991
0.0393991
0.0481208
0.0569923
0.0656776
0.0738151
0.0810475
0.0656776
0.0569923
0.0870549
0.0915536
0.0810475
0.0738151
0.0952854
0.0943444
0.0915536
0.0870549
0.0943444
0.00504988
0.0745442
0.0794281
0.082822
0.0103292
0.0845615
0.0161443
0.0845615
0.082822
0.0161443
0.0794281
0.0226361
0.0745442
0.0684054
0.0613007
0.0297952
0.0535567
0.0374953
0.0455118
0.0374953
0.0297952
0.0455118
0.0226361
0.0535567
0.0103292
0.00504988
0.0613007
0.0684054
3.37886e-33
3.37886e-33
1.67091e-33
0.00491187
0.00491187
1.67091e-33
0.0155725
0.0100038
0.0100038
0.0155725
0.0284249
0.0217157
0.0217157
0.0284249
0.042872
0.035549
0.042872
0.035549
0.056939
0.0501058
0.0681625
0.0630578
0.0501058
0.056939
0.0720082
0.0743922
0.0681625
0.0630578
0.0752045
0.0720082
0.0743922
0.0648307
0.00967272
0.0663142
0.00476547
0.0663142
0.0648307
0.0149767
0.061942
0.0207742
0.0270232
0.0335791
0.0578001
0.0526189
0.0466611
0.0270232
0.0402159
0.0335791
0.0207742
0.0402159
0.0149767
0.0466611
0.00967272
0.0526189
0.0578001
0.00476547
0.061942
3.20428e-33
3.20428e-33
1.58037e-33
0.00461217
0.00461217
1.58037e-33
0.0143627
0.00931821
0.00931821
0.0143627
0.019803
0.0255995
0.019803
0.0255995
0.0315901
0.0375594
0.0375594
0.0315901
0.0483655
0.0432431
0.0526686
0.0559175
0.0432431
0.0483655
0.057945
0.0586298
0.0559175
0.0526686
0.057945
0.00896039
0.051378
0.0501234
0.0137305
0.0476861
0.0442037
0.0188193
0.0398699
0.034917
0.0241598
0.0295981
0.0241598
0.0295981
0.0188193
0.0137305
0.034917
0.00896039
0.00445189
0.0398699
0.0442037
0.00445189
0.0476861
0.0501234
0.051378
3.00902e-33
3.00902e-33
1.48027e-33
0.00428589
0.00428589
1.48027e-33
0.0130857
0.00858304
0.00858304
0.0130857
0.0178166
0.0227126
0.0178166
0.0227126
0.0276095
0.0323031
0.0276095
0.0323031
0.0365621
0.0401552
0.0445879
0.042886
0.0401552
0.0365621
0.0445879
0.0451703
0.042886
0.0382846
0.0362418
0.0124287
0.0333339
0.0168098
0.0297314
0.0124287
0.0256375
0.021264
0.021264
0.0168098
0.0256375
0.00820462
0.00411435
0.0297314
0.0333339
0.00411435
0.0362418
0.0393382
0.0382846
0.0393382
0.00820462
2.79641e-33
2.79641e-33
0.00393828
1.37213e-33
0.00393828
1.37213e-33
0.0117645
0.00781068
0.00781068
0.0117645
0.0198217
0.0157944
0.0198217
0.0157944
0.0236898
0.0272143
0.0236898
0.0272143
0.0324811
0.0302051
0.0343936
0.0339103
0.0302051
0.0339103
0.0324811
0.0110938
0.024764
0.0147826
0.0217761
0.0183916
0.0147826
0.0183916
0.0110938
0.0217761
0.00741769
0.0037581
0.024764
0.027185
0.0037581
0.0288904
0.0288904
0.0297719
0.00741769
0.0297719
0.027185
2.56987e-33
2.56987e-33
1.25751e-33
0.00357455
0.00357455
1.25751e-33
0.0104209
0.00701319
0.00701319
0.0104209
0.0169802
0.013772
0.013772
0.0169802
0.0199051
0.0223902
0.0223902
0.0199051
0.0242914
0.0254815
0.0258904
0.0254815
0.0242914
0.0127717
0.0127717
0.00974695
0.0155929
0.00661134
0.00338823
0.0180828
0.0201028
0.00338823
0.0155929
0.0180828
0.0215285
0.0222662
0.0222662
0.00661134
0.0215285
0.0201028
0.00974695
2.33279e-33
2.33279e-33
1.13787e-33
0.00319964
0.00319964
1.13787e-33
0.00907524
0.00620182
0.00907524
0.00620182
0.0142346
0.0117812
0.0142346
0.0117812
0.0179083
0.0163179
0.0163179
0.0179083
0.0189103
0.0192493
0.0189103
0.00579627
0.0030095
0.0129099
0.0146126
0.0030095
0.0158136
0.00840705
0.0164353
0.0164353
0.0129099
0.00579627
0.0158136
0.0146126
0.00840705
0.0108067
0.0108067
2.08838e-33
2.08838e-33
1.0146e-33
0.00281805
0.00281805
1.0146e-33
0.00538659
0.00774487
0.00538659
0.00774487
0.011622
0.00984898
0.011622
0.00984898
0.0138213
0.0129748
0.0129748
0.0141125
0.0138213
0.0103743
0.0114029
0.00262611
0.00262611
0.0119345
0.0119345
0.00498177
0.0114029
0.0103743
0.00891125
0.00708994
0.00708994
0.00891125
0.00498177
1.83958e-33
1.83958e-33
8.88897e-34
0.00243368
8.88897e-34
0.00243368
0.00457588
0.00644385
0.00457588
0.00644385
0.00916796
0.0079954
0.00916796
0.0079954
0.0101513
0.00990299
0.00990299
0.00224158
0.00847003
0.00847003
0.00800487
0.00417529
0.00710181
0.00580765
0.00580765
0.00417529
0.00224158
0.00710181
0.00800487
1.58893e-33
1.58893e-33
7.61786e-34
0.00204965
0.00204965
7.61786e-34
0.00518203
0.0037761
0.0037761
0.00518203
0.00623277
0.00688408
0.00623277
0.00688408
0.00710689
0.00538628
0.00338216
0.00456772
0.00338216
0.00185865
0.00456772
0.00538628
0.00185865
0.00580548
0.00580548
1.33846e-33
1.33846e-33
6.3405e-34
0.00166825
0.00166825
6.3405e-34
0.00396453
0.00299136
0.00299136
0.00396453
0.0045643
0.0045643
0.00476595
0.00260536
0.00260536
0.00147911
0.00337268
0.00376298
0.00147911
0.00376298
0.00337268
1.08965e-33
1.08965e-33
5.06241e-34
0.00129082
5.06241e-34
0.00129082
0.00222337
0.0027912
0.00222337
0.0027912
0.00298309
0.00221967
0.00110388
0.00221967
0.00184537
0.00110388
0.00184537
8.43403e-34
8.43403e-34
0.000917817
3.78675e-34
0.000917817
3.78675e-34
0.00147134
0.00147134
0.0016564
0.000732937
0.00110019
0.000732937
0.00110019
5.99988e-34
5.99988e-34
2.51471e-34
0.000548802
0.000548802
2.51471e-34
0.000732021
0.000365476
0.000365476
3.5913e-34
3.5913e-34
1.24599e-34
1.24599e-34
0.000182605
4.18818e-37
1.20061e-34
1.20061e-34
