4.6462e-37
1.3149e-34
1.3149e-34
1.36546e-34
3.93265e-34
0.000200023
0.000400333
1.36546e-34
3.93265e-34
0.000400333
2.75606e-34
0.000802707
6.56906e-34
0.000601106
0.00080169
0.00120483
0.00120483
0.000601106
0.000802707
6.56906e-34
2.75606e-34
4.15027e-34
0.00120868
9.23197e-34
0.00100513
0.00201999
0.0024292
0.00161086
0.00181342
4.15027e-34
0.00120868
0.00161086
0.0024292
0.00201999
0.00100513
9.23197e-34
5.54848e-34
0.00141329
0.00161909
1.19241e-33
0.00243306
0.00285024
0.00368752
0.0030533
0.00411274
0.00326243
0.00411274
0.0030533
0.00141329
1.19241e-33
0.00161909
5.54848e-34
0.00285024
0.00243306
0.00368752
6.9494e-34
1.46421e-33
0.00182599
0.00203391
0.00327158
0.00369757
0.00498833
0.00433219
0.00203391
1.46421e-33
0.00182599
6.9494e-34
0.0063312
0.00520353
0.00587695
0.00498414
0.00498414
0.00498833
0.00587695
0.00327158
0.0063312
0.00433219
0.00369757
8.34952e-34
0.00245212
1.73762e-33
0.00224274
0.00412712
0.00456134
0.0063344
0.0056557
0.00749809
0.00679389
0.00773402
0.00870749
1.73762e-33
0.00245212
0.00224274
8.34952e-34
0.00412712
0.0063344
0.00456134
0.0056557
0.00773802
0.00920785
0.00749809
0.00920785
0.00773402
0.00870749
0.00679389
9.7428e-34
0.00287176
2.01103e-33
0.00266203
0.00499776
0.00543833
0.00772288
0.00702377
0.0112546
0.00995934
0.00869844
0.00968541
0.0107468
0.0123541
0.0129211
0.0110132
9.7428e-34
0.00287176
2.01103e-33
0.00266203
0.00499776
0.00543833
0.00772288
0.00702377
0.0123541
0.0112546
0.00968541
0.0129211
0.00869844
0.0107468
0.00995934
1.11206e-33
0.00328986
2.28223e-33
0.00308138
0.00587903
0.00632279
0.00914575
0.00843088
0.0117226
0.0139683
0.0125913
0.0106942
0.0140325
0.015778
0.0170507
0.014933
0.00308138
1.11206e-33
0.00328986
2.28223e-33
0.0152413
0.0177082
0.0177082
0.014933
0.00632279
0.00914575
0.00587903
0.00843088
0.0125913
0.015778
0.0170507
0.0117226
0.0106942
0.0140325
0.0139683
1.24717e-33
0.00370262
2.54847e-33
0.00349741
0.00986656
0.00676403
0.00720676
0.0105903
0.0138285
0.0168288
0.0153818
0.0127681
0.0175902
0.0194626
0.021591
0.0192709
0.0203262
0.0230892
0.0238633
0.0206839
2.54847e-33
0.00349741
1.24717e-33
0.00370262
0.0105903
0.00720676
0.00986656
0.00676403
0.0238633
0.0230892
0.0203262
0.0192709
0.0153818
0.0127681
0.0138285
0.0168288
0.0194626
0.021591
0.0175902
1.37829e-33
0.00410547
2.80658e-33
0.00390588
0.0076438
0.0120397
0.011316
0.00808029
0.00390588
0.00410547
2.80658e-33
1.37829e-33
0.0159781
0.0198032
0.0183043
0.014899
0.0213915
0.0265031
0.0240039
0.0233691
0.0272415
0.0290343
0.0308136
0.0259958
0.031732
0.0276678
0.0272415
0.031732
0.00808029
0.0120397
0.011316
0.0076438
0.0198032
0.0159781
0.0183043
0.014899
0.0308136
0.0290343
0.0233691
0.0259958
0.0265031
0.0213915
0.0240039
1.50391e-33
0.00449329
3.05309e-33
0.00430195
0.0085076
0.00893196
0.0134741
0.0127607
0.00430195
0.00449329
3.05309e-33
1.50391e-33
0.0181408
0.0228481
0.0213201
0.017059
0.00893196
0.0127607
0.0134741
0.0085076
0.0253884
0.0274408
0.0290782
0.0317193
0.0345674
0.0354707
0.0384912
0.0321978
0.0417008
0.0365546
0.0406093
0.0360517
0.0360517
0.0417008
0.0406093
0.0345674
0.017059
0.0228481
0.0181408
0.0213201
0.0384912
0.0290782
0.0317193
0.0274408
0.0253884
0.0321978
0.0354707
1.62241e-33
0.00468026
0.00486058
3.28433e-33
0.00934341
0.00974923
0.0148711
0.0141795
0.0202809
0.0259114
0.0243813
0.0192147
0.00468026
0.00486058
3.28433e-33
1.62241e-33
0.0148711
0.00974923
0.0141795
0.00934341
0.0295167
0.031607
0.0371495
0.034414
0.0202809
0.0243813
0.0192147
0.0259114
0.0388413
0.0422909
0.0467772
0.042567
0.0453921
0.0471522
0.0503749
0.0528896
0.054183
0.0471522
0.0477527
0.054183
0.0453921
0.0503749
0.0528896
0.042567
0.031607
0.0422909
0.034414
0.0295167
0.0467772
0.0388413
0.0371495
1.7321e-33
3.49662e-33
0.0050352
0.00520165
0.0101383
0.010519
0.0162071
0.0155491
0.0223599
0.0289353
0.0274325
0.0213289
0.0050352
0.00520165
3.49662e-33
1.7321e-33
0.0336998
0.0357864
0.0426862
0.0399119
0.0162071
0.010519
0.0155491
0.0101383
0.0274325
0.0289353
0.0223599
0.0213289
0.0493603
0.045804
0.0555117
0.0510994
0.0357864
0.0336998
0.0399119
0.0426862
0.0588849
0.0555376
0.06511
0.0608494
0.0609704
0.0680784
0.0616758
0.0696019
0.0696019
0.0588849
0.0609704
0.0680784
0.0555376
0.0510994
0.045804
0.0608494
0.0493603
0.0555117
0.06511
1.83132e-33
0.0055109
3.68637e-33
0.0053611
0.0108792
0.011228
0.0174576
0.0168455
0.0243378
0.0318586
0.0233622
0.030414
0.0378529
0.0398914
0.0482102
0.0454578
0.0053611
0.0055109
3.68637e-33
1.83132e-33
0.011228
0.0174576
0.0168455
0.0108792
0.0645043
0.0565248
0.0529408
0.0599884
0.0318586
0.0243378
0.030414
0.0233622
0.0454578
0.0378529
0.0398914
0.0482102
0.0781087
0.0715296
0.0662845
0.0718083
0.0529408
0.0645043
0.0565248
0.0599884
0.077921
0.0754752
0.0865914
0.0831151
0.0883723
0.0787526
0.077921
0.0883723
0.0715296
0.0781087
0.0718083
0.0754752
0.0865914
0.0831151
0.0662845
1.91845e-33
0.00578296
3.85021e-33
0.00565244
0.0115529
0.0118636
0.0185989
0.0180445
0.0261745
0.0252742
0.0346192
0.0332639
0.0418863
0.0438311
0.0535957
0.0509286
1.91845e-33
3.85021e-33
0.00565244
0.00578296
0.0690322
0.0600906
0.063618
0.0735444
0.0115529
0.0118636
0.0185989
0.0180445
0.0346192
0.0261745
0.0332639
0.0252742
0.0829945
0.091584
0.0848068
0.0773904
0.0509286
0.0535957
0.0418863
0.0438311
0.0600906
0.063618
0.0690322
0.0735444
0.0989522
0.104781
0.0909581
0.095562
0.091584
0.0829945
0.0773904
0.0848068
0.099378
0.0984148
0.11088
0.108817
0.0989522
0.11088
0.104781
0.108817
0.095562
0.0984148
0.0909581
1.99201e-33
0.0060129
3.98513e-33
0.00590404
0.012147
0.0124136
0.0196081
0.0191225
0.0270255
0.0278315
0.0371563
0.0359203
0.045709
0.0475152
0.0587156
0.0561973
0.00590404
0.0060129
3.98513e-33
1.99201e-33
0.0780133
0.0670837
0.0704687
0.0824101
0.012147
0.0191225
0.0196081
0.0124136
0.105202
0.0983967
0.0941313
0.0885869
0.0278315
0.0371563
0.0359203
0.0270255
0.0561973
0.0587156
0.0475152
0.045709
0.1152
0.123731
0.11419
0.107051
0.0824101
0.0670837
0.0704687
0.0780133
0.105202
0.0941313
0.0885869
0.0983967
0.122809
0.11952
0.130453
0.135094
0.11419
0.107051
0.123731
0.1152
0.137463
0.123924
0.122809
0.11952
0.135094
0.130453
0.137463
2.05072e-33
0.00619645
4.0886e-33
0.00611129
0.0126502
0.0128674
0.0204647
0.0200579
0.00611129
0.00619645
4.0886e-33
2.05072e-33
0.0285788
0.029273
0.0394124
0.0383238
0.0492323
0.0508572
0.0634456
0.0611376
0.0908774
0.0867077
0.0737486
0.0769067
0.0200579
0.0126502
0.0204647
0.0128674
0.104934
0.111955
0.118612
0.0995919
0.0285788
0.0394124
0.0383238
0.029273
0.133339
0.131438
0.142952
0.123348
0.0634456
0.0508572
0.0611376
0.0492323
0.0908774
0.0769067
0.0737486
0.0867077
0.147654
0.152731
0.160408
0.141549
0.118612
0.104934
0.0995919
0.111955
0.142952
0.133339
0.123348
0.131438
0.151419
0.152688
0.16839
0.165695
0.147654
0.141549
0.152731
0.160408
0.16839
0.151419
0.165695
2.09351e-33
0.00633011
4.15863e-33
0.00627028
0.0130525
0.0132161
0.0211508
0.0208313
0.0299002
0.0304672
0.0413355
0.0404196
0.00627028
0.00633011
4.15863e-33
2.09351e-33
0.0208313
0.0211508
0.0130525
0.0132161
0.0523724
0.053777
0.0676692
0.0656285
0.0827693
0.0987282
0.0948935
0.0799183
0.11512
0.125128
0.131459
0.11012
0.0299002
0.0404196
0.0413355
0.0304672
0.147236
0.161934
0.152505
0.13942
0.0523724
0.0656285
0.053777
0.0676692
0.175058
0.186156
0.163927
0.173271
0.0948935
0.0987282
0.0827693
0.0799183
0.11512
0.125128
0.11012
0.131459
0.184466
0.194842
0.20081
0.180204
0.152505
0.147236
0.161934
0.13942
0.163927
0.186156
0.173271
0.175058
0.185907
0.180204
0.203848
0.203848
0.184466
0.194842
0.20081
2.11961e-33
0.00641128
4.19385e-33
0.00637795
0.013346
0.0134526
0.0216516
0.0214264
0.0309603
0.0313873
0.0428806
0.042159
0.0550538
0.0695586
0.0562039
0.0712809
0.00637795
0.00641128
4.19385e-33
2.11961e-33
0.0134526
0.0214264
0.0216516
0.013346
0.042159
0.0428806
0.0313873
0.0309603
0.0879067
0.105758
0.102358
0.0854358
0.137564
0.143401
0.119895
0.124419
0.18016
0.171173
0.162167
0.154836
0.0695586
0.0550538
0.0712809
0.0562039
0.18605
0.196825
0.211634
0.198973
0.0854358
0.0879067
0.102358
0.105758
0.209513
0.233849
0.217308
0.224112
0.143401
0.124419
0.137564
0.119895
0.18016
0.162167
0.171173
0.154836
0.243921
0.222098
0.240526
0.22371
0.18605
0.196825
0.198973
0.211634
0.217308
0.209513
0.243921
0.240526
0.224112
0.222098
0.233849
2.12851e-33
0.00643838
4.19357e-33
0.0064322
0.0135245
0.013572
0.0219565
0.0218303
0.0317352
0.0320127
0.0440113
0.0435009
0.0064322
0.00643838
4.19357e-33
2.12851e-33
0.0572109
0.0741896
0.0728292
0.0580784
0.0921865
0.111782
0.108907
0.0901594
0.0218303
0.0219565
0.013572
0.0135245
0.0435009
0.0440113
0.0320127
0.0317352
0.0572109
0.0580784
0.0728292
0.0741896
0.14893
0.128657
0.154114
0.132585
0.197129
0.188832
0.175824
0.169179
0.20731
0.217431
0.236137
0.224051
0.108907
0.0901594
0.0921865
0.111782
0.252691
0.250315
0.266592
0.23854
0.128657
0.14893
0.154114
0.132585
0.264337
0.277413
0.28482
0.25901
0.188832
0.197129
0.175824
0.169179
0.236137
0.217431
0.224051
0.20731
0.288582
0.266136
0.264337
0.288582
0.252691
0.23854
0.28482
0.266592
0.250315
0.25901
0.277413
2.12006e-33
0.00641088
4.15781e-33
0.00643198
0.0135846
0.0135719
0.0220588
0.0220344
0.0322074
0.0323289
0.0447007
0.0444137
0.058791
0.0593545
0.0763218
0.0753578
0.00643198
0.00641088
4.15781e-33
2.12006e-33
0.0135719
0.0220344
0.0220588
0.0135846
0.0954977
0.116642
0.114367
0.093967
0.139398
0.163307
0.158917
0.136171
0.0323289
0.0322074
0.0444137
0.0447007
0.0753578
0.058791
0.0763218
0.0593545
0.0954977
0.093967
0.116642
0.114367
0.204995
0.212372
0.187831
0.182055
0.227117
0.236301
0.258977
0.247806
0.279778
0.266471
0.298117
0.282563
0.136171
0.158917
0.139398
0.163307
0.325399
0.313472
0.305222
0.295613
0.182055
0.187831
0.212372
0.204995
0.311109
0.33355
0.337686
0.313089
0.258977
0.247806
0.227117
0.236301
0.266471
0.279778
0.282563
0.298117
0.311109
0.305222
0.337686
0.33355
0.295613
0.313472
0.325399
2.09441e-33
0.00632932
4.08726e-33
0.00637727
0.0135248
0.0134523
0.0219563
0.0220342
0.0448756
0.0323661
0.0323289
0.0449324
0.00637727
0.00632932
4.08726e-33
2.09441e-33
0.059755
0.0600005
0.0776233
0.0770801
0.0977543
0.120208
0.118594
0.0967598
0.0134523
0.0220342
0.0219563
0.0135248
0.0448756
0.0449324
0.0323661
0.0323289
0.144675
0.170731
0.167255
0.142236
0.197859
0.219213
0.19311
0.225467
0.0770801
0.0776233
0.0600005
0.059755
0.118594
0.0967598
0.0977543
0.120208
0.170731
0.144675
0.142236
0.167255
0.244918
0.269571
0.279514
0.252909
0.29252
0.304606
0.32753
0.313141
0.345206
0.364502
0.33087
0.347677
0.19311
0.219213
0.225467
0.197859
0.35575
0.362197
0.377545
0.386447
0.244918
0.279514
0.269571
0.252909
0.39096
0.39096
0.364369
0.362197
0.304606
0.32753
0.29252
0.313141
0.386447
0.377545
0.347677
0.33087
0.364502
0.35575
0.345206
2.05205e-33
0.0061953
3.9833e-33
0.00626917
0.0133465
0.0132157
0.0216513
0.0218298
0.0447007
0.0448755
0.0322076
0.0320125
0.060079
0.0600005
0.0780608
0.0779524
0.00626917
0.0061953
3.9833e-33
2.05205e-33
0.0132157
0.0218298
0.0216513
0.0133465
0.0988975
0.122386
0.121476
0.0984652
0.148274
0.176183
0.173715
0.146689
0.0448755
0.0447007
0.0320125
0.0322076
0.0779524
0.060079
0.0780608
0.0600005
0.205633
0.236048
0.202041
0.231092
0.260216
0.288734
0.297167
0.266789
0.0988975
0.0984652
0.122386
0.121476
0.146689
0.173715
0.176183
0.148274
0.202041
0.231092
0.236048
0.205633
0.31595
0.341179
0.326471
0.353993
0.363777
0.401009
0.37905
0.383147
0.419305
0.398783
0.433465
0.410259
0.260216
0.288734
0.266789
0.297167
0.448007
0.417275
0.419632
0.443117
0.31595
0.326471
0.353993
0.341179
0.417275
0.448007
0.443117
0.410259
0.383147
0.37905
0.363777
0.401009
0.419305
0.398783
0.433465
1.99375e-33
0.00601141
3.84793e-33
0.00610978
0.0130534
0.0128668
0.0211503
0.0214256
0.031387
0.0440112
0.0444135
0.0317355
0.00610978
0.00601141
3.84793e-33
1.99375e-33
0.0597551
0.0593544
0.0776232
0.0779524
0.0988975
0.123119
0.0990386
0.122936
0.0128668
0.0214256
0.0211503
0.0130534
0.0444135
0.0440112
0.0317355
0.031387
0.150098
0.179515
0.178122
0.14941
0.240303
0.210937
0.243823
0.208602
0.0593544
0.0597551
0.0776232
0.0779524
0.0990386
0.122936
0.123119
0.0988975
0.272581
0.277554
0.304754
0.31144
0.336096
0.344756
0.376753
0.365879
0.150098
0.179515
0.14941
0.178122
0.243823
0.210937
0.208602
0.240303
0.31144
0.272581
0.304754
0.277554
0.393392
0.417957
0.406695
0.433871
0.477383
0.457628
0.455893
0.438969
0.475878
0.492649
0.503043
0.468304
0.336096
0.376753
0.344756
0.365879
0.475878
0.508307
0.478427
0.508307
0.433871
0.417957
0.393392
0.406695
0.468304
0.477383
0.457628
0.492649
0.503043
0.438969
0.455893
1.92057e-33
0.00578119
3.6837e-33
0.00590218
0.0126513
0.0208303
0.0124128
0.0204641
0.0304668
0.0428804
0.0435005
0.0309607
0.00590218
0.00578119
3.6837e-33
1.92057e-33
0.0587911
0.0580783
0.0763218
0.0770801
0.0124128
0.0208303
0.0204641
0.0126513
0.0977543
0.0984651
0.122386
0.122936
0.150098
0.180636
0.180356
0.150324
0.0309607
0.0435005
0.0428804
0.0304668
0.0580783
0.0770801
0.0587911
0.0763218
0.246589
0.213626
0.248577
0.212613
0.284902
0.281669
0.321932
0.31718
0.0984651
0.122386
0.122936
0.0977543
0.180356
0.180636
0.150098
0.150324
0.352388
0.395162
0.386537
0.358941
0.462146
0.418867
0.42982
0.448636
0.248577
0.213626
0.212613
0.246589
0.281669
0.31718
0.321932
0.284902
0.352388
0.358941
0.386537
0.395162
0.497778
0.475151
0.491409
0.516932
0.53812
0.554471
0.529304
0.515979
0.571224
0.540166
0.565595
0.537436
0.448636
0.42982
0.418867
0.462146
0.571224
0.537436
0.565595
0.529304
0.554471
0.497778
0.53812
0.475151
0.515979
0.491409
0.516932
1.8338e-33
0.0055089
3.49364e-33
0.00565028
0.00565028
0.0055089
3.49364e-33
1.8338e-33
0.0121483
0.0196074
0.0200567
0.0118627
0.0292725
0.0413351
0.0421584
0.0299007
0.0572111
0.0562037
0.0741896
0.0753577
0.0200567
0.0196074
0.0121483
0.0118627
0.0967597
0.0954977
0.120208
0.121476
0.0421584
0.0413351
0.0292725
0.0299007
0.148274
0.179515
0.180356
0.149409
0.213626
0.250176
0.249776
0.213962
0.0562037
0.0753577
0.0572111
0.0741896
0.0954977
0.120208
0.0967597
0.121476
0.287225
0.288628
0.328347
0.325664
0.364365
0.368626
0.402567
0.408698
0.179515
0.148274
0.149409
0.180356
0.213626
0.213962
0.249776
0.250176
0.439476
0.447766
0.485022
0.474303
0.506287
0.55097
0.519675
0.534705
0.287225
0.325664
0.288628
0.328347
0.364365
0.408698
0.368626
0.402567
0.439476
0.485022
0.474303
0.447766
0.600796
0.578359
0.558918
0.578215
0.630034
0.618202
0.592585
0.601252
0.601252
0.604168
0.636019
0.636019
0.506287
0.534705
0.55097
0.519675
0.630034
0.578359
0.592585
0.618202
0.578215
0.600796
0.558918
1.73491e-33
0.00519948
3.28109e-33
0.00535872
0.0115544
0.0112271
0.018598
0.0191211
0.00535872
0.00519948
3.28109e-33
1.73491e-33
0.0191211
0.018598
0.0115544
0.0112271
0.027831
0.039412
0.040419
0.0285794
0.0550539
0.0537768
0.0712808
0.0728291
0.0939669
0.0921865
0.116642
0.118594
0.0285794
0.027831
0.040419
0.039412
0.144675
0.176183
0.178122
0.146689
0.0728291
0.0712808
0.0550539
0.0537768
0.210937
0.248577
0.249776
0.212612
0.289094
0.330506
0.329966
0.288628
0.0939669
0.116642
0.0921865
0.118594
0.176183
0.178122
0.144675
0.146689
0.373538
0.416976
0.37169
0.413513
0.45463
0.460021
0.501845
0.494224
0.248577
0.212612
0.249776
0.210937
0.288628
0.329966
0.289094
0.330506
0.53148
0.541615
0.578515
0.565608
0.621618
0.640674
0.595877
0.611771
0.413513
0.37169
0.373538
0.416976
0.460021
0.45463
0.501845
0.494224
0.53148
0.578515
0.565608
0.541615
0.683021
0.664599
0.642268
0.657355
0.669636
0.666551
0.695534
0.701861
0.666551
0.701861
0.657355
0.695534
0.595877
0.642268
0.640674
0.611771
0.664599
0.683021
0.621618
1.6255e-33
0.00503266
0.0048583
3.04968e-33
0.0108808
0.010518
0.0174567
0.0180429
0.0261739
0.0371558
0.0383231
0.0270262
0.00503266
0.0048583
3.04968e-33
1.6255e-33
0.010518
0.0180429
0.0174567
0.0108808
0.0383231
0.0371558
0.0261739
0.0270262
0.0523726
0.0508569
0.0676692
0.0695585
0.0901592
0.0879068
0.111782
0.114367
0.142236
0.139398
0.170731
0.173715
0.0508569
0.0695585
0.0523726
0.0676692
0.205633
0.243824
0.246589
0.208602
0.0901592
0.111782
0.114367
0.0879068
0.329966
0.287225
0.284902
0.328348
0.419761
0.374154
0.373538
0.419064
0.139398
0.142236
0.173715
0.170731
0.208602
0.246589
0.243824
0.205633
0.463899
0.512135
0.50783
0.466237
0.550009
0.598775
0.5566
0.589597
0.329966
0.287225
0.284902
0.328348
0.419761
0.373538
0.419064
0.374154
0.672951
0.657826
0.637822
0.625788
0.703437
0.68504
0.706839
0.728641
0.463899
0.512135
0.50783
0.466237
0.550009
0.598775
0.5566
0.589597
0.657826
0.625788
0.672951
0.637822
0.722763
0.761194
0.732454
0.748031
0.767847
0.767847
0.735712
0.732454
0.722763
0.728641
0.748031
0.761194
0.703437
0.706839
0.68504
1.50726e-33
2.80308e-33
0.00467764
0.00449098
0.01014
0.00974817
0.0162061
0.0168438
0.0243371
0.0346188
0.0359195
0.025275
0.00467764
0.00449098
2.80308e-33
1.50726e-33
0.0492325
0.0475149
0.0634456
0.0656284
0.00974817
0.0168438
0.0162061
0.01014
0.025275
0.0243371
0.0359195
0.0346188
0.0475149
0.0656284
0.0634456
0.0492325
0.0854355
0.0827694
0.105758
0.108908
0.132585
0.163307
0.167255
0.136171
0.19786
0.236049
0.240303
0.202041
0.0854355
0.108908
0.105758
0.0827694
0.281668
0.321933
0.325664
0.277554
0.163307
0.167255
0.132585
0.136171
0.368626
0.416976
0.371689
0.419064
0.515598
0.467018
0.466237
0.514731
0.236049
0.19786
0.202041
0.240303
0.325664
0.281668
0.321933
0.277554
0.605982
0.561342
0.564201
0.611167
0.655617
0.685938
0.64779
0.696694
0.368626
0.416976
0.371689
0.419064
0.515598
0.466237
0.467018
0.514731
0.76557
0.748265
0.733591
0.719662
0.791983
0.771164
0.787869
0.812286
0.561342
0.611167
0.605982
0.564201
0.696694
0.685938
0.64779
0.655617
0.719662
0.748265
0.733591
0.76557
0.80145
0.79804
0.826061
0.833021
0.833021
0.79804
0.787869
0.812286
0.826061
0.791983
0.771164
1.38187e-33
0.0041032
2.54495e-33
0.00429933
0.00429933
0.0041032
2.54495e-33
1.38187e-33
0.00934511
0.0089309
0.0148702
0.0155474
0.0223592
0.0318581
0.033263
0.023363
0.0457093
0.0438308
0.0587155
0.0611374
0.0155474
0.0148702
0.00934511
0.0089309
0.079918
0.0769068
0.0987285
0.102359
0.033263
0.0223592
0.0318581
0.023363
0.0587155
0.0438308
0.0611374
0.0457093
0.079918
0.102359
0.0987285
0.0769068
0.128657
0.12442
0.154114
0.158918
0.187832
0.225467
0.231093
0.193109
0.27258
0.317181
0.26679
0.311441
0.154114
0.158918
0.12442
0.128657
0.358941
0.413513
0.364365
0.408698
0.187832
0.193109
0.231093
0.225467
0.512135
0.514731
0.463898
0.460021
0.614294
0.565157
0.615338
0.564202
0.317181
0.27258
0.26679
0.311441
0.413513
0.364365
0.358941
0.408698
0.664644
0.711218
0.70514
0.661249
0.754191
0.78043
0.792738
0.74513
0.460021
0.463898
0.514731
0.512135
0.615338
0.564202
0.565157
0.614294
0.853648
0.82611
0.834265
0.810345
0.851714
0.862324
0.889148
0.874803
0.661249
0.664644
0.70514
0.711218
0.74513
0.754191
0.792738
0.78043
0.82611
0.853648
0.810345
0.834265
0.865889
0.896395
0.896395
0.862324
0.874803
0.889148
0.851714
1.25094e-33
0.00370045
2.27877e-33
0.00390335
1.25094e-33
0.00390335
0.00370045
2.27877e-33
0.00850927
0.00807926
0.0134731
0.0141777
0.0141777
0.0134731
0.00850927
0.00807926
0.0213298
0.0202802
0.0289348
0.0304131
0.0418865
0.0398911
0.0535957
0.0561972
0.0737483
0.0704688
0.0908777
0.0948941
0.0304131
0.0289348
0.0202802
0.0213298
0.119895
0.11512
0.143401
0.148931
0.0398911
0.0561972
0.0535957
0.0418865
0.0737483
0.0948941
0.0908777
0.0704688
0.11512
0.119895
0.148931
0.143401
0.175824
0.212373
0.219214
0.182054
0.260215
0.297168
0.25291
0.304755
0.402568
0.352387
0.344756
0.395163
0.175824
0.212373
0.219214
0.182054
0.50783
0.447766
0.45463
0.501846
0.25291
0.304755
0.297168
0.260215
0.611168
0.614294
0.556601
0.561342
0.664644
0.714882
0.716107
0.665778
0.402568
0.395163
0.344756
0.352387
0.45463
0.50783
0.447766
0.501846
0.809358
0.760711
0.764641
0.802403
0.849425
0.884079
0.870292
0.839171
0.611168
0.561342
0.556601
0.614294
0.665778
0.714882
0.664644
0.716107
0.895168
0.913295
0.93459
0.912653
0.924323
0.928019
0.94946
0.95697
0.764641
0.760711
0.802403
0.809358
0.884079
0.839171
0.870292
0.849425
0.95697
0.895168
0.94946
0.924323
0.913295
0.93459
0.912653
0.00349503
0.00328787
2.0077e-33
1.116e-33
1.116e-33
0.00328787
2.0077e-33
0.00349503
0.00764539
0.00720579
0.0120388
0.012759
0.00764539
0.00720579
0.012759
0.0120388
0.0181401
0.0259109
0.0274316
0.0192156
0.0274316
0.0259109
0.0181401
0.0192156
0.0378531
0.0357861
0.0482101
0.0509285
0.0670834
0.0636181
0.0824104
0.0867083
0.11012
0.104934
0.13146
0.137566
0.0482101
0.0357861
0.0509285
0.0378531
0.169178
0.162168
0.19713
0.204996
0.0636181
0.0670834
0.0867083
0.0824104
0.13146
0.11012
0.137566
0.104934
0.169178
0.204996
0.19713
0.162168
0.288735
0.244917
0.236302
0.279514
0.386539
0.336095
0.376754
0.326472
0.494226
0.429821
0.485023
0.439475
0.288735
0.279514
0.244917
0.236302
0.605983
0.541616
0.598775
0.550008
0.386539
0.326472
0.336095
0.376754
0.655617
0.711218
0.661248
0.714882
0.813551
0.814952
0.765955
0.764641
0.494226
0.485023
0.429821
0.439475
0.541616
0.550008
0.605983
0.598775
0.861253
0.902697
0.894906
0.856806
0.938512
0.952877
0.968025
0.927139
0.661248
0.711218
0.714882
0.655617
0.764641
0.765955
0.813551
0.814952
0.971633
0.990671
1.00602
0.983031
0.983031
0.98686
1.01376
1.01376
0.894906
0.856806
0.902697
0.861253
0.938512
0.968025
0.952877
1.00602
0.990671
0.927139
0.971633
0.00307924
0.00286999
1.73446e-33
9.78372e-34
0.0113144
0.0105894
0.0067655
0.00632192
9.78372e-34
0.00286999
1.73446e-33
0.00307924
0.0067655
0.00632192
0.0105894
0.0113144
0.0159775
0.0228476
0.0243804
0.0170598
0.0228476
0.0159775
0.0170598
0.0243804
0.0337
0.0316067
0.0426861
0.0454577
0.0316067
0.0454577
0.0426861
0.0337
0.0600903
0.0565249
0.0735447
0.0780139
0.0995911
0.0941317
0.118612
0.125129
0.147237
0.180161
0.188834
0.154835
0.0565249
0.0600903
0.0780139
0.0735447
0.227116
0.217432
0.258978
0.269573
0.0941317
0.118612
0.0995911
0.125129
0.180161
0.154835
0.188834
0.147237
0.217432
0.269573
0.227116
0.258978
0.304607
0.315948
0.353994
0.365881
0.474305
0.406696
0.462147
0.418866
0.578516
0.519676
0.589598
0.531479
0.365881
0.353994
0.304607
0.315948
0.637823
0.705141
0.696694
0.647789
0.406696
0.418866
0.474305
0.462147
0.809359
0.754191
0.813551
0.760711
0.862741
0.908963
0.907393
0.861253
0.589598
0.578516
0.531479
0.519676
0.705141
0.647789
0.637823
0.696694
0.97992
0.946699
0.951632
0.988481
1.01883
1.00644
1.0421
1.02575
0.809359
0.760711
0.754191
0.813551
0.862741
0.908963
0.907393
0.861253
1.04143
1.05787
1.0375
1.06583
1.0375
1.05787
1.02575
1.06583
0.97992
0.951632
0.988481
0.946699
1.0421
1.01883
1.00644
0.00266017
0.00245063
1.46127e-33
8.39174e-34
0.00986511
0.00914501
0.00588033
0.00543757
8.39174e-34
0.00245063
1.46127e-33
0.00266017
0.0213193
0.0198028
0.0138279
0.0148998
0.00588033
0.00543757
0.00914501
0.00986511
0.0138279
0.0198028
0.0213193
0.0148998
0.0295169
0.0274405
0.0371495
0.0399118
0.0399118
0.0371495
0.0295169
0.0274405
0.0529405
0.0493604
0.0645046
0.0690328
0.0529405
0.0690328
0.0645046
0.0493604
0.0885862
0.082995
0.105203
0.111956
0.139418
0.131439
0.161935
0.171175
0.207309
0.196826
0.236138
0.247808
0.105203
0.0885862
0.111956
0.082995
0.341181
0.292519
0.327531
0.279779
0.131439
0.161935
0.171175
0.139418
0.196826
0.247808
0.236138
0.207309
0.341181
0.279779
0.292519
0.327531
0.433872
0.379051
0.448638
0.39339
0.550971
0.56561
0.49141
0.506285
0.685939
0.611772
0.672952
0.625787
0.379051
0.448638
0.433872
0.39339
0.733592
0.792738
0.802404
0.74513
0.49141
0.550971
0.56561
0.506285
0.849425
0.902697
0.856805
0.907393
0.953283
0.951632
0.993641
0.995366
0.625787
0.611772
0.685939
0.672952
0.802404
0.74513
0.792738
0.733592
1.05494
1.06418
1.03311
1.02774
1.08678
1.07475
1.08801
1.10414
0.856805
0.902697
0.849425
0.907393
0.995366
0.953283
0.951632
0.993641
1.09083
1.08678
1.11229
1.11229
1.05494
1.03311
1.07475
1.10414
1.02774
1.06418
1.08801
0.00224122
0.00203272
1.18972e-33
6.99277e-34
0.00842962
0.00772225
0.00499886
0.00456071
6.99277e-34
0.00203272
1.18972e-33
0.00224122
0.0183035
0.0168284
0.0117221
0.0127687
0.00499886
0.00456071
0.00772225
0.00842962
0.0344139
0.0317193
0.0253887
0.0233688
0.0117221
0.0168284
0.0183035
0.0127687
0.0253887
0.0233688
0.0317193
0.0344139
0.0458037
0.042291
0.0555119
0.059989
0.0458037
0.059989
0.0555119
0.042291
0.0773896
0.0718087
0.0915846
0.0983979
0.0718087
0.0773896
0.0983979
0.0915846
0.1152
0.142953
0.152507
0.123346
0.186049
0.175059
0.211635
0.224053
0.266469
0.313144
0.252692
0.298118
0.1152
0.152507
0.142953
0.123346
0.347678
0.417959
0.40101
0.363775
0.175059
0.211635
0.224053
0.186049
0.298118
0.252692
0.313144
0.266469
0.40101
0.347678
0.363775
0.417959
0.534707
0.457629
0.516933
0.47515
0.578216
0.657828
0.640675
0.595876
0.703438
0.765571
0.780431
0.719661
0.516933
0.534707
0.457629
0.47515
0.884079
0.826111
0.83917
0.894906
0.657828
0.595876
0.578216
0.640675
0.938513
0.988481
0.946699
0.993641
1.07162
1.03491
1.03311
1.06975
0.780431
0.703438
0.719661
0.765571
0.884079
0.83917
0.894906
0.826111
1.09755
1.11777
1.12758
1.1033
1.14403
1.13007
1.13418
1.15233
0.993641
0.938513
0.988481
0.946699
1.03491
1.06975
1.03311
1.07162
1.1033
1.11777
1.12758
1.13007
1.15233
1.14403
1.09755
0.00182483
0.00161822
9.20754e-34
5.59285e-34
0.00702272
0.00633388
0.00412799
0.00369708
5.59285e-34
0.00161822
9.20754e-34
0.00182483
0.0153812
0.0139679
0.00968497
0.0106947
0.00412799
0.00369708
0.00633388
0.00702272
0.029078
0.026503
0.0213918
0.0194624
0.00968497
0.0139679
0.0153812
0.0106947
0.038841
0.0510999
0.0467775
0.0354708
0.0213918
0.0194624
0.026503
0.029078
0.038841
0.0354708
0.0467775
0.0510999
0.0662838
0.0608499
0.0781093
0.084808
0.0662838
0.084808
0.0608499
0.0781093
0.10705
0.0989529
0.123731
0.13334
0.123731
0.0989529
0.10705
0.13334
0.163925
0.152732
0.186157
0.198975
0.282566
0.238538
0.224113
0.266593
0.364503
0.383149
0.313474
0.330868
0.152732
0.198975
0.186157
0.163925
0.419307
0.477384
0.49778
0.438968
0.266593
0.224113
0.282566
0.238538
0.364503
0.313474
0.383149
0.330868
0.419307
0.477384
0.438968
0.49778
0.62162
0.600797
0.538122
0.558916
0.6646
0.728642
0.748266
0.685039
0.853649
0.810344
0.870293
0.791983
0.62162
0.600797
0.538122
0.558916
0.927138
0.912653
0.979921
0.968025
0.728642
0.685039
0.6646
0.748266
1.06418
1.01883
1.02774
1.06975
1.13547
1.1335
1.10522
1.1033
0.791983
0.853649
0.810344
0.870293
0.968025
0.979921
0.927138
0.912653
1.16657
1.17682
1.15408
1.16013
1.17077
1.18525
1.18525
1.16657
1.02774
1.06418
1.06975
1.01883
1.1335
1.17682
1.10522
1.13547
1.16013
1.15408
1.1033
0.00141248
0.00120811
6.54693e-34
4.19548e-34
4.19548e-34
0.00120811
6.54693e-34
0.00141248
0.00565488
0.00498794
0.00327222
0.00284989
0.0125908
0.0112543
0.00773366
0.00869891
0.00327222
0.00284989
0.00498794
0.00565488
0.0157778
0.0240038
0.0215909
0.0175904
0.00773366
0.0112543
0.0125908
0.00869891
0.0321976
0.0425674
0.0384914
0.0290343
0.0175904
0.0157778
0.0215909
0.0240038
0.055537
0.0715307
0.0651106
0.0503752
0.0321976
0.0290343
0.0384914
0.0425674
0.055537
0.0503752
0.0651106
0.0715307
0.090957
0.0831158
0.104782
0.114192
0.090957
0.114192
0.104782
0.0831158
0.141548
0.130454
0.16041
0.173273
0.173273
0.130454
0.16041
0.141548
0.250317
0.209512
0.23385
0.194843
0.277415
0.295611
0.345208
0.3254
0.377546
0.455895
0.433466
0.398781
0.23385
0.194843
0.250317
0.209512
0.49265
0.578361
0.554472
0.515977
0.277415
0.3254
0.295611
0.345208
0.433466
0.377546
0.455895
0.398781
0.578361
0.49265
0.554472
0.515977
0.706841
0.618203
0.683022
0.642266
0.812287
0.748032
0.834266
0.771162
0.895167
0.874803
0.934591
0.952878
0.618203
0.683022
0.706841
0.642266
0.990671
1.05494
1.00644
1.0421
0.748032
0.834266
0.771162
0.812287
1.08801
1.12758
1.09755
1.1335
1.18507
1.16013
1.16216
1.183
0.895167
0.952878
0.934591
0.874803
1.00644
1.0421
0.990671
1.05494
1.21047
1.19992
1.19567
1.20195
1.20195
1.183
1.19567
1.21047
1.12758
1.09755
1.08801
1.1335
1.16216
1.18507
1.16013
2.80189e-34
0.000802388
3.91238e-34
0.00100464
0.00100464
0.000802388
3.91238e-34
2.80189e-34
0.00433158
0.00368723
0.00243348
0.00201976
0.00243348
0.00201976
0.00368723
0.00433158
0.00995883
0.00870722
0.00587666
0.00679426
0.0192707
0.0170505
0.0140327
0.0123539
0.00587666
0.00870722
0.00679426
0.00995883
0.0259957
0.0345677
0.0308137
0.0230892
0.0140327
0.0123539
0.0170505
0.0192707
0.0453916
0.0588858
0.0406096
0.05289
0.0259957
0.0230892
0.0308137
0.0345677
0.0754742
0.0955635
0.0865922
0.068079
0.0453916
0.0406096
0.05289
0.0588858
0.0754742
0.068079
0.0865922
0.0955635
0.119519
0.108818
0.135095
0.147656
0.119519
0.147656
0.108818
0.135095
0.165697
0.200811
0.180203
0.217311
0.165697
0.217311
0.200811
0.180203
0.284822
0.305224
0.240527
0.259008
0.333551
0.410262
0.355748
0.386448
0.443118
0.503045
0.529306
0.468302
0.284822
0.240527
0.305224
0.259008
0.565596
0.657357
0.630035
0.592583
0.386448
0.333551
0.355748
0.410262
0.529306
0.443118
0.503045
0.468302
0.630035
0.565596
0.657357
0.592583
0.761195
0.78787
0.695535
0.722761
0.889149
0.826062
0.913296
0.851713
0.971633
1.00602
1.02575
0.949461
0.695535
0.78787
0.722761
0.761195
1.07475
1.10414
1.05787
1.11777
0.851713
0.889149
0.913296
0.826062
1.15408
1.183
1.14403
1.17682
1.21896
1.20195
1.21683
1.20405
0.949461
0.971633
1.02575
1.00602
1.07475
1.11777
1.10414
1.05787
1.21683
1.22112
1.22754
1.22754
1.17682
1.21896
1.20405
1.183
1.15408
1.14403
1.20195
0.000600874
0.000400195
1.29578e-34
1.41157e-34
1.41157e-34
0.000400195
1.29578e-34
0.000600874
0.00161109
0.00120469
0.002429
0.00305289
0.00305289
0.002429
0.00161109
0.00120469
0.00749765
0.00633096
0.00411251
0.00498442
0.00411251
0.00498442
0.00633096
0.00749765
0.0149327
0.012921
0.010747
0.00920763
0.0203261
0.0272416
0.0238633
0.0177081
0.010747
0.00920763
0.012921
0.0149327
0.0360513
0.0471529
0.0417011
0.0317322
0.0203261
0.0177081
0.0238633
0.0272416
0.0609696
0.0779223
0.0696025
0.0541834
0.0360513
0.0317322
0.0417011
0.0471529
0.0984135
0.122811
0.110881
0.0883731
0.0609696
0.0541834
0.0696025
0.0779223
0.122811
0.0984135
0.0883731
0.110881
0.137464
0.168391
0.184468
0.151417
0.151417
0.184468
0.137464
0.168391
0.26434
0.203849
0.222096
0.243922
0.26434
0.203849
0.243922
0.222096
0.288584
0.337688
0.362199
0.311107
0.390962
0.448009
0.47588
0.417273
0.571225
0.601255
0.508308
0.537434
0.337688
0.288584
0.362199
0.311107
0.63602
0.732456
0.701862
0.666549
0.47588
0.448009
0.390962
0.417273
0.508308
0.601255
0.537434
0.571225
0.63602
0.732456
0.701862
0.666549
0.798039
0.767848
0.833022
0.862326
0.924322
0.896395
0.983032
0.95697
1.08679
1.01376
1.03749
1.06583
0.833022
0.862326
0.767848
0.798039
1.16657
1.15233
1.13007
1.11229
0.896395
0.95697
0.924322
0.983032
1.18525
1.19567
1.21683
1.21047
1.234
1.22969
1.22754
1.23615
1.06583
1.01376
1.03749
1.08679
1.11229
1.13007
1.16657
1.15233
1.22754
1.21683
1.22969
1.23615
1.18525
1.21047
1.19567
2.80043e-36
0.000199936
0.000199936
2.80043e-36
0.00181314
0.000801804
0.000801804
0.00181314
0.00520313
0.00326265
0.00326265
0.00520313
0.00773825
0.0110129
0.00773825
0.0110129
0.0152414
0.0206839
0.0276676
0.036555
0.0152414
0.0206839
0.0477521
0.0616769
0.036555
0.0276676
0.0787515
0.0993796
0.0616769
0.0477521
0.123922
0.15269
0.0787515
0.0993796
0.123922
0.15269
0.185905
0.223713
0.185905
0.223713
0.266134
0.313091
0.313091
0.266134
0.364367
0.419635
0.478425
0.540168
0.669638
0.604166
0.419635
0.364367
0.801452
0.73571
0.540168
0.478425
0.604166
0.669638
0.801452
0.73571
0.865888
0.928021
1.04143
0.986859
1.13419
1.09082
0.865888
0.928021
1.19992
1.17077
1.04143
0.986859
1.234
1.22112
1.23832
1.234
1.09082
1.13419
1.17077
1.22112
1.19992
0.137464
0.288584
0.243922
0.000400195
0.168391
0.203849
0.168391
0.203849
0.137464
0.00633096
0.00920763
0.110881
0.243922
0.0177081
0.0883731
0.0696025
0.288584
0.0541834
0.0417011
0.337688
0.0317322
0.0238633
0.390962
0.012921
0.448009
0.508308
0.00411251
0.002429
0.571225
0.00120469
0.63602
0.701862
0.000400195
0.337688
0.390962
0.767848
0.833022
0.508308
0.896395
0.00120469
0.95697
1.01376
0.002429
1.06583
1.11229
0.00411251
1.15233
1.18525
0.00633096
1.01376
1.21047
1.06583
1.22754
0.00920763
1.23615
1.23615
0.012921
1.22754
1.21047
0.0177081
1.18525
1.15233
0.0238633
1.11229
0.0317322
0.95697
0.0417011
0.896395
0.833022
0.0541834
0.767848
0.701862
0.0696025
0.63602
0.571225
0.0883731
0.448009
0.110881
1.29578e-34
1.29578e-34
1.41157e-34
0.000600874
0.000600874
1.41157e-34
0.00305289
0.00161109
0.00161109
0.00305289
0.00498442
0.00749765
0.00498442
0.00749765
0.0149327
0.010747
0.010747
0.0149327
0.0272416
0.0203261
0.0471529
0.0360513
0.0203261
0.0272416
0.0609696
0.0779223
0.0471529
0.0360513
0.122811
0.0984135
0.0609696
0.0779223
0.151417
0.184468
0.0984135
0.122811
0.151417
0.184468
0.26434
0.222096
0.26434
0.222096
0.311107
0.362199
0.362199
0.311107
0.47588
0.417273
0.601255
0.537434
0.666549
0.732456
0.417273
0.47588
0.862326
0.798039
0.601255
0.537434
0.732456
0.666549
0.798039
0.862326
0.924322
0.983032
1.08679
1.03749
1.13007
1.16657
0.983032
0.924322
1.21683
1.19567
1.08679
1.03749
1.234
1.22969
1.22969
1.21683
1.16657
1.13007
1.19567
0.240527
0.200811
0.200811
0.165697
0.240527
0.135095
0.00368723
0.108818
0.0865922
0.284822
0.068079
0.333551
0.05289
0.0406096
0.0308137
0.386448
0.0230892
0.443118
0.0170505
0.0123539
0.00870722
0.503045
0.00587666
0.565596
0.00201976
0.000802388
0.630035
0.695535
0.000802388
0.761195
0.284822
0.826062
0.889149
0.386448
0.00201976
0.949461
1.00602
0.565596
1.05787
0.00368723
1.10414
0.00587666
1.14403
1.17682
1.20195
0.889149
0.00870722
1.21896
0.0123539
1.05787
1.22754
1.22754
1.21896
0.0170505
1.20195
0.0230892
1.17682
1.14403
1.10414
0.0308137
0.0406096
1.00602
0.949461
0.05289
0.826062
0.068079
0.761195
0.695535
0.630035
0.0865922
0.108818
0.503045
0.443118
0.135095
0.333551
0.165697
3.91238e-34
3.91238e-34
2.80189e-34
0.00100464
0.00100464
2.80189e-34
0.00433158
0.00243348
0.00243348
0.00433158
0.00679426
0.00995883
0.00995883
0.00679426
0.0192707
0.0140327
0.0140327
0.0192707
0.0345677
0.0259957
0.0453916
0.0588858
0.0259957
0.0345677
0.0754742
0.0955635
0.0588858
0.0453916
0.119519
0.147656
0.0955635
0.0754742
0.217311
0.180203
0.119519
0.147656
0.217311
0.180203
0.259008
0.305224
0.305224
0.259008
0.410262
0.355748
0.355748
0.410262
0.529306
0.468302
0.657357
0.592583
0.722761
0.78787
0.529306
0.468302
0.851713
0.913296
0.592583
0.657357
0.78787
0.722761
0.851713
0.913296
0.971633
1.02575
1.07475
1.11777
1.15408
1.183
1.02575
0.971633
1.21683
1.20405
1.07475
1.11777
1.22112
1.21683
1.20405
1.15408
1.183
0.23385
0.16041
0.277415
0.00120811
0.130454
0.104782
0.0831158
0.3254
0.0651106
0.0112543
0.0157778
0.377546
0.0503752
0.0384914
0.0290343
0.433466
0.0215909
0.49265
0.00773366
0.554472
0.00498794
0.618203
0.00284989
0.683022
0.748032
0.00120811
0.812287
0.23385
0.874803
0.00284989
0.934591
0.990671
1.0421
0.433466
0.49265
0.00498794
1.08801
0.00773366
1.12758
1.16013
1.18507
0.0112543
0.812287
1.20195
0.0157778
0.934591
0.990671
1.21047
1.21047
1.20195
0.0215909
1.18507
0.0290343
1.16013
1.12758
1.08801
0.0384914
1.0421
0.0503752
0.874803
0.0651106
0.0831158
0.748032
0.683022
0.618203
0.104782
0.554472
0.130454
0.377546
0.16041
0.3254
0.194843
0.277415
0.194843
6.54693e-34
6.54693e-34
4.19548e-34
0.00141248
0.00141248
4.19548e-34
0.00327222
0.00565488
0.00327222
0.00565488
0.00869891
0.0125908
0.0125908
0.00869891
0.0240038
0.0175904
0.0175904
0.0240038
0.0321976
0.0425674
0.055537
0.0715307
0.0321976
0.0425674
0.090957
0.114192
0.0715307
0.055537
0.173273
0.141548
0.090957
0.114192
0.250317
0.209512
0.141548
0.173273
0.250317
0.209512
0.345208
0.295611
0.345208
0.295611
0.398781
0.455895
0.455895
0.398781
0.578361
0.515977
0.706841
0.642266
0.771162
0.834266
0.515977
0.578361
0.895167
0.952878
0.642266
0.706841
0.834266
0.771162
0.895167
0.952878
1.05494
1.00644
1.09755
1.1335
1.16216
1.183
1.00644
1.05494
1.19992
1.19567
1.1335
1.09755
1.19567
1.183
1.16216
0.313474
0.0989529
0.0781093
0.364503
0.0608499
0.0467775
0.419307
0.0354708
0.026503
0.477384
0.0194624
0.0139679
0.538122
0.00968497
0.00633388
0.600797
0.00369708
0.00161822
0.6646
0.728642
0.00161822
0.123731
0.152732
0.791983
0.853649
0.224113
0.912653
0.00369708
0.968025
1.01883
0.00633388
1.06418
1.1033
0.00968497
1.13547
1.16013
0.0139679
0.6646
1.17682
0.728642
1.18525
0.0194624
1.18525
1.17682
0.026503
0.968025
1.01883
1.16013
1.13547
0.0354708
1.1033
1.06418
0.0467775
0.0608499
0.912653
0.853649
0.0781093
0.791983
0.0989529
0.600797
0.123731
0.538122
0.477384
0.152732
0.419307
0.364503
0.186157
0.313474
0.266593
0.224113
0.186157
0.266593
9.20754e-34
9.20754e-34
5.59285e-34
0.00182483
0.00182483
5.59285e-34
0.00702272
0.00412799
0.00412799
0.00702272
0.0153812
0.0106947
0.0106947
0.0153812
0.029078
0.0213918
0.0213918
0.029078
0.0510999
0.038841
0.0662838
0.084808
0.0510999
0.038841
0.13334
0.10705
0.0662838
0.084808
0.198975
0.163925
0.13334
0.10705
0.282566
0.238538
0.198975
0.163925
0.238538
0.282566
0.383149
0.330868
0.330868
0.383149
0.49778
0.438968
0.438968
0.49778
0.62162
0.558916
0.748266
0.685039
0.810344
0.870293
0.558916
0.62162
0.979921
0.927138
0.685039
0.748266
0.870293
0.810344
0.979921
0.927138
1.02774
1.06975
1.10522
1.1335
1.15408
1.16657
1.06975
1.02774
1.16657
1.17077
1.10522
1.15408
1.1335
0.0718087
0.0555119
0.40101
0.042291
0.457629
0.0317193
0.0233688
0.0168284
0.516933
0.0117221
0.578216
0.00772225
0.00456071
0.00203272
0.640675
0.703438
0.00203272
0.765571
0.0915846
0.826111
0.884079
0.142953
0.00456071
0.938513
0.988481
0.252692
1.03311
0.00772225
1.07162
0.0117221
1.1033
1.12758
1.14403
0.516933
0.0168284
1.15233
0.0233688
0.703438
1.15233
1.14403
1.12758
0.0317193
0.884079
1.1033
0.042291
1.07162
1.03311
0.988481
0.0555119
0.938513
0.0718087
0.826111
0.765571
0.0915846
0.1152
0.640675
0.578216
0.142953
0.457629
0.175059
0.40101
0.347678
0.298118
0.211635
0.252692
0.211635
0.175059
0.298118
0.1152
0.347678
1.18972e-33
1.18972e-33
6.99277e-34
0.00224122
0.00224122
6.99277e-34
0.00842962
0.00499886
0.00499886
0.00842962
0.0183035
0.0127687
0.0183035
0.0127687
0.0253887
0.0344139
0.0253887
0.0344139
0.0458037
0.059989
0.0773896
0.0983979
0.0458037
0.059989
0.152507
0.123346
0.0983979
0.0773896
0.224053
0.186049
0.152507
0.123346
0.313144
0.266469
0.224053
0.186049
0.266469
0.313144
0.417959
0.363775
0.417959
0.363775
0.534707
0.47515
0.534707
0.47515
0.657828
0.595876
0.719661
0.780431
0.894906
0.83917
0.595876
0.657828
0.946699
0.993641
0.780431
0.719661
0.83917
0.894906
0.993641
0.946699
1.06975
1.03491
1.11777
1.09755
1.13007
1.13418
1.03491
1.06975
1.11777
1.13007
1.09755
0.433872
0.0371495
0.49141
0.0274405
0.0198028
0.0138279
0.550971
0.00914501
0.611772
0.00543757
0.00245063
0.672952
0.733592
0.00245063
0.792738
0.0645046
0.849425
0.00543757
0.902697
0.951632
0.995366
0.161935
0.196826
0.00914501
1.03311
0.0138279
1.06418
1.08801
1.10414
0.0198028
0.433872
1.11229
0.0274405
0.550971
0.611772
1.11229
1.10414
1.08801
0.0371495
0.792738
1.06418
0.0493604
1.03311
0.995366
0.951632
0.0645046
0.902697
0.082995
0.849425
0.733592
0.105203
0.672952
0.131439
0.49141
0.161935
0.196826
0.379051
0.327531
0.279779
0.236138
0.236138
0.279779
0.131439
0.327531
0.105203
0.379051
0.082995
0.0493604
1.46127e-33
1.46127e-33
8.39174e-34
0.00266017
0.00266017
8.39174e-34
0.00588033
0.00986511
0.00588033
0.00986511
0.0213193
0.0148998
0.0148998
0.0213193
0.0295169
0.0399118
0.0295169
0.0399118
0.0690328
0.0529405
0.111956
0.0885862
0.0529405
0.0690328
0.139418
0.171175
0.0885862
0.111956
0.207309
0.247808
0.139418
0.171175
0.292519
0.341181
0.247808
0.207309
0.292519
0.341181
0.448638
0.39339
0.448638
0.39339
0.56561
0.506285
0.506285
0.56561
0.685939
0.625787
0.802404
0.74513
0.856805
0.907393
0.625787
0.685939
0.993641
0.953283
0.802404
0.74513
0.856805
0.907393
0.993641
0.953283
1.05494
1.02774
1.08678
1.07475
1.09083
1.08678
1.02774
1.07475
1.05494
0.519676
0.0159775
0.0105894
0.578516
0.00632192
0.00286999
0.637823
0.696694
0.00286999
0.0228476
0.0316067
0.754191
0.809359
0.0565249
0.861253
0.00632192
0.908963
0.951632
0.0105894
0.988481
1.01883
0.0159775
1.0421
1.05787
0.0228476
0.304607
1.06583
0.353994
1.06583
0.0316067
1.05787
1.0421
0.0426861
0.578516
0.637823
1.01883
0.988481
0.0565249
0.951632
0.908963
0.0735447
0.861253
0.809359
0.0941317
0.754191
0.696694
0.118612
0.147237
0.519676
0.462147
0.180161
0.406696
0.217432
0.258978
0.258978
0.217432
0.180161
0.304607
0.147237
0.118612
0.353994
0.0941317
0.0735447
0.406696
0.0426861
0.462147
1.73446e-33
1.73446e-33
9.78372e-34
0.00307924
0.00307924
9.78372e-34
0.0113144
0.0067655
0.0067655
0.0113144
0.0170598
0.0243804
0.0243804
0.0170598
0.0454577
0.0337
0.0337
0.0454577
0.0600903
0.0780139
0.0995911
0.125129
0.0600903
0.0780139
0.188834
0.154835
0.125129
0.0995911
0.227116
0.269573
0.154835
0.188834
0.315948
0.365881
0.227116
0.269573
0.365881
0.315948
0.474305
0.418866
0.418866
0.474305
0.531479
0.589598
0.589598
0.531479
0.705141
0.647789
0.813551
0.760711
0.907393
0.862741
0.705141
0.647789
0.946699
0.97992
0.813551
0.760711
0.862741
0.907393
0.97992
0.946699
1.00644
1.02575
1.04143
1.0375
1.0375
1.02575
1.00644
0.00720579
0.00328787
0.598775
0.655617
0.00328787
0.711218
0.0120388
0.764641
0.814952
0.0259109
0.00720579
0.861253
0.902697
0.0636181
0.938512
0.0120388
0.968025
0.0181401
0.990671
1.00602
1.01376
0.19713
0.0259109
1.01376
0.0357861
0.326472
1.00602
0.990671
0.968025
0.0482101
0.485023
0.938512
0.0636181
0.902697
0.861253
0.814952
0.0824104
0.764641
0.104934
0.711218
0.655617
0.598775
0.13146
0.541616
0.162168
0.429821
0.376754
0.19713
0.236302
0.279514
0.236302
0.279514
0.162168
0.326472
0.13146
0.104934
0.0824104
0.376754
0.429821
0.0482101
0.0357861
0.485023
0.0181401
0.541616
2.0077e-33
2.0077e-33
1.116e-33
0.00349503
0.00349503
1.116e-33
0.00764539
0.012759
0.00764539
0.012759
0.0274316
0.0192156
0.0274316
0.0192156
0.0509285
0.0378531
0.0378531
0.0509285
0.0670834
0.0867083
0.137566
0.11012
0.0670834
0.0867083
0.204996
0.169178
0.11012
0.137566
0.244917
0.288735
0.169178
0.204996
0.336095
0.386539
0.244917
0.288735
0.336095
0.386539
0.494226
0.439475
0.494226
0.439475
0.605983
0.550008
0.605983
0.550008
0.661248
0.714882
0.813551
0.765955
0.894906
0.856806
0.714882
0.661248
0.927139
0.952877
0.813551
0.765955
0.856806
0.894906
0.952877
0.927139
0.983031
0.971633
0.983031
0.98686
0.971633
0.611168
0.664644
0.00370045
0.00370045
0.716107
0.764641
0.00807926
0.809358
0.849425
0.0289348
0.0398911
0.884079
0.0134731
0.912653
0.0202802
0.93459
0.94946
0.95697
0.143401
0.0289348
0.95697
0.212373
0.25291
0.0398911
0.94946
0.93459
0.912653
0.395163
0.0535957
0.884079
0.0704688
0.849425
0.809358
0.611168
0.764641
0.0908777
0.716107
0.11512
0.664644
0.556601
0.143401
0.501846
0.175824
0.447766
0.344756
0.212373
0.297168
0.25291
0.175824
0.297168
0.344756
0.11512
0.0908777
0.0704688
0.395163
0.0535957
0.447766
0.0202802
0.501846
0.0134731
0.556601
0.00807926
2.27877e-33
2.27877e-33
1.25094e-33
0.00390335
1.25094e-33
0.00390335
0.0141777
0.00850927
0.00850927
0.0141777
0.0304131
0.0213298
0.0304131
0.0213298
0.0418865
0.0561972
0.0418865
0.0561972
0.0948941
0.0737483
0.148931
0.119895
0.0737483
0.0948941
0.219214
0.182054
0.148931
0.119895
0.304755
0.260215
0.182054
0.219214
0.402568
0.352387
0.260215
0.304755
0.402568
0.352387
0.45463
0.50783
0.45463
0.50783
0.614294
0.561342
0.614294
0.561342
0.665778
0.714882
0.802403
0.760711
0.839171
0.870292
0.665778
0.714882
0.913295
0.895168
0.760711
0.802403
0.839171
0.870292
0.913295
0.895168
0.928019
0.924323
0.924323
0.0041032
0.664644
0.711218
0.754191
0.0089309
0.792738
0.82611
0.0148702
0.853648
0.874803
0.0223592
0.889148
0.896395
0.0769068
0.0318581
0.0987285
0.896395
0.889148
0.0438308
0.874803
0.853648
0.225467
0.26679
0.0587155
0.82611
0.792738
0.0769068
0.754191
0.711218
0.0987285
0.664644
0.615338
0.12442
0.564202
0.512135
0.154114
0.460021
0.408698
0.187832
0.358941
0.311441
0.225467
0.26679
0.187832
0.154114
0.311441
0.12442
0.358941
0.0587155
0.408698
0.0438308
0.0318581
0.460021
0.0223592
0.0148702
0.512135
0.0089309
0.0041032
0.564202
0.615338
2.54495e-33
2.54495e-33
1.38187e-33
0.00429933
0.00429933
1.38187e-33
0.00934511
0.0155474
0.00934511
0.0155474
0.023363
0.033263
0.033263
0.023363
0.0611374
0.0457093
0.0611374
0.0457093
0.102359
0.079918
0.158918
0.128657
0.079918
0.102359
0.231093
0.193109
0.158918
0.128657
0.27258
0.317181
0.231093
0.193109
0.364365
0.413513
0.27258
0.317181
0.364365
0.413513
0.463898
0.514731
0.463898
0.514731
0.614294
0.565157
0.614294
0.565157
0.70514
0.661249
0.74513
0.78043
0.834265
0.810345
0.661249
0.70514
0.851714
0.862324
0.74513
0.78043
0.810345
0.834265
0.851714
0.865889
0.862324
0.696694
0.00974817
0.733591
0.76557
0.791983
0.0162061
0.812286
0.0243371
0.826061
0.0346188
0.833021
0.833021
0.0346188
0.0827694
0.826061
0.0475149
0.812286
0.791983
0.163307
0.76557
0.0634456
0.733591
0.0827694
0.696694
0.655617
0.368626
0.611167
0.105758
0.564201
0.132585
0.515598
0.466237
0.416976
0.163307
0.19786
0.321933
0.277554
0.236049
0.236049
0.19786
0.277554
0.132585
0.105758
0.321933
0.368626
0.0634456
0.0475149
0.416976
0.0243371
0.466237
0.0162061
0.00974817
0.00449098
0.515598
0.564201
0.00449098
0.611167
0.655617
2.80308e-33
2.80308e-33
1.50726e-33
0.00467764
0.00467764
1.50726e-33
0.0168438
0.01014
0.01014
0.0168438
0.0359195
0.025275
0.025275
0.0359195
0.0492325
0.0656284
0.0492325
0.0656284
0.0854355
0.108908
0.167255
0.136171
0.0854355
0.108908
0.240303
0.202041
0.167255
0.136171
0.325664
0.281668
0.202041
0.240303
0.419064
0.371689
0.325664
0.281668
0.419064
0.371689
0.467018
0.514731
0.467018
0.514731
0.561342
0.605982
0.561342
0.605982
0.64779
0.685938
0.719662
0.748265
0.787869
0.771164
0.64779
0.685938
0.80145
0.79804
0.748265
0.719662
0.787869
0.771164
0.79804
0.010518
0.672951
0.703437
0.728641
0.0174567
0.748031
0.0174567
0.0261739
0.761194
0.0371558
0.0508569
0.767847
0.767847
0.0371558
0.761194
0.111782
0.0508569
0.748031
0.728641
0.703437
0.0676692
0.243824
0.284902
0.672951
0.0879068
0.637822
0.598775
0.5566
0.111782
0.512135
0.139398
0.466237
0.419761
0.373538
0.170731
0.328348
0.205633
0.205633
0.243824
0.170731
0.284902
0.139398
0.0879068
0.328348
0.0676692
0.373538
0.0261739
0.419761
0.466237
0.010518
0.0048583
0.512135
0.5566
0.0048583
0.598775
0.637822
3.04968e-33
3.04968e-33
1.6255e-33
0.00503266
0.00503266
1.6255e-33
0.0180429
0.0108808
0.0108808
0.0180429
0.0383231
0.0270262
0.0383231
0.0270262
0.0695585
0.0523726
0.0523726
0.0695585
0.0901592
0.114367
0.142236
0.173715
0.0901592
0.114367
0.246589
0.208602
0.142236
0.173715
0.287225
0.329966
0.208602
0.246589
0.374154
0.419064
0.329966
0.287225
0.419064
0.374154
0.463899
0.50783
0.50783
0.463899
0.550009
0.589597
0.589597
0.550009
0.625788
0.657826
0.68504
0.706839
0.722763
0.732454
0.625788
0.657826
0.732454
0.735712
0.706839
0.68504
0.722763
0.664599
0.018598
0.683021
0.00519948
0.695534
0.027831
0.701861
0.701861
0.039412
0.039412
0.0537768
0.695534
0.683021
0.0537768
0.664599
0.640674
0.0712808
0.611771
0.578515
0.0921865
0.541615
0.248577
0.501845
0.116642
0.460021
0.416976
0.144675
0.373538
0.330506
0.176183
0.288628
0.210937
0.210937
0.176183
0.248577
0.144675
0.116642
0.288628
0.0921865
0.0712808
0.330506
0.373538
0.027831
0.018598
0.416976
0.0112271
0.460021
0.501845
0.00519948
0.640674
0.541615
0.578515
0.611771
0.0112271
3.28109e-33
3.28109e-33
1.73491e-33
0.00535872
0.00535872
1.73491e-33
0.0115544
0.0191211
0.0115544
0.0191211
0.040419
0.0285794
0.0285794
0.040419
0.0728291
0.0550539
0.0550539
0.0728291
0.118594
0.0939669
0.178122
0.146689
0.0939669
0.118594
0.212612
0.249776
0.178122
0.146689
0.289094
0.329966
0.249776
0.212612
0.37169
0.413513
0.329966
0.289094
0.37169
0.413513
0.494224
0.45463
0.494224
0.45463
0.53148
0.565608
0.565608
0.53148
0.621618
0.595877
0.657355
0.642268
0.669636
0.666551
0.621618
0.595877
0.666551
0.642268
0.657355
0.0196074
0.630034
0.0292725
0.636019
0.636019
0.630034
0.0196074
0.0413351
0.618202
0.0562037
0.600796
0.578215
0.55097
0.0954977
0.0741896
0.519675
0.0954977
0.485022
0.179515
0.447766
0.408698
0.250176
0.120208
0.368626
0.148274
0.328347
0.288628
0.179515
0.213626
0.213626
0.148274
0.120208
0.250176
0.288628
0.0741896
0.0562037
0.0413351
0.328347
0.0292725
0.368626
0.0118627
0.0055089
0.408698
0.447766
0.0055089
0.618202
0.485022
0.519675
0.55097
0.0118627
0.578215
0.600796
3.49364e-33
3.49364e-33
1.8338e-33
0.00565028
0.00565028
1.8338e-33
0.0200567
0.0121483
0.0121483
0.0200567
0.0421584
0.0299007
0.0421584
0.0299007
0.0753577
0.0572111
0.0572111
0.0753577
0.121476
0.0967597
0.180356
0.149409
0.0967597
0.121476
0.249776
0.213962
0.149409
0.180356
0.325664
0.287225
0.249776
0.213962
0.402567
0.364365
0.287225
0.325664
0.364365
0.402567
0.439476
0.474303
0.439476
0.474303
0.506287
0.534705
0.506287
0.534705
0.558918
0.578359
0.592585
0.601252
0.604168
0.601252
0.578359
0.558918
0.592585
0.0304668
0.571224
0.571224
0.00578119
0.565595
0.0428804
0.554471
0.0580783
0.53812
0.0428804
0.0580783
0.516932
0.491409
0.0763218
0.462146
0.0977543
0.42982
0.395162
0.180636
0.358941
0.122386
0.321932
0.150098
0.284902
0.248577
0.213626
0.180636
0.213626
0.150098
0.122386
0.0977543
0.248577
0.0763218
0.284902
0.0304668
0.321932
0.0204641
0.358941
0.0124128
0.395162
0.42982
0.00578119
0.565595
0.462146
0.491409
0.0124128
0.516932
0.53812
0.554471
0.0204641
3.6837e-33
3.6837e-33
1.92057e-33
0.00590218
0.00590218
1.92057e-33
0.0126513
0.0208303
0.0126513
0.0208303
0.0435005
0.0309607
0.0435005
0.0309607
0.0770801
0.0587911
0.0587911
0.0770801
0.0984651
0.122936
0.180356
0.150324
0.122936
0.0984651
0.212613
0.246589
0.150324
0.180356
0.31718
0.281669
0.246589
0.212613
0.386537
0.352388
0.31718
0.281669
0.352388
0.386537
0.418867
0.448636
0.418867
0.448636
0.497778
0.475151
0.497778
0.475151
0.515979
0.529304
0.537436
0.540166
0.537436
0.515979
0.529304
0.503043
0.0440112
0.492649
0.477383
0.0593544
0.457628
0.433871
0.0776232
0.406695
0.0440112
0.376753
0.0988975
0.344756
0.0988975
0.31144
0.123119
0.123119
0.277554
0.243823
0.150098
0.210937
0.179515
0.179515
0.150098
0.210937
0.0776232
0.243823
0.0593544
0.277554
0.031387
0.0211503
0.31144
0.0128668
0.00601141
0.344756
0.376753
0.00601141
0.508307
0.406695
0.508307
0.433871
0.457628
0.0128668
0.477383
0.492649
0.0211503
0.503043
0.031387
3.84793e-33
3.84793e-33
1.99375e-33
0.00610978
0.00610978
1.99375e-33
0.0214256
0.0130534
0.0214256
0.0130534
0.0317355
0.0444135
0.0444135
0.0317355
0.0779524
0.0597551
0.0597551
0.0779524
0.0990386
0.122936
0.14941
0.178122
0.122936
0.0990386
0.240303
0.208602
0.178122
0.14941
0.272581
0.304754
0.240303
0.208602
0.365879
0.336096
0.304754
0.272581
0.336096
0.365879
0.393392
0.417957
0.417957
0.393392
0.438969
0.455893
0.455893
0.438969
0.468304
0.475878
0.478427
0.475878
0.468304
0.0447007
0.419305
0.0600005
0.401009
0.37905
0.353993
0.0216513
0.0780608
0.326471
0.0447007
0.0988975
0.297167
0.266789
0.236048
0.122386
0.205633
0.148274
0.176183
0.148274
0.122386
0.176183
0.0988975
0.205633
0.0780608
0.0600005
0.236048
0.0320125
0.266789
0.0132157
0.0061953
0.297167
0.326471
0.0061953
0.433465
0.353993
0.37905
0.401009
0.448007
0.0132157
0.419305
0.433465
0.443117
0.0216513
0.0320125
0.448007
0.443117
3.9833e-33
3.9833e-33
2.05205e-33
0.00626917
0.00626917
2.05205e-33
0.0218298
0.0133465
0.0133465
0.0218298
0.0448755
0.0322076
0.0322076
0.0448755
0.0779524
0.060079
0.060079
0.0779524
0.121476
0.0984652
0.173715
0.146689
0.121476
0.0984652
0.231092
0.202041
0.173715
0.146689
0.288734
0.260216
0.231092
0.202041
0.31595
0.341179
0.260216
0.288734
0.31595
0.341179
0.383147
0.363777
0.383147
0.363777
0.398783
0.410259
0.410259
0.398783
0.417275
0.419632
0.417275
0.0600005
0.347677
0.32753
0.304606
0.0776233
0.279514
0.0219563
0.0977543
0.252909
0.0449324
0.225467
0.197859
0.120208
0.170731
0.144675
0.144675
0.120208
0.0977543
0.170731
0.0776233
0.197859
0.0600005
0.0323289
0.225467
0.252909
0.0134523
0.00632932
0.279514
0.304606
0.00632932
0.364502
0.32753
0.347677
0.386447
0.39096
0.0134523
0.364502
0.377545
0.386447
0.0219563
0.39096
0.0323289
0.377545
0.0449324
4.08726e-33
4.08726e-33
2.09441e-33
0.00637727
0.00637727
2.09441e-33
0.0220342
0.0135248
0.0135248
0.0220342
0.0448756
0.0323661
0.0448756
0.0323661
0.0770801
0.059755
0.059755
0.0770801
0.0967598
0.118594
0.142236
0.167255
0.0967598
0.118594
0.19311
0.219213
0.167255
0.142236
0.244918
0.269571
0.219213
0.19311
0.313141
0.29252
0.269571
0.244918
0.29252
0.313141
0.345206
0.33087
0.33087
0.345206
0.362197
0.35575
0.35575
0.362197
0.364369
0.258977
0.0763218
0.236301
0.00641088
0.212372
0.0954977
0.187831
0.163307
0.116642
0.0447007
0.0593545
0.139398
0.116642
0.139398
0.0954977
0.0763218
0.163307
0.187831
0.0323289
0.0220588
0.212372
0.0135719
0.236301
0.258977
0.00641088
0.279778
0.279778
0.298117
0.298117
0.313472
0.0135719
0.325399
0.33355
0.0220588
0.337686
0.337686
0.0323289
0.33355
0.325399
0.0447007
0.313472
0.0593545
4.15781e-33
4.15781e-33
2.12006e-33
0.00643198
0.00643198
2.12006e-33
0.0135846
0.0220344
0.0135846
0.0220344
0.0444137
0.0322074
0.0322074
0.0444137
0.0753578
0.058791
0.058791
0.0753578
0.093967
0.114367
0.158917
0.136171
0.114367
0.093967
0.204995
0.182055
0.158917
0.136171
0.247806
0.227117
0.204995
0.182055
0.282563
0.266471
0.247806
0.227117
0.266471
0.282563
0.305222
0.295613
0.305222
0.295613
0.311109
0.311109
0.313089
0.0741896
0.175824
0.0921865
0.154114
0.132585
0.111782
0.0219565
0.111782
0.0921865
0.132585
0.0741896
0.0580784
0.0440113
0.154114
0.0320127
0.175824
0.013572
0.00643838
0.197129
0.217431
0.00643838
0.197129
0.236137
0.252691
0.266592
0.252691
0.013572
0.277413
0.28482
0.288582
0.0219565
0.288582
0.0320127
0.28482
0.277413
0.266592
0.0440113
0.0580784
0.236137
0.217431
4.19357e-33
4.19357e-33
2.12851e-33
0.0064322
0.0064322
2.12851e-33
0.0218303
0.0135245
0.0135245
0.0218303
0.0435009
0.0317352
0.0317352
0.0435009
0.0572109
0.0728292
0.0728292
0.0572109
0.0901594
0.108907
0.128657
0.14893
0.0901594
0.108907
0.169179
0.188832
0.128657
0.14893
0.224051
0.20731
0.169179
0.188832
0.23854
0.250315
0.224051
0.20731
0.23854
0.250315
0.264337
0.25901
0.264337
0.25901
0.266136
0.0879067
0.124419
0.105758
0.00641128
0.0879067
0.105758
0.0712809
0.124419
0.0562039
0.0428806
0.0313873
0.143401
0.0216516
0.162167
0.0134526
0.18016
0.196825
0.00641128
0.143401
0.211634
0.224112
0.18016
0.196825
0.0134526
0.233849
0.240526
0.243921
0.233849
0.0216516
0.243921
0.0313873
0.240526
0.224112
0.0428806
0.211634
0.0562039
0.162167
0.0712809
4.19385e-33
4.19385e-33
2.11961e-33
0.00637795
0.00637795
2.11961e-33
0.0214264
0.013346
0.013346
0.0214264
0.0309603
0.042159
0.042159
0.0309603
0.0550538
0.0695586
0.0550538
0.0695586
0.0854358
0.102358
0.137564
0.119895
0.102358
0.0854358
0.154836
0.171173
0.137564
0.119895
0.18605
0.198973
0.154836
0.171173
0.209513
0.217308
0.18605
0.198973
0.209513
0.217308
0.22371
0.222098
0.222098
0.0676692
0.0987282
0.053777
0.0413355
0.11512
0.0304672
0.0211508
0.131459
0.0132161
0.00633011
0.147236
0.161934
0.00633011
0.0827693
0.175058
0.0987282
0.186156
0.194842
0.0132161
0.20081
0.203848
0.161934
0.175058
0.0211508
0.203848
0.20081
0.0304672
0.194842
0.186156
0.0413355
0.053777
0.147236
0.131459
0.0676692
0.11512
0.0827693
4.15863e-33
4.15863e-33
2.09351e-33
0.00627028
0.00627028
2.09351e-33
0.0130525
0.0208313
0.0130525
0.0208313
0.0404196
0.0299002
0.0404196
0.0299002
0.0523724
0.0656285
0.0523724
0.0656285
0.0799183
0.0948935
0.125128
0.11012
0.0948935
0.0799183
0.152505
0.13942
0.125128
0.11012
0.173271
0.163927
0.152505
0.13942
0.184466
0.180204
0.163927
0.173271
0.184466
0.180204
0.185907
0.0908774
0.029273
0.104934
0.0204647
0.0128674
0.00619645
0.118612
0.131438
0.00619645
0.0394124
0.142952
0.152731
0.160408
0.0769067
0.0128674
0.165695
0.16839
0.16839
0.118612
0.0204647
0.165695
0.029273
0.160408
0.152731
0.142952
0.0394124
0.131438
0.0508572
0.104934
0.0908774
0.0634456
0.0769067
0.0634456
0.0508572
4.0886e-33
4.0886e-33
2.05072e-33
0.00611129
0.00611129
2.05072e-33
0.0200579
0.0126502
0.0126502
0.0200579
0.0285788
0.0383238
0.0383238
0.0285788
0.0492323
0.0611376
0.0611376
0.0492323
0.0867077
0.0737486
0.0995919
0.111955
0.0867077
0.0737486
0.133339
0.123348
0.111955
0.0995919
0.141549
0.147654
0.133339
0.123348
0.152688
0.151419
0.147654
0.141549
0.151419
0.0941313
0.0124136
0.0060129
0.105202
0.1152
0.0060129
0.0196081
0.123731
0.130453
0.0371563
0.0475152
0.0124136
0.135094
0.137463
0.137463
0.0824101
0.0196081
0.135094
0.0278315
0.130453
0.123731
0.1152
0.0371563
0.105202
0.0475152
0.0941313
0.0704687
0.0587156
0.0587156
0.0704687
0.0278315
0.0824101
3.98513e-33
3.98513e-33
1.99201e-33
0.00590404
0.00590404
1.99201e-33
0.012147
0.0191225
0.012147
0.0191225
0.0359203
0.0270255
0.0359203
0.0270255
0.0561973
0.045709
0.0561973
0.045709
0.0780133
0.0670837
0.0885869
0.0983967
0.0780133
0.0670837
0.107051
0.11419
0.0885869
0.0983967
0.11952
0.122809
0.11419
0.107051
0.123924
0.122809
0.11952
0.091584
0.00578296
0.0989522
0.00578296
0.104781
0.108817
0.0118636
0.11088
0.11088
0.0346192
0.0438311
0.0185989
0.108817
0.063618
0.104781
0.0261745
0.0989522
0.091584
0.0346192
0.0829945
0.0735444
0.0438311
0.0535957
0.0535957
0.063618
0.0261745
0.0185989
0.0735444
0.0118636
0.0829945
3.85021e-33
3.85021e-33
1.91845e-33
0.00565244
1.91845e-33
0.00565244
0.0180445
0.0115529
0.0115529
0.0180445
0.0252742
0.0332639
0.0252742
0.0332639
0.0509286
0.0418863
0.0418863
0.0509286
0.0600906
0.0690322
0.0773904
0.0848068
0.0690322
0.0600906
0.0909581
0.095562
0.0848068
0.0773904
0.099378
0.0984148
0.095562
0.0909581
0.0984148
0.0055109
0.0781087
0.0831151
0.0865914
0.011228
0.0883723
0.0174576
0.0883723
0.0865914
0.0174576
0.0831151
0.0243378
0.0781087
0.0718083
0.0645043
0.0318586
0.0565248
0.0398914
0.0482102
0.0398914
0.0318586
0.0482102
0.0243378
0.0565248
0.011228
0.0055109
0.0645043
0.0718083
3.68637e-33
3.68637e-33
1.83132e-33
0.0053611
0.0053611
1.83132e-33
0.0168455
0.0108792
0.0108792
0.0168455
0.030414
0.0233622
0.0233622
0.030414
0.0454578
0.0378529
0.0454578
0.0378529
0.0599884
0.0529408
0.0715296
0.0662845
0.0529408
0.0599884
0.0754752
0.077921
0.0715296
0.0662845
0.0787526
0.0754752
0.077921
0.0680784
0.010519
0.0696019
0.00520165
0.0696019
0.0680784
0.0162071
0.06511
0.0223599
0.0289353
0.0357864
0.0608494
0.0555117
0.0493603
0.0289353
0.0426862
0.0357864
0.0223599
0.0426862
0.0162071
0.0493603
0.010519
0.0555117
0.0608494
0.00520165
0.06511
3.49662e-33
3.49662e-33
1.7321e-33
0.0050352
0.0050352
1.7321e-33
0.0155491
0.0101383
0.0101383
0.0155491
0.0213289
0.0274325
0.0213289
0.0274325
0.0336998
0.0399119
0.0399119
0.0336998
0.0510994
0.045804
0.0555376
0.0588849
0.045804
0.0510994
0.0609704
0.0616758
0.0588849
0.0555376
0.0609704
0.00974923
0.054183
0.0528896
0.0148711
0.0503749
0.0467772
0.0202809
0.0422909
0.0371495
0.0259114
0.031607
0.0259114
0.031607
0.0202809
0.0148711
0.0371495
0.00974923
0.00486058
0.0422909
0.0467772
0.00486058
0.0503749
0.0528896
0.054183
3.28433e-33
3.28433e-33
1.62241e-33
0.00468026
0.00468026
1.62241e-33
0.0141795
0.00934341
0.00934341
0.0141795
0.0192147
0.0243813
0.0192147
0.0243813
0.0295167
0.034414
0.0295167
0.034414
0.0388413
0.042567
0.0471522
0.0453921
0.042567
0.0388413
0.0471522
0.0477527
0.0453921
0.0406093
0.0384912
0.0134741
0.0354707
0.0181408
0.0317193
0.0134741
0.0274408
0.0228481
0.0228481
0.0181408
0.0274408
0.00893196
0.00449329
0.0317193
0.0354707
0.00449329
0.0384912
0.0417008
0.0406093
0.0417008
0.00893196
3.05309e-33
3.05309e-33
0.00430195
1.50391e-33
0.00430195
1.50391e-33
0.0127607
0.0085076
0.0085076
0.0127607
0.0213201
0.017059
0.0213201
0.017059
0.0253884
0.0290782
0.0253884
0.0290782
0.0345674
0.0321978
0.0365546
0.0360517
0.0321978
0.0360517
0.0345674
0.0120397
0.0265031
0.0159781
0.0233691
0.0198032
0.0159781
0.0198032
0.0120397
0.0233691
0.00808029
0.00410547
0.0265031
0.0290343
0.00410547
0.0308136
0.0308136
0.031732
0.00808029
0.031732
0.0290343
2.80658e-33
2.80658e-33
1.37829e-33
0.00390588
0.00390588
1.37829e-33
0.011316
0.0076438
0.0076438
0.011316
0.0183043
0.014899
0.014899
0.0183043
0.0213915
0.0240039
0.0240039
0.0213915
0.0259958
0.0272415
0.0276678
0.0272415
0.0259958
0.0138285
0.0138285
0.0105903
0.0168288
0.00720676
0.00370262
0.0194626
0.021591
0.00370262
0.0168288
0.0194626
0.0230892
0.0238633
0.0238633
0.00720676
0.0230892
0.021591
0.0105903
2.54847e-33
2.54847e-33
1.24717e-33
0.00349741
0.00349741
1.24717e-33
0.00986656
0.00676403
0.00986656
0.00676403
0.0153818
0.0127681
0.0153818
0.0127681
0.0192709
0.0175902
0.0175902
0.0192709
0.0203262
0.0206839
0.0203262
0.00632279
0.00328986
0.0139683
0.015778
0.00328986
0.0170507
0.00914575
0.0177082
0.0177082
0.0139683
0.00632279
0.0170507
0.015778
0.00914575
0.0117226
0.0117226
2.28223e-33
2.28223e-33
1.11206e-33
0.00308138
0.00308138
1.11206e-33
0.00587903
0.00843088
0.00587903
0.00843088
0.0125913
0.0106942
0.0125913
0.0106942
0.014933
0.0140325
0.0140325
0.0152413
0.014933
0.0112546
0.0123541
0.00287176
0.00287176
0.0129211
0.0129211
0.00543833
0.0123541
0.0112546
0.00968541
0.00772288
0.00772288
0.00968541
0.00543833
2.01103e-33
2.01103e-33
9.7428e-34
0.00266203
9.7428e-34
0.00266203
0.00499776
0.00702377
0.00499776
0.00702377
0.00995934
0.00869844
0.00995934
0.00869844
0.0110132
0.0107468
0.0107468
0.00245212
0.00920785
0.00920785
0.00870749
0.00456134
0.00773402
0.0063344
0.0063344
0.00456134
0.00245212
0.00773402
0.00870749
1.73762e-33
1.73762e-33
8.34952e-34
0.00224274
0.00224274
8.34952e-34
0.0056557
0.00412712
0.00412712
0.0056557
0.00679389
0.00749809
0.00679389
0.00749809
0.00773802
0.00587695
0.00369757
0.00498833
0.00369757
0.00203391
0.00498833
0.00587695
0.00203391
0.0063312
0.0063312
1.46421e-33
1.46421e-33
6.9494e-34
0.00182599
0.00182599
6.9494e-34
0.00433219
0.00327158
0.00327158
0.00433219
0.00498414
0.00498414
0.00520353
0.00285024
0.00285024
0.00161909
0.00368752
0.00411274
0.00161909
0.00411274
0.00368752
1.19241e-33
1.19241e-33
5.54848e-34
0.00141329
5.54848e-34
0.00141329
0.00243306
0.0030533
0.00243306
0.0030533
0.00326243
0.0024292
0.00120868
0.0024292
0.00201999
0.00120868
0.00201999
9.23197e-34
9.23197e-34
0.00100513
4.15027e-34
0.00100513
4.15027e-34
0.00161086
0.00161086
0.00181342
0.000802707
0.00120483
0.000802707
0.00120483
6.56906e-34
6.56906e-34
2.75606e-34
0.000601106
0.000601106
2.75606e-34
0.00080169
0.000400333
0.000400333
3.93265e-34
3.93265e-34
1.36546e-34
1.36546e-34
0.000200023
4.6462e-37
1.3149e-34
1.3149e-34
