4.73902e-37
1.33809e-34
1.33809e-34
1.38954e-34
4.00181e-34
0.000203557
0.000407392
1.38954e-34
4.00181e-34
0.000407392
2.80487e-34
0.000816856
6.68423e-34
0.000611704
0.000815871
0.00122603
0.00122603
0.000611704
0.000816856
6.68423e-34
2.80487e-34
4.22403e-34
0.00122995
9.39328e-34
0.00102279
0.00205539
0.00247164
0.00163923
0.00184526
4.22403e-34
0.00122995
0.00163923
0.00247164
0.00205539
0.00102279
9.39328e-34
5.64741e-34
0.00143804
0.00164751
1.21317e-33
0.00247562
0.00289992
0.0037513
0.00310642
0.0041836
0.00331929
0.0041836
0.00310642
0.00143804
1.21317e-33
0.00164751
5.64741e-34
0.00289992
0.00247562
0.0037513
7.07363e-34
1.4896e-33
0.00185786
0.0020695
0.00332832
0.00376159
0.00507355
0.00440668
0.0020695
1.4896e-33
0.00185786
7.07363e-34
0.0064377
0.00529223
0.00597637
0.00506954
0.00506954
0.00507355
0.00597637
0.00332832
0.0064377
0.00440668
0.00376159
8.4991e-34
0.00249488
1.76764e-33
0.00228174
0.00419804
0.00463973
0.00644113
0.00575165
0.00762254
0.00690789
0.00786215
0.00884985
1.76764e-33
0.00249488
0.00228174
8.4991e-34
0.00419804
0.00644113
0.00463973
0.00575165
0.00786644
0.00935734
0.00762254
0.00935734
0.00786215
0.00884985
0.00690789
9.91762e-34
0.00292164
2.04564e-33
0.00270814
0.00508283
0.00553107
0.00785115
0.00714121
0.011433
0.0101197
0.00884108
0.00984232
0.0109184
0.0125468
0.0131211
0.0111879
9.91762e-34
0.00292164
2.04564e-33
0.00270814
0.00508283
0.00553107
0.00785115
0.00714121
0.0125468
0.011433
0.00984232
0.0131211
0.00884108
0.0109184
0.0101197
1.13203e-33
0.00334679
2.32136e-33
0.00313455
0.00597814
0.00642977
0.00929544
0.00856978
0.0119083
0.0141827
0.0127878
0.0108654
0.0142474
0.0160142
0.0173013
0.0151583
0.00313455
1.13203e-33
0.00334679
2.32136e-33
0.0154708
0.0179661
0.0179661
0.0151583
0.00642977
0.00929544
0.00597814
0.00856978
0.0127878
0.0160142
0.0173013
0.0119083
0.0108654
0.0142474
0.0141827
1.26959e-33
0.00376644
2.59201e-33
0.00355752
0.0100268
0.00687703
0.00732775
0.0107611
0.0140427
0.0170792
0.0156143
0.0129678
0.0178485
0.0197422
0.0218926
0.019547
0.020614
0.0234055
0.0241869
0.0209747
2.59201e-33
0.00355752
1.26959e-33
0.00376644
0.0107611
0.00732775
0.0100268
0.00687703
0.0241869
0.0234055
0.020614
0.019547
0.0156143
0.0129678
0.0140427
0.0170792
0.0197422
0.0218926
0.0178485
1.40307e-33
0.00417598
2.85437e-33
0.00397278
0.0077704
0.0122314
0.0114972
0.00821496
0.00397278
0.00417598
2.85437e-33
1.40307e-33
0.0162205
0.0200893
0.0185725
0.0151269
0.021693
0.0268555
0.024331
0.0236919
0.0275982
0.0294091
0.0312032
0.026342
0.0321292
0.028029
0.0275982
0.0321292
0.00821496
0.0122314
0.0114972
0.0077704
0.0200893
0.0162205
0.0185725
0.0151269
0.0312032
0.0294091
0.0236919
0.026342
0.0268555
0.021693
0.024331
1.53095e-33
0.00457019
3.10492e-33
0.00437538
0.0086474
0.0090798
0.0136859
0.0129624
0.00437538
0.00457019
3.10492e-33
1.53095e-33
0.0184107
0.0231691
0.0216237
0.0173145
0.0090798
0.0129624
0.0136859
0.0086474
0.0257327
0.0278063
0.0294559
0.0321222
0.0349903
0.0359038
0.038947
0.0326023
0.0421795
0.0369926
0.0410804
0.0364867
0.0364867
0.0421795
0.0410804
0.0349903
0.0173145
0.0231691
0.0184107
0.0216237
0.038947
0.0294559
0.0321222
0.0278063
0.0257327
0.0326023
0.0359038
1.65157e-33
0.0047599
0.00494348
3.33994e-33
0.00949584
0.00990957
0.0151022
0.0144009
0.0205773
0.0262663
0.0247193
0.0194969
0.0047599
0.00494348
3.33994e-33
1.65157e-33
0.0151022
0.00990957
0.0144009
0.00949584
0.0299029
0.0320142
0.0376019
0.0348418
0.0205773
0.0247193
0.0194969
0.0262663
0.0393036
0.0427816
0.0472987
0.0430558
0.045901
0.0476719
0.0509198
0.0534501
0.0547513
0.0476719
0.0482773
0.0547513
0.045901
0.0509198
0.0534501
0.0430558
0.0320142
0.0427816
0.0348418
0.0299029
0.0472987
0.0393036
0.0376019
1.76323e-33
3.55568e-33
0.00512065
0.00529012
0.0103027
0.010691
0.0164564
0.0157893
0.0226815
0.0293227
0.0278038
0.0216367
0.00512065
0.00529012
3.55568e-33
1.76323e-33
0.0341267
0.0362338
0.0431868
0.0403886
0.0164564
0.010691
0.0157893
0.0103027
0.0278038
0.0293227
0.0226815
0.0216367
0.0499074
0.0463232
0.0560978
0.0516535
0.0362338
0.0341267
0.0403886
0.0431868
0.0594863
0.0561199
0.065752
0.0614674
0.0615848
0.0687365
0.0622933
0.0702681
0.0702681
0.0594863
0.0615848
0.0687365
0.0561199
0.0516535
0.0463232
0.0614674
0.0499074
0.0560978
0.065752
1.8642e-33
0.00560438
3.74851e-33
0.00545187
0.0110546
0.0114107
0.0177237
0.0171032
0.0246829
0.0322767
0.0236941
0.030817
0.0383189
0.0403771
0.048757
0.0459818
0.00545187
0.00560438
3.74851e-33
1.8642e-33
0.0114107
0.0177237
0.0171032
0.0110546
0.0651535
0.0571263
0.0535153
0.0606064
0.0322767
0.0246829
0.030817
0.0236941
0.0459818
0.0383189
0.0403771
0.048757
0.078831
0.0722121
0.0669391
0.0724979
0.0535153
0.0651535
0.0571263
0.0606064
0.0786363
0.076179
0.0873552
0.0838623
0.0891445
0.079473
0.0786363
0.0891445
0.0722121
0.078831
0.0724979
0.076179
0.0873552
0.0838623
0.0669391
1.95287e-33
0.00588083
3.91501e-33
0.00574794
0.0117383
0.0120557
0.0188802
0.0183182
0.0265412
0.0256285
0.0350657
0.0336964
0.0423891
0.0443526
0.0541862
0.0514976
1.95287e-33
3.91501e-33
0.00574794
0.00588083
0.069712
0.0607181
0.0642715
0.074254
0.0117383
0.0120557
0.0188802
0.0183182
0.0350657
0.0265412
0.0336964
0.0256285
0.0837535
0.0923847
0.0855687
0.0781154
0.0514976
0.0541862
0.0423891
0.0443526
0.0607181
0.0642715
0.069712
0.074254
0.0997868
0.105642
0.0917502
0.0963744
0.0923847
0.0837535
0.0781154
0.0855687
0.100207
0.0992411
0.111766
0.109694
0.0997868
0.111766
0.105642
0.109694
0.0963744
0.0992411
0.0917502
2.02773e-33
0.00611447
4.05212e-33
0.00600363
0.0123412
0.0126139
0.0199028
0.0194105
0.0274
0.0282174
0.0376284
0.0363798
0.0462459
0.0480695
0.0593464
0.0568083
0.00600363
0.00611447
4.05212e-33
2.02773e-33
0.078752
0.0677613
0.0711707
0.0831769
0.0123412
0.0194105
0.0199028
0.0126139
0.106078
0.0992356
0.0949564
0.0893796
0.0282174
0.0376284
0.0363798
0.0274
0.0568083
0.0593464
0.0480695
0.0462459
0.116119
0.124685
0.115098
0.107929
0.0831769
0.0677613
0.0711707
0.078752
0.106078
0.0949564
0.0893796
0.0992356
0.123752
0.120451
0.131434
0.136093
0.115098
0.107929
0.124685
0.116119
0.138471
0.124873
0.123752
0.120451
0.136093
0.131434
0.138471
2.08746e-33
0.00630096
4.15727e-33
0.00621425
0.0128518
0.0130745
0.0207706
0.0203582
0.00621425
0.00630096
4.15727e-33
2.08746e-33
0.0289711
0.0296753
0.039907
0.0388075
0.0498
0.0514407
0.064113
0.0617871
0.0916972
0.0875017
0.0744726
0.0776533
0.0203582
0.0128518
0.0207706
0.0130745
0.105821
0.112868
0.119559
0.100448
0.0289711
0.039907
0.0388075
0.0296753
0.134339
0.132439
0.143998
0.124309
0.064113
0.0514407
0.0617871
0.0498
0.0916972
0.0776533
0.0744726
0.0875017
0.148709
0.153813
0.161519
0.142583
0.119559
0.105821
0.100448
0.112868
0.143998
0.134339
0.124309
0.132439
0.152489
0.153761
0.169529
0.166824
0.148709
0.142583
0.153813
0.161519
0.169529
0.152489
0.166824
2.13099e-33
0.00643675
4.22844e-33
0.00637583
0.0132601
0.0134283
0.0214655
0.0211417
0.0303074
0.0308831
0.0418491
0.0409241
0.00637583
0.00643675
4.22844e-33
2.13099e-33
0.0211417
0.0214655
0.0132601
0.0134283
0.0529672
0.0543857
0.0683687
0.0663124
0.0835557
0.0995961
0.0957381
0.0806842
0.116064
0.126109
0.132473
0.111036
0.0303074
0.0409241
0.0418491
0.0308831
0.148313
0.163066
0.153595
0.140459
0.0529672
0.0663124
0.0543857
0.0683687
0.176236
0.187373
0.165059
0.174435
0.0957381
0.0995961
0.0835557
0.0806842
0.116064
0.126109
0.111036
0.132473
0.185669
0.196088
0.202075
0.181394
0.153595
0.148313
0.163066
0.140459
0.165059
0.187373
0.174435
0.176236
0.187116
0.181394
0.205123
0.205123
0.185669
0.196088
0.202075
2.15751e-33
0.00651921
4.26425e-33
0.00648526
0.0135579
0.0136682
0.0219729
0.0217445
0.0313795
0.0318137
0.0434094
0.0426805
0.0556714
0.0702721
0.0568333
0.0720074
0.00648526
0.00651921
4.26425e-33
2.15751e-33
0.0136682
0.0217445
0.0219729
0.0135579
0.0426805
0.0434094
0.0318137
0.0313795
0.0887274
0.106668
0.103248
0.0862385
0.138609
0.144474
0.120865
0.125414
0.181372
0.172346
0.163314
0.155949
0.0702721
0.0556714
0.0720074
0.0568333
0.187276
0.198094
0.212953
0.200241
0.0862385
0.0887274
0.103248
0.106668
0.210818
0.235238
0.218636
0.22547
0.144474
0.125414
0.138609
0.120865
0.181372
0.163314
0.172346
0.155949
0.24534
0.223442
0.241935
0.225058
0.187276
0.198094
0.200241
0.212953
0.218636
0.210818
0.24534
0.241935
0.22547
0.223442
0.235238
2.16653e-33
0.00654673
4.26399e-33
0.00654042
0.0137392
0.0137894
0.0222817
0.0221537
0.0321632
0.032446
0.0445511
0.0440356
0.00654042
0.00654673
4.26399e-33
2.16653e-33
0.0578468
0.0749378
0.0735672
0.0587237
0.0930353
0.112728
0.109836
0.0909932
0.0221537
0.0222817
0.0137894
0.0137392
0.0440356
0.0445511
0.032446
0.0321632
0.0578468
0.0587237
0.0735672
0.0749378
0.150031
0.129674
0.15524
0.133624
0.198414
0.190081
0.177033
0.170357
0.208623
0.218783
0.23755
0.225418
0.109836
0.0909932
0.0930353
0.112728
0.254155
0.251763
0.268098
0.239953
0.129674
0.150031
0.15524
0.133624
0.265828
0.278951
0.286379
0.260485
0.190081
0.198414
0.177033
0.170357
0.23755
0.218783
0.225418
0.208623
0.290152
0.267633
0.265828
0.290152
0.254155
0.239953
0.286379
0.268098
0.251763
0.260485
0.278951
2.1579e-33
0.00651877
4.22768e-33
0.00654022
0.0138003
0.0137892
0.0223853
0.0223605
0.0326408
0.0327658
0.0452472
0.0449572
0.0594401
0.0600105
0.0770857
0.0761144
0.00654022
0.00651877
4.22768e-33
2.1579e-33
0.0137892
0.0223605
0.0223853
0.0138003
0.0963681
0.117616
0.115328
0.0948257
0.140473
0.164478
0.160067
0.137228
0.0327658
0.0326408
0.0449572
0.0452472
0.0761144
0.0594401
0.0770857
0.0600105
0.0963681
0.0948257
0.117616
0.115328
0.206312
0.213721
0.189094
0.183291
0.228509
0.237728
0.260476
0.249263
0.281339
0.267986
0.299732
0.284125
0.137228
0.160067
0.140473
0.164478
0.327091
0.315131
0.306848
0.297213
0.183291
0.189094
0.213721
0.206312
0.312754
0.335264
0.339412
0.314737
0.260476
0.249263
0.228509
0.237728
0.267986
0.281339
0.284125
0.299732
0.312754
0.306848
0.339412
0.335264
0.297213
0.315131
0.327091
2.13176e-33
0.00643588
4.15602e-33
0.00648467
0.0137398
0.0136678
0.0222815
0.0223604
0.0454236
0.0328013
0.0327658
0.045481
0.00648467
0.00643588
4.15602e-33
2.13176e-33
0.0604122
0.0606619
0.0783967
0.0778494
0.0986394
0.121202
0.119579
0.0976365
0.0136678
0.0223604
0.0222815
0.0137398
0.0454236
0.045481
0.0328013
0.0327658
0.145777
0.171938
0.168445
0.143325
0.199166
0.220589
0.194396
0.226869
0.0778494
0.0783967
0.0606619
0.0604122
0.119579
0.0976365
0.0986394
0.121202
0.171938
0.145777
0.143325
0.168445
0.246379
0.271109
0.281087
0.254401
0.294127
0.306254
0.329244
0.314807
0.346961
0.366317
0.332587
0.349447
0.194396
0.220589
0.226869
0.199166
0.357535
0.363997
0.379395
0.38832
0.246379
0.281087
0.271109
0.254401
0.392846
0.392846
0.366177
0.363997
0.306254
0.329244
0.294127
0.314807
0.38832
0.379395
0.349447
0.332587
0.366317
0.357535
0.346961
2.08861e-33
0.00629969
4.05041e-33
0.00637487
0.0135591
0.0134277
0.0219725
0.0221533
0.0452471
0.0454235
0.0326411
0.0324458
0.060739
0.0606619
0.0788374
0.0787281
0.00637487
0.00629969
4.05041e-33
2.08861e-33
0.0134277
0.0221533
0.0219725
0.0135591
0.0997899
0.123393
0.122478
0.0993528
0.149395
0.177416
0.174936
0.1478
0.0454235
0.0452471
0.0324458
0.0326411
0.0787281
0.060739
0.0788374
0.0606619
0.206974
0.237493
0.203366
0.232517
0.261735
0.290341
0.298804
0.268334
0.0997899
0.0993528
0.123393
0.122478
0.1478
0.174936
0.177416
0.149395
0.203366
0.232517
0.237493
0.206974
0.317637
0.342938
0.328195
0.355794
0.365599
0.402937
0.38092
0.38502
0.421281
0.400699
0.435477
0.412204
0.261735
0.290341
0.268334
0.298804
0.450056
0.419239
0.421601
0.445153
0.317637
0.328195
0.355794
0.342938
0.419239
0.450056
0.445153
0.412204
0.38502
0.38092
0.365599
0.402937
0.421281
0.400699
0.435477
2.02924e-33
0.00611283
3.91288e-33
0.00621295
0.0132618
0.0130736
0.021465
0.0217439
0.0318133
0.0445509
0.044957
0.0321639
0.00621295
0.00611283
3.91288e-33
2.02924e-33
0.0604123
0.0600104
0.0783966
0.0787281
0.09979
0.12413
0.0999299
0.123947
0.0130736
0.0217439
0.021465
0.0132618
0.044957
0.0445509
0.0321639
0.0318133
0.151228
0.180763
0.179364
0.150535
0.241765
0.212301
0.2453
0.209955
0.0600104
0.0604123
0.0783966
0.0787281
0.0999299
0.123947
0.12413
0.09979
0.274147
0.279139
0.306419
0.313129
0.337852
0.346541
0.378628
0.367719
0.151228
0.180763
0.150535
0.179364
0.2453
0.212301
0.209955
0.241765
0.313129
0.274147
0.306419
0.279139
0.395307
0.419936
0.40865
0.435898
0.479521
0.459716
0.45797
0.441004
0.478004
0.494824
0.505245
0.470414
0.337852
0.378628
0.346541
0.367719
0.478004
0.510521
0.480562
0.510521
0.435898
0.419936
0.395307
0.40865
0.470414
0.479521
0.459716
0.494824
0.505245
0.441004
0.45797
1.95472e-33
0.00587888
3.74602e-33
0.00600202
0.012854
0.0211409
0.0126129
0.0207699
0.0308826
0.0434091
0.0440352
0.0313806
0.00600202
0.00587888
3.74602e-33
1.95472e-33
0.0594404
0.0587235
0.0770856
0.0778494
0.0126129
0.0211409
0.0207699
0.012854
0.0986394
0.0993527
0.123393
0.123947
0.151228
0.181889
0.181608
0.151454
0.0313806
0.0440352
0.0434091
0.0308826
0.0587235
0.0778494
0.0594404
0.0770856
0.248077
0.215002
0.250072
0.213983
0.286515
0.283269
0.323658
0.318889
0.0993527
0.123393
0.123947
0.0986394
0.181608
0.181889
0.151228
0.151454
0.354199
0.397096
0.388444
0.360774
0.464257
0.420861
0.431847
0.450707
0.250072
0.215002
0.213983
0.248077
0.283269
0.318889
0.323658
0.286515
0.354199
0.360774
0.388444
0.397096
0.499974
0.477291
0.493594
0.519181
0.540421
0.556811
0.531577
0.518221
0.573604
0.542465
0.567962
0.53973
0.450707
0.431847
0.420861
0.464257
0.573604
0.53973
0.567962
0.531577
0.556811
0.499974
0.540421
0.477291
0.518221
0.493594
0.519181
1.86638e-33
0.00560217
3.55289e-33
0.00574608
0.00574608
0.00560217
3.55289e-33
1.86638e-33
0.0123438
0.0199019
0.0203572
0.0120545
0.0296748
0.0418487
0.04268
0.0303088
0.0578472
0.0568331
0.0749377
0.0761144
0.0203572
0.0199019
0.0123438
0.0120545
0.0976364
0.0963682
0.121203
0.122478
0.04268
0.0418487
0.0296748
0.0303088
0.149395
0.180763
0.181608
0.150535
0.215002
0.251678
0.251277
0.215337
0.0568331
0.0761144
0.0578472
0.0749377
0.0963682
0.121203
0.0976364
0.122478
0.288846
0.290255
0.330096
0.327403
0.366216
0.370492
0.404524
0.410675
0.180763
0.149395
0.150535
0.181608
0.215002
0.215337
0.251277
0.251678
0.441533
0.449847
0.4872
0.47645
0.508515
0.553313
0.521941
0.537004
0.288846
0.327403
0.290255
0.330096
0.366216
0.410675
0.370492
0.404524
0.441533
0.4872
0.47645
0.449847
0.603259
0.580763
0.561276
0.580624
0.632566
0.620706
0.595024
0.603711
0.603711
0.606635
0.638564
0.638564
0.508515
0.537004
0.553313
0.521941
0.632566
0.580763
0.595024
0.620706
0.580624
0.603259
0.561276
1.7657e-33
0.00528772
3.3369e-33
0.0054498
0.0117412
0.0114094
0.0188793
0.0194093
0.0054498
0.00528772
3.3369e-33
1.7657e-33
0.0194093
0.0188793
0.0117412
0.0114094
0.0282167
0.0399066
0.0409235
0.0289727
0.0556719
0.0543855
0.0720074
0.0735671
0.0948254
0.0930354
0.117616
0.11958
0.0289727
0.0282167
0.0409235
0.0399066
0.145777
0.177416
0.179364
0.1478
0.0735671
0.0720074
0.0556719
0.0543855
0.212301
0.250073
0.251277
0.213982
0.290722
0.332262
0.33172
0.290255
0.0948254
0.117616
0.0930354
0.11958
0.177416
0.179364
0.145777
0.1478
0.37542
0.418979
0.373565
0.415505
0.456733
0.46214
0.504072
0.49643
0.250073
0.213982
0.251277
0.212301
0.290255
0.33172
0.290722
0.332262
0.53378
0.543943
0.580933
0.567991
0.624136
0.643242
0.598335
0.61427
0.415505
0.373565
0.37542
0.418979
0.46214
0.456733
0.504072
0.49643
0.53378
0.580933
0.567991
0.543943
0.685686
0.667222
0.644835
0.659957
0.672266
0.669175
0.698228
0.70457
0.669175
0.70457
0.659957
0.698228
0.598335
0.644835
0.643242
0.61427
0.667222
0.685686
0.624136
1.65432e-33
0.00511845
0.00494097
3.10172e-33
0.0110578
0.0106896
0.0177227
0.0183168
0.0265404
0.0376279
0.0388069
0.0274019
0.00511845
0.00494097
3.10172e-33
1.65432e-33
0.0106896
0.0183168
0.0177227
0.0110578
0.0388069
0.0376279
0.0265404
0.0274019
0.0529678
0.0514404
0.0683686
0.0702721
0.0909929
0.0887274
0.112728
0.115328
0.143324
0.140473
0.171938
0.174936
0.0514404
0.0702721
0.0529678
0.0683686
0.206974
0.245301
0.248077
0.209954
0.0909929
0.112728
0.115328
0.0887274
0.33172
0.288845
0.286515
0.330096
0.421773
0.376037
0.37542
0.421074
0.140473
0.143324
0.174936
0.171938
0.209954
0.248077
0.245301
0.206974
0.466029
0.514392
0.510074
0.468375
0.552361
0.601248
0.55897
0.592045
0.33172
0.288845
0.286515
0.330096
0.421773
0.37542
0.421074
0.376037
0.675602
0.660438
0.64039
0.628325
0.706158
0.687717
0.709565
0.73142
0.466029
0.514392
0.510074
0.468375
0.552361
0.601248
0.55897
0.592045
0.660438
0.628325
0.675602
0.64039
0.725526
0.764047
0.735238
0.750855
0.770715
0.770715
0.738504
0.735238
0.725526
0.73142
0.750855
0.764047
0.706158
0.709565
0.687717
1.53396e-33
2.85107e-33
0.00475764
0.00456764
0.010306
0.00990809
0.0164553
0.0171018
0.0246821
0.0350652
0.0363791
0.0256305
0.00475764
0.00456764
2.85107e-33
1.53396e-33
0.0498007
0.0480692
0.0641129
0.0663123
0.00990809
0.0171018
0.0164553
0.010306
0.0256305
0.0246821
0.0363791
0.0350652
0.0480692
0.0663123
0.0641129
0.0498007
0.0862381
0.0835558
0.106668
0.109836
0.133624
0.164478
0.168445
0.137227
0.199167
0.237494
0.241766
0.203365
0.0862381
0.109836
0.106668
0.0835558
0.283268
0.323658
0.327403
0.27914
0.164478
0.168445
0.133624
0.137227
0.370492
0.418979
0.373564
0.421074
0.517865
0.469157
0.468375
0.516995
0.237494
0.199167
0.203365
0.241766
0.327403
0.283268
0.323658
0.27914
0.608475
0.563725
0.566592
0.613674
0.658231
0.688621
0.650384
0.699405
0.370492
0.418979
0.373564
0.421074
0.517865
0.468375
0.469157
0.516995
0.76844
0.751093
0.736388
0.722425
0.794913
0.774045
0.790786
0.815261
0.563725
0.613674
0.608475
0.566592
0.699405
0.688621
0.650384
0.658231
0.722425
0.751093
0.736388
0.76844
0.804398
0.800982
0.829067
0.836043
0.836043
0.800982
0.790786
0.815261
0.829067
0.794913
0.774045
1.40632e-33
0.00417347
2.58869e-33
0.00437312
0.00437312
0.00417347
2.58869e-33
1.40632e-33
0.00949922
0.00907832
0.0151012
0.0157878
0.0226806
0.0322762
0.0336956
0.0236962
0.0462467
0.0443523
0.0593463
0.061787
0.0157878
0.0151012
0.00949922
0.00907832
0.0806838
0.0776534
0.0995964
0.103249
0.0336956
0.0226806
0.0322762
0.0236962
0.0593463
0.0443523
0.061787
0.0462467
0.0806838
0.103249
0.0995964
0.0776534
0.129673
0.125415
0.155241
0.160068
0.189094
0.226869
0.232518
0.194394
0.274145
0.31889
0.268335
0.313129
0.155241
0.160068
0.125415
0.129673
0.360774
0.415505
0.366215
0.410675
0.189094
0.194394
0.232518
0.226869
0.514392
0.516996
0.466028
0.46214
0.616809
0.56755
0.617856
0.566592
0.31889
0.274145
0.268335
0.313129
0.415505
0.366215
0.360774
0.410675
0.667281
0.713966
0.707873
0.663878
0.757039
0.783336
0.795674
0.747957
0.46214
0.466028
0.516996
0.514392
0.617856
0.566592
0.56755
0.616809
0.856722
0.829122
0.837293
0.813321
0.854782
0.865414
0.8923
0.877923
0.663878
0.667281
0.707873
0.713966
0.747957
0.757039
0.795674
0.783336
0.829122
0.856722
0.813321
0.837293
0.868989
0.899562
0.899562
0.865414
0.877923
0.8923
0.854782
1.27305e-33
0.00376406
2.31808e-33
0.00397059
1.27305e-33
0.00397059
0.00376406
2.31808e-33
0.00865072
0.00821353
0.0136849
0.0143994
0.0143994
0.0136849
0.00865072
0.00821353
0.0216389
0.0205764
0.0293222
0.0308162
0.0423899
0.0403768
0.0541861
0.0568082
0.0744721
0.0711709
0.0916976
0.0957385
0.0308162
0.0293222
0.0205764
0.0216389
0.120864
0.116064
0.144475
0.150032
0.0403768
0.0568082
0.0541861
0.0423899
0.0744721
0.0957385
0.0916976
0.0711709
0.116064
0.120864
0.150032
0.144475
0.177033
0.213721
0.22059
0.183289
0.261733
0.298805
0.254401
0.30642
0.404525
0.354197
0.346542
0.397097
0.177033
0.213721
0.22059
0.183289
0.510075
0.449848
0.456731
0.504073
0.254401
0.30642
0.298805
0.261733
0.613675
0.616809
0.55897
0.563725
0.667282
0.71764
0.718867
0.668419
0.404525
0.397097
0.346542
0.354197
0.456731
0.510075
0.449848
0.504073
0.812335
0.763576
0.767515
0.805363
0.852493
0.887224
0.873405
0.842215
0.613675
0.563725
0.55897
0.616809
0.668419
0.71764
0.667282
0.718867
0.898337
0.916502
0.937846
0.915861
0.927556
0.931259
0.952749
0.960275
0.767515
0.763576
0.805363
0.812335
0.887224
0.842215
0.873405
0.852493
0.960275
0.898337
0.952749
0.927556
0.916502
0.937846
0.915861
0.00355547
0.0033446
2.04246e-33
1.1357e-33
1.1357e-33
0.0033446
2.04246e-33
0.00355547
0.00777357
0.00732641
0.0122304
0.0129609
0.00777357
0.00732641
0.0129609
0.0122304
0.0184098
0.0262658
0.027803
0.019499
0.027803
0.0262658
0.0184098
0.019499
0.0383197
0.0362335
0.0487569
0.0514975
0.0677608
0.0642716
0.0831773
0.0875022
0.111035
0.105821
0.132474
0.13861
0.0487569
0.0362335
0.0514975
0.0383197
0.170355
0.163314
0.198414
0.206313
0.0642716
0.0677608
0.0875022
0.0831773
0.132474
0.111035
0.13861
0.105821
0.170355
0.206313
0.198414
0.163314
0.290342
0.246376
0.237729
0.281088
0.388445
0.337849
0.378629
0.328196
0.496431
0.431848
0.487201
0.44153
0.290342
0.281088
0.246376
0.237729
0.608475
0.543943
0.601249
0.552359
0.388445
0.328196
0.337849
0.378629
0.658231
0.713967
0.663877
0.71764
0.816538
0.817943
0.768833
0.767515
0.496431
0.487201
0.431848
0.44153
0.543943
0.552359
0.608475
0.601249
0.864349
0.905885
0.898076
0.859892
0.94178
0.956175
0.971357
0.930382
0.663877
0.713967
0.71764
0.658231
0.767515
0.768833
0.816538
0.817943
0.974974
0.994053
1.00943
0.986395
0.986395
0.990234
1.0172
1.0172
0.898076
0.859892
0.905885
0.864349
0.94178
0.971357
0.956175
1.00943
0.994053
0.930382
0.974974
0.00313269
0.0029197
1.76461e-33
9.95621e-34
0.0114958
0.0107602
0.00687995
0.00642856
9.95621e-34
0.0029197
1.76461e-33
0.00313269
0.00687995
0.00642856
0.0107602
0.0114958
0.0162198
0.0231686
0.0247186
0.0173165
0.0231686
0.0162198
0.0173165
0.0247186
0.0341275
0.0320138
0.0431867
0.0459817
0.0320138
0.0459817
0.0431867
0.0341275
0.0607176
0.0571265
0.0742544
0.0787525
0.100447
0.094957
0.11956
0.12611
0.148314
0.181373
0.190083
0.155946
0.0571265
0.0607176
0.0787525
0.0742544
0.228505
0.218784
0.260477
0.27111
0.094957
0.11956
0.100447
0.12611
0.181373
0.155946
0.190083
0.148314
0.218784
0.27111
0.228505
0.260477
0.306255
0.317634
0.355795
0.36772
0.476452
0.408651
0.464258
0.420858
0.580934
0.521942
0.592046
0.533778
0.36772
0.355795
0.306255
0.317634
0.64039
0.707874
0.699405
0.650383
0.408651
0.420858
0.476452
0.464258
0.812336
0.757039
0.816538
0.763575
0.865841
0.912166
0.910593
0.864349
0.592046
0.580934
0.533778
0.521942
0.707874
0.650383
0.64039
0.699405
0.98328
0.949987
0.95493
0.991859
1.02227
1.00986
1.0456
1.02921
0.812336
0.763575
0.757039
0.816538
0.865841
0.912166
0.910593
0.864349
1.04492
1.0614
1.04098
1.06938
1.04098
1.0614
1.02921
1.06938
0.98328
0.95493
0.991859
0.949987
1.0456
1.02227
1.00986
0.00270653
0.00249324
1.48676e-33
8.53951e-34
0.0100255
0.00929462
0.00598073
0.00553002
8.53951e-34
0.00249324
1.48676e-33
0.00270653
0.021623
0.0200888
0.014042
0.0151287
0.00598073
0.00553002
0.00929462
0.0100255
0.014042
0.0200888
0.021623
0.0151287
0.0299036
0.027806
0.0376018
0.0403885
0.0403885
0.0376018
0.0299036
0.027806
0.0535148
0.0499075
0.0651538
0.0697125
0.0535148
0.0697125
0.0651538
0.0499075
0.0893779
0.083754
0.106079
0.112869
0.140456
0.13244
0.163067
0.172347
0.208619
0.198095
0.237551
0.249265
0.106079
0.0893779
0.112869
0.083754
0.34294
0.294123
0.329245
0.28134
0.13244
0.163067
0.172347
0.140456
0.198095
0.249265
0.237551
0.208619
0.34294
0.28134
0.294123
0.329245
0.435899
0.380921
0.450709
0.395303
0.553314
0.567993
0.493595
0.508512
0.688622
0.614271
0.675602
0.628323
0.380921
0.450709
0.435899
0.395303
0.736389
0.795675
0.805364
0.747955
0.493595
0.553314
0.567993
0.508512
0.852493
0.905886
0.859891
0.910593
0.956585
0.95493
0.997031
0.99876
0.628323
0.614271
0.688622
0.675602
0.805364
0.747955
0.795675
0.736389
1.05847
1.06773
1.03659
1.03121
1.09038
1.07832
1.0916
1.10777
0.859891
0.905886
0.852493
0.910593
0.99876
0.956585
0.95493
0.997031
1.09443
1.09038
1.11593
1.11593
1.05847
1.03659
1.07832
1.10777
1.03121
1.06773
1.0916
0.00228041
0.0020682
1.21054e-33
7.11577e-34
0.00856872
0.00785045
0.00508502
0.00463887
7.11577e-34
0.0020682
1.21054e-33
0.00228041
0.0185719
0.0170787
0.0119077
0.0129695
0.00508502
0.00463887
0.00785045
0.00856872
0.0348417
0.0321221
0.0257334
0.0236916
0.0119077
0.0170787
0.0185719
0.0129695
0.0257334
0.0236916
0.0321221
0.0348417
0.0463228
0.0427817
0.0560981
0.0606069
0.0463228
0.0606069
0.0560981
0.0427817
0.0781137
0.0724984
0.0923854
0.0992367
0.0724984
0.0781137
0.0992367
0.0923854
0.11612
0.143999
0.153596
0.124306
0.187272
0.176238
0.212954
0.22542
0.267982
0.314809
0.254157
0.299733
0.11612
0.153596
0.143999
0.124306
0.349448
0.419938
0.402938
0.365595
0.176238
0.212954
0.22542
0.187272
0.299733
0.254157
0.314809
0.267982
0.402938
0.349448
0.365595
0.419938
0.537005
0.459717
0.519183
0.477287
0.580625
0.660439
0.643243
0.598331
0.706159
0.768441
0.783337
0.722423
0.519183
0.537005
0.459717
0.477287
0.887224
0.829123
0.842213
0.898077
0.660439
0.598331
0.580625
0.643243
0.941781
0.99186
0.949986
0.997032
1.07518
1.03839
1.03659
1.07331
0.783337
0.706159
0.722423
0.768441
0.887224
0.842213
0.898077
0.829123
1.10117
1.12143
1.13126
1.10693
1.14774
1.13375
1.13788
1.15606
0.997032
0.941781
0.99186
0.949986
1.03839
1.07331
1.03659
1.07518
1.10693
1.12143
1.13126
1.13375
1.15606
1.14774
1.10117
0.00185685
0.00164657
9.3691e-34
5.69114e-34
0.00714032
0.00644057
0.0041998
0.00376092
5.69114e-34
0.00164657
9.3691e-34
0.00185685
0.0156137
0.0141823
0.00984181
0.0108669
0.0041998
0.00376092
0.00644057
0.00714032
0.0294558
0.0268554
0.0216937
0.019742
0.00984181
0.0141823
0.0156137
0.0108669
0.0393032
0.0516539
0.047299
0.0359038
0.0216937
0.019742
0.0268554
0.0294558
0.0393032
0.0359038
0.047299
0.0516539
0.0669375
0.0614679
0.0788317
0.0855697
0.0669375
0.0855697
0.0614679
0.0788317
0.107927
0.0997876
0.124686
0.134341
0.124686
0.0997876
0.107927
0.134341
0.165055
0.153814
0.187374
0.200243
0.284127
0.239948
0.225471
0.268099
0.366319
0.385023
0.315132
0.332582
0.153814
0.200243
0.187374
0.165055
0.421282
0.479522
0.499976
0.441
0.268099
0.225471
0.284127
0.239948
0.366319
0.315132
0.385023
0.332582
0.421282
0.479522
0.441
0.499976
0.624137
0.603261
0.540423
0.561273
0.667223
0.731421
0.751094
0.687713
0.856722
0.813318
0.873406
0.794913
0.624137
0.603261
0.540423
0.561273
0.93038
0.915862
0.98328
0.971357
0.731421
0.687713
0.667223
0.751094
1.06773
1.02227
1.03121
1.07331
1.13917
1.13719
1.10886
1.10693
0.794913
0.856722
0.813318
0.873406
0.971357
0.98328
0.93038
0.915862
1.17034
1.18061
1.15782
1.16388
1.17454
1.18905
1.18905
1.17034
1.03121
1.06773
1.07331
1.02227
1.13719
1.18061
1.10886
1.13917
1.16388
1.15782
1.10693
0.00143733
0.00122934
6.66202e-34
4.26917e-34
4.26917e-34
0.00122934
6.66202e-34
0.00143733
0.00575094
0.00507312
0.00332964
0.00289945
0.0127873
0.0114327
0.00786174
0.00884228
0.00332964
0.00289945
0.00507312
0.00575094
0.016014
0.0243309
0.0218925
0.0178491
0.00786174
0.0114327
0.0127873
0.00884228
0.0326021
0.0430562
0.0389472
0.0294091
0.0178491
0.016014
0.0218925
0.0243309
0.0561185
0.072213
0.0657526
0.0509202
0.0326021
0.0294091
0.0389472
0.0430562
0.0561185
0.0509202
0.0657526
0.072213
0.0917477
0.0838631
0.105642
0.1151
0.0917477
0.1151
0.105642
0.0838631
0.142579
0.131436
0.16152
0.174437
0.174437
0.131436
0.16152
0.142579
0.251765
0.210813
0.235239
0.19609
0.278952
0.297208
0.346963
0.327092
0.379397
0.457972
0.435478
0.400694
0.235239
0.19609
0.251765
0.210813
0.494826
0.580765
0.556813
0.518217
0.278952
0.327092
0.297208
0.346963
0.435478
0.379397
0.457972
0.400694
0.580765
0.494826
0.556813
0.518217
0.709566
0.620708
0.685687
0.644832
0.815262
0.750856
0.837294
0.774042
0.898335
0.877924
0.937847
0.956176
0.620708
0.685687
0.709566
0.644832
0.994053
1.05847
1.00986
1.0456
0.750856
0.837294
0.774042
0.815262
1.0916
1.13126
1.10117
1.13719
1.18887
1.16388
1.16592
1.1868
0.898335
0.956176
0.937847
0.877924
1.00986
1.0456
0.994053
1.05847
1.21433
1.20375
1.1995
1.20579
1.20579
1.1868
1.1995
1.21433
1.13126
1.10117
1.0916
1.13719
1.16592
1.18887
1.16388
2.85109e-34
0.000816533
3.9812e-34
0.00102235
0.00102235
0.000816533
3.9812e-34
2.85109e-34
0.00440615
0.003751
0.00247652
0.0020551
0.00247652
0.0020551
0.003751
0.00440615
0.0101193
0.00884956
0.00597605
0.00690886
0.0195468
0.0173012
0.014248
0.0125466
0.00597605
0.00884956
0.00690886
0.0101193
0.0263418
0.0349905
0.0312034
0.0234055
0.014248
0.0125466
0.0173012
0.0195468
0.0458999
0.0594871
0.0410807
0.0534506
0.0263418
0.0234055
0.0312034
0.0349905
0.0761768
0.0963757
0.0873561
0.0687372
0.0458999
0.0410807
0.0534506
0.0594871
0.0761768
0.0687372
0.0873561
0.0963757
0.120448
0.109695
0.136094
0.148711
0.120448
0.148711
0.109695
0.136094
0.166826
0.202077
0.18139
0.218638
0.166826
0.218638
0.202077
0.18139
0.286381
0.30685
0.241937
0.26048
0.335266
0.412206
0.35753
0.388322
0.445155
0.505246
0.531579
0.470409
0.286381
0.241937
0.30685
0.26048
0.567963
0.659959
0.632567
0.59502
0.388322
0.335266
0.35753
0.412206
0.531579
0.445155
0.505246
0.470409
0.632567
0.567963
0.659959
0.59502
0.764048
0.790788
0.698229
0.725523
0.892301
0.829068
0.916503
0.854779
0.974972
1.00943
1.02921
0.95275
0.698229
0.790788
0.725523
0.764048
1.07832
1.10777
1.0614
1.12143
0.854779
0.892301
0.916503
0.829068
1.15782
1.1868
1.14774
1.18061
1.22284
1.20579
1.2207
1.2079
0.95275
0.974972
1.02921
1.00943
1.07832
1.12143
1.10777
1.0614
1.2207
1.22501
1.23144
1.23144
1.18061
1.22284
1.2079
1.1868
1.15782
1.14774
1.20579
0.000611474
0.000407272
1.31849e-34
1.43638e-34
1.43638e-34
0.000407272
1.31849e-34
0.000611474
0.00163978
0.00122587
0.00247144
0.00310605
0.00310605
0.00247144
0.00163978
0.00122587
0.00762215
0.00643745
0.00418335
0.00507031
0.00418335
0.00507031
0.00643745
0.00762215
0.0151581
0.0131209
0.010919
0.00935711
0.020614
0.0275983
0.0241869
0.017966
0.010919
0.00935711
0.0131209
0.0151581
0.0364859
0.0476725
0.0421798
0.0321294
0.020614
0.017966
0.0241869
0.0275983
0.0615829
0.0786374
0.0702688
0.0547519
0.0364859
0.0321294
0.0421798
0.0476725
0.0992381
0.123754
0.111767
0.0891454
0.0615829
0.0547519
0.0702688
0.0786374
0.123754
0.0992381
0.0891454
0.111767
0.138472
0.16953
0.185671
0.152485
0.152485
0.185671
0.138472
0.16953
0.26583
0.205125
0.223438
0.245342
0.26583
0.205125
0.245342
0.223438
0.290154
0.339413
0.364
0.312749
0.392847
0.450058
0.478007
0.419234
0.573606
0.603713
0.510523
0.539725
0.339413
0.290154
0.364
0.312749
0.638566
0.735239
0.704571
0.669171
0.478007
0.450058
0.392847
0.419234
0.510523
0.603713
0.539725
0.573606
0.638566
0.735239
0.704571
0.669171
0.800979
0.770716
0.836044
0.865415
0.927554
0.899563
0.986396
0.960276
1.09038
1.0172
1.04098
1.06938
0.836044
0.865415
0.770716
0.800979
1.17034
1.15606
1.13375
1.11593
0.899563
0.960276
0.927554
0.986396
1.18905
1.1995
1.2207
1.21433
1.2379
1.23359
1.23144
1.24007
1.06938
1.0172
1.04098
1.09038
1.11593
1.13375
1.17034
1.15606
1.23144
1.2207
1.23359
1.24007
1.18905
1.21433
1.1995
2.85656e-36
0.000203453
0.000203453
2.85656e-36
0.00184499
0.000816177
0.000816177
0.00184499
0.00529186
0.00331991
0.00331991
0.00529186
0.0078671
0.0111877
0.0078671
0.0111877
0.0154711
0.0209747
0.0280286
0.036993
0.0154711
0.0209747
0.0482759
0.0622942
0.036993
0.0280286
0.0794705
0.100209
0.0622942
0.0482759
0.124869
0.153763
0.0794705
0.100209
0.124869
0.153763
0.187111
0.225061
0.187111
0.225061
0.267628
0.31474
0.31474
0.267628
0.366172
0.421603
0.480557
0.542467
0.672268
0.60663
0.421603
0.366172
0.8044
0.738501
0.542467
0.480557
0.60663
0.672268
0.8044
0.738501
0.868986
0.93126
1.04492
0.990232
1.13788
1.09443
0.868986
0.93126
1.20375
1.17454
1.04492
0.990232
1.2379
1.22501
1.24224
1.2379
1.09443
1.13788
1.17454
1.22501
1.20375
0.138472
0.290154
0.245342
0.000407272
0.16953
0.205125
0.16953
0.205125
0.138472
0.00643745
0.00935711
0.111767
0.245342
0.017966
0.0891454
0.0702688
0.290154
0.0547519
0.0421798
0.339413
0.0321294
0.0241869
0.392847
0.0131209
0.450058
0.510523
0.00418335
0.00247144
0.573606
0.00122587
0.638566
0.704571
0.000407272
0.339413
0.392847
0.770716
0.836044
0.510523
0.899563
0.00122587
0.960276
1.0172
0.00247144
1.06938
1.11593
0.00418335
1.15606
1.18905
0.00643745
1.0172
1.21433
1.06938
1.23144
0.00935711
1.24007
1.24007
0.0131209
1.23144
1.21433
0.017966
1.18905
1.15606
0.0241869
1.11593
0.0321294
0.960276
0.0421798
0.899563
0.836044
0.0547519
0.770716
0.704571
0.0702688
0.638566
0.573606
0.0891454
0.450058
0.111767
1.31849e-34
1.31849e-34
1.43638e-34
0.000611474
0.000611474
1.43638e-34
0.00310605
0.00163978
0.00163978
0.00310605
0.00507031
0.00762215
0.00507031
0.00762215
0.0151581
0.010919
0.010919
0.0151581
0.0275983
0.020614
0.0476725
0.0364859
0.020614
0.0275983
0.0615829
0.0786374
0.0476725
0.0364859
0.123754
0.0992381
0.0615829
0.0786374
0.152485
0.185671
0.0992381
0.123754
0.152485
0.185671
0.26583
0.223438
0.26583
0.223438
0.312749
0.364
0.364
0.312749
0.478007
0.419234
0.603713
0.539725
0.669171
0.735239
0.419234
0.478007
0.865415
0.800979
0.603713
0.539725
0.735239
0.669171
0.800979
0.865415
0.927554
0.986396
1.09038
1.04098
1.13375
1.17034
0.986396
0.927554
1.2207
1.1995
1.09038
1.04098
1.2379
1.23359
1.23359
1.2207
1.17034
1.13375
1.1995
0.241937
0.202077
0.202077
0.166826
0.241937
0.136094
0.003751
0.109695
0.0873561
0.286381
0.0687372
0.335266
0.0534506
0.0410807
0.0312034
0.388322
0.0234055
0.445155
0.0173012
0.0125466
0.00884956
0.505246
0.00597605
0.567963
0.0020551
0.000816533
0.632567
0.698229
0.000816533
0.764048
0.286381
0.829068
0.892301
0.388322
0.0020551
0.95275
1.00943
0.567963
1.0614
0.003751
1.10777
0.00597605
1.14774
1.18061
1.20579
0.892301
0.00884956
1.22284
0.0125466
1.0614
1.23144
1.23144
1.22284
0.0173012
1.20579
0.0234055
1.18061
1.14774
1.10777
0.0312034
0.0410807
1.00943
0.95275
0.0534506
0.829068
0.0687372
0.764048
0.698229
0.632567
0.0873561
0.109695
0.505246
0.445155
0.136094
0.335266
0.166826
3.9812e-34
3.9812e-34
2.85109e-34
0.00102235
0.00102235
2.85109e-34
0.00440615
0.00247652
0.00247652
0.00440615
0.00690886
0.0101193
0.0101193
0.00690886
0.0195468
0.014248
0.014248
0.0195468
0.0349905
0.0263418
0.0458999
0.0594871
0.0263418
0.0349905
0.0761768
0.0963757
0.0594871
0.0458999
0.120448
0.148711
0.0963757
0.0761768
0.218638
0.18139
0.120448
0.148711
0.218638
0.18139
0.26048
0.30685
0.30685
0.26048
0.412206
0.35753
0.35753
0.412206
0.531579
0.470409
0.659959
0.59502
0.725523
0.790788
0.531579
0.470409
0.854779
0.916503
0.59502
0.659959
0.790788
0.725523
0.854779
0.916503
0.974972
1.02921
1.07832
1.12143
1.15782
1.1868
1.02921
0.974972
1.2207
1.2079
1.07832
1.12143
1.22501
1.2207
1.2079
1.15782
1.1868
0.235239
0.16152
0.278952
0.00122934
0.131436
0.105642
0.0838631
0.327092
0.0657526
0.0114327
0.016014
0.379397
0.0509202
0.0389472
0.0294091
0.435478
0.0218925
0.494826
0.00786174
0.556813
0.00507312
0.620708
0.00289945
0.685687
0.750856
0.00122934
0.815262
0.235239
0.877924
0.00289945
0.937847
0.994053
1.0456
0.435478
0.494826
0.00507312
1.0916
0.00786174
1.13126
1.16388
1.18887
0.0114327
0.815262
1.20579
0.016014
0.937847
0.994053
1.21433
1.21433
1.20579
0.0218925
1.18887
0.0294091
1.16388
1.13126
1.0916
0.0389472
1.0456
0.0509202
0.877924
0.0657526
0.0838631
0.750856
0.685687
0.620708
0.105642
0.556813
0.131436
0.379397
0.16152
0.327092
0.19609
0.278952
0.19609
6.66202e-34
6.66202e-34
4.26917e-34
0.00143733
0.00143733
4.26917e-34
0.00332964
0.00575094
0.00332964
0.00575094
0.00884228
0.0127873
0.0127873
0.00884228
0.0243309
0.0178491
0.0178491
0.0243309
0.0326021
0.0430562
0.0561185
0.072213
0.0326021
0.0430562
0.0917477
0.1151
0.072213
0.0561185
0.174437
0.142579
0.0917477
0.1151
0.251765
0.210813
0.142579
0.174437
0.251765
0.210813
0.346963
0.297208
0.346963
0.297208
0.400694
0.457972
0.457972
0.400694
0.580765
0.518217
0.709566
0.644832
0.774042
0.837294
0.518217
0.580765
0.898335
0.956176
0.644832
0.709566
0.837294
0.774042
0.898335
0.956176
1.05847
1.00986
1.10117
1.13719
1.16592
1.1868
1.00986
1.05847
1.20375
1.1995
1.13719
1.10117
1.1995
1.1868
1.16592
0.315132
0.0997876
0.0788317
0.366319
0.0614679
0.047299
0.421282
0.0359038
0.0268554
0.479522
0.019742
0.0141823
0.540423
0.00984181
0.00644057
0.603261
0.00376092
0.00164657
0.667223
0.731421
0.00164657
0.124686
0.153814
0.794913
0.856722
0.225471
0.915862
0.00376092
0.971357
1.02227
0.00644057
1.06773
1.10693
0.00984181
1.13917
1.16388
0.0141823
0.667223
1.18061
0.731421
1.18905
0.019742
1.18905
1.18061
0.0268554
0.971357
1.02227
1.16388
1.13917
0.0359038
1.10693
1.06773
0.047299
0.0614679
0.915862
0.856722
0.0788317
0.794913
0.0997876
0.603261
0.124686
0.540423
0.479522
0.153814
0.421282
0.366319
0.187374
0.315132
0.268099
0.225471
0.187374
0.268099
9.3691e-34
9.3691e-34
5.69114e-34
0.00185685
0.00185685
5.69114e-34
0.00714032
0.0041998
0.0041998
0.00714032
0.0156137
0.0108669
0.0108669
0.0156137
0.0294558
0.0216937
0.0216937
0.0294558
0.0516539
0.0393032
0.0669375
0.0855697
0.0516539
0.0393032
0.134341
0.107927
0.0669375
0.0855697
0.200243
0.165055
0.134341
0.107927
0.284127
0.239948
0.200243
0.165055
0.239948
0.284127
0.385023
0.332582
0.332582
0.385023
0.499976
0.441
0.441
0.499976
0.624137
0.561273
0.751094
0.687713
0.813318
0.873406
0.561273
0.624137
0.98328
0.93038
0.687713
0.751094
0.873406
0.813318
0.98328
0.93038
1.03121
1.07331
1.10886
1.13719
1.15782
1.17034
1.07331
1.03121
1.17034
1.17454
1.10886
1.15782
1.13719
0.0724984
0.0560981
0.402938
0.0427817
0.459717
0.0321221
0.0236916
0.0170787
0.519183
0.0119077
0.580625
0.00785045
0.00463887
0.0020682
0.643243
0.706159
0.0020682
0.768441
0.0923854
0.829123
0.887224
0.143999
0.00463887
0.941781
0.99186
0.254157
1.03659
0.00785045
1.07518
0.0119077
1.10693
1.13126
1.14774
0.519183
0.0170787
1.15606
0.0236916
0.706159
1.15606
1.14774
1.13126
0.0321221
0.887224
1.10693
0.0427817
1.07518
1.03659
0.99186
0.0560981
0.941781
0.0724984
0.829123
0.768441
0.0923854
0.11612
0.643243
0.580625
0.143999
0.459717
0.176238
0.402938
0.349448
0.299733
0.212954
0.254157
0.212954
0.176238
0.299733
0.11612
0.349448
1.21054e-33
1.21054e-33
7.11577e-34
0.00228041
0.00228041
7.11577e-34
0.00856872
0.00508502
0.00508502
0.00856872
0.0185719
0.0129695
0.0185719
0.0129695
0.0257334
0.0348417
0.0257334
0.0348417
0.0463228
0.0606069
0.0781137
0.0992367
0.0463228
0.0606069
0.153596
0.124306
0.0992367
0.0781137
0.22542
0.187272
0.153596
0.124306
0.314809
0.267982
0.22542
0.187272
0.267982
0.314809
0.419938
0.365595
0.419938
0.365595
0.537005
0.477287
0.537005
0.477287
0.660439
0.598331
0.722423
0.783337
0.898077
0.842213
0.598331
0.660439
0.949986
0.997032
0.783337
0.722423
0.842213
0.898077
0.997032
0.949986
1.07331
1.03839
1.12143
1.10117
1.13375
1.13788
1.03839
1.07331
1.12143
1.13375
1.10117
0.435899
0.0376018
0.493595
0.027806
0.0200888
0.014042
0.553314
0.00929462
0.614271
0.00553002
0.00249324
0.675602
0.736389
0.00249324
0.795675
0.0651538
0.852493
0.00553002
0.905886
0.95493
0.99876
0.163067
0.198095
0.00929462
1.03659
0.014042
1.06773
1.0916
1.10777
0.0200888
0.435899
1.11593
0.027806
0.553314
0.614271
1.11593
1.10777
1.0916
0.0376018
0.795675
1.06773
0.0499075
1.03659
0.99876
0.95493
0.0651538
0.905886
0.083754
0.852493
0.736389
0.106079
0.675602
0.13244
0.493595
0.163067
0.198095
0.380921
0.329245
0.28134
0.237551
0.237551
0.28134
0.13244
0.329245
0.106079
0.380921
0.083754
0.0499075
1.48676e-33
1.48676e-33
8.53951e-34
0.00270653
0.00270653
8.53951e-34
0.00598073
0.0100255
0.00598073
0.0100255
0.021623
0.0151287
0.0151287
0.021623
0.0299036
0.0403885
0.0299036
0.0403885
0.0697125
0.0535148
0.112869
0.0893779
0.0535148
0.0697125
0.140456
0.172347
0.0893779
0.112869
0.208619
0.249265
0.140456
0.172347
0.294123
0.34294
0.249265
0.208619
0.294123
0.34294
0.450709
0.395303
0.450709
0.395303
0.567993
0.508512
0.508512
0.567993
0.688622
0.628323
0.805364
0.747955
0.859891
0.910593
0.628323
0.688622
0.997031
0.956585
0.805364
0.747955
0.859891
0.910593
0.997031
0.956585
1.05847
1.03121
1.09038
1.07832
1.09443
1.09038
1.03121
1.07832
1.05847
0.521942
0.0162198
0.0107602
0.580934
0.00642856
0.0029197
0.64039
0.699405
0.0029197
0.0231686
0.0320138
0.757039
0.812336
0.0571265
0.864349
0.00642856
0.912166
0.95493
0.0107602
0.991859
1.02227
0.0162198
1.0456
1.0614
0.0231686
0.306255
1.06938
0.355795
1.06938
0.0320138
1.0614
1.0456
0.0431867
0.580934
0.64039
1.02227
0.991859
0.0571265
0.95493
0.912166
0.0742544
0.864349
0.812336
0.094957
0.757039
0.699405
0.11956
0.148314
0.521942
0.464258
0.181373
0.408651
0.218784
0.260477
0.260477
0.218784
0.181373
0.306255
0.148314
0.11956
0.355795
0.094957
0.0742544
0.408651
0.0431867
0.464258
1.76461e-33
1.76461e-33
9.95621e-34
0.00313269
0.00313269
9.95621e-34
0.0114958
0.00687995
0.00687995
0.0114958
0.0173165
0.0247186
0.0247186
0.0173165
0.0459817
0.0341275
0.0341275
0.0459817
0.0607176
0.0787525
0.100447
0.12611
0.0607176
0.0787525
0.190083
0.155946
0.12611
0.100447
0.228505
0.27111
0.155946
0.190083
0.317634
0.36772
0.228505
0.27111
0.36772
0.317634
0.476452
0.420858
0.420858
0.476452
0.533778
0.592046
0.592046
0.533778
0.707874
0.650383
0.816538
0.763575
0.910593
0.865841
0.707874
0.650383
0.949987
0.98328
0.816538
0.763575
0.865841
0.910593
0.98328
0.949987
1.00986
1.02921
1.04492
1.04098
1.04098
1.02921
1.00986
0.00732641
0.0033446
0.601249
0.658231
0.0033446
0.713967
0.0122304
0.767515
0.817943
0.0262658
0.00732641
0.864349
0.905885
0.0642716
0.94178
0.0122304
0.971357
0.0184098
0.994053
1.00943
1.0172
0.198414
0.0262658
1.0172
0.0362335
0.328196
1.00943
0.994053
0.971357
0.0487569
0.487201
0.94178
0.0642716
0.905885
0.864349
0.817943
0.0831773
0.767515
0.105821
0.713967
0.658231
0.601249
0.132474
0.543943
0.163314
0.431848
0.378629
0.198414
0.237729
0.281088
0.237729
0.281088
0.163314
0.328196
0.132474
0.105821
0.0831773
0.378629
0.431848
0.0487569
0.0362335
0.487201
0.0184098
0.543943
2.04246e-33
2.04246e-33
1.1357e-33
0.00355547
0.00355547
1.1357e-33
0.00777357
0.0129609
0.00777357
0.0129609
0.027803
0.019499
0.027803
0.019499
0.0514975
0.0383197
0.0383197
0.0514975
0.0677608
0.0875022
0.13861
0.111035
0.0677608
0.0875022
0.206313
0.170355
0.111035
0.13861
0.246376
0.290342
0.170355
0.206313
0.337849
0.388445
0.246376
0.290342
0.337849
0.388445
0.496431
0.44153
0.496431
0.44153
0.608475
0.552359
0.608475
0.552359
0.663877
0.71764
0.816538
0.768833
0.898076
0.859892
0.71764
0.663877
0.930382
0.956175
0.816538
0.768833
0.859892
0.898076
0.956175
0.930382
0.986395
0.974974
0.986395
0.990234
0.974974
0.613675
0.667282
0.00376406
0.00376406
0.718867
0.767515
0.00821353
0.812335
0.852493
0.0293222
0.0403768
0.887224
0.0136849
0.915861
0.0205764
0.937846
0.952749
0.960275
0.144475
0.0293222
0.960275
0.213721
0.254401
0.0403768
0.952749
0.937846
0.915861
0.397097
0.0541861
0.887224
0.0711709
0.852493
0.812335
0.613675
0.767515
0.0916976
0.718867
0.116064
0.667282
0.55897
0.144475
0.504073
0.177033
0.449848
0.346542
0.213721
0.298805
0.254401
0.177033
0.298805
0.346542
0.116064
0.0916976
0.0711709
0.397097
0.0541861
0.449848
0.0205764
0.504073
0.0136849
0.55897
0.00821353
2.31808e-33
2.31808e-33
1.27305e-33
0.00397059
1.27305e-33
0.00397059
0.0143994
0.00865072
0.00865072
0.0143994
0.0308162
0.0216389
0.0308162
0.0216389
0.0423899
0.0568082
0.0423899
0.0568082
0.0957385
0.0744721
0.150032
0.120864
0.0744721
0.0957385
0.22059
0.183289
0.150032
0.120864
0.30642
0.261733
0.183289
0.22059
0.404525
0.354197
0.261733
0.30642
0.404525
0.354197
0.456731
0.510075
0.456731
0.510075
0.616809
0.563725
0.616809
0.563725
0.668419
0.71764
0.805363
0.763576
0.842215
0.873405
0.668419
0.71764
0.916502
0.898337
0.763576
0.805363
0.842215
0.873405
0.916502
0.898337
0.931259
0.927556
0.927556
0.00417347
0.667281
0.713966
0.757039
0.00907832
0.795674
0.829122
0.0151012
0.856722
0.877923
0.0226806
0.8923
0.899562
0.0776534
0.0322762
0.0995964
0.899562
0.8923
0.0443523
0.877923
0.856722
0.226869
0.268335
0.0593463
0.829122
0.795674
0.0776534
0.757039
0.713966
0.0995964
0.667281
0.617856
0.125415
0.566592
0.514392
0.155241
0.46214
0.410675
0.189094
0.360774
0.313129
0.226869
0.268335
0.189094
0.155241
0.313129
0.125415
0.360774
0.0593463
0.410675
0.0443523
0.0322762
0.46214
0.0226806
0.0151012
0.514392
0.00907832
0.00417347
0.566592
0.617856
2.58869e-33
2.58869e-33
1.40632e-33
0.00437312
0.00437312
1.40632e-33
0.00949922
0.0157878
0.00949922
0.0157878
0.0236962
0.0336956
0.0336956
0.0236962
0.061787
0.0462467
0.061787
0.0462467
0.103249
0.0806838
0.160068
0.129673
0.0806838
0.103249
0.232518
0.194394
0.160068
0.129673
0.274145
0.31889
0.232518
0.194394
0.366215
0.415505
0.274145
0.31889
0.366215
0.415505
0.466028
0.516996
0.466028
0.516996
0.616809
0.56755
0.616809
0.56755
0.707873
0.663878
0.747957
0.783336
0.837293
0.813321
0.663878
0.707873
0.854782
0.865414
0.747957
0.783336
0.813321
0.837293
0.854782
0.868989
0.865414
0.699405
0.00990809
0.736388
0.76844
0.794913
0.0164553
0.815261
0.0246821
0.829067
0.0350652
0.836043
0.836043
0.0350652
0.0835558
0.829067
0.0480692
0.815261
0.794913
0.164478
0.76844
0.0641129
0.736388
0.0835558
0.699405
0.658231
0.370492
0.613674
0.106668
0.566592
0.133624
0.517865
0.468375
0.418979
0.164478
0.199167
0.323658
0.27914
0.237494
0.237494
0.199167
0.27914
0.133624
0.106668
0.323658
0.370492
0.0641129
0.0480692
0.418979
0.0246821
0.468375
0.0164553
0.00990809
0.00456764
0.517865
0.566592
0.00456764
0.613674
0.658231
2.85107e-33
2.85107e-33
1.53396e-33
0.00475764
0.00475764
1.53396e-33
0.0171018
0.010306
0.010306
0.0171018
0.0363791
0.0256305
0.0256305
0.0363791
0.0498007
0.0663123
0.0498007
0.0663123
0.0862381
0.109836
0.168445
0.137227
0.0862381
0.109836
0.241766
0.203365
0.168445
0.137227
0.327403
0.283268
0.203365
0.241766
0.421074
0.373564
0.327403
0.283268
0.421074
0.373564
0.469157
0.516995
0.469157
0.516995
0.563725
0.608475
0.563725
0.608475
0.650384
0.688621
0.722425
0.751093
0.790786
0.774045
0.650384
0.688621
0.804398
0.800982
0.751093
0.722425
0.790786
0.774045
0.800982
0.0106896
0.675602
0.706158
0.73142
0.0177227
0.750855
0.0177227
0.0265404
0.764047
0.0376279
0.0514404
0.770715
0.770715
0.0376279
0.764047
0.112728
0.0514404
0.750855
0.73142
0.706158
0.0683686
0.245301
0.286515
0.675602
0.0887274
0.64039
0.601248
0.55897
0.112728
0.514392
0.140473
0.468375
0.421773
0.37542
0.171938
0.330096
0.206974
0.206974
0.245301
0.171938
0.286515
0.140473
0.0887274
0.330096
0.0683686
0.37542
0.0265404
0.421773
0.468375
0.0106896
0.00494097
0.514392
0.55897
0.00494097
0.601248
0.64039
3.10172e-33
3.10172e-33
1.65432e-33
0.00511845
0.00511845
1.65432e-33
0.0183168
0.0110578
0.0110578
0.0183168
0.0388069
0.0274019
0.0388069
0.0274019
0.0702721
0.0529678
0.0529678
0.0702721
0.0909929
0.115328
0.143324
0.174936
0.0909929
0.115328
0.248077
0.209954
0.143324
0.174936
0.288845
0.33172
0.209954
0.248077
0.376037
0.421074
0.33172
0.288845
0.421074
0.376037
0.466029
0.510074
0.510074
0.466029
0.552361
0.592045
0.592045
0.552361
0.628325
0.660438
0.687717
0.709565
0.725526
0.735238
0.628325
0.660438
0.735238
0.738504
0.709565
0.687717
0.725526
0.667222
0.0188793
0.685686
0.00528772
0.698228
0.0282167
0.70457
0.70457
0.0399066
0.0399066
0.0543855
0.698228
0.685686
0.0543855
0.667222
0.643242
0.0720074
0.61427
0.580933
0.0930354
0.543943
0.250073
0.504072
0.117616
0.46214
0.418979
0.145777
0.37542
0.332262
0.177416
0.290255
0.212301
0.212301
0.177416
0.250073
0.145777
0.117616
0.290255
0.0930354
0.0720074
0.332262
0.37542
0.0282167
0.0188793
0.418979
0.0114094
0.46214
0.504072
0.00528772
0.643242
0.543943
0.580933
0.61427
0.0114094
3.3369e-33
3.3369e-33
1.7657e-33
0.0054498
0.0054498
1.7657e-33
0.0117412
0.0194093
0.0117412
0.0194093
0.0409235
0.0289727
0.0289727
0.0409235
0.0735671
0.0556719
0.0556719
0.0735671
0.11958
0.0948254
0.179364
0.1478
0.0948254
0.11958
0.213982
0.251277
0.179364
0.1478
0.290722
0.33172
0.251277
0.213982
0.373565
0.415505
0.33172
0.290722
0.373565
0.415505
0.49643
0.456733
0.49643
0.456733
0.53378
0.567991
0.567991
0.53378
0.624136
0.598335
0.659957
0.644835
0.672266
0.669175
0.624136
0.598335
0.669175
0.644835
0.659957
0.0199019
0.632566
0.0296748
0.638564
0.638564
0.632566
0.0199019
0.0418487
0.620706
0.0568331
0.603259
0.580624
0.553313
0.0963682
0.0749377
0.521941
0.0963682
0.4872
0.180763
0.449847
0.410675
0.251678
0.121203
0.370492
0.149395
0.330096
0.290255
0.180763
0.215002
0.215002
0.149395
0.121203
0.251678
0.290255
0.0749377
0.0568331
0.0418487
0.330096
0.0296748
0.370492
0.0120545
0.00560217
0.410675
0.449847
0.00560217
0.620706
0.4872
0.521941
0.553313
0.0120545
0.580624
0.603259
3.55289e-33
3.55289e-33
1.86638e-33
0.00574608
0.00574608
1.86638e-33
0.0203572
0.0123438
0.0123438
0.0203572
0.04268
0.0303088
0.04268
0.0303088
0.0761144
0.0578472
0.0578472
0.0761144
0.122478
0.0976364
0.181608
0.150535
0.0976364
0.122478
0.251277
0.215337
0.150535
0.181608
0.327403
0.288846
0.251277
0.215337
0.404524
0.366216
0.288846
0.327403
0.366216
0.404524
0.441533
0.47645
0.441533
0.47645
0.508515
0.537004
0.508515
0.537004
0.561276
0.580763
0.595024
0.603711
0.606635
0.603711
0.580763
0.561276
0.595024
0.0308826
0.573604
0.573604
0.00587888
0.567962
0.0434091
0.556811
0.0587235
0.540421
0.0434091
0.0587235
0.519181
0.493594
0.0770856
0.464257
0.0986394
0.431847
0.397096
0.181889
0.360774
0.123393
0.323658
0.151228
0.286515
0.250072
0.215002
0.181889
0.215002
0.151228
0.123393
0.0986394
0.250072
0.0770856
0.286515
0.0308826
0.323658
0.0207699
0.360774
0.0126129
0.397096
0.431847
0.00587888
0.567962
0.464257
0.493594
0.0126129
0.519181
0.540421
0.556811
0.0207699
3.74602e-33
3.74602e-33
1.95472e-33
0.00600202
0.00600202
1.95472e-33
0.012854
0.0211409
0.012854
0.0211409
0.0440352
0.0313806
0.0440352
0.0313806
0.0778494
0.0594404
0.0594404
0.0778494
0.0993527
0.123947
0.181608
0.151454
0.123947
0.0993527
0.213983
0.248077
0.151454
0.181608
0.318889
0.283269
0.248077
0.213983
0.388444
0.354199
0.318889
0.283269
0.354199
0.388444
0.420861
0.450707
0.420861
0.450707
0.499974
0.477291
0.499974
0.477291
0.518221
0.531577
0.53973
0.542465
0.53973
0.518221
0.531577
0.505245
0.0445509
0.494824
0.479521
0.0600104
0.459716
0.435898
0.0783966
0.40865
0.0445509
0.378628
0.09979
0.346541
0.09979
0.313129
0.12413
0.12413
0.279139
0.2453
0.151228
0.212301
0.180763
0.180763
0.151228
0.212301
0.0783966
0.2453
0.0600104
0.279139
0.0318133
0.021465
0.313129
0.0130736
0.00611283
0.346541
0.378628
0.00611283
0.510521
0.40865
0.510521
0.435898
0.459716
0.0130736
0.479521
0.494824
0.021465
0.505245
0.0318133
3.91288e-33
3.91288e-33
2.02924e-33
0.00621295
0.00621295
2.02924e-33
0.0217439
0.0132618
0.0217439
0.0132618
0.0321639
0.044957
0.044957
0.0321639
0.0787281
0.0604123
0.0604123
0.0787281
0.0999299
0.123947
0.150535
0.179364
0.123947
0.0999299
0.241765
0.209955
0.179364
0.150535
0.274147
0.306419
0.241765
0.209955
0.367719
0.337852
0.306419
0.274147
0.337852
0.367719
0.395307
0.419936
0.419936
0.395307
0.441004
0.45797
0.45797
0.441004
0.470414
0.478004
0.480562
0.478004
0.470414
0.0452471
0.421281
0.0606619
0.402937
0.38092
0.355794
0.0219725
0.0788374
0.328195
0.0452471
0.0997899
0.298804
0.268334
0.237493
0.123393
0.206974
0.149395
0.177416
0.149395
0.123393
0.177416
0.0997899
0.206974
0.0788374
0.0606619
0.237493
0.0324458
0.268334
0.0134277
0.00629969
0.298804
0.328195
0.00629969
0.435477
0.355794
0.38092
0.402937
0.450056
0.0134277
0.421281
0.435477
0.445153
0.0219725
0.0324458
0.450056
0.445153
4.05041e-33
4.05041e-33
2.08861e-33
0.00637487
0.00637487
2.08861e-33
0.0221533
0.0135591
0.0135591
0.0221533
0.0454235
0.0326411
0.0326411
0.0454235
0.0787281
0.060739
0.060739
0.0787281
0.122478
0.0993528
0.174936
0.1478
0.122478
0.0993528
0.232517
0.203366
0.174936
0.1478
0.290341
0.261735
0.232517
0.203366
0.317637
0.342938
0.261735
0.290341
0.317637
0.342938
0.38502
0.365599
0.38502
0.365599
0.400699
0.412204
0.412204
0.400699
0.419239
0.421601
0.419239
0.0606619
0.349447
0.329244
0.306254
0.0783967
0.281087
0.0222815
0.0986394
0.254401
0.045481
0.226869
0.199166
0.121202
0.171938
0.145777
0.145777
0.121202
0.0986394
0.171938
0.0783967
0.199166
0.0606619
0.0327658
0.226869
0.254401
0.0136678
0.00643588
0.281087
0.306254
0.00643588
0.366317
0.329244
0.349447
0.38832
0.392846
0.0136678
0.366317
0.379395
0.38832
0.0222815
0.392846
0.0327658
0.379395
0.045481
4.15602e-33
4.15602e-33
2.13176e-33
0.00648467
0.00648467
2.13176e-33
0.0223604
0.0137398
0.0137398
0.0223604
0.0454236
0.0328013
0.0454236
0.0328013
0.0778494
0.0604122
0.0604122
0.0778494
0.0976365
0.119579
0.143325
0.168445
0.0976365
0.119579
0.194396
0.220589
0.168445
0.143325
0.246379
0.271109
0.220589
0.194396
0.314807
0.294127
0.271109
0.246379
0.294127
0.314807
0.346961
0.332587
0.332587
0.346961
0.363997
0.357535
0.357535
0.363997
0.366177
0.260476
0.0770857
0.237728
0.00651877
0.213721
0.0963681
0.189094
0.164478
0.117616
0.0452472
0.0600105
0.140473
0.117616
0.140473
0.0963681
0.0770857
0.164478
0.189094
0.0327658
0.0223853
0.213721
0.0137892
0.237728
0.260476
0.00651877
0.281339
0.281339
0.299732
0.299732
0.315131
0.0137892
0.327091
0.335264
0.0223853
0.339412
0.339412
0.0327658
0.335264
0.327091
0.0452472
0.315131
0.0600105
4.22768e-33
4.22768e-33
2.1579e-33
0.00654022
0.00654022
2.1579e-33
0.0138003
0.0223605
0.0138003
0.0223605
0.0449572
0.0326408
0.0326408
0.0449572
0.0761144
0.0594401
0.0594401
0.0761144
0.0948257
0.115328
0.160067
0.137228
0.115328
0.0948257
0.206312
0.183291
0.160067
0.137228
0.249263
0.228509
0.206312
0.183291
0.284125
0.267986
0.249263
0.228509
0.267986
0.284125
0.306848
0.297213
0.306848
0.297213
0.312754
0.312754
0.314737
0.0749378
0.177033
0.0930353
0.15524
0.133624
0.112728
0.0222817
0.112728
0.0930353
0.133624
0.0749378
0.0587237
0.0445511
0.15524
0.032446
0.177033
0.0137894
0.00654673
0.198414
0.218783
0.00654673
0.198414
0.23755
0.254155
0.268098
0.254155
0.0137894
0.278951
0.286379
0.290152
0.0222817
0.290152
0.032446
0.286379
0.278951
0.268098
0.0445511
0.0587237
0.23755
0.218783
4.26399e-33
4.26399e-33
2.16653e-33
0.00654042
0.00654042
2.16653e-33
0.0221537
0.0137392
0.0137392
0.0221537
0.0440356
0.0321632
0.0321632
0.0440356
0.0578468
0.0735672
0.0735672
0.0578468
0.0909932
0.109836
0.129674
0.150031
0.0909932
0.109836
0.170357
0.190081
0.129674
0.150031
0.225418
0.208623
0.170357
0.190081
0.239953
0.251763
0.225418
0.208623
0.239953
0.251763
0.265828
0.260485
0.265828
0.260485
0.267633
0.0887274
0.125414
0.106668
0.00651921
0.0887274
0.106668
0.0720074
0.125414
0.0568333
0.0434094
0.0318137
0.144474
0.0219729
0.163314
0.0136682
0.181372
0.198094
0.00651921
0.144474
0.212953
0.22547
0.181372
0.198094
0.0136682
0.235238
0.241935
0.24534
0.235238
0.0219729
0.24534
0.0318137
0.241935
0.22547
0.0434094
0.212953
0.0568333
0.163314
0.0720074
4.26425e-33
4.26425e-33
2.15751e-33
0.00648526
0.00648526
2.15751e-33
0.0217445
0.0135579
0.0135579
0.0217445
0.0313795
0.0426805
0.0426805
0.0313795
0.0556714
0.0702721
0.0556714
0.0702721
0.0862385
0.103248
0.138609
0.120865
0.103248
0.0862385
0.155949
0.172346
0.138609
0.120865
0.187276
0.200241
0.155949
0.172346
0.210818
0.218636
0.187276
0.200241
0.210818
0.218636
0.225058
0.223442
0.223442
0.0683687
0.0995961
0.0543857
0.0418491
0.116064
0.0308831
0.0214655
0.132473
0.0134283
0.00643675
0.148313
0.163066
0.00643675
0.0835557
0.176236
0.0995961
0.187373
0.196088
0.0134283
0.202075
0.205123
0.163066
0.176236
0.0214655
0.205123
0.202075
0.0308831
0.196088
0.187373
0.0418491
0.0543857
0.148313
0.132473
0.0683687
0.116064
0.0835557
4.22844e-33
4.22844e-33
2.13099e-33
0.00637583
0.00637583
2.13099e-33
0.0132601
0.0211417
0.0132601
0.0211417
0.0409241
0.0303074
0.0409241
0.0303074
0.0529672
0.0663124
0.0529672
0.0663124
0.0806842
0.0957381
0.126109
0.111036
0.0957381
0.0806842
0.153595
0.140459
0.126109
0.111036
0.174435
0.165059
0.153595
0.140459
0.185669
0.181394
0.165059
0.174435
0.185669
0.181394
0.187116
0.0916972
0.0296753
0.105821
0.0207706
0.0130745
0.00630096
0.119559
0.132439
0.00630096
0.039907
0.143998
0.153813
0.161519
0.0776533
0.0130745
0.166824
0.169529
0.169529
0.119559
0.0207706
0.166824
0.0296753
0.161519
0.153813
0.143998
0.039907
0.132439
0.0514407
0.105821
0.0916972
0.064113
0.0776533
0.064113
0.0514407
4.15727e-33
4.15727e-33
2.08746e-33
0.00621425
0.00621425
2.08746e-33
0.0203582
0.0128518
0.0128518
0.0203582
0.0289711
0.0388075
0.0388075
0.0289711
0.0498
0.0617871
0.0617871
0.0498
0.0875017
0.0744726
0.100448
0.112868
0.0875017
0.0744726
0.134339
0.124309
0.112868
0.100448
0.142583
0.148709
0.134339
0.124309
0.153761
0.152489
0.148709
0.142583
0.152489
0.0949564
0.0126139
0.00611447
0.106078
0.116119
0.00611447
0.0199028
0.124685
0.131434
0.0376284
0.0480695
0.0126139
0.136093
0.138471
0.138471
0.0831769
0.0199028
0.136093
0.0282174
0.131434
0.124685
0.116119
0.0376284
0.106078
0.0480695
0.0949564
0.0711707
0.0593464
0.0593464
0.0711707
0.0282174
0.0831769
4.05212e-33
4.05212e-33
2.02773e-33
0.00600363
0.00600363
2.02773e-33
0.0123412
0.0194105
0.0123412
0.0194105
0.0363798
0.0274
0.0363798
0.0274
0.0568083
0.0462459
0.0568083
0.0462459
0.078752
0.0677613
0.0893796
0.0992356
0.078752
0.0677613
0.107929
0.115098
0.0893796
0.0992356
0.120451
0.123752
0.115098
0.107929
0.124873
0.123752
0.120451
0.0923847
0.00588083
0.0997868
0.00588083
0.105642
0.109694
0.0120557
0.111766
0.111766
0.0350657
0.0443526
0.0188802
0.109694
0.0642715
0.105642
0.0265412
0.0997868
0.0923847
0.0350657
0.0837535
0.074254
0.0443526
0.0541862
0.0541862
0.0642715
0.0265412
0.0188802
0.074254
0.0120557
0.0837535
3.91501e-33
3.91501e-33
1.95287e-33
0.00574794
1.95287e-33
0.00574794
0.0183182
0.0117383
0.0117383
0.0183182
0.0256285
0.0336964
0.0256285
0.0336964
0.0514976
0.0423891
0.0423891
0.0514976
0.0607181
0.069712
0.0781154
0.0855687
0.069712
0.0607181
0.0917502
0.0963744
0.0855687
0.0781154
0.100207
0.0992411
0.0963744
0.0917502
0.0992411
0.00560438
0.078831
0.0838623
0.0873552
0.0114107
0.0891445
0.0177237
0.0891445
0.0873552
0.0177237
0.0838623
0.0246829
0.078831
0.0724979
0.0651535
0.0322767
0.0571263
0.0403771
0.048757
0.0403771
0.0322767
0.048757
0.0246829
0.0571263
0.0114107
0.00560438
0.0651535
0.0724979
3.74851e-33
3.74851e-33
1.8642e-33
0.00545187
0.00545187
1.8642e-33
0.0171032
0.0110546
0.0110546
0.0171032
0.030817
0.0236941
0.0236941
0.030817
0.0459818
0.0383189
0.0459818
0.0383189
0.0606064
0.0535153
0.0722121
0.0669391
0.0535153
0.0606064
0.076179
0.0786363
0.0722121
0.0669391
0.079473
0.076179
0.0786363
0.0687365
0.010691
0.0702681
0.00529012
0.0702681
0.0687365
0.0164564
0.065752
0.0226815
0.0293227
0.0362338
0.0614674
0.0560978
0.0499074
0.0293227
0.0431868
0.0362338
0.0226815
0.0431868
0.0164564
0.0499074
0.010691
0.0560978
0.0614674
0.00529012
0.065752
3.55568e-33
3.55568e-33
1.76323e-33
0.00512065
0.00512065
1.76323e-33
0.0157893
0.0103027
0.0103027
0.0157893
0.0216367
0.0278038
0.0216367
0.0278038
0.0341267
0.0403886
0.0403886
0.0341267
0.0516535
0.0463232
0.0561199
0.0594863
0.0463232
0.0516535
0.0615848
0.0622933
0.0594863
0.0561199
0.0615848
0.00990957
0.0547513
0.0534501
0.0151022
0.0509198
0.0472987
0.0205773
0.0427816
0.0376019
0.0262663
0.0320142
0.0262663
0.0320142
0.0205773
0.0151022
0.0376019
0.00990957
0.00494348
0.0427816
0.0472987
0.00494348
0.0509198
0.0534501
0.0547513
3.33994e-33
3.33994e-33
1.65157e-33
0.0047599
0.0047599
1.65157e-33
0.0144009
0.00949584
0.00949584
0.0144009
0.0194969
0.0247193
0.0194969
0.0247193
0.0299029
0.0348418
0.0299029
0.0348418
0.0393036
0.0430558
0.0476719
0.045901
0.0430558
0.0393036
0.0476719
0.0482773
0.045901
0.0410804
0.038947
0.0136859
0.0359038
0.0184107
0.0321222
0.0136859
0.0278063
0.0231691
0.0231691
0.0184107
0.0278063
0.0090798
0.00457019
0.0321222
0.0359038
0.00457019
0.038947
0.0421795
0.0410804
0.0421795
0.0090798
3.10492e-33
3.10492e-33
0.00437538
1.53095e-33
0.00437538
1.53095e-33
0.0129624
0.0086474
0.0086474
0.0129624
0.0216237
0.0173145
0.0216237
0.0173145
0.0257327
0.0294559
0.0257327
0.0294559
0.0349903
0.0326023
0.0369926
0.0364867
0.0326023
0.0364867
0.0349903
0.0122314
0.0268555
0.0162205
0.0236919
0.0200893
0.0162205
0.0200893
0.0122314
0.0236919
0.00821496
0.00417598
0.0268555
0.0294091
0.00417598
0.0312032
0.0312032
0.0321292
0.00821496
0.0321292
0.0294091
2.85437e-33
2.85437e-33
1.40307e-33
0.00397278
0.00397278
1.40307e-33
0.0114972
0.0077704
0.0077704
0.0114972
0.0185725
0.0151269
0.0151269
0.0185725
0.021693
0.024331
0.024331
0.021693
0.026342
0.0275982
0.028029
0.0275982
0.026342
0.0140427
0.0140427
0.0107611
0.0170792
0.00732775
0.00376644
0.0197422
0.0218926
0.00376644
0.0170792
0.0197422
0.0234055
0.0241869
0.0241869
0.00732775
0.0234055
0.0218926
0.0107611
2.59201e-33
2.59201e-33
1.26959e-33
0.00355752
0.00355752
1.26959e-33
0.0100268
0.00687703
0.0100268
0.00687703
0.0156143
0.0129678
0.0156143
0.0129678
0.019547
0.0178485
0.0178485
0.019547
0.020614
0.0209747
0.020614
0.00642977
0.00334679
0.0141827
0.0160142
0.00334679
0.0173013
0.00929544
0.0179661
0.0179661
0.0141827
0.00642977
0.0173013
0.0160142
0.00929544
0.0119083
0.0119083
2.32136e-33
2.32136e-33
1.13203e-33
0.00313455
0.00313455
1.13203e-33
0.00597814
0.00856978
0.00597814
0.00856978
0.0127878
0.0108654
0.0127878
0.0108654
0.0151583
0.0142474
0.0142474
0.0154708
0.0151583
0.011433
0.0125468
0.00292164
0.00292164
0.0131211
0.0131211
0.00553107
0.0125468
0.011433
0.00984232
0.00785115
0.00785115
0.00984232
0.00553107
2.04564e-33
2.04564e-33
9.91762e-34
0.00270814
9.91762e-34
0.00270814
0.00508283
0.00714121
0.00508283
0.00714121
0.0101197
0.00884108
0.0101197
0.00884108
0.0111879
0.0109184
0.0109184
0.00249488
0.00935734
0.00935734
0.00884985
0.00463973
0.00786215
0.00644113
0.00644113
0.00463973
0.00249488
0.00786215
0.00884985
1.76764e-33
1.76764e-33
8.4991e-34
0.00228174
0.00228174
8.4991e-34
0.00575165
0.00419804
0.00419804
0.00575165
0.00690789
0.00762254
0.00690789
0.00762254
0.00786644
0.00597637
0.00376159
0.00507355
0.00376159
0.0020695
0.00507355
0.00597637
0.0020695
0.0064377
0.0064377
1.4896e-33
1.4896e-33
7.07363e-34
0.00185786
0.00185786
7.07363e-34
0.00440668
0.00332832
0.00332832
0.00440668
0.00506954
0.00506954
0.00529223
0.00289992
0.00289992
0.00164751
0.0037513
0.0041836
0.00164751
0.0041836
0.0037513
1.21317e-33
1.21317e-33
5.64741e-34
0.00143804
5.64741e-34
0.00143804
0.00247562
0.00310642
0.00247562
0.00310642
0.00331929
0.00247164
0.00122995
0.00247164
0.00205539
0.00122995
0.00205539
9.39328e-34
9.39328e-34
0.00102279
4.22403e-34
0.00102279
4.22403e-34
0.00163923
0.00163923
0.00184526
0.000816856
0.00122603
0.000816856
0.00122603
6.68423e-34
6.68423e-34
2.80487e-34
0.000611704
0.000611704
2.80487e-34
0.000815871
0.000407392
0.000407392
4.00181e-34
4.00181e-34
1.38954e-34
1.38954e-34
0.000203557
4.73902e-37
1.33809e-34
1.33809e-34
