-6.27559e-38
1.50784e-36
1.50784e-36
7.39255e-37
5.02875e-36
1.88522e-06
3.92062e-06
7.39255e-37
5.02875e-36
3.92062e-06
9.70487e-37
8.67342e-06
9.26669e-36
6.07268e-06
8.692e-06
1.42751e-05
1.42751e-05
6.07268e-06
8.67342e-06
9.26669e-36
9.70487e-37
8.22201e-37
1.47867e-05
1.45064e-35
1.1411e-05
3.15984e-05
4.4056e-05
2.21788e-05
2.62437e-05
8.22201e-37
1.47867e-05
2.21788e-05
4.4056e-05
3.15984e-05
1.1411e-05
1.45064e-35
1.58403e-37
1.83291e-05
2.26028e-05
2.09164e-35
4.38967e-05
5.8723e-05
0.000100514
6.81934e-05
0.000128354
7.94826e-05
0.000128354
6.81934e-05
1.83291e-05
2.09164e-35
2.26028e-05
1.58403e-37
5.8723e-05
4.38967e-05
0.000100514
-1.08639e-36
2.85549e-35
2.708e-05
3.22911e-05
7.61394e-05
9.72837e-05
0.00019057
0.000140848
3.22911e-05
2.85549e-35
2.708e-05
-1.08639e-36
0.000337088
0.000216134
0.000281543
0.00019646
0.00019646
0.00019057
0.000281543
7.61394e-05
0.000337088
0.000140848
9.72837e-05
-2.92139e-36
4.3865e-05
3.73829e-35
3.77506e-05
0.000120041
0.000147835
0.000317496
0.000249224
0.000492644
0.000388669
0.000514859
0.000686659
3.73829e-35
4.3865e-05
3.77506e-05
-2.92139e-36
0.000120041
0.000317496
0.000147835
0.000249224
0.000533879
0.000786177
0.000492644
0.000786177
0.000514859
0.000686659
0.000388669
-5.3118e-36
5.72019e-05
4.72778e-35
5.0281e-05
0.000175732
0.000210012
0.000481455
0.00039496
0.00119057
0.000918597
0.00066345
0.000831944
0.00110388
0.00148226
0.0016451
0.00116781
-5.3118e-36
5.72019e-05
4.72778e-35
5.0281e-05
0.000175732
0.000210012
0.000481455
0.00039496
0.00148226
0.00119057
0.000831944
0.0016451
0.00066345
0.00110388
0.000918597
-8.18951e-36
7.20639e-05
5.80479e-35
6.44853e-05
0.000242499
0.000282689
0.000680028
0.000576851
0.00123007
0.00184935
0.0015007
0.00102117
0.00192879
0.00243639
0.00289214
0.00221872
6.44853e-05
-8.18951e-36
7.20639e-05
5.80479e-35
0.00232541
0.00314076
0.00314076
0.00221872
0.000282689
0.000680028
0.000242499
0.000576851
0.0015007
0.00243639
0.00289214
0.00123007
0.00102117
0.00192879
0.00184935
-1.14624e-35
8.81196e-05
6.94467e-35
8.00728e-05
0.000791361
0.000318938
0.00036413
0.000908704
0.0017013
0.00265276
0.00223381
0.0014564
0.00300946
0.00364005
0.00452845
0.00366212
0.00410163
0.00519755
0.0055562
0.00425164
6.94467e-35
8.00728e-05
-1.14624e-35
8.81196e-05
0.000908704
0.00036413
0.000791361
0.000318938
0.0055562
0.00519755
0.00410163
0.00366212
0.00223381
0.0014564
0.0017013
0.00265276
0.00364005
0.00452845
0.00300946
-1.50221e-35
0.000104966
8.11878e-35
9.66702e-05
0.000403105
0.00116135
0.0010331
0.000452132
9.66702e-05
0.000104966
8.11878e-35
-1.50221e-35
0.00223358
0.00358192
0.00310311
0.00195907
0.004329
0.00652823
0.00548499
0.00506873
0.0070499
0.00779682
0.00873074
0.00643419
0.00922548
0.00726844
0.0070499
0.00922548
0.000452132
0.00116135
0.0010331
0.000403105
0.00358192
0.00223358
0.00310311
0.00195907
0.00873074
0.00779682
0.00506873
0.00643419
0.00652823
0.004329
0.00548499
-1.87509e-35
0.000122152
9.29593e-35
0.000113844
0.000492652
0.000544165
0.00143066
0.00129529
0.000113844
0.000122152
9.29593e-35
-1.87509e-35
0.00281176
0.0046113
0.00408614
0.00251549
0.000544165
0.00129529
0.00143066
0.000492652
0.00585624
0.00668534
0.00765003
0.00884403
0.010588
0.0108853
0.012614
0.00928621
0.0145237
0.0117184
0.0138665
0.0114321
0.0114321
0.0145237
0.0138665
0.010588
0.00251549
0.0046113
0.00281176
0.00408614
0.012614
0.00765003
0.00884403
0.00668534
0.00585624
0.00928621
0.0108853
-2.25267e-35
0.000131121
0.000139196
1.04438e-34
0.000584964
0.000637499
0.00170855
0.00157016
0.00341855
0.00571054
0.00515472
0.00310938
0.000131121
0.000139196
1.04438e-34
-2.25267e-35
0.00170855
0.000637499
0.00157016
0.000584964
0.00754905
0.00844337
0.0114117
0.0101008
0.00341855
0.00515472
0.00310938
0.00571054
0.0125899
0.0143822
0.0171133
0.0147933
0.0165263
0.017625
0.0193837
0.0210078
0.0218543
0.017625
0.0180074
0.0218543
0.0165263
0.0193837
0.0210078
0.0147933
0.00844337
0.0143822
0.0101008
0.00754905
0.0171133
0.0125899
0.0114117
-2.62287e-35
1.15301e-34
0.000148012
0.000155612
0.000677285
0.000729324
0.00198654
0.00184939
0.0040354
0.00684616
0.00627672
0.00372274
0.000148012
0.000155612
1.15301e-34
-2.62287e-35
0.00935735
0.0102898
0.0141551
0.0127667
0.00198654
0.000729324
0.00184939
0.000677285
0.00627672
0.00684616
0.0040354
0.00372274
0.0181867
0.0162536
0.0221039
0.0195557
0.0102898
0.00935735
0.0127667
0.0141551
0.0246478
0.0224296
0.028523
0.0256327
0.0260555
0.0305713
0.0265313
0.0316328
0.0316328
0.0246478
0.0260555
0.0305713
0.0224296
0.0195557
0.0162536
0.0256327
0.0181867
0.0221039
0.028523
-2.97406e-35
0.000170921
1.25241e-34
0.000164029
0.000766827
0.000816863
0.0022561
0.00212442
0.0046433
0.00798313
0.00433672
0.00741768
0.0112259
0.0121678
0.0169904
0.0155671
0.000164029
0.000170921
1.25241e-34
-2.97406e-35
0.000816863
0.0022561
0.00212442
0.000766827
0.0274372
0.0221836
0.0201685
0.0247375
0.00798313
0.0046433
0.00741768
0.00433672
0.0155671
0.0112259
0.0121678
0.0169904
0.03686
0.032603
0.0289779
0.0324325
0.0201685
0.0274372
0.0221836
0.0247375
0.0371231
0.0353838
0.0429679
0.0404462
0.0442693
0.0377216
0.0371231
0.0442693
0.032603
0.03686
0.0324325
0.0353838
0.0429679
0.0404462
0.0289779
-3.29546e-35
0.000184677
1.33972e-34
0.000178705
0.000850877
0.000897462
0.00250898
0.00238682
0.0052235
0.0049324
0.00908627
0.00854233
0.013097
0.0140191
0.0198297
0.0184157
-3.29546e-35
1.33972e-34
0.000178705
0.000184677
0.0301819
0.0242148
0.0262496
0.0329499
0.000850877
0.000897462
0.00250898
0.00238682
0.00908627
0.0052235
0.00854233
0.0049324
0.0395772
0.0457707
0.04126
0.0359764
0.0184157
0.0198297
0.013097
0.0140191
0.0242148
0.0262496
0.0301819
0.0329499
0.0511928
0.0555442
0.0457328
0.0491225
0.0457707
0.0395772
0.0359764
0.04126
0.0519612
0.0512454
0.0601496
0.0585858
0.0511928
0.0601496
0.0555442
0.0585858
0.0491225
0.0512454
0.0457328
-3.57735e-35
0.000196474
1.41244e-34
0.000191608
0.000926891
0.000968685
0.00273745
0.00262856
0.00549142
0.00575817
0.0101215
0.00961588
0.0149126
0.0157866
0.022585
0.0212242
0.000191608
0.000196474
1.41244e-34
-3.57735e-35
0.0357206
0.0282671
0.0302584
0.0384711
0.000926891
0.00262856
0.00273745
0.000968685
0.0549819
0.0503563
0.046846
0.0432105
0.00575817
0.0101215
0.00961588
0.00549142
0.0212242
0.022585
0.0157866
0.0149126
0.0624852
0.0689868
0.0621818
0.0567944
0.0384711
0.0282671
0.0302584
0.0357206
0.0549819
0.046846
0.0432105
0.0503563
0.0687728
0.0662503
0.0741673
0.0777699
0.0621818
0.0567944
0.0689868
0.0624852
0.0796171
0.0696345
0.0687728
0.0662503
0.0777699
0.0741673
0.0796171
-3.81137e-35
0.000205965
1.46848e-34
0.00020236
0.000992575
0.00102839
0.00293455
0.00284227
0.00020236
0.000205965
1.46848e-34
-3.81137e-35
0.00599664
0.00623096
0.0110571
0.0106053
0.0166167
0.0174156
0.025171
0.0239054
0.0438292
0.0411817
0.0321996
0.0340858
0.00284227
0.000992575
0.00293455
0.00102839
0.0540131
0.0596111
0.0642076
0.0504558
0.00599664
0.0110571
0.0106053
0.00623096
0.0759047
0.0739744
0.0828832
0.068229
0.025171
0.0174156
0.0239054
0.0166167
0.0438292
0.0340858
0.0321996
0.0411817
0.0870701
0.0905408
0.0966049
0.0822891
0.0642076
0.0540131
0.0504558
0.0596111
0.0828832
0.0759047
0.068229
0.0739744
0.0900386
0.0910378
0.102954
0.100805
0.0870701
0.0822891
0.0905408
0.0966049
0.102954
0.0900386
0.100805
-3.99067e-35
0.00021287
1.50621e-34
0.000210642
0.00104595
0.00107477
0.00309434
0.00302146
0.00643268
0.00662751
0.0118645
0.0114803
0.000210642
0.00021287
1.50621e-34
-3.99067e-35
0.00302146
0.00309434
0.00104595
0.00107477
0.0181568
0.0188562
0.0275082
0.0263768
0.0376137
0.0488584
0.0463958
0.0358907
0.0608562
0.0687365
0.0731613
0.0574873
0.00643268
0.0114803
0.0118645
0.00662751
0.0853032
0.0968022
0.089867
0.0796818
0.0181568
0.0263768
0.0188562
0.0275082
0.1072
0.116076
0.0988695
0.106298
0.0463958
0.0488584
0.0376137
0.0358907
0.0608562
0.0687365
0.0574873
0.0731613
0.115271
0.123071
0.1279
0.11185
0.089867
0.0853032
0.0968022
0.0796818
0.0988695
0.116076
0.106298
0.1072
0.116435
0.11185
0.130364
0.130364
0.115271
0.123071
0.1279
-4.11005e-35
0.000216985
1.52455e-34
0.00021621
0.00108542
0.00110646
0.00321201
0.00316074
0.0067863
0.00693582
0.0125191
0.0122141
0.0194859
0.0285624
0.0200646
0.0295252
0.00021621
0.000216985
1.52455e-34
-4.11005e-35
0.00110646
0.00316074
0.00321201
0.00108542
0.0122141
0.0125191
0.00693582
0.0067863
0.0407338
0.0534039
0.0512018
0.0392267
0.0774494
0.0815656
0.0640873
0.0671638
0.110311
0.103635
0.09612
0.0907969
0.0285624
0.0194859
0.0295252
0.0200646
0.115477
0.123627
0.13558
0.125862
0.0392267
0.0407338
0.0512018
0.0534039
0.134398
0.153689
0.140738
0.145727
0.0815656
0.0671638
0.0774494
0.0640873
0.110311
0.09612
0.103635
0.0907969
0.161963
0.144652
0.15917
0.145967
0.115477
0.123627
0.125862
0.13558
0.140738
0.134398
0.161963
0.15917
0.145727
0.144652
0.153689
-4.16608e-35
0.000218189
1.52298e-34
0.000218901
0.0011098
0.00112249
0.00328401
0.00325592
0.00704684
0.00714662
0.0130013
0.0127848
0.000218901
0.000218189
1.52298e-34
-4.16608e-35
0.0205636
0.0311608
0.0303958
0.0210043
0.043351
0.0573268
0.0554524
0.0421056
0.00325592
0.00328401
0.00112249
0.0011098
0.0127848
0.0130013
0.00714662
0.00704684
0.0205636
0.0210043
0.0303958
0.0311608
0.0854807
0.0700524
0.0891617
0.0727425
0.122991
0.11678
0.106091
0.10123
0.131595
0.139312
0.154508
0.145153
0.0554524
0.0421056
0.043351
0.0573268
0.168066
0.16665
0.179521
0.156983
0.0700524
0.0854807
0.0891617
0.0727425
0.178225
0.188479
0.19463
0.173822
0.11678
0.122991
0.106091
0.10123
0.154508
0.139312
0.145153
0.131595
0.19776
0.179717
0.178225
0.19776
0.168066
0.156983
0.19463
0.179521
0.16665
0.173822
0.188479
-4.15717e-35
0.000216447
1.50155e-34
0.000218635
0.00111836
0.0011224
0.0033082
0.00330415
0.00720649
0.00725359
0.0132964
0.0131749
0.0213575
0.0216468
0.0323654
0.0318214
0.000218635
0.000216447
1.50155e-34
-4.15717e-35
0.0011224
0.00330415
0.0033082
0.00111836
0.0453861
0.0605077
0.059018
0.0444401
0.0774221
0.0957173
0.0925839
0.0752004
0.00725359
0.00720649
0.0131749
0.0132964
0.0318214
0.0213575
0.0323654
0.0216468
0.0453861
0.0444401
0.0605077
0.059018
0.128897
0.134452
0.114909
0.11066
0.146724
0.15377
0.172276
0.163573
0.189397
0.178902
0.204593
0.192201
0.0752004
0.0925839
0.0774221
0.0957173
0.227351
0.217381
0.211047
0.203041
0.11066
0.114909
0.134452
0.128897
0.215968
0.234183
0.237655
0.21762
0.172276
0.163573
0.146724
0.15377
0.178902
0.189397
0.192201
0.204593
0.215968
0.211047
0.237655
0.234183
0.203041
0.217381
0.227351
-4.08361e-35
0.00021181
1.46087e-34
0.00021542
0.00111085
0.00110619
0.00328386
0.00330398
0.0133729
0.00726045
0.00725353
0.0133958
0.00021542
0.00021181
1.46087e-34
-4.08361e-35
0.0218436
0.0219729
0.0331029
0.0327962
0.0467778
0.0628506
0.0617906
0.0461596
0.00110619
0.00330398
0.00328386
0.00111085
0.0133729
0.0133958
0.00726045
0.00725353
0.0810609
0.101033
0.0985424
0.0793748
0.122306
0.139614
0.118798
0.144343
0.0327962
0.0331029
0.0219729
0.0218436
0.0617906
0.0461596
0.0467778
0.0628506
0.101033
0.0810609
0.0793748
0.0985424
0.160398
0.180552
0.188336
0.166558
0.199477
0.209059
0.228126
0.216598
0.243413
0.259109
0.2314
0.244977
0.118798
0.139614
0.144343
0.122306
0.252279
0.257705
0.2701
0.277617
0.160398
0.188336
0.180552
0.166558
0.281433
0.281433
0.259539
0.257705
0.209059
0.228126
0.199477
0.216598
0.277617
0.2701
0.244977
0.2314
0.259109
0.252279
0.243413
-3.94754e-35
0.000204414
1.40213e-34
0.00020935
0.00108749
0.00107433
0.00321172
0.00325543
0.0132963
0.0133728
0.00720711
0.00714644
0.0220073
0.0219729
0.0333512
0.033291
0.00020935
0.000204414
1.40213e-34
-3.94754e-35
0.00107433
0.00325543
0.00321172
0.00108749
0.0474842
0.0642851
0.0636865
0.0472122
0.0835493
0.104949
0.103176
0.0824494
0.0133728
0.0132963
0.00714644
0.00720711
0.033291
0.0220073
0.0333512
0.0219729
0.128059
0.152363
0.125397
0.148604
0.172199
0.195569
0.202195
0.177284
0.0474842
0.0472122
0.0642851
0.0636865
0.0824494
0.103176
0.104949
0.0835493
0.125397
0.148604
0.152363
0.128059
0.218074
0.239087
0.226449
0.249397
0.258019
0.288919
0.270415
0.274316
0.304394
0.287521
0.316402
0.297232
0.172199
0.195569
0.177284
0.202195
0.328762
0.303183
0.30518
0.324603
0.218074
0.226449
0.249397
0.239087
0.303183
0.328762
0.324603
0.297232
0.274316
0.270415
0.258019
0.288919
0.304394
0.287521
0.316402
-3.75293e-35
0.00019448
1.32703e-34
0.000200607
0.00104898
0.00102779
0.00309392
0.00315994
0.00693552
0.0130011
0.0131746
0.00704807
0.000200607
0.00019448
1.32703e-34
-3.75293e-35
0.0218438
0.0216467
0.0331029
0.033291
0.0474842
0.0647681
0.0475666
0.0646489
0.00102779
0.00315994
0.00309392
0.00104898
0.0131746
0.0130011
0.00704807
0.00693552
0.0848124
0.107346
0.106344
0.0843317
0.155595
0.131992
0.158271
0.130257
0.0216467
0.0218438
0.0331029
0.033291
0.0475666
0.0646489
0.0647681
0.0474842
0.181769
0.185625
0.208166
0.213434
0.234123
0.241037
0.267755
0.258978
0.0848124
0.107346
0.0843317
0.106344
0.158271
0.131992
0.130257
0.155595
0.213434
0.181769
0.208166
0.185625
0.282079
0.302803
0.292913
0.315864
0.352809
0.336007
0.334974
0.320602
0.351994
0.365823
0.374698
0.345543
0.234123
0.267755
0.241037
0.258978
0.351994
0.379197
0.354173
0.379197
0.315864
0.302803
0.282079
0.292913
0.345543
0.352809
0.336007
0.365823
0.374698
0.320602
0.334974
-3.50552e-35
0.000182299
1.23774e-34
0.000189447
0.000996473
0.00302038
0.000967949
0.00293401
0.0066271
0.0125188
0.0127843
0.00678809
0.000189447
0.000182299
1.23774e-34
-3.50552e-35
0.0213579
0.0210041
0.0323653
0.0327961
0.000967949
0.00302038
0.00293401
0.000996473
0.0467778
0.0472121
0.0642851
0.064649
0.0848124
0.108153
0.107952
0.0849653
0.00678809
0.0127843
0.0125188
0.0066271
0.0210041
0.0327961
0.0213579
0.0323653
0.160375
0.133989
0.161887
0.133233
0.191329
0.188817
0.221712
0.217962
0.0472121
0.0642851
0.064649
0.0467778
0.107952
0.108153
0.0848124
0.0849653
0.247138
0.282641
0.275663
0.252381
0.339117
0.302843
0.311786
0.327999
0.161887
0.133989
0.133233
0.160375
0.188817
0.217962
0.221712
0.191329
0.247138
0.252381
0.275663
0.282641
0.369765
0.350502
0.363966
0.385715
0.403819
0.417817
0.396695
0.385304
0.432185
0.405996
0.427354
0.403661
0.327999
0.311786
0.302843
0.339117
0.432185
0.403661
0.427354
0.396695
0.417817
0.369765
0.403819
0.350502
0.385304
0.363966
0.385715
-3.21271e-35
0.000168233
1.13684e-34
0.0001762
0.0001762
0.000168233
1.13684e-34
-3.21271e-35
0.000931538
0.0027368
0.00284093
0.000896609
0.00623046
0.0118641
0.0122135
0.00643499
0.0205643
0.0200644
0.0311607
0.0318213
0.00284093
0.0027368
0.000931538
0.000896609
0.0461593
0.0453861
0.0628507
0.0636867
0.0122135
0.0118641
0.00623046
0.00643499
0.0835493
0.107346
0.107952
0.0843313
0.133989
0.163105
0.162802
0.134235
0.0200644
0.0318213
0.0205643
0.0311607
0.0453861
0.0628507
0.0461593
0.0636867
0.193132
0.194225
0.22678
0.22466
0.256723
0.260138
0.288637
0.293605
0.107346
0.0835493
0.0843313
0.107952
0.133989
0.134235
0.162802
0.163105
0.31968
0.326462
0.357974
0.349134
0.376307
0.414115
0.387421
0.400536
0.193132
0.22466
0.194225
0.22678
0.256723
0.293605
0.260138
0.288637
0.31968
0.357974
0.349134
0.326462
0.456791
0.4379
0.421242
0.437425
0.481923
0.471745
0.450114
0.457558
0.457558
0.460068
0.487075
0.487075
0.376307
0.400536
0.414115
0.387421
0.481923
0.4379
0.450114
0.471745
0.437425
0.456791
0.421242
-2.88336e-35
0.000152695
1.02723e-34
0.000161258
0.000856129
0.00081592
0.00250825
0.00262701
0.000161258
0.000152695
1.02723e-34
-2.88336e-35
0.00262701
0.00250825
0.000856129
0.00081592
0.00575758
0.0110567
0.0114795
0.00599939
0.0194867
0.0188559
0.0295251
0.0303956
0.0444397
0.043351
0.0605078
0.0617908
0.00599939
0.00575758
0.0114795
0.0110567
0.0810611
0.104949
0.106344
0.0824485
0.0303956
0.0295251
0.0194867
0.0188559
0.131992
0.161888
0.162802
0.133232
0.194584
0.228487
0.22806
0.194225
0.0444397
0.0605078
0.043351
0.0617908
0.104949
0.106344
0.0810611
0.0824485
0.264075
0.300318
0.262592
0.29751
0.332082
0.336498
0.371862
0.365569
0.161888
0.133232
0.162802
0.131992
0.194225
0.22806
0.194584
0.228487
0.397231
0.405658
0.437144
0.426348
0.474344
0.490427
0.452258
0.465616
0.29751
0.262592
0.264075
0.300318
0.336498
0.332082
0.371862
0.365569
0.397231
0.437144
0.426348
0.405658
0.526879
0.511007
0.492101
0.505088
0.515672
0.513016
0.537672
0.543133
0.513016
0.543133
0.505088
0.537672
0.452258
0.492101
0.490427
0.465616
0.511007
0.526879
0.474344
-2.52766e-35
0.00014506
0.000136142
9.12025e-35
0.000772524
0.000728319
0.00225531
0.00238511
0.00522285
0.0101211
0.0106044
0.00549452
0.00014506
0.000136142
9.12025e-35
-2.52766e-35
0.000728319
0.00238511
0.00225531
0.000772524
0.0106044
0.0101211
0.00522285
0.00549452
0.0181578
0.0174153
0.0275081
0.0285622
0.0421051
0.0407338
0.0573268
0.0590183
0.0793735
0.0774223
0.101033
0.103176
0.0174153
0.0285622
0.0181578
0.0275081
0.128059
0.158271
0.160375
0.130256
0.0421051
0.0573268
0.0590183
0.0407338
0.228061
0.193131
0.191329
0.22678
0.302579
0.264567
0.264075
0.302013
0.0774223
0.0793735
0.103176
0.101033
0.130256
0.160375
0.158271
0.128059
0.339674
0.380366
0.376807
0.341592
0.412643
0.454106
0.41813
0.44642
0.228061
0.193131
0.191329
0.22678
0.302579
0.264075
0.302013
0.264567
0.517702
0.504915
0.487537
0.477409
0.543942
0.528337
0.547126
0.565678
0.339674
0.380366
0.376807
0.341592
0.412643
0.454106
0.41813
0.44642
0.504915
0.477409
0.517702
0.487537
0.560874
0.593802
0.569242
0.582424
0.599557
0.599557
0.572061
0.569242
0.560874
0.565678
0.582424
0.593802
0.543942
0.547126
0.528337
-2.15683e-35
7.94472e-35
0.000128079
0.000119055
0.00068325
0.000636463
0.00198571
0.0021226
0.00464261
0.00908578
0.00961491
0.00493577
0.000128079
0.000119055
7.94472e-35
-2.15683e-35
0.0166178
0.0157862
0.0251708
0.0263765
0.000636463
0.0021226
0.00198571
0.00068325
0.00493577
0.00464261
0.00961491
0.00908578
0.0157862
0.0263765
0.0251708
0.0166178
0.0392261
0.0376137
0.053404
0.0554528
0.0727427
0.0957175
0.098543
0.0751987
0.122307
0.152363
0.155595
0.125395
0.0392261
0.0554528
0.053404
0.0376137
0.188815
0.221712
0.224661
0.185626
0.0957175
0.098543
0.0727427
0.0751987
0.260138
0.300318
0.262591
0.302013
0.383229
0.34223
0.341592
0.382512
0.152363
0.122307
0.125395
0.155595
0.224661
0.188815
0.221712
0.185626
0.460145
0.422079
0.424461
0.464491
0.502527
0.528687
0.495933
0.537791
0.260138
0.300318
0.262591
0.302013
0.383229
0.341592
0.34223
0.382512
0.59714
0.582391
0.569553
0.557721
0.619964
0.602177
0.616622
0.637532
0.422079
0.464491
0.460145
0.424461
0.537791
0.528687
0.495933
0.502527
0.557721
0.582391
0.569553
0.59714
0.628379
0.62543
0.649461
0.655492
0.655492
0.62543
0.616622
0.637532
0.649461
0.619964
0.602177
-1.78285e-35
0.000101922
6.77802e-35
0.000110807
0.000110807
0.000101922
6.77802e-35
-1.78285e-35
0.000591013
0.00054313
0.00170771
0.00184751
0.00403469
0.00798261
0.00854129
0.00434025
0.0149138
0.0140188
0.0225848
0.0239052
0.00184751
0.00170771
0.000591013
0.00054313
0.03589
0.0340858
0.0488585
0.0512022
0.00854129
0.00403469
0.00798261
0.00434025
0.0225848
0.0140188
0.0239052
0.0149138
0.03589
0.0512022
0.0488585
0.0340858
0.0700504
0.067164
0.089162
0.0925846
0.114909
0.144343
0.148605
0.118795
0.181766
0.217962
0.177285
0.213434
0.089162
0.0925846
0.067164
0.0700504
0.252381
0.29751
0.256721
0.293606
0.114909
0.118795
0.148605
0.144343
0.380366
0.382513
0.339673
0.336498
0.467112
0.425256
0.467988
0.424461
0.217962
0.181766
0.177285
0.213434
0.29751
0.256721
0.252381
0.293606
0.510136
0.550091
0.544943
0.507275
0.587066
0.609812
0.620314
0.579363
0.336498
0.339673
0.382513
0.380366
0.467988
0.424461
0.425256
0.467112
0.672991
0.649155
0.656367
0.635669
0.671489
0.680683
0.703766
0.691324
0.507275
0.510136
0.544943
0.550091
0.579363
0.587066
0.620314
0.609812
0.649155
0.672991
0.635669
0.656367
0.68378
0.710054
0.710054
0.680683
0.691324
0.703766
0.671489
-1.41807e-35
8.52227e-05
5.65106e-35
9.37328e-05
-1.41807e-35
9.37328e-05
8.52227e-05
5.65106e-35
0.000498596
0.000451131
0.00142983
0.00156829
0.00156829
0.00142983
0.000498596
0.000451131
0.00372631
0.00341784
0.00684563
0.00741661
0.0130983
0.0121674
0.0198295
0.0212239
0.0321988
0.0302584
0.0438293
0.0463962
0.00741661
0.00684563
0.00341784
0.00372631
0.0640849
0.0608564
0.0815659
0.0854816
0.0121674
0.0212239
0.0198295
0.0130983
0.0321988
0.0463962
0.0438293
0.0302584
0.0608564
0.0640849
0.0854816
0.0815659
0.106091
0.134452
0.139615
0.110657
0.172196
0.202196
0.166558
0.208167
0.288638
0.247134
0.241038
0.282641
0.106091
0.134452
0.139615
0.110657
0.376808
0.326462
0.332079
0.371863
0.166558
0.208167
0.202196
0.172196
0.464492
0.467113
0.41813
0.422078
0.510136
0.553195
0.554233
0.511093
0.288638
0.282641
0.241038
0.247134
0.332079
0.376808
0.326462
0.371863
0.634502
0.592614
0.595955
0.628563
0.669117
0.69911
0.687273
0.660338
0.464492
0.422078
0.41813
0.467113
0.511093
0.553195
0.510136
0.554233
0.708837
0.724559
0.742911
0.723876
0.734137
0.737343
0.755824
0.762347
0.595955
0.592614
0.628563
0.634502
0.69911
0.660338
0.687273
0.669117
0.762347
0.708837
0.755824
0.734137
0.724559
0.742911
0.723876
7.73243e-05
6.94024e-05
4.59196e-35
-1.07479e-35
-1.07479e-35
6.94024e-05
4.59196e-35
7.73243e-05
0.000408762
0.000363192
0.00116056
0.00129347
0.000408762
0.000363192
0.00129347
0.00116056
0.00281107
0.00571002
0.00627565
0.00311289
0.00627565
0.00571002
0.00281107
0.00311289
0.0112272
0.0102894
0.0169902
0.0184155
0.0282663
0.0262495
0.0384712
0.0411821
0.0574848
0.0540134
0.0731617
0.0774504
0.0169902
0.0102894
0.0184155
0.0112272
0.101226
0.0961205
0.122991
0.128898
0.0262495
0.0282663
0.0411821
0.0384712
0.0731617
0.0574848
0.0774504
0.0540134
0.101226
0.128898
0.122991
0.0961205
0.19557
0.160394
0.153771
0.188336
0.275664
0.234119
0.267755
0.22645
0.36557
0.311787
0.357974
0.319676
0.19557
0.188336
0.160394
0.153771
0.460146
0.405659
0.454106
0.412641
0.275664
0.22645
0.234119
0.267755
0.502527
0.550091
0.507273
0.553195
0.638082
0.639279
0.597074
0.595956
0.36557
0.357974
0.311787
0.319676
0.405659
0.412641
0.460146
0.454106
0.679249
0.715101
0.708408
0.675441
0.746136
0.758677
0.771744
0.736347
0.507273
0.550091
0.553195
0.502527
0.595956
0.597074
0.638082
0.639279
0.774972
0.791414
0.804752
0.784872
0.784872
0.788205
0.811489
0.811489
0.708408
0.675441
0.715101
0.679249
0.746136
0.771744
0.758677
0.804752
0.791414
0.736347
0.774972
6.20073e-05
5.48533e-05
3.62456e-35
-7.64727e-36
0.0010314
0.000907973
0.00032414
0.000281843
-7.64727e-36
5.48533e-05
3.62456e-35
6.20073e-05
0.00032414
0.000281843
0.000907973
0.0010314
0.00223293
0.0046108
0.00515368
0.00251884
0.0046108
0.00223293
0.00251884
0.00515368
0.00935858
0.00844301
0.014155
0.0155669
0.00844301
0.0155669
0.014155
0.00935858
0.024214
0.0221836
0.0329501
0.0357211
0.0504532
0.0468463
0.064208
0.0687376
0.0853037
0.110311
0.116781
0.0907929
0.0221836
0.024214
0.0357211
0.0329501
0.146719
0.139313
0.172277
0.180553
0.0468463
0.064208
0.0504532
0.0687376
0.110311
0.0907929
0.116781
0.0853037
0.139313
0.180553
0.146719
0.172277
0.20906
0.218069
0.249398
0.258979
0.349136
0.292914
0.339118
0.302838
0.437144
0.387421
0.446421
0.397228
0.258979
0.249398
0.20906
0.218069
0.487537
0.544944
0.537792
0.495931
0.292914
0.302838
0.349136
0.339118
0.634502
0.587066
0.638082
0.592612
0.680526
0.720485
0.719136
0.679249
0.446421
0.437144
0.397228
0.387421
0.544944
0.495931
0.487537
0.537792
0.782008
0.753189
0.757436
0.789397
0.815752
0.805049
0.835986
0.821831
0.634502
0.592612
0.587066
0.638082
0.680526
0.720485
0.719136
0.679249
0.835467
0.849702
0.832048
0.856628
0.832048
0.849702
0.821831
0.856628
0.782008
0.757436
0.789397
0.753189
0.835986
0.815752
0.805049
4.8142e-05
4.18913e-05
2.76695e-35
-4.9836e-36
0.000789821
0.000679379
0.000247097
0.000209281
-4.9836e-36
4.18913e-05
2.76695e-35
4.8142e-05
0.00408516
0.00358145
0.00170071
0.00196216
0.000247097
0.000209281
0.000679379
0.000789821
0.00170071
0.00358145
0.00408516
0.00196216
0.00755024
0.006685
0.0114115
0.0127665
0.0127665
0.0114115
0.00755024
0.006685
0.0201677
0.0181867
0.0274374
0.0301823
0.0201677
0.0301823
0.0274374
0.0181867
0.0432078
0.0395775
0.0549823
0.0596122
0.0796776
0.0739749
0.0968028
0.103636
0.131589
0.123628
0.154509
0.163575
0.0549823
0.0432078
0.0596122
0.0395775
0.239089
0.199472
0.228127
0.189398
0.0739749
0.0968028
0.103636
0.0796776
0.123628
0.163575
0.154509
0.131589
0.239089
0.189398
0.199472
0.228127
0.315864
0.270416
0.328001
0.282073
0.414116
0.42635
0.363967
0.376302
0.528688
0.465616
0.517702
0.477405
0.270416
0.328001
0.315864
0.282073
0.569553
0.620314
0.628564
0.57936
0.363967
0.414116
0.42635
0.376302
0.669117
0.715101
0.67544
0.719136
0.75886
0.757436
0.793851
0.795341
0.477405
0.465616
0.528688
0.517702
0.628564
0.57936
0.620314
0.569553
0.847104
0.855109
0.828106
0.823463
0.874808
0.864341
0.875832
0.889876
0.67544
0.715101
0.669117
0.719136
0.795341
0.75886
0.757436
0.793851
0.878331
0.874808
0.896967
0.896967
0.847104
0.828106
0.864341
0.889876
0.823463
0.855109
0.875832
3.6001e-05
3.07334e-05
2.02992e-35
-2.84224e-36
0.000575512
0.000480903
0.000179611
0.000147235
-2.84224e-36
3.07334e-05
2.02992e-35
3.6001e-05
0.00310221
0.00265234
0.00122955
0.00145915
0.000179611
0.000147235
0.000480903
0.000575512
0.0101006
0.00884386
0.00585736
0.00506841
0.00122955
0.00265234
0.00310221
0.00145915
0.00585736
0.00506841
0.00884386
0.0101006
0.0162528
0.0143822
0.022104
0.024738
0.0162528
0.024738
0.022104
0.0143822
0.0359737
0.0324328
0.0457711
0.0503574
0.0324328
0.0359737
0.0503574
0.0457711
0.0624857
0.0828839
0.0898686
0.0682247
0.115471
0.107201
0.13558
0.145155
0.178896
0.2166
0.168067
0.204594
0.0624857
0.0898686
0.0828839
0.0682247
0.244978
0.302805
0.28892
0.258013
0.107201
0.13558
0.145155
0.115471
0.204594
0.168067
0.2166
0.178896
0.28892
0.244978
0.258013
0.302805
0.400538
0.336007
0.385716
0.350496
0.437426
0.504917
0.490427
0.452253
0.543943
0.59714
0.609813
0.557717
0.385716
0.400538
0.336007
0.350496
0.69911
0.649155
0.660335
0.708408
0.504917
0.452253
0.437426
0.490427
0.746137
0.789397
0.753188
0.793851
0.861547
0.829663
0.828106
0.859933
0.609813
0.543943
0.557717
0.59714
0.69911
0.660335
0.708408
0.649155
0.884112
0.901711
0.910232
0.889096
0.924551
0.912421
0.916003
0.93178
0.793851
0.746137
0.789397
0.753188
0.829663
0.859933
0.828106
0.861547
0.889096
0.901711
0.910232
0.912421
0.93178
0.924551
0.884112
2.57469e-05
2.14758e-05
1.41557e-35
-1.28007e-36
0.000393849
0.000317051
0.000123128
9.68252e-05
-1.28007e-36
2.14758e-05
1.41557e-35
2.57469e-05
0.00223301
0.00184898
0.00083151
0.00102353
0.000123128
9.68252e-05
0.000317051
0.000393849
0.00764978
0.00652807
0.00433004
0.00363976
0.00083151
0.00184898
0.00223301
0.00102353
0.0125892
0.0195561
0.0171134
0.0108852
0.00433004
0.00363976
0.00652807
0.00764978
0.0125892
0.0108852
0.0171134
0.0195561
0.0289754
0.0256329
0.0368603
0.041261
0.0289754
0.041261
0.0256329
0.0368603
0.0567901
0.0511933
0.0689874
0.0759063
0.0689874
0.0511933
0.0567901
0.0759063
0.0988639
0.0905415
0.116077
0.125864
0.192203
0.156976
0.145728
0.179522
0.25911
0.274319
0.217382
0.231393
0.0905415
0.125864
0.116077
0.0988639
0.304395
0.35281
0.369767
0.320595
0.179522
0.145728
0.192203
0.156976
0.25911
0.217382
0.274319
0.231393
0.304395
0.35281
0.320595
0.369767
0.474346
0.456792
0.40382
0.421236
0.511008
0.565679
0.582392
0.528332
0.672992
0.635665
0.687274
0.619965
0.474346
0.456792
0.40382
0.421236
0.736345
0.723877
0.782009
0.771744
0.565679
0.528332
0.511008
0.582392
0.855109
0.815752
0.823462
0.859934
0.917086
0.915368
0.890769
0.889096
0.619965
0.672992
0.635665
0.687274
0.771744
0.782009
0.736345
0.723877
0.944173
0.953095
0.933292
0.938553
0.947834
0.960436
0.960436
0.944173
0.823462
0.855109
0.859934
0.815752
0.915368
0.953095
0.890769
0.917086
0.938553
0.933292
0.889096
1.74097e-05
1.40724e-05
9.15916e-36
-3.15095e-37
-3.15095e-37
1.40724e-05
9.15916e-36
1.74097e-05
0.000248354
0.000190235
7.84154e-05
5.84044e-05
0.00150001
0.00119026
0.000514511
0.000665396
7.84154e-05
5.84044e-05
0.000190235
0.000248354
0.00243613
0.00548473
0.00452829
0.00301044
0.000514511
0.00119026
0.00150001
0.000665396
0.00928573
0.0147936
0.012614
0.00779675
0.00301044
0.00243613
0.00452829
0.00548473
0.0224274
0.0326039
0.0285233
0.0193839
0.00928573
0.00779675
0.012614
0.0147936
0.0224274
0.0193839
0.0285233
0.0326039
0.0457289
0.0404466
0.0555447
0.0621833
0.0457289
0.0621833
0.0555447
0.0404466
0.0822836
0.0741679
0.0966057
0.1063
0.1063
0.0741679
0.0966057
0.0822836
0.166652
0.134391
0.15369
0.123072
0.18848
0.203034
0.243415
0.227352
0.270101
0.334977
0.316403
0.287514
0.15369
0.123072
0.166652
0.134391
0.365824
0.437902
0.417818
0.385297
0.18848
0.227352
0.203034
0.243415
0.316403
0.270101
0.334977
0.287514
0.437902
0.365824
0.417818
0.385297
0.547128
0.471746
0.52688
0.492095
0.637532
0.582424
0.656369
0.602172
0.708834
0.691324
0.742911
0.758678
0.471746
0.52688
0.547128
0.492095
0.791414
0.847105
0.805047
0.835986
0.582424
0.656369
0.602172
0.637532
0.875832
0.910232
0.884112
0.915368
0.960272
0.938553
0.940319
0.958473
0.708834
0.758678
0.742911
0.691324
0.805047
0.835986
0.791414
0.847105
0.982406
0.97321
0.969516
0.974982
0.974982
0.958473
0.969516
0.982406
0.910232
0.884112
0.875832
0.915368
0.940319
0.960272
0.938553
8.59834e-38
8.31602e-06
5.11748e-36
1.08676e-05
1.08676e-05
8.31602e-06
5.11748e-36
8.59834e-38
0.00014021
0.00010028
4.54076e-05
3.14069e-05
4.54076e-05
3.14069e-05
0.00010028
0.00014021
0.000918007
0.000686394
0.000281275
0.000390208
0.00366184
0.00289197
0.00192972
0.00148202
0.000281275
0.000686394
0.000390208
0.000918007
0.00643394
0.0105883
0.00873075
0.00519745
0.00192972
0.00148202
0.00289197
0.00366184
0.0165245
0.0246487
0.0138666
0.0210081
0.00643394
0.00519745
0.00873075
0.0105883
0.0353803
0.049124
0.0429684
0.0305717
0.0165245
0.0138666
0.0210081
0.0246487
0.0353803
0.0305717
0.0429684
0.049124
0.0662451
0.0585864
0.0777706
0.0870721
0.0662451
0.0870721
0.0585864
0.0777706
0.100806
0.127901
0.111843
0.14074
0.100806
0.14074
0.127901
0.111843
0.194631
0.21105
0.159171
0.173815
0.234184
0.297235
0.252272
0.277618
0.324604
0.374699
0.396697
0.345535
0.194631
0.159171
0.21105
0.173815
0.427355
0.50509
0.481924
0.450107
0.277618
0.234184
0.252272
0.297235
0.396697
0.324604
0.374699
0.345535
0.481924
0.427355
0.50509
0.450107
0.593803
0.616624
0.537673
0.560868
0.703767
0.649462
0.724561
0.671484
0.774969
0.804752
0.821832
0.755824
0.537673
0.616624
0.560868
0.593803
0.864339
0.889876
0.849702
0.901712
0.671484
0.703767
0.724561
0.649462
0.933292
0.958473
0.924551
0.953095
0.989804
0.974982
0.987949
0.976816
0.755824
0.774969
0.821832
0.804752
0.864339
0.901712
0.889876
0.849702
0.987949
0.991695
0.997285
0.997285
0.953095
0.989804
0.976816
0.958473
0.933292
0.924551
0.974982
5.82801e-06
3.82058e-06
1.70881e-36
2.14935e-38
2.14935e-38
3.82058e-06
1.70881e-36
5.82801e-06
2.30523e-05
1.41888e-05
4.3907e-05
6.77573e-05
6.77573e-05
4.3907e-05
2.30523e-05
1.41888e-05
0.000492139
0.00033686
0.000128152
0.000197645
0.000128152
0.000197645
0.00033686
0.000492139
0.0022184
0.00164491
0.00110481
0.000785952
0.00410168
0.00704998
0.00555615
0.00314063
0.00110481
0.000785952
0.00164491
0.0022184
0.0114307
0.0176256
0.0145239
0.00922553
0.00410168
0.00314063
0.00555615
0.00704998
0.0260525
0.0371243
0.0316332
0.0218546
0.0114307
0.00922553
0.0145239
0.0176256
0.0512407
0.0687746
0.0601503
0.0442698
0.0260525
0.0218546
0.0316332
0.0371243
0.0687746
0.0512407
0.0442698
0.0601503
0.0796178
0.102954
0.115274
0.0900325
0.0900325
0.115274
0.0796178
0.102954
0.178227
0.130365
0.144644
0.161964
0.178227
0.130365
0.161964
0.144644
0.197761
0.237656
0.257708
0.21596
0.281434
0.328764
0.351997
0.303176
0.432186
0.45756
0.379198
0.403653
0.237656
0.197761
0.257708
0.21596
0.487076
0.569244
0.543134
0.51301
0.351997
0.328764
0.281434
0.303176
0.379198
0.45756
0.403653
0.432186
0.487076
0.569244
0.543134
0.51301
0.625425
0.599558
0.655493
0.680685
0.734133
0.710054
0.784873
0.762348
0.874809
0.81149
0.832045
0.856628
0.655493
0.680685
0.599558
0.625425
0.944174
0.931781
0.912419
0.896967
0.710054
0.762348
0.734133
0.784873
0.960436
0.969516
0.987949
0.982406
1.00291
0.999162
0.997285
1.00479
0.856628
0.81149
0.832045
0.874809
0.896967
0.912419
0.944174
0.931781
0.997285
0.987949
0.999162
1.00479
0.960436
0.982406
0.969516
-3.67175e-37
1.80296e-06
1.80296e-06
-3.67175e-37
2.59601e-05
9.14834e-06
9.14834e-06
2.59601e-05
0.000215681
8.04261e-05
8.04261e-05
0.000215681
0.00053488
0.00116742
0.00053488
0.00116742
0.00232586
0.00425154
0.00726774
0.0117188
0.00232586
0.00425154
0.0180052
0.0265323
0.0117188
0.00726774
0.0377176
0.0519627
0.0265323
0.0180052
0.069629
0.0910398
0.0377176
0.0519627
0.069629
0.0910398
0.116428
0.145969
0.116428
0.145969
0.179709
0.217623
0.217623
0.179709
0.259531
0.305182
0.354165
0.405998
0.515674
0.460061
0.305182
0.259531
0.628381
0.572056
0.405998
0.354165
0.460061
0.515674
0.628381
0.572056
0.683775
0.737344
0.835467
0.788202
0.916004
0.878329
0.683775
0.737344
0.97321
0.947833
0.835467
0.788202
1.00291
0.991694
1.00669
1.00291
0.878329
0.916004
0.947833
0.991694
0.97321
0.0796178
0.197761
0.161964
3.82058e-06
0.102954
0.130365
0.102954
0.130365
0.0796178
0.00033686
0.000785952
0.0601503
0.161964
0.00314063
0.0442698
0.0316332
0.197761
0.0218546
0.0145239
0.237656
0.00922553
0.00555615
0.281434
0.00164491
0.328764
0.379198
0.000128152
4.3907e-05
0.432186
1.41888e-05
0.487076
0.543134
3.82058e-06
0.237656
0.281434
0.599558
0.655493
0.379198
0.710054
1.41888e-05
0.762348
0.81149
4.3907e-05
0.856628
0.896967
0.000128152
0.931781
0.960436
0.00033686
0.81149
0.982406
0.856628
0.997285
0.000785952
1.00479
1.00479
0.00164491
0.997285
0.982406
0.00314063
0.960436
0.931781
0.00555615
0.896967
0.00922553
0.762348
0.0145239
0.710054
0.655493
0.0218546
0.599558
0.543134
0.0316332
0.487076
0.432186
0.0442698
0.328764
0.0601503
1.70881e-36
1.70881e-36
2.14935e-38
5.82801e-06
5.82801e-06
2.14935e-38
6.77573e-05
2.30523e-05
2.30523e-05
6.77573e-05
0.000197645
0.000492139
0.000197645
0.000492139
0.0022184
0.00110481
0.00110481
0.0022184
0.00704998
0.00410168
0.0176256
0.0114307
0.00410168
0.00704998
0.0260525
0.0371243
0.0176256
0.0114307
0.0687746
0.0512407
0.0260525
0.0371243
0.0900325
0.115274
0.0512407
0.0687746
0.0900325
0.115274
0.178227
0.144644
0.178227
0.144644
0.21596
0.257708
0.257708
0.21596
0.351997
0.303176
0.45756
0.403653
0.51301
0.569244
0.303176
0.351997
0.680685
0.625425
0.45756
0.403653
0.569244
0.51301
0.625425
0.680685
0.734133
0.784873
0.874809
0.832045
0.912419
0.944174
0.784873
0.734133
0.987949
0.969516
0.874809
0.832045
1.00291
0.999162
0.999162
0.987949
0.944174
0.912419
0.969516
0.159171
0.127901
0.127901
0.100806
0.159171
0.0777706
0.00010028
0.0585864
0.0429684
0.194631
0.0305717
0.234184
0.0210081
0.0138666
0.00873075
0.277618
0.00519745
0.324604
0.00289197
0.00148202
0.000686394
0.374699
0.000281275
0.427355
3.14069e-05
8.31602e-06
0.481924
0.537673
8.31602e-06
0.593803
0.194631
0.649462
0.703767
0.277618
3.14069e-05
0.755824
0.804752
0.427355
0.849702
0.00010028
0.889876
0.000281275
0.924551
0.953095
0.974982
0.703767
0.000686394
0.989804
0.00148202
0.849702
0.997285
0.997285
0.989804
0.00289197
0.974982
0.00519745
0.953095
0.924551
0.889876
0.00873075
0.0138666
0.804752
0.755824
0.0210081
0.649462
0.0305717
0.593803
0.537673
0.481924
0.0429684
0.0585864
0.374699
0.324604
0.0777706
0.234184
0.100806
5.11748e-36
5.11748e-36
8.59834e-38
1.08676e-05
1.08676e-05
8.59834e-38
0.00014021
4.54076e-05
4.54076e-05
0.00014021
0.000390208
0.000918007
0.000918007
0.000390208
0.00366184
0.00192972
0.00192972
0.00366184
0.0105883
0.00643394
0.0165245
0.0246487
0.00643394
0.0105883
0.0353803
0.049124
0.0246487
0.0165245
0.0662451
0.0870721
0.049124
0.0353803
0.14074
0.111843
0.0662451
0.0870721
0.14074
0.111843
0.173815
0.21105
0.21105
0.173815
0.297235
0.252272
0.252272
0.297235
0.396697
0.345535
0.50509
0.450107
0.560868
0.616624
0.396697
0.345535
0.671484
0.724561
0.450107
0.50509
0.616624
0.560868
0.671484
0.724561
0.774969
0.821832
0.864339
0.901712
0.933292
0.958473
0.821832
0.774969
0.987949
0.976816
0.864339
0.901712
0.991695
0.987949
0.976816
0.933292
0.958473
0.15369
0.0966057
0.18848
1.40724e-05
0.0741679
0.0555447
0.0404466
0.227352
0.0285233
0.00119026
0.00243613
0.270101
0.0193839
0.012614
0.00779675
0.316403
0.00452829
0.365824
0.000514511
0.417818
0.000190235
0.471746
5.84044e-05
0.52688
0.582424
1.40724e-05
0.637532
0.15369
0.691324
5.84044e-05
0.742911
0.791414
0.835986
0.316403
0.365824
0.000190235
0.875832
0.000514511
0.910232
0.938553
0.960272
0.00119026
0.637532
0.974982
0.00243613
0.742911
0.791414
0.982406
0.982406
0.974982
0.00452829
0.960272
0.00779675
0.938553
0.910232
0.875832
0.012614
0.835986
0.0193839
0.691324
0.0285233
0.0404466
0.582424
0.52688
0.471746
0.0555447
0.417818
0.0741679
0.270101
0.0966057
0.227352
0.123072
0.18848
0.123072
9.15916e-36
9.15916e-36
-3.15095e-37
1.74097e-05
1.74097e-05
-3.15095e-37
7.84154e-05
0.000248354
7.84154e-05
0.000248354
0.000665396
0.00150001
0.00150001
0.000665396
0.00548473
0.00301044
0.00301044
0.00548473
0.00928573
0.0147936
0.0224274
0.0326039
0.00928573
0.0147936
0.0457289
0.0621833
0.0326039
0.0224274
0.1063
0.0822836
0.0457289
0.0621833
0.166652
0.134391
0.0822836
0.1063
0.166652
0.134391
0.243415
0.203034
0.243415
0.203034
0.287514
0.334977
0.334977
0.287514
0.437902
0.385297
0.547128
0.492095
0.602172
0.656369
0.385297
0.437902
0.708834
0.758678
0.492095
0.547128
0.656369
0.602172
0.708834
0.758678
0.847105
0.805047
0.884112
0.915368
0.940319
0.958473
0.805047
0.847105
0.97321
0.969516
0.915368
0.884112
0.969516
0.958473
0.940319
0.217382
0.0511933
0.0368603
0.25911
0.0256329
0.0171134
0.304395
0.0108852
0.00652807
0.35281
0.00363976
0.00184898
0.40382
0.00083151
0.000317051
0.456792
9.68252e-05
2.14758e-05
0.511008
0.565679
2.14758e-05
0.0689874
0.0905415
0.619965
0.672992
0.145728
0.723877
9.68252e-05
0.771744
0.815752
0.000317051
0.855109
0.889096
0.00083151
0.917086
0.938553
0.00184898
0.511008
0.953095
0.565679
0.960436
0.00363976
0.960436
0.953095
0.00652807
0.771744
0.815752
0.938553
0.917086
0.0108852
0.889096
0.855109
0.0171134
0.0256329
0.723877
0.672992
0.0368603
0.619965
0.0511933
0.456792
0.0689874
0.40382
0.35281
0.0905415
0.304395
0.25911
0.116077
0.217382
0.179522
0.145728
0.116077
0.179522
1.41557e-35
1.41557e-35
-1.28007e-36
2.57469e-05
2.57469e-05
-1.28007e-36
0.000393849
0.000123128
0.000123128
0.000393849
0.00223301
0.00102353
0.00102353
0.00223301
0.00764978
0.00433004
0.00433004
0.00764978
0.0195561
0.0125892
0.0289754
0.041261
0.0195561
0.0125892
0.0759063
0.0567901
0.0289754
0.041261
0.125864
0.0988639
0.0759063
0.0567901
0.192203
0.156976
0.125864
0.0988639
0.156976
0.192203
0.274319
0.231393
0.231393
0.274319
0.369767
0.320595
0.320595
0.369767
0.474346
0.421236
0.582392
0.528332
0.635665
0.687274
0.421236
0.474346
0.782009
0.736345
0.528332
0.582392
0.687274
0.635665
0.782009
0.736345
0.823462
0.859934
0.890769
0.915368
0.933292
0.944173
0.859934
0.823462
0.944173
0.947834
0.890769
0.933292
0.915368
0.0324328
0.022104
0.28892
0.0143822
0.336007
0.00884386
0.00506841
0.00265234
0.385716
0.00122955
0.437426
0.000480903
0.000147235
3.07334e-05
0.490427
0.543943
3.07334e-05
0.59714
0.0457711
0.649155
0.69911
0.0828839
0.000147235
0.746137
0.789397
0.168067
0.828106
0.000480903
0.861547
0.00122955
0.889096
0.910232
0.924551
0.385716
0.00265234
0.93178
0.00506841
0.543943
0.93178
0.924551
0.910232
0.00884386
0.69911
0.889096
0.0143822
0.861547
0.828106
0.789397
0.022104
0.746137
0.0324328
0.649155
0.59714
0.0457711
0.0624857
0.490427
0.437426
0.0828839
0.336007
0.107201
0.28892
0.244978
0.204594
0.13558
0.168067
0.13558
0.107201
0.204594
0.0624857
0.244978
2.02992e-35
2.02992e-35
-2.84224e-36
3.6001e-05
3.6001e-05
-2.84224e-36
0.000575512
0.000179611
0.000179611
0.000575512
0.00310221
0.00145915
0.00310221
0.00145915
0.00585736
0.0101006
0.00585736
0.0101006
0.0162528
0.024738
0.0359737
0.0503574
0.0162528
0.024738
0.0898686
0.0682247
0.0503574
0.0359737
0.145155
0.115471
0.0898686
0.0682247
0.2166
0.178896
0.145155
0.115471
0.178896
0.2166
0.302805
0.258013
0.302805
0.258013
0.400538
0.350496
0.400538
0.350496
0.504917
0.452253
0.557717
0.609813
0.708408
0.660335
0.452253
0.504917
0.753188
0.793851
0.609813
0.557717
0.660335
0.708408
0.793851
0.753188
0.859933
0.829663
0.901711
0.884112
0.912421
0.916003
0.829663
0.859933
0.901711
0.912421
0.884112
0.315864
0.0114115
0.363967
0.006685
0.00358145
0.00170071
0.414116
0.000679379
0.465616
0.000209281
4.18913e-05
0.517702
0.569553
4.18913e-05
0.620314
0.0274374
0.669117
0.000209281
0.715101
0.757436
0.795341
0.0968028
0.123628
0.000679379
0.828106
0.00170071
0.855109
0.875832
0.889876
0.00358145
0.315864
0.896967
0.006685
0.414116
0.465616
0.896967
0.889876
0.875832
0.0114115
0.620314
0.855109
0.0181867
0.828106
0.795341
0.757436
0.0274374
0.715101
0.0395775
0.669117
0.569553
0.0549823
0.517702
0.0739749
0.363967
0.0968028
0.123628
0.270416
0.228127
0.189398
0.154509
0.154509
0.189398
0.0739749
0.228127
0.0549823
0.270416
0.0395775
0.0181867
2.76695e-35
2.76695e-35
-4.9836e-36
4.8142e-05
4.8142e-05
-4.9836e-36
0.000247097
0.000789821
0.000247097
0.000789821
0.00408516
0.00196216
0.00196216
0.00408516
0.00755024
0.0127665
0.00755024
0.0127665
0.0301823
0.0201677
0.0596122
0.0432078
0.0201677
0.0301823
0.0796776
0.103636
0.0432078
0.0596122
0.131589
0.163575
0.0796776
0.103636
0.199472
0.239089
0.163575
0.131589
0.199472
0.239089
0.328001
0.282073
0.328001
0.282073
0.42635
0.376302
0.376302
0.42635
0.528688
0.477405
0.628564
0.57936
0.67544
0.719136
0.477405
0.528688
0.793851
0.75886
0.628564
0.57936
0.67544
0.719136
0.793851
0.75886
0.847104
0.823463
0.874808
0.864341
0.878331
0.874808
0.823463
0.864341
0.847104
0.387421
0.00223293
0.000907973
0.437144
0.000281843
5.48533e-05
0.487537
0.537792
5.48533e-05
0.0046108
0.00844301
0.587066
0.634502
0.0221836
0.679249
0.000281843
0.720485
0.757436
0.000907973
0.789397
0.815752
0.00223293
0.835986
0.849702
0.0046108
0.20906
0.856628
0.249398
0.856628
0.00844301
0.849702
0.835986
0.014155
0.437144
0.487537
0.815752
0.789397
0.0221836
0.757436
0.720485
0.0329501
0.679249
0.634502
0.0468463
0.587066
0.537792
0.064208
0.0853037
0.387421
0.339118
0.110311
0.292914
0.139313
0.172277
0.172277
0.139313
0.110311
0.20906
0.0853037
0.064208
0.249398
0.0468463
0.0329501
0.292914
0.014155
0.339118
3.62456e-35
3.62456e-35
-7.64727e-36
6.20073e-05
6.20073e-05
-7.64727e-36
0.0010314
0.00032414
0.00032414
0.0010314
0.00251884
0.00515368
0.00515368
0.00251884
0.0155669
0.00935858
0.00935858
0.0155669
0.024214
0.0357211
0.0504532
0.0687376
0.024214
0.0357211
0.116781
0.0907929
0.0687376
0.0504532
0.146719
0.180553
0.0907929
0.116781
0.218069
0.258979
0.146719
0.180553
0.258979
0.218069
0.349136
0.302838
0.302838
0.349136
0.397228
0.446421
0.446421
0.397228
0.544944
0.495931
0.638082
0.592612
0.719136
0.680526
0.544944
0.495931
0.753189
0.782008
0.638082
0.592612
0.680526
0.719136
0.782008
0.753189
0.805049
0.821831
0.835467
0.832048
0.832048
0.821831
0.805049
0.000363192
6.94024e-05
0.454106
0.502527
6.94024e-05
0.550091
0.00116056
0.595956
0.639279
0.00571002
0.000363192
0.679249
0.715101
0.0262495
0.746136
0.00116056
0.771744
0.00281107
0.791414
0.804752
0.811489
0.122991
0.00571002
0.811489
0.0102894
0.22645
0.804752
0.791414
0.771744
0.0169902
0.357974
0.746136
0.0262495
0.715101
0.679249
0.639279
0.0384712
0.595956
0.0540134
0.550091
0.502527
0.454106
0.0731617
0.405659
0.0961205
0.311787
0.267755
0.122991
0.153771
0.188336
0.153771
0.188336
0.0961205
0.22645
0.0731617
0.0540134
0.0384712
0.267755
0.311787
0.0169902
0.0102894
0.357974
0.00281107
0.405659
4.59196e-35
4.59196e-35
-1.07479e-35
7.73243e-05
7.73243e-05
-1.07479e-35
0.000408762
0.00129347
0.000408762
0.00129347
0.00627565
0.00311289
0.00627565
0.00311289
0.0184155
0.0112272
0.0112272
0.0184155
0.0282663
0.0411821
0.0774504
0.0574848
0.0282663
0.0411821
0.128898
0.101226
0.0574848
0.0774504
0.160394
0.19557
0.101226
0.128898
0.234119
0.275664
0.160394
0.19557
0.234119
0.275664
0.36557
0.319676
0.36557
0.319676
0.460146
0.412641
0.460146
0.412641
0.507273
0.553195
0.638082
0.597074
0.708408
0.675441
0.553195
0.507273
0.736347
0.758677
0.638082
0.597074
0.675441
0.708408
0.758677
0.736347
0.784872
0.774972
0.784872
0.788205
0.774972
0.464492
0.510136
8.52227e-05
8.52227e-05
0.554233
0.595955
0.000451131
0.634502
0.669117
0.00684563
0.0121674
0.69911
0.00142983
0.723876
0.00341784
0.742911
0.755824
0.762347
0.0815659
0.00684563
0.762347
0.134452
0.166558
0.0121674
0.755824
0.742911
0.723876
0.282641
0.0198295
0.69911
0.0302584
0.669117
0.634502
0.464492
0.595955
0.0438293
0.554233
0.0608564
0.510136
0.41813
0.0815659
0.371863
0.106091
0.326462
0.241038
0.134452
0.202196
0.166558
0.106091
0.202196
0.241038
0.0608564
0.0438293
0.0302584
0.282641
0.0198295
0.326462
0.00341784
0.371863
0.00142983
0.41813
0.000451131
5.65106e-35
5.65106e-35
-1.41807e-35
9.37328e-05
-1.41807e-35
9.37328e-05
0.00156829
0.000498596
0.000498596
0.00156829
0.00741661
0.00372631
0.00741661
0.00372631
0.0130983
0.0212239
0.0130983
0.0212239
0.0463962
0.0321988
0.0854816
0.0640849
0.0321988
0.0463962
0.139615
0.110657
0.0854816
0.0640849
0.208167
0.172196
0.110657
0.139615
0.288638
0.247134
0.172196
0.208167
0.288638
0.247134
0.332079
0.376808
0.332079
0.376808
0.467113
0.422078
0.467113
0.422078
0.511093
0.553195
0.628563
0.592614
0.660338
0.687273
0.511093
0.553195
0.724559
0.708837
0.592614
0.628563
0.660338
0.687273
0.724559
0.708837
0.737343
0.734137
0.734137
0.000101922
0.510136
0.550091
0.587066
0.00054313
0.620314
0.649155
0.00170771
0.672991
0.691324
0.00403469
0.703766
0.710054
0.0340858
0.00798261
0.0488585
0.710054
0.703766
0.0140188
0.691324
0.672991
0.144343
0.177285
0.0225848
0.649155
0.620314
0.0340858
0.587066
0.550091
0.0488585
0.510136
0.467988
0.067164
0.424461
0.380366
0.089162
0.336498
0.293606
0.114909
0.252381
0.213434
0.144343
0.177285
0.114909
0.089162
0.213434
0.067164
0.252381
0.0225848
0.293606
0.0140188
0.00798261
0.336498
0.00403469
0.00170771
0.380366
0.00054313
0.000101922
0.424461
0.467988
6.77802e-35
6.77802e-35
-1.78285e-35
0.000110807
0.000110807
-1.78285e-35
0.000591013
0.00184751
0.000591013
0.00184751
0.00434025
0.00854129
0.00854129
0.00434025
0.0239052
0.0149138
0.0239052
0.0149138
0.0512022
0.03589
0.0925846
0.0700504
0.03589
0.0512022
0.148605
0.118795
0.0925846
0.0700504
0.181766
0.217962
0.148605
0.118795
0.256721
0.29751
0.181766
0.217962
0.256721
0.29751
0.339673
0.382513
0.339673
0.382513
0.467112
0.425256
0.467112
0.425256
0.544943
0.507275
0.579363
0.609812
0.656367
0.635669
0.507275
0.544943
0.671489
0.680683
0.579363
0.609812
0.635669
0.656367
0.671489
0.68378
0.680683
0.537791
0.000636463
0.569553
0.59714
0.619964
0.00198571
0.637532
0.00464261
0.649461
0.00908578
0.655492
0.655492
0.00908578
0.0376137
0.649461
0.0157862
0.637532
0.619964
0.0957175
0.59714
0.0251708
0.569553
0.0376137
0.537791
0.502527
0.260138
0.464491
0.053404
0.424461
0.0727427
0.383229
0.341592
0.300318
0.0957175
0.122307
0.221712
0.185626
0.152363
0.152363
0.122307
0.185626
0.0727427
0.053404
0.221712
0.260138
0.0251708
0.0157862
0.300318
0.00464261
0.341592
0.00198571
0.000636463
0.000119055
0.383229
0.424461
0.000119055
0.464491
0.502527
7.94472e-35
7.94472e-35
-2.15683e-35
0.000128079
0.000128079
-2.15683e-35
0.0021226
0.00068325
0.00068325
0.0021226
0.00961491
0.00493577
0.00493577
0.00961491
0.0166178
0.0263765
0.0166178
0.0263765
0.0392261
0.0554528
0.098543
0.0751987
0.0392261
0.0554528
0.155595
0.125395
0.098543
0.0751987
0.224661
0.188815
0.125395
0.155595
0.302013
0.262591
0.224661
0.188815
0.302013
0.262591
0.34223
0.382512
0.34223
0.382512
0.422079
0.460145
0.422079
0.460145
0.495933
0.528687
0.557721
0.582391
0.616622
0.602177
0.495933
0.528687
0.628379
0.62543
0.582391
0.557721
0.616622
0.602177
0.62543
0.000728319
0.517702
0.543942
0.565678
0.00225531
0.582424
0.00225531
0.00522285
0.593802
0.0101211
0.0174153
0.599557
0.599557
0.0101211
0.593802
0.0573268
0.0174153
0.582424
0.565678
0.543942
0.0275081
0.158271
0.191329
0.517702
0.0407338
0.487537
0.454106
0.41813
0.0573268
0.380366
0.0774223
0.341592
0.302579
0.264075
0.101033
0.22678
0.128059
0.128059
0.158271
0.101033
0.191329
0.0774223
0.0407338
0.22678
0.0275081
0.264075
0.00522285
0.302579
0.341592
0.000728319
0.000136142
0.380366
0.41813
0.000136142
0.454106
0.487537
9.12025e-35
9.12025e-35
-2.52766e-35
0.00014506
0.00014506
-2.52766e-35
0.00238511
0.000772524
0.000772524
0.00238511
0.0106044
0.00549452
0.0106044
0.00549452
0.0285622
0.0181578
0.0181578
0.0285622
0.0421051
0.0590183
0.0793735
0.103176
0.0421051
0.0590183
0.160375
0.130256
0.0793735
0.103176
0.193131
0.228061
0.130256
0.160375
0.264567
0.302013
0.228061
0.193131
0.302013
0.264567
0.339674
0.376807
0.376807
0.339674
0.412643
0.44642
0.44642
0.412643
0.477409
0.504915
0.528337
0.547126
0.560874
0.569242
0.477409
0.504915
0.569242
0.572061
0.547126
0.528337
0.560874
0.511007
0.00250825
0.526879
0.000152695
0.537672
0.00575758
0.543133
0.543133
0.0110567
0.0110567
0.0188559
0.537672
0.526879
0.0188559
0.511007
0.490427
0.0295251
0.465616
0.437144
0.043351
0.405658
0.161888
0.371862
0.0605078
0.336498
0.300318
0.0810611
0.264075
0.228487
0.104949
0.194225
0.131992
0.131992
0.104949
0.161888
0.0810611
0.0605078
0.194225
0.043351
0.0295251
0.228487
0.264075
0.00575758
0.00250825
0.300318
0.00081592
0.336498
0.371862
0.000152695
0.490427
0.405658
0.437144
0.465616
0.00081592
1.02723e-34
1.02723e-34
-2.88336e-35
0.000161258
0.000161258
-2.88336e-35
0.000856129
0.00262701
0.000856129
0.00262701
0.0114795
0.00599939
0.00599939
0.0114795
0.0303956
0.0194867
0.0194867
0.0303956
0.0617908
0.0444397
0.106344
0.0824485
0.0444397
0.0617908
0.133232
0.162802
0.106344
0.0824485
0.194584
0.22806
0.162802
0.133232
0.262592
0.29751
0.22806
0.194584
0.262592
0.29751
0.365569
0.332082
0.365569
0.332082
0.397231
0.426348
0.426348
0.397231
0.474344
0.452258
0.505088
0.492101
0.515672
0.513016
0.474344
0.452258
0.513016
0.492101
0.505088
0.0027368
0.481923
0.00623046
0.487075
0.487075
0.481923
0.0027368
0.0118641
0.471745
0.0200644
0.456791
0.437425
0.414115
0.0453861
0.0311607
0.387421
0.0453861
0.357974
0.107346
0.326462
0.293605
0.163105
0.0628507
0.260138
0.0835493
0.22678
0.194225
0.107346
0.133989
0.133989
0.0835493
0.0628507
0.163105
0.194225
0.0311607
0.0200644
0.0118641
0.22678
0.00623046
0.260138
0.000896609
0.000168233
0.293605
0.326462
0.000168233
0.471745
0.357974
0.387421
0.414115
0.000896609
0.437425
0.456791
1.13684e-34
1.13684e-34
-3.21271e-35
0.0001762
0.0001762
-3.21271e-35
0.00284093
0.000931538
0.000931538
0.00284093
0.0122135
0.00643499
0.0122135
0.00643499
0.0318213
0.0205643
0.0205643
0.0318213
0.0636867
0.0461593
0.107952
0.0843313
0.0461593
0.0636867
0.162802
0.134235
0.0843313
0.107952
0.22466
0.193132
0.162802
0.134235
0.288637
0.256723
0.193132
0.22466
0.256723
0.288637
0.31968
0.349134
0.31968
0.349134
0.376307
0.400536
0.376307
0.400536
0.421242
0.4379
0.450114
0.457558
0.460068
0.457558
0.4379
0.421242
0.450114
0.0066271
0.432185
0.432185
0.000182299
0.427354
0.0125188
0.417817
0.0210041
0.403819
0.0125188
0.0210041
0.385715
0.363966
0.0323653
0.339117
0.0467778
0.311786
0.282641
0.108153
0.252381
0.0642851
0.221712
0.0848124
0.191329
0.161887
0.133989
0.108153
0.133989
0.0848124
0.0642851
0.0467778
0.161887
0.0323653
0.191329
0.0066271
0.221712
0.00293401
0.252381
0.000967949
0.282641
0.311786
0.000182299
0.427354
0.339117
0.363966
0.000967949
0.385715
0.403819
0.417817
0.00293401
1.23774e-34
1.23774e-34
-3.50552e-35
0.000189447
0.000189447
-3.50552e-35
0.000996473
0.00302038
0.000996473
0.00302038
0.0127843
0.00678809
0.0127843
0.00678809
0.0327961
0.0213579
0.0213579
0.0327961
0.0472121
0.064649
0.107952
0.0849653
0.064649
0.0472121
0.133233
0.160375
0.0849653
0.107952
0.217962
0.188817
0.160375
0.133233
0.275663
0.247138
0.217962
0.188817
0.247138
0.275663
0.302843
0.327999
0.302843
0.327999
0.369765
0.350502
0.369765
0.350502
0.385304
0.396695
0.403661
0.405996
0.403661
0.385304
0.396695
0.374698
0.0130011
0.365823
0.352809
0.0216467
0.336007
0.315864
0.0331029
0.292913
0.0130011
0.267755
0.0474842
0.241037
0.0474842
0.213434
0.0647681
0.0647681
0.185625
0.158271
0.0848124
0.131992
0.107346
0.107346
0.0848124
0.131992
0.0331029
0.158271
0.0216467
0.185625
0.00693552
0.00309392
0.213434
0.00102779
0.00019448
0.241037
0.267755
0.00019448
0.379197
0.292913
0.379197
0.315864
0.336007
0.00102779
0.352809
0.365823
0.00309392
0.374698
0.00693552
1.32703e-34
1.32703e-34
-3.75293e-35
0.000200607
0.000200607
-3.75293e-35
0.00315994
0.00104898
0.00315994
0.00104898
0.00704807
0.0131746
0.0131746
0.00704807
0.033291
0.0218438
0.0218438
0.033291
0.0475666
0.0646489
0.0843317
0.106344
0.0646489
0.0475666
0.155595
0.130257
0.106344
0.0843317
0.181769
0.208166
0.155595
0.130257
0.258978
0.234123
0.208166
0.181769
0.234123
0.258978
0.282079
0.302803
0.302803
0.282079
0.320602
0.334974
0.334974
0.320602
0.345543
0.351994
0.354173
0.351994
0.345543
0.0132963
0.304394
0.0219729
0.288919
0.270415
0.249397
0.00321172
0.0333512
0.226449
0.0132963
0.0474842
0.202195
0.177284
0.152363
0.0642851
0.128059
0.0835493
0.104949
0.0835493
0.0642851
0.104949
0.0474842
0.128059
0.0333512
0.0219729
0.152363
0.00714644
0.177284
0.00107433
0.000204414
0.202195
0.226449
0.000204414
0.316402
0.249397
0.270415
0.288919
0.328762
0.00107433
0.304394
0.316402
0.324603
0.00321172
0.00714644
0.328762
0.324603
1.40213e-34
1.40213e-34
-3.94754e-35
0.00020935
0.00020935
-3.94754e-35
0.00325543
0.00108749
0.00108749
0.00325543
0.0133728
0.00720711
0.00720711
0.0133728
0.033291
0.0220073
0.0220073
0.033291
0.0636865
0.0472122
0.103176
0.0824494
0.0636865
0.0472122
0.148604
0.125397
0.103176
0.0824494
0.195569
0.172199
0.148604
0.125397
0.218074
0.239087
0.172199
0.195569
0.218074
0.239087
0.274316
0.258019
0.274316
0.258019
0.287521
0.297232
0.297232
0.287521
0.303183
0.30518
0.303183
0.0219729
0.244977
0.228126
0.209059
0.0331029
0.188336
0.00328386
0.0467778
0.166558
0.0133958
0.144343
0.122306
0.0628506
0.101033
0.0810609
0.0810609
0.0628506
0.0467778
0.101033
0.0331029
0.122306
0.0219729
0.00725353
0.144343
0.166558
0.00110619
0.00021181
0.188336
0.209059
0.00021181
0.259109
0.228126
0.244977
0.277617
0.281433
0.00110619
0.259109
0.2701
0.277617
0.00328386
0.281433
0.00725353
0.2701
0.0133958
1.46087e-34
1.46087e-34
-4.08361e-35
0.00021542
0.00021542
-4.08361e-35
0.00330398
0.00111085
0.00111085
0.00330398
0.0133729
0.00726045
0.0133729
0.00726045
0.0327962
0.0218436
0.0218436
0.0327962
0.0461596
0.0617906
0.0793748
0.0985424
0.0461596
0.0617906
0.118798
0.139614
0.0985424
0.0793748
0.160398
0.180552
0.139614
0.118798
0.216598
0.199477
0.180552
0.160398
0.199477
0.216598
0.243413
0.2314
0.2314
0.243413
0.257705
0.252279
0.252279
0.257705
0.259539
0.172276
0.0323654
0.15377
0.000216447
0.134452
0.0453861
0.114909
0.0957173
0.0605077
0.0132964
0.0216468
0.0774221
0.0605077
0.0774221
0.0453861
0.0323654
0.0957173
0.114909
0.00725359
0.0033082
0.134452
0.0011224
0.15377
0.172276
0.000216447
0.189397
0.189397
0.204593
0.204593
0.217381
0.0011224
0.227351
0.234183
0.0033082
0.237655
0.237655
0.00725359
0.234183
0.227351
0.0132964
0.217381
0.0216468
1.50155e-34
1.50155e-34
-4.15717e-35
0.000218635
0.000218635
-4.15717e-35
0.00111836
0.00330415
0.00111836
0.00330415
0.0131749
0.00720649
0.00720649
0.0131749
0.0318214
0.0213575
0.0213575
0.0318214
0.0444401
0.059018
0.0925839
0.0752004
0.059018
0.0444401
0.128897
0.11066
0.0925839
0.0752004
0.163573
0.146724
0.128897
0.11066
0.192201
0.178902
0.163573
0.146724
0.178902
0.192201
0.211047
0.203041
0.211047
0.203041
0.215968
0.215968
0.21762
0.0311608
0.106091
0.043351
0.0891617
0.0727425
0.0573268
0.00328401
0.0573268
0.043351
0.0727425
0.0311608
0.0210043
0.0130013
0.0891617
0.00714662
0.106091
0.00112249
0.000218189
0.122991
0.139312
0.000218189
0.122991
0.154508
0.168066
0.179521
0.168066
0.00112249
0.188479
0.19463
0.19776
0.00328401
0.19776
0.00714662
0.19463
0.188479
0.179521
0.0130013
0.0210043
0.154508
0.139312
1.52298e-34
1.52298e-34
-4.16608e-35
0.000218901
0.000218901
-4.16608e-35
0.00325592
0.0011098
0.0011098
0.00325592
0.0127848
0.00704684
0.00704684
0.0127848
0.0205636
0.0303958
0.0303958
0.0205636
0.0421056
0.0554524
0.0700524
0.0854807
0.0421056
0.0554524
0.10123
0.11678
0.0700524
0.0854807
0.145153
0.131595
0.10123
0.11678
0.156983
0.16665
0.145153
0.131595
0.156983
0.16665
0.178225
0.173822
0.178225
0.173822
0.179717
0.0407338
0.0671638
0.0534039
0.000216985
0.0407338
0.0534039
0.0295252
0.0671638
0.0200646
0.0125191
0.00693582
0.0815656
0.00321201
0.09612
0.00110646
0.110311
0.123627
0.000216985
0.0815656
0.13558
0.145727
0.110311
0.123627
0.00110646
0.153689
0.15917
0.161963
0.153689
0.00321201
0.161963
0.00693582
0.15917
0.145727
0.0125191
0.13558
0.0200646
0.09612
0.0295252
1.52455e-34
1.52455e-34
-4.11005e-35
0.00021621
0.00021621
-4.11005e-35
0.00316074
0.00108542
0.00108542
0.00316074
0.0067863
0.0122141
0.0122141
0.0067863
0.0194859
0.0285624
0.0194859
0.0285624
0.0392267
0.0512018
0.0774494
0.0640873
0.0512018
0.0392267
0.0907969
0.103635
0.0774494
0.0640873
0.115477
0.125862
0.0907969
0.103635
0.134398
0.140738
0.115477
0.125862
0.134398
0.140738
0.145967
0.144652
0.144652
0.0275082
0.0488584
0.0188562
0.0118645
0.0608562
0.00662751
0.00309434
0.0731613
0.00107477
0.00021287
0.0853032
0.0968022
0.00021287
0.0376137
0.1072
0.0488584
0.116076
0.123071
0.00107477
0.1279
0.130364
0.0968022
0.1072
0.00309434
0.130364
0.1279
0.00662751
0.123071
0.116076
0.0118645
0.0188562
0.0853032
0.0731613
0.0275082
0.0608562
0.0376137
1.50621e-34
1.50621e-34
-3.99067e-35
0.000210642
0.000210642
-3.99067e-35
0.00104595
0.00302146
0.00104595
0.00302146
0.0114803
0.00643268
0.0114803
0.00643268
0.0181568
0.0263768
0.0181568
0.0263768
0.0358907
0.0463958
0.0687365
0.0574873
0.0463958
0.0358907
0.089867
0.0796818
0.0687365
0.0574873
0.106298
0.0988695
0.089867
0.0796818
0.115271
0.11185
0.0988695
0.106298
0.115271
0.11185
0.116435
0.0438292
0.00623096
0.0540131
0.00293455
0.00102839
0.000205965
0.0642076
0.0739744
0.000205965
0.0110571
0.0828832
0.0905408
0.0966049
0.0340858
0.00102839
0.100805
0.102954
0.102954
0.0642076
0.00293455
0.100805
0.00623096
0.0966049
0.0905408
0.0828832
0.0110571
0.0739744
0.0174156
0.0540131
0.0438292
0.025171
0.0340858
0.025171
0.0174156
1.46848e-34
1.46848e-34
-3.81137e-35
0.00020236
0.00020236
-3.81137e-35
0.00284227
0.000992575
0.000992575
0.00284227
0.00599664
0.0106053
0.0106053
0.00599664
0.0166167
0.0239054
0.0239054
0.0166167
0.0411817
0.0321996
0.0504558
0.0596111
0.0411817
0.0321996
0.0759047
0.068229
0.0596111
0.0504558
0.0822891
0.0870701
0.0759047
0.068229
0.0910378
0.0900386
0.0870701
0.0822891
0.0900386
0.046846
0.000968685
0.000196474
0.0549819
0.0624852
0.000196474
0.00273745
0.0689868
0.0741673
0.0101215
0.0157866
0.000968685
0.0777699
0.0796171
0.0796171
0.0384711
0.00273745
0.0777699
0.00575817
0.0741673
0.0689868
0.0624852
0.0101215
0.0549819
0.0157866
0.046846
0.0302584
0.022585
0.022585
0.0302584
0.00575817
0.0384711
1.41244e-34
1.41244e-34
-3.57735e-35
0.000191608
0.000191608
-3.57735e-35
0.000926891
0.00262856
0.000926891
0.00262856
0.00961588
0.00549142
0.00961588
0.00549142
0.0212242
0.0149126
0.0212242
0.0149126
0.0357206
0.0282671
0.0432105
0.0503563
0.0357206
0.0282671
0.0567944
0.0621818
0.0432105
0.0503563
0.0662503
0.0687728
0.0621818
0.0567944
0.0696345
0.0687728
0.0662503
0.0457707
0.000184677
0.0511928
0.000184677
0.0555442
0.0585858
0.000897462
0.0601496
0.0601496
0.00908627
0.0140191
0.00250898
0.0585858
0.0262496
0.0555442
0.0052235
0.0511928
0.0457707
0.00908627
0.0395772
0.0329499
0.0140191
0.0198297
0.0198297
0.0262496
0.0052235
0.00250898
0.0329499
0.000897462
0.0395772
1.33972e-34
1.33972e-34
-3.29546e-35
0.000178705
-3.29546e-35
0.000178705
0.00238682
0.000850877
0.000850877
0.00238682
0.0049324
0.00854233
0.0049324
0.00854233
0.0184157
0.013097
0.013097
0.0184157
0.0242148
0.0301819
0.0359764
0.04126
0.0301819
0.0242148
0.0457328
0.0491225
0.04126
0.0359764
0.0519612
0.0512454
0.0491225
0.0457328
0.0512454
0.000170921
0.03686
0.0404462
0.0429679
0.000816863
0.0442693
0.0022561
0.0442693
0.0429679
0.0022561
0.0404462
0.0046433
0.03686
0.0324325
0.0274372
0.00798313
0.0221836
0.0121678
0.0169904
0.0121678
0.00798313
0.0169904
0.0046433
0.0221836
0.000816863
0.000170921
0.0274372
0.0324325
1.25241e-34
1.25241e-34
-2.97406e-35
0.000164029
0.000164029
-2.97406e-35
0.00212442
0.000766827
0.000766827
0.00212442
0.00741768
0.00433672
0.00433672
0.00741768
0.0155671
0.0112259
0.0155671
0.0112259
0.0247375
0.0201685
0.032603
0.0289779
0.0201685
0.0247375
0.0353838
0.0371231
0.032603
0.0289779
0.0377216
0.0353838
0.0371231
0.0305713
0.000729324
0.0316328
0.000155612
0.0316328
0.0305713
0.00198654
0.028523
0.0040354
0.00684616
0.0102898
0.0256327
0.0221039
0.0181867
0.00684616
0.0141551
0.0102898
0.0040354
0.0141551
0.00198654
0.0181867
0.000729324
0.0221039
0.0256327
0.000155612
0.028523
1.15301e-34
1.15301e-34
-2.62287e-35
0.000148012
0.000148012
-2.62287e-35
0.00184939
0.000677285
0.000677285
0.00184939
0.00372274
0.00627672
0.00372274
0.00627672
0.00935735
0.0127667
0.0127667
0.00935735
0.0195557
0.0162536
0.0224296
0.0246478
0.0162536
0.0195557
0.0260555
0.0265313
0.0246478
0.0224296
0.0260555
0.000637499
0.0218543
0.0210078
0.00170855
0.0193837
0.0171133
0.00341855
0.0143822
0.0114117
0.00571054
0.00844337
0.00571054
0.00844337
0.00341855
0.00170855
0.0114117
0.000637499
0.000139196
0.0143822
0.0171133
0.000139196
0.0193837
0.0210078
0.0218543
1.04438e-34
1.04438e-34
-2.25267e-35
0.000131121
0.000131121
-2.25267e-35
0.00157016
0.000584964
0.000584964
0.00157016
0.00310938
0.00515472
0.00310938
0.00515472
0.00754905
0.0101008
0.00754905
0.0101008
0.0125899
0.0147933
0.017625
0.0165263
0.0147933
0.0125899
0.017625
0.0180074
0.0165263
0.0138665
0.012614
0.00143066
0.0108853
0.00281176
0.00884403
0.00143066
0.00668534
0.0046113
0.0046113
0.00281176
0.00668534
0.000544165
0.000122152
0.00884403
0.0108853
0.000122152
0.012614
0.0145237
0.0138665
0.0145237
0.000544165
9.29593e-35
9.29593e-35
0.000113844
-1.87509e-35
0.000113844
-1.87509e-35
0.00129529
0.000492652
0.000492652
0.00129529
0.00408614
0.00251549
0.00408614
0.00251549
0.00585624
0.00765003
0.00585624
0.00765003
0.010588
0.00928621
0.0117184
0.0114321
0.00928621
0.0114321
0.010588
0.00116135
0.00652823
0.00223358
0.00506873
0.00358192
0.00223358
0.00358192
0.00116135
0.00506873
0.000452132
0.000104966
0.00652823
0.00779682
0.000104966
0.00873074
0.00873074
0.00922548
0.000452132
0.00922548
0.00779682
8.11878e-35
8.11878e-35
-1.50221e-35
9.66702e-05
9.66702e-05
-1.50221e-35
0.0010331
0.000403105
0.000403105
0.0010331
0.00310311
0.00195907
0.00195907
0.00310311
0.004329
0.00548499
0.00548499
0.004329
0.00643419
0.0070499
0.00726844
0.0070499
0.00643419
0.0017013
0.0017013
0.000908704
0.00265276
0.00036413
8.81196e-05
0.00364005
0.00452845
8.81196e-05
0.00265276
0.00364005
0.00519755
0.0055562
0.0055562
0.00036413
0.00519755
0.00452845
0.000908704
6.94467e-35
6.94467e-35
-1.14624e-35
8.00728e-05
8.00728e-05
-1.14624e-35
0.000791361
0.000318938
0.000791361
0.000318938
0.00223381
0.0014564
0.00223381
0.0014564
0.00366212
0.00300946
0.00300946
0.00366212
0.00410163
0.00425164
0.00410163
0.000282689
7.20639e-05
0.00184935
0.00243639
7.20639e-05
0.00289214
0.000680028
0.00314076
0.00314076
0.00184935
0.000282689
0.00289214
0.00243639
0.000680028
0.00123007
0.00123007
5.80479e-35
5.80479e-35
-8.18951e-36
6.44853e-05
6.44853e-05
-8.18951e-36
0.000242499
0.000576851
0.000242499
0.000576851
0.0015007
0.00102117
0.0015007
0.00102117
0.00221872
0.00192879
0.00192879
0.00232541
0.00221872
0.00119057
0.00148226
5.72019e-05
5.72019e-05
0.0016451
0.0016451
0.000210012
0.00148226
0.00119057
0.000831944
0.000481455
0.000481455
0.000831944
0.000210012
4.72778e-35
4.72778e-35
-5.3118e-36
5.0281e-05
-5.3118e-36
5.0281e-05
0.000175732
0.00039496
0.000175732
0.00039496
0.000918597
0.00066345
0.000918597
0.00066345
0.00116781
0.00110388
0.00110388
4.3865e-05
0.000786177
0.000786177
0.000686659
0.000147835
0.000514859
0.000317496
0.000317496
0.000147835
4.3865e-05
0.000514859
0.000686659
3.73829e-35
3.73829e-35
-2.92139e-36
3.77506e-05
3.77506e-05
-2.92139e-36
0.000249224
0.000120041
0.000120041
0.000249224
0.000388669
0.000492644
0.000388669
0.000492644
0.000533879
0.000281543
9.72837e-05
0.00019057
9.72837e-05
3.22911e-05
0.00019057
0.000281543
3.22911e-05
0.000337088
0.000337088
2.85549e-35
2.85549e-35
-1.08639e-36
2.708e-05
2.708e-05
-1.08639e-36
0.000140848
7.61394e-05
7.61394e-05
0.000140848
0.00019646
0.00019646
0.000216134
5.8723e-05
5.8723e-05
2.26028e-05
0.000100514
0.000128354
2.26028e-05
0.000128354
0.000100514
2.09164e-35
2.09164e-35
1.58403e-37
1.83291e-05
1.58403e-37
1.83291e-05
4.38967e-05
6.81934e-05
4.38967e-05
6.81934e-05
7.94826e-05
4.4056e-05
1.47867e-05
4.4056e-05
3.15984e-05
1.47867e-05
3.15984e-05
1.45064e-35
1.45064e-35
1.1411e-05
8.22201e-37
1.1411e-05
8.22201e-37
2.21788e-05
2.21788e-05
2.62437e-05
8.67342e-06
1.42751e-05
8.67342e-06
1.42751e-05
9.26669e-36
9.26669e-36
9.70487e-37
6.07268e-06
6.07268e-06
9.70487e-37
8.692e-06
3.92062e-06
3.92062e-06
5.02875e-36
5.02875e-36
7.39255e-37
7.39255e-37
1.88522e-06
-6.27559e-38
1.50784e-36
1.50784e-36
