5.20767e-37
1.45532e-34
1.45532e-34
1.51207e-34
4.35195e-34
0.000221423
0.000443145
1.51207e-34
4.35195e-34
0.000443145
3.05239e-34
0.000888422
7.26807e-34
0.000665352
0.000887338
0.00133336
0.00133336
0.000665352
0.000888422
7.26807e-34
3.05239e-34
4.59688e-34
0.00133746
1.02118e-33
0.00111235
0.00223451
0.00268657
0.00178234
0.00200631
4.59688e-34
0.00133746
0.00178234
0.00268657
0.00223451
0.00111235
1.02118e-33
6.14598e-34
0.00156366
0.0017911
1.31857e-33
0.00269071
0.00315111
0.00407424
0.00337527
0.00454237
0.00360584
0.00454237
0.00337527
0.00156366
1.31857e-33
0.0017911
6.14598e-34
0.00315111
0.00269071
0.00407424
7.69822e-34
1.6186e-33
0.00201967
0.00224927
0.00361575
0.00408512
0.00550499
0.0047838
0.00224927
1.6186e-33
0.00201967
7.69822e-34
0.00697695
0.00574107
0.00647967
0.00550022
0.00550022
0.00550499
0.00647967
0.00361575
0.00697695
0.0047838
0.00408512
9.24966e-34
0.00271084
1.92017e-33
0.00247979
0.00455808
0.00503574
0.00698145
0.00623751
0.00825236
0.00748349
0.00851066
0.00957057
1.92017e-33
0.00271084
0.00247979
9.24966e-34
0.00455808
0.00698145
0.00503574
0.00623751
0.00851388
0.0101142
0.00825236
0.0101142
0.00851066
0.00957057
0.00748349
1.07935e-33
0.00317363
2.22152e-33
0.00294237
0.00551553
0.00599941
0.0085004
0.00773607
0.012336
0.0109315
0.00956225
0.0106364
0.011784
0.0135225
0.0141332
0.0120721
1.07935e-33
0.00317363
2.22152e-33
0.00294237
0.00551553
0.00599941
0.0085004
0.00773607
0.0135225
0.012336
0.0106364
0.0141332
0.00956225
0.011784
0.0109315
1.23202e-33
0.00363439
2.52021e-33
0.00340466
0.0064832
0.00696989
0.0100532
0.00927347
0.0128479
0.0152684
0.0137821
0.0117324
0.0153325
0.0172097
0.0185702
0.0162986
0.00340466
1.23202e-33
0.00363439
2.52021e-33
0.0166288
0.0192718
0.0192718
0.0162986
0.00696989
0.0100532
0.0064832
0.00927347
0.0137821
0.0172097
0.0185702
0.0128479
0.0117324
0.0153325
0.0152684
1.38172e-33
0.00408894
2.81326e-33
0.00386296
0.0108385
0.00745364
0.00793854
0.0116262
0.0151267
0.0183469
0.0167911
0.0139801
0.0191536
0.0211576
0.0234193
0.0209447
0.0220665
0.0250066
0.0258252
0.0224464
2.81326e-33
0.00386296
1.38172e-33
0.00408894
0.0116262
0.00793854
0.0108385
0.00745364
0.0258252
0.0250066
0.0220665
0.0209447
0.0167911
0.0139801
0.0151267
0.0183469
0.0211576
0.0234193
0.0191536
1.52698e-33
0.00453231
3.09719e-33
0.00431265
0.00841715
0.0132016
0.0124153
0.00889467
0.00431265
0.00453231
3.09719e-33
1.52698e-33
0.0174469
0.0215373
0.0199308
0.016283
0.0232178
0.0286395
0.0259864
0.025326
0.0294035
0.0313062
0.0331761
0.0280904
0.03414
0.0298524
0.0294035
0.03414
0.00889467
0.0132016
0.0124153
0.00841715
0.0215373
0.0174469
0.0199308
0.016283
0.0331761
0.0313062
0.025326
0.0280904
0.0286395
0.0232178
0.0259864
1.66614e-33
0.0049589
3.36822e-33
0.00474842
0.00936215
0.00982592
0.0147582
0.0139843
0.00474842
0.0049589
3.36822e-33
1.66614e-33
0.019776
0.0247941
0.0231608
0.0186117
0.00982592
0.0139843
0.0147582
0.00936215
0.0274752
0.0296562
0.0313679
0.0341615
0.0371304
0.0380958
0.0412545
0.0346466
0.0446031
0.0392094
0.0434653
0.0386836
0.0386836
0.0446031
0.0434653
0.0371304
0.0186117
0.0247941
0.019776
0.0231608
0.0412545
0.0313679
0.0341615
0.0296562
0.0274752
0.0346466
0.0380958
1.7974e-33
0.00516445
0.00536271
3.62236e-33
0.0102757
0.0107188
0.0162723
0.0155229
0.0220766
0.0280632
0.0264311
0.020931
0.00516445
0.00536271
3.62236e-33
1.7974e-33
0.0162723
0.0107188
0.0155229
0.0102757
0.0318592
0.0340749
0.0398922
0.0370072
0.0220766
0.0264311
0.020931
0.0280632
0.0416417
0.0452653
0.0499388
0.04553
0.048472
0.0503025
0.0536782
0.0562878
0.0576289
0.0503025
0.0509267
0.0576289
0.048472
0.0536782
0.0562878
0.04553
0.0340749
0.0452653
0.0370072
0.0318592
0.0499388
0.0416417
0.0398922
1.91889e-33
3.85558e-33
0.0055546
0.00573755
0.0111438
0.0115591
0.0177185
0.0170063
0.0243081
0.0312842
0.0296841
0.023202
0.0055546
0.00573755
3.85558e-33
1.91889e-33
0.0362909
0.0384982
0.045721
0.0428018
0.0177185
0.0115591
0.0170063
0.0111438
0.0296841
0.0312842
0.0243081
0.023202
0.0526764
0.0489504
0.0590655
0.0544581
0.0384982
0.0362909
0.0428018
0.045721
0.0625306
0.0590632
0.0690021
0.0645957
0.0646886
0.0720683
0.0654182
0.073641
0.073641
0.0625306
0.0646886
0.0720683
0.0590632
0.0544581
0.0489504
0.0645957
0.0526764
0.0590655
0.0690021
2.02876e-33
0.00607729
4.06397e-33
0.00591269
0.0119524
0.0123327
0.019071
0.0184091
0.0264285
0.0343935
0.025383
0.0328575
0.0406823
0.0428351
0.0515252
0.0486344
0.00591269
0.00607729
4.06397e-33
2.02876e-33
0.0123327
0.019071
0.0184091
0.0119524
0.06844
0.0601712
0.0564237
0.0637347
0.0343935
0.0264285
0.0328575
0.025383
0.0486344
0.0406823
0.0428351
0.0515252
0.082488
0.0756664
0.0702494
0.0759889
0.0564237
0.06844
0.0601712
0.0637347
0.0822565
0.079736
0.0912224
0.0876449
0.0930541
0.0831132
0.0822565
0.0930541
0.0756664
0.082488
0.0759889
0.079736
0.0912224
0.0876449
0.0702494
2.12524e-33
0.00637608
4.24385e-33
0.0062327
0.0126872
0.0130257
0.0203043
0.0197052
0.0283956
0.0274316
0.0373261
0.0358867
0.0449405
0.0469916
0.0571752
0.0543781
2.12524e-33
4.24385e-33
0.0062327
0.00637608
0.0731534
0.0638965
0.0675791
0.0778469
0.0126872
0.0130257
0.0203043
0.0197052
0.0373261
0.0283956
0.0358867
0.0274316
0.0875956
0.0964384
0.0894255
0.0817833
0.0543781
0.0571752
0.0449405
0.0469916
0.0638965
0.0675791
0.0731534
0.0778469
0.104012
0.109997
0.0957547
0.100487
0.0964384
0.0875956
0.0817833
0.0894255
0.104406
0.103417
0.116254
0.114138
0.104012
0.116254
0.109997
0.114138
0.100487
0.103417
0.0957547
2.2067e-33
0.00662857
4.39196e-33
0.00650899
0.0133349
0.0136253
0.0213944
0.0208699
0.0293065
0.0301688
0.0400186
0.0387072
0.0489713
0.0508743
0.06254
0.059902
0.00650899
0.00662857
4.39196e-33
2.2067e-33
0.082492
0.0711948
0.0747242
0.0870593
0.0133349
0.0208699
0.0213944
0.0136253
0.110514
0.103482
0.0991335
0.0933914
0.0301688
0.0400186
0.0387072
0.0293065
0.059902
0.06254
0.0508743
0.0489713
0.120774
0.129519
0.119694
0.112371
0.0870593
0.0711948
0.0747242
0.082492
0.110514
0.0991335
0.0933914
0.103482
0.128527
0.125158
0.136403
0.141153
0.119694
0.112371
0.129519
0.120774
0.143577
0.129669
0.128527
0.125158
0.141153
0.136403
0.143577
2.2717e-33
0.00683007
4.50553e-33
0.00673654
0.0138833
0.0141198
0.0223191
0.0218799
0.00673654
0.00683007
4.50553e-33
2.2717e-33
0.0309681
0.0317103
0.0424112
0.041257
0.0526827
0.0543933
0.0674917
0.065076
0.095848
0.0915211
0.0781424
0.0814321
0.0218799
0.0138833
0.0223191
0.0141198
0.110312
0.117486
0.124356
0.104786
0.0309681
0.0424112
0.041257
0.0317103
0.139405
0.137504
0.149291
0.129171
0.0674917
0.0543933
0.065076
0.0526827
0.095848
0.0814321
0.0781424
0.0915211
0.154051
0.159292
0.167139
0.147808
0.124356
0.110312
0.104786
0.117486
0.149291
0.139405
0.129171
0.137504
0.1579
0.159197
0.175292
0.17254
0.154051
0.147808
0.159292
0.167139
0.175292
0.1579
0.17254
2.31908e-33
0.00697679
4.58238e-33
0.00691107
0.0143217
0.0144997
0.0230594
0.0227146
0.0323809
0.0329868
0.0444493
0.0434788
0.00691107
0.00697679
4.58238e-33
2.31908e-33
0.0227146
0.0230594
0.0143217
0.0144997
0.055988
0.0574657
0.0719098
0.0697754
0.0875355
0.10399
0.100014
0.0845679
0.120842
0.131077
0.137605
0.115675
0.0323809
0.0434788
0.0444493
0.0329868
0.153763
0.168795
0.159109
0.14572
0.055988
0.0697754
0.0574657
0.0719098
0.182204
0.193534
0.170785
0.180329
0.100014
0.10399
0.0875355
0.0845679
0.120842
0.131077
0.115675
0.137605
0.191756
0.202397
0.208484
0.187407
0.159109
0.153763
0.168795
0.14572
0.170785
0.193534
0.180329
0.182204
0.193227
0.187407
0.211582
0.211582
0.191756
0.202397
0.208484
2.34798e-33
0.00706589
4.62104e-33
0.00702926
0.0146413
0.0147573
0.0235997
0.0233566
0.0335138
0.03397
0.0460862
0.0453218
0.0588086
0.0738852
0.060018
0.0756856
0.00702926
0.00706589
4.62104e-33
2.34798e-33
0.0147573
0.0233566
0.0235997
0.0146413
0.0453218
0.0460862
0.03397
0.0335138
0.0928806
0.111275
0.107753
0.0903101
0.143897
0.14991
0.125777
0.13045
0.187506
0.178282
0.169117
0.16158
0.0738852
0.0588086
0.0756856
0.060018
0.193476
0.204521
0.219628
0.206663
0.0903101
0.0928806
0.107753
0.111275
0.217413
0.242269
0.225359
0.232347
0.14991
0.13045
0.143897
0.125777
0.187506
0.169117
0.178282
0.16158
0.252528
0.230241
0.24907
0.231883
0.193476
0.204521
0.206663
0.219628
0.225359
0.217413
0.252528
0.24907
0.232347
0.230241
0.242269
2.35784e-33
0.00709565
4.62075e-33
0.00708882
0.0148358
0.0148873
0.0239285
0.0237924
0.0343417
0.034638
0.0472837
0.0467431
0.00708882
0.00709565
4.62075e-33
2.35784e-33
0.0610769
0.0787253
0.0773038
0.0619887
0.0973312
0.117515
0.114538
0.0952234
0.0237924
0.0239285
0.0148873
0.0148358
0.0467431
0.0472837
0.034638
0.0343417
0.0610769
0.0619887
0.0773038
0.0787253
0.155606
0.134826
0.160943
0.138881
0.204916
0.196405
0.183152
0.176324
0.215264
0.225631
0.244702
0.232336
0.114538
0.0952234
0.0973312
0.117515
0.261567
0.259095
0.275722
0.247101
0.134826
0.155606
0.160943
0.138881
0.273372
0.286736
0.294273
0.267948
0.196405
0.204916
0.183152
0.176324
0.244702
0.225631
0.232336
0.215264
0.298101
0.275202
0.273372
0.298101
0.261567
0.247101
0.294273
0.275722
0.259095
0.267948
0.286736
2.3485e-33
0.00706549
4.58152e-33
0.00708859
0.0149011
0.0148872
0.0240389
0.0240125
0.0348461
0.0349758
0.0480136
0.0477097
0.0627378
0.0633299
0.0809528
0.0799457
0.00708859
0.00706549
4.58152e-33
2.3485e-33
0.0148872
0.0240125
0.0240389
0.0149011
0.100773
0.122547
0.120192
0.0991823
0.145913
0.170407
0.165889
0.142583
0.0349758
0.0348461
0.0477097
0.0480136
0.0799457
0.0627378
0.0809528
0.0633299
0.100773
0.0991823
0.122547
0.120192
0.212982
0.220546
0.195486
0.189553
0.235551
0.244953
0.268062
0.256638
0.289243
0.275649
0.307907
0.29203
0.142583
0.165889
0.145913
0.170407
0.335656
0.323527
0.315082
0.305308
0.189553
0.195486
0.220546
0.212982
0.32107
0.343943
0.348148
0.323083
0.268062
0.256638
0.235551
0.244953
0.275649
0.289243
0.29203
0.307907
0.32107
0.315082
0.348148
0.343943
0.305308
0.323527
0.335656
2.32012e-33
0.006976
4.50411e-33
0.00702858
0.0148361
0.014757
0.0239284
0.0240124
0.0481987
0.0350155
0.0349757
0.0482589
0.00702858
0.006976
4.50411e-33
2.32012e-33
0.0637508
0.0640088
0.0823121
0.0817448
0.103119
0.126238
0.124568
0.102085
0.014757
0.0240124
0.0239284
0.0148361
0.0481987
0.0482589
0.0350155
0.0349757
0.151358
0.178047
0.17447
0.148842
0.205783
0.227558
0.200907
0.233968
0.0817448
0.0823121
0.0640088
0.0637508
0.124568
0.102085
0.103119
0.126238
0.178047
0.151358
0.148842
0.17447
0.253774
0.278893
0.289055
0.261952
0.302257
0.314598
0.33792
0.32324
0.355845
0.375509
0.341271
0.358407
0.200907
0.227558
0.233968
0.205783
0.366563
0.373114
0.388763
0.397807
0.253774
0.289055
0.278893
0.261952
0.402393
0.402393
0.375322
0.373114
0.314598
0.33792
0.302257
0.32324
0.397807
0.388763
0.358407
0.341271
0.375509
0.366563
0.355845
2.27323e-33
0.00682891
4.39003e-33
0.00690996
0.0146419
0.0144992
0.0235994
0.0237919
0.0480136
0.0481986
0.0348462
0.0346378
0.0640913
0.0640087
0.082769
0.0826558
0.00690996
0.00682891
4.39003e-33
2.27323e-33
0.0144992
0.0237919
0.0235994
0.0146419
0.104307
0.128493
0.127551
0.103857
0.15507
0.183656
0.181117
0.153436
0.0481986
0.0480136
0.0346378
0.0348462
0.0826558
0.0640913
0.082769
0.0640087
0.213763
0.244811
0.210077
0.239733
0.269428
0.298478
0.307095
0.276154
0.104307
0.103857
0.128493
0.127551
0.153436
0.181117
0.183656
0.15507
0.210077
0.239733
0.244811
0.213763
0.32618
0.351844
0.33692
0.364912
0.374819
0.412698
0.390385
0.394504
0.431284
0.410391
0.445664
0.422048
0.269428
0.298478
0.276154
0.307095
0.46043
0.429173
0.431567
0.455465
0.32618
0.33692
0.364912
0.351844
0.429173
0.46043
0.455465
0.422048
0.394504
0.390385
0.374819
0.412698
0.431284
0.410391
0.445664
2.2087e-33
0.00662707
4.24145e-33
0.00673503
0.0143225
0.0141192
0.0230589
0.0233559
0.0339697
0.0472835
0.0477095
0.034342
0.00673503
0.00662707
4.24145e-33
2.2087e-33
0.0637509
0.0633298
0.0823121
0.0826558
0.104307
0.129251
0.104453
0.129062
0.0141192
0.0233559
0.0230589
0.0143225
0.0477095
0.0472835
0.034342
0.0339697
0.156951
0.187083
0.18565
0.156242
0.24917
0.219207
0.252777
0.216811
0.0633298
0.0637509
0.0823121
0.0826558
0.104453
0.129062
0.129251
0.104307
0.282079
0.287165
0.314847
0.321678
0.346743
0.35558
0.38812
0.377033
0.156951
0.187083
0.156242
0.18565
0.252777
0.219207
0.216811
0.24917
0.321678
0.282079
0.314847
0.287165
0.404998
0.429958
0.418552
0.446162
0.490346
0.470289
0.468484
0.4513
0.488772
0.505841
0.516391
0.481085
0.346743
0.38812
0.35558
0.377033
0.488772
0.521733
0.49136
0.521733
0.446162
0.429958
0.404998
0.418552
0.481085
0.490346
0.470289
0.505841
0.516391
0.4513
0.468484
2.12769e-33
0.0063743
4.06115e-33
0.00650713
0.0138844
0.0227136
0.0136245
0.0223185
0.0329864
0.046086
0.0467428
0.0335142
0.00650713
0.0063743
4.06115e-33
2.12769e-33
0.0627378
0.0619886
0.0809527
0.0817448
0.0136245
0.0227136
0.0223185
0.0138844
0.103119
0.103857
0.128493
0.129062
0.156951
0.188236
0.187948
0.157185
0.0335142
0.0467428
0.046086
0.0329864
0.0619886
0.0817448
0.0627378
0.0809527
0.25561
0.221967
0.257646
0.220927
0.294681
0.291374
0.332395
0.327541
0.103857
0.128493
0.129062
0.103119
0.187948
0.188236
0.156951
0.157185
0.363369
0.406887
0.398095
0.370054
0.474946
0.430953
0.442109
0.461193
0.257646
0.221967
0.220927
0.25561
0.291374
0.327541
0.332395
0.294681
0.363369
0.370054
0.398095
0.406887
0.51109
0.488119
0.50466
0.530569
0.552072
0.568662
0.543085
0.529563
0.585658
0.554106
0.579947
0.551336
0.461193
0.442109
0.430953
0.474946
0.585658
0.551336
0.579947
0.543085
0.568662
0.51109
0.552072
0.488119
0.529563
0.50466
0.530569
2.03162e-33
0.00607528
3.85243e-33
0.00623054
0.00623054
0.00607528
3.85243e-33
2.03162e-33
0.0133363
0.0213936
0.0218787
0.0130249
0.0317098
0.044449
0.0453212
0.0323814
0.061077
0.0600179
0.0787253
0.0799456
0.0218787
0.0213936
0.0133363
0.0130249
0.102085
0.100773
0.126238
0.127551
0.0453212
0.044449
0.0317098
0.0323814
0.15507
0.187083
0.187949
0.156242
0.221967
0.259284
0.258874
0.222311
0.0600179
0.0799456
0.061077
0.0787253
0.100773
0.126238
0.102085
0.127551
0.297057
0.298491
0.338947
0.336206
0.375589
0.379936
0.414435
0.420684
0.187083
0.15507
0.156242
0.187949
0.221967
0.222311
0.258874
0.259284
0.451944
0.460387
0.49823
0.487321
0.519795
0.565177
0.533413
0.548641
0.297057
0.336206
0.298491
0.338947
0.375589
0.420684
0.379936
0.414435
0.451944
0.49823
0.487321
0.460387
0.615731
0.592935
0.573211
0.592823
0.645386
0.633386
0.607366
0.616158
0.616158
0.619115
0.651456
0.651456
0.519795
0.548641
0.565177
0.533413
0.645386
0.592935
0.607366
0.633386
0.592823
0.615731
0.573211
1.92212e-33
0.00573537
3.61894e-33
0.0059103
0.0126887
0.0123318
0.0203035
0.0208684
0.0059103
0.00573537
3.61894e-33
1.92212e-33
0.0208684
0.0203035
0.0126887
0.0123318
0.0301682
0.0424108
0.0434782
0.0309688
0.0588088
0.0574655
0.0756856
0.0773037
0.0991821
0.0973312
0.122547
0.124568
0.0309688
0.0301682
0.0434782
0.0424108
0.151358
0.183656
0.185651
0.153435
0.0773037
0.0756856
0.0588088
0.0574655
0.219207
0.257646
0.258875
0.220927
0.298968
0.341152
0.3406
0.298491
0.0991821
0.122547
0.0973312
0.124568
0.183656
0.185651
0.151358
0.153435
0.384947
0.42912
0.383061
0.425591
0.467377
0.472867
0.51535
0.507595
0.257646
0.220927
0.258875
0.219207
0.298491
0.3406
0.298968
0.341152
0.545421
0.555728
0.593179
0.580059
0.636883
0.65624
0.610771
0.626922
0.425591
0.383061
0.384947
0.42912
0.472867
0.467377
0.51535
0.507595
0.545421
0.593179
0.580059
0.555728
0.699184
0.680504
0.657827
0.673128
0.68558
0.682453
0.711872
0.718287
0.682453
0.718287
0.673128
0.711872
0.610771
0.657827
0.65624
0.626922
0.680504
0.699184
0.636883
1.80096e-33
0.00555205
0.00536043
3.36462e-33
0.011954
0.0115581
0.0190701
0.0197036
0.028395
0.0400182
0.0412562
0.0293072
0.00555205
0.00536043
3.36462e-33
1.80096e-33
0.0115581
0.0197036
0.0190701
0.011954
0.0412562
0.0400182
0.028395
0.0293072
0.0559881
0.054393
0.0719098
0.0738852
0.0952232
0.0928806
0.117515
0.120192
0.148842
0.145913
0.178047
0.181117
0.054393
0.0738852
0.0559881
0.0719098
0.213763
0.252777
0.25561
0.216811
0.0952232
0.117515
0.120192
0.0928806
0.3406
0.297056
0.294681
0.338947
0.431959
0.385575
0.384947
0.431249
0.145913
0.148842
0.181117
0.178047
0.216811
0.25561
0.252777
0.213763
0.476816
0.52582
0.52144
0.479197
0.564265
0.613772
0.570968
0.604443
0.3406
0.297056
0.294681
0.338947
0.431959
0.384947
0.431249
0.385575
0.689022
0.673661
0.65339
0.641164
0.719938
0.70126
0.723364
0.745493
0.476816
0.52582
0.52144
0.479197
0.564265
0.613772
0.570968
0.604443
0.673661
0.641164
0.689022
0.65339
0.739508
0.778494
0.749332
0.765151
0.785238
0.785238
0.752635
0.749332
0.739508
0.745493
0.765151
0.778494
0.719938
0.723364
0.70126
1.66999e-33
3.09348e-33
0.00516182
0.00495659
0.0111456
0.0107177
0.0177175
0.0184073
0.0264278
0.0373256
0.0387063
0.0274325
0.00516182
0.00495659
3.09348e-33
1.66999e-33
0.0526829
0.050874
0.0674916
0.0697753
0.0107177
0.0184073
0.0177175
0.0111456
0.0274325
0.0264278
0.0387063
0.0373256
0.050874
0.0697753
0.0674916
0.0526829
0.0903098
0.0875356
0.111275
0.114538
0.138882
0.170407
0.17447
0.142583
0.205784
0.244811
0.249171
0.210076
0.0903098
0.114538
0.111275
0.0875356
0.291374
0.332395
0.336207
0.287166
0.170407
0.17447
0.138882
0.142583
0.379936
0.429121
0.383061
0.431249
0.529344
0.479991
0.479197
0.528462
0.244811
0.205784
0.210076
0.249171
0.336207
0.291374
0.332395
0.287166
0.621097
0.57579
0.578697
0.626367
0.671467
0.70221
0.663516
0.713133
0.379936
0.429121
0.383061
0.431249
0.529344
0.479197
0.479991
0.528462
0.782973
0.76541
0.75055
0.736409
0.809748
0.788624
0.805557
0.830328
0.57579
0.626367
0.621097
0.578697
0.713133
0.70221
0.663516
0.671467
0.736409
0.76541
0.75055
0.782973
0.819323
0.815867
0.844289
0.851343
0.851343
0.815867
0.805557
0.830328
0.844289
0.809748
0.788624
1.53108e-33
0.00453003
2.80952e-33
0.0047458
0.0047458
0.00453003
2.80952e-33
1.53108e-33
0.0102774
0.00982486
0.0162713
0.0170046
0.0243074
0.034393
0.0358858
0.0253838
0.0489715
0.0469913
0.06254
0.0650759
0.0170046
0.0162713
0.0102774
0.00982486
0.0845676
0.0814322
0.10399
0.107753
0.0358858
0.0243074
0.034393
0.0253838
0.06254
0.0469913
0.0650759
0.0489715
0.0845676
0.107753
0.10399
0.0814322
0.134826
0.13045
0.160944
0.16589
0.195486
0.233969
0.239734
0.200906
0.282078
0.327542
0.276154
0.321678
0.160944
0.16589
0.13045
0.134826
0.370055
0.425592
0.375588
0.420684
0.195486
0.200906
0.239734
0.233969
0.525821
0.528462
0.476815
0.472867
0.629545
0.579668
0.630606
0.578697
0.327542
0.282078
0.276154
0.321678
0.425592
0.375588
0.370055
0.420684
0.680637
0.727882
0.72171
0.677188
0.77146
0.798053
0.810543
0.762264
0.472867
0.476815
0.528462
0.525821
0.630606
0.578697
0.579668
0.629545
0.872284
0.844372
0.852623
0.828378
0.870307
0.881059
0.90826
0.893723
0.677188
0.680637
0.72171
0.727882
0.762264
0.77146
0.810543
0.798053
0.844372
0.872284
0.828378
0.852623
0.884673
0.915603
0.915603
0.881059
0.893723
0.90826
0.870307
1.38603e-33
0.00408677
2.51653e-33
0.00431011
1.38603e-33
0.00431011
0.00408677
2.51653e-33
0.0093639
0.00889364
0.0147573
0.0155211
0.0155211
0.0147573
0.0093639
0.00889364
0.0232029
0.0220759
0.0312837
0.0328566
0.0449407
0.0428348
0.0571751
0.0599019
0.0781421
0.0747243
0.0958482
0.100014
0.0328566
0.0312837
0.0220759
0.0232029
0.125776
0.120843
0.149911
0.155607
0.0428348
0.0599019
0.0571751
0.0449407
0.0781421
0.100014
0.0958482
0.0747243
0.120843
0.125776
0.155607
0.149911
0.183152
0.220547
0.227559
0.189552
0.269427
0.307096
0.261952
0.314848
0.414436
0.363368
0.355581
0.406888
0.183152
0.220547
0.227559
0.189552
0.52144
0.460387
0.467377
0.51535
0.261952
0.314848
0.307096
0.269427
0.626368
0.629545
0.570968
0.57579
0.680637
0.731602
0.732845
0.68179
0.414436
0.406888
0.355581
0.363368
0.467377
0.52144
0.460387
0.51535
0.827408
0.778079
0.782067
0.820351
0.868024
0.903148
0.889165
0.857622
0.626368
0.57579
0.570968
0.629545
0.68179
0.731602
0.680637
0.732845
0.914375
0.932743
0.954335
0.932105
0.943918
0.947663
0.969402
0.97701
0.782067
0.778079
0.820351
0.827408
0.903148
0.857622
0.889165
0.868024
0.97701
0.914375
0.969402
0.943918
0.932743
0.954335
0.932105
0.00386058
0.00363239
2.21795e-33
1.23652e-33
1.23652e-33
0.00363239
2.21795e-33
0.00386058
0.00841882
0.00793757
0.0132007
0.0139826
0.00841882
0.00793757
0.0139826
0.0132007
0.0197753
0.0280627
0.0296832
0.0209319
0.0296832
0.0280627
0.0197753
0.0209319
0.0406825
0.0384979
0.0515251
0.054378
0.0711945
0.0675792
0.0870596
0.0915217
0.115674
0.110312
0.137606
0.143898
0.0515251
0.0384979
0.054378
0.0406825
0.176323
0.169118
0.204917
0.212983
0.0675792
0.0711945
0.0915217
0.0870596
0.137606
0.115674
0.143898
0.110312
0.176323
0.212983
0.204917
0.169118
0.29848
0.253773
0.244954
0.289056
0.398097
0.346742
0.388121
0.336921
0.507596
0.44211
0.49823
0.451943
0.29848
0.289056
0.253773
0.244954
0.621098
0.555729
0.613772
0.564264
0.398097
0.336921
0.346742
0.388121
0.671467
0.727882
0.677188
0.731602
0.831662
0.833084
0.783401
0.782068
0.507596
0.49823
0.44211
0.451943
0.555729
0.564264
0.621098
0.613772
0.880023
0.92203
0.914128
0.875512
0.958326
0.972874
0.988231
0.946794
0.677188
0.727882
0.731602
0.671467
0.782068
0.783401
0.831662
0.833084
0.991879
1.01118
1.02672
1.00343
1.00343
1.00731
1.03457
1.03457
0.914128
0.875512
0.92203
0.880023
0.958326
0.988231
0.972874
1.02672
1.01118
0.946794
0.991879
0.00340252
0.00317186
1.91678e-33
1.08401e-33
0.0124137
0.0116254
0.00745518
0.00696901
1.08401e-33
0.00317186
1.91678e-33
0.00340252
0.00745518
0.00696901
0.0116254
0.0124137
0.0174463
0.0247937
0.0264302
0.0186125
0.0247937
0.0174463
0.0186125
0.0264302
0.0362912
0.0340746
0.0457209
0.0486343
0.0340746
0.0486343
0.0457209
0.0362912
0.0638962
0.0601713
0.0778472
0.0824926
0.104785
0.099134
0.124357
0.131078
0.153764
0.187507
0.196406
0.161578
0.0601713
0.0638962
0.0824926
0.0778472
0.235549
0.225632
0.268063
0.278894
0.099134
0.124357
0.104785
0.131078
0.187507
0.161578
0.196406
0.153764
0.225632
0.278894
0.235549
0.268063
0.314599
0.326178
0.364913
0.377035
0.487322
0.418553
0.474947
0.430951
0.59318
0.533414
0.604444
0.54542
0.377035
0.364913
0.314599
0.326178
0.65339
0.721711
0.713133
0.663515
0.418553
0.430951
0.487322
0.474947
0.827408
0.771461
0.831662
0.778078
0.881532
0.928385
0.926792
0.880023
0.604444
0.59318
0.54542
0.533414
0.721711
0.663515
0.65339
0.713133
1.00029
0.966627
0.971629
1.00897
1.03972
1.02716
1.0633
1.04673
0.827408
0.778078
0.771461
0.831662
0.881532
0.928385
0.926792
0.880023
1.06261
1.07927
1.05862
1.08733
1.05862
1.07927
1.04673
1.08733
1.00029
0.971629
1.00897
0.966627
1.0633
1.03972
1.02716
0.00294051
0.00270935
1.61542e-33
9.29756e-34
0.010837
0.0100524
0.00648456
0.00599864
9.29756e-34
0.00270935
1.61542e-33
0.00294051
0.02316
0.0215369
0.0151262
0.0162837
0.00648456
0.00599864
0.0100524
0.010837
0.0151262
0.0215369
0.02316
0.0162837
0.0318595
0.0296559
0.0398921
0.0428017
0.0428017
0.0398921
0.0318595
0.0296559
0.0564234
0.0526765
0.0684403
0.073154
0.0564234
0.073154
0.0684403
0.0526765
0.0933906
0.0875961
0.110514
0.117488
0.145719
0.137505
0.168796
0.178284
0.215263
0.204522
0.244703
0.25664
0.110514
0.0933906
0.117488
0.0875961
0.351846
0.302256
0.337921
0.289244
0.137505
0.168796
0.178284
0.145719
0.204522
0.25664
0.244703
0.215263
0.351846
0.289244
0.302256
0.337921
0.446163
0.390386
0.461195
0.404997
0.565178
0.58006
0.504661
0.519794
0.702211
0.626923
0.689023
0.641162
0.390386
0.461195
0.446163
0.404997
0.750551
0.810543
0.820351
0.762263
0.504661
0.565178
0.58006
0.519794
0.868025
0.92203
0.875511
0.926793
0.973302
0.971629
1.0142
1.01595
0.641162
0.626923
0.702211
0.689023
0.820351
0.762263
0.810543
0.750551
1.07631
1.08567
1.05419
1.04875
1.10857
1.09638
1.10981
1.12615
0.875511
0.92203
0.868025
0.926793
1.01595
0.973302
0.971629
1.0142
1.11266
1.10857
1.1344
1.1344
1.07631
1.05419
1.09638
1.12615
1.04875
1.08567
1.10981
0.00247827
0.00224808
1.31565e-33
7.74728e-34
0.00927221
0.00849977
0.00551668
0.00503511
7.74728e-34
0.00224808
1.31565e-33
0.00247827
0.01993
0.0183465
0.0128474
0.0139808
0.00551668
0.00503511
0.00849977
0.00927221
0.0370071
0.0341614
0.0274754
0.0253257
0.0128474
0.0183465
0.01993
0.0139808
0.0274754
0.0253257
0.0341614
0.0370071
0.0489501
0.0452654
0.0590657
0.0637353
0.0489501
0.0637353
0.0590657
0.0452654
0.0817825
0.0759894
0.096439
0.103484
0.0759894
0.0817825
0.103484
0.096439
0.120775
0.149292
0.159111
0.12917
0.193474
0.182205
0.219629
0.232338
0.275647
0.323242
0.261568
0.307908
0.120775
0.159111
0.149292
0.12917
0.358408
0.42996
0.412699
0.374817
0.182205
0.219629
0.232338
0.193474
0.307908
0.261568
0.323242
0.275647
0.412699
0.358408
0.374817
0.42996
0.548643
0.47029
0.53057
0.488118
0.592824
0.673663
0.656241
0.61077
0.719938
0.782974
0.798054
0.736408
0.53057
0.548643
0.47029
0.488118
0.903148
0.844373
0.857621
0.914129
0.673663
0.61077
0.592824
0.656241
0.958327
1.00897
0.966627
1.0142
1.09321
1.05602
1.05419
1.09132
0.798054
0.719938
0.736408
0.782974
0.903148
0.857621
0.914129
0.844373
1.11948
1.13996
1.1499
1.1253
1.16656
1.15242
1.15659
1.17497
1.0142
0.958327
1.00897
0.966627
1.05602
1.09132
1.05419
1.09321
1.1253
1.13996
1.1499
1.15242
1.17497
1.16656
1.11948
0.0020185
0.00179023
1.0185e-33
6.19604e-34
0.00773502
0.00698093
0.004559
0.00408463
6.19604e-34
0.00179023
1.0185e-33
0.0020185
0.0167905
0.015268
0.010636
0.011733
0.004559
0.00408463
0.00698093
0.00773502
0.0313678
0.0286394
0.023218
0.0211574
0.010636
0.015268
0.0167905
0.011733
0.0416414
0.0544587
0.0499391
0.0380959
0.023218
0.0211574
0.0286394
0.0313678
0.0416414
0.0380959
0.0499391
0.0544587
0.0702486
0.0645961
0.0824886
0.0894267
0.0702486
0.0894267
0.0645961
0.0824886
0.11237
0.104013
0.12952
0.139407
0.12952
0.104013
0.11237
0.139407
0.170783
0.159293
0.193536
0.206666
0.292032
0.247099
0.232349
0.275723
0.37551
0.394507
0.323529
0.341269
0.159293
0.206666
0.193536
0.170783
0.431285
0.490347
0.511092
0.451298
0.275723
0.232349
0.292032
0.247099
0.37551
0.323529
0.394507
0.341269
0.431285
0.490347
0.451298
0.511092
0.636885
0.615732
0.552073
0.573209
0.680505
0.745494
0.765412
0.701258
0.872284
0.828377
0.889166
0.809749
0.636885
0.615732
0.552073
0.573209
0.946793
0.932106
1.00029
0.988231
0.745494
0.701258
0.680505
0.765412
1.08567
1.03972
1.04875
1.09132
1.1579
1.15589
1.12725
1.1253
0.809749
0.872284
0.828377
0.889166
0.988231
1.00029
0.946793
0.932106
1.1894
1.19978
1.17674
1.18287
1.19365
1.20832
1.20832
1.1894
1.04875
1.08567
1.09132
1.03972
1.15589
1.19978
1.12725
1.1579
1.18287
1.17674
1.1253
0.00156284
0.00133688
7.24365e-34
4.64776e-34
4.64776e-34
0.00133688
7.24365e-34
0.00156284
0.00623669
0.00550459
0.00361642
0.00315075
0.0137815
0.0123357
0.0085103
0.00956275
0.00361642
0.00315075
0.00550459
0.00623669
0.0172095
0.0259863
0.0234192
0.0191538
0.0085103
0.0123357
0.0137815
0.00956275
0.0346465
0.0455304
0.0412547
0.0313062
0.0191538
0.0172095
0.0234192
0.0259863
0.0590625
0.0756675
0.0690026
0.0536785
0.0346465
0.0313062
0.0412547
0.0455304
0.0590625
0.0536785
0.0690026
0.0756675
0.0957535
0.0876456
0.109998
0.119696
0.0957535
0.119696
0.109998
0.0876456
0.147806
0.136404
0.16714
0.180331
0.180331
0.136404
0.16714
0.147806
0.259098
0.217411
0.242271
0.202398
0.286737
0.305306
0.355848
0.335657
0.388765
0.468487
0.445665
0.410388
0.242271
0.202398
0.259098
0.217411
0.505843
0.592937
0.568663
0.529561
0.286737
0.335657
0.305306
0.355848
0.445665
0.388765
0.468487
0.410388
0.592937
0.505843
0.568663
0.529561
0.723365
0.633388
0.699185
0.657826
0.830329
0.765152
0.852624
0.788623
0.914374
0.893724
0.954335
0.972875
0.633388
0.699185
0.723365
0.657826
1.01118
1.07631
1.02716
1.0633
0.765152
0.852624
0.788623
0.830329
1.10981
1.1499
1.11948
1.15589
1.20814
1.18287
1.18493
1.20604
0.914374
0.972875
0.954335
0.893724
1.02716
1.0633
1.01118
1.07631
1.23386
1.22317
1.21887
1.22523
1.22523
1.20604
1.21887
1.23386
1.1499
1.11948
1.10981
1.15589
1.18493
1.20814
1.18287
3.10386e-34
0.000888101
4.32942e-34
0.00111186
0.00111186
0.000888101
4.32942e-34
3.10386e-34
0.00478319
0.00407395
0.00269115
0.00223428
0.00269115
0.00223428
0.00407395
0.00478319
0.010931
0.0095703
0.00647938
0.00748389
0.0209445
0.0185701
0.0153327
0.0135223
0.00647938
0.0095703
0.00748389
0.010931
0.0280903
0.0371308
0.0331762
0.0250065
0.0153327
0.0135223
0.0185701
0.0209445
0.0484715
0.0625315
0.0434655
0.0562883
0.0280903
0.0250065
0.0331762
0.0371308
0.0797349
0.100488
0.0912232
0.0720689
0.0484715
0.0434655
0.0562883
0.0625315
0.0797349
0.0720689
0.0912232
0.100488
0.125156
0.114139
0.141154
0.154053
0.125156
0.154053
0.114139
0.141154
0.172541
0.208485
0.187405
0.225362
0.172541
0.225362
0.208485
0.187405
0.294274
0.315085
0.249072
0.267946
0.343945
0.42205
0.366561
0.397809
0.455466
0.516393
0.543087
0.481083
0.294274
0.249072
0.315085
0.267946
0.579948
0.67313
0.645387
0.607364
0.397809
0.343945
0.366561
0.42205
0.543087
0.455466
0.516393
0.481083
0.645387
0.579948
0.67313
0.607364
0.778495
0.805559
0.711873
0.739506
0.908261
0.84429
0.932745
0.870306
0.991878
1.02672
1.04673
0.969403
0.711873
0.805559
0.739506
0.778495
1.09638
1.12615
1.07927
1.13996
0.870306
0.908261
0.932745
0.84429
1.17674
1.20604
1.16656
1.19978
1.24246
1.22523
1.24031
1.22736
0.969403
0.991878
1.04673
1.02672
1.09638
1.13996
1.12615
1.07927
1.24031
1.24465
1.25115
1.25115
1.19978
1.24246
1.22736
1.20604
1.17674
1.16656
1.22523
0.000665118
0.000443006
1.43394e-34
1.56379e-34
1.56379e-34
0.000443006
1.43394e-34
0.000665118
0.00178259
0.00133322
0.00268636
0.00337485
0.00337485
0.00268636
0.00178259
0.00133322
0.00825192
0.00697671
0.00454214
0.00550052
0.00454214
0.00550052
0.00697671
0.00825192
0.0162983
0.014133
0.0117843
0.010114
0.0220664
0.0294037
0.0258253
0.0192717
0.0117843
0.010114
0.014133
0.0162983
0.0386831
0.0503032
0.0446035
0.0341401
0.0220664
0.0192717
0.0258253
0.0294037
0.0646877
0.0822578
0.0736416
0.0576294
0.0386831
0.0341401
0.0446035
0.0503032
0.103416
0.128529
0.116255
0.0930549
0.0646877
0.0576294
0.0736416
0.0822578
0.128529
0.103416
0.0930549
0.116255
0.143578
0.175293
0.191759
0.157898
0.157898
0.191759
0.143578
0.175293
0.273374
0.211583
0.230238
0.252529
0.273374
0.211583
0.252529
0.230238
0.298102
0.348149
0.373117
0.321068
0.402394
0.460432
0.488775
0.429171
0.585659
0.61616
0.521734
0.551334
0.348149
0.298102
0.373117
0.321068
0.651457
0.749334
0.718288
0.682451
0.488775
0.460432
0.402394
0.429171
0.521734
0.61616
0.551334
0.585659
0.651457
0.749334
0.718288
0.682451
0.815865
0.785239
0.851344
0.881061
0.943917
0.915604
1.00343
0.977011
1.10857
1.03457
1.05862
1.08733
0.851344
0.881061
0.785239
0.815865
1.1894
1.17497
1.15242
1.1344
0.915604
0.977011
0.943917
1.00343
1.20832
1.21887
1.24031
1.23386
1.25769
1.25333
1.25115
1.25988
1.08733
1.03457
1.05862
1.10857
1.1344
1.15242
1.1894
1.17497
1.25115
1.24031
1.25333
1.25988
1.20832
1.23386
1.21887
3.13783e-36
0.000221335
0.000221335
3.13783e-36
0.00200603
0.000887463
0.000887463
0.00200603
0.00574067
0.00360607
0.00360607
0.00574067
0.00851412
0.0120718
0.00851412
0.0120718
0.0166289
0.0224463
0.0298522
0.0392099
0.0166289
0.0224463
0.050926
0.0654192
0.0392099
0.0298522
0.083112
0.104408
0.0654192
0.050926
0.129667
0.159199
0.083112
0.104408
0.129667
0.159199
0.193225
0.231886
0.193225
0.231886
0.2752
0.323086
0.323086
0.2752
0.37532
0.431569
0.491358
0.554108
0.685583
0.619113
0.431569
0.37532
0.819325
0.752633
0.554108
0.491358
0.619113
0.685583
0.819325
0.752633
0.884671
0.947665
1.06261
1.0073
1.15659
1.11266
0.884671
0.947665
1.22317
1.19365
1.06261
1.0073
1.25769
1.24465
1.26207
1.25769
1.11266
1.15659
1.19365
1.24465
1.22317
0.143578
0.298102
0.252529
0.000443006
0.175293
0.211583
0.175293
0.211583
0.143578
0.00697671
0.010114
0.116255
0.252529
0.0192717
0.0930549
0.0736416
0.298102
0.0576294
0.0446035
0.348149
0.0341401
0.0258253
0.402394
0.014133
0.460432
0.521734
0.00454214
0.00268636
0.585659
0.00133322
0.651457
0.718288
0.000443006
0.348149
0.402394
0.785239
0.851344
0.521734
0.915604
0.00133322
0.977011
1.03457
0.00268636
1.08733
1.1344
0.00454214
1.17497
1.20832
0.00697671
1.03457
1.23386
1.08733
1.25115
0.010114
1.25988
1.25988
0.014133
1.25115
1.23386
0.0192717
1.20832
1.17497
0.0258253
1.1344
0.0341401
0.977011
0.0446035
0.915604
0.851344
0.0576294
0.785239
0.718288
0.0736416
0.651457
0.585659
0.0930549
0.460432
0.116255
1.43394e-34
1.43394e-34
1.56379e-34
0.000665118
0.000665118
1.56379e-34
0.00337485
0.00178259
0.00178259
0.00337485
0.00550052
0.00825192
0.00550052
0.00825192
0.0162983
0.0117843
0.0117843
0.0162983
0.0294037
0.0220664
0.0503032
0.0386831
0.0220664
0.0294037
0.0646877
0.0822578
0.0503032
0.0386831
0.128529
0.103416
0.0646877
0.0822578
0.157898
0.191759
0.103416
0.128529
0.157898
0.191759
0.273374
0.230238
0.273374
0.230238
0.321068
0.373117
0.373117
0.321068
0.488775
0.429171
0.61616
0.551334
0.682451
0.749334
0.429171
0.488775
0.881061
0.815865
0.61616
0.551334
0.749334
0.682451
0.815865
0.881061
0.943917
1.00343
1.10857
1.05862
1.15242
1.1894
1.00343
0.943917
1.24031
1.21887
1.10857
1.05862
1.25769
1.25333
1.25333
1.24031
1.1894
1.15242
1.21887
0.249072
0.208485
0.208485
0.172541
0.249072
0.141154
0.00407395
0.114139
0.0912232
0.294274
0.0720689
0.343945
0.0562883
0.0434655
0.0331762
0.397809
0.0250065
0.455466
0.0185701
0.0135223
0.0095703
0.516393
0.00647938
0.579948
0.00223428
0.000888101
0.645387
0.711873
0.000888101
0.778495
0.294274
0.84429
0.908261
0.397809
0.00223428
0.969403
1.02672
0.579948
1.07927
0.00407395
1.12615
0.00647938
1.16656
1.19978
1.22523
0.908261
0.0095703
1.24246
0.0135223
1.07927
1.25115
1.25115
1.24246
0.0185701
1.22523
0.0250065
1.19978
1.16656
1.12615
0.0331762
0.0434655
1.02672
0.969403
0.0562883
0.84429
0.0720689
0.778495
0.711873
0.645387
0.0912232
0.114139
0.516393
0.455466
0.141154
0.343945
0.172541
4.32942e-34
4.32942e-34
3.10386e-34
0.00111186
0.00111186
3.10386e-34
0.00478319
0.00269115
0.00269115
0.00478319
0.00748389
0.010931
0.010931
0.00748389
0.0209445
0.0153327
0.0153327
0.0209445
0.0371308
0.0280903
0.0484715
0.0625315
0.0280903
0.0371308
0.0797349
0.100488
0.0625315
0.0484715
0.125156
0.154053
0.100488
0.0797349
0.225362
0.187405
0.125156
0.154053
0.225362
0.187405
0.267946
0.315085
0.315085
0.267946
0.42205
0.366561
0.366561
0.42205
0.543087
0.481083
0.67313
0.607364
0.739506
0.805559
0.543087
0.481083
0.870306
0.932745
0.607364
0.67313
0.805559
0.739506
0.870306
0.932745
0.991878
1.04673
1.09638
1.13996
1.17674
1.20604
1.04673
0.991878
1.24031
1.22736
1.09638
1.13996
1.24465
1.24031
1.22736
1.17674
1.20604
0.242271
0.16714
0.286737
0.00133688
0.136404
0.109998
0.0876456
0.335657
0.0690026
0.0123357
0.0172095
0.388765
0.0536785
0.0412547
0.0313062
0.445665
0.0234192
0.505843
0.0085103
0.568663
0.00550459
0.633388
0.00315075
0.699185
0.765152
0.00133688
0.830329
0.242271
0.893724
0.00315075
0.954335
1.01118
1.0633
0.445665
0.505843
0.00550459
1.10981
0.0085103
1.1499
1.18287
1.20814
0.0123357
0.830329
1.22523
0.0172095
0.954335
1.01118
1.23386
1.23386
1.22523
0.0234192
1.20814
0.0313062
1.18287
1.1499
1.10981
0.0412547
1.0633
0.0536785
0.893724
0.0690026
0.0876456
0.765152
0.699185
0.633388
0.109998
0.568663
0.136404
0.388765
0.16714
0.335657
0.202398
0.286737
0.202398
7.24365e-34
7.24365e-34
4.64776e-34
0.00156284
0.00156284
4.64776e-34
0.00361642
0.00623669
0.00361642
0.00623669
0.00956275
0.0137815
0.0137815
0.00956275
0.0259863
0.0191538
0.0191538
0.0259863
0.0346465
0.0455304
0.0590625
0.0756675
0.0346465
0.0455304
0.0957535
0.119696
0.0756675
0.0590625
0.180331
0.147806
0.0957535
0.119696
0.259098
0.217411
0.147806
0.180331
0.259098
0.217411
0.355848
0.305306
0.355848
0.305306
0.410388
0.468487
0.468487
0.410388
0.592937
0.529561
0.723365
0.657826
0.788623
0.852624
0.529561
0.592937
0.914374
0.972875
0.657826
0.723365
0.852624
0.788623
0.914374
0.972875
1.07631
1.02716
1.11948
1.15589
1.18493
1.20604
1.02716
1.07631
1.22317
1.21887
1.15589
1.11948
1.21887
1.20604
1.18493
0.323529
0.104013
0.0824886
0.37551
0.0645961
0.0499391
0.431285
0.0380959
0.0286394
0.490347
0.0211574
0.015268
0.552073
0.010636
0.00698093
0.615732
0.00408463
0.00179023
0.680505
0.745494
0.00179023
0.12952
0.159293
0.809749
0.872284
0.232349
0.932106
0.00408463
0.988231
1.03972
0.00698093
1.08567
1.1253
0.010636
1.1579
1.18287
0.015268
0.680505
1.19978
0.745494
1.20832
0.0211574
1.20832
1.19978
0.0286394
0.988231
1.03972
1.18287
1.1579
0.0380959
1.1253
1.08567
0.0499391
0.0645961
0.932106
0.872284
0.0824886
0.809749
0.104013
0.615732
0.12952
0.552073
0.490347
0.159293
0.431285
0.37551
0.193536
0.323529
0.275723
0.232349
0.193536
0.275723
1.0185e-33
1.0185e-33
6.19604e-34
0.0020185
0.0020185
6.19604e-34
0.00773502
0.004559
0.004559
0.00773502
0.0167905
0.011733
0.011733
0.0167905
0.0313678
0.023218
0.023218
0.0313678
0.0544587
0.0416414
0.0702486
0.0894267
0.0544587
0.0416414
0.139407
0.11237
0.0702486
0.0894267
0.206666
0.170783
0.139407
0.11237
0.292032
0.247099
0.206666
0.170783
0.247099
0.292032
0.394507
0.341269
0.341269
0.394507
0.511092
0.451298
0.451298
0.511092
0.636885
0.573209
0.765412
0.701258
0.828377
0.889166
0.573209
0.636885
1.00029
0.946793
0.701258
0.765412
0.889166
0.828377
1.00029
0.946793
1.04875
1.09132
1.12725
1.15589
1.17674
1.1894
1.09132
1.04875
1.1894
1.19365
1.12725
1.17674
1.15589
0.0759894
0.0590657
0.412699
0.0452654
0.47029
0.0341614
0.0253257
0.0183465
0.53057
0.0128474
0.592824
0.00849977
0.00503511
0.00224808
0.656241
0.719938
0.00224808
0.782974
0.096439
0.844373
0.903148
0.149292
0.00503511
0.958327
1.00897
0.261568
1.05419
0.00849977
1.09321
0.0128474
1.1253
1.1499
1.16656
0.53057
0.0183465
1.17497
0.0253257
0.719938
1.17497
1.16656
1.1499
0.0341614
0.903148
1.1253
0.0452654
1.09321
1.05419
1.00897
0.0590657
0.958327
0.0759894
0.844373
0.782974
0.096439
0.120775
0.656241
0.592824
0.149292
0.47029
0.182205
0.412699
0.358408
0.307908
0.219629
0.261568
0.219629
0.182205
0.307908
0.120775
0.358408
1.31565e-33
1.31565e-33
7.74728e-34
0.00247827
0.00247827
7.74728e-34
0.00927221
0.00551668
0.00551668
0.00927221
0.01993
0.0139808
0.01993
0.0139808
0.0274754
0.0370071
0.0274754
0.0370071
0.0489501
0.0637353
0.0817825
0.103484
0.0489501
0.0637353
0.159111
0.12917
0.103484
0.0817825
0.232338
0.193474
0.159111
0.12917
0.323242
0.275647
0.232338
0.193474
0.275647
0.323242
0.42996
0.374817
0.42996
0.374817
0.548643
0.488118
0.548643
0.488118
0.673663
0.61077
0.736408
0.798054
0.914129
0.857621
0.61077
0.673663
0.966627
1.0142
0.798054
0.736408
0.857621
0.914129
1.0142
0.966627
1.09132
1.05602
1.13996
1.11948
1.15242
1.15659
1.05602
1.09132
1.13996
1.15242
1.11948
0.446163
0.0398921
0.504661
0.0296559
0.0215369
0.0151262
0.565178
0.0100524
0.626923
0.00599864
0.00270935
0.689023
0.750551
0.00270935
0.810543
0.0684403
0.868025
0.00599864
0.92203
0.971629
1.01595
0.168796
0.204522
0.0100524
1.05419
0.0151262
1.08567
1.10981
1.12615
0.0215369
0.446163
1.1344
0.0296559
0.565178
0.626923
1.1344
1.12615
1.10981
0.0398921
0.810543
1.08567
0.0526765
1.05419
1.01595
0.971629
0.0684403
0.92203
0.0875961
0.868025
0.750551
0.110514
0.689023
0.137505
0.504661
0.168796
0.204522
0.390386
0.337921
0.289244
0.244703
0.244703
0.289244
0.137505
0.337921
0.110514
0.390386
0.0875961
0.0526765
1.61542e-33
1.61542e-33
9.29756e-34
0.00294051
0.00294051
9.29756e-34
0.00648456
0.010837
0.00648456
0.010837
0.02316
0.0162837
0.0162837
0.02316
0.0318595
0.0428017
0.0318595
0.0428017
0.073154
0.0564234
0.117488
0.0933906
0.0564234
0.073154
0.145719
0.178284
0.0933906
0.117488
0.215263
0.25664
0.145719
0.178284
0.302256
0.351846
0.25664
0.215263
0.302256
0.351846
0.461195
0.404997
0.461195
0.404997
0.58006
0.519794
0.519794
0.58006
0.702211
0.641162
0.820351
0.762263
0.875511
0.926793
0.641162
0.702211
1.0142
0.973302
0.820351
0.762263
0.875511
0.926793
1.0142
0.973302
1.07631
1.04875
1.10857
1.09638
1.11266
1.10857
1.04875
1.09638
1.07631
0.533414
0.0174463
0.0116254
0.59318
0.00696901
0.00317186
0.65339
0.713133
0.00317186
0.0247937
0.0340746
0.771461
0.827408
0.0601713
0.880023
0.00696901
0.928385
0.971629
0.0116254
1.00897
1.03972
0.0174463
1.0633
1.07927
0.0247937
0.314599
1.08733
0.364913
1.08733
0.0340746
1.07927
1.0633
0.0457209
0.59318
0.65339
1.03972
1.00897
0.0601713
0.971629
0.928385
0.0778472
0.880023
0.827408
0.099134
0.771461
0.713133
0.124357
0.153764
0.533414
0.474947
0.187507
0.418553
0.225632
0.268063
0.268063
0.225632
0.187507
0.314599
0.153764
0.124357
0.364913
0.099134
0.0778472
0.418553
0.0457209
0.474947
1.91678e-33
1.91678e-33
1.08401e-33
0.00340252
0.00340252
1.08401e-33
0.0124137
0.00745518
0.00745518
0.0124137
0.0186125
0.0264302
0.0264302
0.0186125
0.0486343
0.0362912
0.0362912
0.0486343
0.0638962
0.0824926
0.104785
0.131078
0.0638962
0.0824926
0.196406
0.161578
0.131078
0.104785
0.235549
0.278894
0.161578
0.196406
0.326178
0.377035
0.235549
0.278894
0.377035
0.326178
0.487322
0.430951
0.430951
0.487322
0.54542
0.604444
0.604444
0.54542
0.721711
0.663515
0.831662
0.778078
0.926792
0.881532
0.721711
0.663515
0.966627
1.00029
0.831662
0.778078
0.881532
0.926792
1.00029
0.966627
1.02716
1.04673
1.06261
1.05862
1.05862
1.04673
1.02716
0.00793757
0.00363239
0.613772
0.671467
0.00363239
0.727882
0.0132007
0.782068
0.833084
0.0280627
0.00793757
0.880023
0.92203
0.0675792
0.958326
0.0132007
0.988231
0.0197753
1.01118
1.02672
1.03457
0.204917
0.0280627
1.03457
0.0384979
0.336921
1.02672
1.01118
0.988231
0.0515251
0.49823
0.958326
0.0675792
0.92203
0.880023
0.833084
0.0870596
0.782068
0.110312
0.727882
0.671467
0.613772
0.137606
0.555729
0.169118
0.44211
0.388121
0.204917
0.244954
0.289056
0.244954
0.289056
0.169118
0.336921
0.137606
0.110312
0.0870596
0.388121
0.44211
0.0515251
0.0384979
0.49823
0.0197753
0.555729
2.21795e-33
2.21795e-33
1.23652e-33
0.00386058
0.00386058
1.23652e-33
0.00841882
0.0139826
0.00841882
0.0139826
0.0296832
0.0209319
0.0296832
0.0209319
0.054378
0.0406825
0.0406825
0.054378
0.0711945
0.0915217
0.143898
0.115674
0.0711945
0.0915217
0.212983
0.176323
0.115674
0.143898
0.253773
0.29848
0.176323
0.212983
0.346742
0.398097
0.253773
0.29848
0.346742
0.398097
0.507596
0.451943
0.507596
0.451943
0.621098
0.564264
0.621098
0.564264
0.677188
0.731602
0.831662
0.783401
0.914128
0.875512
0.731602
0.677188
0.946794
0.972874
0.831662
0.783401
0.875512
0.914128
0.972874
0.946794
1.00343
0.991879
1.00343
1.00731
0.991879
0.626368
0.680637
0.00408677
0.00408677
0.732845
0.782067
0.00889364
0.827408
0.868024
0.0312837
0.0428348
0.903148
0.0147573
0.932105
0.0220759
0.954335
0.969402
0.97701
0.149911
0.0312837
0.97701
0.220547
0.261952
0.0428348
0.969402
0.954335
0.932105
0.406888
0.0571751
0.903148
0.0747243
0.868024
0.827408
0.626368
0.782067
0.0958482
0.732845
0.120843
0.680637
0.570968
0.149911
0.51535
0.183152
0.460387
0.355581
0.220547
0.307096
0.261952
0.183152
0.307096
0.355581
0.120843
0.0958482
0.0747243
0.406888
0.0571751
0.460387
0.0220759
0.51535
0.0147573
0.570968
0.00889364
2.51653e-33
2.51653e-33
1.38603e-33
0.00431011
1.38603e-33
0.00431011
0.0155211
0.0093639
0.0093639
0.0155211
0.0328566
0.0232029
0.0328566
0.0232029
0.0449407
0.0599019
0.0449407
0.0599019
0.100014
0.0781421
0.155607
0.125776
0.0781421
0.100014
0.227559
0.189552
0.155607
0.125776
0.314848
0.269427
0.189552
0.227559
0.414436
0.363368
0.269427
0.314848
0.414436
0.363368
0.467377
0.52144
0.467377
0.52144
0.629545
0.57579
0.629545
0.57579
0.68179
0.731602
0.820351
0.778079
0.857622
0.889165
0.68179
0.731602
0.932743
0.914375
0.778079
0.820351
0.857622
0.889165
0.932743
0.914375
0.947663
0.943918
0.943918
0.00453003
0.680637
0.727882
0.77146
0.00982486
0.810543
0.844372
0.0162713
0.872284
0.893723
0.0243074
0.90826
0.915603
0.0814322
0.034393
0.10399
0.915603
0.90826
0.0469913
0.893723
0.872284
0.233969
0.276154
0.06254
0.844372
0.810543
0.0814322
0.77146
0.727882
0.10399
0.680637
0.630606
0.13045
0.578697
0.525821
0.160944
0.472867
0.420684
0.195486
0.370055
0.321678
0.233969
0.276154
0.195486
0.160944
0.321678
0.13045
0.370055
0.06254
0.420684
0.0469913
0.034393
0.472867
0.0243074
0.0162713
0.525821
0.00982486
0.00453003
0.578697
0.630606
2.80952e-33
2.80952e-33
1.53108e-33
0.0047458
0.0047458
1.53108e-33
0.0102774
0.0170046
0.0102774
0.0170046
0.0253838
0.0358858
0.0358858
0.0253838
0.0650759
0.0489715
0.0650759
0.0489715
0.107753
0.0845676
0.16589
0.134826
0.0845676
0.107753
0.239734
0.200906
0.16589
0.134826
0.282078
0.327542
0.239734
0.200906
0.375588
0.425592
0.282078
0.327542
0.375588
0.425592
0.476815
0.528462
0.476815
0.528462
0.629545
0.579668
0.629545
0.579668
0.72171
0.677188
0.762264
0.798053
0.852623
0.828378
0.677188
0.72171
0.870307
0.881059
0.762264
0.798053
0.828378
0.852623
0.870307
0.884673
0.881059
0.713133
0.0107177
0.75055
0.782973
0.809748
0.0177175
0.830328
0.0264278
0.844289
0.0373256
0.851343
0.851343
0.0373256
0.0875356
0.844289
0.050874
0.830328
0.809748
0.170407
0.782973
0.0674916
0.75055
0.0875356
0.713133
0.671467
0.379936
0.626367
0.111275
0.578697
0.138882
0.529344
0.479197
0.429121
0.170407
0.205784
0.332395
0.287166
0.244811
0.244811
0.205784
0.287166
0.138882
0.111275
0.332395
0.379936
0.0674916
0.050874
0.429121
0.0264278
0.479197
0.0177175
0.0107177
0.00495659
0.529344
0.578697
0.00495659
0.626367
0.671467
3.09348e-33
3.09348e-33
1.66999e-33
0.00516182
0.00516182
1.66999e-33
0.0184073
0.0111456
0.0111456
0.0184073
0.0387063
0.0274325
0.0274325
0.0387063
0.0526829
0.0697753
0.0526829
0.0697753
0.0903098
0.114538
0.17447
0.142583
0.0903098
0.114538
0.249171
0.210076
0.17447
0.142583
0.336207
0.291374
0.210076
0.249171
0.431249
0.383061
0.336207
0.291374
0.431249
0.383061
0.479991
0.528462
0.479991
0.528462
0.57579
0.621097
0.57579
0.621097
0.663516
0.70221
0.736409
0.76541
0.805557
0.788624
0.663516
0.70221
0.819323
0.815867
0.76541
0.736409
0.805557
0.788624
0.815867
0.0115581
0.689022
0.719938
0.745493
0.0190701
0.765151
0.0190701
0.028395
0.778494
0.0400182
0.054393
0.785238
0.785238
0.0400182
0.778494
0.117515
0.054393
0.765151
0.745493
0.719938
0.0719098
0.252777
0.294681
0.689022
0.0928806
0.65339
0.613772
0.570968
0.117515
0.52582
0.145913
0.479197
0.431959
0.384947
0.178047
0.338947
0.213763
0.213763
0.252777
0.178047
0.294681
0.145913
0.0928806
0.338947
0.0719098
0.384947
0.028395
0.431959
0.479197
0.0115581
0.00536043
0.52582
0.570968
0.00536043
0.613772
0.65339
3.36462e-33
3.36462e-33
1.80096e-33
0.00555205
0.00555205
1.80096e-33
0.0197036
0.011954
0.011954
0.0197036
0.0412562
0.0293072
0.0412562
0.0293072
0.0738852
0.0559881
0.0559881
0.0738852
0.0952232
0.120192
0.148842
0.181117
0.0952232
0.120192
0.25561
0.216811
0.148842
0.181117
0.297056
0.3406
0.216811
0.25561
0.385575
0.431249
0.3406
0.297056
0.431249
0.385575
0.476816
0.52144
0.52144
0.476816
0.564265
0.604443
0.604443
0.564265
0.641164
0.673661
0.70126
0.723364
0.739508
0.749332
0.641164
0.673661
0.749332
0.752635
0.723364
0.70126
0.739508
0.680504
0.0203035
0.699184
0.00573537
0.711872
0.0301682
0.718287
0.718287
0.0424108
0.0424108
0.0574655
0.711872
0.699184
0.0574655
0.680504
0.65624
0.0756856
0.626922
0.593179
0.0973312
0.555728
0.257646
0.51535
0.122547
0.472867
0.42912
0.151358
0.384947
0.341152
0.183656
0.298491
0.219207
0.219207
0.183656
0.257646
0.151358
0.122547
0.298491
0.0973312
0.0756856
0.341152
0.384947
0.0301682
0.0203035
0.42912
0.0123318
0.472867
0.51535
0.00573537
0.65624
0.555728
0.593179
0.626922
0.0123318
3.61894e-33
3.61894e-33
1.92212e-33
0.0059103
0.0059103
1.92212e-33
0.0126887
0.0208684
0.0126887
0.0208684
0.0434782
0.0309688
0.0309688
0.0434782
0.0773037
0.0588088
0.0588088
0.0773037
0.124568
0.0991821
0.185651
0.153435
0.0991821
0.124568
0.220927
0.258875
0.185651
0.153435
0.298968
0.3406
0.258875
0.220927
0.383061
0.425591
0.3406
0.298968
0.383061
0.425591
0.507595
0.467377
0.507595
0.467377
0.545421
0.580059
0.580059
0.545421
0.636883
0.610771
0.673128
0.657827
0.68558
0.682453
0.636883
0.610771
0.682453
0.657827
0.673128
0.0213936
0.645386
0.0317098
0.651456
0.651456
0.645386
0.0213936
0.044449
0.633386
0.0600179
0.615731
0.592823
0.565177
0.100773
0.0787253
0.533413
0.100773
0.49823
0.187083
0.460387
0.420684
0.259284
0.126238
0.379936
0.15507
0.338947
0.298491
0.187083
0.221967
0.221967
0.15507
0.126238
0.259284
0.298491
0.0787253
0.0600179
0.044449
0.338947
0.0317098
0.379936
0.0130249
0.00607528
0.420684
0.460387
0.00607528
0.633386
0.49823
0.533413
0.565177
0.0130249
0.592823
0.615731
3.85243e-33
3.85243e-33
2.03162e-33
0.00623054
0.00623054
2.03162e-33
0.0218787
0.0133363
0.0133363
0.0218787
0.0453212
0.0323814
0.0453212
0.0323814
0.0799456
0.061077
0.061077
0.0799456
0.127551
0.102085
0.187949
0.156242
0.102085
0.127551
0.258874
0.222311
0.156242
0.187949
0.336206
0.297057
0.258874
0.222311
0.414435
0.375589
0.297057
0.336206
0.375589
0.414435
0.451944
0.487321
0.451944
0.487321
0.519795
0.548641
0.519795
0.548641
0.573211
0.592935
0.607366
0.616158
0.619115
0.616158
0.592935
0.573211
0.607366
0.0329864
0.585658
0.585658
0.0063743
0.579947
0.046086
0.568662
0.0619886
0.552072
0.046086
0.0619886
0.530569
0.50466
0.0809527
0.474946
0.103119
0.442109
0.406887
0.188236
0.370054
0.128493
0.332395
0.156951
0.294681
0.257646
0.221967
0.188236
0.221967
0.156951
0.128493
0.103119
0.257646
0.0809527
0.294681
0.0329864
0.332395
0.0223185
0.370054
0.0136245
0.406887
0.442109
0.0063743
0.579947
0.474946
0.50466
0.0136245
0.530569
0.552072
0.568662
0.0223185
4.06115e-33
4.06115e-33
2.12769e-33
0.00650713
0.00650713
2.12769e-33
0.0138844
0.0227136
0.0138844
0.0227136
0.0467428
0.0335142
0.0467428
0.0335142
0.0817448
0.0627378
0.0627378
0.0817448
0.103857
0.129062
0.187948
0.157185
0.129062
0.103857
0.220927
0.25561
0.157185
0.187948
0.327541
0.291374
0.25561
0.220927
0.398095
0.363369
0.327541
0.291374
0.363369
0.398095
0.430953
0.461193
0.430953
0.461193
0.51109
0.488119
0.51109
0.488119
0.529563
0.543085
0.551336
0.554106
0.551336
0.529563
0.543085
0.516391
0.0472835
0.505841
0.490346
0.0633298
0.470289
0.446162
0.0823121
0.418552
0.0472835
0.38812
0.104307
0.35558
0.104307
0.321678
0.129251
0.129251
0.287165
0.252777
0.156951
0.219207
0.187083
0.187083
0.156951
0.219207
0.0823121
0.252777
0.0633298
0.287165
0.0339697
0.0230589
0.321678
0.0141192
0.00662707
0.35558
0.38812
0.00662707
0.521733
0.418552
0.521733
0.446162
0.470289
0.0141192
0.490346
0.505841
0.0230589
0.516391
0.0339697
4.24145e-33
4.24145e-33
2.2087e-33
0.00673503
0.00673503
2.2087e-33
0.0233559
0.0143225
0.0233559
0.0143225
0.034342
0.0477095
0.0477095
0.034342
0.0826558
0.0637509
0.0637509
0.0826558
0.104453
0.129062
0.156242
0.18565
0.129062
0.104453
0.24917
0.216811
0.18565
0.156242
0.282079
0.314847
0.24917
0.216811
0.377033
0.346743
0.314847
0.282079
0.346743
0.377033
0.404998
0.429958
0.429958
0.404998
0.4513
0.468484
0.468484
0.4513
0.481085
0.488772
0.49136
0.488772
0.481085
0.0480136
0.431284
0.0640087
0.412698
0.390385
0.364912
0.0235994
0.082769
0.33692
0.0480136
0.104307
0.307095
0.276154
0.244811
0.128493
0.213763
0.15507
0.183656
0.15507
0.128493
0.183656
0.104307
0.213763
0.082769
0.0640087
0.244811
0.0346378
0.276154
0.0144992
0.00682891
0.307095
0.33692
0.00682891
0.445664
0.364912
0.390385
0.412698
0.46043
0.0144992
0.431284
0.445664
0.455465
0.0235994
0.0346378
0.46043
0.455465
4.39003e-33
4.39003e-33
2.27323e-33
0.00690996
0.00690996
2.27323e-33
0.0237919
0.0146419
0.0146419
0.0237919
0.0481986
0.0348462
0.0348462
0.0481986
0.0826558
0.0640913
0.0640913
0.0826558
0.127551
0.103857
0.181117
0.153436
0.127551
0.103857
0.239733
0.210077
0.181117
0.153436
0.298478
0.269428
0.239733
0.210077
0.32618
0.351844
0.269428
0.298478
0.32618
0.351844
0.394504
0.374819
0.394504
0.374819
0.410391
0.422048
0.422048
0.410391
0.429173
0.431567
0.429173
0.0640088
0.358407
0.33792
0.314598
0.0823121
0.289055
0.0239284
0.103119
0.261952
0.0482589
0.233968
0.205783
0.126238
0.178047
0.151358
0.151358
0.126238
0.103119
0.178047
0.0823121
0.205783
0.0640088
0.0349757
0.233968
0.261952
0.014757
0.006976
0.289055
0.314598
0.006976
0.375509
0.33792
0.358407
0.397807
0.402393
0.014757
0.375509
0.388763
0.397807
0.0239284
0.402393
0.0349757
0.388763
0.0482589
4.50411e-33
4.50411e-33
2.32012e-33
0.00702858
0.00702858
2.32012e-33
0.0240124
0.0148361
0.0148361
0.0240124
0.0481987
0.0350155
0.0481987
0.0350155
0.0817448
0.0637508
0.0637508
0.0817448
0.102085
0.124568
0.148842
0.17447
0.102085
0.124568
0.200907
0.227558
0.17447
0.148842
0.253774
0.278893
0.227558
0.200907
0.32324
0.302257
0.278893
0.253774
0.302257
0.32324
0.355845
0.341271
0.341271
0.355845
0.373114
0.366563
0.366563
0.373114
0.375322
0.268062
0.0809528
0.244953
0.00706549
0.220546
0.100773
0.195486
0.170407
0.122547
0.0480136
0.0633299
0.145913
0.122547
0.145913
0.100773
0.0809528
0.170407
0.195486
0.0349758
0.0240389
0.220546
0.0148872
0.244953
0.268062
0.00706549
0.289243
0.289243
0.307907
0.307907
0.323527
0.0148872
0.335656
0.343943
0.0240389
0.348148
0.348148
0.0349758
0.343943
0.335656
0.0480136
0.323527
0.0633299
4.58152e-33
4.58152e-33
2.3485e-33
0.00708859
0.00708859
2.3485e-33
0.0149011
0.0240125
0.0149011
0.0240125
0.0477097
0.0348461
0.0348461
0.0477097
0.0799457
0.0627378
0.0627378
0.0799457
0.0991823
0.120192
0.165889
0.142583
0.120192
0.0991823
0.212982
0.189553
0.165889
0.142583
0.256638
0.235551
0.212982
0.189553
0.29203
0.275649
0.256638
0.235551
0.275649
0.29203
0.315082
0.305308
0.315082
0.305308
0.32107
0.32107
0.323083
0.0787253
0.183152
0.0973312
0.160943
0.138881
0.117515
0.0239285
0.117515
0.0973312
0.138881
0.0787253
0.0619887
0.0472837
0.160943
0.034638
0.183152
0.0148873
0.00709565
0.204916
0.225631
0.00709565
0.204916
0.244702
0.261567
0.275722
0.261567
0.0148873
0.286736
0.294273
0.298101
0.0239285
0.298101
0.034638
0.294273
0.286736
0.275722
0.0472837
0.0619887
0.244702
0.225631
4.62075e-33
4.62075e-33
2.35784e-33
0.00708882
0.00708882
2.35784e-33
0.0237924
0.0148358
0.0148358
0.0237924
0.0467431
0.0343417
0.0343417
0.0467431
0.0610769
0.0773038
0.0773038
0.0610769
0.0952234
0.114538
0.134826
0.155606
0.0952234
0.114538
0.176324
0.196405
0.134826
0.155606
0.232336
0.215264
0.176324
0.196405
0.247101
0.259095
0.232336
0.215264
0.247101
0.259095
0.273372
0.267948
0.273372
0.267948
0.275202
0.0928806
0.13045
0.111275
0.00706589
0.0928806
0.111275
0.0756856
0.13045
0.060018
0.0460862
0.03397
0.14991
0.0235997
0.169117
0.0147573
0.187506
0.204521
0.00706589
0.14991
0.219628
0.232347
0.187506
0.204521
0.0147573
0.242269
0.24907
0.252528
0.242269
0.0235997
0.252528
0.03397
0.24907
0.232347
0.0460862
0.219628
0.060018
0.169117
0.0756856
4.62104e-33
4.62104e-33
2.34798e-33
0.00702926
0.00702926
2.34798e-33
0.0233566
0.0146413
0.0146413
0.0233566
0.0335138
0.0453218
0.0453218
0.0335138
0.0588086
0.0738852
0.0588086
0.0738852
0.0903101
0.107753
0.143897
0.125777
0.107753
0.0903101
0.16158
0.178282
0.143897
0.125777
0.193476
0.206663
0.16158
0.178282
0.217413
0.225359
0.193476
0.206663
0.217413
0.225359
0.231883
0.230241
0.230241
0.0719098
0.10399
0.0574657
0.0444493
0.120842
0.0329868
0.0230594
0.137605
0.0144997
0.00697679
0.153763
0.168795
0.00697679
0.0875355
0.182204
0.10399
0.193534
0.202397
0.0144997
0.208484
0.211582
0.168795
0.182204
0.0230594
0.211582
0.208484
0.0329868
0.202397
0.193534
0.0444493
0.0574657
0.153763
0.137605
0.0719098
0.120842
0.0875355
4.58238e-33
4.58238e-33
2.31908e-33
0.00691107
0.00691107
2.31908e-33
0.0143217
0.0227146
0.0143217
0.0227146
0.0434788
0.0323809
0.0434788
0.0323809
0.055988
0.0697754
0.055988
0.0697754
0.0845679
0.100014
0.131077
0.115675
0.100014
0.0845679
0.159109
0.14572
0.131077
0.115675
0.180329
0.170785
0.159109
0.14572
0.191756
0.187407
0.170785
0.180329
0.191756
0.187407
0.193227
0.095848
0.0317103
0.110312
0.0223191
0.0141198
0.00683007
0.124356
0.137504
0.00683007
0.0424112
0.149291
0.159292
0.167139
0.0814321
0.0141198
0.17254
0.175292
0.175292
0.124356
0.0223191
0.17254
0.0317103
0.167139
0.159292
0.149291
0.0424112
0.137504
0.0543933
0.110312
0.095848
0.0674917
0.0814321
0.0674917
0.0543933
4.50553e-33
4.50553e-33
2.2717e-33
0.00673654
0.00673654
2.2717e-33
0.0218799
0.0138833
0.0138833
0.0218799
0.0309681
0.041257
0.041257
0.0309681
0.0526827
0.065076
0.065076
0.0526827
0.0915211
0.0781424
0.104786
0.117486
0.0915211
0.0781424
0.139405
0.129171
0.117486
0.104786
0.147808
0.154051
0.139405
0.129171
0.159197
0.1579
0.154051
0.147808
0.1579
0.0991335
0.0136253
0.00662857
0.110514
0.120774
0.00662857
0.0213944
0.129519
0.136403
0.0400186
0.0508743
0.0136253
0.141153
0.143577
0.143577
0.0870593
0.0213944
0.141153
0.0301688
0.136403
0.129519
0.120774
0.0400186
0.110514
0.0508743
0.0991335
0.0747242
0.06254
0.06254
0.0747242
0.0301688
0.0870593
4.39196e-33
4.39196e-33
2.2067e-33
0.00650899
0.00650899
2.2067e-33
0.0133349
0.0208699
0.0133349
0.0208699
0.0387072
0.0293065
0.0387072
0.0293065
0.059902
0.0489713
0.059902
0.0489713
0.082492
0.0711948
0.0933914
0.103482
0.082492
0.0711948
0.112371
0.119694
0.0933914
0.103482
0.125158
0.128527
0.119694
0.112371
0.129669
0.128527
0.125158
0.0964384
0.00637608
0.104012
0.00637608
0.109997
0.114138
0.0130257
0.116254
0.116254
0.0373261
0.0469916
0.0203043
0.114138
0.0675791
0.109997
0.0283956
0.104012
0.0964384
0.0373261
0.0875956
0.0778469
0.0469916
0.0571752
0.0571752
0.0675791
0.0283956
0.0203043
0.0778469
0.0130257
0.0875956
4.24385e-33
4.24385e-33
2.12524e-33
0.0062327
2.12524e-33
0.0062327
0.0197052
0.0126872
0.0126872
0.0197052
0.0274316
0.0358867
0.0274316
0.0358867
0.0543781
0.0449405
0.0449405
0.0543781
0.0638965
0.0731534
0.0817833
0.0894255
0.0731534
0.0638965
0.0957547
0.100487
0.0894255
0.0817833
0.104406
0.103417
0.100487
0.0957547
0.103417
0.00607729
0.082488
0.0876449
0.0912224
0.0123327
0.0930541
0.019071
0.0930541
0.0912224
0.019071
0.0876449
0.0264285
0.082488
0.0759889
0.06844
0.0343935
0.0601712
0.0428351
0.0515252
0.0428351
0.0343935
0.0515252
0.0264285
0.0601712
0.0123327
0.00607729
0.06844
0.0759889
4.06397e-33
4.06397e-33
2.02876e-33
0.00591269
0.00591269
2.02876e-33
0.0184091
0.0119524
0.0119524
0.0184091
0.0328575
0.025383
0.025383
0.0328575
0.0486344
0.0406823
0.0486344
0.0406823
0.0637347
0.0564237
0.0756664
0.0702494
0.0564237
0.0637347
0.079736
0.0822565
0.0756664
0.0702494
0.0831132
0.079736
0.0822565
0.0720683
0.0115591
0.073641
0.00573755
0.073641
0.0720683
0.0177185
0.0690021
0.0243081
0.0312842
0.0384982
0.0645957
0.0590655
0.0526764
0.0312842
0.045721
0.0384982
0.0243081
0.045721
0.0177185
0.0526764
0.0115591
0.0590655
0.0645957
0.00573755
0.0690021
3.85558e-33
3.85558e-33
1.91889e-33
0.0055546
0.0055546
1.91889e-33
0.0170063
0.0111438
0.0111438
0.0170063
0.023202
0.0296841
0.023202
0.0296841
0.0362909
0.0428018
0.0428018
0.0362909
0.0544581
0.0489504
0.0590632
0.0625306
0.0489504
0.0544581
0.0646886
0.0654182
0.0625306
0.0590632
0.0646886
0.0107188
0.0576289
0.0562878
0.0162723
0.0536782
0.0499388
0.0220766
0.0452653
0.0398922
0.0280632
0.0340749
0.0280632
0.0340749
0.0220766
0.0162723
0.0398922
0.0107188
0.00536271
0.0452653
0.0499388
0.00536271
0.0536782
0.0562878
0.0576289
3.62236e-33
3.62236e-33
1.7974e-33
0.00516445
0.00516445
1.7974e-33
0.0155229
0.0102757
0.0102757
0.0155229
0.020931
0.0264311
0.020931
0.0264311
0.0318592
0.0370072
0.0318592
0.0370072
0.0416417
0.04553
0.0503025
0.048472
0.04553
0.0416417
0.0503025
0.0509267
0.048472
0.0434653
0.0412545
0.0147582
0.0380958
0.019776
0.0341615
0.0147582
0.0296562
0.0247941
0.0247941
0.019776
0.0296562
0.00982592
0.0049589
0.0341615
0.0380958
0.0049589
0.0412545
0.0446031
0.0434653
0.0446031
0.00982592
3.36822e-33
3.36822e-33
0.00474842
1.66614e-33
0.00474842
1.66614e-33
0.0139843
0.00936215
0.00936215
0.0139843
0.0231608
0.0186117
0.0231608
0.0186117
0.0274752
0.0313679
0.0274752
0.0313679
0.0371304
0.0346466
0.0392094
0.0386836
0.0346466
0.0386836
0.0371304
0.0132016
0.0286395
0.0174469
0.025326
0.0215373
0.0174469
0.0215373
0.0132016
0.025326
0.00889467
0.00453231
0.0286395
0.0313062
0.00453231
0.0331761
0.0331761
0.03414
0.00889467
0.03414
0.0313062
3.09719e-33
3.09719e-33
1.52698e-33
0.00431265
0.00431265
1.52698e-33
0.0124153
0.00841715
0.00841715
0.0124153
0.0199308
0.016283
0.016283
0.0199308
0.0232178
0.0259864
0.0259864
0.0232178
0.0280904
0.0294035
0.0298524
0.0294035
0.0280904
0.0151267
0.0151267
0.0116262
0.0183469
0.00793854
0.00408894
0.0211576
0.0234193
0.00408894
0.0183469
0.0211576
0.0250066
0.0258252
0.0258252
0.00793854
0.0250066
0.0234193
0.0116262
2.81326e-33
2.81326e-33
1.38172e-33
0.00386296
0.00386296
1.38172e-33
0.0108385
0.00745364
0.0108385
0.00745364
0.0167911
0.0139801
0.0167911
0.0139801
0.0209447
0.0191536
0.0191536
0.0209447
0.0220665
0.0224464
0.0220665
0.00696989
0.00363439
0.0152684
0.0172097
0.00363439
0.0185702
0.0100532
0.0192718
0.0192718
0.0152684
0.00696989
0.0185702
0.0172097
0.0100532
0.0128479
0.0128479
2.52021e-33
2.52021e-33
1.23202e-33
0.00340466
0.00340466
1.23202e-33
0.0064832
0.00927347
0.0064832
0.00927347
0.0137821
0.0117324
0.0137821
0.0117324
0.0162986
0.0153325
0.0153325
0.0166288
0.0162986
0.012336
0.0135225
0.00317363
0.00317363
0.0141332
0.0141332
0.00599941
0.0135225
0.012336
0.0106364
0.0085004
0.0085004
0.0106364
0.00599941
2.22152e-33
2.22152e-33
1.07935e-33
0.00294237
1.07935e-33
0.00294237
0.00551553
0.00773607
0.00551553
0.00773607
0.0109315
0.00956225
0.0109315
0.00956225
0.0120721
0.011784
0.011784
0.00271084
0.0101142
0.0101142
0.00957057
0.00503574
0.00851066
0.00698145
0.00698145
0.00503574
0.00271084
0.00851066
0.00957057
1.92017e-33
1.92017e-33
9.24966e-34
0.00247979
0.00247979
9.24966e-34
0.00623751
0.00455808
0.00455808
0.00623751
0.00748349
0.00825236
0.00748349
0.00825236
0.00851388
0.00647967
0.00408512
0.00550499
0.00408512
0.00224927
0.00550499
0.00647967
0.00224927
0.00697695
0.00697695
1.6186e-33
1.6186e-33
7.69822e-34
0.00201967
0.00201967
7.69822e-34
0.0047838
0.00361575
0.00361575
0.0047838
0.00550022
0.00550022
0.00574107
0.00315111
0.00315111
0.0017911
0.00407424
0.00454237
0.0017911
0.00454237
0.00407424
1.31857e-33
1.31857e-33
6.14598e-34
0.00156366
6.14598e-34
0.00156366
0.00269071
0.00337527
0.00269071
0.00337527
0.00360584
0.00268657
0.00133746
0.00268657
0.00223451
0.00133746
0.00223451
1.02118e-33
1.02118e-33
0.00111235
4.59688e-34
0.00111235
4.59688e-34
0.00178234
0.00178234
0.00200631
0.000888422
0.00133336
0.000888422
0.00133336
7.26807e-34
7.26807e-34
3.05239e-34
0.000665352
0.000665352
3.05239e-34
0.000887338
0.000443145
0.000443145
4.35195e-34
4.35195e-34
1.51207e-34
1.51207e-34
0.000221423
5.20767e-37
1.45532e-34
1.45532e-34
